crash_date,crash_time,latitude,longitude,number_of_persons_injured,number_of_persons_killed,severity,severe,lat_bin,lon_bin,accident_density
2023-11-01T00:00:00.000,1:29,40.62179,-73.970024,1,0,1,1,4062,-7397,0.38666666666666666
2021-09-11T00:00:00.000,9:35,40.667202,-73.8665,0,0,0,0,4066,-7386,0.35
2021-12-14T00:00:00.000,8:13,40.683304,-73.917274,0,0,0,0,4068,-7391,0.344
2021-12-14T00:00:00.000,17:05,40.709183,-73.956825,0,0,0,0,4070,-7395,0.3475177304964539
2021-12-14T00:00:00.000,8:17,40.86816,-73.83148,2,0,1,1,4086,-7383,0.3448275862068966
2021-12-14T00:00:00.000,21:10,40.67172,-73.8971,0,0,0,0,4067,-7389,0.33852140077821014
2021-12-14T00:00:00.000,14:58,40.75144,-73.97397,0,0,0,0,4075,-7397,0.375886524822695
2021-12-13T00:00:00.000,0:34,40.701275,-73.88887,0,0,0,0,4070,-7388,0.3448275862068966
2021-12-14T00:00:00.000,16:50,40.675884,-73.75577,0,0,0,0,4067,-7375,0.2608695652173913
2021-12-14T00:00:00.000,0:59,40.59662,-74.00231,0,0,0,0,4059,-7400,0.2962962962962963
2021-12-14T00:00:00.000,23:10,40.66684,-73.78941,2,0,1,1,4066,-7378,0.34615384615384615
2021-12-14T00:00:00.000,17:58,40.68158,-73.97463,0,0,0,0,4068,-7397,0.3412322274881517
2021-12-14T00:00:00.000,20:03,40.65068,-73.95881,4,0,1,1,4065,-7395,0.38686131386861317
2021-12-11T00:00:00.000,19:43,40.87262,-73.904686,1,0,1,1,4087,-7390,0.3184713375796178
2021-12-14T00:00:00.000,14:30,40.783268,-73.82485,0,0,0,0,4078,-7382,0.3
2021-12-11T00:00:00.000,4:45,40.748917,-73.993546,0,0,0,0,4074,-7399,0.3333333333333333
2021-12-14T00:00:00.000,5:46,40.744644,-73.77041,1,0,1,1,4074,-7377,0.36363636363636365
2021-12-13T00:00:00.000,6:30,40.75373,-73.88505,0,0,0,0,4075,-7388,0.3402061855670103
2021-12-14T00:00:00.000,3:43,40.804375,-73.93742,1,0,1,1,4080,-7393,0.36312849162011174
2021-12-13T00:00:00.000,17:40,40.63165,-74.08762,1,0,1,1,4063,-7408,0.2653061224489796
2021-12-14T00:00:00.000,17:31,40.623104,-73.95809,1,0,1,1,4062,-7395,0.4444444444444444
2021-12-14T00:00:00.000,20:13,40.66576,-73.9845,0,0,0,0,4066,-7398,0.421875
2021-12-14T00:00:00.000,12:54,40.687534,-73.9775,1,0,1,1,4068,-7397,0.3412322274881517
2021-12-14T00:00:00.000,17:15,40.710957,-73.951126,1,0,1,1,4071,-7395,0.36585365853658536
2021-12-14T00:00:00.000,22:49,40.81813,-73.910126,0,0,0,0,4081,-7391,0.47244094488188976
2021-12-12T00:00:00.000,9:00,40.70447,-73.90148,0,0,0,0,4070,-7390,0.37894736842105264
2021-12-14T00:00:00.000,16:25,40.784615,-73.953964,1,0,1,1,4078,-7395,0.42168674698795183
2022-09-22T00:00:00.000,16:16,40.698257,-73.82632,1,0,1,1,4069,-7382,0.37209302325581395
2022-07-12T00:00:00.000,17:50,40.663303,-73.96049,0,0,0,0,4066,-7396,0.4074074074074074
2021-07-09T00:00:00.000,0:43,40.720535,-73.88885,0,1,2,1,4072,-7388,0.4
2022-04-24T00:00:00.000,16:45,40.607685,-74.13892,1,0,1,1,4060,-7413,0.41935483870967744
2022-04-24T00:00:00.000,4:49,40.855972,-73.869896,0,0,0,0,4085,-7386,0.33766233766233766
2022-04-22T00:00:00.000,17:17,40.790276,-73.9396,1,0,1,1,4079,-7393,0.36585365853658536
2022-04-24T00:00:00.000,1:30,40.642986,-74.01621,0,0,0,0,4064,-7401,0.4295774647887324
2022-04-24T00:00:00.000,6:00,0.0,0.0,0,0,0,0,0,0,0.40425531914893614
2022-04-24T00:00:00.000,21:40,40.843906,-73.92413,0,0,0,0,4084,-7392,0.3181818181818182
2022-04-24T00:00:00.000,17:45,40.89481,-73.86183,0,0,0,0,4089,-7386,0.28205128205128205
2022-04-15T00:00:00.000,6:11,0.0,0.0,1,0,1,1,0,0,0.40425531914893614
2022-04-24T00:00:00.000,9:51,40.85169,-73.95238,0,0,0,0,4085,-7395,0.0
2022-04-24T00:00:00.000,0:00,40.861862,-73.91275,0,0,0,0,4086,-7391,0.38016528925619836
2022-03-08T00:00:00.000,20:00,40.666256,-73.900215,0,0,0,0,4066,-7390,0.2777777777777778
2022-04-24T00:00:00.000,15:35,40.767242,-73.986206,1,0,1,1,4076,-7398,0.3081761006289308
2022-04-22T00:00:00.000,12:00,40.62417,-73.97048,1,0,1,1,4062,-7397,0.38666666666666666
2022-04-24T00:00:00.000,13:10,40.679955,-73.97491,0,0,0,0,4067,-7397,0.2818181818181818
2022-04-24T00:00:00.000,4:20,40.692356,-73.94282,1,0,1,1,4069,-7394,0.417910447761194
2022-04-20T00:00:00.000,19:37,40.78291,-73.98578,0,0,0,0,4078,-7398,0.42105263157894735
2022-04-24T00:00:00.000,16:14,40.67308,-73.91124,0,0,0,0,4067,-7391,0.36597938144329895
2022-04-12T00:00:00.000,19:56,40.65011,-73.930214,1,0,1,1,4065,-7393,0.44366197183098594
2022-04-24T00:00:00.000,0:30,40.638382,-74.03668,1,0,1,1,4063,-7403,0.42424242424242425
2022-04-24T00:00:00.000,20:13,40.69261,-73.81143,0,0,0,0,4069,-7381,0.3902439024390244
2022-04-24T00:00:00.000,15:21,40.745235,-73.937706,1,0,1,1,4074,-7393,0.3333333333333333
2022-04-24T00:00:00.000,21:00,40.758705,-73.93793,1,0,1,1,4075,-7393,0.43478260869565216
2022-04-24T00:00:00.000,21:40,40.695156,-73.845406,0,0,0,0,4069,-7384,0.26666666666666666
2022-04-07T00:00:00.000,14:14,40.748158,-73.97033,0,0,0,0,4074,-7397,0.4810810810810811
2021-06-29T00:00:00.000,17:35,40.609535,-73.75372,0,0,0,0,4060,-7375,0.17117117117117117
2021-12-09T00:00:00.000,20:20,40.59207,-73.96299,1,0,1,1,4059,-7396,0.38596491228070173
2021-12-09T00:00:00.000,14:50,40.850018,-73.9107,0,0,0,0,4085,-7391,0.373134328358209
2021-12-09T00:00:00.000,2:45,40.653023,-73.73895,1,0,1,1,4065,-7373,0.3
2021-12-06T00:00:00.000,22:16,40.62573,-73.9564,0,0,0,0,4062,-7395,0.4444444444444444
2021-12-04T00:00:00.000,12:00,40.665375,-73.934235,0,0,0,0,4066,-7393,0.38578680203045684
2021-12-08T00:00:00.000,16:20,40.776237,-73.943825,0,0,0,0,4077,-7394,0.28
2021-12-09T00:00:00.000,23:15,40.640835,-73.98967,1,0,1,1,4064,-7398,0.40425531914893614
2021-12-01T00:00:00.000,14:34,40.593636,-73.797264,0,0,0,0,4059,-7379,0.2692307692307692
2021-12-10T00:00:00.000,7:00,40.674263,-73.80453,0,0,0,0,4067,-7380,0.24615384615384617
2021-12-07T00:00:00.000,9:20,40.70476,-73.96491,0,0,0,0,4070,-7396,0.3431372549019608
2021-12-09T00:00:00.000,8:00,40.569626,-74.190735,0,0,0,0,4056,-7419,0.0
2021-12-07T00:00:00.000,17:08,40.698463,-73.960205,0,0,0,0,4069,-7396,0.325
2021-12-05T00:00:00.000,8:20,40.658413,-73.9171,0,0,0,0,4065,-7391,0.425
2021-12-08T00:00:00.000,19:30,40.76175,-73.96899,1,0,1,1,4076,-7396,0.3023255813953488
2021-12-08T00:00:00.000,12:00,40.736614,-73.9951,1,0,1,1,4073,-7399,0.423728813559322
2021-12-08T00:00:00.000,22:37,40.62121,-74.12385,0,0,0,0,4062,-7412,0.21739130434782608
2021-12-08T00:00:00.000,17:56,40.873737,-73.90593,0,0,0,0,4087,-7390,0.3184713375796178
2021-12-07T00:00:00.000,7:50,40.66718,-73.95076,0,0,0,0,4066,-7395,0.44375
2021-12-08T00:00:00.000,0:44,40.754295,-73.93946,0,0,0,0,4075,-7393,0.43478260869565216
2021-12-08T00:00:00.000,15:00,40.588116,-73.97261,0,0,0,0,4058,-7397,0.2727272727272727
2021-12-10T00:00:00.000,11:00,40.854935,-73.85822,0,0,0,0,4085,-7385,0.3125
2021-12-10T00:00:00.000,1:10,40.662575,-73.93448,0,0,0,0,4066,-7393,0.38578680203045684
2021-12-09T00:00:00.000,0:00,40.7448,-73.953415,1,0,1,1,4074,-7395,0.35185185185185186
2021-12-08T00:00:00.000,18:36,40.79672,-73.97618,0,0,0,0,4079,-7397,0.24210526315789474
2021-12-09T00:00:00.000,20:30,40.752777,-73.70743,0,0,0,0,4075,-7370,0.4166666666666667
2021-12-09T00:00:00.000,10:13,40.638523,-73.92607,2,0,1,1,4063,-7392,0.4036697247706422
2022-03-26T00:00:00.000,14:00,40.637833,-74.08193,0,0,0,0,4063,-7408,0.2653061224489796
2022-03-26T00:00:00.000,1:02,40.797836,-73.96946,1,0,1,1,4079,-7396,0.25
2022-03-26T00:00:00.000,16:02,40.734375,-73.87342,1,0,1,1,4073,-7387,0.3140495867768595
2022-03-26T00:00:00.000,16:05,40.699947,-73.736626,1,0,1,1,4069,-7373,0.36585365853658536
2022-03-21T00:00:00.000,12:05,40.75632,-73.999275,1,0,1,1,4075,-7399,0.2830188679245283
2022-03-26T00:00:00.000,5:13,40.69614,-73.81789,0,0,0,0,4069,-7381,0.3902439024390244
2022-03-26T00:00:00.000,17:42,40.631687,-73.9205,0,0,0,0,4063,-7392,0.4036697247706422
2022-03-26T00:00:00.000,12:18,40.88839,-73.84666,2,0,1,1,4088,-7384,0.4153846153846154
2022-03-26T00:00:00.000,20:10,40.844425,-73.8639,0,0,0,0,4084,-7386,0.375
2022-03-26T00:00:00.000,15:45,40.833965,-73.8629,2,0,1,1,4083,-7386,0.24822695035460993
2022-03-26T00:00:00.000,17:55,40.705738,-73.944695,0,0,0,0,4070,-7394,0.3956043956043956
2022-03-26T00:00:00.000,0:50,40.637905,-73.8878,0,0,0,0,4063,-7388,0.3835616438356164
2022-03-26T00:00:00.000,14:05,40.635063,-73.94788,1,0,1,1,4063,-7394,0.358974358974359
2022-03-26T00:00:00.000,9:30,40.804153,-73.91304,0,0,0,0,4080,-7391,0.38961038961038963
2022-03-10T00:00:00.000,8:30,40.676403,-73.96287,4,0,1,1,4067,-7396,0.3466666666666667
2022-03-24T00:00:00.000,23:00,40.829777,-73.85055,1,0,1,1,4082,-7385,0.27
2022-03-26T00:00:00.000,7:36,40.613926,-74.030174,0,0,0,0,4061,-7403,0.2777777777777778
2022-03-26T00:00:00.000,11:50,40.635563,-73.89577,2,0,1,1,4063,-7389,0.41818181818181815
2022-03-26T00:00:00.000,17:42,40.675167,-73.825264,0,0,0,0,4067,-7382,0.4186046511627907
2022-03-26T00:00:00.000,1:45,40.761486,-73.96061,0,0,0,0,4076,-7396,0.3023255813953488
2022-03-26T00:00:00.000,17:00,40.712284,-73.964005,0,0,0,0,4071,-7396,0.3218390804597701
2022-02-25T00:00:00.000,11:48,40.70546,-73.7949,0,0,0,0,4070,-7379,0.3978494623655914
2022-03-26T00:00:00.000,22:51,40.74967,-73.99531,1,0,1,1,4074,-7399,0.3333333333333333
2022-03-26T00:00:00.000,8:21,40.833786,-73.94037,0,0,0,0,4083,-7394,0.38926174496644295
2022-03-17T00:00:00.000,8:00,40.67794,-73.8023,1,0,1,1,4067,-7380,0.24615384615384617
2022-03-26T00:00:00.000,10:30,40.637985,-74.0076,0,0,0,0,4063,-7400,0.3068181818181818
2022-03-26T00:00:00.000,13:48,40.835037,-73.93979,1,0,1,1,4083,-7393,0.3333333333333333
2022-03-25T00:00:00.000,9:56,40.9046,-73.852936,0,0,0,0,4090,-7385,0.42105263157894735
2022-03-26T00:00:00.000,23:45,40.742508,-73.91788,1,0,1,1,4074,-7391,0.38333333333333336
2022-03-26T00:00:00.000,16:00,40.67046,-73.88788,1,0,1,1,4067,-7388,0.30434782608695654
2022-03-26T00:00:00.000,23:17,40.72224,-73.9863,1,0,1,1,4072,-7398,0.4342105263157895
2022-03-23T00:00:00.000,9:00,40.67639,-73.97189,1,0,1,1,4067,-7397,0.2818181818181818
2022-03-26T00:00:00.000,5:00,40.88893,-73.86579,0,0,0,0,4088,-7386,0.23809523809523808
2022-03-25T00:00:00.000,6:15,40.80118,-73.93975,1,0,1,1,4080,-7393,0.36312849162011174
2022-03-26T00:00:00.000,21:50,40.757668,-73.95915,1,0,1,1,4075,-7395,0.38095238095238093
2022-03-26T00:00:00.000,21:25,40.668896,-73.95339,0,0,0,0,4066,-7395,0.44375
2022-03-25T00:00:00.000,18:13,40.63654,-73.97707,2,0,1,1,4063,-7397,0.36893203883495146
2022-03-26T00:00:00.000,20:10,40.831055,-73.905846,1,0,1,1,4083,-7390,0.3064516129032258
2022-03-25T00:00:00.000,12:55,40.85868,-73.89922,0,0,0,0,4085,-7389,0.3353658536585366
2022-03-23T00:00:00.000,11:00,40.62466,-74.17856,0,0,0,0,4062,-7417,0.16666666666666666
2022-03-26T00:00:00.000,3:05,40.63947,-73.902756,1,0,1,1,4063,-7390,0.3561643835616438
2022-03-26T00:00:00.000,4:34,40.86173,-73.91182,1,0,1,1,4086,-7391,0.38016528925619836
2022-03-26T00:00:00.000,19:56,40.69538,-73.985115,0,0,0,0,4069,-7398,0.3229166666666667
2022-03-26T00:00:00.000,12:40,40.63063,-74.00923,0,0,0,0,4063,-7400,0.3068181818181818
2022-03-26T00:00:00.000,1:58,40.82707,-73.87075,0,0,0,0,4082,-7387,0.33544303797468356
2022-03-26T00:00:00.000,19:56,40.60548,-73.93922,0,0,0,0,4060,-7393,0.4117647058823529
2022-03-26T00:00:00.000,0:30,40.692593,-73.91551,0,0,0,0,4069,-7391,0.2709677419354839
2022-03-26T00:00:00.000,20:05,40.680664,-73.902626,0,0,0,0,4068,-7390,0.4421052631578947
2022-03-26T00:00:00.000,17:54,40.645718,-73.95002,4,0,1,1,4064,-7395,0.4796747967479675
2022-03-25T00:00:00.000,17:55,40.68327,-73.95016,0,0,0,0,4068,-7395,0.38571428571428573
2021-12-12T00:00:00.000,9:09,40.84036,-73.91807,0,1,2,1,4084,-7391,0.32558139534883723
2022-03-26T00:00:00.000,16:35,40.577652,-73.96344,0,0,0,0,4057,-7396,0.3191489361702128
2022-03-26T00:00:00.000,19:50,40.730145,-73.99781,1,0,1,1,4073,-7399,0.423728813559322
2022-03-26T00:00:00.000,13:19,40.67478,-73.806206,0,0,0,0,4067,-7380,0.24615384615384617
2022-03-25T00:00:00.000,8:45,40.624622,-73.97598,2,0,1,1,4062,-7397,0.38666666666666666
2022-03-26T00:00:00.000,10:10,40.67271,-73.97089,0,0,0,0,4067,-7397,0.2818181818181818
2022-03-26T00:00:00.000,11:45,40.7314,-73.926094,1,0,1,1,4073,-7392,0.4444444444444444
2022-03-25T00:00:00.000,14:35,40.632786,-74.13712,1,0,1,1,4063,-7413,0.2903225806451613
2022-03-26T00:00:00.000,14:30,40.596733,-74.07045,0,0,0,0,4059,-7407,0.23076923076923078
2022-03-26T00:00:00.000,19:00,40.617645,-73.92092,0,0,0,0,4061,-7392,0.2982456140350877
2022-03-26T00:00:00.000,16:40,40.68651,-73.98378,2,0,1,1,4068,-7398,0.3873239436619718
2022-03-24T00:00:00.000,18:05,40.69831,-73.9498,0,0,0,0,4069,-7394,0.417910447761194
2022-03-26T00:00:00.000,3:35,40.692455,-73.76814,1,0,1,1,4069,-7376,0.3392857142857143
2022-03-20T00:00:00.000,10:34,40.778805,-73.974075,1,0,1,1,4077,-7397,0.38235294117647056
2022-03-26T00:00:00.000,14:54,40.747894,-73.989174,0,0,0,0,4074,-7398,0.40131578947368424
2022-03-25T00:00:00.000,6:35,40.83578,-73.871445,0,0,0,0,4083,-7387,0.38414634146341464
2022-03-25T00:00:00.000,14:00,40.61763,-74.133575,0,0,0,0,4061,-7413,0.23076923076923078
2022-03-21T00:00:00.000,19:13,40.731407,-73.99698,1,0,1,1,4073,-7399,0.423728813559322
2022-03-26T00:00:00.000,5:02,40.60784,-73.961975,0,0,0,0,4060,-7396,0.5714285714285714
2022-03-25T00:00:00.000,9:45,40.752563,-73.74328,0,0,0,0,4075,-7374,0.3333333333333333
2022-03-26T00:00:00.000,22:54,40.67848,-73.98232,0,0,0,0,4067,-7398,0.3655913978494624
2022-03-26T00:00:00.000,21:00,40.629475,-74.004166,0,0,0,0,4062,-7400,0.3150684931506849
2022-03-26T00:00:00.000,17:29,40.668797,-73.93113,1,0,1,1,4066,-7393,0.38578680203045684
2022-03-26T00:00:00.000,2:10,40.754707,-73.99164,1,0,1,1,4075,-7399,0.2830188679245283
2022-03-25T00:00:00.000,0:00,40.85713,-73.8808,0,0,0,0,4085,-7388,0.3
2022-03-26T00:00:00.000,4:00,40.857418,-73.89996,0,0,0,0,4085,-7389,0.3353658536585366
2022-03-26T00:00:00.000,4:34,40.702972,-73.888054,0,0,0,0,4070,-7388,0.3448275862068966
2022-03-09T00:00:00.000,11:56,40.786366,-73.97598,1,0,1,1,4078,-7397,0.3434343434343434
2022-03-26T00:00:00.000,14:41,40.624474,-74.00668,0,0,0,0,4062,-7400,0.3150684931506849
2022-03-26T00:00:00.000,18:00,40.76532,-73.771904,0,0,0,0,4076,-7377,0.20588235294117646
2022-03-26T00:00:00.000,13:30,40.597683,-73.96686,0,0,0,0,4059,-7396,0.38596491228070173
2022-03-26T00:00:00.000,13:20,40.609768,-74.06969,1,0,1,1,4060,-7406,0.3076923076923077
2022-03-25T00:00:00.000,21:35,40.798286,-73.938705,0,0,0,0,4079,-7393,0.36585365853658536
2022-03-23T00:00:00.000,21:00,40.776764,-73.848015,0,0,0,0,4077,-7384,0.125
2022-03-26T00:00:00.000,12:00,40.747498,-73.91309,0,0,0,0,4074,-7391,0.38333333333333336
2022-03-26T00:00:00.000,13:28,40.701637,-73.942276,1,0,1,1,4070,-7394,0.3956043956043956
2022-03-26T00:00:00.000,19:12,40.69349,-73.826546,0,0,0,0,4069,-7382,0.37209302325581395
2022-03-26T00:00:00.000,21:29,40.726463,-73.85943,1,0,1,1,4072,-7385,0.4418604651162791
2022-03-25T00:00:00.000,13:21,40.856434,-73.886826,1,0,1,1,4085,-7388,0.3
2022-03-22T00:00:00.000,8:20,40.87151,-73.87057,1,0,1,1,4087,-7387,0.297029702970297
2022-03-26T00:00:00.000,22:30,40.68686,-73.96758,0,0,0,0,4068,-7396,0.42567567567567566
2022-03-26T00:00:00.000,11:20,40.624763,-73.96518,1,0,1,1,4062,-7396,0.375
2022-03-26T00:00:00.000,18:17,40.678417,-73.729225,0,0,0,0,4067,-7372,0.3888888888888889
2022-03-14T00:00:00.000,10:30,40.692596,-73.79078,0,0,0,0,4069,-7379,0.25925925925925924
2022-03-26T00:00:00.000,1:30,40.734486,-73.891754,0,0,0,0,4073,-7389,0.2857142857142857
2022-03-26T00:00:00.000,3:23,40.88399,-73.82641,1,0,1,1,4088,-7382,0.2765957446808511
2022-03-26T00:00:00.000,1:45,40.683872,-73.95998,0,0,0,0,4068,-7395,0.38571428571428573
2022-03-05T00:00:00.000,14:52,40.799484,-73.92929,0,0,0,0,4079,-7392,0.4
2022-03-26T00:00:00.000,20:27,40.70839,-74.00482,0,0,0,0,4070,-7400,0.2542372881355932
2022-03-26T00:00:00.000,18:19,40.766502,-73.99418,0,0,0,0,4076,-7399,0.3275862068965517
2022-03-26T00:00:00.000,23:00,40.676304,-73.816284,0,0,0,0,4067,-7381,0.4230769230769231
2022-03-26T00:00:00.000,18:00,40.66447,-73.89593,0,0,0,0,4066,-7389,0.3103448275862069
2022-03-23T00:00:00.000,20:40,40.709835,-74.014885,0,0,0,0,4070,-7401,0.140625
2022-04-24T00:00:00.000,11:45,40.585342,-73.94157,0,0,0,0,4058,-7394,0.40816326530612246
2021-09-11T00:00:00.000,12:01,40.746395,-73.9856,0,0,0,0,4074,-7398,0.40131578947368424
2021-09-10T00:00:00.000,11:00,40.617004,-73.96912,0,0,0,0,4061,-7396,0.30666666666666664
2021-09-11T00:00:00.000,20:15,40.718662,-74.00615,0,0,0,0,4071,-7400,0.25517241379310346
2021-09-09T00:00:00.000,8:15,40.680664,-73.97028,0,0,0,0,4068,-7397,0.3412322274881517
2021-12-10T00:00:00.000,23:07,40.67392,-73.91012,0,0,0,0,4067,-7391,0.36597938144329895
2021-12-10T00:00:00.000,21:50,40.806835,-73.924355,0,0,0,0,4080,-7392,0.3141025641025641
2021-11-27T00:00:00.000,5:40,40.627735,-73.920105,0,0,0,0,4062,-7392,0.3611111111111111
2021-12-09T00:00:00.000,5:15,0.0,0.0,1,0,1,1,0,0,0.40425531914893614
2021-12-08T00:00:00.000,12:58,40.661263,-73.955765,0,0,0,0,4066,-7395,0.44375
2021-12-08T00:00:00.000,17:50,40.844883,-73.907295,0,0,0,0,4084,-7390,0.366120218579235
2021-12-10T00:00:00.000,4:30,40.76104,-73.88162,0,0,0,0,4076,-7388,0.43283582089552236
2021-12-10T00:00:00.000,21:22,40.669777,-73.9583,1,0,1,1,4066,-7395,0.44375
2021-12-10T00:00:00.000,8:30,40.839443,-73.90436,0,0,0,0,4083,-7390,0.3064516129032258
2021-12-10T00:00:00.000,12:15,40.75245,-73.94507,0,0,0,0,4075,-7394,0.41333333333333333
2021-12-08T00:00:00.000,14:38,40.687748,-73.980125,0,0,0,0,4068,-7398,0.3873239436619718
2021-12-03T00:00:00.000,13:40,40.87356,-73.81853,0,0,0,0,4087,-7381,0.5
2021-12-10T00:00:00.000,8:50,40.8176,-73.90373,1,0,1,1,4081,-7390,0.3888888888888889
2021-12-09T00:00:00.000,19:45,40.638428,-73.91275,0,0,0,0,4063,-7391,0.5
2021-12-10T00:00:00.000,16:07,40.813885,-73.95211,0,0,0,0,4081,-7395,0.3509933774834437
2021-12-10T00:00:00.000,21:20,40.77733,-73.95456,0,0,0,0,4077,-7395,0.3384615384615385
2021-12-10T00:00:00.000,23:16,40.713135,-74.00407,0,0,0,0,4071,-7400,0.25517241379310346
2021-12-09T00:00:00.000,17:21,40.775486,-73.98217,2,0,1,1,4077,-7398,0.38028169014084506
2021-12-09T00:00:00.000,7:30,40.591137,-73.97752,0,0,0,0,4059,-7397,0.3191489361702128
2021-11-24T00:00:00.000,23:58,40.865536,-73.92728,1,0,1,1,4086,-7392,0.359375
2021-12-09T00:00:00.000,17:00,40.76551,-73.97795,1,0,1,1,4076,-7397,0.37
2021-12-08T00:00:00.000,8:15,40.63311,-73.97217,0,0,0,0,4063,-7397,0.36893203883495146
2021-09-11T00:00:00.000,2:20,40.823772,-73.87245,1,0,1,1,4082,-7387,0.33544303797468356
2021-07-09T00:00:00.000,12:00,40.84497,-73.90247,0,0,0,0,4084,-7390,0.366120218579235
2021-09-10T00:00:00.000,14:50,40.675507,-74.00075,0,0,0,0,4067,-7400,0.20967741935483872
2021-07-01T00:00:00.000,17:45,40.609535,-73.75372,0,0,0,0,4060,-7375,0.17117117117117117
2021-07-07T00:00:00.000,13:45,40.730446,-74.00431,0,0,0,0,4073,-7400,0.2403846153846154
2021-09-11T00:00:00.000,12:00,40.721645,-73.8026,0,0,0,0,4072,-7380,0.2727272727272727
2021-07-07T00:00:00.000,17:30,40.853477,-73.82622,0,0,0,0,4085,-7382,0.45714285714285713
2021-09-11T00:00:00.000,2:55,40.66901,-73.80265,0,0,0,0,4066,-7380,0.40789473684210525
2021-09-11T00:00:00.000,17:15,40.629475,-74.1123,1,0,1,1,4062,-7411,0.5238095238095238
2021-09-03T00:00:00.000,17:14,40.6843,-73.99724,0,0,0,0,4068,-7399,0.17857142857142858
2021-07-08T00:00:00.000,12:30,40.767612,-73.950005,0,0,0,0,4076,-7395,0.3696969696969697
2021-08-23T00:00:00.000,11:50,40.80066,-73.9544,1,0,1,1,4080,-7395,0.381294964028777
2021-09-11T00:00:00.000,21:34,40.87645,-73.848175,0,0,0,0,4087,-7384,0.47297297297297297
2021-09-11T00:00:00.000,11:30,40.737865,-73.876144,0,0,0,0,4073,-7387,0.3140495867768595
2021-09-06T00:00:00.000,10:34,40.764103,-73.93277,1,0,1,1,4076,-7393,0.44680851063829785
2021-07-08T00:00:00.000,15:56,40.66735,-73.76994,1,0,1,1,4066,-7376,0.30434782608695654
2021-07-07T00:00:00.000,23:06,40.824265,-73.95642,0,0,0,0,4082,-7395,0.4117647058823529
2021-09-11T00:00:00.000,6:51,40.702045,-73.9156,0,0,0,0,4070,-7391,0.27450980392156865
2021-09-07T00:00:00.000,12:30,40.85306,-73.931,1,0,1,1,4085,-7393,0.36585365853658536
2021-09-11T00:00:00.000,4:10,0.0,0.0,0,0,0,0,0,0,0.40425531914893614
2021-07-08T00:00:00.000,9:25,40.697315,-73.932274,0,0,0,0,4069,-7393,0.3141025641025641
2021-09-11T00:00:00.000,6:40,40.679344,-73.859535,0,0,0,0,4067,-7385,0.26666666666666666
2021-09-11T00:00:00.000,17:35,40.708923,-73.81877,0,0,0,0,4070,-7381,0.3194444444444444
2021-07-08T00:00:00.000,17:17,40.60203,-74.09572,1,0,1,1,4060,-7409,0.36363636363636365
2021-09-10T00:00:00.000,3:00,40.693787,-73.81173,1,0,1,1,4069,-7381,0.3902439024390244
2021-09-11T00:00:00.000,5:59,40.826767,-73.888855,0,0,0,0,4082,-7388,0.27624309392265195
2021-09-09T00:00:00.000,11:39,40.56692,-74.116234,1,0,1,1,4056,-7411,0.3448275862068966
2021-09-11T00:00:00.000,17:40,40.623913,-74.00726,0,0,0,0,4062,-7400,0.3150684931506849
2021-09-11T00:00:00.000,22:15,40.592422,-73.99508,0,0,0,0,4059,-7399,0.3076923076923077
2021-09-11T00:00:00.000,7:15,40.6783,-73.88988,0,0,0,0,4067,-7388,0.30434782608695654
2021-09-10T00:00:00.000,17:00,40.748962,-73.89176,0,0,0,0,4074,-7389,0.3203125
2021-07-08T00:00:00.000,11:33,40.631508,-73.90506,0,0,0,0,4063,-7390,0.3561643835616438
2021-09-11T00:00:00.000,21:48,40.677322,-73.790955,0,0,0,0,4067,-7379,0.4264705882352941
2022-03-26T00:00:00.000,10:30,40.57666,-73.965836,0,0,0,0,4057,-7396,0.3191489361702128
2021-09-11T00:00:00.000,19:00,40.804585,-73.94782,1,0,1,1,4080,-7394,0.41116751269035534
2021-09-11T00:00:00.000,22:23,40.832916,-73.92939,0,0,0,0,4083,-7392,0.310126582278481
2021-09-11T00:00:00.000,15:00,40.722515,-73.73332,1,0,1,1,4072,-7373,0.4642857142857143
2021-09-10T00:00:00.000,10:20,40.692127,-73.83484,2,0,1,1,4069,-7383,0.35555555555555557
2021-09-11T00:00:00.000,0:00,40.807537,-73.8798,0,0,0,0,4080,-7387,0.0
2021-07-06T00:00:00.000,15:01,40.878128,-73.86944,0,0,0,0,4087,-7386,0.3142857142857143
2021-07-09T00:00:00.000,4:00,40.75777,-73.854164,0,0,0,0,4075,-7385,0.3048780487804878
2021-09-10T00:00:00.000,8:45,40.6569,-73.907486,0,0,0,0,4065,-7390,0.375
2021-09-11T00:00:00.000,11:51,40.845024,-73.92632,1,0,1,1,4084,-7392,0.3181818181818182
2021-09-11T00:00:00.000,18:50,40.817795,-73.89319,1,0,1,1,4081,-7389,0.31543624161073824
2021-07-02T00:00:00.000,7:10,40.81915,-73.93062,1,0,1,1,4081,-7393,0.32432432432432434
2021-09-06T00:00:00.000,13:26,40.591778,-74.12734,0,0,0,0,4059,-7412,0.0
2021-09-11T00:00:00.000,5:30,40.753994,-73.94244,1,0,1,1,4075,-7394,0.41333333333333333
2021-09-11T00:00:00.000,12:55,40.724846,-73.999,1,0,1,1,4072,-7399,0.3829787234042553
2021-07-09T00:00:00.000,12:30,40.822933,-73.93813,0,0,0,0,4082,-7393,0.36645962732919257
2021-09-11T00:00:00.000,13:00,40.680477,-73.951164,1,0,1,1,4068,-7395,0.38571428571428573
2021-09-11T00:00:00.000,15:00,40.648243,-73.929,0,0,0,0,4064,-7392,0.4077669902912621
2021-07-08T00:00:00.000,15:30,40.64366,-73.90067,1,0,1,1,4064,-7390,0.4017094017094017
2021-07-09T00:00:00.000,11:15,40.6843,-73.94121,0,0,0,0,4068,-7394,0.4409448818897638
2021-09-02T00:00:00.000,10:45,40.602425,-74.091354,1,0,1,1,4060,-7409,0.36363636363636365
2021-09-07T00:00:00.000,17:35,40.662037,-73.95077,1,0,1,1,4066,-7395,0.44375
2021-09-11T00:00:00.000,19:08,40.68164,-73.98568,0,0,0,0,4068,-7398,0.3873239436619718
2021-09-11T00:00:00.000,10:25,40.781315,-73.94614,0,0,0,0,4078,-7394,0.33513513513513515
2021-09-11T00:00:00.000,14:00,40.74498,-73.89325,0,0,0,0,4074,-7389,0.3203125
2021-08-29T00:00:00.000,0:12,40.6117,-74.13918,1,0,1,1,4061,-7413,0.23076923076923078
2021-09-11T00:00:00.000,23:48,40.616295,-73.92991,0,0,0,0,4061,-7392,0.2982456140350877
2021-09-11T00:00:00.000,1:45,40.78322,-73.84586,0,0,0,0,4078,-7384,0.23809523809523808
2021-07-08T00:00:00.000,17:13,40.87122,-73.83709,0,0,0,0,4087,-7383,0.3333333333333333
2021-09-09T00:00:00.000,11:39,40.680077,-73.852684,0,0,0,0,4068,-7385,0.43103448275862066
2021-07-06T00:00:00.000,19:00,40.843384,-73.88987,0,0,0,0,4084,-7388,0.390625
2021-09-11T00:00:00.000,17:19,40.680023,-73.794624,0,0,0,0,4068,-7379,0.35
2021-07-06T00:00:00.000,18:00,40.72937,-73.955444,0,0,0,0,4072,-7395,0.22093023255813954
2021-07-05T00:00:00.000,17:20,40.683754,-73.88565,0,0,0,0,4068,-7388,0.36538461538461536
2021-09-11T00:00:00.000,9:10,40.70413,-73.76984,0,0,0,0,4070,-7376,0.43902439024390244
2021-09-11T00:00:00.000,21:45,40.609985,-73.96239,0,0,0,0,4060,-7396,0.5714285714285714
2021-07-09T00:00:00.000,6:51,40.673676,-73.86576,1,0,1,1,4067,-7386,0.3431372549019608
2021-09-11T00:00:00.000,21:00,40.751442,-73.97606,1,0,1,1,4075,-7397,0.375886524822695
2021-07-08T00:00:00.000,14:30,40.86514,-73.801544,1,0,1,1,4086,-7380,0.3333333333333333
2021-09-11T00:00:00.000,18:38,40.72218,-73.84406,0,0,0,0,4072,-7384,0.2711864406779661
2021-09-11T00:00:00.000,15:28,40.797924,-73.9296,0,0,0,0,4079,-7392,0.4
2021-09-05T00:00:00.000,16:40,40.626373,-73.99754,0,0,0,0,4062,-7399,0.3835616438356164
2021-09-11T00:00:00.000,5:26,40.883133,-73.882095,1,0,1,1,4088,-7388,0.42857142857142855
2021-09-11T00:00:00.000,12:30,40.90222,-73.85589,0,0,0,0,4090,-7385,0.42105263157894735
2021-09-10T00:00:00.000,12:10,40.72717,-73.78739,0,0,0,0,4072,-7378,0.4
2021-06-26T00:00:00.000,10:30,40.600792,-73.76711,0,0,0,0,4060,-7376,0.19230769230769232
2021-07-01T00:00:00.000,21:00,40.84434,-73.91475,0,0,0,0,4084,-7391,0.32558139534883723
2021-04-16T00:00:00.000,17:55,40.67922,-73.90405,0,0,0,0,4067,-7390,0.3282442748091603
2021-09-11T00:00:00.000,13:10,40.802982,-73.93815,0,0,0,0,4080,-7393,0.36312849162011174
2021-07-04T00:00:00.000,0:58,40.731544,-73.955315,1,0,1,1,4073,-7395,0.30434782608695654
2021-09-11T00:00:00.000,2:38,40.683323,-73.80648,1,0,1,1,4068,-7380,0.3829787234042553
2021-07-04T00:00:00.000,21:00,40.732006,-73.95795,1,0,1,1,4073,-7395,0.30434782608695654
2021-09-11T00:00:00.000,18:00,40.6544,-73.92044,1,0,1,1,4065,-7392,0.35555555555555557
2021-07-02T00:00:00.000,16:45,40.589592,-73.786385,0,0,0,0,4058,-7378,0.0
2021-09-11T00:00:00.000,15:10,40.736164,-73.97891,0,0,0,0,4073,-7397,0.32558139534883723
2021-07-03T00:00:00.000,10:18,40.59723,-73.76237,1,0,1,1,4059,-7376,0.23809523809523808
2021-09-11T00:00:00.000,14:40,40.67393,-73.999954,2,0,1,1,4067,-7399,0.3258426966292135
2021-09-11T00:00:00.000,2:00,40.840153,-73.88572,0,0,0,0,4084,-7388,0.390625
2021-09-11T00:00:00.000,23:00,40.599503,-74.067116,0,0,0,0,4059,-7406,0.29411764705882354
2021-07-04T00:00:00.000,8:00,40.822456,-73.868065,0,0,0,0,4082,-7386,0.3493975903614458
2021-09-11T00:00:00.000,15:30,40.59841,-73.97592,0,0,0,0,4059,-7397,0.3191489361702128
2021-09-11T00:00:00.000,14:30,40.697083,-73.85476,0,0,0,0,4069,-7385,0.34
2021-07-08T00:00:00.000,6:00,40.896385,-73.87246,0,0,0,0,4089,-7387,0.2
2021-08-11T00:00:00.000,0:01,40.695637,-73.80372,0,0,0,0,4069,-7380,0.38461538461538464
2021-09-11T00:00:00.000,9:30,40.69982,-73.996254,0,0,0,0,4069,-7399,0.29473684210526313
2021-09-11T00:00:00.000,16:40,40.590313,-74.09794,0,0,0,0,4059,-7409,0.42857142857142855
2021-09-11T00:00:00.000,18:05,40.787544,-73.82394,0,0,0,0,4078,-7382,0.3
2021-09-11T00:00:00.000,2:00,40.67539,-73.88113,0,0,0,0,4067,-7388,0.30434782608695654
2021-09-07T00:00:00.000,8:03,40.634007,-74.07516,1,0,1,1,4063,-7407,0.4444444444444444
2021-09-11T00:00:00.000,13:53,40.73844,-73.88628,0,0,0,0,4073,-7388,0.2777777777777778
2021-07-08T00:00:00.000,11:50,40.60855,-74.13216,2,0,1,1,4060,-7413,0.41935483870967744
2021-09-11T00:00:00.000,14:00,40.58573,-74.16865,0,0,0,0,4058,-7416,0.3
2021-09-11T00:00:00.000,7:09,40.599907,-73.94664,1,0,1,1,4059,-7394,0.275
2021-07-08T00:00:00.000,15:40,40.806713,-73.93782,0,0,0,0,4080,-7393,0.36312849162011174
2021-09-07T00:00:00.000,3:00,40.748318,-73.87742,1,0,1,1,4074,-7387,0.25663716814159293
2021-07-05T00:00:00.000,6:00,40.68651,-73.76815,0,0,0,0,4068,-7376,0.35714285714285715
2021-09-10T00:00:00.000,19:15,40.624203,-74.177124,0,0,0,0,4062,-7417,0.16666666666666666
2021-07-06T00:00:00.000,9:37,40.744526,-73.77161,2,0,1,1,4074,-7377,0.36363636363636365
2021-07-01T00:00:00.000,15:30,40.576965,-74.16974,0,0,0,0,4057,-7416,0.36363636363636365
2021-07-07T00:00:00.000,18:04,40.8502,-73.8302,1,0,1,1,4085,-7383,0.25
2021-09-08T00:00:00.000,17:40,40.715477,-73.998085,0,0,0,0,4071,-7399,0.3263157894736842
2021-09-11T00:00:00.000,7:33,40.611477,-73.94883,1,0,1,1,4061,-7394,0.48484848484848486
2021-07-08T00:00:00.000,11:50,40.681515,-73.90412,1,0,1,1,4068,-7390,0.4421052631578947
2021-09-11T00:00:00.000,8:00,40.61578,-73.99995,0,0,0,0,4061,-7399,0.29411764705882354
2021-09-08T00:00:00.000,8:43,40.82207,-73.94993,1,0,1,1,4082,-7394,0.3812154696132597
2021-09-11T00:00:00.000,23:00,40.74606,-73.85583,0,0,0,0,4074,-7385,0.35526315789473684
2021-09-09T00:00:00.000,12:00,40.72013,-73.79038,1,0,1,1,4072,-7379,0.3333333333333333
2021-07-07T00:00:00.000,17:13,40.688435,-73.78765,1,0,1,1,4068,-7378,0.3384615384615385
2021-09-11T00:00:00.000,18:03,40.84964,-73.89661,2,0,1,1,4084,-7389,0.33766233766233766
2021-09-09T00:00:00.000,17:00,40.68329,-73.85491,0,0,0,0,4068,-7385,0.43103448275862066
2021-09-08T00:00:00.000,18:13,40.812912,-73.95364,0,0,0,0,4081,-7395,0.3509933774834437
2021-09-11T00:00:00.000,20:50,40.6639,-73.7804,0,0,0,0,4066,-7378,0.34615384615384615
2021-07-05T00:00:00.000,0:16,40.59312,-73.772705,0,0,0,0,4059,-7377,0.2692307692307692
2021-06-29T00:00:00.000,16:26,40.596687,-73.74422,0,0,0,0,4059,-7374,0.18181818181818182
2021-07-08T00:00:00.000,8:50,40.673107,-73.99959,0,0,0,0,4067,-7399,0.3258426966292135
2021-07-09T00:00:00.000,10:38,40.63874,-73.8952,1,0,1,1,4063,-7389,0.41818181818181815
2021-09-11T00:00:00.000,17:45,40.675255,-73.73207,0,0,0,0,4067,-7373,0.46835443037974683
2021-09-11T00:00:00.000,1:30,40.846313,-73.92385,0,0,0,0,4084,-7392,0.3181818181818182
2021-09-11T00:00:00.000,2:00,40.608364,-73.95727,1,0,1,1,4060,-7395,0.4791666666666667
2021-07-08T00:00:00.000,23:25,40.682724,-73.88539,0,0,0,0,4068,-7388,0.36538461538461536
2021-09-11T00:00:00.000,1:20,40.80789,-73.852844,0,0,0,0,4080,-7385,0.125
2021-09-10T00:00:00.000,0:00,40.607754,-74.13205,1,0,1,1,4060,-7413,0.41935483870967744
2021-09-10T00:00:00.000,11:17,40.708324,-73.84314,1,0,1,1,4070,-7384,0.43333333333333335
2021-09-10T00:00:00.000,17:08,40.79194,-73.95281,1,0,1,1,4079,-7395,0.42
2021-07-08T00:00:00.000,17:55,40.718792,-73.98902,1,0,1,1,4071,-7398,0.39568345323741005
2021-09-11T00:00:00.000,13:35,40.86463,-73.892136,0,0,0,0,4086,-7389,0.40606060606060607
2021-09-11T00:00:00.000,0:50,40.67856,-73.889015,0,0,0,0,4067,-7388,0.30434782608695654
2021-09-11T00:00:00.000,3:00,40.721474,-73.98383,0,0,0,0,4072,-7398,0.4342105263157895
2021-09-11T00:00:00.000,4:41,40.79184,-73.93556,0,0,0,0,4079,-7393,0.36585365853658536
2021-09-11T00:00:00.000,21:05,40.78076,-73.825424,0,0,0,0,4078,-7382,0.3
2021-09-11T00:00:00.000,20:59,40.7359,-73.91338,0,0,0,0,4073,-7391,0.33962264150943394
2021-09-10T00:00:00.000,21:03,40.710697,-73.984634,1,0,1,1,4071,-7398,0.39568345323741005
2021-09-10T00:00:00.000,14:35,40.760777,-73.95702,1,0,1,1,4076,-7395,0.3696969696969697
2021-06-26T00:00:00.000,17:23,40.81358,-73.89385,0,0,0,0,4081,-7389,0.31543624161073824
2021-09-11T00:00:00.000,23:18,40.575302,-73.98453,1,0,1,1,4057,-7398,0.36904761904761907
2021-09-10T00:00:00.000,13:10,40.66843,-73.91919,0,0,0,0,4066,-7391,0.3630952380952381
2021-09-11T00:00:00.000,15:45,40.81701,-73.9595,0,0,0,0,4081,-7395,0.3509933774834437
2021-07-08T00:00:00.000,16:00,40.85755,-73.882835,0,0,0,0,4085,-7388,0.3
2021-09-02T00:00:00.000,19:56,40.89711,-73.88008,0,0,0,0,4089,-7388,0.5
2021-09-11T00:00:00.000,15:45,40.685795,-73.911644,0,0,0,0,4068,-7391,0.344
2021-09-07T00:00:00.000,22:30,40.69305,-73.799446,0,0,0,0,4069,-7379,0.25925925925925924
2021-06-25T00:00:00.000,14:35,40.609535,-73.75372,0,0,0,0,4060,-7375,0.17117117117117117
2021-07-08T00:00:00.000,18:40,40.720627,-74.00522,0,0,0,0,4072,-7400,0.32926829268292684
2021-07-04T00:00:00.000,4:00,40.763496,-73.87814,1,0,1,1,4076,-7387,0.48214285714285715
2021-07-08T00:00:00.000,21:19,40.686646,-73.849075,1,0,1,1,4068,-7384,0.3333333333333333
2021-09-11T00:00:00.000,15:01,40.579445,-73.9544,0,0,0,0,4057,-7395,0.47368421052631576
2021-09-10T00:00:00.000,19:00,40.762966,-73.973976,0,0,0,0,4076,-7397,0.37
2021-09-11T00:00:00.000,0:20,40.76555,-73.83911,3,0,1,1,4076,-7383,0.33695652173913043
2021-09-10T00:00:00.000,10:55,40.779602,-73.95553,0,0,0,0,4077,-7395,0.3384615384615385
2021-09-11T00:00:00.000,1:39,40.553192,-74.164345,0,0,0,0,4055,-7416,0.5416666666666666
2021-09-11T00:00:00.000,18:16,40.836094,-73.883995,0,0,0,0,4083,-7388,0.26717557251908397
2021-07-08T00:00:00.000,12:58,40.59692,-73.94122,0,0,0,0,4059,-7394,0.275
2021-09-11T00:00:00.000,22:30,40.62318,-73.98611,0,0,0,0,4062,-7398,0.38
2021-09-11T00:00:00.000,18:55,40.67562,-73.88826,0,0,0,0,4067,-7388,0.30434782608695654
2021-09-07T00:00:00.000,12:42,40.80609,-73.95414,0,0,0,0,4080,-7395,0.381294964028777
2021-09-10T00:00:00.000,17:39,40.87739,-73.8665,1,0,1,1,4087,-7386,0.3142857142857143
2021-09-11T00:00:00.000,19:20,40.689133,-73.951324,0,0,0,0,4068,-7395,0.38571428571428573
2021-06-30T00:00:00.000,19:20,40.83604,-73.92222,0,0,0,0,4083,-7392,0.310126582278481
2021-09-10T00:00:00.000,20:19,40.76649,-73.95696,0,0,0,0,4076,-7395,0.3696969696969697
2021-07-08T00:00:00.000,13:26,40.731613,-73.9545,1,0,1,1,4073,-7395,0.30434782608695654
2021-09-11T00:00:00.000,8:45,40.708324,-74.00311,0,0,0,0,4070,-7400,0.2542372881355932
2021-09-11T00:00:00.000,19:00,40.65375,-73.931274,0,0,0,0,4065,-7393,0.44366197183098594
2021-07-01T00:00:00.000,8:10,40.60675,-73.756645,0,0,0,0,4060,-7375,0.17117117117117117
2022-03-25T00:00:00.000,9:55,40.743534,-73.93951,0,0,0,0,4074,-7393,0.3333333333333333
2021-09-01T00:00:00.000,19:30,40.678364,-73.77949,1,0,1,1,4067,-7377,0.32608695652173914
2021-09-10T00:00:00.000,15:20,40.724274,-74.01136,1,0,1,1,4072,-7401,0.4
2021-09-11T00:00:00.000,14:34,40.8188,-73.956024,0,0,0,0,4081,-7395,0.3509933774834437
2021-09-10T00:00:00.000,9:00,40.69558,-73.788704,0,0,0,0,4069,-7378,0.29310344827586204
2021-09-11T00:00:00.000,3:25,40.80484,-73.912796,0,0,0,0,4080,-7391,0.38961038961038963
2021-09-11T00:00:00.000,1:00,40.658466,-73.96049,0,0,0,0,4065,-7396,0.3939393939393939
2021-09-11T00:00:00.000,11:25,40.868164,-73.90054,1,0,1,1,4086,-7390,0.42748091603053434
2021-09-11T00:00:00.000,21:30,40.66169,-73.96143,2,0,1,1,4066,-7396,0.4074074074074074
2021-07-09T00:00:00.000,12:30,40.87037,-73.87052,1,0,1,1,4087,-7387,0.297029702970297
2021-09-05T00:00:00.000,21:18,40.69674,-73.76292,5,0,1,1,4069,-7376,0.3392857142857143
2021-09-11T00:00:00.000,3:00,40.65958,-73.89247,0,0,0,0,4065,-7389,0.34965034965034963
2021-09-11T00:00:00.000,11:30,40.83232,-73.87395,3,0,1,1,4083,-7387,0.38414634146341464
2021-09-11T00:00:00.000,21:35,40.708534,-73.914925,0,0,0,0,4070,-7391,0.27450980392156865
2021-07-08T00:00:00.000,16:04,40.777496,-73.90784,0,0,0,0,4077,-7390,0.3404255319148936
2021-07-02T00:00:00.000,14:00,40.83406,-73.944885,1,0,1,1,4083,-7394,0.38926174496644295
2021-09-11T00:00:00.000,23:20,40.66615,-73.80575,1,0,1,1,4066,-7380,0.40789473684210525
2021-07-08T00:00:00.000,15:15,40.82324,-73.938835,0,0,0,0,4082,-7393,0.36645962732919257
2021-07-09T00:00:00.000,12:22,40.6974,-73.80952,0,0,0,0,4069,-7380,0.38461538461538464
2021-07-09T00:00:00.000,3:25,40.67897,-73.75985,0,0,0,0,4067,-7375,0.2608695652173913
2021-09-11T00:00:00.000,2:05,40.590313,-74.09794,0,0,0,0,4059,-7409,0.42857142857142855
2021-07-09T00:00:00.000,0:00,40.654343,-73.864204,0,0,0,0,4065,-7386,0.36619718309859156
2021-09-11T00:00:00.000,15:30,40.62782,-74.12126,0,0,0,0,4062,-7412,0.21739130434782608
2021-09-10T00:00:00.000,21:27,40.592037,-74.15436,2,0,1,1,4059,-7415,0.5
2021-09-08T00:00:00.000,10:10,40.79293,-73.950005,1,0,1,1,4079,-7395,0.42
2021-09-11T00:00:00.000,10:00,40.8452,-73.916885,1,0,1,1,4084,-7391,0.32558139534883723
2021-09-11T00:00:00.000,7:58,40.72609,-73.830154,0,0,0,0,4072,-7383,0.4909090909090909
2021-09-11T00:00:00.000,16:25,40.76092,-73.96704,0,0,0,0,4076,-7396,0.3023255813953488
2019-05-21T00:00:00.000,22:50,40.69754,-73.98312,0,0,0,0,4069,-7398,0.3229166666666667
2021-02-26T00:00:00.000,14:50,40.843464,-73.836,0,0,0,0,4084,-7383,0.4318181818181818
2021-03-09T00:00:00.000,11:00,40.692547,-73.990974,1,0,1,1,4069,-7399,0.29473684210526313
2021-03-31T00:00:00.000,22:20,40.626457,-73.918,1,0,1,1,4062,-7391,0.3333333333333333
2021-04-06T00:00:00.000,22:58,40.526894,-74.16728,7,0,1,1,4052,-7416,0.6666666666666666
2021-04-09T00:00:00.000,14:45,40.840775,-73.87246,1,0,1,1,4084,-7387,0.48333333333333334
2021-04-14T00:00:00.000,11:00,40.694035,-73.72679,1,0,1,1,4069,-7372,0.40425531914893614
2021-04-15T00:00:00.000,13:30,40.857365,-73.84657,0,0,0,0,4085,-7384,0.32432432432432434
2021-04-14T00:00:00.000,14:40,40.698807,-73.91837,0,0,0,0,4069,-7391,0.2709677419354839
2021-04-14T00:00:00.000,21:43,40.71402,-73.74827,0,0,0,0,4071,-7374,0.23404255319148937
2021-04-16T00:00:00.000,17:40,40.815,-73.89402,0,0,0,0,4081,-7389,0.31543624161073824
2021-04-16T00:00:00.000,0:50,40.55079,-74.20098,0,0,0,0,4055,-7420,0.2
2021-04-15T00:00:00.000,10:30,40.655903,-73.89817,0,0,0,0,4065,-7389,0.34965034965034963
2021-04-16T00:00:00.000,16:35,40.890076,-73.819855,2,0,1,1,4089,-7381,1.0
2021-04-15T00:00:00.000,17:20,40.650402,-73.89422,1,0,1,1,4065,-7389,0.34965034965034963
2021-04-16T00:00:00.000,21:20,40.79335,-73.97275,0,0,0,0,4079,-7397,0.24210526315789474
2021-04-16T00:00:00.000,17:20,40.72538,-74.00011,0,0,0,0,4072,-7400,0.32926829268292684
2021-04-15T00:00:00.000,14:30,40.75184,-73.90358,0,0,0,0,4075,-7390,0.37254901960784315
2021-09-11T00:00:00.000,22:57,40.755516,-73.961105,2,0,1,1,4075,-7396,0.4788732394366197
2021-04-16T00:00:00.000,23:20,40.649788,-73.9622,3,0,1,1,4064,-7396,0.4714285714285714
2021-04-16T00:00:00.000,18:15,40.686928,-73.920815,0,0,0,0,4068,-7392,0.2542372881355932
2021-04-14T00:00:00.000,13:00,40.712963,-73.93647,0,0,0,0,4071,-7393,0.2711864406779661
2021-06-30T00:00:00.000,11:47,40.694294,-73.74868,0,0,0,0,4069,-7374,0.46774193548387094
2021-04-14T00:00:00.000,20:14,40.801285,-73.95394,0,0,0,0,4080,-7395,0.381294964028777
2021-04-14T00:00:00.000,15:16,40.633976,-74.02211,1,0,1,1,4063,-7402,0.3877551020408163
2021-04-15T00:00:00.000,19:30,40.670296,-73.997604,0,0,0,0,4067,-7399,0.3258426966292135
2021-04-16T00:00:00.000,13:15,40.66423,-73.919106,0,0,0,0,4066,-7391,0.3630952380952381
2021-04-14T00:00:00.000,21:08,40.817696,-73.922615,0,0,0,0,4081,-7392,0.4714285714285714
2021-04-13T00:00:00.000,20:34,40.668495,-73.925606,1,0,1,1,4066,-7392,0.355
2021-04-13T00:00:00.000,14:10,40.662476,-73.768326,0,0,0,0,4066,-7376,0.30434782608695654
2021-04-15T00:00:00.000,12:16,40.841087,-73.86447,0,0,0,0,4084,-7386,0.375
2021-04-15T00:00:00.000,18:15,40.70955,-73.95887,0,0,0,0,4070,-7395,0.3475177304964539
2021-04-15T00:00:00.000,19:30,40.733376,-73.86665,1,0,1,1,4073,-7386,0.3464566929133858
2021-04-14T00:00:00.000,21:04,40.700356,-73.95732,1,0,1,1,4070,-7395,0.3475177304964539
2021-04-14T00:00:00.000,1:40,40.83801,-73.87329,0,0,0,0,4083,-7387,0.38414634146341464
2021-04-16T00:00:00.000,18:00,40.66584,-73.75551,0,0,0,0,4066,-7375,0.3
2021-04-15T00:00:00.000,12:05,40.761436,-73.76995,1,0,1,1,4076,-7376,0.21739130434782608
2021-04-16T00:00:00.000,11:00,40.74958,-73.86541,1,0,1,1,4074,-7386,0.3813559322033898
2021-04-16T00:00:00.000,17:00,40.73197,-73.78651,5,0,1,1,4073,-7378,0.391304347826087
2021-04-16T00:00:00.000,12:00,40.76249,-73.839584,0,0,0,0,4076,-7383,0.33695652173913043
2021-04-16T00:00:00.000,20:27,40.668507,-73.779625,0,0,0,0,4066,-7377,0.37362637362637363
2021-04-15T00:00:00.000,18:25,40.638268,-73.93187,0,0,0,0,4063,-7393,0.46153846153846156
2021-04-12T00:00:00.000,16:08,40.696735,-73.93481,1,0,1,1,4069,-7393,0.3141025641025641
2021-04-14T00:00:00.000,11:55,40.870823,-73.8721,0,0,0,0,4087,-7387,0.297029702970297
2021-04-14T00:00:00.000,1:30,40.574867,-74.00069,0,0,0,0,4057,-7400,0.3157894736842105
2021-04-14T00:00:00.000,3:25,40.866577,-73.8722,3,0,1,1,4086,-7387,0.34545454545454546
2021-04-16T00:00:00.000,8:05,40.775414,-73.91984,1,0,1,1,4077,-7391,0.3157894736842105
2021-04-15T00:00:00.000,20:13,40.84744,-73.89968,1,0,1,1,4084,-7389,0.33766233766233766
2021-04-14T00:00:00.000,16:30,40.542908,-74.15579,2,0,1,1,4054,-7415,0.3125
2021-04-14T00:00:00.000,20:15,40.78468,-73.80911,0,0,0,0,4078,-7380,0.30434782608695654
2021-04-15T00:00:00.000,16:37,40.632416,-73.94724,1,0,1,1,4063,-7394,0.358974358974359
2021-04-15T00:00:00.000,6:05,40.714207,-73.92817,1,0,1,1,4071,-7392,0.2777777777777778
2021-04-16T00:00:00.000,8:40,40.727913,-73.873245,1,0,1,1,4072,-7387,0.5714285714285714
2021-04-15T00:00:00.000,20:15,40.854485,-73.854645,0,0,0,0,4085,-7385,0.3125
2021-04-13T00:00:00.000,23:00,40.698986,-73.91671,0,0,0,0,4069,-7391,0.2709677419354839
2021-04-16T00:00:00.000,20:55,40.841717,-73.94435,0,0,0,0,4084,-7394,0.17543859649122806
2021-04-15T00:00:00.000,17:25,40.861687,-73.82435,0,0,0,0,4086,-7382,0.3611111111111111
2021-04-16T00:00:00.000,6:45,40.691822,-73.92223,0,0,0,0,4069,-7392,0.3584905660377358
2021-04-10T00:00:00.000,12:00,40.856014,-73.91213,0,0,0,0,4085,-7391,0.373134328358209
2021-04-14T00:00:00.000,15:53,40.83383,-73.921234,0,0,0,0,4083,-7392,0.310126582278481
2021-04-09T00:00:00.000,17:00,40.68781,-73.9237,0,0,0,0,4068,-7392,0.2542372881355932
2021-04-14T00:00:00.000,19:10,40.642044,-73.98124,0,0,0,0,4064,-7398,0.40425531914893614
2021-04-16T00:00:00.000,13:55,40.69814,-73.89111,0,0,0,0,4069,-7389,0.3709677419354839
2021-04-14T00:00:00.000,0:00,40.64664,-73.9246,2,0,1,1,4064,-7392,0.4077669902912621
2021-09-11T00:00:00.000,20:00,40.703217,-73.73427,0,0,0,0,4070,-7373,0.52
2021-04-16T00:00:00.000,16:00,40.680897,-73.95118,0,0,0,0,4068,-7395,0.38571428571428573
2021-04-15T00:00:00.000,22:25,40.760822,-73.99832,1,0,1,1,4076,-7399,0.3275862068965517
2021-04-14T00:00:00.000,10:09,40.74608,-73.974945,0,0,0,0,4074,-7397,0.4810810810810811
2021-04-16T00:00:00.000,0:01,40.626293,-74.01572,0,0,0,0,4062,-7401,0.3829787234042553
2021-04-15T00:00:00.000,20:45,40.767967,-73.96822,0,0,0,0,4076,-7396,0.3023255813953488
2021-04-15T00:00:00.000,7:00,40.673634,-73.89294,0,0,0,0,4067,-7389,0.33852140077821014
2021-04-15T00:00:00.000,10:45,40.579212,-73.976265,0,0,0,0,4057,-7397,0.2619047619047619
2021-04-16T00:00:00.000,12:00,40.57365,-74.11252,0,0,0,0,4057,-7411,0.37142857142857144
2021-04-14T00:00:00.000,6:50,40.73632,-73.85631,0,0,0,0,4073,-7385,0.3619047619047619
2021-04-14T00:00:00.000,3:39,40.619396,-73.969574,0,0,0,0,4061,-7396,0.30666666666666664
2021-04-16T00:00:00.000,22:00,40.820263,-73.92976,0,0,0,0,4082,-7392,0.3333333333333333
2021-04-14T00:00:00.000,0:00,40.601864,-74.00232,1,0,1,1,4060,-7400,0.24074074074074073
2021-04-15T00:00:00.000,19:10,40.810318,-73.943634,0,0,0,0,4081,-7394,0.38
2021-04-14T00:00:00.000,13:35,40.666306,-73.79171,1,0,1,1,4066,-7379,0.3870967741935484
2021-04-16T00:00:00.000,15:05,40.708805,-73.92577,0,0,0,0,4070,-7392,0.24305555555555555
2021-04-14T00:00:00.000,9:33,40.826424,-73.85868,0,0,0,0,4082,-7385,0.27
2021-04-13T00:00:00.000,16:05,40.63174,-73.96793,0,0,0,0,4063,-7396,0.34615384615384615
2021-04-15T00:00:00.000,9:27,0.0,0.0,0,0,0,0,0,0,0.40425531914893614
2021-04-16T00:00:00.000,11:45,40.727146,-73.954735,0,0,0,0,4072,-7395,0.22093023255813954
2021-04-11T00:00:00.000,8:56,40.67253,-73.798386,0,0,0,0,4067,-7379,0.4264705882352941
2021-04-16T00:00:00.000,13:02,40.702335,-73.89073,0,0,0,0,4070,-7389,0.2711864406779661
2021-04-14T00:00:00.000,0:00,40.587894,-73.95504,0,0,0,0,4058,-7395,0.3465346534653465
2021-04-16T00:00:00.000,5:30,40.65047,-73.917366,0,0,0,0,4065,-7391,0.425
2021-04-16T00:00:00.000,20:26,40.836555,-73.94306,1,0,1,1,4083,-7394,0.38926174496644295
2021-04-13T00:00:00.000,9:00,40.870056,-73.83222,0,0,0,0,4087,-7383,0.3333333333333333
2021-04-15T00:00:00.000,11:45,40.579372,-74.16948,0,0,0,0,4057,-7416,0.36363636363636365
2021-04-01T00:00:00.000,0:10,40.805138,-73.945244,0,0,0,0,4080,-7394,0.41116751269035534
2021-04-15T00:00:00.000,11:41,40.85968,-73.90427,0,0,0,0,4085,-7390,0.42207792207792205
2021-04-15T00:00:00.000,2:00,40.605595,-73.98404,0,0,0,0,4060,-7398,0.2711864406779661
2021-04-15T00:00:00.000,0:05,40.819214,-73.84662,0,0,0,0,4081,-7384,0.3333333333333333
2021-04-16T00:00:00.000,11:30,40.827972,-73.88707,0,0,0,0,4082,-7388,0.27624309392265195
2021-04-16T00:00:00.000,15:30,40.66496,-73.82226,0,0,0,0,4066,-7382,0.43103448275862066
2021-04-14T00:00:00.000,15:00,40.719177,-73.79223,0,0,0,0,4071,-7379,0.3888888888888889
2021-04-14T00:00:00.000,8:03,40.748825,-73.96984,1,0,1,1,4074,-7396,0.7
2021-04-16T00:00:00.000,7:45,40.733597,-73.91062,0,0,0,0,4073,-7391,0.33962264150943394
2021-04-14T00:00:00.000,6:45,40.54048,-74.153404,0,0,0,0,4054,-7415,0.3125
2021-04-14T00:00:00.000,22:43,40.738403,-73.93864,0,0,0,0,4073,-7393,0.38461538461538464
2021-04-15T00:00:00.000,16:55,40.68039,-73.94956,1,0,1,1,4068,-7394,0.4409448818897638
2021-04-14T00:00:00.000,18:00,40.817627,-73.92366,0,0,0,0,4081,-7392,0.4714285714285714
2021-04-15T00:00:00.000,12:26,40.751446,-74.001434,2,0,1,1,4075,-7400,0.3888888888888889
2021-09-11T00:00:00.000,22:15,40.86418,-73.90119,1,0,1,1,4086,-7390,0.42748091603053434
2021-04-15T00:00:00.000,8:10,40.76161,-73.97076,0,0,0,0,4076,-7397,0.37
2021-04-15T00:00:00.000,16:00,40.689648,-73.9184,0,0,0,0,4068,-7391,0.344
2021-04-14T00:00:00.000,16:00,40.741634,-73.88266,1,0,1,1,4074,-7388,0.2978723404255319
2021-04-15T00:00:00.000,18:30,40.596977,-73.97324,0,0,0,0,4059,-7397,0.3191489361702128
2021-04-16T00:00:00.000,14:56,40.63864,-74.02245,0,0,0,0,4063,-7402,0.3877551020408163
2021-04-14T00:00:00.000,17:30,40.565254,-74.1301,0,0,0,0,4056,-7413,0.46153846153846156
2021-04-14T00:00:00.000,7:15,40.655895,-73.898224,0,0,0,0,4065,-7389,0.34965034965034963
2021-04-14T00:00:00.000,20:10,40.68821,-73.96583,0,0,0,0,4068,-7396,0.42567567567567566
2021-04-15T00:00:00.000,9:28,40.71649,-73.98484,0,0,0,0,4071,-7398,0.39568345323741005
2021-04-16T00:00:00.000,14:30,40.876785,-73.87446,0,0,0,0,4087,-7387,0.297029702970297
2021-04-16T00:00:00.000,18:05,40.86367,-73.86741,0,0,0,0,4086,-7386,0.4642857142857143
2021-04-14T00:00:00.000,0:00,40.835827,-73.89068,0,0,0,0,4083,-7389,0.3333333333333333
2021-04-15T00:00:00.000,15:37,40.793396,-73.94043,0,0,0,0,4079,-7394,0.3523809523809524
2021-04-14T00:00:00.000,17:20,40.84827,-73.88312,0,0,0,0,4084,-7388,0.390625
2021-04-14T00:00:00.000,23:17,40.656273,-73.90731,1,0,1,1,4065,-7390,0.375
2021-04-16T00:00:00.000,9:25,40.693462,-73.965485,1,0,1,1,4069,-7396,0.325
2021-04-15T00:00:00.000,16:00,40.66725,-73.88799,1,0,1,1,4066,-7388,0.37012987012987014
2021-04-13T00:00:00.000,17:55,40.844105,-73.923065,1,0,1,1,4084,-7392,0.3181818181818182
2021-04-16T00:00:00.000,21:00,40.651707,-73.93121,0,0,0,0,4065,-7393,0.44366197183098594
2021-04-15T00:00:00.000,10:30,40.680496,-73.821365,1,0,1,1,4068,-7382,0.41975308641975306
2021-04-15T00:00:00.000,23:36,40.834415,-73.92854,0,0,0,0,4083,-7392,0.310126582278481
2021-04-15T00:00:00.000,0:00,40.7357,-73.90377,0,0,0,0,4073,-7390,0.42424242424242425
2021-04-15T00:00:00.000,21:33,40.771038,-73.83413,0,0,0,0,4077,-7383,0.25
2021-04-14T00:00:00.000,19:45,40.69484,-73.98391,1,0,1,1,4069,-7398,0.3229166666666667
2021-04-14T00:00:00.000,7:45,40.785774,-73.97052,2,0,1,1,4078,-7397,0.3434343434343434
2021-04-14T00:00:00.000,12:30,40.733017,-73.8852,0,0,0,0,4073,-7388,0.2777777777777778
2021-04-16T00:00:00.000,8:30,40.709023,-73.757835,0,0,0,0,4070,-7375,0.4117647058823529
2021-04-14T00:00:00.000,11:15,40.692886,-73.832184,2,0,1,1,4069,-7383,0.35555555555555557
2021-04-15T00:00:00.000,15:18,40.620487,-74.029305,0,1,2,1,4062,-7402,0.3625
2021-04-14T00:00:00.000,17:50,40.618595,-73.99847,0,0,0,0,4061,-7399,0.29411764705882354
2021-04-14T00:00:00.000,10:29,40.803787,-73.953896,1,0,1,1,4080,-7395,0.381294964028777
2021-04-15T00:00:00.000,20:02,40.82319,-73.889496,0,0,0,0,4082,-7388,0.27624309392265195
2021-04-14T00:00:00.000,19:20,40.680088,-73.94398,1,0,1,1,4068,-7394,0.4409448818897638
2021-04-14T00:00:00.000,19:00,40.827927,-73.90094,0,0,0,0,4082,-7390,0.3025210084033613
2021-07-08T00:00:00.000,19:55,40.65342,-73.88898,0,0,0,0,4065,-7388,0.41509433962264153
2021-04-14T00:00:00.000,22:21,40.66895,-73.9339,0,0,0,0,4066,-7393,0.38578680203045684
2021-04-15T00:00:00.000,15:25,40.879055,-73.87439,0,0,0,0,4087,-7387,0.297029702970297
2021-04-14T00:00:00.000,11:30,40.67043,-73.928185,1,0,1,1,4067,-7392,0.39655172413793105
2021-04-16T00:00:00.000,23:14,40.875874,-73.84989,3,0,1,1,4087,-7384,0.47297297297297297
2021-04-13T00:00:00.000,9:30,40.675037,-73.930534,0,0,0,0,4067,-7393,0.3755868544600939
2021-04-16T00:00:00.000,13:59,40.767582,-73.9109,1,0,1,1,4076,-7391,0.40476190476190477
2021-04-14T00:00:00.000,6:35,40.734352,-74.00849,0,0,0,0,4073,-7400,0.2403846153846154
2021-04-16T00:00:00.000,14:50,40.63083,-73.90736,2,0,1,1,4063,-7390,0.3561643835616438
2021-04-14T00:00:00.000,18:35,40.63532,-73.95033,0,0,0,0,4063,-7395,0.48484848484848486
2021-04-13T00:00:00.000,10:30,40.714073,-73.95087,0,0,0,0,4071,-7395,0.36585365853658536
2021-04-14T00:00:00.000,6:55,40.702194,-73.93587,0,0,0,0,4070,-7393,0.3300970873786408
2021-04-14T00:00:00.000,16:58,40.764362,-73.96162,1,0,1,1,4076,-7396,0.3023255813953488
2021-04-12T00:00:00.000,18:30,40.69496,-73.946236,0,0,0,0,4069,-7394,0.417910447761194
2021-04-16T00:00:00.000,12:10,40.79656,-73.97226,0,0,0,0,4079,-7397,0.24210526315789474
2021-04-14T00:00:00.000,9:00,40.805016,-73.92109,0,0,0,0,4080,-7392,0.3141025641025641
2021-04-14T00:00:00.000,17:00,40.66406,-73.73846,2,0,1,1,4066,-7373,0.44339622641509435
2021-04-13T00:00:00.000,13:14,40.7963,-73.93829,0,0,0,0,4079,-7393,0.36585365853658536
2021-04-14T00:00:00.000,2:25,40.66563,-73.73921,1,0,1,1,4066,-7373,0.44339622641509435
2021-04-15T00:00:00.000,16:00,40.680477,-73.7921,0,0,0,0,4068,-7379,0.35
2021-04-16T00:00:00.000,11:35,40.737785,-73.93496,1,0,1,1,4073,-7393,0.38461538461538464
2021-04-16T00:00:00.000,12:26,40.778606,-73.98163,1,0,1,1,4077,-7398,0.38028169014084506
2021-04-16T00:00:00.000,0:30,40.75868,-73.87552,1,0,1,1,4075,-7387,0.33884297520661155
2021-04-14T00:00:00.000,17:55,40.856045,-73.90079,0,0,0,0,4085,-7390,0.42207792207792205
2021-04-14T00:00:00.000,23:36,40.880257,-73.843864,0,0,0,0,4088,-7384,0.4153846153846154
2021-04-15T00:00:00.000,20:00,40.60677,-73.759575,0,0,0,0,4060,-7375,0.17117117117117117
2021-04-16T00:00:00.000,6:00,40.695683,-73.741875,0,0,0,0,4069,-7374,0.46774193548387094
2021-04-16T00:00:00.000,20:00,40.667236,-73.770004,0,0,0,0,4066,-7377,0.37362637362637363
2021-04-14T00:00:00.000,6:13,40.8351,-73.8825,0,0,0,0,4083,-7388,0.26717557251908397
2021-04-15T00:00:00.000,14:41,40.633682,-73.89868,1,0,1,1,4063,-7389,0.41818181818181815
2021-04-14T00:00:00.000,11:54,40.698116,-73.977325,1,0,1,1,4069,-7397,0.3253012048192771
2021-04-16T00:00:00.000,11:50,40.84747,-73.89134,0,0,0,0,4084,-7389,0.33766233766233766
2021-04-14T00:00:00.000,14:00,40.8047,-73.91243,0,0,0,0,4080,-7391,0.38961038961038963
2021-04-16T00:00:00.000,23:55,40.762676,-73.954346,0,0,0,0,4076,-7395,0.3696969696969697
2021-04-16T00:00:00.000,14:30,40.7158,-73.824486,0,0,0,0,4071,-7382,0.379746835443038
2021-04-15T00:00:00.000,23:00,40.75584,-73.99238,0,0,0,0,4075,-7399,0.2830188679245283
2021-09-11T00:00:00.000,11:30,40.875942,-73.83304,0,0,0,0,4087,-7383,0.3333333333333333
2021-04-15T00:00:00.000,18:00,40.772102,-73.763954,0,0,0,0,4077,-7376,0.125
2021-04-14T00:00:00.000,20:19,40.681602,-73.95855,0,0,0,0,4068,-7395,0.38571428571428573
2021-04-15T00:00:00.000,14:36,40.62677,-73.946884,1,0,1,1,4062,-7394,0.41379310344827586
2021-04-14T00:00:00.000,11:16,40.707493,-73.94153,1,0,1,1,4070,-7394,0.3956043956043956
2021-04-15T00:00:00.000,10:00,40.8252,-73.867714,0,0,0,0,4082,-7386,0.3493975903614458
2021-04-12T00:00:00.000,21:30,40.854115,-73.89091,0,0,0,0,4085,-7389,0.3353658536585366
2021-04-16T00:00:00.000,7:00,40.768875,-73.94898,1,0,1,1,4076,-7394,0.4583333333333333
2021-04-16T00:00:00.000,15:21,40.629707,-73.90486,0,0,0,0,4062,-7390,0.3888888888888889
2021-04-15T00:00:00.000,0:40,40.72654,-73.71589,1,0,1,1,4072,-7371,0.2857142857142857
2021-04-15T00:00:00.000,18:00,40.634415,-74.08535,0,0,0,0,4063,-7408,0.2653061224489796
2021-09-11T00:00:00.000,16:30,40.889362,-73.83446,0,0,0,0,4088,-7383,0.3448275862068966
2021-04-15T00:00:00.000,8:40,40.66937,-73.89523,0,0,0,0,4066,-7389,0.3103448275862069
2021-04-16T00:00:00.000,17:25,40.89466,-73.86137,0,0,0,0,4089,-7386,0.28205128205128205
2021-04-16T00:00:00.000,6:40,40.669067,-73.9878,0,0,0,0,4066,-7398,0.421875
2021-04-15T00:00:00.000,11:00,40.681484,-73.85049,1,0,1,1,4068,-7385,0.43103448275862066
2021-04-14T00:00:00.000,9:31,40.82433,-73.874374,0,0,0,0,4082,-7387,0.33544303797468356
2021-04-14T00:00:00.000,12:40,40.856606,-73.92841,0,0,0,0,4085,-7392,0.22
2021-04-08T00:00:00.000,21:52,40.65785,-73.91648,0,0,0,0,4065,-7391,0.425
2021-04-14T00:00:00.000,8:58,40.62764,-73.89022,0,0,0,0,4062,-7389,0.3333333333333333
2021-04-09T00:00:00.000,1:15,40.58401,-73.98587,0,0,0,0,4058,-7398,0.4
2021-04-14T00:00:00.000,17:30,40.71791,-73.95341,1,0,1,1,4071,-7395,0.36585365853658536
2021-04-15T00:00:00.000,0:00,40.780437,-73.94989,0,0,0,0,4078,-7394,0.33513513513513515
2021-04-14T00:00:00.000,8:30,40.73973,-73.70625,0,0,0,0,4073,-7370,0.23529411764705882
2021-04-05T00:00:00.000,16:21,40.7952,-73.94623,3,0,1,1,4079,-7394,0.3523809523809524
2021-04-14T00:00:00.000,10:40,40.694794,-73.98246,1,0,1,1,4069,-7398,0.3229166666666667
2021-04-16T00:00:00.000,8:30,40.614063,-74.01393,0,0,0,0,4061,-7401,0.2972972972972973
2021-07-08T00:00:00.000,16:45,40.715702,-73.95579,1,0,1,1,4071,-7395,0.36585365853658536
2021-04-16T00:00:00.000,18:50,40.633152,-73.97762,0,0,0,0,4063,-7397,0.36893203883495146
2021-04-16T00:00:00.000,15:23,40.612736,-74.01172,1,0,1,1,4061,-7401,0.2972972972972973
2021-04-15T00:00:00.000,17:55,40.70166,-73.961464,2,0,1,1,4070,-7396,0.3431372549019608
2021-04-14T00:00:00.000,0:42,40.80641,-73.94227,0,0,0,0,4080,-7394,0.41116751269035534
2021-04-14T00:00:00.000,12:30,40.762234,-73.98987,1,0,1,1,4076,-7398,0.3081761006289308
2021-04-15T00:00:00.000,8:30,40.863647,-73.8918,0,0,0,0,4086,-7389,0.40606060606060607
2021-04-15T00:00:00.000,18:36,40.576626,-73.98478,2,0,1,1,4057,-7398,0.36904761904761907
2021-04-14T00:00:00.000,13:45,40.60118,-73.99098,0,0,0,0,4060,-7399,0.31683168316831684
2021-04-14T00:00:00.000,19:46,40.64721,-74.01531,0,0,0,0,4064,-7401,0.4295774647887324
2021-04-15T00:00:00.000,16:18,40.681145,-73.7923,0,0,0,0,4068,-7379,0.35
2021-04-15T00:00:00.000,12:40,40.57529,-73.97655,0,0,0,0,4057,-7397,0.2619047619047619
2021-04-16T00:00:00.000,17:45,40.786,-73.84574,0,0,0,0,4078,-7384,0.23809523809523808
2021-04-15T00:00:00.000,20:00,40.601128,-73.997086,1,0,1,1,4060,-7399,0.31683168316831684
2021-04-15T00:00:00.000,11:45,40.827923,-73.93483,0,0,0,0,4082,-7393,0.36645962732919257
2021-04-05T00:00:00.000,16:27,40.805824,-73.954636,0,0,0,0,4080,-7395,0.381294964028777
2021-04-14T00:00:00.000,13:30,40.642776,-74.02003,0,0,0,0,4064,-7402,0.41379310344827586
2021-04-14T00:00:00.000,18:56,40.86674,-73.92873,1,0,1,1,4086,-7392,0.359375
2021-12-10T00:00:00.000,12:15,40.571625,-74.11192,0,0,0,0,4057,-7411,0.37142857142857144
2021-04-12T00:00:00.000,6:00,40.678375,-73.9265,0,0,0,0,4067,-7392,0.39655172413793105
2021-04-14T00:00:00.000,19:50,40.74209,-73.984985,1,0,1,1,4074,-7398,0.40131578947368424
2021-04-16T00:00:00.000,11:30,40.81228,-73.90941,0,0,0,0,4081,-7390,0.3888888888888889
2021-04-16T00:00:00.000,23:45,40.604195,-73.97218,0,0,0,0,4060,-7397,0.3469387755102041
2021-04-11T00:00:00.000,18:45,40.84383,-73.886375,0,0,0,0,4084,-7388,0.390625
2021-04-16T00:00:00.000,8:30,40.759163,-73.988396,1,0,1,1,4075,-7398,0.3170731707317073
2021-04-15T00:00:00.000,19:39,40.652927,-73.959335,1,0,1,1,4065,-7395,0.38686131386861317
2021-04-14T00:00:00.000,21:00,40.69097,-73.94833,2,0,1,1,4069,-7394,0.417910447761194
2021-04-16T00:00:00.000,19:00,40.718864,-73.97483,0,0,0,0,4071,-7397,0.41509433962264153
2021-04-15T00:00:00.000,23:30,40.683174,-73.87389,0,0,0,0,4068,-7387,0.24719101123595505
2021-04-15T00:00:00.000,2:00,40.749744,-73.884315,0,0,0,0,4074,-7388,0.2978723404255319
2021-04-16T00:00:00.000,19:54,40.738316,-73.98773,0,0,0,0,4073,-7398,0.36942675159235666
2021-04-08T00:00:00.000,9:21,40.839382,-73.84531,0,0,0,0,4083,-7384,0.22727272727272727
2021-04-16T00:00:00.000,9:50,40.66806,-73.90394,0,0,0,0,4066,-7390,0.2777777777777778
2021-04-16T00:00:00.000,12:10,40.74715,-73.985504,0,0,0,0,4074,-7398,0.40131578947368424
2021-04-14T00:00:00.000,8:40,40.663776,-73.889915,0,0,0,0,4066,-7388,0.37012987012987014
2021-04-16T00:00:00.000,23:25,40.843903,-73.927284,0,0,0,0,4084,-7392,0.3181818181818182
2021-04-14T00:00:00.000,20:25,40.836296,-73.87369,2,0,1,1,4083,-7387,0.38414634146341464
2021-04-15T00:00:00.000,21:04,40.655285,-73.93658,2,0,1,1,4065,-7393,0.44366197183098594
2021-04-09T00:00:00.000,12:00,40.70166,-73.961464,0,0,0,0,4070,-7396,0.3431372549019608
2021-04-16T00:00:00.000,10:05,40.64606,-74.01648,1,0,1,1,4064,-7401,0.4295774647887324
2021-04-15T00:00:00.000,8:23,40.72119,-73.761185,1,0,1,1,4072,-7376,0.5
2021-04-15T00:00:00.000,12:00,40.708363,-73.87203,0,0,0,0,4070,-7387,0.24324324324324326
2021-04-14T00:00:00.000,14:10,40.674004,-73.81881,0,0,0,0,4067,-7381,0.4230769230769231
2021-04-14T00:00:00.000,23:10,40.729176,-73.87898,2,0,1,1,4072,-7387,0.5714285714285714
2021-09-11T00:00:00.000,10:59,40.745766,-73.86421,0,0,0,0,4074,-7386,0.3813559322033898
2021-04-15T00:00:00.000,12:30,40.86832,-73.83317,0,0,0,0,4086,-7383,0.3448275862068966
2021-04-14T00:00:00.000,18:45,40.598515,-73.766464,0,0,0,0,4059,-7376,0.23809523809523808
2021-03-20T00:00:00.000,15:58,40.695004,-73.9525,0,0,0,0,4069,-7395,0.30952380952380953
2021-04-14T00:00:00.000,11:50,40.72773,-73.90674,0,0,0,0,4072,-7390,0.2978723404255319
2021-04-16T00:00:00.000,8:41,40.704563,-73.91066,1,0,1,1,4070,-7391,0.27450980392156865
2021-04-14T00:00:00.000,13:30,40.66807,-73.80789,0,0,0,0,4066,-7380,0.40789473684210525
2021-04-14T00:00:00.000,0:00,40.66944,-73.883995,1,0,1,1,4066,-7388,0.37012987012987014
2021-04-09T00:00:00.000,10:15,40.684082,-73.90864,0,0,0,0,4068,-7390,0.4421052631578947
2021-04-14T00:00:00.000,15:05,40.69349,-73.97917,1,0,1,1,4069,-7397,0.3253012048192771
2021-04-16T00:00:00.000,0:00,40.765266,-73.81517,0,0,0,0,4076,-7381,0.4716981132075472
2021-04-14T00:00:00.000,18:00,40.74613,-73.83605,0,0,0,0,4074,-7383,0.4067796610169492
2021-04-15T00:00:00.000,12:17,40.74708,-73.98135,1,0,1,1,4074,-7398,0.40131578947368424
2021-04-15T00:00:00.000,10:37,40.87482,-73.877,1,0,1,1,4087,-7387,0.297029702970297
2021-04-14T00:00:00.000,19:15,40.70399,-73.85589,0,0,0,0,4070,-7385,0.39436619718309857
2021-04-16T00:00:00.000,21:30,40.649788,-73.9622,0,0,0,0,4064,-7396,0.4714285714285714
2021-04-11T00:00:00.000,11:50,40.69507,-73.80114,0,0,0,0,4069,-7380,0.38461538461538464
2021-04-15T00:00:00.000,9:57,40.788673,-73.97136,0,0,0,0,4078,-7397,0.3434343434343434
2021-04-15T00:00:00.000,13:07,40.847897,-73.92499,0,0,0,0,4084,-7392,0.3181818181818182
2021-04-14T00:00:00.000,11:30,40.68896,-73.93326,1,0,1,1,4068,-7393,0.3619047619047619
2021-04-13T00:00:00.000,7:25,40.695377,-73.94921,0,0,0,0,4069,-7394,0.417910447761194
2021-04-16T00:00:00.000,18:03,40.880657,-73.877625,0,0,0,0,4088,-7387,0.14583333333333334
2021-04-16T00:00:00.000,21:00,40.828114,-73.93107,0,0,0,0,4082,-7393,0.36645962732919257
2021-04-16T00:00:00.000,10:40,40.781265,-73.97599,1,0,1,1,4078,-7397,0.3434343434343434
2021-04-16T00:00:00.000,20:07,40.848736,-73.93234,0,0,0,0,4084,-7393,0.32786885245901637
2021-04-15T00:00:00.000,22:22,40.65989,-73.90536,0,0,0,0,4065,-7390,0.375
2021-04-16T00:00:00.000,18:40,40.748436,-73.984566,1,0,1,1,4074,-7398,0.40131578947368424
2021-04-15T00:00:00.000,12:38,40.61033,-73.95932,1,0,1,1,4061,-7395,0.4461538461538462
2021-04-14T00:00:00.000,12:20,40.752556,-73.92972,0,0,0,0,4075,-7392,0.48148148148148145
2021-04-14T00:00:00.000,20:50,40.829697,-73.91313,1,0,1,1,4082,-7391,0.3355263157894737
2021-04-14T00:00:00.000,2:30,40.718826,-73.98424,0,0,0,0,4071,-7398,0.39568345323741005
2021-04-16T00:00:00.000,12:38,40.65241,-73.9264,0,0,0,0,4065,-7392,0.35555555555555557
2021-04-15T00:00:00.000,15:20,40.852673,-73.919106,1,0,1,1,4085,-7391,0.373134328358209
2021-04-16T00:00:00.000,15:00,40.851555,-73.952446,0,0,0,0,4085,-7395,0.0
2021-04-16T00:00:00.000,12:50,40.707928,-73.784294,0,0,0,0,4070,-7378,0.34523809523809523
2021-04-06T00:00:00.000,8:50,40.891876,-73.8616,0,0,0,0,4089,-7386,0.28205128205128205
2021-04-15T00:00:00.000,0:00,40.58947,-73.80105,0,0,0,0,4058,-7380,0.4
2021-04-01T00:00:00.000,4:46,40.74668,-73.9745,0,0,0,0,4074,-7397,0.4810810810810811
2021-04-14T00:00:00.000,22:17,40.85814,-73.895744,0,0,0,0,4085,-7389,0.3353658536585366
2021-04-16T00:00:00.000,14:35,40.708626,-73.94513,0,0,0,0,4070,-7394,0.3956043956043956
2021-04-14T00:00:00.000,15:25,40.73464,-73.87421,1,0,1,1,4073,-7387,0.3140495867768595
2021-04-16T00:00:00.000,10:00,40.62855,-73.952835,0,0,0,0,4062,-7395,0.4444444444444444
2021-04-14T00:00:00.000,13:40,40.65563,-73.92596,2,0,1,1,4065,-7392,0.35555555555555557
2021-04-16T00:00:00.000,10:10,40.687046,-73.792114,0,0,0,0,4068,-7379,0.35
2021-04-14T00:00:00.000,11:46,40.70326,-73.86474,1,0,1,1,4070,-7386,0.38235294117647056
2021-04-06T00:00:00.000,16:00,0.0,0.0,1,0,1,1,0,0,0.40425531914893614
2021-04-14T00:00:00.000,13:00,40.633114,-73.94928,0,0,0,0,4063,-7394,0.358974358974359
2021-04-14T00:00:00.000,13:30,40.62046,-74.07641,0,0,0,0,4062,-7407,0.35714285714285715
2021-04-14T00:00:00.000,21:24,40.75964,-73.95817,0,0,0,0,4075,-7395,0.38095238095238093
2021-04-13T00:00:00.000,20:15,40.64254,-73.87652,2,0,1,1,4064,-7387,0.4918032786885246
2021-04-15T00:00:00.000,10:30,40.783146,-73.97833,1,0,1,1,4078,-7397,0.3434343434343434
2021-04-14T00:00:00.000,23:30,40.705452,-73.78149,6,0,1,1,4070,-7378,0.34523809523809523
2021-04-15T00:00:00.000,19:00,40.74425,-73.7334,0,0,0,0,4074,-7373,0.4
2021-04-14T00:00:00.000,4:35,40.75348,-73.980896,0,0,0,0,4075,-7398,0.3170731707317073
2021-04-14T00:00:00.000,23:46,40.84307,-73.848076,2,0,1,1,4084,-7384,0.4222222222222222
2021-04-15T00:00:00.000,12:30,40.620914,-73.9753,1,0,1,1,4062,-7397,0.38666666666666666
2021-04-04T00:00:00.000,21:43,40.80889,-73.95581,0,0,0,0,4080,-7395,0.381294964028777
2021-04-15T00:00:00.000,13:18,40.78847,-73.968895,0,0,0,0,4078,-7396,0.28125
2021-04-14T00:00:00.000,13:36,40.712776,-73.90601,1,0,1,1,4071,-7390,0.4
2021-04-16T00:00:00.000,0:30,40.75868,-73.87552,0,0,0,0,4075,-7387,0.33884297520661155
2021-04-16T00:00:00.000,17:50,40.74661,-73.86473,0,0,0,0,4074,-7386,0.3813559322033898
2021-04-16T00:00:00.000,16:01,40.835705,-73.88875,0,0,0,0,4083,-7388,0.26717557251908397
2021-03-28T00:00:00.000,18:30,40.688404,-73.93803,1,0,1,1,4068,-7393,0.3619047619047619
2021-04-12T00:00:00.000,20:00,40.781715,-73.823845,1,0,1,1,4078,-7382,0.3
2021-04-02T00:00:00.000,21:15,40.730644,-73.97329,0,0,0,0,4073,-7397,0.32558139534883723
2021-04-16T00:00:00.000,15:05,40.75218,-73.85201,0,0,0,0,4075,-7385,0.3048780487804878
2021-04-16T00:00:00.000,15:45,40.731422,-73.94641,1,0,1,1,4073,-7394,0.5
2021-04-15T00:00:00.000,8:20,40.761234,-73.96389,0,0,0,0,4076,-7396,0.3023255813953488
2021-04-10T00:00:00.000,19:09,40.668976,-73.90668,0,0,0,0,4066,-7390,0.2777777777777778
2021-04-15T00:00:00.000,18:20,40.637276,-73.93177,0,0,0,0,4063,-7393,0.46153846153846156
2021-04-11T00:00:00.000,1:36,40.788685,-73.94386,0,0,0,0,4078,-7394,0.33513513513513515
2021-04-16T00:00:00.000,22:42,40.87356,-73.81853,0,0,0,0,4087,-7381,0.5
2021-04-14T00:00:00.000,23:32,40.795006,-73.9485,1,0,1,1,4079,-7394,0.3523809523809524
2021-04-15T00:00:00.000,8:30,40.820095,-73.955086,1,0,1,1,4082,-7395,0.4117647058823529
2021-04-14T00:00:00.000,11:26,40.594334,-73.990944,1,0,1,1,4059,-7399,0.3076923076923077
2021-04-14T00:00:00.000,11:00,40.666306,-73.79171,0,0,0,0,4066,-7379,0.3870967741935484
2021-04-14T00:00:00.000,12:37,40.673008,-73.97851,0,0,0,0,4067,-7397,0.2818181818181818
2021-04-14T00:00:00.000,0:25,40.583626,-73.98407,0,0,0,0,4058,-7398,0.4
2021-04-14T00:00:00.000,12:45,40.874474,-73.90031,0,0,0,0,4087,-7390,0.3184713375796178
2021-04-14T00:00:00.000,14:25,40.633995,-73.98138,1,0,1,1,4063,-7398,0.4827586206896552
2021-04-14T00:00:00.000,23:20,40.772327,-73.94531,1,0,1,1,4077,-7394,0.28
2021-04-15T00:00:00.000,18:45,40.704937,-73.94932,0,0,0,0,4070,-7394,0.3956043956043956
2021-04-14T00:00:00.000,15:34,40.653873,-74.008156,1,0,1,1,4065,-7400,0.41509433962264153
2021-04-08T00:00:00.000,0:00,40.677917,-73.93861,1,0,1,1,4067,-7393,0.3755868544600939
2021-04-14T00:00:00.000,13:20,40.59857,-73.9689,0,0,0,0,4059,-7396,0.38596491228070173
2021-04-14T00:00:00.000,6:15,40.809563,-73.92923,0,0,0,0,4080,-7392,0.3141025641025641
2021-04-16T00:00:00.000,15:12,40.68836,-73.96444,1,0,1,1,4068,-7396,0.42567567567567566
2021-04-14T00:00:00.000,19:30,40.666737,-73.90224,0,0,0,0,4066,-7390,0.2777777777777778
2021-04-14T00:00:00.000,10:30,40.713173,-73.90076,1,0,1,1,4071,-7390,0.4
2021-04-15T00:00:00.000,6:00,40.73006,-73.710754,0,0,0,0,4073,-7371,0.2857142857142857
2021-04-13T00:00:00.000,16:20,40.652317,-73.92752,0,0,0,0,4065,-7392,0.35555555555555557
2021-04-15T00:00:00.000,1:20,40.76122,-73.93056,1,0,1,1,4076,-7393,0.44680851063829785
2021-04-12T00:00:00.000,18:00,40.588722,-73.960464,0,0,0,0,4058,-7396,0.37333333333333335
2021-04-14T00:00:00.000,17:25,40.643456,-73.972725,0,0,0,0,4064,-7397,0.4095238095238095
2021-04-12T00:00:00.000,19:45,40.865532,-73.86238,0,0,0,0,4086,-7386,0.4642857142857143
2021-04-16T00:00:00.000,16:46,40.67612,-73.936005,1,0,1,1,4067,-7393,0.3755868544600939
2021-04-15T00:00:00.000,9:20,40.620663,-74.1524,1,0,1,1,4062,-7415,0.37037037037037035
2021-04-15T00:00:00.000,13:30,40.72166,-73.888664,0,0,0,0,4072,-7388,0.4
2021-04-14T00:00:00.000,17:45,40.733723,-73.72516,0,0,0,0,4073,-7372,0.3333333333333333
2021-04-14T00:00:00.000,9:30,40.745686,-73.97213,0,0,0,0,4074,-7397,0.4810810810810811
2021-04-14T00:00:00.000,0:00,40.875294,-73.9088,0,0,0,0,4087,-7390,0.3184713375796178
2021-04-15T00:00:00.000,16:54,40.803555,-73.91184,1,0,1,1,4080,-7391,0.38961038961038963
2021-04-15T00:00:00.000,19:20,40.7605,-73.95699,0,0,0,0,4076,-7395,0.3696969696969697
2021-04-16T00:00:00.000,0:17,40.661995,-73.91959,0,0,0,0,4066,-7391,0.3630952380952381
2021-04-16T00:00:00.000,13:02,40.69045,-73.959435,0,0,0,0,4069,-7395,0.30952380952380953
2021-04-16T00:00:00.000,11:38,40.658672,-73.90019,1,0,1,1,4065,-7390,0.375
2021-04-15T00:00:00.000,22:50,40.711227,-73.72826,0,0,0,0,4071,-7372,0.40425531914893614
2021-04-14T00:00:00.000,13:07,40.700485,-73.93637,1,0,1,1,4070,-7393,0.3300970873786408
2021-04-14T00:00:00.000,18:49,40.816555,-73.91755,0,0,0,0,4081,-7391,0.47244094488188976
2021-04-15T00:00:00.000,22:35,40.861862,-73.91282,0,0,0,0,4086,-7391,0.38016528925619836
2021-04-14T00:00:00.000,22:20,40.875793,-73.85465,0,0,0,0,4087,-7385,0.37681159420289856
2021-04-16T00:00:00.000,6:30,40.68657,-73.776146,0,0,0,0,4068,-7377,0.3673469387755102
2021-04-14T00:00:00.000,17:30,40.654705,-74.00731,0,0,0,0,4065,-7400,0.41509433962264153
2021-04-14T00:00:00.000,9:50,40.637054,-73.98643,1,0,1,1,4063,-7398,0.4827586206896552
2021-04-16T00:00:00.000,12:00,40.6191,-74.159615,0,0,0,0,4061,-7415,0.3333333333333333
2021-04-14T00:00:00.000,8:00,40.734566,-73.72269,0,0,0,0,4073,-7372,0.3333333333333333
2021-04-13T00:00:00.000,9:35,40.714912,-73.94784,1,0,1,1,4071,-7394,0.3710691823899371
2021-04-14T00:00:00.000,6:10,40.74734,-73.88673,0,0,0,0,4074,-7388,0.2978723404255319
2021-04-16T00:00:00.000,18:18,40.6963,-73.97545,0,0,0,0,4069,-7397,0.3253012048192771
2021-04-16T00:00:00.000,9:40,40.63598,-73.915146,1,0,1,1,4063,-7391,0.5
2021-04-14T00:00:00.000,12:00,40.724358,-73.742516,1,0,1,1,4072,-7374,0.44
2016-04-16T00:00:00.000,14:20,40.586277,-73.9862,0,0,0,0,4058,-7398,0.4
2021-04-16T00:00:00.000,1:30,40.671932,-73.85165,0,0,0,0,4067,-7385,0.26666666666666666
2021-04-10T00:00:00.000,23:05,40.650703,-73.920586,0,0,0,0,4065,-7392,0.35555555555555557
2021-04-16T00:00:00.000,6:49,40.61378,-74.07225,0,0,0,0,4061,-7407,0.2
2021-04-15T00:00:00.000,22:15,40.727375,-73.90313,0,0,0,0,4072,-7390,0.2978723404255319
2021-04-14T00:00:00.000,15:10,40.573204,-74.09711,0,0,0,0,4057,-7409,0.1111111111111111
2021-04-15T00:00:00.000,13:30,40.671604,-73.86907,0,0,0,0,4067,-7386,0.3431372549019608
2021-04-15T00:00:00.000,16:50,40.740276,-73.92782,0,0,0,0,4074,-7392,0.3709677419354839
2021-04-06T00:00:00.000,15:02,40.684,-73.95031,0,0,0,0,4068,-7395,0.38571428571428573
2021-04-15T00:00:00.000,15:00,40.704494,-73.81743,1,0,1,1,4070,-7381,0.3194444444444444
2021-04-16T00:00:00.000,6:50,40.845642,-73.90211,0,0,0,0,4084,-7390,0.366120218579235
2021-04-15T00:00:00.000,5:36,40.82681,-73.85361,0,0,0,0,4082,-7385,0.27
2021-04-06T00:00:00.000,21:30,40.681168,-73.92941,0,0,0,0,4068,-7392,0.2542372881355932
2021-04-09T00:00:00.000,20:00,40.64739,-73.92314,0,0,0,0,4064,-7392,0.4077669902912621
2021-04-15T00:00:00.000,8:30,40.687138,-73.75136,1,0,1,1,4068,-7375,0.3877551020408163
2021-04-15T00:00:00.000,9:09,40.865143,-73.87204,0,0,0,0,4086,-7387,0.34545454545454546
2021-04-14T00:00:00.000,22:50,40.866673,-73.90896,2,0,1,1,4086,-7390,0.42748091603053434
2021-04-10T00:00:00.000,18:50,40.72313,-73.90614,0,0,0,0,4072,-7390,0.2978723404255319
2021-04-15T00:00:00.000,14:46,40.674934,-73.80186,0,0,0,0,4067,-7380,0.24615384615384617
2021-04-15T00:00:00.000,11:10,40.708363,-73.92401,0,0,0,0,4070,-7392,0.24305555555555555
2021-04-16T00:00:00.000,11:20,40.739525,-73.92512,0,0,0,0,4073,-7392,0.4444444444444444
2021-04-14T00:00:00.000,18:04,40.637997,-74.02136,2,0,1,1,4063,-7402,0.3877551020408163
2021-04-14T00:00:00.000,21:40,40.750965,-73.94027,1,0,1,1,4075,-7394,0.41333333333333333
2020-04-15T00:00:00.000,15:20,40.671585,-73.99843,0,0,0,0,4067,-7399,0.3258426966292135
2021-04-15T00:00:00.000,16:10,40.694294,-73.74868,3,0,1,1,4069,-7374,0.46774193548387094
2021-04-08T00:00:00.000,17:25,40.810173,-73.95117,1,0,1,1,4081,-7395,0.3509933774834437
2021-04-16T00:00:00.000,9:29,40.694748,-73.73427,1,0,1,1,4069,-7373,0.36585365853658536
2021-04-14T00:00:00.000,19:30,40.687103,-73.89251,0,0,0,0,4068,-7389,0.5
2021-04-14T00:00:00.000,15:00,0.0,0.0,0,0,0,0,0,0,0.40425531914893614
2021-04-14T00:00:00.000,3:04,40.861744,-73.911804,0,0,0,0,4086,-7391,0.38016528925619836
2021-04-15T00:00:00.000,19:45,40.741074,-73.7258,0,0,0,0,4074,-7372,0.375
2021-04-13T00:00:00.000,8:24,40.67875,-73.794,1,0,1,1,4067,-7379,0.4264705882352941
2021-04-14T00:00:00.000,13:16,40.666943,-73.890144,0,0,0,0,4066,-7389,0.3103448275862069
2021-04-16T00:00:00.000,8:30,40.6635,-73.94276,0,0,0,0,4066,-7394,0.36792452830188677
2021-07-09T00:00:00.000,14:19,40.850304,-73.85137,1,0,1,1,4085,-7385,0.3125
2021-04-16T00:00:00.000,20:17,40.827824,-73.91934,1,0,1,1,4082,-7391,0.3355263157894737
2021-04-15T00:00:00.000,16:08,40.575832,-74.12409,1,0,1,1,4057,-7412,0.36363636363636365
2021-04-14T00:00:00.000,10:00,40.730366,-73.91388,0,0,0,0,4073,-7391,0.33962264150943394
2021-04-15T00:00:00.000,17:47,40.640945,-73.94852,0,0,0,0,4064,-7394,0.42342342342342343
2021-04-15T00:00:00.000,12:00,40.784237,-73.947075,0,0,0,0,4078,-7394,0.33513513513513515
2021-04-15T00:00:00.000,20:29,40.76803,-73.87722,1,0,1,1,4076,-7387,0.48214285714285715
2021-04-14T00:00:00.000,13:06,40.669823,-73.90981,0,0,0,0,4066,-7390,0.2777777777777778
2021-04-10T00:00:00.000,16:28,40.659336,-73.92726,0,0,0,0,4065,-7392,0.35555555555555557
2021-04-16T00:00:00.000,4:00,40.616093,-74.14523,1,0,1,1,4061,-7414,0.625
2021-04-16T00:00:00.000,20:59,40.763546,-73.88209,0,0,0,0,4076,-7388,0.43283582089552236
2021-04-15T00:00:00.000,22:27,40.637234,-73.97266,0,0,0,0,4063,-7397,0.36893203883495146
2021-04-15T00:00:00.000,19:00,40.62614,-74.14276,0,0,0,0,4062,-7414,0.20408163265306123
2021-04-16T00:00:00.000,7:30,40.638313,-73.95751,0,0,0,0,4063,-7395,0.48484848484848486
2021-04-16T00:00:00.000,9:35,40.651352,-73.89275,2,0,1,1,4065,-7389,0.34965034965034963
2021-04-15T00:00:00.000,0:08,40.696564,-73.79125,1,0,1,1,4069,-7379,0.25925925925925924
2021-04-15T00:00:00.000,17:30,40.72728,-73.97906,0,0,0,0,4072,-7397,0.3283582089552239
2021-04-16T00:00:00.000,2:12,40.67816,-73.897484,0,0,0,0,4067,-7389,0.33852140077821014
2021-04-13T00:00:00.000,16:49,40.905174,-73.85417,2,0,1,1,4090,-7385,0.42105263157894735
2021-09-11T00:00:00.000,21:00,40.810387,-73.91521,1,0,1,1,4081,-7391,0.47244094488188976
2021-04-14T00:00:00.000,15:00,40.754044,-73.990074,0,0,0,0,4075,-7399,0.2830188679245283
2021-04-14T00:00:00.000,20:25,40.755234,-73.941246,1,0,1,1,4075,-7394,0.41333333333333333
2021-04-10T00:00:00.000,13:45,40.708675,-73.93699,0,0,0,0,4070,-7393,0.3300970873786408
2021-04-16T00:00:00.000,18:45,40.65103,-73.93032,0,0,0,0,4065,-7393,0.44366197183098594
2021-04-14T00:00:00.000,0:00,40.645985,-74.00723,0,0,0,0,4064,-7400,0.36764705882352944
2021-04-15T00:00:00.000,15:05,40.794773,-73.816185,2,0,1,1,4079,-7381,0.2
2021-04-16T00:00:00.000,21:04,40.845467,-73.940475,0,0,0,0,4084,-7394,0.17543859649122806
2021-04-16T00:00:00.000,0:00,40.643875,-74.01887,0,0,0,0,4064,-7401,0.4295774647887324
2021-04-14T00:00:00.000,8:20,40.658947,-73.73472,0,0,0,0,4065,-7373,0.3
2021-04-15T00:00:00.000,15:45,40.69168,-73.999344,0,0,0,0,4069,-7399,0.29473684210526313
2021-04-15T00:00:00.000,18:23,40.59727,-73.99868,0,0,0,0,4059,-7399,0.3076923076923077
2021-04-14T00:00:00.000,21:20,40.878155,-73.84005,0,0,0,0,4087,-7384,0.47297297297297297
2021-04-02T00:00:00.000,22:20,40.696983,-73.935234,1,0,1,1,4069,-7393,0.3141025641025641
2021-04-14T00:00:00.000,16:00,40.821075,-73.882126,0,0,0,0,4082,-7388,0.27624309392265195
2021-04-14T00:00:00.000,11:00,40.88765,-73.84167,0,0,0,0,4088,-7384,0.4153846153846154
2021-04-14T00:00:00.000,8:45,40.687843,-73.82005,0,0,0,0,4068,-7382,0.41975308641975306
2021-04-14T00:00:00.000,22:32,40.673252,-73.87773,2,0,1,1,4067,-7387,0.30344827586206896
2021-04-14T00:00:00.000,11:00,40.6699,-73.95116,0,0,0,0,4066,-7395,0.44375
2021-04-16T00:00:00.000,15:04,40.667683,-73.99608,2,0,1,1,4066,-7399,0.40540540540540543
2021-04-14T00:00:00.000,18:10,40.63529,-73.958206,0,0,0,0,4063,-7395,0.48484848484848486
2021-04-13T00:00:00.000,13:00,40.71772,-73.96202,0,0,0,0,4071,-7396,0.3218390804597701
2021-04-16T00:00:00.000,15:20,40.857605,-73.93778,4,0,1,1,4085,-7393,0.36585365853658536
2021-04-16T00:00:00.000,18:25,40.7491,-73.984085,0,0,0,0,4074,-7398,0.40131578947368424
2021-04-15T00:00:00.000,17:03,40.71493,-73.79316,1,0,1,1,4071,-7379,0.3888888888888889
2021-04-16T00:00:00.000,8:40,40.721985,-73.98552,0,0,0,0,4072,-7398,0.4342105263157895
2021-09-08T00:00:00.000,18:00,40.5843,-74.16492,0,0,0,0,4058,-7416,0.3
2021-04-16T00:00:00.000,15:00,40.67983,-73.9583,0,0,0,0,4067,-7395,0.3695652173913043
2021-04-15T00:00:00.000,14:54,40.730198,-73.954254,0,0,0,0,4073,-7395,0.30434782608695654
2021-04-15T00:00:00.000,9:30,40.821117,-73.957466,0,0,0,0,4082,-7395,0.4117647058823529
2021-04-14T00:00:00.000,23:26,40.849167,-73.92393,0,0,0,0,4084,-7392,0.3181818181818182
2021-04-13T00:00:00.000,17:20,40.579826,-73.97622,0,0,0,0,4057,-7397,0.2619047619047619
2021-04-15T00:00:00.000,16:20,40.681335,-73.97667,1,0,1,1,4068,-7397,0.3412322274881517
2021-04-15T00:00:00.000,7:34,40.756725,-73.96,0,0,0,0,4075,-7395,0.38095238095238093
2021-04-14T00:00:00.000,2:10,40.756557,-73.87594,0,0,0,0,4075,-7387,0.33884297520661155
2021-04-15T00:00:00.000,15:30,40.67792,-73.9182,0,0,0,0,4067,-7391,0.36597938144329895
2021-04-14T00:00:00.000,7:44,40.607876,-73.92554,0,0,0,0,4060,-7392,0.3333333333333333
2021-04-16T00:00:00.000,15:16,40.607643,-74.03375,0,0,0,0,4060,-7403,0.3
2021-04-15T00:00:00.000,13:45,40.540188,-74.149,0,0,0,0,4054,-7414,0.2631578947368421
2021-04-15T00:00:00.000,0:00,40.616306,-74.03348,0,0,0,0,4061,-7403,0.2777777777777778
2021-04-13T00:00:00.000,14:44,40.583874,-73.823044,1,0,1,1,4058,-7382,0.11764705882352941
2021-04-14T00:00:00.000,9:30,40.877827,-73.879585,0,0,0,0,4087,-7387,0.297029702970297
2021-04-14T00:00:00.000,13:20,40.714554,-73.83147,1,0,1,1,4071,-7383,0.37349397590361444
2021-04-15T00:00:00.000,16:00,40.763668,-73.82303,0,0,0,0,4076,-7382,0.2987012987012987
2021-04-16T00:00:00.000,16:25,40.705246,-73.95908,0,0,0,0,4070,-7395,0.3475177304964539
2021-04-15T00:00:00.000,15:45,40.77451,-73.838036,0,0,0,0,4077,-7383,0.25
2021-09-09T00:00:00.000,16:45,40.768482,-73.95255,1,0,1,1,4076,-7395,0.3696969696969697
2021-04-08T00:00:00.000,13:25,40.797405,-73.942535,0,0,0,0,4079,-7394,0.3523809523809524
2021-04-01T00:00:00.000,15:10,40.74058,-73.978935,0,0,0,0,4074,-7397,0.4810810810810811
2021-04-14T00:00:00.000,12:12,40.829723,-73.8981,1,0,1,1,4082,-7389,0.37423312883435583
2021-04-05T00:00:00.000,9:15,40.7406,-73.81025,1,0,1,1,4074,-7381,0.46153846153846156
2021-04-16T00:00:00.000,16:20,40.71363,-73.917885,0,0,0,0,4071,-7391,0.1836734693877551
2021-04-15T00:00:00.000,9:00,40.647594,-73.97351,1,0,1,1,4064,-7397,0.4095238095238095
2021-08-28T00:00:00.000,18:00,40.760403,-73.98748,0,0,0,0,4076,-7398,0.3081761006289308
2021-04-10T00:00:00.000,11:15,40.71975,-73.992165,1,0,1,1,4071,-7399,0.3263157894736842
2021-04-13T00:00:00.000,13:40,40.834503,-73.93037,0,0,0,0,4083,-7393,0.3333333333333333
2021-04-15T00:00:00.000,15:34,40.63115,-74.076454,1,0,1,1,4063,-7407,0.4444444444444444
2021-04-10T00:00:00.000,8:50,40.835724,-73.92129,0,0,0,0,4083,-7392,0.310126582278481
2021-04-15T00:00:00.000,12:15,40.6354,-74.106674,0,0,0,0,4063,-7410,0.4117647058823529
2021-04-07T00:00:00.000,14:30,40.781647,-73.833664,0,0,0,0,4078,-7383,0.2727272727272727
2021-04-14T00:00:00.000,5:39,40.68837,-73.98056,3,0,1,1,4068,-7398,0.3873239436619718
2021-04-16T00:00:00.000,22:00,40.790417,-73.95184,0,0,0,0,4079,-7395,0.42
2021-04-15T00:00:00.000,20:00,40.6481,-73.91474,0,0,0,0,4064,-7391,0.39805825242718446
2021-04-16T00:00:00.000,14:00,40.71275,-73.7673,0,0,0,0,4071,-7376,0.37142857142857144
2021-04-14T00:00:00.000,8:45,40.60069,-74.010056,0,0,0,0,4060,-7401,0.30357142857142855
2021-04-14T00:00:00.000,17:00,40.738068,-73.861046,0,0,0,0,4073,-7386,0.3464566929133858
2021-04-15T00:00:00.000,23:09,40.680496,-73.821365,0,0,0,0,4068,-7382,0.41975308641975306
2021-04-16T00:00:00.000,15:32,40.61924,-73.954124,0,0,0,0,4061,-7395,0.4461538461538462
2021-04-16T00:00:00.000,22:45,40.629105,-74.034645,0,0,0,0,4062,-7403,0.15
2021-04-14T00:00:00.000,11:40,40.699818,-73.920135,0,0,0,0,4069,-7392,0.3584905660377358
2021-04-14T00:00:00.000,10:10,40.69802,-73.7623,1,0,1,1,4069,-7376,0.3392857142857143
2021-04-16T00:00:00.000,12:30,40.62893,-73.971375,0,0,0,0,4062,-7397,0.38666666666666666
2021-04-16T00:00:00.000,16:15,40.831177,-73.942085,0,0,0,0,4083,-7394,0.38926174496644295
2021-04-02T00:00:00.000,18:00,40.675037,-73.930534,0,0,0,0,4067,-7393,0.3755868544600939
2021-04-14T00:00:00.000,19:01,40.64884,-73.95102,0,0,0,0,4064,-7395,0.4796747967479675
2021-09-11T00:00:00.000,13:30,40.757725,-73.779274,0,0,0,0,4075,-7377,0.24
2021-04-15T00:00:00.000,10:13,40.766586,-73.9531,0,0,0,0,4076,-7395,0.3696969696969697
2021-04-14T00:00:00.000,9:40,40.833126,-73.828285,0,0,0,0,4083,-7382,0.44680851063829785
2021-04-10T00:00:00.000,22:06,40.834675,-73.930275,4,0,1,1,4083,-7393,0.3333333333333333
2021-04-13T00:00:00.000,8:04,40.600883,-73.958694,1,0,1,1,4060,-7395,0.4791666666666667
2021-04-15T00:00:00.000,23:06,40.863647,-73.8918,1,0,1,1,4086,-7389,0.40606060606060607
2021-04-14T00:00:00.000,12:00,40.593002,-74.159,0,0,0,0,4059,-7415,0.5
2021-04-10T00:00:00.000,4:45,40.689426,-73.94223,0,0,0,0,4068,-7394,0.4409448818897638
2021-04-14T00:00:00.000,17:30,40.75458,-73.99915,0,0,0,0,4075,-7399,0.2830188679245283
2021-04-14T00:00:00.000,22:40,40.741394,-73.82303,2,0,1,1,4074,-7382,0.4057971014492754
2021-04-14T00:00:00.000,12:47,40.676594,-73.89038,2,0,1,1,4067,-7389,0.33852140077821014
2021-04-16T00:00:00.000,14:30,40.76468,-73.9643,0,0,0,0,4076,-7396,0.3023255813953488
2021-04-15T00:00:00.000,0:00,40.832764,-73.94583,3,0,1,1,4083,-7394,0.38926174496644295
2021-04-14T00:00:00.000,6:55,40.698544,-73.96236,0,0,0,0,4069,-7396,0.325
2021-04-14T00:00:00.000,19:00,40.747536,-73.89344,0,0,0,0,4074,-7389,0.3203125
2021-04-14T00:00:00.000,17:00,40.540833,-74.159386,0,0,0,0,4054,-7415,0.3125
2021-04-14T00:00:00.000,6:15,40.670017,-73.746185,0,0,0,0,4067,-7374,0.2619047619047619
2021-04-15T00:00:00.000,8:15,40.694996,-73.97022,1,0,1,1,4069,-7397,0.3253012048192771
2021-04-16T00:00:00.000,13:45,40.676758,-73.917404,0,0,0,0,4067,-7391,0.36597938144329895
2021-04-14T00:00:00.000,16:25,40.80124,-73.94183,1,0,1,1,4080,-7394,0.41116751269035534
2021-04-15T00:00:00.000,3:00,40.667377,-73.880394,0,0,0,0,4066,-7388,0.37012987012987014
2021-04-15T00:00:00.000,9:00,40.734135,-73.9992,1,0,1,1,4073,-7399,0.423728813559322
2021-04-14T00:00:00.000,7:40,40.679935,-73.91389,0,0,0,0,4067,-7391,0.36597938144329895
2021-09-11T00:00:00.000,20:15,40.715252,-73.74891,0,0,0,0,4071,-7374,0.23404255319148937
2021-04-16T00:00:00.000,8:00,40.684475,-73.97408,0,0,0,0,4068,-7397,0.3412322274881517
2021-04-15T00:00:00.000,5:27,40.67816,-74.01416,1,0,1,1,4067,-7401,0.32142857142857145
2021-04-16T00:00:00.000,17:15,40.79099,-73.96518,0,0,0,0,4079,-7396,0.25
2021-04-14T00:00:00.000,16:42,40.780125,-73.95304,0,0,0,0,4078,-7395,0.42168674698795183
2021-04-15T00:00:00.000,14:56,40.800262,-73.94554,0,0,0,0,4080,-7394,0.41116751269035534
2021-04-15T00:00:00.000,20:50,40.682842,-73.9766,1,0,1,1,4068,-7397,0.3412322274881517
2021-04-15T00:00:00.000,18:16,40.660316,-73.913216,3,0,1,1,4066,-7391,0.3630952380952381
2021-04-04T00:00:00.000,4:00,40.8053,-73.94728,0,0,0,0,4080,-7394,0.41116751269035534
2021-04-15T00:00:00.000,16:10,40.834507,-73.91772,1,0,1,1,4083,-7391,0.33714285714285713
2021-04-16T00:00:00.000,21:20,40.758224,-73.91741,1,0,1,1,4075,-7391,0.4777777777777778
2021-04-14T00:00:00.000,12:00,40.824734,-73.94854,0,0,0,0,4082,-7394,0.3812154696132597
2021-04-14T00:00:00.000,18:14,40.855873,-73.79149,1,0,1,1,4085,-7379,0.6666666666666666
2021-04-15T00:00:00.000,21:42,40.686115,-73.86992,0,0,0,0,4068,-7386,0.423728813559322
2021-04-16T00:00:00.000,12:00,40.693176,-73.95214,0,0,0,0,4069,-7395,0.30952380952380953
2021-04-16T00:00:00.000,12:07,40.755337,-73.843254,1,0,1,1,4075,-7384,0.25
2021-04-14T00:00:00.000,18:55,40.641895,-73.93324,0,0,0,0,4064,-7393,0.3333333333333333
2021-04-14T00:00:00.000,18:38,40.83878,-73.918106,0,0,0,0,4083,-7391,0.33714285714285713
2021-04-11T00:00:00.000,9:20,40.663227,-73.93159,1,0,1,1,4066,-7393,0.38578680203045684
2021-04-14T00:00:00.000,1:00,40.76151,-73.88361,1,0,1,1,4076,-7388,0.43283582089552236
2021-04-16T00:00:00.000,14:00,40.70042,-73.956566,0,0,0,0,4070,-7395,0.3475177304964539
2021-04-14T00:00:00.000,2:10,40.609436,-74.0694,0,0,0,0,4060,-7406,0.3076923076923077
2021-04-14T00:00:00.000,12:30,40.64393,-73.99933,0,0,0,0,4064,-7399,0.3442622950819672
2021-04-16T00:00:00.000,10:50,40.61636,-74.15677,0,0,0,0,4061,-7415,0.3333333333333333
2021-04-15T00:00:00.000,17:30,40.761303,-73.86043,0,0,0,0,4076,-7386,0.40298507462686567
2021-04-16T00:00:00.000,16:28,40.694836,-73.96915,0,0,0,0,4069,-7396,0.325
2021-04-16T00:00:00.000,11:30,40.580658,-73.985664,0,0,0,0,4058,-7398,0.4
2021-04-15T00:00:00.000,17:45,40.872303,-73.84665,1,0,1,1,4087,-7384,0.47297297297297297
2021-04-10T00:00:00.000,22:55,40.639805,-73.95132,0,0,0,0,4063,-7395,0.48484848484848486
2021-04-14T00:00:00.000,7:00,40.60871,-73.74768,0,0,0,0,4060,-7374,0.15789473684210525
2021-04-16T00:00:00.000,16:55,40.758156,-73.89627,1,0,1,1,4075,-7389,0.4805194805194805
2021-04-14T00:00:00.000,15:30,40.824932,-73.82431,0,0,0,0,4082,-7382,0.46153846153846156
2021-04-15T00:00:00.000,18:05,40.61242,-73.991234,0,0,0,0,4061,-7399,0.29411764705882354
2021-04-16T00:00:00.000,21:08,40.696213,-73.97528,3,0,1,1,4069,-7397,0.3253012048192771
2021-04-14T00:00:00.000,18:47,40.783146,-73.97833,0,0,0,0,4078,-7397,0.3434343434343434
2021-04-16T00:00:00.000,13:25,40.897415,-73.85018,3,0,1,1,4089,-7385,0.3813559322033898
2021-04-15T00:00:00.000,8:00,40.73444,-73.72179,1,0,1,1,4073,-7372,0.3333333333333333
2021-04-14T00:00:00.000,18:55,40.642002,-73.898834,1,0,1,1,4064,-7389,0.43478260869565216
2021-04-06T00:00:00.000,0:30,40.800663,-73.946465,0,0,0,0,4080,-7394,0.41116751269035534
2021-04-16T00:00:00.000,22:55,40.643517,-73.96098,1,0,1,1,4064,-7396,0.4714285714285714
2021-04-16T00:00:00.000,10:00,40.84621,-73.91227,0,0,0,0,4084,-7391,0.32558139534883723
2021-04-14T00:00:00.000,18:35,40.707493,-73.94153,0,0,0,0,4070,-7394,0.3956043956043956
2021-04-14T00:00:00.000,19:05,40.786854,-73.82236,0,0,0,0,4078,-7382,0.3
2021-04-14T00:00:00.000,15:45,40.88887,-73.864365,0,0,0,0,4088,-7386,0.23809523809523808
2021-04-16T00:00:00.000,20:00,40.682156,-73.920616,0,0,0,0,4068,-7392,0.2542372881355932
2021-04-16T00:00:00.000,11:20,40.677025,-73.95268,0,0,0,0,4067,-7395,0.3695652173913043
2021-04-10T00:00:00.000,19:45,40.84797,-73.924774,0,0,0,0,4084,-7392,0.3181818181818182
2021-04-16T00:00:00.000,17:16,40.66827,-73.90263,0,0,0,0,4066,-7390,0.2777777777777778
2021-02-26T00:00:00.000,8:00,40.752045,-73.879036,0,0,0,0,4075,-7387,0.33884297520661155
2021-04-15T00:00:00.000,13:36,40.671448,-73.78943,0,0,0,0,4067,-7378,0.2
2021-04-15T00:00:00.000,0:30,40.666393,-73.764465,0,0,0,0,4066,-7376,0.30434782608695654
2021-04-15T00:00:00.000,14:11,40.826153,-73.920265,0,0,0,0,4082,-7392,0.3333333333333333
2021-04-13T00:00:00.000,17:15,40.74652,-73.99388,1,0,1,1,4074,-7399,0.3333333333333333
2021-04-12T00:00:00.000,5:00,40.694637,-73.949066,0,0,0,0,4069,-7394,0.417910447761194
2021-04-16T00:00:00.000,21:35,40.68561,-73.80654,0,0,0,0,4068,-7380,0.3829787234042553
2021-04-14T00:00:00.000,9:08,40.678852,-73.88152,0,0,0,0,4067,-7388,0.30434782608695654
2021-04-09T00:00:00.000,9:45,40.79157,-73.94469,0,0,0,0,4079,-7394,0.3523809523809524
2021-04-14T00:00:00.000,14:30,40.66305,-73.74874,0,0,0,0,4066,-7374,0.3698630136986301
2021-04-15T00:00:00.000,12:30,40.758537,-73.97721,0,0,0,0,4075,-7397,0.375886524822695
2021-04-14T00:00:00.000,11:00,40.716824,-73.82019,0,0,0,0,4071,-7382,0.379746835443038
2021-04-15T00:00:00.000,22:30,40.605072,-73.997795,0,0,0,0,4060,-7399,0.31683168316831684
2021-04-15T00:00:00.000,1:45,40.827595,-73.85004,0,0,0,0,4082,-7385,0.27
2021-04-13T00:00:00.000,14:35,40.835598,-73.9138,0,0,0,0,4083,-7391,0.33714285714285713
2021-04-16T00:00:00.000,6:45,40.74832,-73.87729,0,0,0,0,4074,-7387,0.25663716814159293
2021-04-16T00:00:00.000,10:32,40.81094,-73.94318,0,0,0,0,4081,-7394,0.38
2021-04-15T00:00:00.000,6:15,40.64884,-73.95102,0,0,0,0,4064,-7395,0.4796747967479675
2021-04-14T00:00:00.000,18:05,40.64124,-73.943726,0,0,0,0,4064,-7394,0.42342342342342343
2021-04-14T00:00:00.000,11:42,40.810486,-73.905075,0,0,0,0,4081,-7390,0.3888888888888889
2021-04-13T00:00:00.000,18:53,40.636612,-73.97708,0,0,0,0,4063,-7397,0.36893203883495146
2021-04-16T00:00:00.000,9:40,40.72956,-73.87145,0,0,0,0,4072,-7387,0.5714285714285714
2021-04-14T00:00:00.000,13:55,40.67474,-73.99777,0,0,0,0,4067,-7399,0.3258426966292135
2021-04-15T00:00:00.000,5:56,40.765152,-73.995155,1,0,1,1,4076,-7399,0.3275862068965517
2021-04-15T00:00:00.000,15:40,40.704483,-73.9488,1,0,1,1,4070,-7394,0.3956043956043956
2021-04-16T00:00:00.000,0:01,40.742523,-73.94924,0,0,0,0,4074,-7394,0.33962264150943394
2021-04-14T00:00:00.000,10:39,40.74217,-73.804436,1,0,1,1,4074,-7380,0.35294117647058826
2021-04-14T00:00:00.000,0:27,40.852673,-73.919106,1,0,1,1,4085,-7391,0.373134328358209
2021-07-08T00:00:00.000,20:38,40.88048,-73.83832,0,0,0,0,4088,-7383,0.3448275862068966
2021-04-15T00:00:00.000,18:35,40.57699,-73.98153,0,0,0,0,4057,-7398,0.36904761904761907
2021-04-15T00:00:00.000,18:46,40.711033,-73.7281,0,0,0,0,4071,-7372,0.40425531914893614
2021-04-15T00:00:00.000,4:13,40.818607,-73.904785,0,0,0,0,4081,-7390,0.3888888888888889
2021-04-14T00:00:00.000,19:00,40.696445,-73.8131,2,0,1,1,4069,-7381,0.3902439024390244
2021-04-16T00:00:00.000,10:45,40.733376,-73.86665,1,0,1,1,4073,-7386,0.3464566929133858
2021-07-08T00:00:00.000,17:10,40.677155,-73.88773,0,0,0,0,4067,-7388,0.30434782608695654
2021-04-15T00:00:00.000,21:48,40.679073,-73.92527,0,0,0,0,4067,-7392,0.39655172413793105
2021-04-16T00:00:00.000,17:58,40.7722,-73.74176,1,0,1,1,4077,-7374,0.16666666666666666
2021-04-15T00:00:00.000,7:00,40.66597,-73.928604,0,0,0,0,4066,-7392,0.355
2021-04-14T00:00:00.000,16:50,40.683342,-74.001976,1,0,1,1,4068,-7400,0.3333333333333333
2021-04-16T00:00:00.000,14:58,40.59675,-73.97329,0,0,0,0,4059,-7397,0.3191489361702128
2021-04-15T00:00:00.000,16:00,40.703,-73.94425,0,0,0,0,4070,-7394,0.3956043956043956
2021-04-15T00:00:00.000,18:47,40.825424,-73.923485,0,0,0,0,4082,-7392,0.3333333333333333
2021-04-14T00:00:00.000,9:15,40.676132,-73.921906,1,0,1,1,4067,-7392,0.39655172413793105
2021-04-11T00:00:00.000,23:57,40.588078,-74.16127,0,0,0,0,4058,-7416,0.3
2021-04-14T00:00:00.000,20:00,40.65319,-73.96622,1,0,1,1,4065,-7396,0.3939393939393939
2021-04-16T00:00:00.000,17:20,40.658295,-73.93109,0,0,0,0,4065,-7393,0.44366197183098594
2021-04-14T00:00:00.000,21:38,40.8541,-73.919106,0,0,0,0,4085,-7391,0.373134328358209
2021-09-11T00:00:00.000,17:50,40.667156,-73.9101,0,0,0,0,4066,-7391,0.3630952380952381
2021-04-15T00:00:00.000,10:19,40.769794,-73.90045,0,0,0,0,4076,-7390,0.3055555555555556
2021-04-15T00:00:00.000,19:15,40.633514,-74.026955,1,0,1,1,4063,-7402,0.3877551020408163
2021-04-14T00:00:00.000,18:00,40.608433,-74.15544,0,0,0,0,4060,-7415,0.3076923076923077
2021-04-15T00:00:00.000,17:00,40.672638,-73.97678,0,0,0,0,4067,-7397,0.2818181818181818
2021-04-16T00:00:00.000,23:20,40.64588,-73.95195,0,0,0,0,4064,-7395,0.4796747967479675
2021-04-07T00:00:00.000,19:30,40.711353,-73.77518,0,0,0,0,4071,-7377,0.20967741935483872
2021-04-16T00:00:00.000,20:45,40.74456,-73.95598,1,0,1,1,4074,-7395,0.35185185185185186
2021-04-14T00:00:00.000,10:00,40.657894,-73.88153,0,0,0,0,4065,-7388,0.41509433962264153
2021-04-14T00:00:00.000,16:00,40.778625,-73.77587,0,0,0,0,4077,-7377,0.25
2021-04-16T00:00:00.000,13:40,40.60783,-74.1465,2,0,1,1,4060,-7414,0.4074074074074074
2021-04-14T00:00:00.000,11:10,0.0,0.0,0,0,0,0,0,0,0.40425531914893614
2021-04-14T00:00:00.000,14:50,40.777504,-73.954956,0,0,0,0,4077,-7395,0.3384615384615385
2021-04-15T00:00:00.000,16:03,40.841084,-73.937935,2,0,1,1,4084,-7393,0.32786885245901637
2021-04-15T00:00:00.000,7:20,40.7075,-73.800674,0,0,0,0,4070,-7380,0.3877551020408163
2021-04-14T00:00:00.000,9:58,40.621357,-74.02198,1,0,1,1,4062,-7402,0.3625
2021-04-14T00:00:00.000,14:20,40.666748,-73.764534,1,0,1,1,4066,-7376,0.30434782608695654
2021-04-16T00:00:00.000,14:35,40.71178,-73.91737,0,0,0,0,4071,-7391,0.1836734693877551
2021-04-15T00:00:00.000,9:00,40.677876,-73.85064,0,0,0,0,4067,-7385,0.26666666666666666
2021-04-14T00:00:00.000,9:49,40.667114,-73.834656,0,0,0,0,4066,-7383,0.5
2022-03-26T00:00:00.000,14:30,40.7514,-73.983765,1,0,1,1,4075,-7398,0.3170731707317073
2021-04-14T00:00:00.000,13:18,40.703915,-73.94817,0,0,0,0,4070,-7394,0.3956043956043956
2021-04-15T00:00:00.000,15:50,40.844563,-73.901276,0,0,0,0,4084,-7390,0.366120218579235
2021-04-13T00:00:00.000,17:15,40.65505,-73.95631,0,0,0,0,4065,-7395,0.38686131386861317
2021-04-07T00:00:00.000,18:20,40.710476,-73.963844,1,0,1,1,4071,-7396,0.3218390804597701
2021-04-15T00:00:00.000,0:39,40.584343,-73.962,0,0,0,0,4058,-7396,0.37333333333333335
2021-04-16T00:00:00.000,4:16,40.759205,-73.98464,0,0,0,0,4075,-7398,0.3170731707317073
2021-04-14T00:00:00.000,7:50,40.8188,-73.95603,0,0,0,0,4081,-7395,0.3509933774834437
2021-04-15T00:00:00.000,4:25,40.693882,-73.72966,0,0,0,0,4069,-7372,0.40425531914893614
2021-04-15T00:00:00.000,15:20,40.622272,-74.00306,0,0,0,0,4062,-7400,0.3150684931506849
2021-04-15T00:00:00.000,14:30,40.66377,-73.76881,0,0,0,0,4066,-7376,0.30434782608695654
2021-04-14T00:00:00.000,2:02,40.675106,-73.97714,0,0,0,0,4067,-7397,0.2818181818181818
2021-04-15T00:00:00.000,12:12,40.706142,-74.00603,1,0,1,1,4070,-7400,0.2542372881355932
2021-04-15T00:00:00.000,1:17,40.821156,-73.88635,0,0,0,0,4082,-7388,0.27624309392265195
2021-04-16T00:00:00.000,3:15,40.685585,-73.78584,0,0,0,0,4068,-7378,0.3384615384615385
2021-04-07T00:00:00.000,13:25,40.631573,-73.99547,1,0,1,1,4063,-7399,0.47692307692307695
2021-04-05T00:00:00.000,19:42,40.800972,-73.947174,2,0,1,1,4080,-7394,0.41116751269035534
2021-04-14T00:00:00.000,15:00,40.72304,-73.8563,1,0,1,1,4072,-7385,0.4418604651162791
2021-04-15T00:00:00.000,10:20,40.75734,-73.98602,0,0,0,0,4075,-7398,0.3170731707317073
2021-04-16T00:00:00.000,18:25,40.60109,-74.09284,0,0,0,0,4060,-7409,0.36363636363636365
2021-04-16T00:00:00.000,0:00,40.867554,-73.84065,0,0,0,0,4086,-7384,0.17857142857142858
2021-04-14T00:00:00.000,15:35,40.8651,-73.92189,0,0,0,0,4086,-7392,0.359375
2021-04-13T00:00:00.000,20:00,40.69942,-73.86878,0,0,0,0,4069,-7386,0.21052631578947367
2021-04-14T00:00:00.000,22:09,40.85687,-73.93477,0,0,0,0,4085,-7393,0.36585365853658536
2021-04-14T00:00:00.000,15:37,40.76051,-73.82914,0,0,0,0,4076,-7382,0.2987012987012987
2021-04-16T00:00:00.000,21:00,40.846153,-73.932335,1,0,1,1,4084,-7393,0.32786885245901637
2021-04-16T00:00:00.000,10:46,40.707523,-73.96115,0,0,0,0,4070,-7396,0.3431372549019608
2021-04-14T00:00:00.000,21:08,40.72773,-73.90674,0,0,0,0,4072,-7390,0.2978723404255319
2021-04-15T00:00:00.000,23:30,40.884014,-73.8791,0,0,0,0,4088,-7387,0.14583333333333334
2021-04-15T00:00:00.000,12:35,40.63651,-74.133,1,0,1,1,4063,-7413,0.2903225806451613
2021-04-15T00:00:00.000,18:45,40.723347,-73.939316,0,0,0,0,4072,-7393,0.36507936507936506
2021-04-14T00:00:00.000,16:25,40.865067,-73.9281,0,0,0,0,4086,-7392,0.359375
2021-04-09T00:00:00.000,13:40,40.81945,-73.902054,2,0,1,1,4081,-7390,0.3888888888888889
2021-04-14T00:00:00.000,9:30,40.876095,-73.868126,0,0,0,0,4087,-7386,0.3142857142857143
2021-04-16T00:00:00.000,23:00,40.79672,-73.97618,0,0,0,0,4079,-7397,0.24210526315789474
2021-04-15T00:00:00.000,6:00,40.673016,-73.89718,0,0,0,0,4067,-7389,0.33852140077821014
2021-04-16T00:00:00.000,9:10,40.667908,-73.76281,0,0,0,0,4066,-7376,0.30434782608695654
2021-04-15T00:00:00.000,12:10,40.697327,-73.82961,1,0,1,1,4069,-7382,0.37209302325581395
2021-04-15T00:00:00.000,21:55,40.898373,-73.87283,0,0,0,0,4089,-7387,0.2
2021-04-14T00:00:00.000,22:30,40.741917,-73.823425,2,0,1,1,4074,-7382,0.4057971014492754
2021-04-15T00:00:00.000,23:00,40.825115,-73.92541,0,0,0,0,4082,-7392,0.3333333333333333
2021-04-16T00:00:00.000,16:11,40.700813,-73.95447,0,0,0,0,4070,-7395,0.3475177304964539
2021-04-14T00:00:00.000,18:00,40.744923,-73.83709,0,0,0,0,4074,-7383,0.4067796610169492
2021-04-14T00:00:00.000,15:13,40.597706,-74.092575,0,0,0,0,4059,-7409,0.42857142857142855
2021-04-14T00:00:00.000,6:06,40.7375,-73.93385,1,0,1,1,4073,-7393,0.38461538461538464
2021-04-14T00:00:00.000,15:48,40.842678,-73.899376,3,0,1,1,4084,-7389,0.33766233766233766
2021-04-15T00:00:00.000,11:15,40.70675,-73.76271,0,0,0,0,4070,-7376,0.43902439024390244
2021-04-14T00:00:00.000,18:10,40.68018,-73.95994,0,0,0,0,4068,-7395,0.38571428571428573
2021-04-15T00:00:00.000,3:30,40.805058,-73.93904,0,0,0,0,4080,-7393,0.36312849162011174
2021-04-15T00:00:00.000,13:15,40.732857,-73.79857,1,0,1,1,4073,-7379,0.4
2021-04-11T00:00:00.000,16:30,40.671032,-73.93927,0,0,0,0,4067,-7393,0.3755868544600939
2021-04-16T00:00:00.000,0:46,40.737568,-74.00149,0,0,0,0,4073,-7400,0.2403846153846154
2021-04-15T00:00:00.000,19:45,40.594105,-73.79242,0,0,0,0,4059,-7379,0.2692307692307692
2021-04-16T00:00:00.000,11:35,40.628258,-73.94135,0,0,0,0,4062,-7394,0.41379310344827586
2021-04-07T00:00:00.000,14:24,40.71058,-73.87064,1,0,1,1,4071,-7387,0.5652173913043478
2021-04-14T00:00:00.000,0:00,40.64994,-74.00172,0,0,0,0,4064,-7400,0.36764705882352944
2021-04-14T00:00:00.000,21:00,40.581745,-73.95384,1,0,1,1,4058,-7395,0.3465346534653465
2021-04-14T00:00:00.000,19:50,40.62146,-74.071754,2,0,1,1,4062,-7407,0.35714285714285715
2021-04-15T00:00:00.000,12:25,40.69627,-73.90956,0,0,0,0,4069,-7390,0.29591836734693877
2021-04-15T00:00:00.000,18:10,40.670624,-73.895546,0,0,0,0,4067,-7389,0.33852140077821014
2021-04-14T00:00:00.000,17:30,40.766922,-73.83548,0,0,0,0,4076,-7383,0.33695652173913043
2021-04-16T00:00:00.000,6:10,40.641205,-73.877205,1,0,1,1,4064,-7387,0.4918032786885246
2021-04-14T00:00:00.000,17:00,40.74156,-73.88065,0,0,0,0,4074,-7388,0.2978723404255319
2021-04-15T00:00:00.000,13:45,40.68405,-73.97746,0,0,0,0,4068,-7397,0.3412322274881517
2021-04-08T00:00:00.000,12:03,40.70277,-73.990685,0,0,0,0,4070,-7399,0.21052631578947367
2021-04-14T00:00:00.000,0:00,40.60365,-73.99204,0,0,0,0,4060,-7399,0.31683168316831684
2021-04-14T00:00:00.000,7:55,40.811512,-73.89053,0,0,0,0,4081,-7389,0.31543624161073824
2021-04-16T00:00:00.000,13:00,40.74947,-73.85056,0,0,0,0,4074,-7385,0.35526315789473684
2021-04-16T00:00:00.000,9:35,40.75597,-73.91262,1,0,1,1,4075,-7391,0.4777777777777778
2021-04-14T00:00:00.000,12:35,40.607838,-74.0872,0,0,0,0,4060,-7408,0.3235294117647059
2021-04-16T00:00:00.000,17:25,40.825455,-73.91317,3,0,1,1,4082,-7391,0.3355263157894737
2021-04-16T00:00:00.000,16:12,40.66615,-73.80575,0,0,0,0,4066,-7380,0.40789473684210525
2021-04-16T00:00:00.000,15:40,40.859444,-73.915985,0,0,0,0,4085,-7391,0.373134328358209
2021-04-15T00:00:00.000,17:55,40.679276,-73.92906,0,0,0,0,4067,-7392,0.39655172413793105
2021-04-16T00:00:00.000,16:39,40.86536,-73.87043,0,0,0,0,4086,-7387,0.34545454545454546
2021-04-14T00:00:00.000,15:50,40.748024,-73.88021,2,0,1,1,4074,-7388,0.2978723404255319
2021-04-15T00:00:00.000,19:49,40.741028,-73.99417,1,0,1,1,4074,-7399,0.3333333333333333
2021-04-16T00:00:00.000,14:54,40.757977,-73.88297,0,0,0,0,4075,-7388,0.3402061855670103
2021-04-16T00:00:00.000,22:15,40.752445,-73.96461,0,0,0,0,4075,-7396,0.4788732394366197
2021-04-11T00:00:00.000,21:30,40.802696,-73.949196,0,0,0,0,4080,-7394,0.41116751269035534
2021-04-14T00:00:00.000,13:15,40.690174,-73.95527,0,0,0,0,4069,-7395,0.30952380952380953
2021-04-14T00:00:00.000,11:48,40.738354,-73.89591,0,0,0,0,4073,-7389,0.2857142857142857
2021-04-14T00:00:00.000,20:00,40.673588,-73.73351,0,0,0,0,4067,-7373,0.46835443037974683
2021-09-11T00:00:00.000,18:30,40.734863,-73.862656,1,0,1,1,4073,-7386,0.3464566929133858
2021-07-08T00:00:00.000,20:25,40.84939,-73.85622,0,0,0,0,4084,-7385,0.32727272727272727
2021-09-06T00:00:00.000,10:30,40.62103,-74.16894,0,0,0,0,4062,-7416,0.24444444444444444
2021-07-08T00:00:00.000,14:27,40.730198,-73.954254,0,0,0,0,4073,-7395,0.30434782608695654
2021-09-11T00:00:00.000,5:00,40.666454,-73.78413,0,0,0,0,4066,-7378,0.34615384615384615
2021-09-09T00:00:00.000,11:00,40.635998,-74.11747,0,0,0,0,4063,-7411,0.20689655172413793
2021-09-11T00:00:00.000,6:34,40.838573,-73.86077,0,0,0,0,4083,-7386,0.24822695035460993
2021-09-08T00:00:00.000,20:20,40.59702,-74.09339,1,0,1,1,4059,-7409,0.42857142857142855
2021-09-11T00:00:00.000,9:55,40.652313,-73.95602,1,0,1,1,4065,-7395,0.38686131386861317
2021-09-11T00:00:00.000,13:53,40.732533,-73.76565,1,0,1,1,4073,-7376,0.2857142857142857
2021-09-10T00:00:00.000,15:00,40.68866,-73.86588,0,0,0,0,4068,-7386,0.423728813559322
2021-09-11T00:00:00.000,23:50,40.734886,-73.98995,0,0,0,0,4073,-7398,0.36942675159235666
2021-07-08T00:00:00.000,13:30,40.67506,-73.98139,1,0,1,1,4067,-7398,0.3655913978494624
2021-09-11T00:00:00.000,16:30,40.58489,-73.818954,0,0,0,0,4058,-7381,0.1875
2021-09-09T00:00:00.000,3:10,40.743614,-73.875275,0,0,0,0,4074,-7387,0.25663716814159293
2021-09-11T00:00:00.000,14:00,40.69613,-73.987114,1,0,1,1,4069,-7398,0.3229166666666667
2021-06-19T00:00:00.000,5:30,40.846138,-73.86172,1,0,1,1,4084,-7386,0.375
2021-07-06T00:00:00.000,22:00,40.720074,-73.96282,0,0,0,0,4072,-7396,0.3333333333333333
2021-09-11T00:00:00.000,0:45,40.827904,-73.9247,0,0,0,0,4082,-7392,0.3333333333333333
2021-07-09T00:00:00.000,10:20,40.798584,-73.93353,0,0,0,0,4079,-7393,0.36585365853658536
2021-09-11T00:00:00.000,12:00,40.847027,-73.89807,0,0,0,0,4084,-7389,0.33766233766233766
2021-09-11T00:00:00.000,20:30,40.86135,-73.89774,2,0,1,1,4086,-7389,0.40606060606060607
2022-04-25T00:00:00.000,16:00,40.54802,-74.1558,0,0,0,0,4054,-7415,0.3125
2021-09-10T00:00:00.000,13:48,40.764896,-73.97256,0,0,0,0,4076,-7397,0.37
2021-09-11T00:00:00.000,20:00,40.80964,-73.947845,1,0,1,1,4080,-7394,0.41116751269035534
2021-09-11T00:00:00.000,8:57,40.808243,-73.92785,1,0,1,1,4080,-7392,0.3141025641025641
2021-09-11T00:00:00.000,8:00,40.73994,-73.850266,0,0,0,0,4073,-7385,0.3619047619047619
2021-09-11T00:00:00.000,11:40,40.709435,-73.73208,0,0,0,0,4070,-7373,0.52
2021-07-08T00:00:00.000,17:42,40.83398,-73.82635,3,0,1,1,4083,-7382,0.44680851063829785
2021-08-27T00:00:00.000,21:15,40.631577,-74.185005,1,0,1,1,4063,-7418,1.0
2021-09-11T00:00:00.000,13:37,40.750988,-73.99063,0,0,0,0,4075,-7399,0.2830188679245283
2021-06-22T00:00:00.000,18:45,40.83611,-73.92238,0,0,0,0,4083,-7392,0.310126582278481
2021-07-06T00:00:00.000,23:00,40.733376,-73.95865,0,0,0,0,4073,-7395,0.30434782608695654
2021-07-06T00:00:00.000,15:15,40.59714,-73.933495,0,0,0,0,4059,-7393,0.47058823529411764
2021-09-11T00:00:00.000,10:14,40.697556,-73.80498,1,0,1,1,4069,-7380,0.38461538461538464
2021-09-11T00:00:00.000,18:42,40.82842,-73.86068,0,0,0,0,4082,-7386,0.3493975903614458
2021-09-11T00:00:00.000,2:15,40.732613,-73.925156,3,0,1,1,4073,-7392,0.4444444444444444
2021-07-08T00:00:00.000,9:00,40.86094,-73.822586,1,0,1,1,4086,-7382,0.3611111111111111
2021-07-08T00:00:00.000,2:56,40.68274,-73.97822,1,0,1,1,4068,-7397,0.3412322274881517
2021-09-11T00:00:00.000,16:00,40.718555,-73.988205,0,0,0,0,4071,-7398,0.39568345323741005
2021-09-10T00:00:00.000,22:18,40.60981,-73.92251,1,0,1,1,4060,-7392,0.3333333333333333
2021-09-11T00:00:00.000,17:23,40.79611,-73.96145,3,0,1,1,4079,-7396,0.25
2021-07-09T00:00:00.000,1:45,40.686928,-73.85314,1,0,1,1,4068,-7385,0.43103448275862066
2021-07-08T00:00:00.000,17:30,40.667385,-73.88709,0,0,0,0,4066,-7388,0.37012987012987014
2021-09-08T00:00:00.000,7:20,40.61427,-74.156654,0,0,0,0,4061,-7415,0.3333333333333333
2021-09-11T00:00:00.000,17:00,40.743214,-73.95135,1,0,1,1,4074,-7395,0.35185185185185186
2021-09-10T00:00:00.000,21:50,40.569706,-74.144394,1,0,1,1,4056,-7414,0.6666666666666666
2021-09-11T00:00:00.000,20:00,40.601112,-73.76122,0,0,0,0,4060,-7376,0.19230769230769232
2021-07-09T00:00:00.000,9:39,40.86404,-73.89245,0,0,0,0,4086,-7389,0.40606060606060607
2021-07-05T00:00:00.000,5:06,40.597824,-73.782524,0,0,0,0,4059,-7378,0.14705882352941177
2021-09-11T00:00:00.000,0:00,40.67106,-73.90336,0,0,0,0,4067,-7390,0.3282442748091603
2021-07-05T00:00:00.000,12:58,40.626328,-74.13132,0,0,0,0,4062,-7413,0.4074074074074074
2021-09-11T00:00:00.000,19:35,40.651863,-73.86536,0,0,0,0,4065,-7386,0.36619718309859156
2021-09-05T00:00:00.000,13:05,40.768166,-73.83749,2,0,1,1,4076,-7383,0.33695652173913043
2021-09-11T00:00:00.000,13:40,40.76536,-73.82787,1,0,1,1,4076,-7382,0.2987012987012987
2021-09-11T00:00:00.000,22:23,40.811367,-73.95402,2,0,1,1,4081,-7395,0.3509933774834437
2021-09-11T00:00:00.000,11:32,40.605675,-73.98935,0,0,0,0,4060,-7398,0.2711864406779661
2021-07-07T00:00:00.000,23:30,40.71418,-73.95336,0,0,0,0,4071,-7395,0.36585365853658536
2021-07-08T00:00:00.000,12:45,40.886806,-73.85216,1,0,1,1,4088,-7385,0.36619718309859156
2021-09-11T00:00:00.000,15:20,40.71594,-73.92488,1,0,1,1,4071,-7392,0.2777777777777778
2021-09-05T00:00:00.000,15:35,40.58524,-74.093414,0,0,0,0,4058,-7409,0.15625
2021-09-11T00:00:00.000,22:20,40.605022,-74.00264,0,0,0,0,4060,-7400,0.24074074074074073
2021-07-04T00:00:00.000,20:22,40.843994,-73.89752,0,0,0,0,4084,-7389,0.33766233766233766
2021-09-11T00:00:00.000,18:35,40.696987,-73.85283,0,0,0,0,4069,-7385,0.34
2021-09-11T00:00:00.000,22:06,40.876743,-73.90664,0,0,0,0,4087,-7390,0.3184713375796178
2021-09-11T00:00:00.000,8:55,40.543495,-74.14747,1,0,1,1,4054,-7414,0.2631578947368421
2021-07-04T00:00:00.000,19:15,40.64511,-73.874886,0,0,0,0,4064,-7387,0.4918032786885246
2021-09-10T00:00:00.000,10:45,40.698055,-73.7877,0,0,0,0,4069,-7378,0.29310344827586204
2021-07-03T00:00:00.000,15:25,40.60303,-73.75316,0,0,0,0,4060,-7375,0.17117117117117117
2021-09-10T00:00:00.000,17:00,40.56029,-74.165924,0,0,0,0,4056,-7416,0.35
2021-07-09T00:00:00.000,5:35,40.735283,-73.85984,0,0,0,0,4073,-7385,0.3619047619047619
2021-09-11T00:00:00.000,14:55,40.66361,-73.89858,0,0,0,0,4066,-7389,0.3103448275862069
2021-07-09T00:00:00.000,2:20,40.805737,-73.94065,1,0,1,1,4080,-7394,0.41116751269035534
2021-07-06T00:00:00.000,14:00,40.59702,-73.749084,0,0,0,0,4059,-7374,0.18181818181818182
2021-09-11T00:00:00.000,0:20,40.63782,-73.952965,0,0,0,0,4063,-7395,0.48484848484848486
2021-07-08T00:00:00.000,17:43,40.80153,-73.93669,0,0,0,0,4080,-7393,0.36312849162011174
2021-09-11T00:00:00.000,11:19,40.684513,-73.909386,0,0,0,0,4068,-7390,0.4421052631578947
2021-09-02T00:00:00.000,23:01,40.887424,-73.90721,1,0,1,1,4088,-7390,0.2702702702702703
2021-09-09T00:00:00.000,13:10,40.63512,-73.929634,1,0,1,1,4063,-7392,0.4036697247706422
2021-07-06T00:00:00.000,0:00,40.693703,-73.90505,0,0,0,0,4069,-7390,0.29591836734693877
2021-09-11T00:00:00.000,12:50,40.719067,-73.99336,1,0,1,1,4071,-7399,0.3263157894736842
2021-09-11T00:00:00.000,21:15,40.87306,-73.87864,0,0,0,0,4087,-7387,0.297029702970297
2021-09-11T00:00:00.000,22:05,40.76161,-73.97076,0,0,0,0,4076,-7397,0.37
2021-09-04T00:00:00.000,9:50,40.757847,-73.89922,1,0,1,1,4075,-7389,0.4805194805194805
2021-09-09T00:00:00.000,16:49,40.845352,-73.92821,0,0,0,0,4084,-7392,0.3181818181818182
2021-09-11T00:00:00.000,13:55,40.582233,-74.16907,0,0,0,0,4058,-7416,0.3
2021-09-11T00:00:00.000,15:00,40.843822,-73.892494,1,0,1,1,4084,-7389,0.33766233766233766
2021-07-09T00:00:00.000,13:05,40.82733,-73.8498,0,0,0,0,4082,-7384,0.3835616438356164
2021-07-01T00:00:00.000,16:59,40.70455,-73.91662,1,0,1,1,4070,-7391,0.27450980392156865
2021-09-10T00:00:00.000,4:45,40.688755,-73.86094,0,0,0,0,4068,-7386,0.423728813559322
2021-09-11T00:00:00.000,5:00,40.68812,-73.9117,0,0,0,0,4068,-7391,0.344
2021-09-11T00:00:00.000,4:30,40.696033,-73.984535,0,0,0,0,4069,-7398,0.3229166666666667
2021-07-08T00:00:00.000,12:17,40.59742,-74.06836,0,0,0,0,4059,-7406,0.29411764705882354
2021-09-11T00:00:00.000,4:40,40.64615,-73.93242,0,0,0,0,4064,-7393,0.3333333333333333
2021-07-01T00:00:00.000,12:25,40.609913,-73.75364,0,0,0,0,4060,-7375,0.17117117117117117
2021-09-11T00:00:00.000,21:37,40.701385,-73.804115,1,0,1,1,4070,-7380,0.3877551020408163
2021-09-01T00:00:00.000,7:30,40.596004,-74.06788,0,0,0,0,4059,-7406,0.29411764705882354
2021-09-11T00:00:00.000,18:40,40.756256,-73.85773,0,0,0,0,4075,-7385,0.3048780487804878
2021-09-11T00:00:00.000,20:00,40.7118,-73.94224,0,0,0,0,4071,-7394,0.3710691823899371
2021-07-08T00:00:00.000,23:45,40.892624,-73.859924,0,0,0,0,4089,-7385,0.3813559322033898
2021-09-11T00:00:00.000,7:00,40.709164,-73.93708,0,0,0,0,4070,-7393,0.3300970873786408
2021-07-08T00:00:00.000,20:15,40.59634,-73.94308,0,0,0,0,4059,-7394,0.275
2021-09-11T00:00:00.000,15:43,40.60442,-74.00084,0,0,0,0,4060,-7400,0.24074074074074073
2021-04-17T00:00:00.000,13:31,40.782463,-73.97883,0,1,2,1,4078,-7397,0.3434343434343434
2021-09-11T00:00:00.000,15:40,40.63157,-74.0775,0,0,0,0,4063,-7407,0.4444444444444444
2021-09-11T00:00:00.000,10:10,40.85424,-73.887146,0,0,0,0,4085,-7388,0.3
2021-06-27T00:00:00.000,0:14,40.592678,-73.78349,1,0,1,1,4059,-7378,0.14705882352941177
2021-09-08T00:00:00.000,16:40,40.80777,-73.94549,1,0,1,1,4080,-7394,0.41116751269035534
2021-07-08T00:00:00.000,15:03,40.661835,-73.893105,0,0,0,0,4066,-7389,0.3103448275862069
2021-07-08T00:00:00.000,12:20,40.676117,-73.74046,0,0,0,0,4067,-7374,0.2619047619047619
2021-09-11T00:00:00.000,17:33,40.768917,-73.888756,0,0,0,0,4076,-7388,0.43283582089552236
2021-09-11T00:00:00.000,13:05,40.82733,-73.8498,0,0,0,0,4082,-7384,0.3835616438356164
2021-09-10T00:00:00.000,19:05,40.764614,-73.95833,0,0,0,0,4076,-7395,0.3696969696969697
2021-09-11T00:00:00.000,14:00,40.841087,-73.86449,3,0,1,1,4084,-7386,0.375
2021-09-11T00:00:00.000,0:30,40.747276,-73.989624,2,0,1,1,4074,-7398,0.40131578947368424
2021-06-28T00:00:00.000,16:00,40.596325,-73.76673,2,0,1,1,4059,-7376,0.23809523809523808
2021-09-10T00:00:00.000,18:30,40.73873,-73.81428,0,0,0,0,4073,-7381,0.3181818181818182
2021-09-11T00:00:00.000,13:54,40.713924,-73.96714,0,0,0,0,4071,-7396,0.3218390804597701
2021-07-05T00:00:00.000,12:14,40.609592,-73.75854,0,0,0,0,4060,-7375,0.17117117117117117
2021-09-10T00:00:00.000,15:00,40.8733,-73.853645,1,0,1,1,4087,-7385,0.37681159420289856
2021-09-10T00:00:00.000,12:10,40.707474,-73.95704,0,0,0,0,4070,-7395,0.3475177304964539
2021-09-11T00:00:00.000,13:20,40.703205,-73.865456,0,0,0,0,4070,-7386,0.38235294117647056
2021-06-30T00:00:00.000,10:45,40.595158,-73.7543,0,0,0,0,4059,-7375,0.17777777777777778
2021-09-08T00:00:00.000,10:50,40.763477,-73.96144,0,0,0,0,4076,-7396,0.3023255813953488
2021-07-03T00:00:00.000,9:43,40.60531,-73.759056,0,0,0,0,4060,-7375,0.17117117117117117
2021-09-11T00:00:00.000,18:30,40.669403,-73.912605,0,0,0,0,4066,-7391,0.3630952380952381
2021-07-05T00:00:00.000,19:10,40.852425,-73.86873,0,0,0,0,4085,-7386,0.33766233766233766
2021-09-11T00:00:00.000,19:50,40.792126,-73.97178,0,0,0,0,4079,-7397,0.24210526315789474
2021-09-11T00:00:00.000,10:50,40.634846,-74.15177,0,0,0,0,4063,-7415,0.3333333333333333
2021-09-11T00:00:00.000,11:43,40.8252,-73.867714,2,0,1,1,4082,-7386,0.3493975903614458
2021-09-11T00:00:00.000,16:00,40.813663,-73.931244,0,0,0,0,4081,-7393,0.32432432432432434
2021-09-02T00:00:00.000,18:33,40.62284,-74.00121,0,0,0,0,4062,-7400,0.3150684931506849
2021-07-08T00:00:00.000,22:03,40.721474,-73.98383,0,1,2,1,4072,-7398,0.4342105263157895
2022-03-26T00:00:00.000,8:50,40.80765,-73.939255,2,0,1,1,4080,-7393,0.36312849162011174
2021-09-11T00:00:00.000,15:20,40.659832,-73.897606,1,0,1,1,4065,-7389,0.34965034965034963
2021-08-24T00:00:00.000,15:20,40.808437,-73.904724,0,0,0,0,4080,-7390,0.36538461538461536
2021-09-11T00:00:00.000,23:50,40.672714,-73.75393,0,0,0,0,4067,-7375,0.2608695652173913
2021-09-09T00:00:00.000,13:00,40.662415,-73.94996,0,0,0,0,4066,-7394,0.36792452830188677
2021-07-07T00:00:00.000,13:34,40.83978,-73.94322,1,0,1,1,4083,-7394,0.38926174496644295
2021-09-11T00:00:00.000,22:50,40.672886,-73.99922,1,0,1,1,4067,-7399,0.3258426966292135
2021-07-04T00:00:00.000,13:14,40.595802,-73.764656,1,0,1,1,4059,-7376,0.23809523809523808
2021-09-11T00:00:00.000,1:15,40.752464,-73.98955,1,0,1,1,4075,-7398,0.3170731707317073
2021-09-11T00:00:00.000,20:33,40.71082,-73.96853,1,0,1,1,4071,-7396,0.3218390804597701
2021-09-04T00:00:00.000,12:00,40.556618,-74.203995,0,0,0,0,4055,-7420,0.2
2021-07-25T00:00:00.000,0:00,40.807552,-73.91922,0,0,0,0,4080,-7391,0.38961038961038963
2021-09-11T00:00:00.000,16:21,40.80165,-73.93434,0,0,0,0,4080,-7393,0.36312849162011174
2021-09-11T00:00:00.000,12:45,40.665634,-73.75817,2,0,1,1,4066,-7375,0.3
2021-07-05T00:00:00.000,11:45,40.595203,-73.75603,0,0,0,0,4059,-7375,0.17777777777777778
2021-07-08T00:00:00.000,13:13,40.86177,-73.89868,0,0,0,0,4086,-7389,0.40606060606060607
2021-09-11T00:00:00.000,0:12,40.664055,-73.9427,1,0,1,1,4066,-7394,0.36792452830188677
2021-07-09T00:00:00.000,5:25,40.828346,-73.94906,1,0,1,1,4082,-7394,0.3812154696132597
2021-09-11T00:00:00.000,18:20,40.64789,-73.91072,1,0,1,1,4064,-7391,0.39805825242718446
2021-07-02T00:00:00.000,7:08,40.81934,-73.93012,2,0,1,1,4081,-7393,0.32432432432432434
2021-09-11T00:00:00.000,20:17,40.58776,-73.9562,2,0,1,1,4058,-7395,0.3465346534653465
2021-07-02T00:00:00.000,12:00,40.590885,-73.786125,0,0,0,0,4059,-7378,0.14705882352941177
2021-04-17T00:00:00.000,12:35,40.880466,-73.88384,1,0,1,1,4088,-7388,0.42857142857142855
2021-09-07T00:00:00.000,17:00,40.551266,-74.14962,0,0,0,0,4055,-7414,0.4444444444444444
2021-09-11T00:00:00.000,23:35,40.861828,-73.89286,0,0,0,0,4086,-7389,0.40606060606060607
2021-09-11T00:00:00.000,15:40,40.68249,-73.97962,2,0,1,1,4068,-7397,0.3412322274881517
2021-09-11T00:00:00.000,12:00,40.736538,-73.865776,1,0,1,1,4073,-7386,0.3464566929133858
2021-09-10T00:00:00.000,7:30,40.595104,-74.07541,0,0,0,0,4059,-7407,0.23076923076923078
2021-09-11T00:00:00.000,11:40,40.771343,-73.905235,0,0,0,0,4077,-7390,0.3404255319148936
2021-09-11T00:00:00.000,15:10,40.67816,-73.897484,0,0,0,0,4067,-7389,0.33852140077821014
2021-08-29T00:00:00.000,14:00,40.81084,-73.95068,0,0,0,0,4081,-7395,0.3509933774834437
2021-09-11T00:00:00.000,19:00,40.74273,-73.95412,0,0,0,0,4074,-7395,0.35185185185185186
2021-09-11T00:00:00.000,10:30,40.67897,-73.75985,0,0,0,0,4067,-7375,0.2608695652173913
2021-09-11T00:00:00.000,17:19,40.834473,-73.87226,1,0,1,1,4083,-7387,0.38414634146341464
2021-07-08T00:00:00.000,21:37,40.892624,-73.859924,1,0,1,1,4089,-7385,0.3813559322033898
2021-09-11T00:00:00.000,1:43,40.860664,-73.92171,1,0,1,1,4086,-7392,0.359375
2021-09-11T00:00:00.000,18:15,40.704456,-73.98752,0,0,0,0,4070,-7398,0.21568627450980393
2021-07-07T00:00:00.000,19:20,40.71982,-73.94863,0,0,0,0,4071,-7394,0.3710691823899371
2021-07-08T00:00:00.000,11:55,40.670856,-73.8852,0,0,0,0,4067,-7388,0.30434782608695654
2022-03-25T00:00:00.000,14:30,40.82583,-73.85777,1,0,1,1,4082,-7385,0.27
2021-07-08T00:00:00.000,15:30,40.888454,-73.84197,0,0,0,0,4088,-7384,0.4153846153846154
2021-09-10T00:00:00.000,22:00,40.709747,-73.82057,1,0,1,1,4070,-7382,0.4166666666666667
2021-07-09T00:00:00.000,10:02,40.896656,-73.855576,0,0,0,0,4089,-7385,0.3813559322033898
2021-09-11T00:00:00.000,18:00,40.74668,-73.98586,0,0,0,0,4074,-7398,0.40131578947368424
2021-07-08T00:00:00.000,18:47,40.67897,-73.895706,1,0,1,1,4067,-7389,0.33852140077821014
2021-09-11T00:00:00.000,2:13,40.830845,-73.947235,0,0,0,0,4083,-7394,0.38926174496644295
2021-07-08T00:00:00.000,9:35,40.732388,-73.943726,2,0,1,1,4073,-7394,0.5
2021-09-11T00:00:00.000,12:10,40.66826,-73.95428,0,0,0,0,4066,-7395,0.44375
2021-09-10T00:00:00.000,17:25,40.61855,-73.9395,1,0,1,1,4061,-7393,0.34285714285714286
2021-09-11T00:00:00.000,15:10,40.820187,-73.890686,0,0,0,0,4082,-7389,0.37423312883435583
2021-09-11T00:00:00.000,17:37,40.86173,-73.91182,1,0,1,1,4086,-7391,0.38016528925619836
2021-07-08T00:00:00.000,15:01,40.666737,-73.78628,0,0,0,0,4066,-7378,0.34615384615384615
2021-09-11T00:00:00.000,17:29,40.759357,-73.9582,2,0,1,1,4075,-7395,0.38095238095238093
2021-09-11T00:00:00.000,20:14,40.619274,-74.03203,0,0,0,0,4061,-7403,0.2777777777777778
2021-09-11T00:00:00.000,12:14,40.835884,-73.88341,0,0,0,0,4083,-7388,0.26717557251908397
2021-09-10T00:00:00.000,8:05,40.716476,-73.99283,1,0,1,1,4071,-7399,0.3263157894736842
2021-09-07T00:00:00.000,12:20,40.761993,-73.961784,0,0,0,0,4076,-7396,0.3023255813953488
2021-09-11T00:00:00.000,13:55,40.834187,-73.909584,0,0,0,0,4083,-7390,0.3064516129032258
2021-09-11T00:00:00.000,8:30,40.7982,-73.961815,0,0,0,0,4079,-7396,0.25
2021-09-10T00:00:00.000,13:45,40.578556,-74.1696,0,0,0,0,4057,-7416,0.36363636363636365
2021-07-08T00:00:00.000,18:06,40.585037,-73.95645,2,0,1,1,4058,-7395,0.3465346534653465
2021-07-05T00:00:00.000,12:45,40.602356,-73.75953,0,0,0,0,4060,-7375,0.17117117117117117
2021-07-07T00:00:00.000,17:00,40.667236,-73.770004,0,0,0,0,4066,-7377,0.37362637362637363
2021-09-11T00:00:00.000,0:35,40.800262,-73.94554,1,0,1,1,4080,-7394,0.41116751269035534
2021-07-08T00:00:00.000,16:15,40.85853,-73.89084,0,0,0,0,4085,-7389,0.3353658536585366
2021-09-11T00:00:00.000,21:00,40.675766,-73.81685,0,0,0,0,4067,-7381,0.4230769230769231
2021-07-07T00:00:00.000,21:30,40.716667,-73.95206,1,0,1,1,4071,-7395,0.36585365853658536
2021-07-08T00:00:00.000,5:20,40.606335,-74.18019,0,0,0,0,4060,-7418,0.4
2021-09-11T00:00:00.000,10:45,40.753304,-73.912575,2,0,1,1,4075,-7391,0.4777777777777778
2021-07-08T00:00:00.000,22:57,40.680088,-73.80177,1,0,1,1,4068,-7380,0.3829787234042553
2021-09-11T00:00:00.000,23:45,40.64531,-73.94608,1,0,1,1,4064,-7394,0.42342342342342343
2021-09-11T00:00:00.000,19:59,40.67086,-73.87424,1,0,1,1,4067,-7387,0.30344827586206896
2021-07-09T00:00:00.000,8:30,40.814438,-73.89308,1,0,1,1,4081,-7389,0.31543624161073824
2021-09-09T00:00:00.000,9:40,40.703857,-73.91851,1,0,1,1,4070,-7391,0.27450980392156865
2021-07-07T00:00:00.000,16:18,40.60172,-74.09143,1,0,1,1,4060,-7409,0.36363636363636365
2021-07-09T00:00:00.000,11:00,40.770065,-73.949394,0,0,0,0,4077,-7394,0.28
2021-09-11T00:00:00.000,10:30,40.669758,-73.91019,1,0,1,1,4066,-7391,0.3630952380952381
2021-09-10T00:00:00.000,14:14,40.727238,-73.810875,0,0,0,0,4072,-7381,0.2926829268292683
2021-07-08T00:00:00.000,21:06,40.73273,-73.99382,2,0,1,1,4073,-7399,0.423728813559322
2021-09-07T00:00:00.000,16:25,40.810375,-73.95168,1,0,1,1,4081,-7395,0.3509933774834437
2021-09-11T00:00:00.000,8:09,40.774807,-73.98442,0,1,2,1,4077,-7398,0.38028169014084506
2021-07-08T00:00:00.000,1:15,40.847168,-73.93394,0,0,0,0,4084,-7393,0.32786885245901637
2021-09-11T00:00:00.000,15:38,40.627037,-74.16483,0,0,0,0,4062,-7416,0.24444444444444444
2021-09-11T00:00:00.000,15:40,40.700245,-73.92089,0,0,0,0,4070,-7392,0.24305555555555555
2021-09-11T00:00:00.000,20:21,40.61475,-73.90055,0,0,0,0,4061,-7390,0.3333333333333333
2021-09-11T00:00:00.000,21:49,40.861862,-73.91275,0,0,0,0,4086,-7391,0.38016528925619836
2021-09-11T00:00:00.000,10:20,40.77632,-73.96002,0,0,0,0,4077,-7396,0.3695652173913043
2021-09-11T00:00:00.000,13:29,40.575573,-73.99432,0,0,0,0,4057,-7399,0.32558139534883723
2021-09-11T00:00:00.000,16:30,40.85159,-73.867805,0,0,0,0,4085,-7386,0.33766233766233766
2021-07-08T00:00:00.000,17:56,40.853683,-73.790276,0,0,0,0,4085,-7379,0.6666666666666666
2021-09-05T00:00:00.000,10:30,40.728558,-73.82853,3,0,1,1,4072,-7382,0.45454545454545453
2021-09-10T00:00:00.000,7:04,40.867687,-73.83509,2,0,1,1,4086,-7383,0.3448275862068966
2021-07-09T00:00:00.000,10:06,40.602886,-73.952095,1,0,1,1,4060,-7395,0.4791666666666667
2021-09-11T00:00:00.000,11:15,40.771572,-73.81323,0,0,0,0,4077,-7381,0.3157894736842105
2021-06-29T00:00:00.000,18:15,40.700245,-73.92089,0,0,0,0,4070,-7392,0.24305555555555555
2021-07-07T00:00:00.000,6:30,40.768887,-73.90691,0,0,0,0,4076,-7390,0.3055555555555556
2021-07-07T00:00:00.000,18:45,40.841152,-73.942696,1,0,1,1,4084,-7394,0.17543859649122806
2021-09-05T00:00:00.000,5:11,40.678566,-73.98778,0,0,0,0,4067,-7398,0.3655913978494624
2021-07-09T00:00:00.000,9:26,40.75545,-73.962105,0,0,0,0,4075,-7396,0.4788732394366197
2021-09-11T00:00:00.000,15:06,40.639675,-73.931046,2,0,1,1,4063,-7393,0.46153846153846156
2021-09-07T00:00:00.000,13:00,40.73555,-73.979355,0,0,0,0,4073,-7397,0.32558139534883723
2021-07-09T00:00:00.000,11:45,40.703487,-73.799736,0,0,0,0,4070,-7379,0.3978494623655914
2021-09-11T00:00:00.000,2:00,40.716644,-73.99582,0,0,0,0,4071,-7399,0.3263157894736842
2021-07-09T00:00:00.000,1:04,40.602684,-73.94232,0,0,0,0,4060,-7394,0.5217391304347826
2021-09-11T00:00:00.000,12:41,40.81329,-73.93517,0,0,0,0,4081,-7393,0.32432432432432434
2021-09-11T00:00:00.000,9:00,40.832314,-73.93161,0,0,0,0,4083,-7393,0.3333333333333333
2021-06-28T00:00:00.000,9:20,40.597435,-73.74713,0,0,0,0,4059,-7374,0.18181818181818182
2021-09-04T00:00:00.000,20:48,40.81655,-73.91955,0,0,0,0,4081,-7391,0.47244094488188976
2021-09-07T00:00:00.000,11:00,40.69962,-73.82122,1,0,1,1,4069,-7382,0.37209302325581395
2021-07-04T00:00:00.000,18:15,40.601437,-73.768196,0,0,0,0,4060,-7376,0.19230769230769232
2021-07-07T00:00:00.000,0:00,40.869358,-73.825325,0,0,0,0,4086,-7382,0.3611111111111111
2021-12-09T00:00:00.000,15:17,40.880135,-73.873085,0,0,0,0,4088,-7387,0.14583333333333334
2021-12-09T00:00:00.000,11:45,40.709305,-73.84369,0,0,0,0,4070,-7384,0.43333333333333335
2021-12-08T00:00:00.000,6:45,40.766827,-73.909294,0,0,0,0,4076,-7390,0.3055555555555556
2021-12-09T00:00:00.000,17:00,40.719055,-74.01245,0,0,0,0,4071,-7401,0.3181818181818182
2021-12-09T00:00:00.000,5:35,40.766743,-73.92597,1,0,1,1,4076,-7392,0.42105263157894735
2021-12-10T00:00:00.000,10:00,40.66279,-73.99887,0,0,0,0,4066,-7399,0.40540540540540543
2021-12-10T00:00:00.000,0:00,40.644306,-74.01804,1,0,1,1,4064,-7401,0.4295774647887324
2021-12-08T00:00:00.000,9:25,40.700233,-73.95988,1,0,1,1,4070,-7395,0.3475177304964539
2021-12-09T00:00:00.000,22:15,40.752808,-73.99098,0,0,0,0,4075,-7399,0.2830188679245283
2022-03-26T00:00:00.000,2:01,40.85019,-73.939644,0,0,0,0,4085,-7393,0.36585365853658536
2022-03-26T00:00:00.000,3:40,40.702938,-73.95026,0,0,0,0,4070,-7395,0.3475177304964539
2022-03-26T00:00:00.000,10:00,40.75868,-73.87552,0,0,0,0,4075,-7387,0.33884297520661155
2022-03-26T00:00:00.000,23:23,40.793472,-73.93726,1,0,1,1,4079,-7393,0.36585365853658536
2022-03-26T00:00:00.000,20:10,40.762974,-73.825325,1,0,1,1,4076,-7382,0.2987012987012987
2022-03-26T00:00:00.000,23:32,40.739384,-73.82268,0,0,0,0,4073,-7382,0.45454545454545453
2022-03-26T00:00:00.000,14:05,40.608727,-74.08839,3,0,1,1,4060,-7408,0.3235294117647059
2021-04-04T00:00:00.000,17:00,40.5837,-73.94259,1,0,1,1,4058,-7394,0.40816326530612246
2021-04-17T00:00:00.000,4:07,40.702255,-73.92008,0,0,0,0,4070,-7392,0.24305555555555555
2021-04-17T00:00:00.000,7:10,40.8047,-73.91243,1,0,1,1,4080,-7391,0.38961038961038963
2021-03-25T00:00:00.000,20:00,0.0,0.0,0,0,0,0,0,0,0.40425531914893614
2021-04-12T00:00:00.000,17:20,40.821667,-73.915184,1,0,1,1,4082,-7391,0.3355263157894737
2022-03-26T00:00:00.000,15:58,40.7179,-73.83202,1,0,1,1,4071,-7383,0.37349397590361444
2021-04-16T00:00:00.000,20:30,40.704716,-73.92875,0,0,0,0,4070,-7392,0.24305555555555555
2021-03-30T00:00:00.000,18:20,40.763374,-73.99647,2,0,1,1,4076,-7399,0.3275862068965517
2021-04-12T00:00:00.000,9:00,40.706062,-73.91626,0,0,0,0,4070,-7391,0.27450980392156865
2021-04-01T00:00:00.000,9:00,40.58096,-73.96466,0,0,0,0,4058,-7396,0.37333333333333335
2021-03-30T00:00:00.000,11:42,40.610443,-73.93462,1,0,1,1,4061,-7393,0.34285714285714286
2021-04-15T00:00:00.000,8:40,40.77291,-73.962524,1,0,1,1,4077,-7396,0.3695652173913043
2021-04-06T00:00:00.000,15:59,40.762234,-73.98987,1,0,1,1,4076,-7398,0.3081761006289308
2022-03-26T00:00:00.000,23:00,40.64993,-73.93312,1,0,1,1,4064,-7393,0.3333333333333333
2022-03-26T00:00:00.000,21:22,40.84932,-73.945145,0,0,0,0,4084,-7394,0.17543859649122806
2022-03-26T00:00:00.000,3:37,40.863194,-73.86642,0,0,0,0,4086,-7386,0.4642857142857143
2022-03-24T00:00:00.000,9:36,40.7802,-73.98755,0,0,0,0,4078,-7398,0.42105263157894735
2022-03-25T00:00:00.000,2:02,40.824562,-73.87259,1,0,1,1,4082,-7387,0.33544303797468356
2021-12-17T00:00:00.000,21:00,40.73376,-73.93743,0,0,0,0,4073,-7393,0.38461538461538464
2021-04-17T00:00:00.000,23:40,40.648075,-73.95959,1,0,1,1,4064,-7395,0.4796747967479675
2021-04-17T00:00:00.000,17:45,40.67901,-73.81259,3,0,1,1,4067,-7381,0.4230769230769231
2021-04-16T00:00:00.000,20:55,40.671597,-73.88018,2,0,1,1,4067,-7388,0.30434782608695654
2021-04-09T00:00:00.000,10:36,40.648823,-73.951775,0,0,0,0,4064,-7395,0.4796747967479675
2021-04-17T00:00:00.000,0:00,40.638515,-73.94993,0,0,0,0,4063,-7394,0.358974358974359
2021-04-15T00:00:00.000,15:15,40.828293,-73.861725,1,0,1,1,4082,-7386,0.3493975903614458
2021-04-17T00:00:00.000,13:30,40.62556,-73.94664,2,0,1,1,4062,-7394,0.41379310344827586
2021-04-17T00:00:00.000,4:15,40.666397,-73.755516,0,0,0,0,4066,-7375,0.3
2021-04-16T00:00:00.000,0:00,40.617588,-73.96382,1,0,1,1,4061,-7396,0.30666666666666664
2021-04-16T00:00:00.000,18:39,40.870796,-73.9039,1,0,1,1,4087,-7390,0.3184713375796178
2021-04-17T00:00:00.000,11:09,40.62156,-74.16849,0,0,0,0,4062,-7416,0.24444444444444444
2021-04-17T00:00:00.000,1:50,40.748985,-73.89162,1,0,1,1,4074,-7389,0.3203125
2021-04-17T00:00:00.000,17:00,40.74898,-73.93969,0,0,0,0,4074,-7393,0.3333333333333333
2021-04-17T00:00:00.000,11:50,40.702408,-73.93502,0,0,0,0,4070,-7393,0.3300970873786408
2021-04-17T00:00:00.000,23:55,40.68838,-73.80559,1,0,1,1,4068,-7380,0.3829787234042553
2021-04-16T00:00:00.000,14:35,40.831856,-73.86826,0,0,0,0,4083,-7386,0.24822695035460993
2021-04-17T00:00:00.000,18:40,40.827423,-73.86823,0,0,0,0,4082,-7386,0.3493975903614458
2021-04-17T00:00:00.000,15:00,40.712727,-73.72899,1,0,1,1,4071,-7372,0.40425531914893614
2021-04-17T00:00:00.000,15:30,40.665257,-73.739555,0,0,0,0,4066,-7373,0.44339622641509435
2021-04-17T00:00:00.000,0:00,40.70052,-73.811066,0,0,0,0,4070,-7381,0.3194444444444444
2021-04-17T00:00:00.000,5:00,40.757668,-73.99483,0,0,0,0,4075,-7399,0.2830188679245283
2021-04-17T00:00:00.000,21:00,40.787846,-73.840096,1,0,1,1,4078,-7384,0.23809523809523808
2021-04-17T00:00:00.000,12:15,40.74125,-73.81912,0,0,0,0,4074,-7381,0.46153846153846156
2021-04-17T00:00:00.000,0:00,40.833813,-73.86275,1,0,1,1,4083,-7386,0.24822695035460993
2021-04-17T00:00:00.000,14:40,40.810093,-73.95309,0,0,0,0,4081,-7395,0.3509933774834437
2021-04-17T00:00:00.000,11:00,40.837803,-73.94215,0,0,0,0,4083,-7394,0.38926174496644295
2021-04-16T00:00:00.000,11:20,40.813385,-73.94511,0,0,0,0,4081,-7394,0.38
2021-04-17T00:00:00.000,11:38,40.87341,-73.87589,0,0,0,0,4087,-7387,0.297029702970297
2021-04-14T00:00:00.000,20:55,40.652985,-73.95271,2,0,1,1,4065,-7395,0.38686131386861317
2021-04-17T00:00:00.000,12:50,40.715355,-73.99773,0,0,0,0,4071,-7399,0.3263157894736842
2021-04-17T00:00:00.000,14:22,40.84715,-73.90125,1,0,1,1,4084,-7390,0.366120218579235
2021-04-17T00:00:00.000,17:55,40.70537,-73.775826,4,0,1,1,4070,-7377,0.2413793103448276
2021-04-17T00:00:00.000,10:20,40.619484,-73.918274,1,0,1,1,4061,-7391,0.358974358974359
2021-04-17T00:00:00.000,22:40,40.742065,-73.90036,0,0,0,0,4074,-7390,0.40625
2021-04-17T00:00:00.000,22:14,40.679012,-73.758675,0,0,0,0,4067,-7375,0.2608695652173913
2021-04-09T00:00:00.000,2:15,40.700726,-73.94194,2,0,1,1,4070,-7394,0.3956043956043956
2021-04-17T00:00:00.000,9:30,40.637012,-74.01515,1,0,1,1,4063,-7401,0.37777777777777777
2021-04-15T00:00:00.000,21:25,40.822388,-73.934296,0,0,0,0,4082,-7393,0.36645962732919257
2021-04-17T00:00:00.000,22:45,40.76286,-73.98941,0,0,0,0,4076,-7398,0.3081761006289308
2021-04-17T00:00:00.000,15:00,40.58524,-74.093414,0,0,0,0,4058,-7409,0.15625
2021-04-15T00:00:00.000,19:34,40.85814,-73.895744,1,0,1,1,4085,-7389,0.3353658536585366
2021-04-17T00:00:00.000,19:42,40.885433,-73.82924,0,0,0,0,4088,-7382,0.2765957446808511
2021-04-07T00:00:00.000,3:26,40.65719,-73.927055,0,0,0,0,4065,-7392,0.35555555555555557
2021-04-17T00:00:00.000,23:38,40.725994,-73.89843,1,0,1,1,4072,-7389,0.41379310344827586
2021-04-17T00:00:00.000,0:05,40.653202,-73.93056,0,0,0,0,4065,-7393,0.44366197183098594
2021-04-17T00:00:00.000,14:30,40.762012,-73.911,1,0,1,1,4076,-7391,0.40476190476190477
2021-04-15T00:00:00.000,8:00,40.608204,-73.920715,1,0,1,1,4060,-7392,0.3333333333333333
2021-04-17T00:00:00.000,21:00,40.82099,-73.89181,2,0,1,1,4082,-7389,0.37423312883435583
2021-04-17T00:00:00.000,17:25,40.654312,-73.91759,1,0,1,1,4065,-7391,0.425
2022-03-26T00:00:00.000,2:55,40.886936,-73.8499,1,0,1,1,4088,-7384,0.4153846153846154
2021-04-16T00:00:00.000,15:57,40.75455,-73.96252,0,0,0,0,4075,-7396,0.4788732394366197
2021-04-17T00:00:00.000,3:05,40.739094,-73.91762,0,0,0,0,4073,-7391,0.33962264150943394
2021-04-15T00:00:00.000,12:00,40.743275,-73.77572,1,0,1,1,4074,-7377,0.36363636363636365
2021-04-17T00:00:00.000,22:22,40.6553,-73.90318,2,0,1,1,4065,-7390,0.375
2021-04-16T00:00:00.000,21:30,40.60307,-74.14047,0,0,0,0,4060,-7414,0.4074074074074074
2021-04-12T00:00:00.000,11:40,40.669704,-73.94774,0,0,0,0,4066,-7394,0.36792452830188677
2021-04-17T00:00:00.000,4:54,40.62126,-74.03143,0,0,0,0,4062,-7403,0.15
2019-04-17T00:00:00.000,0:49,40.651974,-73.86542,3,0,1,1,4065,-7386,0.36619718309859156
2021-04-17T00:00:00.000,21:25,40.74525,-73.95575,1,0,1,1,4074,-7395,0.35185185185185186
2021-04-17T00:00:00.000,15:01,40.880493,-73.903694,0,0,0,0,4088,-7390,0.2702702702702703
2021-04-17T00:00:00.000,3:00,40.655754,-73.92403,1,0,1,1,4065,-7392,0.35555555555555557
2021-04-16T00:00:00.000,16:48,40.805737,-73.94065,1,0,1,1,4080,-7394,0.41116751269035534
2021-04-15T00:00:00.000,2:18,40.6238,-73.92351,0,0,0,0,4062,-7392,0.3611111111111111
2021-04-16T00:00:00.000,18:30,40.686825,-73.93881,0,0,0,0,4068,-7393,0.3619047619047619
2021-04-17T00:00:00.000,1:45,40.653862,-74.008286,0,0,0,0,4065,-7400,0.41509433962264153
2021-04-17T00:00:00.000,19:37,40.665497,-73.75573,0,0,0,0,4066,-7375,0.3
2021-04-17T00:00:00.000,21:25,40.75781,-73.97353,0,0,0,0,4075,-7397,0.375886524822695
2021-04-17T00:00:00.000,18:20,40.574123,-74.00408,0,0,0,0,4057,-7400,0.3157894736842105
2021-04-17T00:00:00.000,0:30,40.69069,-73.85816,0,0,0,0,4069,-7385,0.34
2021-04-17T00:00:00.000,20:20,40.72272,-73.95397,0,0,0,0,4072,-7395,0.22093023255813954
2021-04-16T00:00:00.000,21:30,40.744747,-73.99717,0,0,0,0,4074,-7399,0.3333333333333333
2021-04-17T00:00:00.000,0:52,40.818012,-73.92519,0,0,0,0,4081,-7392,0.4714285714285714
2021-04-02T00:00:00.000,12:09,40.66064,-73.96068,0,0,0,0,4066,-7396,0.4074074074074074
2021-04-15T00:00:00.000,20:18,40.831978,-73.93515,3,0,1,1,4083,-7393,0.3333333333333333
2021-04-17T00:00:00.000,14:59,40.836697,-73.907104,0,0,0,0,4083,-7390,0.3064516129032258
2021-04-17T00:00:00.000,7:50,40.875965,-73.83581,0,0,0,0,4087,-7383,0.3333333333333333
2022-03-26T00:00:00.000,21:10,40.662247,-73.93152,0,0,0,0,4066,-7393,0.38578680203045684
2021-04-16T00:00:00.000,12:37,40.787857,-73.951614,0,0,0,0,4078,-7395,0.42168674698795183
2022-03-26T00:00:00.000,21:04,40.68804,-73.83275,2,0,1,1,4068,-7383,0.45454545454545453
2021-03-24T00:00:00.000,22:48,40.661243,-73.923164,0,0,0,0,4066,-7392,0.355
2021-04-17T00:00:00.000,23:05,40.75896,-73.82985,0,0,0,0,4075,-7382,0.4915254237288136
2021-04-17T00:00:00.000,15:20,40.75217,-73.97778,0,0,0,0,4075,-7397,0.375886524822695
2021-04-17T00:00:00.000,19:37,40.724968,-74.00158,1,0,1,1,4072,-7400,0.32926829268292684
2021-04-10T00:00:00.000,9:19,40.757084,-73.91614,0,0,0,0,4075,-7391,0.4777777777777778
2021-04-17T00:00:00.000,4:45,40.838425,-73.941696,0,0,0,0,4083,-7394,0.38926174496644295
2021-04-15T00:00:00.000,8:45,40.624893,-73.934326,0,0,0,0,4062,-7393,0.4444444444444444
2021-04-17T00:00:00.000,9:30,40.672432,-73.911316,0,0,0,0,4067,-7391,0.36597938144329895
2021-04-13T00:00:00.000,14:50,40.652107,-73.93913,0,0,0,0,4065,-7393,0.44366197183098594
2021-04-17T00:00:00.000,19:30,40.804054,-73.93664,0,0,0,0,4080,-7393,0.36312849162011174
2021-04-17T00:00:00.000,13:30,40.57944,-73.979614,0,0,0,0,4057,-7397,0.2619047619047619
2021-04-16T00:00:00.000,8:45,40.826275,-73.85971,0,0,0,0,4082,-7385,0.27
2021-04-17T00:00:00.000,11:28,40.74254,-73.82631,0,0,0,0,4074,-7382,0.4057971014492754
2021-04-17T00:00:00.000,11:50,40.7591,-73.99215,0,0,0,0,4075,-7399,0.2830188679245283
2022-04-21T00:00:00.000,11:18,40.75169,-73.88562,0,0,0,0,4075,-7388,0.3402061855670103
2021-04-17T00:00:00.000,16:50,40.80988,-73.90308,0,0,0,0,4080,-7390,0.36538461538461536
2021-04-17T00:00:00.000,15:42,40.667156,-73.9101,0,0,0,0,4066,-7391,0.3630952380952381
2021-04-17T00:00:00.000,1:30,40.693497,-73.94594,0,0,0,0,4069,-7394,0.417910447761194
2021-04-16T00:00:00.000,11:25,40.66357,-73.92502,0,0,0,0,4066,-7392,0.355
2021-04-17T00:00:00.000,12:33,40.67604,-73.84352,0,0,0,0,4067,-7384,0.28888888888888886
2021-02-03T00:00:00.000,8:50,40.835835,-73.877365,0,0,0,0,4083,-7387,0.38414634146341464
2021-04-17T00:00:00.000,2:29,40.72696,-73.846535,0,0,0,0,4072,-7384,0.2711864406779661
2021-04-05T00:00:00.000,23:28,40.71512,-73.77358,0,0,0,0,4071,-7377,0.20967741935483872
2022-03-26T00:00:00.000,5:04,40.686234,-73.82418,0,0,0,0,4068,-7382,0.41975308641975306
2021-03-31T00:00:00.000,0:01,40.82989,-73.855194,0,0,0,0,4082,-7385,0.27
2021-04-17T00:00:00.000,12:35,40.817387,-73.92277,0,0,0,0,4081,-7392,0.4714285714285714
2021-04-17T00:00:00.000,18:20,40.794052,-73.970375,0,0,0,0,4079,-7397,0.24210526315789474
2021-04-17T00:00:00.000,13:50,40.665676,-73.7483,1,0,1,1,4066,-7374,0.3698630136986301
2021-04-11T00:00:00.000,22:50,40.509865,-74.24415,0,0,0,0,4050,-7424,0.1
2021-04-16T00:00:00.000,10:00,40.764626,-73.99555,1,0,1,1,4076,-7399,0.3275862068965517
2021-04-17T00:00:00.000,16:22,40.753857,-73.91764,1,0,1,1,4075,-7391,0.4777777777777778
2021-04-16T00:00:00.000,14:05,40.82949,-73.87326,3,0,1,1,4082,-7387,0.33544303797468356
2022-03-22T00:00:00.000,17:44,40.783146,-73.97833,1,0,1,1,4078,-7397,0.3434343434343434
2021-04-17T00:00:00.000,22:15,40.699665,-73.95924,1,0,1,1,4069,-7395,0.30952380952380953
2021-04-16T00:00:00.000,17:50,40.823082,-73.86722,0,0,0,0,4082,-7386,0.3493975903614458
2021-04-16T00:00:00.000,21:20,40.685993,-73.83993,1,0,1,1,4068,-7383,0.45454545454545453
2021-04-17T00:00:00.000,1:50,40.845024,-73.92632,0,0,0,0,4084,-7392,0.3181818181818182
2021-04-17T00:00:00.000,20:15,40.69019,-73.7771,0,0,0,0,4069,-7377,0.35135135135135137
2021-04-17T00:00:00.000,16:30,40.736214,-73.713486,0,0,0,0,4073,-7371,0.2857142857142857
2021-04-17T00:00:00.000,18:40,40.73594,-73.85887,0,0,0,0,4073,-7385,0.3619047619047619
2021-04-16T00:00:00.000,10:00,40.800507,-73.938156,0,0,0,0,4080,-7393,0.36312849162011174
2021-04-16T00:00:00.000,9:00,40.74624,-73.89723,0,0,0,0,4074,-7389,0.3203125
2021-04-17T00:00:00.000,11:01,40.70739,-73.90895,0,0,0,0,4070,-7390,0.37894736842105264
2021-04-17T00:00:00.000,0:48,40.632435,-73.88818,0,0,0,0,4063,-7388,0.3835616438356164
2021-04-17T00:00:00.000,23:50,40.7597,-73.80031,0,0,0,0,4075,-7380,0.36363636363636365
2021-04-17T00:00:00.000,21:37,40.812664,-73.906334,1,0,1,1,4081,-7390,0.3888888888888889
2021-04-17T00:00:00.000,21:20,40.72657,-73.85265,0,0,0,0,4072,-7385,0.4418604651162791
2021-04-14T00:00:00.000,16:40,40.65471,-73.93072,0,0,0,0,4065,-7393,0.44366197183098594
2021-04-17T00:00:00.000,4:00,40.831146,-73.85384,0,0,0,0,4083,-7385,0.30158730158730157
2021-04-17T00:00:00.000,4:10,40.657867,-73.920815,0,0,0,0,4065,-7392,0.35555555555555557
2021-04-16T00:00:00.000,12:25,40.749638,-73.99905,1,0,1,1,4074,-7399,0.3333333333333333
2021-04-16T00:00:00.000,23:00,40.69407,-73.82802,0,0,0,0,4069,-7382,0.37209302325581395
2021-04-16T00:00:00.000,0:22,40.833755,-73.86175,0,0,0,0,4083,-7386,0.24822695035460993
2021-04-17T00:00:00.000,3:31,40.838017,-73.914314,0,0,0,0,4083,-7391,0.33714285714285713
2021-04-14T00:00:00.000,8:00,40.60741,-73.926254,0,0,0,0,4060,-7392,0.3333333333333333
2021-04-17T00:00:00.000,15:40,40.697296,-73.92378,1,0,1,1,4069,-7392,0.3584905660377358
2021-04-17T00:00:00.000,13:40,40.57563,-73.96395,1,0,1,1,4057,-7396,0.3191489361702128
2021-04-17T00:00:00.000,9:00,40.82831,-73.94315,0,0,0,0,4082,-7394,0.3812154696132597
2021-04-10T00:00:00.000,22:07,40.759575,-73.96803,0,0,0,0,4075,-7396,0.4788732394366197
2021-04-17T00:00:00.000,6:00,40.72711,-73.80509,0,0,0,0,4072,-7380,0.2727272727272727
2021-04-16T00:00:00.000,22:03,40.90021,-73.8865,0,0,0,0,4090,-7388,0.36363636363636365
2022-03-26T00:00:00.000,22:00,40.59397,-73.97428,0,0,0,0,4059,-7397,0.3191489361702128
2021-04-17T00:00:00.000,18:00,40.86446,-73.91895,2,0,1,1,4086,-7391,0.38016528925619836
2021-04-17T00:00:00.000,12:10,40.87831,-73.870155,2,0,1,1,4087,-7387,0.297029702970297
2021-04-17T00:00:00.000,11:00,40.63363,-74.138985,0,0,0,0,4063,-7413,0.2903225806451613
2021-04-17T00:00:00.000,15:40,40.86038,-73.88889,0,0,0,0,4086,-7388,0.23943661971830985
2021-04-17T00:00:00.000,18:00,40.65361,-73.9651,0,0,0,0,4065,-7396,0.3939393939393939
2021-04-12T00:00:00.000,18:30,40.821583,-73.94849,0,0,0,0,4082,-7394,0.3812154696132597
2021-04-17T00:00:00.000,23:10,40.85876,-73.89736,0,0,0,0,4085,-7389,0.3353658536585366
2021-04-17T00:00:00.000,10:30,40.793633,-73.94165,0,0,0,0,4079,-7394,0.3523809523809524
2021-04-17T00:00:00.000,2:48,40.802753,-73.93358,0,0,0,0,4080,-7393,0.36312849162011174
2021-04-17T00:00:00.000,23:15,40.639698,-74.11429,0,0,0,0,4063,-7411,0.20689655172413793
2021-04-17T00:00:00.000,17:35,40.6877,-73.91095,0,0,0,0,4068,-7391,0.344
2021-04-16T00:00:00.000,10:00,40.61919,-73.92302,0,0,0,0,4061,-7392,0.2982456140350877
2021-04-17T00:00:00.000,23:25,40.820988,-73.89491,0,0,0,0,4082,-7389,0.37423312883435583
2021-04-15T00:00:00.000,18:00,40.635185,-73.92862,0,0,0,0,4063,-7392,0.4036697247706422
2021-04-17T00:00:00.000,2:00,40.74005,-73.99915,0,0,0,0,4074,-7399,0.3333333333333333
2021-04-13T00:00:00.000,0:00,40.7171,-73.9986,0,0,0,0,4071,-7399,0.3263157894736842
2021-04-12T00:00:00.000,11:38,40.65723,-73.96025,1,0,1,1,4065,-7396,0.3939393939393939
2021-04-17T00:00:00.000,11:15,40.57594,-74.010155,0,0,0,0,4057,-7401,0.0
2021-04-17T00:00:00.000,13:45,40.747044,-73.98713,0,0,0,0,4074,-7398,0.40131578947368424
2021-04-17T00:00:00.000,17:00,40.849438,-73.91842,0,0,0,0,4084,-7391,0.32558139534883723
2021-04-16T00:00:00.000,13:55,40.75927,-73.980896,0,0,0,0,4075,-7398,0.3170731707317073
2021-04-14T00:00:00.000,20:00,40.585426,-74.10152,0,0,0,0,4058,-7410,0.3076923076923077
2021-04-08T00:00:00.000,14:47,40.72597,-73.775566,1,0,1,1,4072,-7377,0.375
2021-04-17T00:00:00.000,10:29,40.68079,-73.99174,0,0,0,0,4068,-7399,0.17857142857142858
2021-04-17T00:00:00.000,21:06,40.6705,-73.94488,0,0,0,0,4067,-7394,0.34074074074074073
2021-04-17T00:00:00.000,18:40,40.661663,-73.923615,0,0,0,0,4066,-7392,0.355
2021-04-17T00:00:00.000,12:43,40.712624,-73.95817,0,0,0,0,4071,-7395,0.36585365853658536
2021-04-17T00:00:00.000,19:00,40.721985,-73.84523,0,0,0,0,4072,-7384,0.2711864406779661
2021-04-17T00:00:00.000,10:10,40.76824,-73.92428,0,0,0,0,4076,-7392,0.42105263157894735
2021-04-17T00:00:00.000,11:40,40.696373,-73.74525,0,0,0,0,4069,-7374,0.46774193548387094
2021-04-17T00:00:00.000,4:28,40.760536,-73.95836,2,0,1,1,4076,-7395,0.3696969696969697
2021-04-17T00:00:00.000,5:09,40.874714,-73.84512,0,0,0,0,4087,-7384,0.47297297297297297
2021-04-17T00:00:00.000,13:00,40.656708,-74.00537,0,0,0,0,4065,-7400,0.41509433962264153
2021-03-27T00:00:00.000,14:03,40.76229,-73.986115,1,0,1,1,4076,-7398,0.3081761006289308
2021-04-17T00:00:00.000,14:30,40.632065,-74.038086,0,0,0,0,4063,-7403,0.42424242424242425
2021-04-17T00:00:00.000,22:21,40.623,-73.95905,2,0,1,1,4062,-7395,0.4444444444444444
2021-04-17T00:00:00.000,17:29,40.6568,-73.928,0,0,0,0,4065,-7392,0.35555555555555557
2021-04-16T00:00:00.000,20:55,40.589417,-74.09458,0,0,0,0,4058,-7409,0.15625
2021-04-16T00:00:00.000,22:06,40.831684,-73.85562,0,0,0,0,4083,-7385,0.30158730158730157
2021-04-17T00:00:00.000,7:25,40.709152,-73.87173,0,0,0,0,4070,-7387,0.24324324324324326
2021-04-17T00:00:00.000,7:00,40.69309,-73.94296,0,0,0,0,4069,-7394,0.417910447761194
2021-04-17T00:00:00.000,16:04,40.686653,-73.80303,0,0,0,0,4068,-7380,0.3829787234042553
2021-04-17T00:00:00.000,20:23,40.817574,-73.89624,0,0,0,0,4081,-7389,0.31543624161073824
2021-04-17T00:00:00.000,3:20,40.72586,-73.90017,1,0,1,1,4072,-7390,0.2978723404255319
2021-04-17T00:00:00.000,14:11,40.82403,-73.94476,0,0,0,0,4082,-7394,0.3812154696132597
2021-04-16T00:00:00.000,11:40,40.829685,-73.8804,0,0,0,0,4082,-7388,0.27624309392265195
2021-04-17T00:00:00.000,5:13,40.703033,-73.9599,0,0,0,0,4070,-7395,0.3475177304964539
2021-04-17T00:00:00.000,20:30,40.685432,-73.75514,0,0,0,0,4068,-7375,0.3877551020408163
2021-04-17T00:00:00.000,18:00,40.75613,-73.96761,0,0,0,0,4075,-7396,0.4788732394366197
2021-04-15T00:00:00.000,14:00,40.627365,-74.166565,1,0,1,1,4062,-7416,0.24444444444444444
2021-04-17T00:00:00.000,19:54,40.824757,-73.94052,0,0,0,0,4082,-7394,0.3812154696132597
2021-04-17T00:00:00.000,18:59,40.880623,-73.84047,0,0,0,0,4088,-7384,0.4153846153846154
2021-04-17T00:00:00.000,14:10,40.71579,-73.79749,0,0,0,0,4071,-7379,0.3888888888888889
2021-04-17T00:00:00.000,0:55,40.708084,-73.92341,0,0,0,0,4070,-7392,0.24305555555555555
2021-04-13T00:00:00.000,19:00,40.628723,-74.08304,1,0,1,1,4062,-7408,0.2
2021-04-16T00:00:00.000,18:44,40.788055,-73.94433,0,0,0,0,4078,-7394,0.33513513513513515
2021-04-16T00:00:00.000,15:13,40.798836,-73.93936,0,0,0,0,4079,-7393,0.36585365853658536
2021-04-17T00:00:00.000,7:57,40.742123,-73.92745,0,0,0,0,4074,-7392,0.3709677419354839
2021-04-17T00:00:00.000,3:20,40.844753,-73.90539,1,0,1,1,4084,-7390,0.366120218579235
2021-04-15T00:00:00.000,18:30,40.816456,-73.86683,0,0,0,0,4081,-7386,0.23333333333333334
2021-04-17T00:00:00.000,8:15,40.86166,-73.910965,0,0,0,0,4086,-7391,0.38016528925619836
2021-04-17T00:00:00.000,10:00,40.833233,-73.8282,0,0,0,0,4083,-7382,0.44680851063829785
2021-04-17T00:00:00.000,1:05,40.78935,-73.842804,0,0,0,0,4078,-7384,0.23809523809523808
2021-04-17T00:00:00.000,21:45,40.699547,-73.764366,1,0,1,1,4069,-7376,0.3392857142857143
2021-03-21T00:00:00.000,10:52,40.766552,-73.89476,0,0,0,0,4076,-7389,0.35185185185185186
2021-04-17T00:00:00.000,21:26,40.74143,-73.94794,0,0,0,0,4074,-7394,0.33962264150943394
2021-04-16T00:00:00.000,9:55,40.648182,-73.94739,0,0,0,0,4064,-7394,0.42342342342342343
2021-04-15T00:00:00.000,16:26,40.847576,-73.90633,0,0,0,0,4084,-7390,0.366120218579235
2021-04-16T00:00:00.000,16:40,40.570877,-74.16984,0,0,0,0,4057,-7416,0.36363636363636365
2021-04-17T00:00:00.000,10:55,40.87484,-73.910835,0,0,0,0,4087,-7391,0.25925925925925924
2021-04-17T00:00:00.000,8:05,40.650375,-73.92607,0,0,0,0,4065,-7392,0.35555555555555557
2021-04-15T00:00:00.000,16:00,40.62956,-73.94342,0,0,0,0,4062,-7394,0.41379310344827586
2021-04-17T00:00:00.000,13:00,40.601112,-73.75187,0,0,0,0,4060,-7375,0.17117117117117117
2021-04-17T00:00:00.000,20:13,40.84969,-73.78744,0,0,0,0,4084,-7378,0.0
2021-04-17T00:00:00.000,17:57,40.652554,-73.74656,0,0,0,0,4065,-7374,0.4583333333333333
2021-04-10T00:00:00.000,14:00,40.81689,-73.86383,1,0,1,1,4081,-7386,0.23333333333333334
2021-04-12T00:00:00.000,16:00,40.67854,-73.88094,0,0,0,0,4067,-7388,0.30434782608695654
2021-04-17T00:00:00.000,18:28,40.80582,-73.90926,4,0,1,1,4080,-7390,0.36538461538461536
2021-04-17T00:00:00.000,14:05,40.63948,-74.016174,1,0,1,1,4063,-7401,0.37777777777777777
2021-04-17T00:00:00.000,6:30,40.726135,-73.82638,0,0,0,0,4072,-7382,0.45454545454545453
2021-04-16T00:00:00.000,21:30,40.712738,-73.83173,0,0,0,0,4071,-7383,0.37349397590361444
2021-04-17T00:00:00.000,9:28,40.826275,-73.85971,0,0,0,0,4082,-7385,0.27
2021-04-17T00:00:00.000,12:30,40.69764,-73.92932,1,0,1,1,4069,-7392,0.3584905660377358
2021-04-13T00:00:00.000,22:20,40.66336,-73.95975,4,0,1,1,4066,-7395,0.44375
2021-04-17T00:00:00.000,16:30,40.627052,-74.16485,1,0,1,1,4062,-7416,0.24444444444444444
2021-04-17T00:00:00.000,22:40,40.89455,-73.850044,0,0,0,0,4089,-7385,0.3813559322033898
2021-03-29T00:00:00.000,21:21,40.64334,-73.92849,2,0,1,1,4064,-7392,0.4077669902912621
2021-04-14T00:00:00.000,19:50,40.66268,-73.95815,0,0,0,0,4066,-7395,0.44375
2021-04-17T00:00:00.000,0:25,40.67739,-73.7398,0,0,0,0,4067,-7373,0.46835443037974683
2021-04-17T00:00:00.000,19:13,40.846764,-73.933784,0,0,0,0,4084,-7393,0.32786885245901637
2021-04-17T00:00:00.000,23:50,40.756725,-73.96,1,0,1,1,4075,-7395,0.38095238095238093
2021-04-13T00:00:00.000,15:00,40.887222,-73.90474,0,0,0,0,4088,-7390,0.2702702702702703
2021-04-17T00:00:00.000,6:50,40.754612,-73.87667,0,0,0,0,4075,-7387,0.33884297520661155
2021-04-15T00:00:00.000,0:19,40.707954,-73.83715,1,0,1,1,4070,-7383,0.3541666666666667
2021-04-17T00:00:00.000,21:00,40.84736,-73.8822,0,0,0,0,4084,-7388,0.390625
2021-04-16T00:00:00.000,17:45,40.76874,-73.90881,0,0,0,0,4076,-7390,0.3055555555555556
2021-04-17T00:00:00.000,14:45,40.808853,-73.88405,0,0,0,0,4080,-7388,0.15789473684210525
2021-04-17T00:00:00.000,15:22,40.665348,-73.72986,2,0,1,1,4066,-7372,0.6190476190476191
2021-04-17T00:00:00.000,11:40,40.707268,-73.90267,0,0,0,0,4070,-7390,0.37894736842105264
2021-04-12T00:00:00.000,11:30,40.71338,-73.82874,0,0,0,0,4071,-7382,0.379746835443038
2021-04-17T00:00:00.000,10:57,40.83315,-73.8871,1,0,1,1,4083,-7388,0.26717557251908397
2021-04-17T00:00:00.000,14:38,40.768887,-73.90691,4,0,1,1,4076,-7390,0.3055555555555556
2021-04-17T00:00:00.000,16:30,40.562828,-74.102615,0,0,0,0,4056,-7410,0.4
2021-04-14T00:00:00.000,15:27,40.70377,-73.93116,0,0,0,0,4070,-7393,0.3300970873786408
2021-04-17T00:00:00.000,23:35,40.649395,-73.9417,1,0,1,1,4064,-7394,0.42342342342342343
2021-04-17T00:00:00.000,21:32,40.81801,-73.96149,0,0,0,0,4081,-7396,0.2222222222222222
2021-04-17T00:00:00.000,10:00,40.827198,-73.93668,0,0,0,0,4082,-7393,0.36645962732919257
2021-04-16T00:00:00.000,10:40,40.635185,-73.92862,0,0,0,0,4063,-7392,0.4036697247706422
2021-04-17T00:00:00.000,11:57,40.727192,-73.89328,0,0,0,0,4072,-7389,0.41379310344827586
2021-04-17T00:00:00.000,14:00,40.648243,-73.929,2,0,1,1,4064,-7392,0.4077669902912621
2021-04-15T00:00:00.000,20:54,40.60981,-73.92251,1,0,1,1,4060,-7392,0.3333333333333333
2021-04-15T00:00:00.000,17:40,40.62194,-73.91753,1,0,1,1,4062,-7391,0.3333333333333333
2021-04-16T00:00:00.000,13:48,40.686085,-73.982666,0,0,0,0,4068,-7398,0.3873239436619718
2021-04-17T00:00:00.000,12:00,40.678425,-73.851875,0,0,0,0,4067,-7385,0.26666666666666666
2022-03-25T00:00:00.000,19:46,40.737614,-73.79646,0,0,0,0,4073,-7379,0.4
2022-03-26T00:00:00.000,14:20,40.675907,-73.969505,1,0,1,1,4067,-7396,0.3466666666666667
2022-03-26T00:00:00.000,3:37,40.70239,-73.924644,0,0,0,0,4070,-7392,0.24305555555555555
2022-07-12T00:00:00.000,0:00,40.639996,-74.02442,2,0,1,1,4063,-7402,0.3877551020408163
2022-03-26T00:00:00.000,6:40,40.74105,-73.72587,1,0,1,1,4074,-7372,0.375
2022-03-26T00:00:00.000,20:40,40.66484,-73.82229,0,0,0,0,4066,-7382,0.43103448275862066
2022-03-26T00:00:00.000,15:03,40.73207,-73.94462,1,0,1,1,4073,-7394,0.5
2022-03-25T00:00:00.000,16:49,40.8037,-73.93582,1,0,1,1,4080,-7393,0.36312849162011174
2022-03-26T00:00:00.000,1:15,40.74456,-73.93076,1,0,1,1,4074,-7393,0.3333333333333333
2022-03-26T00:00:00.000,17:45,40.69222,-73.847496,0,0,0,0,4069,-7384,0.26666666666666666
2022-03-20T00:00:00.000,23:47,40.818474,-73.95332,0,0,0,0,4081,-7395,0.3509933774834437
2022-03-25T00:00:00.000,10:00,40.60729,-74.14086,0,0,0,0,4060,-7414,0.4074074074074074
2022-03-26T00:00:00.000,14:00,40.65206,-73.94973,0,0,0,0,4065,-7394,0.43137254901960786
2022-03-25T00:00:00.000,18:13,40.645596,-73.999054,0,0,0,0,4064,-7399,0.3442622950819672
2022-03-09T00:00:00.000,1:00,40.759163,-73.97675,1,0,1,1,4075,-7397,0.375886524822695
2022-03-25T00:00:00.000,19:00,40.88611,-73.86292,0,0,0,0,4088,-7386,0.23809523809523808
2022-03-26T00:00:00.000,18:15,40.659275,-73.889,3,0,1,1,4065,-7388,0.41509433962264153
2022-03-26T00:00:00.000,7:30,40.64005,-74.089355,0,0,0,0,4064,-7408,0.2894736842105263
2022-03-26T00:00:00.000,3:30,40.752068,-73.862854,0,0,0,0,4075,-7386,0.33653846153846156
2022-03-26T00:00:00.000,20:37,40.704773,-74.00975,1,0,1,1,4070,-7400,0.2542372881355932
2022-03-26T00:00:00.000,21:45,40.67477,-73.860306,0,0,0,0,4067,-7386,0.3431372549019608
2022-03-26T00:00:00.000,22:57,40.764187,-73.86258,1,0,1,1,4076,-7386,0.40298507462686567
2022-03-25T00:00:00.000,12:35,40.7441,-73.99565,1,0,1,1,4074,-7399,0.3333333333333333
2022-03-26T00:00:00.000,10:22,40.700546,-73.917076,2,0,1,1,4070,-7391,0.27450980392156865
2022-03-26T00:00:00.000,16:45,40.711685,-73.74672,0,0,0,0,4071,-7374,0.23404255319148937
2022-02-19T00:00:00.000,16:32,40.62135,-74.15131,1,0,1,1,4062,-7415,0.37037037037037035
2021-09-12T00:00:00.000,7:15,40.700836,-73.99495,0,0,0,0,4070,-7399,0.21052631578947367
2021-12-09T00:00:00.000,9:50,40.815754,-73.883934,0,0,0,0,4081,-7388,0.25471698113207547
2021-12-08T00:00:00.000,15:40,40.826275,-73.85971,1,0,1,1,4082,-7385,0.27
2021-12-03T00:00:00.000,10:54,40.689194,-73.75365,0,0,0,0,4068,-7375,0.3877551020408163
2021-12-10T00:00:00.000,21:33,40.76979,-73.988075,1,0,1,1,4076,-7398,0.3081761006289308
2021-12-08T00:00:00.000,8:30,40.84812,-73.92971,0,0,0,0,4084,-7392,0.3181818181818182
2021-12-09T00:00:00.000,12:47,40.827774,-73.945755,1,0,1,1,4082,-7394,0.3812154696132597
2021-11-18T00:00:00.000,22:10,40.639984,-74.08663,0,0,0,0,4063,-7408,0.2653061224489796
2021-12-10T00:00:00.000,20:15,40.74121,-73.84277,1,0,1,1,4074,-7384,0.42857142857142855
2021-12-08T00:00:00.000,22:52,40.735424,-73.974754,1,0,1,1,4073,-7397,0.32558139534883723
2021-11-18T00:00:00.000,17:56,40.668606,-73.78168,2,0,1,1,4066,-7378,0.34615384615384615
2021-12-10T00:00:00.000,12:21,40.84835,-73.85573,1,0,1,1,4084,-7385,0.32727272727272727
2021-12-02T00:00:00.000,9:00,40.693905,-73.94892,0,0,0,0,4069,-7394,0.417910447761194
2021-12-06T00:00:00.000,2:00,40.68837,-73.944916,0,0,0,0,4068,-7394,0.4409448818897638
2021-12-10T00:00:00.000,16:47,40.7495,-73.94667,0,0,0,0,4074,-7394,0.33962264150943394
2021-12-09T00:00:00.000,18:12,40.57089,-74.14791,0,0,0,0,4057,-7414,0.2857142857142857
2021-12-08T00:00:00.000,9:39,40.635494,-74.00957,1,0,1,1,4063,-7400,0.3068181818181818
2021-12-10T00:00:00.000,19:30,40.726135,-73.76318,0,0,0,0,4072,-7376,0.5
2021-12-08T00:00:00.000,12:27,40.774227,-73.98112,1,0,1,1,4077,-7398,0.38028169014084506
2021-12-09T00:00:00.000,17:00,40.65571,-73.95891,0,0,0,0,4065,-7395,0.38686131386861317
2021-12-08T00:00:00.000,13:38,40.622086,-73.984276,1,0,1,1,4062,-7398,0.38
2021-12-10T00:00:00.000,14:34,40.680008,-73.82305,2,0,1,1,4068,-7382,0.41975308641975306
2021-12-06T00:00:00.000,21:54,40.83112,-73.9419,2,0,1,1,4083,-7394,0.38926174496644295
2021-12-10T00:00:00.000,14:40,40.673313,-73.97309,0,0,0,0,4067,-7397,0.2818181818181818
2021-12-09T00:00:00.000,11:25,40.64861,-73.99952,0,0,0,0,4064,-7399,0.3442622950819672
2022-03-26T00:00:00.000,1:20,40.822815,-73.895485,0,0,0,0,4082,-7389,0.37423312883435583
2022-03-25T00:00:00.000,13:00,40.812237,-73.909424,0,0,0,0,4081,-7390,0.3888888888888889
2022-03-26T00:00:00.000,2:34,40.82803,-73.934845,0,0,0,0,4082,-7393,0.36645962732919257
2022-03-26T00:00:00.000,12:25,40.65906,-73.88459,0,0,0,0,4065,-7388,0.41509433962264153
2022-03-12T00:00:00.000,16:00,40.67834,-73.95521,0,0,0,0,4067,-7395,0.3695652173913043
2022-03-26T00:00:00.000,16:38,40.75265,-73.99056,0,0,0,0,4075,-7399,0.2830188679245283
2022-03-26T00:00:00.000,4:44,40.596478,-73.96523,0,0,0,0,4059,-7396,0.38596491228070173
2022-03-26T00:00:00.000,7:48,40.772495,-73.8303,0,0,0,0,4077,-7383,0.25
2022-03-26T00:00:00.000,20:15,40.67102,-73.74893,1,0,1,1,4067,-7374,0.2619047619047619
2022-03-20T00:00:00.000,18:43,40.678932,-73.96197,1,0,1,1,4067,-7396,0.3466666666666667
2022-03-26T00:00:00.000,8:50,40.63926,-73.93777,3,0,1,1,4063,-7393,0.46153846153846156
2022-03-26T00:00:00.000,17:30,40.655403,-73.85259,0,0,0,0,4065,-7385,0.4
2022-03-24T00:00:00.000,12:15,40.61578,-73.99995,1,0,1,1,4061,-7399,0.29411764705882354
2022-03-26T00:00:00.000,2:15,40.536892,-74.15944,0,0,0,0,4053,-7415,0.2222222222222222
2022-03-26T00:00:00.000,13:50,40.634117,-73.94588,0,0,0,0,4063,-7394,0.358974358974359
2022-03-21T00:00:00.000,11:30,40.695377,-73.94921,0,0,0,0,4069,-7394,0.417910447761194
2022-03-14T00:00:00.000,14:05,40.756035,-73.98695,1,0,1,1,4075,-7398,0.3170731707317073
2022-03-26T00:00:00.000,11:20,40.771946,-73.952995,1,0,1,1,4077,-7395,0.3384615384615385
2022-03-25T00:00:00.000,8:29,40.83997,-73.87792,0,0,0,0,4083,-7387,0.38414634146341464
2022-03-26T00:00:00.000,19:26,40.749866,-73.86273,0,0,0,0,4074,-7386,0.3813559322033898
2022-03-26T00:00:00.000,17:45,40.687176,-73.9814,0,0,0,0,4068,-7398,0.3873239436619718
2022-03-25T00:00:00.000,15:00,40.666378,-73.847694,0,0,0,0,4066,-7384,0.5925925925925926
2022-03-26T00:00:00.000,14:00,40.73769,-73.76846,0,0,0,0,4073,-7376,0.2857142857142857
2022-03-25T00:00:00.000,13:11,40.74152,-73.904594,0,0,0,0,4074,-7390,0.40625
2022-03-26T00:00:00.000,1:31,40.764626,-73.99555,0,0,0,0,4076,-7399,0.3275862068965517
2022-03-24T00:00:00.000,12:00,40.89306,-73.858734,0,0,0,0,4089,-7385,0.3813559322033898
2022-03-26T00:00:00.000,12:20,40.66743,-73.76676,0,0,0,0,4066,-7376,0.30434782608695654
2022-03-26T00:00:00.000,8:15,40.843678,-73.871956,0,0,0,0,4084,-7387,0.48333333333333334
2022-03-26T00:00:00.000,14:08,40.87829,-73.87006,0,0,0,0,4087,-7387,0.297029702970297
2022-03-26T00:00:00.000,17:46,40.746353,-73.91617,1,0,1,1,4074,-7391,0.38333333333333336
2022-03-26T00:00:00.000,22:03,40.84869,-73.90329,0,0,0,0,4084,-7390,0.366120218579235
2022-03-23T00:00:00.000,8:10,40.88971,-73.85603,1,0,1,1,4088,-7385,0.36619718309859156
2022-03-25T00:00:00.000,17:06,40.762287,-73.97027,0,0,0,0,4076,-7397,0.37
2022-03-26T00:00:00.000,11:20,40.65937,-73.8826,1,0,1,1,4065,-7388,0.41509433962264153
2022-03-26T00:00:00.000,9:00,40.579052,-73.98415,0,0,0,0,4057,-7398,0.36904761904761907
2022-03-26T00:00:00.000,10:17,40.80114,-73.93769,0,0,0,0,4080,-7393,0.36312849162011174
2022-03-26T00:00:00.000,5:28,40.700726,-73.94194,0,0,0,0,4070,-7394,0.3956043956043956
2022-03-26T00:00:00.000,21:58,40.759285,-73.85809,0,0,0,0,4075,-7385,0.3048780487804878
2022-03-26T00:00:00.000,11:15,40.60345,-74.009,0,0,0,0,4060,-7400,0.24074074074074073
2022-03-25T00:00:00.000,15:06,40.62026,-74.16774,1,0,1,1,4062,-7416,0.24444444444444444
2022-03-26T00:00:00.000,0:09,40.703434,-73.74051,0,0,0,0,4070,-7374,0.3333333333333333
2022-03-25T00:00:00.000,17:44,40.64235,-73.97937,1,0,1,1,4064,-7397,0.4095238095238095
2022-03-26T00:00:00.000,14:45,40.707928,-73.78383,0,0,0,0,4070,-7378,0.34523809523809523
2022-03-26T00:00:00.000,22:00,40.718174,-73.98704,0,0,0,0,4071,-7398,0.39568345323741005
2022-03-17T00:00:00.000,14:50,40.76974,-73.982124,0,0,0,0,4076,-7398,0.3081761006289308
2022-03-26T00:00:00.000,23:15,40.752663,-73.87633,1,0,1,1,4075,-7387,0.33884297520661155
2022-03-26T00:00:00.000,22:30,40.65331,-73.95942,0,0,0,0,4065,-7395,0.38686131386861317
2022-03-26T00:00:00.000,0:55,40.84353,-73.89401,0,0,0,0,4084,-7389,0.33766233766233766
2022-03-26T00:00:00.000,3:26,40.731125,-74.004234,0,0,0,0,4073,-7400,0.2403846153846154
2022-03-26T00:00:00.000,7:30,40.7014,-73.91858,1,0,1,1,4070,-7391,0.27450980392156865
2022-03-26T00:00:00.000,13:00,40.757725,-73.86372,0,0,0,0,4075,-7386,0.33653846153846156
2022-03-26T00:00:00.000,20:00,40.703938,-73.87605,0,0,0,0,4070,-7387,0.24324324324324326
2022-03-26T00:00:00.000,19:08,40.663124,-73.8902,1,0,1,1,4066,-7389,0.3103448275862069
2022-03-26T00:00:00.000,18:32,40.835648,-73.88862,0,0,0,0,4083,-7388,0.26717557251908397
2022-03-26T00:00:00.000,0:05,40.76419,-73.861664,0,0,0,0,4076,-7386,0.40298507462686567
2022-03-26T00:00:00.000,17:59,40.647243,-73.96048,1,0,1,1,4064,-7396,0.4714285714285714
2022-03-26T00:00:00.000,17:45,40.815205,-73.947495,0,0,0,0,4081,-7394,0.38
2022-03-26T00:00:00.000,20:30,40.681145,-73.84013,0,0,0,0,4068,-7384,0.3333333333333333
2022-03-26T00:00:00.000,21:15,40.696384,-73.86017,0,0,0,0,4069,-7386,0.21052631578947367
2022-03-25T00:00:00.000,8:30,40.709206,-73.99607,0,0,0,0,4070,-7399,0.21052631578947367
2024-10-05T00:00:00.000,12:40,40.64254,-73.87652,2,0,1,1,4064,-7387,0.4918032786885246
2022-03-26T00:00:00.000,5:00,40.53171,-74.202896,0,0,0,0,4053,-7420,0.5555555555555556
2022-03-26T00:00:00.000,18:30,40.667576,-73.72951,1,0,1,1,4066,-7372,0.6190476190476191
2022-03-26T00:00:00.000,16:35,40.608807,-73.924126,0,0,0,0,4060,-7392,0.3333333333333333
2022-03-11T00:00:00.000,23:22,40.831635,-73.91894,0,0,0,0,4083,-7391,0.33714285714285713
2022-03-26T00:00:00.000,19:11,40.832787,-73.850235,0,0,0,0,4083,-7385,0.30158730158730157
2022-03-26T00:00:00.000,20:09,40.649654,-73.92047,1,0,1,1,4064,-7392,0.4077669902912621
2022-03-26T00:00:00.000,16:17,40.672405,-73.730515,2,0,1,1,4067,-7373,0.46835443037974683
2022-03-21T00:00:00.000,12:02,40.879623,-73.86834,0,0,0,0,4087,-7386,0.3142857142857143
2022-03-26T00:00:00.000,5:01,40.814438,-73.89308,1,0,1,1,4081,-7389,0.31543624161073824
2022-03-23T00:00:00.000,12:30,40.742104,-73.702194,0,0,0,0,4074,-7370,0.375
2022-03-26T00:00:00.000,0:10,40.723507,-73.98541,1,0,1,1,4072,-7398,0.4342105263157895
2022-03-26T00:00:00.000,11:00,40.66602,-73.896324,0,0,0,0,4066,-7389,0.3103448275862069
2022-03-26T00:00:00.000,23:20,40.691536,-73.99912,0,0,0,0,4069,-7399,0.29473684210526313
2022-03-26T00:00:00.000,0:12,40.663948,-73.98073,0,0,0,0,4066,-7398,0.421875
2022-03-26T00:00:00.000,14:00,40.696865,-73.81535,3,0,1,1,4069,-7381,0.3902439024390244
2022-03-26T00:00:00.000,1:20,40.855972,-73.869896,0,0,0,0,4085,-7386,0.33766233766233766
2022-03-26T00:00:00.000,12:30,40.642563,-74.08653,0,0,0,0,4064,-7408,0.2894736842105263
2022-03-21T00:00:00.000,17:18,40.616364,-74.15676,0,0,0,0,4061,-7415,0.3333333333333333
2022-03-26T00:00:00.000,18:36,40.64467,-73.9256,0,0,0,0,4064,-7392,0.4077669902912621
2022-03-26T00:00:00.000,0:00,40.843517,-73.83295,2,0,1,1,4084,-7383,0.4318181818181818
2022-03-23T00:00:00.000,14:30,40.57256,-74.1189,0,0,0,0,4057,-7411,0.37142857142857144
2022-03-25T00:00:00.000,9:15,40.829502,-73.87462,2,0,1,1,4082,-7387,0.33544303797468356
2022-03-15T00:00:00.000,17:00,40.676598,-73.93039,1,0,1,1,4067,-7393,0.3755868544600939
2022-03-26T00:00:00.000,1:04,40.608826,-74.00983,1,0,1,1,4060,-7400,0.24074074074074073
2022-03-25T00:00:00.000,10:57,40.779495,-73.9535,0,0,0,0,4077,-7395,0.3384615384615385
2022-03-26T00:00:00.000,1:05,40.686066,-73.971436,0,0,0,0,4068,-7397,0.3412322274881517
2022-03-26T00:00:00.000,1:15,40.693295,-73.80802,0,0,0,0,4069,-7380,0.38461538461538464
2022-03-26T00:00:00.000,20:59,40.743156,-73.91871,0,0,0,0,4074,-7391,0.38333333333333336
2022-03-19T00:00:00.000,1:01,40.781666,-73.986694,0,0,0,0,4078,-7398,0.42105263157894735
2022-03-26T00:00:00.000,14:57,40.711323,-73.95464,0,0,0,0,4071,-7395,0.36585365853658536
2022-03-26T00:00:00.000,7:05,40.620525,-74.03228,0,0,0,0,4062,-7403,0.15
2022-03-26T00:00:00.000,23:45,40.830906,-73.8736,0,0,0,0,4083,-7387,0.38414634146341464
2022-03-25T00:00:00.000,8:21,40.80142,-73.93446,0,0,0,0,4080,-7393,0.36312849162011174
2022-03-26T00:00:00.000,14:28,40.701195,-73.91409,0,0,0,0,4070,-7391,0.27450980392156865
2022-03-26T00:00:00.000,14:05,40.75829,-73.83431,3,0,1,1,4075,-7383,0.37681159420289856
2022-03-22T00:00:00.000,21:19,40.669735,-73.93104,1,0,1,1,4066,-7393,0.38578680203045684
2022-03-25T00:00:00.000,8:20,40.82628,-73.87673,0,0,0,0,4082,-7387,0.33544303797468356
2022-03-26T00:00:00.000,17:30,40.74648,-73.8723,0,0,0,0,4074,-7387,0.25663716814159293
2022-03-10T00:00:00.000,20:27,40.710907,-73.842575,0,0,0,0,4071,-7384,0.4
2022-03-18T00:00:00.000,0:30,40.696686,-73.9378,1,0,1,1,4069,-7393,0.3141025641025641
2022-03-26T00:00:00.000,1:39,40.766144,-73.99724,1,0,1,1,4076,-7399,0.3275862068965517
2021-12-17T00:00:00.000,0:30,40.745384,-73.99471,1,0,1,1,4074,-7399,0.3333333333333333
2022-02-19T00:00:00.000,15:40,40.66053,-73.93234,0,0,0,0,4066,-7393,0.38578680203045684
2022-02-19T00:00:00.000,19:00,40.669754,-73.904,0,0,0,0,4066,-7390,0.2777777777777778
2022-02-14T00:00:00.000,17:23,0.0,0.0,0,0,0,0,0,0,0.40425531914893614
2022-02-19T00:00:00.000,10:09,40.616684,-74.08688,0,0,0,0,4061,-7408,0.30612244897959184
2022-02-19T00:00:00.000,19:45,40.789017,-73.81865,0,0,0,0,4078,-7381,0.22580645161290322
2022-02-17T00:00:00.000,0:30,40.816765,-73.86475,0,0,0,0,4081,-7386,0.23333333333333334
2022-02-19T00:00:00.000,2:16,40.601017,-73.95066,1,0,1,1,4060,-7395,0.4791666666666667
2022-02-16T00:00:00.000,18:33,40.76363,-73.9533,0,0,0,0,4076,-7395,0.3696969696969697
2022-02-19T00:00:00.000,7:03,40.687622,-73.77881,1,0,1,1,4068,-7377,0.3673469387755102
2022-02-18T00:00:00.000,17:30,40.68501,-73.842026,0,0,0,0,4068,-7384,0.3333333333333333
2022-02-19T00:00:00.000,8:52,40.832954,-73.85444,0,0,0,0,4083,-7385,0.30158730158730157
2022-02-19T00:00:00.000,21:10,40.820137,-73.89029,0,0,0,0,4082,-7389,0.37423312883435583
2022-02-14T00:00:00.000,16:00,40.77178,-73.9792,1,0,1,1,4077,-7397,0.38235294117647056
2022-02-19T00:00:00.000,17:30,40.7639,-73.88064,0,0,0,0,4076,-7388,0.43283582089552236
2022-02-17T00:00:00.000,16:10,40.670723,-73.87519,0,0,0,0,4067,-7387,0.30344827586206896
2022-02-16T00:00:00.000,0:00,40.679768,-73.894005,1,0,1,1,4067,-7389,0.33852140077821014
2022-02-19T00:00:00.000,21:35,40.747078,-73.981346,0,0,0,0,4074,-7398,0.40131578947368424
2022-02-15T00:00:00.000,17:55,40.826275,-73.85971,0,0,0,0,4082,-7385,0.27
2022-02-19T00:00:00.000,4:00,40.842007,-73.85755,1,0,1,1,4084,-7385,0.32727272727272727
2022-02-19T00:00:00.000,4:44,40.59957,-73.76422,0,0,0,0,4059,-7376,0.23809523809523808
2022-02-19T00:00:00.000,22:30,40.623444,-74.14917,0,0,0,0,4062,-7414,0.20408163265306123
2022-02-19T00:00:00.000,6:15,40.85139,-73.941216,0,0,0,0,4085,-7394,0.2727272727272727
2022-02-19T00:00:00.000,14:00,40.668278,-73.92005,0,0,0,0,4066,-7392,0.355
2022-02-03T00:00:00.000,16:15,40.776665,-73.78281,0,0,0,0,4077,-7378,0.4444444444444444
2022-02-19T00:00:00.000,14:15,40.70212,-73.81066,0,0,0,0,4070,-7381,0.3194444444444444
2022-03-25T00:00:00.000,10:43,40.60855,-74.13216,0,0,0,0,4060,-7413,0.41935483870967744
2022-03-26T00:00:00.000,10:30,40.849285,-73.93894,0,0,0,0,4084,-7393,0.32786885245901637
2022-03-26T00:00:00.000,0:09,40.73274,-73.86836,3,0,1,1,4073,-7386,0.3464566929133858
2022-03-26T00:00:00.000,20:36,40.87446,-73.91002,2,0,1,1,4087,-7391,0.25925925925925924
2022-03-26T00:00:00.000,17:34,40.666924,-73.78447,0,0,0,0,4066,-7378,0.34615384615384615
2022-03-25T00:00:00.000,19:41,40.62685,-73.97643,0,0,0,0,4062,-7397,0.38666666666666666
2022-03-26T00:00:00.000,3:00,40.86357,-73.92602,2,0,1,1,4086,-7392,0.359375
2022-03-26T00:00:00.000,19:31,40.751575,-73.85584,0,0,0,0,4075,-7385,0.3048780487804878
2022-03-26T00:00:00.000,6:30,40.659473,-74.00244,1,0,1,1,4065,-7400,0.41509433962264153
2022-03-26T00:00:00.000,5:20,40.81813,-73.89101,0,0,0,0,4081,-7389,0.31543624161073824
2022-03-24T00:00:00.000,17:41,40.836555,-73.87135,0,0,0,0,4083,-7387,0.38414634146341464
2022-03-26T00:00:00.000,12:50,40.63054,-74.11365,1,0,1,1,4063,-7411,0.20689655172413793
2022-03-26T00:00:00.000,17:29,40.69925,-73.973206,1,0,1,1,4069,-7397,0.3253012048192771
2022-03-26T00:00:00.000,21:00,40.647766,-73.95816,0,0,0,0,4064,-7395,0.4796747967479675
2022-03-26T00:00:00.000,16:00,40.710747,-73.9532,1,0,1,1,4071,-7395,0.36585365853658536
2022-03-26T00:00:00.000,23:40,40.753113,-73.93371,0,0,0,0,4075,-7393,0.43478260869565216
2022-03-26T00:00:00.000,11:00,40.674786,-73.8762,0,0,0,0,4067,-7387,0.30344827586206896
2022-03-11T00:00:00.000,21:30,40.881466,-73.838234,1,0,1,1,4088,-7383,0.3448275862068966
2022-03-26T00:00:00.000,22:35,40.74128,-73.90257,1,0,1,1,4074,-7390,0.40625
2022-03-26T00:00:00.000,7:30,40.580814,-74.00179,0,0,0,0,4058,-7400,0.0
2022-03-26T00:00:00.000,1:42,40.73736,-73.99685,0,0,0,0,4073,-7399,0.423728813559322
2022-03-25T00:00:00.000,19:46,40.8337,-73.879845,1,0,1,1,4083,-7387,0.38414634146341464
2022-03-16T00:00:00.000,18:30,40.721592,-73.7576,0,0,0,0,4072,-7375,0.2727272727272727
2022-03-26T00:00:00.000,12:00,40.74677,-73.88952,0,0,0,0,4074,-7388,0.2978723404255319
2022-04-12T00:00:00.000,19:15,40.88604,-73.90985,0,0,0,0,4088,-7390,0.2702702702702703
2023-01-11T00:00:00.000,8:44,40.748367,-73.87693,1,0,1,1,4074,-7387,0.25663716814159293
2022-12-19T00:00:00.000,10:23,40.62987,-73.977005,1,0,1,1,4062,-7397,0.38666666666666666
2023-01-17T00:00:00.000,8:23,40.592407,-73.96681,0,0,0,0,4059,-7396,0.38596491228070173
2023-01-17T00:00:00.000,15:21,40.65133,-73.90607,1,0,1,1,4065,-7390,0.375
2023-01-17T00:00:00.000,21:05,40.84698,-73.91065,1,0,1,1,4084,-7391,0.32558139534883723
2023-01-17T00:00:00.000,9:18,40.57275,-73.997055,0,0,0,0,4057,-7399,0.32558139534883723
2023-01-16T00:00:00.000,3:20,40.677715,-73.93587,4,0,1,1,4067,-7393,0.3755868544600939
2023-01-17T00:00:00.000,20:00,40.746334,-73.89633,0,0,0,0,4074,-7389,0.3203125
2023-01-17T00:00:00.000,12:30,40.7295,-73.84571,0,0,0,0,4072,-7384,0.2711864406779661
2023-01-17T00:00:00.000,10:30,40.681484,-73.940636,0,0,0,0,4068,-7394,0.4409448818897638
2022-12-30T00:00:00.000,4:00,40.819748,-73.91427,0,0,0,0,4081,-7391,0.47244094488188976
2023-01-17T00:00:00.000,12:10,40.68021,-73.975845,0,0,0,0,4068,-7397,0.3412322274881517
2023-01-01T00:00:00.000,5:30,40.710514,-73.95614,0,0,0,0,4071,-7395,0.36585365853658536
2023-01-16T00:00:00.000,15:20,40.694496,-73.91482,0,0,0,0,4069,-7391,0.2709677419354839
2023-01-17T00:00:00.000,21:22,40.73181,-73.866646,0,0,0,0,4073,-7386,0.3464566929133858
2022-12-24T00:00:00.000,10:45,40.75043,-73.87781,0,0,0,0,4075,-7387,0.33884297520661155
2023-01-17T00:00:00.000,11:16,40.755154,-73.98086,0,0,0,0,4075,-7398,0.3170731707317073
2023-01-17T00:00:00.000,14:35,40.650467,-73.92443,3,0,1,1,4065,-7392,0.35555555555555557
2023-01-17T00:00:00.000,19:15,40.849407,-73.900894,1,0,1,1,4084,-7390,0.366120218579235
2023-01-17T00:00:00.000,6:42,40.66929,-73.842445,1,0,1,1,4066,-7384,0.5925925925925926
2023-01-12T00:00:00.000,16:59,40.587433,-73.812325,0,0,0,0,4058,-7381,0.1875
2023-01-17T00:00:00.000,20:20,40.63165,-74.08762,0,0,0,0,4063,-7408,0.2653061224489796
2023-01-17T00:00:00.000,15:30,40.76165,-73.82715,1,0,1,1,4076,-7382,0.2987012987012987
2021-08-24T00:00:00.000,21:24,40.828976,-73.87641,0,0,0,0,4082,-7387,0.33544303797468356
2021-09-03T00:00:00.000,23:15,40.81194,-73.92556,1,0,1,1,4081,-7392,0.4714285714285714
2021-08-29T00:00:00.000,4:14,40.835384,-73.93096,1,0,1,1,4083,-7393,0.3333333333333333
2021-07-23T00:00:00.000,5:00,40.696663,-73.98085,0,0,0,0,4069,-7398,0.3229166666666667
2021-09-11T00:00:00.000,22:30,40.840603,-73.91152,1,0,1,1,4084,-7391,0.32558139534883723
2021-09-11T00:00:00.000,9:00,40.700768,-73.990944,0,0,0,0,4070,-7399,0.21052631578947367
2021-09-12T00:00:00.000,9:45,40.675835,-74.01073,0,0,0,0,4067,-7401,0.32142857142857145
2021-09-10T00:00:00.000,10:53,40.75337,-73.974655,0,0,0,0,4075,-7397,0.375886524822695
2021-08-11T00:00:00.000,22:35,40.82,-73.95887,0,0,0,0,4082,-7395,0.4117647058823529
2021-09-11T00:00:00.000,12:43,40.818733,-73.96109,0,0,0,0,4081,-7396,0.2222222222222222
2021-09-12T00:00:00.000,7:50,40.68265,-73.96211,0,0,0,0,4068,-7396,0.42567567567567566
2021-12-08T00:00:00.000,15:45,40.847816,-73.89663,0,0,0,0,4084,-7389,0.33766233766233766
2021-12-09T00:00:00.000,7:00,40.709316,-73.94354,0,0,0,0,4070,-7394,0.3956043956043956
2021-12-10T00:00:00.000,13:20,40.683804,-73.833534,1,0,1,1,4068,-7383,0.45454545454545453
2021-12-04T00:00:00.000,13:44,40.74701,-73.977196,0,0,0,0,4074,-7397,0.4810810810810811
2021-12-06T00:00:00.000,18:43,40.68366,-73.90788,1,0,1,1,4068,-7390,0.4421052631578947
2021-12-08T00:00:00.000,6:15,40.810997,-73.905846,0,0,0,0,4081,-7390,0.3888888888888889
2021-12-09T00:00:00.000,8:37,40.81152,-73.89448,0,0,0,0,4081,-7389,0.31543624161073824
2021-04-17T00:00:00.000,14:57,40.62256,-74.163445,0,0,0,0,4062,-7416,0.24444444444444444
2021-12-10T00:00:00.000,23:20,40.89687,-73.87645,0,0,0,0,4089,-7387,0.2
2023-01-14T00:00:00.000,1:35,40.785038,-73.94104,0,0,0,0,4078,-7394,0.33513513513513515
2023-01-14T00:00:00.000,1:00,40.70145,-73.83132,0,0,0,0,4070,-7383,0.3541666666666667
2023-01-14T00:00:00.000,1:26,40.667522,-73.78063,0,0,0,0,4066,-7378,0.34615384615384615
2022-09-20T00:00:00.000,19:53,40.72949,-73.99333,1,0,1,1,4072,-7399,0.3829787234042553
2023-01-02T00:00:00.000,0:13,40.902397,-73.84668,0,0,0,0,4090,-7384,0.28205128205128205
2023-01-14T00:00:00.000,1:30,40.66855,-73.90079,2,0,1,1,4066,-7390,0.2777777777777778
2023-01-14T00:00:00.000,3:02,40.67461,-73.80428,0,0,0,0,4067,-7380,0.24615384615384617
2023-01-14T00:00:00.000,4:36,40.885563,-73.85162,0,0,0,0,4088,-7385,0.36619718309859156
2021-04-14T00:00:00.000,4:03,40.665993,-73.8858,0,0,0,0,4066,-7388,0.37012987012987014
2021-04-14T00:00:00.000,0:15,40.74233,-73.83764,1,0,1,1,4074,-7383,0.4067796610169492
2021-09-12T00:00:00.000,22:20,40.637215,-73.96555,0,0,0,0,4063,-7396,0.34615384615384615
2021-09-12T00:00:00.000,16:08,40.83794,-73.94052,0,0,0,0,4083,-7394,0.38926174496644295
2021-09-08T00:00:00.000,1:19,40.868103,-73.89351,0,0,0,0,4086,-7389,0.40606060606060607
2021-09-07T00:00:00.000,14:16,40.83517,-73.8668,1,0,1,1,4083,-7386,0.24822695035460993
2021-09-12T00:00:00.000,1:50,40.746353,-73.91617,1,0,1,1,4074,-7391,0.38333333333333336
2021-09-12T00:00:00.000,18:30,40.64401,-73.944954,0,0,0,0,4064,-7394,0.42342342342342343
2021-09-12T00:00:00.000,18:48,40.814575,-73.95539,1,0,1,1,4081,-7395,0.3509933774834437
2021-09-12T00:00:00.000,17:00,40.683857,-73.806755,0,0,0,0,4068,-7380,0.3829787234042553
2021-09-12T00:00:00.000,22:52,40.580193,-73.944916,0,0,0,0,4058,-7394,0.40816326530612246
2021-09-11T00:00:00.000,2:21,40.654133,-73.91234,1,0,1,1,4065,-7391,0.425
2021-09-12T00:00:00.000,0:45,40.63413,-73.928505,0,0,0,0,4063,-7392,0.4036697247706422
2021-09-10T00:00:00.000,7:30,40.72066,-73.983284,0,0,0,0,4072,-7398,0.4342105263157895
2021-09-11T00:00:00.000,22:00,40.7242,-73.93765,0,0,0,0,4072,-7393,0.36507936507936506
2021-09-12T00:00:00.000,0:10,40.867107,-73.92283,1,0,1,1,4086,-7392,0.359375
2021-09-12T00:00:00.000,5:18,40.669975,-73.91988,1,0,1,1,4066,-7391,0.3630952380952381
2021-09-12T00:00:00.000,11:00,40.716793,-73.88876,0,0,0,0,4071,-7388,0.10344827586206896
2021-09-12T00:00:00.000,18:35,40.629353,-73.884766,2,0,1,1,4062,-7388,0.5714285714285714
2021-09-12T00:00:00.000,15:20,40.726814,-73.83846,0,0,0,0,4072,-7383,0.4909090909090909
2021-09-12T00:00:00.000,11:26,40.63204,-74.154755,0,0,0,0,4063,-7415,0.3333333333333333
2021-09-12T00:00:00.000,0:00,40.76675,-73.7826,0,0,0,0,4076,-7378,0.4
2021-09-12T00:00:00.000,3:41,40.749176,-73.8897,1,0,1,1,4074,-7388,0.2978723404255319
2021-09-12T00:00:00.000,19:47,40.69756,-73.85275,1,0,1,1,4069,-7385,0.34
2021-09-12T00:00:00.000,7:50,40.669876,-73.84741,0,0,0,0,4066,-7384,0.5925925925925926
2021-09-12T00:00:00.000,2:15,40.75763,-73.865685,1,0,1,1,4075,-7386,0.33653846153846156
2021-04-18T00:00:00.000,14:40,40.838333,-73.89678,0,0,0,0,4083,-7389,0.3333333333333333
2021-04-18T00:00:00.000,0:43,40.828407,-73.84392,0,0,0,0,4082,-7384,0.3835616438356164
2021-04-15T00:00:00.000,17:00,40.659206,-73.93702,0,0,0,0,4065,-7393,0.44366197183098594
2021-04-18T00:00:00.000,21:45,40.78055,-73.96169,0,0,0,0,4078,-7396,0.28125
2021-09-12T00:00:00.000,1:49,40.822308,-73.93859,0,0,0,0,4082,-7393,0.36645962732919257
2021-04-18T00:00:00.000,0:30,40.60657,-73.75575,0,0,0,0,4060,-7375,0.17117117117117117
2021-04-18T00:00:00.000,9:50,40.628,-74.15178,3,0,1,1,4062,-7415,0.37037037037037035
2021-04-16T00:00:00.000,5:20,40.85358,-73.932236,0,0,0,0,4085,-7393,0.36585365853658536
2021-04-18T00:00:00.000,2:20,40.827774,-73.945755,0,0,0,0,4082,-7394,0.3812154696132597
2021-04-18T00:00:00.000,0:16,40.802753,-73.93358,2,0,1,1,4080,-7393,0.36312849162011174
2021-04-18T00:00:00.000,19:00,40.67931,-73.9785,1,0,1,1,4067,-7397,0.2818181818181818
2021-04-15T00:00:00.000,0:00,40.675632,-73.89878,1,0,1,1,4067,-7389,0.33852140077821014
2021-04-18T00:00:00.000,1:30,40.85885,-73.885956,0,0,0,0,4085,-7388,0.3
2021-04-18T00:00:00.000,21:09,40.74891,-73.814095,1,0,1,1,4074,-7381,0.46153846153846156
2021-04-18T00:00:00.000,18:30,40.84931,-73.93002,0,0,0,0,4084,-7393,0.32786885245901637
2021-04-18T00:00:00.000,23:00,40.692783,-73.91181,0,0,0,0,4069,-7391,0.2709677419354839
2021-03-30T00:00:00.000,9:00,40.62505,-74.01913,0,0,0,0,4062,-7401,0.3829787234042553
2021-04-18T00:00:00.000,6:30,40.678596,-73.882416,0,0,0,0,4067,-7388,0.30434782608695654
2021-04-18T00:00:00.000,0:10,40.612488,-73.89707,0,0,0,0,4061,-7389,0.45454545454545453
2021-04-18T00:00:00.000,5:08,40.694687,-73.95521,0,0,0,0,4069,-7395,0.30952380952380953
2021-04-18T00:00:00.000,0:56,40.705738,-73.912636,1,0,1,1,4070,-7391,0.27450980392156865
2021-04-18T00:00:00.000,12:00,40.62702,-73.98795,0,0,0,0,4062,-7398,0.38
2021-04-18T00:00:00.000,14:45,40.876503,-73.904564,1,0,1,1,4087,-7390,0.3184713375796178
2021-04-18T00:00:00.000,18:46,40.831974,-73.9235,2,0,1,1,4083,-7392,0.310126582278481
2021-04-18T00:00:00.000,0:00,40.66496,-73.82226,2,0,1,1,4066,-7382,0.43103448275862066
2021-04-18T00:00:00.000,4:25,40.65317,-73.866875,0,0,0,0,4065,-7386,0.36619718309859156
2021-04-18T00:00:00.000,22:06,40.82201,-73.85827,2,0,1,1,4082,-7385,0.27
2021-04-18T00:00:00.000,16:17,40.806973,-73.937645,0,0,0,0,4080,-7393,0.36312849162011174
2021-04-18T00:00:00.000,18:50,40.67492,-73.87528,0,0,0,0,4067,-7387,0.30344827586206896
2021-04-18T00:00:00.000,19:30,40.820095,-73.955086,6,0,1,1,4082,-7395,0.4117647058823529
2021-04-12T00:00:00.000,19:05,40.67567,-73.89785,0,0,0,0,4067,-7389,0.33852140077821014
2021-04-18T00:00:00.000,7:22,40.844833,-73.909386,0,0,0,0,4084,-7390,0.366120218579235
2021-04-18T00:00:00.000,12:25,40.746178,-73.77095,1,0,1,1,4074,-7377,0.36363636363636365
2021-04-18T00:00:00.000,20:27,40.707306,-73.75122,0,0,0,0,4070,-7375,0.4117647058823529
2021-04-18T00:00:00.000,21:34,40.69119,-73.9978,4,0,1,1,4069,-7399,0.29473684210526313
2021-04-13T00:00:00.000,14:08,40.84506,-73.916855,1,0,1,1,4084,-7391,0.32558139534883723
2021-04-18T00:00:00.000,13:52,40.81986,-73.891304,0,0,0,0,4081,-7389,0.31543624161073824
2021-04-18T00:00:00.000,1:30,40.820198,-73.921486,0,0,0,0,4082,-7392,0.3333333333333333
2021-04-18T00:00:00.000,15:10,40.667313,-73.73926,2,0,1,1,4066,-7373,0.44339622641509435
2021-04-15T00:00:00.000,9:15,40.750626,-73.87595,0,0,0,0,4075,-7387,0.33884297520661155
2021-04-17T00:00:00.000,16:09,40.651676,-73.869225,0,0,0,0,4065,-7386,0.36619718309859156
2021-04-18T00:00:00.000,12:40,40.8239,-73.876526,1,0,1,1,4082,-7387,0.33544303797468356
2021-04-18T00:00:00.000,15:52,40.8651,-73.92189,0,0,0,0,4086,-7392,0.359375
2021-04-18T00:00:00.000,0:05,40.700687,-73.766815,0,0,0,0,4070,-7376,0.43902439024390244
2021-04-18T00:00:00.000,18:45,40.715958,-73.81275,0,0,0,0,4071,-7381,0.3448275862068966
2021-04-18T00:00:00.000,12:30,40.616753,-74.011116,0,0,0,0,4061,-7401,0.2972972972972973
2021-04-07T00:00:00.000,9:30,40.675655,-73.96313,0,0,0,0,4067,-7396,0.3466666666666667
2021-04-18T00:00:00.000,21:00,40.67752,-73.972725,2,0,1,1,4067,-7397,0.2818181818181818
2021-04-17T00:00:00.000,14:30,40.66336,-73.95975,1,0,1,1,4066,-7395,0.44375
2021-09-12T00:00:00.000,5:12,40.6481,-73.91474,0,0,0,0,4064,-7391,0.39805825242718446
2021-04-18T00:00:00.000,1:12,40.85429,-73.90027,1,0,1,1,4085,-7390,0.42207792207792205
2021-04-18T00:00:00.000,11:00,40.8166,-73.942764,0,0,0,0,4081,-7394,0.38
2021-04-18T00:00:00.000,1:07,40.63932,-74.02356,2,0,1,1,4063,-7402,0.3877551020408163
2021-04-17T00:00:00.000,17:00,40.734688,-73.99998,0,0,0,0,4073,-7399,0.423728813559322
2021-04-18T00:00:00.000,12:30,40.819195,-73.912506,0,0,0,0,4081,-7391,0.47244094488188976
2021-04-18T00:00:00.000,8:59,40.857014,-73.84307,2,0,1,1,4085,-7384,0.32432432432432434
2021-04-16T00:00:00.000,15:55,40.867928,-73.869255,1,0,1,1,4086,-7386,0.4642857142857143
2021-04-18T00:00:00.000,1:00,40.827206,-73.94246,0,0,0,0,4082,-7394,0.3812154696132597
2021-09-12T00:00:00.000,1:20,40.632145,-73.952736,2,0,1,1,4063,-7395,0.48484848484848486
2021-04-18T00:00:00.000,20:40,40.783245,-73.94473,0,0,0,0,4078,-7394,0.33513513513513515
2021-04-18T00:00:00.000,16:32,40.669823,-73.78883,0,0,0,0,4066,-7378,0.34615384615384615
2021-04-17T00:00:00.000,6:16,40.67148,-73.898674,0,0,0,0,4067,-7389,0.33852140077821014
2021-03-11T00:00:00.000,14:13,40.723347,-73.939316,0,0,0,0,4072,-7393,0.36507936507936506
2021-04-18T00:00:00.000,22:00,40.693817,-73.82212,0,0,0,0,4069,-7382,0.37209302325581395
2021-04-17T00:00:00.000,3:10,40.80616,-73.927986,0,0,0,0,4080,-7392,0.3141025641025641
2021-04-18T00:00:00.000,15:15,40.666573,-73.78632,0,0,0,0,4066,-7378,0.34615384615384615
2021-04-18T00:00:00.000,0:40,40.706497,-73.89695,0,0,0,0,4070,-7389,0.2711864406779661
2021-04-18T00:00:00.000,4:33,40.861862,-73.91282,1,0,1,1,4086,-7391,0.38016528925619836
2021-04-16T00:00:00.000,15:19,40.67534,-73.89675,0,0,0,0,4067,-7389,0.33852140077821014
2021-09-12T00:00:00.000,2:58,40.632664,-74.15353,0,0,0,0,4063,-7415,0.3333333333333333
2021-04-18T00:00:00.000,21:00,40.57279,-73.99597,0,0,0,0,4057,-7399,0.32558139534883723
2021-04-18T00:00:00.000,15:25,40.66561,-73.73568,1,0,1,1,4066,-7373,0.44339622641509435
2021-04-18T00:00:00.000,0:55,40.7243,-73.84517,1,0,1,1,4072,-7384,0.2711864406779661
2021-09-12T00:00:00.000,18:35,40.673107,-73.99959,1,0,1,1,4067,-7399,0.3258426966292135
2021-03-28T00:00:00.000,14:21,40.8382,-73.92371,2,0,1,1,4083,-7392,0.310126582278481
2021-04-18T00:00:00.000,13:47,40.663902,-73.93993,0,0,0,0,4066,-7393,0.38578680203045684
2021-04-18T00:00:00.000,23:14,40.662807,-73.89646,0,0,0,0,4066,-7389,0.3103448275862069
2021-04-18T00:00:00.000,18:20,40.60988,-73.95461,0,0,0,0,4060,-7395,0.4791666666666667
2021-04-18T00:00:00.000,14:06,40.761093,-73.98327,0,0,0,0,4076,-7398,0.3081761006289308
2021-04-18T00:00:00.000,4:15,40.643856,-73.95175,0,0,0,0,4064,-7395,0.4796747967479675
2021-04-18T00:00:00.000,23:56,40.770527,-73.98012,0,1,2,1,4077,-7398,0.38028169014084506
2021-04-18T00:00:00.000,2:40,40.643005,-73.95263,3,0,1,1,4064,-7395,0.4796747967479675
2021-04-18T00:00:00.000,23:30,40.674118,-73.89839,0,0,0,0,4067,-7389,0.33852140077821014
2021-04-18T00:00:00.000,3:05,40.61501,-73.99102,0,0,0,0,4061,-7399,0.29411764705882354
2021-04-18T00:00:00.000,20:00,40.839268,-73.903824,0,0,0,0,4083,-7390,0.3064516129032258
2021-04-18T00:00:00.000,12:45,40.758427,-73.75626,0,0,0,0,4075,-7375,0.3333333333333333
2021-04-15T00:00:00.000,20:43,40.675095,-73.97504,0,0,0,0,4067,-7397,0.2818181818181818
2021-04-18T00:00:00.000,11:40,40.653313,-73.74646,1,0,1,1,4065,-7374,0.4583333333333333
2021-04-17T00:00:00.000,0:01,40.675297,-73.87268,0,0,0,0,4067,-7387,0.30344827586206896
2021-04-18T00:00:00.000,12:10,40.744778,-73.97589,1,0,1,1,4074,-7397,0.4810810810810811
2021-04-18T00:00:00.000,23:24,40.69454,-73.74047,1,0,1,1,4069,-7374,0.46774193548387094
2021-04-18T00:00:00.000,9:00,40.713444,-73.99854,0,0,0,0,4071,-7399,0.3263157894736842
2021-04-18T00:00:00.000,9:20,40.668766,-73.908134,0,0,0,0,4066,-7390,0.2777777777777778
2021-04-18T00:00:00.000,16:30,40.64098,-73.9731,0,0,0,0,4064,-7397,0.4095238095238095
2021-04-18T00:00:00.000,18:35,40.62752,-74.04113,5,0,1,1,4062,-7404,0.5
2021-04-18T00:00:00.000,4:20,40.855785,-73.90558,1,0,1,1,4085,-7390,0.42207792207792205
2021-04-18T00:00:00.000,14:20,40.8086,-73.909775,0,0,0,0,4080,-7390,0.36538461538461536
2021-04-18T00:00:00.000,21:55,40.647617,-73.971214,0,0,0,0,4064,-7397,0.4095238095238095
2021-03-22T00:00:00.000,12:53,40.880478,-73.88594,0,0,0,0,4088,-7388,0.42857142857142855
2021-04-18T00:00:00.000,12:40,40.82677,-73.856155,0,0,0,0,4082,-7385,0.27
2021-04-18T00:00:00.000,15:35,40.661743,-73.94784,1,0,1,1,4066,-7394,0.36792452830188677
2021-04-15T00:00:00.000,11:45,40.820305,-73.89083,2,0,1,1,4082,-7389,0.37423312883435583
2021-04-18T00:00:00.000,23:55,40.603832,-74.06895,0,0,0,0,4060,-7406,0.3076923076923077
2021-04-18T00:00:00.000,20:52,40.69612,-73.74619,1,0,1,1,4069,-7374,0.46774193548387094
2021-04-18T00:00:00.000,17:38,40.674206,-73.72755,0,0,0,0,4067,-7372,0.3888888888888889
2021-04-18T00:00:00.000,14:30,40.681118,-73.90868,0,0,0,0,4068,-7390,0.4421052631578947
2021-04-18T00:00:00.000,14:00,40.87023,-73.90061,0,0,0,0,4087,-7390,0.3184713375796178
2021-04-17T00:00:00.000,11:35,40.732254,-73.99636,1,0,1,1,4073,-7399,0.423728813559322
2021-04-18T00:00:00.000,18:03,40.721485,-73.86658,1,0,1,1,4072,-7386,0.42424242424242425
2021-04-18T00:00:00.000,13:30,40.643986,-73.887085,1,0,1,1,4064,-7388,0.3225806451612903
2021-04-18T00:00:00.000,22:34,40.83101,-73.88672,1,0,1,1,4083,-7388,0.26717557251908397
2021-04-16T00:00:00.000,8:00,40.67986,-73.86926,0,0,0,0,4067,-7386,0.3431372549019608
2021-04-18T00:00:00.000,1:15,40.848118,-73.93089,0,0,0,0,4084,-7393,0.32786885245901637
2021-04-18T00:00:00.000,12:10,40.88699,-73.90146,1,0,1,1,4088,-7390,0.2702702702702703
2021-04-18T00:00:00.000,19:38,40.6934,-73.75602,0,0,0,0,4069,-7375,0.3584905660377358
2021-04-16T00:00:00.000,10:53,40.664894,-73.881325,0,0,0,0,4066,-7388,0.37012987012987014
2021-04-18T00:00:00.000,6:51,40.74656,-73.89413,0,0,0,0,4074,-7389,0.3203125
2021-09-12T00:00:00.000,20:55,40.737682,-73.85206,0,0,0,0,4073,-7385,0.3619047619047619
2021-04-18T00:00:00.000,20:15,40.74668,-73.90072,0,0,0,0,4074,-7390,0.40625
2021-04-18T00:00:00.000,14:40,40.61897,-73.92668,0,0,0,0,4061,-7392,0.2982456140350877
2021-04-18T00:00:00.000,11:50,40.609505,-74.181885,0,0,0,0,4060,-7418,0.4
2021-04-07T00:00:00.000,8:59,40.791084,-73.953445,0,0,0,0,4079,-7395,0.42
2021-04-18T00:00:00.000,14:55,40.59487,-73.95056,4,0,1,1,4059,-7395,0.3181818181818182
2021-04-18T00:00:00.000,22:38,40.864334,-73.89322,2,0,1,1,4086,-7389,0.40606060606060607
2021-04-18T00:00:00.000,5:00,40.858986,-73.89382,0,0,0,0,4085,-7389,0.3353658536585366
2021-04-18T00:00:00.000,11:12,40.75591,-73.99448,0,0,0,0,4075,-7399,0.2830188679245283
2021-04-18T00:00:00.000,21:15,40.75184,-73.94806,0,0,0,0,4075,-7394,0.41333333333333333
2021-04-12T00:00:00.000,8:35,40.600426,-73.984955,0,0,0,0,4060,-7398,0.2711864406779661
2021-04-17T00:00:00.000,12:06,40.675457,-73.889465,1,0,1,1,4067,-7388,0.30434782608695654
2021-04-18T00:00:00.000,18:40,40.696186,-73.751976,0,0,0,0,4069,-7375,0.3584905660377358
2021-09-12T00:00:00.000,20:08,40.74046,-73.93727,2,0,1,1,4074,-7393,0.3333333333333333
2021-04-18T00:00:00.000,14:30,40.62341,-74.16354,0,0,0,0,4062,-7416,0.24444444444444444
2021-04-15T00:00:00.000,20:45,40.668667,-73.868324,1,0,1,1,4066,-7386,0.35
2021-04-18T00:00:00.000,13:15,40.77077,-73.91727,1,0,1,1,4077,-7391,0.3157894736842105
2021-04-06T00:00:00.000,6:05,40.843204,-73.91196,0,0,0,0,4084,-7391,0.32558139534883723
2021-04-18T00:00:00.000,2:15,40.878834,-73.87324,0,0,0,0,4087,-7387,0.297029702970297
2021-04-18T00:00:00.000,8:16,40.72948,-73.9721,0,0,0,0,4072,-7397,0.3283582089552239
2021-04-15T00:00:00.000,20:40,40.660072,-73.93974,1,0,1,1,4066,-7393,0.38578680203045684
2021-04-18T00:00:00.000,9:30,40.720154,-73.87531,2,0,1,1,4072,-7387,0.5714285714285714
2021-04-18T00:00:00.000,15:30,40.76948,-73.98831,0,0,0,0,4076,-7398,0.3081761006289308
2021-04-15T00:00:00.000,21:35,40.831333,-73.92167,0,0,0,0,4083,-7392,0.310126582278481
2021-04-18T00:00:00.000,1:47,40.880768,-73.84954,0,0,0,0,4088,-7384,0.4153846153846154
2021-04-18T00:00:00.000,0:08,40.82628,-73.843414,3,0,1,1,4082,-7384,0.3835616438356164
2021-04-18T00:00:00.000,0:00,40.60275,-73.96392,1,0,1,1,4060,-7396,0.5714285714285714
2021-04-18T00:00:00.000,17:10,40.67079,-73.903275,5,0,1,1,4067,-7390,0.3282442748091603
2021-04-18T00:00:00.000,13:50,40.700325,-73.78904,0,0,0,0,4070,-7378,0.34523809523809523
2021-04-16T00:00:00.000,12:30,40.679615,-73.9737,0,0,0,0,4067,-7397,0.2818181818181818
2021-04-17T00:00:00.000,3:10,40.66339,-73.95092,0,0,0,0,4066,-7395,0.44375
2021-04-18T00:00:00.000,18:49,40.71126,-73.899864,0,1,2,1,4071,-7389,0.38095238095238093
2021-04-18T00:00:00.000,17:55,40.590195,-73.97435,1,0,1,1,4059,-7397,0.3191489361702128
2021-09-12T00:00:00.000,6:00,40.640236,-73.90598,0,0,0,0,4064,-7390,0.4017094017094017
2021-04-18T00:00:00.000,23:35,40.677395,-73.89897,0,0,0,0,4067,-7389,0.33852140077821014
2021-04-18T00:00:00.000,14:04,40.8252,-73.867714,0,0,0,0,4082,-7386,0.3493975903614458
2021-04-18T00:00:00.000,14:10,40.618443,-73.969406,1,0,1,1,4061,-7396,0.30666666666666664
2021-04-14T00:00:00.000,12:40,40.790623,-73.942444,1,0,1,1,4079,-7394,0.3523809523809524
2021-04-18T00:00:00.000,0:20,40.849167,-73.92393,2,0,1,1,4084,-7392,0.3181818181818182
2021-04-18T00:00:00.000,19:30,40.68008,-73.971405,0,0,0,0,4068,-7397,0.3412322274881517
2021-04-18T00:00:00.000,0:48,40.644863,-73.91113,1,0,1,1,4064,-7391,0.39805825242718446
2021-04-18T00:00:00.000,16:30,40.734577,-74.010025,0,0,0,0,4073,-7401,0.42857142857142855
2021-04-17T00:00:00.000,22:20,40.64433,-73.919914,0,0,0,0,4064,-7391,0.39805825242718446
2021-04-18T00:00:00.000,14:00,40.779488,-73.920135,0,0,0,0,4077,-7392,0.3269230769230769
2021-04-18T00:00:00.000,17:19,40.584454,-73.812965,0,0,0,0,4058,-7381,0.1875
2021-04-18T00:00:00.000,18:02,40.65777,-73.93962,2,0,1,1,4065,-7393,0.44366197183098594
2021-04-18T00:00:00.000,22:00,40.780552,-73.94427,0,0,0,0,4078,-7394,0.33513513513513515
2021-04-18T00:00:00.000,16:26,40.65768,-73.925415,1,0,1,1,4065,-7392,0.35555555555555557
2021-09-12T00:00:00.000,6:30,40.69168,-73.999344,0,0,0,0,4069,-7399,0.29473684210526313
2021-04-17T00:00:00.000,12:20,40.66386,-73.885956,0,0,0,0,4066,-7388,0.37012987012987014
2021-04-18T00:00:00.000,21:07,40.85154,-73.918335,0,0,0,0,4085,-7391,0.373134328358209
2021-04-18T00:00:00.000,2:15,40.766617,-73.8389,1,0,1,1,4076,-7383,0.33695652173913043
2021-04-18T00:00:00.000,23:37,40.643204,-73.90929,0,0,0,0,4064,-7390,0.4017094017094017
2021-04-18T00:00:00.000,10:50,40.59188,-73.99111,0,0,0,0,4059,-7399,0.3076923076923077
2021-04-18T00:00:00.000,14:52,40.68979,-73.90655,0,0,0,0,4068,-7390,0.4421052631578947
2021-04-17T00:00:00.000,20:58,40.82099,-73.89589,0,0,0,0,4082,-7389,0.37423312883435583
2021-04-18T00:00:00.000,7:40,40.778603,-73.846115,0,0,0,0,4077,-7384,0.125
2021-04-18T00:00:00.000,18:06,40.577908,-73.94354,1,0,1,1,4057,-7394,0.75
2021-04-18T00:00:00.000,17:45,40.687214,-73.86715,1,0,1,1,4068,-7386,0.423728813559322
2021-04-17T00:00:00.000,23:35,40.668118,-73.89292,1,0,1,1,4066,-7389,0.3103448275862069
2021-04-17T00:00:00.000,16:16,40.67098,-73.884384,1,0,1,1,4067,-7388,0.30434782608695654
2021-04-18T00:00:00.000,0:57,40.626583,-74.0009,0,0,0,0,4062,-7400,0.3150684931506849
2021-04-18T00:00:00.000,17:25,40.630283,-73.9771,1,0,1,1,4063,-7397,0.36893203883495146
2021-04-18T00:00:00.000,0:00,40.763344,-73.75791,0,0,0,0,4076,-7375,0.3409090909090909
2021-04-18T00:00:00.000,21:30,40.700233,-73.95988,0,0,0,0,4070,-7395,0.3475177304964539
2021-04-18T00:00:00.000,22:05,40.83349,-73.94158,3,0,1,1,4083,-7394,0.38926174496644295
2021-04-18T00:00:00.000,23:00,40.63574,-74.02605,0,0,0,0,4063,-7402,0.3877551020408163
2021-04-18T00:00:00.000,15:50,40.74357,-73.992325,1,0,1,1,4074,-7399,0.3333333333333333
2021-04-18T00:00:00.000,9:13,40.65717,-73.94921,0,0,0,0,4065,-7394,0.43137254901960786
2021-04-18T00:00:00.000,8:00,40.712864,-73.94013,0,0,0,0,4071,-7394,0.3710691823899371
2021-04-18T00:00:00.000,23:00,40.68049,-73.774704,0,0,0,0,4068,-7377,0.3673469387755102
2021-04-18T00:00:00.000,4:00,40.678715,-73.89281,0,0,0,0,4067,-7389,0.33852140077821014
2021-04-15T00:00:00.000,9:05,40.76578,-73.96495,0,0,0,0,4076,-7396,0.3023255813953488
2021-04-18T00:00:00.000,19:15,40.73448,-73.92243,0,0,0,0,4073,-7392,0.4444444444444444
2021-04-18T00:00:00.000,16:14,40.76273,-73.97835,0,0,0,0,4076,-7397,0.37
2021-03-28T00:00:00.000,23:00,40.65144,-73.89539,0,0,0,0,4065,-7389,0.34965034965034963
2021-04-18T00:00:00.000,8:55,40.675713,-73.897354,2,0,1,1,4067,-7389,0.33852140077821014
2021-04-18T00:00:00.000,7:00,40.60266,-74.18408,1,0,1,1,4060,-7418,0.4
2021-09-12T00:00:00.000,18:14,40.84434,-73.90359,0,0,0,0,4084,-7390,0.366120218579235
2021-04-18T00:00:00.000,9:30,40.647976,-73.959564,0,0,0,0,4064,-7395,0.4796747967479675
2021-04-18T00:00:00.000,0:15,40.76874,-73.90881,0,0,0,0,4076,-7390,0.3055555555555556
2021-04-18T00:00:00.000,16:30,40.578625,-73.966675,3,0,1,1,4057,-7396,0.3191489361702128
2021-04-18T00:00:00.000,22:21,40.604095,-74.020355,0,0,0,0,4060,-7402,0.42105263157894735
2021-04-18T00:00:00.000,18:30,40.736046,-73.92673,0,0,0,0,4073,-7392,0.4444444444444444
2021-04-18T00:00:00.000,15:30,40.687332,-73.927795,0,0,0,0,4068,-7392,0.2542372881355932
2021-04-17T00:00:00.000,8:50,40.663605,-73.934395,0,0,0,0,4066,-7393,0.38578680203045684
2021-04-16T00:00:00.000,7:10,40.844883,-73.91028,1,0,1,1,4084,-7391,0.32558139534883723
2021-04-18T00:00:00.000,16:38,40.76197,-73.92539,3,0,1,1,4076,-7392,0.42105263157894735
2021-04-17T00:00:00.000,21:55,40.757793,-73.861916,0,0,0,0,4075,-7386,0.33653846153846156
2021-04-18T00:00:00.000,0:53,40.700726,-73.94194,2,0,1,1,4070,-7394,0.3956043956043956
2021-04-18T00:00:00.000,12:38,40.652954,-74.00215,1,0,1,1,4065,-7400,0.41509433962264153
2021-04-18T00:00:00.000,15:08,40.67431,-73.800644,0,0,0,0,4067,-7380,0.24615384615384617
2021-04-18T00:00:00.000,4:45,40.747135,-73.85978,0,0,0,0,4074,-7385,0.35526315789473684
2021-04-18T00:00:00.000,13:00,40.659863,-73.97752,1,0,1,1,4065,-7397,0.4074074074074074
2021-04-18T00:00:00.000,16:24,40.665257,-73.739555,0,0,0,0,4066,-7373,0.44339622641509435
2021-09-12T00:00:00.000,18:19,40.784157,-73.98487,1,0,1,1,4078,-7398,0.42105263157894735
2021-04-18T00:00:00.000,0:15,40.658577,-73.89063,1,0,1,1,4065,-7389,0.34965034965034963
2021-04-18T00:00:00.000,7:24,40.857166,-73.92824,1,0,1,1,4085,-7392,0.22
2020-09-06T00:00:00.000,18:05,40.771038,-73.83413,0,1,2,1,4077,-7383,0.25
2021-04-18T00:00:00.000,8:45,40.71514,-73.94787,0,0,0,0,4071,-7394,0.3710691823899371
2021-04-18T00:00:00.000,21:20,40.654163,-73.91163,1,0,1,1,4065,-7391,0.425
2021-04-11T00:00:00.000,15:00,40.830738,-73.9105,1,0,1,1,4083,-7391,0.33714285714285713
2021-04-18T00:00:00.000,0:00,40.7087,-73.74765,2,0,1,1,4070,-7374,0.3333333333333333
2021-04-18T00:00:00.000,15:40,40.8518,-73.909225,1,0,1,1,4085,-7390,0.42207792207792205
2021-04-18T00:00:00.000,21:00,40.74094,-74.007484,0,0,0,0,4074,-7400,0.27710843373493976
2021-04-18T00:00:00.000,3:40,40.77386,-73.90749,1,0,1,1,4077,-7390,0.3404255319148936
2021-04-18T00:00:00.000,4:15,40.65993,-73.891655,0,0,0,0,4065,-7389,0.34965034965034963
2021-04-18T00:00:00.000,16:30,40.69238,-73.762436,0,0,0,0,4069,-7376,0.3392857142857143
2021-04-18T00:00:00.000,10:08,40.83907,-73.94353,0,0,0,0,4083,-7394,0.38926174496644295
2021-04-18T00:00:00.000,0:30,40.879196,-73.86159,2,0,1,1,4087,-7386,0.3142857142857143
2021-04-18T00:00:00.000,20:30,40.720623,-73.80433,1,0,1,1,4072,-7380,0.2727272727272727
2021-04-17T00:00:00.000,3:05,40.64254,-73.87652,2,0,1,1,4064,-7387,0.4918032786885246
2021-04-18T00:00:00.000,14:00,40.842678,-73.899376,0,0,0,0,4084,-7389,0.33766233766233766
2021-04-18T00:00:00.000,18:59,40.62677,-74.01501,1,0,1,1,4062,-7401,0.3829787234042553
2021-04-16T00:00:00.000,0:00,40.68518,-73.873665,0,0,0,0,4068,-7387,0.24719101123595505
2021-04-18T00:00:00.000,14:45,40.695312,-73.79911,0,0,0,0,4069,-7379,0.25925925925925924
2021-04-18T00:00:00.000,18:25,40.641895,-73.93324,1,0,1,1,4064,-7393,0.3333333333333333
2021-04-17T00:00:00.000,21:40,40.661915,-73.944916,0,0,0,0,4066,-7394,0.36792452830188677
2021-04-18T00:00:00.000,22:44,40.68405,-73.97746,0,0,0,0,4068,-7397,0.3412322274881517
2021-04-18T00:00:00.000,0:33,40.696033,-73.98453,0,0,0,0,4069,-7398,0.3229166666666667
2021-04-18T00:00:00.000,22:34,40.676174,-73.91931,0,0,0,0,4067,-7391,0.36597938144329895
2021-04-15T00:00:00.000,17:35,40.76981,-73.86773,1,0,1,1,4076,-7386,0.40298507462686567
2021-04-18T00:00:00.000,14:30,40.64315,-73.97548,2,0,1,1,4064,-7397,0.4095238095238095
2021-04-18T00:00:00.000,16:10,40.698963,-73.91864,0,0,0,0,4069,-7391,0.2709677419354839
2021-04-18T00:00:00.000,16:05,40.747276,-73.989624,0,0,0,0,4074,-7398,0.40131578947368424
2021-09-05T00:00:00.000,14:50,40.78316,-73.98048,1,0,1,1,4078,-7398,0.42105263157894735
2021-09-12T00:00:00.000,11:28,40.88377,-73.89828,2,0,1,1,4088,-7389,0.4626865671641791
2021-09-12T00:00:00.000,3:40,40.65355,-73.86232,1,0,1,1,4065,-7386,0.36619718309859156
2021-08-27T00:00:00.000,9:15,40.80574,-73.942764,1,1,2,1,4080,-7394,0.41116751269035534
2021-09-12T00:00:00.000,9:25,40.856403,-73.89213,0,0,0,0,4085,-7389,0.3353658536585366
2021-09-12T00:00:00.000,16:45,40.777596,-73.779724,0,0,0,0,4077,-7377,0.25
2021-09-12T00:00:00.000,0:40,40.801918,-73.94344,0,0,0,0,4080,-7394,0.41116751269035534
2021-09-12T00:00:00.000,22:20,40.56935,-74.11089,0,0,0,0,4056,-7411,0.3448275862068966
2021-09-12T00:00:00.000,15:50,40.708645,-73.789406,0,0,0,0,4070,-7378,0.34523809523809523
2021-09-01T00:00:00.000,13:47,40.609364,-74.12128,1,0,1,1,4060,-7412,0.2608695652173913
2021-09-12T00:00:00.000,3:58,0.0,0.0,1,0,1,1,0,0,0.40425531914893614
2021-09-06T00:00:00.000,18:25,40.642242,-74.0752,0,0,0,0,4064,-7407,0.2222222222222222
2021-09-12T00:00:00.000,14:50,40.586002,-73.97221,0,0,0,0,4058,-7397,0.2727272727272727
2021-09-12T00:00:00.000,10:25,0.0,0.0,0,0,0,0,0,0,0.40425531914893614
2021-09-12T00:00:00.000,10:34,40.805088,-73.91561,1,0,1,1,4080,-7391,0.38961038961038963
2021-09-12T00:00:00.000,5:20,40.790718,-73.84991,0,0,0,0,4079,-7384,0.125
2021-09-12T00:00:00.000,22:25,40.70219,-73.928345,0,0,0,0,4070,-7392,0.24305555555555555
2021-08-30T00:00:00.000,20:49,40.724136,-73.992615,0,0,0,0,4072,-7399,0.3829787234042553
2021-09-12T00:00:00.000,13:19,40.758602,-73.91379,1,0,1,1,4075,-7391,0.4777777777777778
2021-09-12T00:00:00.000,14:00,40.641304,-73.94276,1,0,1,1,4064,-7394,0.42342342342342343
2021-09-12T00:00:00.000,14:11,40.75982,-73.91456,0,0,0,0,4075,-7391,0.4777777777777778
2021-08-31T00:00:00.000,5:25,40.603493,-74.067345,0,0,0,0,4060,-7406,0.3076923076923077
2021-09-12T00:00:00.000,1:39,40.711876,-73.73029,0,0,0,0,4071,-7373,0.25
2021-09-10T00:00:00.000,17:09,40.71548,-73.94285,0,0,0,0,4071,-7394,0.3710691823899371
2021-09-12T00:00:00.000,0:00,40.670856,-73.8852,3,0,1,1,4067,-7388,0.30434782608695654
2021-09-12T00:00:00.000,22:05,40.736496,-73.909225,0,0,0,0,4073,-7390,0.42424242424242425
2021-09-08T00:00:00.000,1:30,40.77077,-73.980675,0,0,0,0,4077,-7398,0.38028169014084506
2021-09-10T00:00:00.000,20:45,40.749825,-73.818275,0,0,0,0,4074,-7381,0.46153846153846156
2021-09-12T00:00:00.000,3:20,40.703434,-73.96035,1,0,1,1,4070,-7396,0.3431372549019608
2021-08-11T00:00:00.000,4:56,40.859444,-73.915985,0,0,0,0,4085,-7391,0.373134328358209
2021-09-12T00:00:00.000,10:15,40.765358,-73.80237,2,0,1,1,4076,-7380,0.4
2021-09-12T00:00:00.000,7:55,40.856403,-73.89213,3,0,1,1,4085,-7389,0.3353658536585366
2021-09-11T00:00:00.000,4:00,40.735226,-73.958466,0,0,0,0,4073,-7395,0.30434782608695654
2021-09-12T00:00:00.000,9:50,40.666306,-73.79171,2,0,1,1,4066,-7379,0.3870967741935484
2021-09-12T00:00:00.000,16:32,40.626183,-73.994156,0,0,0,0,4062,-7399,0.3835616438356164
2021-09-12T00:00:00.000,17:00,40.882393,-73.83623,1,0,1,1,4088,-7383,0.3448275862068966
2021-09-12T00:00:00.000,2:52,40.825138,-73.9514,0,0,0,0,4082,-7395,0.4117647058823529
2021-09-12T00:00:00.000,23:40,40.637756,-74.00721,1,0,1,1,4063,-7400,0.3068181818181818
2021-09-12T00:00:00.000,9:13,40.84023,-73.880104,0,0,0,0,4084,-7388,0.390625
2021-09-12T00:00:00.000,0:34,40.7605,-73.95699,1,0,1,1,4076,-7395,0.3696969696969697
2021-09-12T00:00:00.000,3:41,40.728146,-73.9003,0,0,0,0,4072,-7390,0.2978723404255319
2021-09-12T00:00:00.000,16:05,40.62707,-74.01865,1,0,1,1,4062,-7401,0.3829787234042553
2021-09-12T00:00:00.000,14:30,40.5778,-73.96057,0,0,0,0,4057,-7396,0.3191489361702128
2021-09-11T00:00:00.000,21:49,40.638523,-73.97319,2,0,1,1,4063,-7397,0.36893203883495146
2021-09-12T00:00:00.000,1:54,40.750988,-73.99063,0,0,0,0,4075,-7399,0.2830188679245283
2021-09-12T00:00:00.000,18:21,40.630512,-73.957306,2,0,1,1,4063,-7395,0.48484848484848486
2021-09-12T00:00:00.000,1:41,40.8037,-73.93582,1,0,1,1,4080,-7393,0.36312849162011174
2021-09-12T00:00:00.000,7:44,40.61185,-73.95981,0,0,0,0,4061,-7395,0.4461538461538462
2021-09-12T00:00:00.000,18:00,40.7549,-73.74548,0,0,0,0,4075,-7374,0.3333333333333333
2021-09-09T00:00:00.000,21:00,40.757385,-73.98226,1,0,1,1,4075,-7398,0.3170731707317073
2021-09-10T00:00:00.000,10:46,40.617004,-73.96912,0,0,0,0,4061,-7396,0.30666666666666664
2021-09-12T00:00:00.000,17:13,40.66925,-73.91371,1,0,1,1,4066,-7391,0.3630952380952381
2021-09-12T00:00:00.000,17:00,40.744194,-73.97133,0,0,0,0,4074,-7397,0.4810810810810811
2021-09-11T00:00:00.000,3:05,40.68651,-73.954544,3,0,1,1,4068,-7395,0.38571428571428573
2021-08-28T00:00:00.000,14:20,40.699024,-73.91623,1,0,1,1,4069,-7391,0.2709677419354839
2021-09-12T00:00:00.000,0:53,40.627857,-73.90075,1,0,1,1,4062,-7390,0.3888888888888889
2021-09-12T00:00:00.000,2:12,40.734272,-73.8626,0,0,0,0,4073,-7386,0.3464566929133858
2021-09-12T00:00:00.000,22:00,40.722088,-73.75798,1,0,1,1,4072,-7375,0.2727272727272727
2021-09-12T00:00:00.000,12:20,40.655277,-73.95239,0,0,0,0,4065,-7395,0.38686131386861317
2021-09-12T00:00:00.000,15:50,40.819374,-73.95933,0,0,0,0,4081,-7395,0.3509933774834437
2021-09-12T00:00:00.000,1:44,40.809044,-73.92856,0,0,0,0,4080,-7392,0.3141025641025641
2021-09-12T00:00:00.000,4:40,40.684887,-74.00111,3,0,1,1,4068,-7400,0.3333333333333333
2021-09-10T00:00:00.000,12:00,40.661087,-73.92296,0,0,0,0,4066,-7392,0.355
2021-09-12T00:00:00.000,17:24,40.73226,-73.83522,0,0,0,0,4073,-7383,0.36363636363636365
2021-08-25T00:00:00.000,2:54,40.69663,-73.91857,0,0,0,0,4069,-7391,0.2709677419354839
2021-09-12T00:00:00.000,14:28,40.67189,-73.895874,0,0,0,0,4067,-7389,0.33852140077821014
2021-09-12T00:00:00.000,14:00,40.717274,-73.825325,1,0,1,1,4071,-7382,0.379746835443038
2021-09-12T00:00:00.000,12:42,40.681767,-73.96754,0,0,0,0,4068,-7396,0.42567567567567566
2021-09-12T00:00:00.000,15:27,40.84519,-73.9112,0,0,0,0,4084,-7391,0.32558139534883723
2021-09-12T00:00:00.000,23:30,40.709835,-74.014885,0,0,0,0,4070,-7401,0.140625
2021-09-12T00:00:00.000,0:30,40.633278,-73.94943,0,0,0,0,4063,-7394,0.358974358974359
2021-09-12T00:00:00.000,19:21,40.83228,-73.90963,3,0,1,1,4083,-7390,0.3064516129032258
2021-09-12T00:00:00.000,10:25,40.683723,-73.96797,0,0,0,0,4068,-7396,0.42567567567567566
2021-09-12T00:00:00.000,14:29,40.763287,-73.92544,0,0,0,0,4076,-7392,0.42105263157894735
2021-09-12T00:00:00.000,20:58,40.593002,-73.98874,0,0,0,0,4059,-7398,0.34146341463414637
2021-09-11T00:00:00.000,12:50,40.836296,-73.87369,2,0,1,1,4083,-7387,0.38414634146341464
2021-07-25T00:00:00.000,11:25,40.67079,-73.903275,1,0,1,1,4067,-7390,0.3282442748091603
2021-09-12T00:00:00.000,0:35,40.662773,-73.74116,0,0,0,0,4066,-7374,0.3698630136986301
2021-09-11T00:00:00.000,2:30,40.71727,-73.96286,0,0,0,0,4071,-7396,0.3218390804597701
2021-09-12T00:00:00.000,5:45,40.8827,-73.892845,4,0,1,1,4088,-7389,0.4626865671641791
2021-09-12T00:00:00.000,3:40,40.72312,-73.90607,0,0,0,0,4072,-7390,0.2978723404255319
2021-09-12T00:00:00.000,3:20,40.800507,-73.938156,0,0,0,0,4080,-7393,0.36312849162011174
2021-09-12T00:00:00.000,7:47,40.62622,-74.02336,0,0,0,0,4062,-7402,0.3625
2021-09-12T00:00:00.000,7:25,40.89024,-73.860306,1,0,1,1,4089,-7386,0.28205128205128205
2021-09-10T00:00:00.000,17:07,40.720524,-73.96206,0,0,0,0,4072,-7396,0.3333333333333333
2021-09-12T00:00:00.000,14:25,40.74622,-73.87755,0,0,0,0,4074,-7387,0.25663716814159293
2021-09-12T00:00:00.000,13:02,40.781933,-73.94428,1,0,1,1,4078,-7394,0.33513513513513515
2021-09-11T00:00:00.000,18:18,40.684204,-73.96806,3,1,2,1,4068,-7396,0.42567567567567566
2021-09-12T00:00:00.000,10:00,40.757164,-73.82212,0,0,0,0,4075,-7382,0.4915254237288136
2021-09-12T00:00:00.000,13:00,40.764652,-73.97798,0,0,0,0,4076,-7397,0.37
2021-09-12T00:00:00.000,2:03,40.71474,-73.88698,0,0,0,0,4071,-7388,0.10344827586206896
2021-09-12T00:00:00.000,1:14,40.62051,-73.99248,3,0,1,1,4062,-7399,0.3835616438356164
2021-09-12T00:00:00.000,21:45,40.892433,-73.84584,0,0,0,0,4089,-7384,0.3333333333333333
2021-09-12T00:00:00.000,8:35,40.686447,-73.85485,0,0,0,0,4068,-7385,0.43103448275862066
2021-09-12T00:00:00.000,17:00,40.589043,-73.98381,0,0,0,0,4058,-7398,0.4
2021-09-12T00:00:00.000,1:50,40.657383,-73.911514,0,0,0,0,4065,-7391,0.425
2021-09-12T00:00:00.000,6:25,40.745792,-73.876564,0,0,0,0,4074,-7387,0.25663716814159293
2021-08-27T00:00:00.000,16:30,40.651352,-73.89275,2,0,1,1,4065,-7389,0.34965034965034963
2021-09-10T00:00:00.000,19:15,40.702747,-73.86242,0,0,0,0,4070,-7386,0.38235294117647056
2021-09-12T00:00:00.000,1:00,40.84353,-73.89401,1,0,1,1,4084,-7389,0.33766233766233766
2021-09-09T00:00:00.000,16:55,40.694576,-73.95615,0,0,0,0,4069,-7395,0.30952380952380953
2021-09-12T00:00:00.000,2:00,40.704582,-73.78486,0,0,0,0,4070,-7378,0.34523809523809523
2021-09-09T00:00:00.000,10:40,40.701187,-73.74148,3,0,1,1,4070,-7374,0.3333333333333333
2021-09-12T00:00:00.000,9:17,40.78452,-73.84397,0,0,0,0,4078,-7384,0.23809523809523808
2021-09-12T00:00:00.000,2:20,40.67956,-73.8989,0,0,0,0,4067,-7389,0.33852140077821014
2021-09-12T00:00:00.000,0:40,40.61894,-74.02201,1,0,1,1,4061,-7402,0.4090909090909091
2021-09-12T00:00:00.000,15:00,40.64664,-73.9246,0,0,0,0,4064,-7392,0.4077669902912621
2021-09-12T00:00:00.000,11:29,40.6411,-73.90463,1,0,1,1,4064,-7390,0.4017094017094017
2021-09-12T00:00:00.000,18:17,40.76161,-73.97076,2,0,1,1,4076,-7397,0.37
2021-09-12T00:00:00.000,13:30,40.74662,-73.89359,1,0,1,1,4074,-7389,0.3203125
2021-09-12T00:00:00.000,12:20,40.70444,-73.89374,0,0,0,0,4070,-7389,0.2711864406779661
2021-09-12T00:00:00.000,14:00,40.733433,-73.86418,1,0,1,1,4073,-7386,0.3464566929133858
2021-09-12T00:00:00.000,15:30,40.72535,-73.99905,0,0,0,0,4072,-7399,0.3829787234042553
2021-09-12T00:00:00.000,21:53,40.591557,-73.97041,0,0,0,0,4059,-7397,0.3191489361702128
2021-09-12T00:00:00.000,18:40,40.876354,-73.8632,0,0,0,0,4087,-7386,0.3142857142857143
2021-09-12T00:00:00.000,13:00,40.61655,-73.9165,0,0,0,0,4061,-7391,0.358974358974359
2021-09-12T00:00:00.000,20:16,40.63011,-74.01001,1,0,1,1,4063,-7401,0.37777777777777777
2021-09-06T00:00:00.000,23:53,40.777905,-73.98209,1,0,1,1,4077,-7398,0.38028169014084506
2021-09-12T00:00:00.000,11:00,40.65545,-73.863335,0,0,0,0,4065,-7386,0.36619718309859156
2021-09-12T00:00:00.000,4:45,40.757668,-73.95915,0,0,0,0,4075,-7395,0.38095238095238093
2021-09-12T00:00:00.000,17:00,40.877674,-73.87488,0,0,0,0,4087,-7387,0.297029702970297
2021-09-12T00:00:00.000,3:33,40.6802,-73.953285,1,0,1,1,4068,-7395,0.38571428571428573
2021-08-30T00:00:00.000,9:35,40.716175,-73.949715,0,0,0,0,4071,-7394,0.3710691823899371
2021-09-12T00:00:00.000,16:00,40.626175,-73.94064,0,0,0,0,4062,-7394,0.41379310344827586
2021-09-12T00:00:00.000,22:08,40.621162,-73.939995,1,0,1,1,4062,-7393,0.4444444444444444
2021-09-12T00:00:00.000,18:43,40.738365,-73.71261,1,0,1,1,4073,-7371,0.2857142857142857
2021-09-12T00:00:00.000,9:00,40.647625,-73.97727,0,0,0,0,4064,-7397,0.4095238095238095
2021-09-07T00:00:00.000,16:00,40.86804,-73.879105,0,0,0,0,4086,-7387,0.34545454545454546
2021-09-12T00:00:00.000,9:23,40.624313,-73.977745,0,0,0,0,4062,-7397,0.38666666666666666
2021-09-12T00:00:00.000,18:40,40.85809,-73.901924,0,0,0,0,4085,-7390,0.42207792207792205
2021-09-12T00:00:00.000,18:10,40.661427,-73.90575,0,0,0,0,4066,-7390,0.2777777777777778
2021-09-12T00:00:00.000,14:54,40.699863,-73.9559,0,0,0,0,4069,-7395,0.30952380952380953
2021-09-12T00:00:00.000,22:47,40.83354,-73.89631,3,0,1,1,4083,-7389,0.3333333333333333
2023-01-14T00:00:00.000,2:21,40.72545,-73.837776,1,0,1,1,4072,-7383,0.4909090909090909
2021-08-21T00:00:00.000,2:49,40.698265,-73.93399,0,0,0,0,4069,-7393,0.3141025641025641
2021-09-12T00:00:00.000,0:00,40.814632,-73.9442,1,0,1,1,4081,-7394,0.38
2021-09-12T00:00:00.000,4:25,40.6928,-73.895065,0,0,0,0,4069,-7389,0.3709677419354839
2021-08-31T00:00:00.000,15:15,40.6952,-73.92844,1,0,1,1,4069,-7392,0.3584905660377358
2021-09-12T00:00:00.000,0:32,40.646255,-73.908905,0,0,0,0,4064,-7390,0.4017094017094017
2021-09-10T00:00:00.000,20:00,40.72731,-73.95719,0,0,0,0,4072,-7395,0.22093023255813954
2021-09-08T00:00:00.000,10:45,40.603645,-74.077324,0,0,0,0,4060,-7407,0.25
2021-09-12T00:00:00.000,0:00,40.668484,-73.86936,0,0,0,0,4066,-7386,0.35
2021-09-12T00:00:00.000,8:25,40.864452,-73.83482,0,0,0,0,4086,-7383,0.3448275862068966
2021-09-12T00:00:00.000,23:34,40.829407,-73.88546,1,0,1,1,4082,-7388,0.27624309392265195
2021-09-11T00:00:00.000,14:06,40.64664,-73.9246,0,0,0,0,4064,-7392,0.4077669902912621
2021-09-12T00:00:00.000,4:25,40.75585,-73.88259,0,0,0,0,4075,-7388,0.3402061855670103
2021-09-12T00:00:00.000,19:24,40.591927,-73.95768,1,0,1,1,4059,-7395,0.3181818181818182
2021-09-12T00:00:00.000,17:30,40.880688,-73.885704,0,0,0,0,4088,-7388,0.42857142857142855
2021-09-12T00:00:00.000,19:51,40.728283,-73.82941,1,0,1,1,4072,-7382,0.45454545454545453
2021-09-12T00:00:00.000,7:20,40.89204,-73.85814,0,0,0,0,4089,-7385,0.3813559322033898
2021-09-10T00:00:00.000,17:15,40.700497,-73.90021,1,0,1,1,4070,-7390,0.37894736842105264
2021-08-30T00:00:00.000,18:30,40.666393,-73.75177,0,0,0,0,4066,-7375,0.3
2021-09-12T00:00:00.000,1:45,40.84506,-73.916855,0,0,0,0,4084,-7391,0.32558139534883723
2023-01-10T00:00:00.000,17:53,40.658577,-73.89063,0,0,0,0,4065,-7389,0.34965034965034963
2021-08-30T00:00:00.000,17:30,40.817364,-73.895134,0,0,0,0,4081,-7389,0.31543624161073824
2021-09-12T00:00:00.000,4:00,40.64601,-73.95408,0,0,0,0,4064,-7395,0.4796747967479675
2021-09-12T00:00:00.000,8:20,40.656296,-73.94945,0,0,0,0,4065,-7394,0.43137254901960786
2021-09-12T00:00:00.000,3:12,40.688244,-73.82399,1,0,1,1,4068,-7382,0.41975308641975306
2021-09-12T00:00:00.000,13:25,40.706043,-73.82943,0,0,0,0,4070,-7382,0.4166666666666667
2021-09-12T00:00:00.000,0:22,40.656292,-73.94949,0,0,0,0,4065,-7394,0.43137254901960786
2021-09-12T00:00:00.000,10:37,40.61958,-73.96801,0,0,0,0,4061,-7396,0.30666666666666664
2021-09-12T00:00:00.000,5:44,40.61019,-74.03534,0,0,0,0,4061,-7403,0.2777777777777778
2021-09-12T00:00:00.000,14:30,40.629353,-73.884766,1,0,1,1,4062,-7388,0.5714285714285714
2021-09-12T00:00:00.000,4:45,40.830906,-73.8736,1,0,1,1,4083,-7387,0.38414634146341464
2021-09-12T00:00:00.000,13:20,40.6646,-73.89502,0,0,0,0,4066,-7389,0.3103448275862069
2021-09-12T00:00:00.000,15:53,40.66495,-73.993355,1,0,1,1,4066,-7399,0.40540540540540543
2021-09-12T00:00:00.000,19:15,40.81693,-73.921036,0,0,0,0,4081,-7392,0.4714285714285714
2021-09-12T00:00:00.000,16:25,40.76423,-73.74242,0,0,0,0,4076,-7374,0.46153846153846156
2021-09-08T00:00:00.000,5:20,40.86667,-73.90924,0,0,0,0,4086,-7390,0.42748091603053434
2021-09-12T00:00:00.000,21:37,40.76788,-73.9815,1,0,1,1,4076,-7398,0.3081761006289308
2021-09-12T00:00:00.000,16:13,40.592403,-73.9954,1,0,1,1,4059,-7399,0.3076923076923077
2021-09-12T00:00:00.000,17:30,40.639793,-73.929115,1,0,1,1,4063,-7392,0.4036697247706422
2021-09-12T00:00:00.000,21:28,40.85868,-73.89922,1,0,1,1,4085,-7389,0.3353658536585366
2021-09-12T00:00:00.000,21:31,40.809364,-73.906555,0,0,0,0,4080,-7390,0.36538461538461536
2021-09-12T00:00:00.000,20:34,40.79166,-73.96469,0,0,0,0,4079,-7396,0.25
2021-09-12T00:00:00.000,6:07,40.61659,-74.068,0,0,0,0,4061,-7406,0.2
2021-09-12T00:00:00.000,3:50,40.762657,-73.87326,3,0,1,1,4076,-7387,0.48214285714285715
2021-08-24T00:00:00.000,22:50,40.73518,-73.83629,1,0,1,1,4073,-7383,0.36363636363636365
2021-09-12T00:00:00.000,15:30,40.62307,-74.149315,0,0,0,0,4062,-7414,0.20408163265306123
2021-09-12T00:00:00.000,13:13,40.71769,-73.73737,0,0,0,0,4071,-7373,0.25
2021-09-12T00:00:00.000,18:45,40.814186,-73.95087,0,0,0,0,4081,-7395,0.3509933774834437
2021-09-12T00:00:00.000,15:38,40.81632,-73.903015,0,0,0,0,4081,-7390,0.3888888888888889
2021-09-12T00:00:00.000,3:05,40.67066,-73.904205,0,0,0,0,4067,-7390,0.3282442748091603
2021-09-12T00:00:00.000,8:50,40.683838,-73.8715,0,0,0,0,4068,-7387,0.24719101123595505
2023-01-14T00:00:00.000,9:00,40.827774,-73.945755,1,0,1,1,4082,-7394,0.3812154696132597
2021-09-12T00:00:00.000,4:00,40.855553,-73.88757,0,0,0,0,4085,-7388,0.3
2021-09-12T00:00:00.000,15:15,40.876476,-73.904495,0,0,0,0,4087,-7390,0.3184713375796178
2021-09-04T00:00:00.000,4:10,40.719337,-73.985916,0,0,0,0,4071,-7398,0.39568345323741005
2021-09-12T00:00:00.000,12:27,40.73329,-73.98719,0,0,0,0,4073,-7398,0.36942675159235666
2021-09-11T00:00:00.000,21:45,40.719128,-74.00517,1,0,1,1,4071,-7400,0.25517241379310346
2021-09-12T00:00:00.000,6:00,40.655758,-73.873505,0,0,0,0,4065,-7387,0.2857142857142857
2021-09-12T00:00:00.000,15:00,40.70739,-73.96523,0,0,0,0,4070,-7396,0.3431372549019608
2021-09-11T00:00:00.000,16:15,40.66955,-73.94497,0,0,0,0,4066,-7394,0.36792452830188677
2021-09-12T00:00:00.000,12:43,40.834515,-73.91771,1,0,1,1,4083,-7391,0.33714285714285713
2021-09-12T00:00:00.000,0:40,40.684383,-73.823265,0,0,0,0,4068,-7382,0.41975308641975306
2021-09-12T00:00:00.000,15:00,40.72123,-74.00655,0,0,0,0,4072,-7400,0.32926829268292684
2021-09-12T00:00:00.000,17:13,40.813095,-73.89827,4,0,1,1,4081,-7389,0.31543624161073824
2021-09-12T00:00:00.000,12:08,40.675446,-73.81354,0,0,0,0,4067,-7381,0.4230769230769231
2021-09-12T00:00:00.000,11:00,40.739964,-73.89424,1,0,1,1,4073,-7389,0.2857142857142857
2021-09-12T00:00:00.000,5:50,40.6568,-73.928,2,0,1,1,4065,-7392,0.35555555555555557
2021-09-12T00:00:00.000,0:00,40.66985,-73.74325,0,0,0,0,4066,-7374,0.3698630136986301
2021-09-12T00:00:00.000,0:16,40.587147,-74.15391,0,0,0,0,4058,-7415,0.42857142857142855
2021-09-12T00:00:00.000,3:45,40.688946,-73.947014,0,0,0,0,4068,-7394,0.4409448818897638
2021-09-12T00:00:00.000,21:43,40.756985,-73.86738,0,0,0,0,4075,-7386,0.33653846153846156
2021-09-12T00:00:00.000,12:25,40.708046,-73.94366,0,0,0,0,4070,-7394,0.3956043956043956
2021-09-12T00:00:00.000,10:30,40.61751,-74.07305,2,0,1,1,4061,-7407,0.2
2021-09-07T00:00:00.000,19:03,40.865406,-73.86838,1,0,1,1,4086,-7386,0.4642857142857143
2021-09-12T00:00:00.000,3:41,40.66871,-73.91731,1,0,1,1,4066,-7391,0.3630952380952381
2021-09-12T00:00:00.000,22:30,40.748913,-73.9374,1,0,1,1,4074,-7393,0.3333333333333333
2021-09-12T00:00:00.000,19:07,40.588886,-73.965645,4,0,1,1,4058,-7396,0.37333333333333335
2021-09-12T00:00:00.000,15:21,40.810276,-73.94738,2,0,1,1,4081,-7394,0.38
2021-09-11T00:00:00.000,18:50,40.718155,-73.94839,0,0,0,0,4071,-7394,0.3710691823899371
2021-09-12T00:00:00.000,4:00,40.666397,-73.886826,0,0,0,0,4066,-7388,0.37012987012987014
2021-09-12T00:00:00.000,1:00,40.70835,-73.81325,0,0,0,0,4070,-7381,0.3194444444444444
2021-09-12T00:00:00.000,4:33,40.830906,-73.8736,3,0,1,1,4083,-7387,0.38414634146341464
2021-09-09T00:00:00.000,0:05,40.685463,-73.9506,0,0,0,0,4068,-7395,0.38571428571428573
2021-09-12T00:00:00.000,10:35,40.769436,-73.91711,0,0,0,0,4076,-7391,0.40476190476190477
2021-09-12T00:00:00.000,5:25,40.66664,-73.93133,0,0,0,0,4066,-7393,0.38578680203045684
2021-09-12T00:00:00.000,21:20,40.611095,-74.11467,3,0,1,1,4061,-7411,0.36
2021-09-12T00:00:00.000,21:45,40.682446,-73.911674,1,0,1,1,4068,-7391,0.344
2021-09-12T00:00:00.000,15:00,40.640373,-73.89702,0,0,0,0,4064,-7389,0.43478260869565216
2021-09-12T00:00:00.000,16:00,40.783226,-73.84313,0,0,0,0,4078,-7384,0.23809523809523808
2021-09-06T00:00:00.000,0:35,40.739166,-73.97997,0,0,0,0,4073,-7397,0.32558139534883723
2021-09-12T00:00:00.000,1:15,40.666775,-73.97836,0,0,0,0,4066,-7397,0.24390243902439024
2021-09-12T00:00:00.000,7:45,40.640553,-74.0043,0,0,0,0,4064,-7400,0.36764705882352944
2021-09-01T00:00:00.000,16:26,40.59631,-73.93732,0,0,0,0,4059,-7393,0.47058823529411764
2021-09-12T00:00:00.000,14:41,40.74197,-73.84116,0,0,0,0,4074,-7384,0.42857142857142855
2021-09-12T00:00:00.000,9:10,40.67398,-73.899315,0,0,0,0,4067,-7389,0.33852140077821014
2021-09-12T00:00:00.000,16:50,40.711296,-73.9613,0,0,0,0,4071,-7396,0.3218390804597701
2021-09-05T00:00:00.000,10:06,40.618214,-73.95815,0,0,0,0,4061,-7395,0.4461538461538462
2021-09-12T00:00:00.000,19:11,40.849712,-73.94301,0,0,0,0,4084,-7394,0.17543859649122806
2021-12-08T00:00:00.000,15:00,40.76224,-73.80657,0,0,0,0,4076,-7380,0.4
2023-01-14T00:00:00.000,6:55,40.75175,-74.007935,0,0,0,0,4075,-7400,0.3888888888888889
2023-01-14T00:00:00.000,2:21,40.738575,-73.845345,0,0,0,0,4073,-7384,0.2682926829268293
2023-01-13T00:00:00.000,9:00,40.645344,-73.87897,0,0,0,0,4064,-7387,0.4918032786885246
2023-01-14T00:00:00.000,12:00,40.707016,-73.948235,0,0,0,0,4070,-7394,0.3956043956043956
2023-01-14T00:00:00.000,23:31,40.576405,-74.127075,0,0,0,0,4057,-7412,0.36363636363636365
2023-01-13T00:00:00.000,23:15,40.702354,-73.818756,0,0,0,0,4070,-7381,0.3194444444444444
2022-12-30T00:00:00.000,15:40,40.669403,-73.94221,1,0,1,1,4066,-7394,0.36792452830188677
2023-01-12T00:00:00.000,17:20,40.883263,-73.865585,0,0,0,0,4088,-7386,0.23809523809523808
2023-01-13T00:00:00.000,20:45,40.83278,-73.87728,0,0,0,0,4083,-7387,0.38414634146341464
2023-01-14T00:00:00.000,17:40,40.625824,-73.92762,0,0,0,0,4062,-7392,0.3611111111111111
2023-01-14T00:00:00.000,14:06,40.649944,-73.97961,0,0,0,0,4064,-7397,0.4095238095238095
2023-01-14T00:00:00.000,11:30,40.711006,-73.729675,0,0,0,0,4071,-7372,0.40425531914893614
2023-01-12T00:00:00.000,12:00,40.72167,-73.94484,0,0,0,0,4072,-7394,0.19801980198019803
2023-01-14T00:00:00.000,0:01,40.768234,-73.90709,1,0,1,1,4076,-7390,0.3055555555555556
2023-01-14T00:00:00.000,13:30,40.746826,-73.891716,0,0,0,0,4074,-7389,0.3203125
2023-01-12T00:00:00.000,17:00,0.0,0.0,0,0,0,0,0,0,0.40425531914893614
2023-01-14T00:00:00.000,12:27,40.7226,-73.93711,0,0,0,0,4072,-7393,0.36507936507936506
2023-01-14T00:00:00.000,16:00,40.71154,-73.83624,0,0,0,0,4071,-7383,0.37349397590361444
2023-01-08T00:00:00.000,13:20,40.673943,-73.86393,0,0,0,0,4067,-7386,0.3431372549019608
2023-01-13T00:00:00.000,10:50,40.816696,-73.923096,1,0,1,1,4081,-7392,0.4714285714285714
2023-01-14T00:00:00.000,0:15,40.66813,-73.93675,0,0,0,0,4066,-7393,0.38578680203045684
2023-01-14T00:00:00.000,16:50,40.640625,-74.014984,0,0,0,0,4064,-7401,0.4295774647887324
2023-01-14T00:00:00.000,21:35,40.74314,-73.981705,0,0,0,0,4074,-7398,0.40131578947368424
2021-04-19T00:00:00.000,17:30,40.655853,-73.910126,1,0,1,1,4065,-7391,0.425
2023-01-14T00:00:00.000,20:24,40.605434,-73.95255,2,0,1,1,4060,-7395,0.4791666666666667
2022-12-23T00:00:00.000,8:50,40.857426,-73.89111,0,0,0,0,4085,-7389,0.3353658536585366
2023-01-12T00:00:00.000,15:26,40.77674,-73.82433,1,0,1,1,4077,-7382,0.4444444444444444
2023-01-14T00:00:00.000,17:00,40.7179,-73.83202,0,0,0,0,4071,-7383,0.37349397590361444
2023-01-14T00:00:00.000,22:30,40.59662,-74.00231,1,0,1,1,4059,-7400,0.2962962962962963
2023-01-12T00:00:00.000,18:15,40.64076,-73.97502,1,0,1,1,4064,-7397,0.4095238095238095
2023-01-14T00:00:00.000,15:00,40.66839,-73.88032,0,0,0,0,4066,-7388,0.37012987012987014
2023-01-14T00:00:00.000,13:00,40.77007,-73.73598,0,0,0,0,4077,-7373,0.2857142857142857
2022-12-18T00:00:00.000,6:36,40.823536,-73.93108,0,0,0,0,4082,-7393,0.36645962732919257
2023-01-14T00:00:00.000,15:57,40.727005,-73.99308,0,0,0,0,4072,-7399,0.3829787234042553
2023-01-14T00:00:00.000,10:46,40.72389,-73.93495,0,0,0,0,4072,-7393,0.36507936507936506
2023-01-05T00:00:00.000,7:50,40.666534,-73.80995,0,0,0,0,4066,-7380,0.40789473684210525
2023-01-14T00:00:00.000,3:00,40.692516,-73.85911,0,0,0,0,4069,-7385,0.34
2023-01-14T00:00:00.000,17:32,40.768875,-73.94898,1,0,1,1,4076,-7394,0.4583333333333333
2022-12-20T00:00:00.000,13:40,40.856243,-73.895584,0,0,0,0,4085,-7389,0.3353658536585366
2023-01-14T00:00:00.000,15:40,40.74508,-73.86438,1,0,1,1,4074,-7386,0.3813559322033898
2023-01-13T00:00:00.000,23:00,40.686615,-73.8796,0,0,0,0,4068,-7387,0.24719101123595505
2023-01-11T00:00:00.000,15:30,40.714195,-73.99496,0,0,0,0,4071,-7399,0.3263157894736842
2023-01-14T00:00:00.000,12:00,40.7122,-73.88591,0,0,0,0,4071,-7388,0.10344827586206896
2023-01-09T00:00:00.000,16:45,40.710453,-73.93734,0,0,0,0,4071,-7393,0.2711864406779661
2023-01-14T00:00:00.000,21:00,40.726814,-73.83846,1,0,1,1,4072,-7383,0.4909090909090909
2022-12-24T00:00:00.000,15:42,40.81554,-73.88582,0,0,0,0,4081,-7388,0.25471698113207547
2023-01-14T00:00:00.000,1:05,40.661312,-73.77522,1,0,1,1,4066,-7377,0.37362637362637363
2022-01-17T00:00:00.000,5:55,40.861862,-73.91275,0,0,0,0,4086,-7391,0.38016528925619836
2021-04-13T00:00:00.000,10:00,40.737804,-73.98276,0,0,0,0,4073,-7398,0.36942675159235666
2021-04-12T00:00:00.000,19:30,40.67642,-73.94154,6,0,1,1,4067,-7394,0.34074074074074073
2021-04-08T00:00:00.000,19:55,40.830307,-73.89873,0,1,2,1,4083,-7389,0.3333333333333333
2023-01-14T00:00:00.000,22:30,40.81148,-73.9264,0,0,0,0,4081,-7392,0.4714285714285714
2023-01-12T00:00:00.000,7:30,40.670517,-73.863106,0,0,0,0,4067,-7386,0.3431372549019608
2023-01-14T00:00:00.000,15:45,40.611286,-73.920204,0,0,0,0,4061,-7392,0.2982456140350877
2023-01-14T00:00:00.000,4:10,40.743164,-73.77733,1,0,1,1,4074,-7377,0.36363636363636365
2023-01-12T00:00:00.000,19:00,40.727093,-73.99156,1,0,1,1,4072,-7399,0.3829787234042553
2023-01-14T00:00:00.000,14:30,40.73862,-73.8508,0,0,0,0,4073,-7385,0.3619047619047619
2023-01-14T00:00:00.000,9:12,40.825848,-73.90993,0,0,0,0,4082,-7390,0.3025210084033613
2023-01-14T00:00:00.000,6:00,40.847908,-73.87121,1,0,1,1,4084,-7387,0.48333333333333334
2023-01-13T00:00:00.000,1:44,40.68067,-73.885826,0,0,0,0,4068,-7388,0.36538461538461536
2023-01-13T00:00:00.000,8:20,40.668167,-73.89784,1,0,1,1,4066,-7389,0.3103448275862069
2023-01-14T00:00:00.000,2:30,40.711742,-73.78115,0,0,0,0,4071,-7378,0.32653061224489793
2023-01-14T00:00:00.000,20:25,40.732735,-73.86079,1,0,1,1,4073,-7386,0.3464566929133858
2023-01-14T00:00:00.000,18:35,40.63485,-73.93414,4,0,1,1,4063,-7393,0.46153846153846156
2023-01-14T00:00:00.000,22:26,40.611614,-73.97459,0,0,0,0,4061,-7397,0.421875
2023-01-12T00:00:00.000,15:15,40.658577,-73.89063,3,0,1,1,4065,-7389,0.34965034965034963
2023-01-14T00:00:00.000,17:10,40.635483,-74.01113,0,0,0,0,4063,-7401,0.37777777777777777
2023-01-09T00:00:00.000,7:15,40.634506,-73.89961,0,0,0,0,4063,-7389,0.41818181818181815
2023-01-11T00:00:00.000,19:20,40.796234,-73.93811,1,0,1,1,4079,-7393,0.36585365853658536
2023-01-14T00:00:00.000,0:20,40.748806,-73.99221,0,0,0,0,4074,-7399,0.3333333333333333
2023-01-11T00:00:00.000,22:27,40.64117,-73.90625,0,0,0,0,4064,-7390,0.4017094017094017
2023-01-14T00:00:00.000,14:30,40.72335,-73.97525,0,0,0,0,4072,-7397,0.3283582089552239
2021-04-19T00:00:00.000,13:20,40.741234,-73.7068,2,0,1,1,4074,-7370,0.375
2021-04-19T00:00:00.000,15:30,40.822304,-73.91485,0,0,0,0,4082,-7391,0.3355263157894737
2021-04-19T00:00:00.000,21:59,40.729607,-73.82489,3,0,1,1,4072,-7382,0.45454545454545453
2021-04-19T00:00:00.000,16:30,40.703762,-73.94262,0,0,0,0,4070,-7394,0.3956043956043956
2021-04-16T00:00:00.000,7:30,40.806778,-73.943115,0,0,0,0,4080,-7394,0.41116751269035534
2021-04-14T00:00:00.000,7:55,40.819283,-73.937096,0,0,0,0,4081,-7393,0.32432432432432434
2021-04-19T00:00:00.000,0:04,40.77456,-73.76602,0,0,0,0,4077,-7376,0.125
2021-04-19T00:00:00.000,3:25,40.768887,-73.90691,0,0,0,0,4076,-7390,0.3055555555555556
2021-04-19T00:00:00.000,10:45,40.637806,-74.128876,0,0,0,0,4063,-7412,0.36363636363636365
2021-04-19T00:00:00.000,8:45,40.644405,-73.964096,0,0,0,0,4064,-7396,0.4714285714285714
2021-04-19T00:00:00.000,22:40,40.82124,-73.90992,1,0,1,1,4082,-7390,0.3025210084033613
2021-04-19T00:00:00.000,11:15,40.743332,-73.99991,0,0,0,0,4074,-7399,0.3333333333333333
2021-04-17T00:00:00.000,16:22,40.724236,-73.997795,0,0,0,0,4072,-7399,0.3829787234042553
2021-04-19T00:00:00.000,2:15,40.67306,-73.82593,0,0,0,0,4067,-7382,0.4186046511627907
2021-04-19T00:00:00.000,15:39,40.64333,-73.95973,0,0,0,0,4064,-7395,0.4796747967479675
2021-04-19T00:00:00.000,19:08,40.777153,-73.92087,0,0,0,0,4077,-7392,0.3269230769230769
2021-04-19T00:00:00.000,9:00,40.853172,-73.88964,1,0,1,1,4085,-7388,0.3
2021-04-19T00:00:00.000,9:30,40.824158,-73.87462,0,0,0,0,4082,-7387,0.33544303797468356
2021-04-19T00:00:00.000,6:40,40.758633,-73.96579,1,0,1,1,4075,-7396,0.4788732394366197
2021-04-19T00:00:00.000,8:00,40.739494,-73.97663,0,0,0,0,4073,-7397,0.32558139534883723
2021-04-19T00:00:00.000,17:48,40.823658,-73.91206,1,0,1,1,4082,-7391,0.3355263157894737
2021-04-19T00:00:00.000,11:21,40.679707,-73.87979,0,0,0,0,4067,-7387,0.30344827586206896
2021-04-19T00:00:00.000,0:00,40.817898,-73.938095,1,0,1,1,4081,-7393,0.32432432432432434
2021-04-19T00:00:00.000,9:40,40.84134,-73.83169,0,0,0,0,4084,-7383,0.4318181818181818
2021-04-19T00:00:00.000,11:10,40.74074,-73.90779,0,0,0,0,4074,-7390,0.40625
2021-04-19T00:00:00.000,10:18,40.76311,-73.962524,0,0,0,0,4076,-7396,0.3023255813953488
2021-04-16T00:00:00.000,19:20,40.693844,-73.89692,0,0,0,0,4069,-7389,0.3709677419354839
2021-04-18T00:00:00.000,18:48,40.717335,-73.88741,0,0,0,0,4071,-7388,0.10344827586206896
2021-04-18T00:00:00.000,20:30,40.64465,-74.085075,1,0,1,1,4064,-7408,0.2894736842105263
2021-04-19T00:00:00.000,13:30,40.80578,-73.877304,0,0,0,0,4080,-7387,0.0
2021-04-19T00:00:00.000,1:55,40.858444,-73.89851,1,0,1,1,4085,-7389,0.3353658536585366
2021-04-19T00:00:00.000,9:30,40.60069,-74.010056,0,0,0,0,4060,-7401,0.30357142857142855
2021-04-19T00:00:00.000,10:22,40.85573,-73.910416,1,0,1,1,4085,-7391,0.373134328358209
2021-04-19T00:00:00.000,6:00,40.64453,-73.94599,0,0,0,0,4064,-7394,0.42342342342342343
2021-04-19T00:00:00.000,10:00,40.77972,-73.94434,1,0,1,1,4077,-7394,0.28
2021-04-19T00:00:00.000,6:55,40.5743,-73.98867,0,0,0,0,4057,-7398,0.36904761904761907
2021-04-19T00:00:00.000,16:10,40.74459,-73.884674,0,0,0,0,4074,-7388,0.2978723404255319
2021-04-19T00:00:00.000,11:30,40.63897,-73.99447,1,0,1,1,4063,-7399,0.47692307692307695
2021-04-19T00:00:00.000,1:30,40.672333,-73.901764,0,0,0,0,4067,-7390,0.3282442748091603
2021-04-19T00:00:00.000,15:14,40.67447,-73.90583,0,0,0,0,4067,-7390,0.3282442748091603
2021-04-19T00:00:00.000,9:22,40.74768,-73.97498,0,0,0,0,4074,-7397,0.4810810810810811
2021-04-19T00:00:00.000,9:40,40.75826,-73.76829,0,0,0,0,4075,-7376,0.4
2021-04-19T00:00:00.000,18:19,40.65477,-74.00708,1,0,1,1,4065,-7400,0.41509433962264153
2021-04-18T00:00:00.000,19:00,40.88974,-73.84591,0,0,0,0,4088,-7384,0.4153846153846154
2021-04-19T00:00:00.000,10:04,40.72098,-73.98696,0,0,0,0,4072,-7398,0.4342105263157895
2021-04-19T00:00:00.000,10:41,40.687702,-73.97572,0,0,0,0,4068,-7397,0.3412322274881517
2021-04-18T00:00:00.000,19:38,40.677624,-73.93308,0,0,0,0,4067,-7393,0.3755868544600939
2021-04-11T00:00:00.000,18:09,40.787838,-73.97752,1,0,1,1,4078,-7397,0.3434343434343434
2021-04-19T00:00:00.000,12:30,40.735435,-73.97956,0,0,0,0,4073,-7397,0.32558139534883723
2021-04-14T00:00:00.000,14:52,40.63443,-74.01606,1,0,1,1,4063,-7401,0.37777777777777777
2021-04-19T00:00:00.000,17:32,40.69666,-73.93109,1,0,1,1,4069,-7393,0.3141025641025641
2021-04-17T00:00:00.000,21:57,40.714058,-73.95183,1,0,1,1,4071,-7395,0.36585365853658536
2021-04-19T00:00:00.000,10:00,40.8307,-73.88519,1,0,1,1,4083,-7388,0.26717557251908397
2021-04-19T00:00:00.000,10:32,40.726856,-73.9409,0,0,0,0,4072,-7394,0.19801980198019803
2021-04-19T00:00:00.000,19:42,40.673878,-73.88596,0,0,0,0,4067,-7388,0.30434782608695654
2021-04-19T00:00:00.000,13:00,40.75979,-73.98793,0,0,0,0,4075,-7398,0.3170731707317073
2021-04-19T00:00:00.000,21:56,40.605473,-74.064644,0,0,0,0,4060,-7406,0.3076923076923077
2021-04-19T00:00:00.000,9:40,40.642887,-73.95454,2,0,1,1,4064,-7395,0.4796747967479675
2021-04-07T00:00:00.000,15:00,40.77391,-73.91343,0,0,0,0,4077,-7391,0.3157894736842105
2021-04-19T00:00:00.000,21:10,0.0,0.0,0,0,0,0,0,0,0.40425531914893614
2021-04-11T00:00:00.000,14:00,40.76515,-73.985115,0,0,0,0,4076,-7398,0.3081761006289308
2021-04-19T00:00:00.000,18:37,40.771954,-73.958984,1,0,1,1,4077,-7395,0.3384615384615385
2021-04-19T00:00:00.000,17:10,40.753006,-73.8326,1,0,1,1,4075,-7383,0.37681159420289856
2021-04-19T00:00:00.000,14:00,40.690334,-73.81217,0,0,0,0,4069,-7381,0.3902439024390244
2021-04-18T00:00:00.000,0:00,40.674603,-73.98178,1,0,1,1,4067,-7398,0.3655913978494624
2021-04-19T00:00:00.000,1:51,40.84506,-73.916855,6,0,1,1,4084,-7391,0.32558139534883723
2021-04-17T00:00:00.000,21:56,40.681843,-73.783585,0,0,0,0,4068,-7378,0.3384615384615385
2021-04-19T00:00:00.000,22:30,40.804695,-73.92239,0,0,0,0,4080,-7392,0.3141025641025641
2023-01-12T00:00:00.000,22:00,40.659634,-73.87878,0,0,0,0,4065,-7387,0.2857142857142857
2021-04-19T00:00:00.000,7:30,40.76542,-73.98383,0,0,0,0,4076,-7398,0.3081761006289308
2021-04-19T00:00:00.000,23:06,40.772327,-73.94531,0,0,0,0,4077,-7394,0.28
2021-04-05T00:00:00.000,14:35,40.778576,-73.901726,0,0,0,0,4077,-7390,0.3404255319148936
2021-04-19T00:00:00.000,0:16,40.745235,-73.937706,0,0,0,0,4074,-7393,0.3333333333333333
2021-04-17T00:00:00.000,15:20,40.647427,-73.979126,0,0,0,0,4064,-7397,0.4095238095238095
2021-04-19T00:00:00.000,17:10,40.654434,-73.86084,1,0,1,1,4065,-7386,0.36619718309859156
2021-04-19T00:00:00.000,12:17,40.67887,-73.92165,0,0,0,0,4067,-7392,0.39655172413793105
2021-04-16T00:00:00.000,19:22,40.738247,-73.98066,0,0,0,0,4073,-7398,0.36942675159235666
2021-04-19T00:00:00.000,18:52,40.78461,-73.96984,0,0,0,0,4078,-7396,0.28125
2021-04-16T00:00:00.000,18:00,40.815975,-73.94322,0,0,0,0,4081,-7394,0.38
2021-04-19T00:00:00.000,0:17,40.890972,-73.849686,1,0,1,1,4089,-7384,0.3333333333333333
2021-04-19T00:00:00.000,6:00,40.71911,-73.76679,0,0,0,0,4071,-7376,0.37142857142857144
2021-04-19T00:00:00.000,9:40,40.636326,-73.958405,1,0,1,1,4063,-7395,0.48484848484848486
2021-04-06T00:00:00.000,20:00,40.891735,-73.84895,0,0,0,0,4089,-7384,0.3333333333333333
2021-04-19T00:00:00.000,2:15,40.75372,-73.83283,0,0,0,0,4075,-7383,0.37681159420289856
2023-01-14T00:00:00.000,13:00,40.59183,-74.10098,0,0,0,0,4059,-7410,0.2
2021-04-19T00:00:00.000,19:10,40.843822,-73.916565,0,0,0,0,4084,-7391,0.32558139534883723
2021-04-14T00:00:00.000,19:50,40.760536,-73.95836,0,0,0,0,4076,-7395,0.3696969696969697
2021-04-16T00:00:00.000,23:28,40.707275,-73.896484,0,0,0,0,4070,-7389,0.2711864406779661
2021-04-19T00:00:00.000,11:00,40.666573,-73.811775,1,0,1,1,4066,-7381,0.4716981132075472
2021-04-19T00:00:00.000,12:20,40.623966,-73.9905,0,0,0,0,4062,-7399,0.3835616438356164
2021-04-19T00:00:00.000,19:50,40.67691,-73.87945,0,0,0,0,4067,-7387,0.30344827586206896
2021-04-15T00:00:00.000,6:40,40.730846,-73.89146,0,0,0,0,4073,-7389,0.2857142857142857
2021-04-19T00:00:00.000,15:54,40.692383,-73.73145,1,0,1,1,4069,-7373,0.36585365853658536
2021-04-19T00:00:00.000,20:30,40.68293,-73.910515,0,0,0,0,4068,-7391,0.344
2021-04-19T00:00:00.000,0:53,40.799984,-73.944855,1,0,1,1,4079,-7394,0.3523809523809524
2021-04-19T00:00:00.000,8:55,40.81766,-73.93076,0,0,0,0,4081,-7393,0.32432432432432434
2021-04-19T00:00:00.000,22:40,40.675735,-73.89686,0,0,0,0,4067,-7389,0.33852140077821014
2021-04-19T00:00:00.000,13:30,40.67997,-73.77624,0,0,0,0,4067,-7377,0.32608695652173914
2021-04-17T00:00:00.000,12:30,40.668373,-73.92264,0,0,0,0,4066,-7392,0.355
2021-04-17T00:00:00.000,12:50,40.654896,-73.9185,0,0,0,0,4065,-7391,0.425
2021-04-19T00:00:00.000,0:49,40.78614,-73.93929,0,0,0,0,4078,-7393,0.4444444444444444
2021-04-19T00:00:00.000,16:30,40.70118,-73.98778,0,0,0,0,4070,-7398,0.21568627450980393
2021-04-19T00:00:00.000,18:57,40.75855,-73.82964,0,0,0,0,4075,-7382,0.4915254237288136
2021-04-12T00:00:00.000,16:54,40.784943,-73.946594,1,0,1,1,4078,-7394,0.33513513513513515
2021-04-15T00:00:00.000,10:42,40.592846,-73.79616,0,0,0,0,4059,-7379,0.2692307692307692
2021-04-19T00:00:00.000,8:12,40.757065,-74.00106,1,0,1,1,4075,-7400,0.3888888888888889
2021-04-15T00:00:00.000,12:53,40.849712,-73.83038,1,0,1,1,4084,-7383,0.4318181818181818
2021-04-12T00:00:00.000,16:20,40.722973,-73.83933,0,0,0,0,4072,-7383,0.4909090909090909
2021-04-19T00:00:00.000,13:07,40.667637,-73.8996,0,0,0,0,4066,-7389,0.3103448275862069
2021-04-19T00:00:00.000,2:10,40.75398,-73.99373,0,0,0,0,4075,-7399,0.2830188679245283
2021-04-19T00:00:00.000,8:33,40.66659,-73.9032,0,0,0,0,4066,-7390,0.2777777777777778
2021-04-19T00:00:00.000,8:00,40.650597,-73.97209,0,0,0,0,4065,-7397,0.4074074074074074
2021-04-19T00:00:00.000,22:15,40.576504,-74.1037,0,0,0,0,4057,-7410,0.3877551020408163
2021-04-19T00:00:00.000,17:27,40.824806,-73.91352,0,0,0,0,4082,-7391,0.3355263157894737
2021-04-19T00:00:00.000,10:45,40.70166,-73.961464,0,0,0,0,4070,-7396,0.3431372549019608
2021-04-16T00:00:00.000,18:00,40.764267,-73.722946,0,0,0,0,4076,-7372,0.3333333333333333
2021-04-16T00:00:00.000,16:30,40.777958,-73.90847,0,0,0,0,4077,-7390,0.3404255319148936
2021-04-19T00:00:00.000,13:45,40.733536,-73.87035,1,0,1,1,4073,-7387,0.3140495867768595
2021-04-19T00:00:00.000,20:25,40.83468,-73.944435,0,0,0,0,4083,-7394,0.38926174496644295
2021-03-26T00:00:00.000,16:20,40.737797,-73.8507,1,0,1,1,4073,-7385,0.3619047619047619
2021-04-19T00:00:00.000,17:55,40.742485,-73.912834,0,0,0,0,4074,-7391,0.38333333333333336
2021-04-19T00:00:00.000,15:10,40.753693,-73.89831,2,0,1,1,4075,-7389,0.4805194805194805
2021-04-19T00:00:00.000,23:17,40.843163,-73.82812,0,0,0,0,4084,-7382,0.4
2021-04-19T00:00:00.000,22:00,40.651676,-74.010635,0,0,0,0,4065,-7401,0.43478260869565216
2021-04-19T00:00:00.000,15:30,40.842197,-73.87215,2,0,1,1,4084,-7387,0.48333333333333334
2021-04-19T00:00:00.000,8:06,40.82989,-73.873276,0,0,0,0,4082,-7387,0.33544303797468356
2021-04-19T00:00:00.000,17:44,40.776287,-73.908516,0,0,0,0,4077,-7390,0.3404255319148936
2023-01-14T00:00:00.000,1:00,40.67698,-73.90803,0,0,0,0,4067,-7390,0.3282442748091603
2021-04-19T00:00:00.000,16:06,40.805367,-73.9219,0,0,0,0,4080,-7392,0.3141025641025641
2021-04-19T00:00:00.000,13:50,40.739395,-73.87792,1,0,1,1,4073,-7387,0.3140495867768595
2021-04-19T00:00:00.000,8:25,40.827206,-73.94246,1,0,1,1,4082,-7394,0.3812154696132597
2021-04-19T00:00:00.000,20:20,40.876163,-73.881516,1,0,1,1,4087,-7388,0.3561643835616438
2021-04-14T00:00:00.000,16:00,40.78228,-73.914604,1,0,1,1,4078,-7391,0.2777777777777778
2021-04-19T00:00:00.000,1:15,40.798576,-73.97316,1,0,1,1,4079,-7397,0.24210526315789474
2021-04-16T00:00:00.000,19:45,40.791046,-73.95138,1,0,1,1,4079,-7395,0.42
2021-04-18T00:00:00.000,22:30,40.77178,-73.9792,0,0,0,0,4077,-7397,0.38235294117647056
2021-04-19T00:00:00.000,19:00,40.692345,-73.88179,0,0,0,0,4069,-7388,0.4375
2021-04-19T00:00:00.000,23:40,40.675735,-73.89686,0,0,0,0,4067,-7389,0.33852140077821014
2021-04-19T00:00:00.000,10:00,40.744576,-73.82581,1,0,1,1,4074,-7382,0.4057971014492754
2021-04-19T00:00:00.000,14:30,40.69963,-73.93276,0,0,0,0,4069,-7393,0.3141025641025641
2021-04-19T00:00:00.000,14:15,40.66484,-73.82229,0,0,0,0,4066,-7382,0.43103448275862066
2021-04-19T00:00:00.000,14:30,40.703953,-73.89052,0,0,0,0,4070,-7389,0.2711864406779661
2021-04-19T00:00:00.000,15:50,40.600426,-73.941895,1,0,1,1,4060,-7394,0.5217391304347826
2021-04-19T00:00:00.000,21:15,40.66349,-73.87921,0,0,0,0,4066,-7387,0.38461538461538464
2021-04-17T00:00:00.000,14:40,40.845985,-73.884476,1,0,1,1,4084,-7388,0.390625
2021-04-19T00:00:00.000,15:30,40.692055,-73.982544,3,0,1,1,4069,-7398,0.3229166666666667
2021-04-19T00:00:00.000,14:29,40.8753,-73.86813,0,0,0,0,4087,-7386,0.3142857142857143
2021-04-19T00:00:00.000,14:10,40.718544,-73.91784,0,0,0,0,4071,-7391,0.1836734693877551
2021-04-19T00:00:00.000,9:00,40.60589,-73.98972,0,0,0,0,4060,-7398,0.2711864406779661
2021-04-19T00:00:00.000,17:00,40.65686,-73.8393,0,0,0,0,4065,-7383,0.38095238095238093
2021-04-19T00:00:00.000,9:50,40.887486,-73.86211,0,0,0,0,4088,-7386,0.23809523809523808
2021-04-19T00:00:00.000,14:00,40.762302,-73.87122,0,0,0,0,4076,-7387,0.48214285714285715
2021-04-19T00:00:00.000,10:35,40.865562,-73.88965,0,0,0,0,4086,-7388,0.23943661971830985
2021-04-19T00:00:00.000,8:00,40.692356,-73.94282,0,0,0,0,4069,-7394,0.417910447761194
2021-04-15T00:00:00.000,16:00,40.69447,-73.78147,0,0,0,0,4069,-7378,0.29310344827586204
2021-04-19T00:00:00.000,14:30,40.850166,-73.93576,1,0,1,1,4085,-7393,0.36585365853658536
2021-04-19T00:00:00.000,8:44,40.689804,-73.97794,0,0,0,0,4068,-7397,0.3412322274881517
2021-04-19T00:00:00.000,13:29,40.780693,-73.9466,0,0,0,0,4078,-7394,0.33513513513513515
2021-04-10T00:00:00.000,2:00,40.844593,-73.88167,0,0,0,0,4084,-7388,0.390625
2021-04-19T00:00:00.000,18:00,40.599907,-73.94664,0,0,0,0,4059,-7394,0.275
2021-04-16T00:00:00.000,21:28,40.514412,-74.20625,6,0,1,1,4051,-7420,0.5
2021-04-19T00:00:00.000,18:08,40.75024,-73.94208,1,0,1,1,4075,-7394,0.41333333333333333
2021-04-19T00:00:00.000,7:17,40.702793,-73.83214,2,0,1,1,4070,-7383,0.3541666666666667
2021-04-19T00:00:00.000,13:00,40.66495,-73.993355,0,0,0,0,4066,-7399,0.40540540540540543
2021-04-14T00:00:00.000,11:10,40.68662,-73.934166,0,0,0,0,4068,-7393,0.3619047619047619
2021-04-19T00:00:00.000,13:00,40.824997,-73.89296,0,0,0,0,4082,-7389,0.37423312883435583
2021-04-19T00:00:00.000,16:05,40.61499,-73.994354,1,0,1,1,4061,-7399,0.29411764705882354
2021-04-14T00:00:00.000,10:45,40.676765,-73.999695,1,0,1,1,4067,-7399,0.3258426966292135
2021-04-19T00:00:00.000,14:10,40.827343,-73.94279,0,0,0,0,4082,-7394,0.3812154696132597
2021-04-19T00:00:00.000,17:11,40.77761,-73.74365,0,0,0,0,4077,-7374,0.16666666666666666
2021-04-19T00:00:00.000,10:40,40.660217,-73.89675,0,0,0,0,4066,-7389,0.3103448275862069
2021-04-19T00:00:00.000,15:40,40.671898,-73.92231,0,0,0,0,4067,-7392,0.39655172413793105
2021-04-19T00:00:00.000,0:00,40.712063,-74.01016,1,0,1,1,4071,-7401,0.3181818181818182
2021-04-19T00:00:00.000,15:55,40.83611,-73.92238,0,0,0,0,4083,-7392,0.310126582278481
2021-04-19T00:00:00.000,7:30,40.893665,-73.86063,0,0,0,0,4089,-7386,0.28205128205128205
2021-04-19T00:00:00.000,19:25,40.696983,-73.935234,1,0,1,1,4069,-7393,0.3141025641025641
2021-04-14T00:00:00.000,19:56,40.668648,-73.92835,1,0,1,1,4066,-7392,0.355
2021-04-19T00:00:00.000,20:30,40.756287,-73.860725,0,0,0,0,4075,-7386,0.33653846153846156
2021-04-19T00:00:00.000,2:30,40.67546,-73.73385,0,0,0,0,4067,-7373,0.46835443037974683
2021-04-17T00:00:00.000,18:14,40.766815,-73.9386,2,0,1,1,4076,-7393,0.44680851063829785
2021-04-17T00:00:00.000,4:25,40.61242,-74.09936,0,0,0,0,4061,-7409,0.46153846153846156
2021-04-19T00:00:00.000,15:15,40.56843,-74.14132,2,0,1,1,4056,-7414,0.6666666666666666
2021-04-19T00:00:00.000,20:25,40.749607,-73.89687,1,0,1,1,4074,-7389,0.3203125
2021-04-05T00:00:00.000,17:49,40.702785,-73.85705,1,0,1,1,4070,-7385,0.39436619718309857
2021-04-19T00:00:00.000,0:00,40.657894,-73.92082,0,0,0,0,4065,-7392,0.35555555555555557
2021-04-19T00:00:00.000,22:10,40.621838,-73.985374,0,0,0,0,4062,-7398,0.38
2023-01-09T00:00:00.000,13:07,40.78503,-73.94058,0,0,0,0,4078,-7394,0.33513513513513515
2021-04-19T00:00:00.000,10:09,40.709118,-73.79784,1,0,1,1,4070,-7379,0.3978494623655914
2021-04-19T00:00:00.000,23:12,40.81738,-73.9257,0,0,0,0,4081,-7392,0.4714285714285714
2021-04-19T00:00:00.000,19:24,40.63226,-73.90088,1,0,1,1,4063,-7390,0.3561643835616438
2021-04-19T00:00:00.000,18:20,40.614666,-74.0133,0,0,0,0,4061,-7401,0.2972972972972973
2021-04-19T00:00:00.000,0:00,40.697575,-73.984055,0,0,0,0,4069,-7398,0.3229166666666667
2021-04-17T00:00:00.000,10:45,40.80739,-73.9467,0,0,0,0,4080,-7394,0.41116751269035534
2021-04-19T00:00:00.000,11:00,40.65333,-73.89001,0,0,0,0,4065,-7389,0.34965034965034963
2021-04-19T00:00:00.000,10:32,40.78775,-73.947464,1,0,1,1,4078,-7394,0.33513513513513515
2021-04-19T00:00:00.000,9:44,40.709053,-73.96711,0,0,0,0,4070,-7396,0.3431372549019608
2021-04-17T00:00:00.000,21:52,40.788578,-73.939705,0,0,0,0,4078,-7393,0.4444444444444444
2021-04-19T00:00:00.000,8:05,40.816433,-73.919106,1,0,1,1,4081,-7391,0.47244094488188976
2021-04-19T00:00:00.000,22:40,40.676094,-73.904366,0,0,0,0,4067,-7390,0.3282442748091603
2021-04-19T00:00:00.000,17:00,40.8385,-73.90509,0,0,0,0,4083,-7390,0.3064516129032258
2021-04-14T00:00:00.000,18:14,40.73715,-73.98859,1,0,1,1,4073,-7398,0.36942675159235666
2021-04-19T00:00:00.000,15:20,40.8047,-73.91243,0,0,0,0,4080,-7391,0.38961038961038963
2021-04-13T00:00:00.000,6:45,40.681656,-73.76238,0,0,0,0,4068,-7376,0.35714285714285715
2021-04-19T00:00:00.000,1:51,40.84487,-73.92068,0,0,0,0,4084,-7392,0.3181818181818182
2021-04-12T00:00:00.000,15:00,40.787506,-73.9383,1,0,1,1,4078,-7393,0.4444444444444444
2021-04-19T00:00:00.000,11:06,40.674225,-73.79986,1,0,1,1,4067,-7379,0.4264705882352941
2021-04-19T00:00:00.000,20:50,40.6865,-73.98787,1,0,1,1,4068,-7398,0.3873239436619718
2021-04-19T00:00:00.000,16:23,40.83483,-73.85946,0,0,0,0,4083,-7385,0.30158730158730157
2021-04-19T00:00:00.000,10:30,40.610912,-74.16142,1,0,1,1,4061,-7416,0.2727272727272727
2021-04-19T00:00:00.000,14:57,40.679485,-73.897026,0,0,0,0,4067,-7389,0.33852140077821014
2021-04-15T00:00:00.000,18:00,40.773365,-73.9068,0,0,0,0,4077,-7390,0.3404255319148936
2021-04-19T00:00:00.000,15:46,40.624947,-73.97712,0,0,0,0,4062,-7397,0.38666666666666666
2021-04-19T00:00:00.000,17:00,40.575336,-73.996445,0,0,0,0,4057,-7399,0.32558139534883723
2021-04-19T00:00:00.000,9:55,40.679737,-73.76162,1,0,1,1,4067,-7376,0.23076923076923078
2021-04-19T00:00:00.000,0:01,40.689102,-73.94507,1,0,1,1,4068,-7394,0.4409448818897638
2021-04-19T00:00:00.000,13:49,40.81843,-73.887535,0,0,0,0,4081,-7388,0.25471698113207547
2021-04-19T00:00:00.000,5:57,40.72773,-73.90674,0,0,0,0,4072,-7390,0.2978723404255319
2021-04-19T00:00:00.000,9:00,40.743275,-73.77572,0,0,0,0,4074,-7377,0.36363636363636365
2021-04-19T00:00:00.000,10:53,40.723835,-73.90634,0,0,0,0,4072,-7390,0.2978723404255319
2021-04-19T00:00:00.000,9:30,40.5643,-74.103485,0,0,0,0,4056,-7410,0.4
2021-04-19T00:00:00.000,8:00,40.845226,-73.88079,0,0,0,0,4084,-7388,0.390625
2021-04-19T00:00:00.000,16:48,40.669,-73.8048,0,0,0,0,4066,-7380,0.40789473684210525
2021-04-19T00:00:00.000,1:35,40.655834,-73.98123,1,0,1,1,4065,-7398,0.2222222222222222
2025-04-02T00:00:00.000,9:30,40.59866,-73.753006,0,0,0,0,4059,-7375,0.17777777777777778
2021-04-18T00:00:00.000,14:30,40.736145,-73.92651,1,0,1,1,4073,-7392,0.4444444444444444
2021-04-12T00:00:00.000,15:32,40.700855,-73.86837,0,0,0,0,4070,-7386,0.38235294117647056
2021-04-14T00:00:00.000,18:15,40.772865,-73.98955,0,0,0,0,4077,-7398,0.38028169014084506
2021-04-19T00:00:00.000,13:49,40.59287,-73.99607,0,0,0,0,4059,-7399,0.3076923076923077
2021-04-19T00:00:00.000,17:34,40.676117,-73.74046,0,0,0,0,4067,-7374,0.2619047619047619
2021-04-19T00:00:00.000,2:16,40.710777,-73.86502,0,0,0,0,4071,-7386,0.5625
2021-04-19T00:00:00.000,15:50,40.8464,-73.84341,0,0,0,0,4084,-7384,0.4222222222222222
2021-04-19T00:00:00.000,16:51,40.8733,-73.853645,0,0,0,0,4087,-7385,0.37681159420289856
2021-04-17T00:00:00.000,0:39,40.79486,-73.94649,0,0,0,0,4079,-7394,0.3523809523809524
2021-04-19T00:00:00.000,8:40,40.58096,-73.96466,0,0,0,0,4058,-7396,0.37333333333333335
2021-04-19T00:00:00.000,23:14,40.739582,-73.87372,0,0,0,0,4073,-7387,0.3140495867768595
2021-04-19T00:00:00.000,3:49,40.762802,-73.965675,0,0,0,0,4076,-7396,0.3023255813953488
2021-04-19T00:00:00.000,0:00,40.81637,-73.9403,0,0,0,0,4081,-7394,0.38
2021-04-19T00:00:00.000,23:30,40.71976,-73.94476,2,0,1,1,4071,-7394,0.3710691823899371
2021-04-19T00:00:00.000,0:25,40.678677,-73.8928,0,0,0,0,4067,-7389,0.33852140077821014
2021-04-19T00:00:00.000,8:40,40.828236,-73.88602,1,0,1,1,4082,-7388,0.27624309392265195
2021-04-19T00:00:00.000,19:30,40.865448,-73.86635,1,0,1,1,4086,-7386,0.4642857142857143
2021-04-17T00:00:00.000,15:00,40.696983,-73.935234,1,0,1,1,4069,-7393,0.3141025641025641
2021-04-19T00:00:00.000,7:45,40.80684,-73.9275,0,0,0,0,4080,-7392,0.3141025641025641
2021-04-19T00:00:00.000,13:30,40.73687,-73.928505,0,0,0,0,4073,-7392,0.4444444444444444
2021-04-17T00:00:00.000,1:00,40.809605,-73.94981,0,0,0,0,4080,-7394,0.41116751269035534
2021-04-16T00:00:00.000,13:55,40.840637,-73.86624,3,0,1,1,4084,-7386,0.375
2021-04-19T00:00:00.000,21:05,40.697193,-73.72752,2,0,1,1,4069,-7372,0.40425531914893614
2021-04-19T00:00:00.000,7:50,40.730457,-73.99366,0,0,0,0,4073,-7399,0.423728813559322
2021-04-19T00:00:00.000,20:12,40.65295,-73.84703,1,0,1,1,4065,-7384,0.5
2021-04-17T00:00:00.000,19:31,40.618332,-74.093956,0,0,0,0,4061,-7409,0.46153846153846156
2021-04-19T00:00:00.000,0:00,40.704845,-73.892136,0,0,0,0,4070,-7389,0.2711864406779661
2021-04-19T00:00:00.000,10:00,40.638733,-73.98468,0,0,0,0,4063,-7398,0.4827586206896552
2021-04-15T00:00:00.000,17:19,40.637054,-73.98643,1,0,1,1,4063,-7398,0.4827586206896552
2021-04-19T00:00:00.000,14:00,40.653324,-73.8867,0,0,0,0,4065,-7388,0.41509433962264153
2021-04-19T00:00:00.000,18:56,40.6557,-73.911095,1,0,1,1,4065,-7391,0.425
2021-04-19T00:00:00.000,0:00,40.65477,-74.00708,1,0,1,1,4065,-7400,0.41509433962264153
2021-04-19T00:00:00.000,18:30,40.72766,-74.00316,1,0,1,1,4072,-7400,0.32926829268292684
2021-04-19T00:00:00.000,0:00,40.823112,-73.8679,1,0,1,1,4082,-7386,0.3493975903614458
2021-04-19T00:00:00.000,7:30,40.706722,-74.00679,0,0,0,0,4070,-7400,0.2542372881355932
2021-04-19T00:00:00.000,0:00,40.71307,-73.75362,1,0,1,1,4071,-7375,0.3269230769230769
2021-04-19T00:00:00.000,19:00,40.729748,-73.74162,0,0,0,0,4072,-7374,0.44
2021-04-16T00:00:00.000,11:50,40.784355,-73.98117,0,0,0,0,4078,-7398,0.42105263157894735
2021-04-19T00:00:00.000,14:40,40.6306,-73.97031,0,0,0,0,4063,-7397,0.36893203883495146
2021-04-19T00:00:00.000,15:10,40.741673,-73.895744,0,0,0,0,4074,-7389,0.3203125
2021-04-16T00:00:00.000,13:25,40.61965,-74.09969,1,0,1,1,4061,-7409,0.46153846153846156
2021-04-17T00:00:00.000,17:20,40.769184,-73.89639,0,0,0,0,4076,-7389,0.35185185185185186
2021-04-19T00:00:00.000,18:35,40.685158,-73.9273,1,0,1,1,4068,-7392,0.2542372881355932
2021-04-19T00:00:00.000,18:10,40.87029,-73.84318,0,0,0,0,4087,-7384,0.47297297297297297
2021-04-19T00:00:00.000,18:30,40.78058,-73.81431,0,0,0,0,4078,-7381,0.22580645161290322
2021-04-19T00:00:00.000,15:16,40.79166,-73.96469,0,0,0,0,4079,-7396,0.25
2021-04-10T00:00:00.000,19:20,40.709057,-73.86324,0,0,0,0,4070,-7386,0.38235294117647056
2021-04-19T00:00:00.000,9:10,40.599754,-73.750084,0,0,0,0,4059,-7375,0.17777777777777778
2021-04-19T00:00:00.000,14:50,40.725365,-73.89454,0,0,0,0,4072,-7389,0.41379310344827586
2021-04-19T00:00:00.000,18:35,40.688904,-73.980934,1,0,1,1,4068,-7398,0.3873239436619718
2021-04-19T00:00:00.000,6:00,40.825504,-73.886086,1,0,1,1,4082,-7388,0.27624309392265195
2021-04-19T00:00:00.000,21:25,40.7415,-73.97781,0,0,0,0,4074,-7397,0.4810810810810811
2021-04-04T00:00:00.000,1:30,40.791405,-73.93569,5,0,1,1,4079,-7393,0.36585365853658536
2021-04-19T00:00:00.000,8:00,40.593647,-73.78346,0,0,0,0,4059,-7378,0.14705882352941177
2021-04-19T00:00:00.000,12:00,40.81847,-73.9414,0,0,0,0,4081,-7394,0.38
2021-04-19T00:00:00.000,14:47,40.662277,-73.91078,5,0,1,1,4066,-7391,0.3630952380952381
2021-04-19T00:00:00.000,14:22,40.887413,-73.8607,0,0,0,0,4088,-7386,0.23809523809523808
2022-02-19T00:00:00.000,2:28,40.711735,-73.73662,0,0,0,0,4071,-7373,0.25
2021-04-14T00:00:00.000,0:00,40.88895,-73.82884,0,0,0,0,4088,-7382,0.2765957446808511
2021-04-16T00:00:00.000,14:10,40.68949,-73.92207,2,0,1,1,4068,-7392,0.2542372881355932
2021-04-19T00:00:00.000,19:13,40.82289,-73.94208,0,1,2,1,4082,-7394,0.3812154696132597
2021-04-19T00:00:00.000,14:30,40.721344,-73.986755,0,0,0,0,4072,-7398,0.4342105263157895
2021-04-19T00:00:00.000,21:53,40.884182,-73.87899,0,0,0,0,4088,-7387,0.14583333333333334
2021-04-19T00:00:00.000,2:03,40.65477,-74.00708,0,0,0,0,4065,-7400,0.41509433962264153
2021-04-18T00:00:00.000,23:30,40.761425,-73.86053,0,0,0,0,4076,-7386,0.40298507462686567
2021-04-19T00:00:00.000,15:29,40.676598,-73.795944,1,0,1,1,4067,-7379,0.4264705882352941
2021-04-19T00:00:00.000,20:48,40.83394,-73.9087,1,0,1,1,4083,-7390,0.3064516129032258
2021-04-17T00:00:00.000,20:30,40.752052,-74.000984,1,0,1,1,4075,-7400,0.3888888888888889
2021-04-19T00:00:00.000,0:00,40.694557,-73.906555,1,0,1,1,4069,-7390,0.29591836734693877
2021-04-19T00:00:00.000,10:30,40.862392,-73.91802,1,0,1,1,4086,-7391,0.38016528925619836
2021-04-19T00:00:00.000,17:25,40.64466,-74.00507,0,0,0,0,4064,-7400,0.36764705882352944
2021-04-18T00:00:00.000,17:45,40.84597,-73.896545,0,0,0,0,4084,-7389,0.33766233766233766
2021-04-19T00:00:00.000,17:03,40.807556,-73.919235,0,0,0,0,4080,-7391,0.38961038961038963
2021-04-19T00:00:00.000,11:26,40.754986,-73.74535,0,0,0,0,4075,-7374,0.3333333333333333
2021-04-19T00:00:00.000,3:35,40.64495,-73.95186,1,0,1,1,4064,-7395,0.4796747967479675
2021-04-19T00:00:00.000,0:17,40.66453,-73.89545,0,0,0,0,4066,-7389,0.3103448275862069
2021-04-19T00:00:00.000,17:30,40.652317,-73.92752,0,0,0,0,4065,-7392,0.35555555555555557
2021-04-19T00:00:00.000,14:35,40.66696,-73.77078,0,0,0,0,4066,-7377,0.37362637362637363
2021-04-19T00:00:00.000,14:30,40.752228,-73.98385,0,0,0,0,4075,-7398,0.3170731707317073
2021-04-19T00:00:00.000,22:15,40.8685,-73.832596,1,0,1,1,4086,-7383,0.3448275862068966
2021-04-19T00:00:00.000,16:00,40.63812,-74.02476,1,0,1,1,4063,-7402,0.3877551020408163
2021-04-19T00:00:00.000,16:45,40.579803,-73.97184,0,0,0,0,4057,-7397,0.2619047619047619
2021-04-19T00:00:00.000,15:00,40.633457,-73.94773,0,0,0,0,4063,-7394,0.358974358974359
2021-04-19T00:00:00.000,14:00,40.74807,-73.83075,1,0,1,1,4074,-7383,0.4067796610169492
2021-04-11T00:00:00.000,1:35,40.71307,-73.75362,0,0,0,0,4071,-7375,0.3269230769230769
2021-04-19T00:00:00.000,21:10,40.730946,-73.84859,3,0,1,1,4073,-7384,0.2682926829268293
2021-04-16T00:00:00.000,13:23,40.854763,-73.90765,0,0,0,0,4085,-7390,0.42207792207792205
2021-04-16T00:00:00.000,18:00,40.832027,-73.93528,3,0,1,1,4083,-7393,0.3333333333333333
2021-04-19T00:00:00.000,23:45,40.74724,-73.73696,0,0,0,0,4074,-7373,0.4
2023-01-08T00:00:00.000,1:55,40.845325,-73.883156,0,0,0,0,4084,-7388,0.390625
2023-01-14T00:00:00.000,7:10,40.700497,-73.962555,0,0,0,0,4070,-7396,0.3431372549019608
2023-01-14T00:00:00.000,18:00,40.66714,-73.95925,0,0,0,0,4066,-7395,0.44375
2023-01-14T00:00:00.000,21:45,40.743057,-73.87769,0,0,0,0,4074,-7387,0.25663716814159293
2023-01-06T00:00:00.000,17:55,40.870567,-73.83907,1,0,1,1,4087,-7383,0.3333333333333333
2023-01-08T00:00:00.000,11:40,40.745266,-73.85596,0,0,0,0,4074,-7385,0.35526315789473684
2023-01-14T00:00:00.000,14:52,40.710815,-73.77067,0,0,0,0,4071,-7377,0.20967741935483872
2023-01-14T00:00:00.000,0:00,40.835236,-73.88481,0,0,0,0,4083,-7388,0.26717557251908397
2023-01-12T00:00:00.000,11:42,40.667076,-73.78266,0,0,0,0,4066,-7378,0.34615384615384615
2023-01-14T00:00:00.000,5:10,40.644634,-73.92647,0,0,0,0,4064,-7392,0.4077669902912621
2023-01-08T00:00:00.000,17:00,40.89087,-73.8597,0,0,0,0,4089,-7385,0.3813559322033898
2023-01-14T00:00:00.000,11:50,40.67509,-73.89187,0,0,0,0,4067,-7389,0.33852140077821014
2023-01-14T00:00:00.000,11:20,40.66569,-73.98259,1,0,1,1,4066,-7398,0.421875
2023-01-14T00:00:00.000,22:00,40.887375,-73.85055,0,0,0,0,4088,-7385,0.36619718309859156
2023-01-14T00:00:00.000,0:00,40.87921,-73.862625,0,0,0,0,4087,-7386,0.3142857142857143
2023-01-14T00:00:00.000,23:30,40.687325,-73.83525,0,0,0,0,4068,-7383,0.45454545454545453
2023-01-14T00:00:00.000,17:00,40.615345,-74.10419,0,0,0,0,4061,-7410,0.6363636363636364
2023-01-06T00:00:00.000,17:28,40.717278,-73.99544,0,0,0,0,4071,-7399,0.3263157894736842
2023-01-14T00:00:00.000,22:40,40.750763,-73.97445,1,0,1,1,4075,-7397,0.375886524822695
2023-01-14T00:00:00.000,11:00,40.689476,-73.82769,0,0,0,0,4068,-7382,0.41975308641975306
2022-12-26T00:00:00.000,0:00,40.901714,-73.84601,0,0,0,0,4090,-7384,0.28205128205128205
2023-01-14T00:00:00.000,2:40,40.689808,-73.80931,1,0,1,1,4068,-7380,0.3829787234042553
2023-01-12T00:00:00.000,13:04,40.779434,-73.94752,1,0,1,1,4077,-7394,0.28
2023-01-14T00:00:00.000,3:30,40.59351,-73.949234,0,0,0,0,4059,-7394,0.275
2023-01-11T00:00:00.000,21:20,40.844578,-73.902695,0,0,0,0,4084,-7390,0.366120218579235
2023-01-12T00:00:00.000,20:00,40.6603,-73.89407,0,0,0,0,4066,-7389,0.3103448275862069
2021-11-05T00:00:00.000,15:00,40.808956,-73.94041,4,0,1,1,4080,-7394,0.41116751269035534
2021-12-15T00:00:00.000,18:20,40.623825,-73.9737,1,0,1,1,4062,-7397,0.38666666666666666
2021-12-16T00:00:00.000,13:09,40.72261,-73.99242,0,0,0,0,4072,-7399,0.3829787234042553
2021-12-16T00:00:00.000,19:30,40.60457,-73.75355,0,0,0,0,4060,-7375,0.17117117117117117
2021-12-12T00:00:00.000,0:00,40.748913,-73.9374,0,0,0,0,4074,-7393,0.3333333333333333
2021-12-16T00:00:00.000,14:45,40.72903,-73.881775,0,0,0,0,4072,-7388,0.4
2021-12-17T00:00:00.000,8:01,40.59458,-73.7584,0,0,0,0,4059,-7375,0.17777777777777778
2022-02-06T00:00:00.000,22:20,40.661385,-73.8841,0,0,0,0,4066,-7388,0.37012987012987014
2022-02-16T00:00:00.000,16:45,40.751648,-73.95042,0,0,0,0,4075,-7395,0.38095238095238093
2022-02-19T00:00:00.000,14:30,40.7473,-73.828995,1,0,1,1,4074,-7382,0.4057971014492754
2022-02-19T00:00:00.000,17:40,40.75855,-73.82964,0,0,0,0,4075,-7382,0.4915254237288136
2022-02-19T00:00:00.000,8:45,40.824066,-73.908714,1,0,1,1,4082,-7390,0.3025210084033613
2022-02-19T00:00:00.000,14:30,40.71154,-73.83624,0,0,0,0,4071,-7383,0.37349397590361444
2022-02-19T00:00:00.000,4:52,40.831184,-73.913284,0,0,0,0,4083,-7391,0.33714285714285713
2022-02-19T00:00:00.000,18:30,40.704494,-73.81743,0,0,0,0,4070,-7381,0.3194444444444444
2022-02-19T00:00:00.000,4:20,40.86173,-73.91182,1,0,1,1,4086,-7391,0.38016528925619836
2022-02-17T00:00:00.000,14:03,40.623524,-74.083015,1,0,1,1,4062,-7408,0.2
2022-02-19T00:00:00.000,1:28,40.720375,-74.003265,2,0,1,1,4072,-7400,0.32926829268292684
2022-02-19T00:00:00.000,18:02,40.63465,-73.9146,1,0,1,1,4063,-7391,0.5
2023-01-14T00:00:00.000,13:57,40.801006,-73.939354,0,0,0,0,4080,-7393,0.36312849162011174
2023-01-14T00:00:00.000,12:14,40.69169,-73.90585,0,0,0,0,4069,-7390,0.29591836734693877
2023-01-14T00:00:00.000,15:40,40.620914,-73.9753,0,0,0,0,4062,-7397,0.38666666666666666
2022-12-27T00:00:00.000,9:15,40.838844,-73.87817,0,0,0,0,4083,-7387,0.38414634146341464
2023-01-14T00:00:00.000,10:39,40.63361,-74.02362,0,0,0,0,4063,-7402,0.3877551020408163
2021-12-08T00:00:00.000,3:00,40.84274,-73.854485,0,0,0,0,4084,-7385,0.32727272727272727
2021-12-15T00:00:00.000,22:20,40.696663,-73.98085,0,0,0,0,4069,-7398,0.3229166666666667
2021-12-17T00:00:00.000,23:55,40.644073,-73.935394,0,0,0,0,4064,-7393,0.3333333333333333
2021-12-17T00:00:00.000,9:30,40.69756,-73.85275,0,0,0,0,4069,-7385,0.34
2021-12-15T00:00:00.000,21:25,40.69706,-73.91933,1,0,1,1,4069,-7391,0.2709677419354839
2021-11-12T00:00:00.000,11:44,40.69268,-73.93998,0,0,0,0,4069,-7393,0.3141025641025641
2021-12-15T00:00:00.000,2:39,40.788357,-73.97453,1,0,1,1,4078,-7397,0.3434343434343434
2021-12-16T00:00:00.000,17:15,40.75524,-73.97328,0,0,0,0,4075,-7397,0.375886524822695
2021-12-16T00:00:00.000,21:05,40.760365,-73.97377,1,0,1,1,4076,-7397,0.37
2021-12-17T00:00:00.000,1:25,40.643894,-73.93826,0,0,0,0,4064,-7393,0.3333333333333333
2021-12-16T00:00:00.000,13:00,40.66336,-73.95975,0,0,0,0,4066,-7395,0.44375
2021-12-14T00:00:00.000,7:20,40.78517,-73.973145,0,0,0,0,4078,-7397,0.3434343434343434
2021-12-16T00:00:00.000,16:20,40.74424,-73.77618,0,0,0,0,4074,-7377,0.36363636363636365
2021-12-15T00:00:00.000,1:22,40.711777,-73.85928,0,0,0,0,4071,-7385,0.4418604651162791
2021-12-12T00:00:00.000,22:00,40.560104,-74.124405,0,0,0,0,4056,-7412,0.2222222222222222
2021-12-16T00:00:00.000,9:10,40.85711,-73.93561,3,0,1,1,4085,-7393,0.36585365853658536
2021-12-15T00:00:00.000,16:55,40.602303,-73.93566,0,0,0,0,4060,-7393,0.4117647058823529
2021-12-16T00:00:00.000,20:15,40.753468,-73.91355,1,0,1,1,4075,-7391,0.4777777777777778
2021-12-17T00:00:00.000,9:00,40.76465,-73.823494,0,0,0,0,4076,-7382,0.2987012987012987
2021-12-17T00:00:00.000,10:45,40.71373,-74.01385,4,0,1,1,4071,-7401,0.3181818181818182
2021-12-16T00:00:00.000,0:40,40.71824,-74.000725,0,0,0,0,4071,-7400,0.25517241379310346
2021-12-17T00:00:00.000,16:50,40.753986,-73.80769,1,0,1,1,4075,-7380,0.36363636363636365
2021-12-04T00:00:00.000,18:04,40.67495,-73.91475,0,0,0,0,4067,-7391,0.36597938144329895
2021-04-20T00:00:00.000,17:48,40.673943,-73.86393,1,0,1,1,4067,-7386,0.3431372549019608
2021-12-12T00:00:00.000,3:50,40.68917,-73.93628,1,0,1,1,4068,-7393,0.3619047619047619
2021-12-15T00:00:00.000,12:30,40.74613,-73.83605,2,0,1,1,4074,-7383,0.4067796610169492
2021-12-13T00:00:00.000,0:00,40.84706,-73.93818,0,0,0,0,4084,-7393,0.32786885245901637
2021-12-12T00:00:00.000,17:12,40.67781,-73.93027,0,0,0,0,4067,-7393,0.3755868544600939
2021-12-15T00:00:00.000,17:50,40.621735,-73.92719,1,0,1,1,4062,-7392,0.3611111111111111
2021-12-16T00:00:00.000,16:10,40.722122,-74.00977,1,0,1,1,4072,-7400,0.32926829268292684
2021-12-16T00:00:00.000,18:15,40.86832,-73.83317,0,0,0,0,4086,-7383,0.3448275862068966
2021-12-15T00:00:00.000,3:30,40.71122,-73.72827,1,0,1,1,4071,-7372,0.40425531914893614
2021-12-16T00:00:00.000,19:45,40.73939,-73.85478,0,0,0,0,4073,-7385,0.3619047619047619
2021-12-16T00:00:00.000,3:30,40.743793,-73.88472,2,0,1,1,4074,-7388,0.2978723404255319
2021-12-16T00:00:00.000,9:00,40.800617,-73.9465,0,0,0,0,4080,-7394,0.41116751269035534
2021-12-16T00:00:00.000,11:45,40.583057,-73.973114,0,0,0,0,4058,-7397,0.2727272727272727
2021-12-08T00:00:00.000,12:30,40.84619,-73.93846,1,0,1,1,4084,-7393,0.32786885245901637
2021-12-16T00:00:00.000,23:11,40.591045,-73.99207,1,0,1,1,4059,-7399,0.3076923076923077
2021-12-16T00:00:00.000,11:38,40.78257,-73.94522,0,0,0,0,4078,-7394,0.33513513513513515
2021-12-17T00:00:00.000,8:24,40.734795,-73.80115,1,0,1,1,4073,-7380,0.34285714285714286
2021-12-16T00:00:00.000,10:35,40.828686,-73.87799,1,0,1,1,4082,-7387,0.33544303797468356
2021-12-16T00:00:00.000,1:42,40.793816,-73.94012,1,0,1,1,4079,-7394,0.3523809523809524
2021-12-15T00:00:00.000,4:00,40.689735,-73.74729,1,0,1,1,4068,-7374,0.29411764705882354
2021-12-16T00:00:00.000,15:30,40.76705,-73.887184,2,0,1,1,4076,-7388,0.43283582089552236
2021-12-16T00:00:00.000,17:55,40.75866,-73.876465,1,0,1,1,4075,-7387,0.33884297520661155
2021-12-15T00:00:00.000,4:00,40.73007,-73.80718,0,0,0,0,4073,-7380,0.34285714285714286
2021-12-16T00:00:00.000,13:50,40.786446,-73.81924,0,0,0,0,4078,-7381,0.22580645161290322
2021-12-17T00:00:00.000,10:30,40.593987,-74.07684,0,0,0,0,4059,-7407,0.23076923076923078
2021-12-15T00:00:00.000,11:03,40.62444,-73.92748,2,0,1,1,4062,-7392,0.3611111111111111
2021-12-16T00:00:00.000,0:00,40.758533,-73.98885,0,0,0,0,4075,-7398,0.3170731707317073
2021-12-01T00:00:00.000,3:35,40.838757,-73.882904,0,0,0,0,4083,-7388,0.26717557251908397
2021-12-17T00:00:00.000,8:50,40.58516,-73.9874,1,0,1,1,4058,-7398,0.4
2021-12-02T00:00:00.000,17:15,40.76275,-73.99692,0,0,0,0,4076,-7399,0.3275862068965517
2021-11-12T00:00:00.000,12:30,40.821342,-73.94045,0,0,0,0,4082,-7394,0.3812154696132597
2021-12-17T00:00:00.000,7:50,40.702084,-73.88966,0,0,0,0,4070,-7388,0.3448275862068966
2021-12-17T00:00:00.000,17:19,40.895374,-73.86356,0,0,0,0,4089,-7386,0.28205128205128205
2021-12-11T00:00:00.000,3:51,40.88955,-73.84524,1,0,1,1,4088,-7384,0.4153846153846154
2021-12-16T00:00:00.000,8:20,40.823334,-73.90574,0,0,0,0,4082,-7390,0.3025210084033613
2021-12-15T00:00:00.000,8:44,40.650917,-73.947464,1,0,1,1,4065,-7394,0.43137254901960786
2021-12-07T00:00:00.000,13:52,40.749733,-73.936104,0,0,0,0,4074,-7393,0.3333333333333333
2021-12-15T00:00:00.000,3:00,40.565235,-74.181404,0,0,0,0,4056,-7418,0.2
2021-12-15T00:00:00.000,22:15,40.755203,-73.871,0,0,0,0,4075,-7387,0.33884297520661155
2021-12-16T00:00:00.000,5:00,40.73243,-73.83512,0,0,0,0,4073,-7383,0.36363636363636365
2021-12-15T00:00:00.000,5:44,40.71987,-73.98371,0,0,0,0,4071,-7398,0.39568345323741005
2021-12-09T00:00:00.000,18:42,40.783054,-73.944885,0,0,0,0,4078,-7394,0.33513513513513515
2021-12-16T00:00:00.000,20:00,40.678722,-73.952995,1,0,1,1,4067,-7395,0.3695652173913043
2021-12-17T00:00:00.000,3:26,40.663906,-73.95098,0,0,0,0,4066,-7395,0.44375
2021-12-15T00:00:00.000,10:35,40.74639,-73.977646,0,0,0,0,4074,-7397,0.4810810810810811
2021-12-16T00:00:00.000,20:25,40.753304,-73.912575,1,0,1,1,4075,-7391,0.4777777777777778
2021-12-17T00:00:00.000,5:30,40.656643,-74.00527,0,0,0,0,4065,-7400,0.41509433962264153
2021-12-16T00:00:00.000,21:17,40.85005,-73.91606,1,0,1,1,4085,-7391,0.373134328358209
2021-12-17T00:00:00.000,23:50,40.547924,-74.166954,1,1,2,1,4054,-7416,0.42857142857142855
2021-12-15T00:00:00.000,10:10,40.592815,-73.90808,0,0,0,0,4059,-7390,0.23404255319148937
2021-12-15T00:00:00.000,11:06,40.59449,-73.95728,0,0,0,0,4059,-7395,0.3181818181818182
2021-12-15T00:00:00.000,11:36,40.75691,-73.76768,5,0,1,1,4075,-7376,0.4
2021-12-13T00:00:00.000,12:19,40.64519,-73.948,0,0,0,0,4064,-7394,0.42342342342342343
2021-12-16T00:00:00.000,14:39,40.74456,-73.971375,0,0,0,0,4074,-7397,0.4810810810810811
2021-12-05T00:00:00.000,20:00,40.70793,-74.015564,0,0,0,0,4070,-7401,0.140625
2021-12-15T00:00:00.000,9:15,40.856625,-73.8319,0,0,0,0,4085,-7383,0.25
2021-12-17T00:00:00.000,1:30,40.79715,-73.94902,0,0,0,0,4079,-7394,0.3523809523809524
2021-12-15T00:00:00.000,10:52,40.59455,-73.997574,0,0,0,0,4059,-7399,0.3076923076923077
2021-12-17T00:00:00.000,14:30,40.743683,-73.886955,1,0,1,1,4074,-7388,0.2978723404255319
2021-12-16T00:00:00.000,9:08,40.852955,-73.84316,1,0,1,1,4085,-7384,0.32432432432432434
2021-12-17T00:00:00.000,16:57,40.574986,-73.99962,1,0,1,1,4057,-7399,0.32558139534883723
2021-12-08T00:00:00.000,15:00,40.71081,-73.9684,0,0,0,0,4071,-7396,0.3218390804597701
2021-12-17T00:00:00.000,0:00,40.7805,-73.95196,0,0,0,0,4078,-7395,0.42168674698795183
2021-12-17T00:00:00.000,7:50,40.749596,-73.9873,0,0,0,0,4074,-7398,0.40131578947368424
2021-12-15T00:00:00.000,16:44,40.75979,-73.98793,1,0,1,1,4075,-7398,0.3170731707317073
2021-12-06T00:00:00.000,9:10,40.61384,-73.981445,2,0,1,1,4061,-7398,0.3698630136986301
2021-12-09T00:00:00.000,22:30,40.61281,-73.92229,1,0,1,1,4061,-7392,0.2982456140350877
2021-12-17T00:00:00.000,8:58,40.712296,-73.88953,0,0,0,0,4071,-7388,0.10344827586206896
2021-12-09T00:00:00.000,10:00,40.883457,-73.84532,0,0,0,0,4088,-7384,0.4153846153846154
2021-12-16T00:00:00.000,7:00,40.84506,-73.916855,0,0,0,0,4084,-7391,0.32558139534883723
2021-12-15T00:00:00.000,13:50,40.74508,-73.86438,0,0,0,0,4074,-7386,0.3813559322033898
2021-12-16T00:00:00.000,22:30,40.88955,-73.84524,1,0,1,1,4088,-7384,0.4153846153846154
2021-12-16T00:00:00.000,0:04,40.85533,-73.93332,0,0,0,0,4085,-7393,0.36585365853658536
2021-12-15T00:00:00.000,18:53,40.70703,-73.831665,1,0,1,1,4070,-7383,0.3541666666666667
2021-12-15T00:00:00.000,16:10,40.829456,-73.91121,0,0,0,0,4082,-7391,0.3355263157894737
2021-12-15T00:00:00.000,9:45,40.678722,-73.952995,0,0,0,0,4067,-7395,0.3695652173913043
2021-12-17T00:00:00.000,18:10,40.843903,-73.927284,0,0,0,0,4084,-7392,0.3181818181818182
2021-12-17T00:00:00.000,15:28,40.615704,-73.944756,0,0,0,0,4061,-7394,0.48484848484848486
2021-12-14T00:00:00.000,9:10,40.73699,-73.89896,0,0,0,0,4073,-7389,0.2857142857142857
2021-12-15T00:00:00.000,2:25,40.817596,-73.95319,0,0,0,0,4081,-7395,0.3509933774834437
2021-12-15T00:00:00.000,2:26,40.821804,-73.87664,0,0,0,0,4082,-7387,0.33544303797468356
2021-12-15T00:00:00.000,5:45,40.652927,-73.959335,0,0,0,0,4065,-7395,0.38686131386861317
2021-12-15T00:00:00.000,20:03,40.71694,-74.016304,0,0,0,0,4071,-7401,0.3181818181818182
2021-12-16T00:00:00.000,11:00,40.60247,-73.94425,3,0,1,1,4060,-7394,0.5217391304347826
2021-12-16T00:00:00.000,5:30,40.67431,-73.91739,0,0,0,0,4067,-7391,0.36597938144329895
2021-12-16T00:00:00.000,9:08,40.664013,-73.931564,0,0,0,0,4066,-7393,0.38578680203045684
2021-12-16T00:00:00.000,17:22,40.876476,-73.904495,0,0,0,0,4087,-7390,0.3184713375796178
2021-12-16T00:00:00.000,8:15,40.660828,-73.9227,0,0,0,0,4066,-7392,0.355
2021-12-16T00:00:00.000,23:40,40.81637,-73.83897,1,0,1,1,4081,-7383,0.14285714285714285
2021-12-17T00:00:00.000,22:30,40.75595,-73.88165,0,0,0,0,4075,-7388,0.3402061855670103
2021-12-16T00:00:00.000,20:15,40.65993,-73.891655,1,0,1,1,4065,-7389,0.34965034965034963
2021-12-15T00:00:00.000,21:00,40.6767,-73.795,1,0,1,1,4067,-7379,0.4264705882352941
2021-12-16T00:00:00.000,17:50,40.74233,-73.83764,0,0,0,0,4074,-7383,0.4067796610169492
2021-12-15T00:00:00.000,12:00,40.704937,-74.00707,0,0,0,0,4070,-7400,0.2542372881355932
2021-12-15T00:00:00.000,17:30,40.639053,-73.9213,1,0,1,1,4063,-7392,0.4036697247706422
2021-12-17T00:00:00.000,12:15,40.733734,-73.74068,0,0,0,0,4073,-7374,0.21428571428571427
2021-12-17T00:00:00.000,19:06,40.78722,-73.96793,1,0,1,1,4078,-7396,0.28125
2021-12-15T00:00:00.000,14:20,40.7553,-73.87009,0,0,0,0,4075,-7387,0.33884297520661155
2021-12-14T00:00:00.000,23:13,40.87615,-73.8681,0,0,0,0,4087,-7386,0.3142857142857143
2021-12-14T00:00:00.000,20:00,40.619396,-73.969574,1,0,1,1,4061,-7396,0.30666666666666664
2021-12-16T00:00:00.000,17:00,40.648403,-73.96288,1,0,1,1,4064,-7396,0.4714285714285714
2021-11-19T00:00:00.000,23:34,40.68917,-73.9095,3,0,1,1,4068,-7390,0.4421052631578947
2021-12-15T00:00:00.000,22:35,40.675735,-73.89686,2,0,1,1,4067,-7389,0.33852140077821014
2021-12-14T00:00:00.000,22:05,40.729553,-73.72607,0,0,0,0,4072,-7372,0.3793103448275862
2021-12-15T00:00:00.000,17:00,40.66309,-73.962395,0,0,0,0,4066,-7396,0.4074074074074074
2021-12-16T00:00:00.000,8:25,40.795326,-73.9713,1,0,1,1,4079,-7397,0.24210526315789474
2021-12-16T00:00:00.000,17:39,40.65329,-73.91919,2,0,1,1,4065,-7391,0.425
2021-12-16T00:00:00.000,22:43,40.699177,-73.955376,1,0,1,1,4069,-7395,0.30952380952380953
2021-12-15T00:00:00.000,8:00,40.734978,-73.8614,0,0,0,0,4073,-7386,0.3464566929133858
2021-12-16T00:00:00.000,15:25,40.690163,-73.98711,0,0,0,0,4069,-7398,0.3229166666666667
2021-12-14T00:00:00.000,10:00,40.7389,-73.73378,0,0,0,0,4073,-7373,0.3
2021-12-15T00:00:00.000,12:14,40.812572,-73.950935,0,0,0,0,4081,-7395,0.3509933774834437
2021-12-17T00:00:00.000,12:55,40.64485,-73.911125,1,0,1,1,4064,-7391,0.39805825242718446
2021-12-01T00:00:00.000,18:20,40.84193,-73.88582,1,0,1,1,4084,-7388,0.390625
2021-12-15T00:00:00.000,9:18,40.706734,-73.963356,0,0,0,0,4070,-7396,0.3431372549019608
2021-12-17T00:00:00.000,5:26,40.743427,-73.775475,0,0,0,0,4074,-7377,0.36363636363636365
2021-12-16T00:00:00.000,9:20,40.601322,-73.75788,0,0,0,0,4060,-7375,0.17117117117117117
2021-12-14T00:00:00.000,9:37,40.74854,-73.97315,1,0,1,1,4074,-7397,0.4810810810810811
2021-12-17T00:00:00.000,22:30,40.59124,-73.99402,0,0,0,0,4059,-7399,0.3076923076923077
2021-12-09T00:00:00.000,16:03,40.676937,-73.92183,1,0,1,1,4067,-7392,0.39655172413793105
2021-12-17T00:00:00.000,13:40,40.701378,-73.790085,1,0,1,1,4070,-7379,0.3978494623655914
2021-12-01T00:00:00.000,23:07,40.69529,-73.94339,1,0,1,1,4069,-7394,0.417910447761194
2021-12-16T00:00:00.000,11:59,40.76814,-73.98622,1,0,1,1,4076,-7398,0.3081761006289308
2021-12-15T00:00:00.000,9:20,40.75814,-73.816536,1,0,1,1,4075,-7381,0.35
2021-12-17T00:00:00.000,14:40,40.653564,-73.934494,1,0,1,1,4065,-7393,0.44366197183098594
2021-12-12T00:00:00.000,3:00,40.63186,-73.9444,0,0,0,0,4063,-7394,0.358974358974359
2021-12-14T00:00:00.000,22:28,40.679646,-73.93606,1,0,1,1,4067,-7393,0.3755868544600939
2021-12-16T00:00:00.000,2:25,40.641727,-73.90536,0,0,0,0,4064,-7390,0.4017094017094017
2021-12-17T00:00:00.000,0:00,40.845467,-73.92813,0,0,0,0,4084,-7392,0.3181818181818182
2021-12-17T00:00:00.000,9:15,40.795956,-73.94522,0,0,0,0,4079,-7394,0.3523809523809524
2021-12-15T00:00:00.000,22:49,40.68804,-73.83275,1,0,1,1,4068,-7383,0.45454545454545453
2021-12-15T00:00:00.000,17:30,40.816845,-73.88666,1,0,1,1,4081,-7388,0.25471698113207547
2021-12-15T00:00:00.000,20:30,40.685898,-73.83069,0,0,0,0,4068,-7383,0.45454545454545453
2021-11-27T00:00:00.000,11:30,40.62994,-73.95841,0,0,0,0,4062,-7395,0.4444444444444444
2021-12-17T00:00:00.000,10:45,40.846466,-73.87123,1,0,1,1,4084,-7387,0.48333333333333334
2021-12-15T00:00:00.000,10:05,40.781162,-73.96178,0,0,0,0,4078,-7396,0.28125
2021-12-16T00:00:00.000,19:11,40.71471,-73.75471,1,0,1,1,4071,-7375,0.3269230769230769
2021-12-17T00:00:00.000,12:38,40.757034,-73.87133,1,0,1,1,4075,-7387,0.33884297520661155
2023-01-14T00:00:00.000,7:24,40.836555,-73.87135,0,0,0,0,4083,-7387,0.38414634146341464
2021-12-17T00:00:00.000,18:40,40.75478,-73.97994,0,0,0,0,4075,-7397,0.375886524822695
2021-12-17T00:00:00.000,2:30,40.72772,-73.84914,0,0,0,0,4072,-7384,0.2711864406779661
2021-12-16T00:00:00.000,12:30,40.652767,-73.8863,3,0,1,1,4065,-7388,0.41509433962264153
2021-12-15T00:00:00.000,21:30,40.66645,-73.75764,0,0,0,0,4066,-7375,0.3
2021-12-16T00:00:00.000,9:07,40.73128,-73.92347,2,0,1,1,4073,-7392,0.4444444444444444
2021-12-16T00:00:00.000,6:30,40.673706,-73.90118,1,0,1,1,4067,-7390,0.3282442748091603
2021-12-15T00:00:00.000,14:46,40.744453,-73.92983,0,0,0,0,4074,-7392,0.3709677419354839
2021-12-16T00:00:00.000,14:30,40.66778,-73.996185,0,0,0,0,4066,-7399,0.40540540540540543
2021-12-17T00:00:00.000,6:09,40.79097,-73.953156,0,0,0,0,4079,-7395,0.42
2021-12-15T00:00:00.000,2:20,40.70983,-73.94768,0,0,0,0,4070,-7394,0.3956043956043956
2021-12-15T00:00:00.000,14:38,40.684814,-73.98353,1,0,1,1,4068,-7398,0.3873239436619718
2021-12-15T00:00:00.000,15:00,40.763668,-73.82303,0,0,0,0,4076,-7382,0.2987012987012987
2021-12-16T00:00:00.000,17:04,40.839996,-73.86832,1,0,1,1,4083,-7386,0.24822695035460993
2021-09-13T00:00:00.000,15:36,40.63082,-73.88636,0,0,0,0,4063,-7388,0.3835616438356164
2021-09-13T00:00:00.000,10:30,40.853344,-73.881676,1,0,1,1,4085,-7388,0.3
2021-09-13T00:00:00.000,9:30,40.583057,-73.973114,0,0,0,0,4058,-7397,0.2727272727272727
2021-09-13T00:00:00.000,22:35,40.65945,-73.89847,1,0,1,1,4065,-7389,0.34965034965034963
2021-09-02T00:00:00.000,17:10,40.73883,-73.983154,1,0,1,1,4073,-7398,0.36942675159235666
2021-08-29T00:00:00.000,12:05,40.76389,-73.93824,1,0,1,1,4076,-7393,0.44680851063829785
2021-09-13T00:00:00.000,0:27,40.710815,-73.98326,0,0,0,0,4071,-7398,0.39568345323741005
2021-09-05T00:00:00.000,22:30,40.693523,-73.9522,0,0,0,0,4069,-7395,0.30952380952380953
2021-09-13T00:00:00.000,17:15,40.597023,-73.98815,0,0,0,0,4059,-7398,0.34146341463414637
2021-09-13T00:00:00.000,7:06,40.606018,-73.75124,0,0,0,0,4060,-7375,0.17117117117117117
2021-09-13T00:00:00.000,0:00,40.75448,-73.96756,0,0,0,0,4075,-7396,0.4788732394366197
2021-09-12T00:00:00.000,19:30,40.748436,-73.9962,1,0,1,1,4074,-7399,0.3333333333333333
2021-09-11T00:00:00.000,3:50,40.69657,-73.95844,0,0,0,0,4069,-7395,0.30952380952380953
2021-09-13T00:00:00.000,6:43,40.863705,-73.87207,0,0,0,0,4086,-7387,0.34545454545454546
2021-09-13T00:00:00.000,21:53,40.68576,-73.915504,1,0,1,1,4068,-7391,0.344
2021-09-11T00:00:00.000,6:46,40.691097,-73.92296,0,0,0,0,4069,-7392,0.3584905660377358
2021-09-13T00:00:00.000,13:38,40.661972,-73.979065,0,0,0,0,4066,-7397,0.24390243902439024
2021-09-13T00:00:00.000,7:25,40.71552,-74.00925,1,0,1,1,4071,-7400,0.25517241379310346
2021-09-13T00:00:00.000,21:00,40.76846,-73.737465,1,0,1,1,4076,-7373,0.42857142857142855
2021-12-15T00:00:00.000,8:35,40.780434,-73.9616,1,0,1,1,4078,-7396,0.28125
2021-09-13T00:00:00.000,22:00,40.717396,-73.79637,0,0,0,0,4071,-7379,0.3888888888888889
2021-09-13T00:00:00.000,8:44,40.613594,-73.9532,0,0,0,0,4061,-7395,0.4461538461538462
2021-09-13T00:00:00.000,5:11,40.696297,-73.97716,0,0,0,0,4069,-7397,0.3253012048192771
2021-09-13T00:00:00.000,21:09,40.818798,-73.89213,1,0,1,1,4081,-7389,0.31543624161073824
2021-09-13T00:00:00.000,16:05,40.663258,-73.94416,0,0,0,0,4066,-7394,0.36792452830188677
2021-09-13T00:00:00.000,10:12,40.874615,-73.90472,1,0,1,1,4087,-7390,0.3184713375796178
2021-09-13T00:00:00.000,11:13,40.767647,-73.92078,1,0,1,1,4076,-7392,0.42105263157894735
2021-09-10T00:00:00.000,12:20,40.67495,-73.97515,0,0,0,0,4067,-7397,0.2818181818181818
2021-09-13T00:00:00.000,17:20,40.702564,-73.790565,0,0,0,0,4070,-7379,0.3978494623655914
2021-09-13T00:00:00.000,14:17,40.68237,-73.864105,1,0,1,1,4068,-7386,0.423728813559322
2021-09-13T00:00:00.000,11:05,40.638386,-73.887054,0,0,0,0,4063,-7388,0.3835616438356164
2021-09-11T00:00:00.000,15:55,40.74321,-74.00862,0,0,0,0,4074,-7400,0.27710843373493976
2021-09-13T00:00:00.000,10:15,40.689495,-73.75283,0,0,0,0,4068,-7375,0.3877551020408163
2021-09-13T00:00:00.000,8:50,40.740562,-73.79728,0,0,0,0,4074,-7379,0.1
2021-09-13T00:00:00.000,14:57,40.8389,-73.912384,0,0,0,0,4083,-7391,0.33714285714285713
2021-09-13T00:00:00.000,8:00,40.895374,-73.86356,0,0,0,0,4089,-7386,0.28205128205128205
2021-09-13T00:00:00.000,18:20,40.666294,-73.80267,1,0,1,1,4066,-7380,0.40789473684210525
2021-09-13T00:00:00.000,22:02,40.577244,-74.00004,0,0,0,0,4057,-7400,0.3157894736842105
2021-09-13T00:00:00.000,22:57,40.62374,-73.92448,0,0,0,0,4062,-7392,0.3611111111111111
2021-09-13T00:00:00.000,5:50,40.73093,-73.864586,0,0,0,0,4073,-7386,0.3464566929133858
2021-09-13T00:00:00.000,10:55,40.72516,-73.9466,0,0,0,0,4072,-7394,0.19801980198019803
2021-09-13T00:00:00.000,4:12,40.60972,-74.1651,0,0,0,0,4060,-7416,0.42857142857142855
2021-09-13T00:00:00.000,6:40,40.76485,-73.88612,1,0,1,1,4076,-7388,0.43283582089552236
2021-09-13T00:00:00.000,19:45,40.667114,-73.834656,0,0,0,0,4066,-7383,0.5
2021-09-13T00:00:00.000,15:05,40.66647,-73.882515,0,0,0,0,4066,-7388,0.37012987012987014
2021-09-11T00:00:00.000,16:35,40.60981,-73.92251,1,0,1,1,4060,-7392,0.3333333333333333
2021-09-13T00:00:00.000,10:19,40.761486,-73.96061,0,0,0,0,4076,-7396,0.3023255813953488
2021-09-13T00:00:00.000,9:30,40.7614,-73.91149,0,0,0,0,4076,-7391,0.40476190476190477
2021-09-13T00:00:00.000,15:00,40.76289,-73.73384,0,0,0,0,4076,-7373,0.42857142857142855
2021-09-12T00:00:00.000,17:15,40.665916,-73.92547,1,0,1,1,4066,-7392,0.355
2021-12-17T00:00:00.000,22:17,40.845566,-73.92849,0,0,0,0,4084,-7392,0.3181818181818182
2021-04-17T00:00:00.000,20:27,40.820972,-73.892845,2,0,1,1,4082,-7389,0.37423312883435583
2021-09-13T00:00:00.000,13:00,40.700912,-73.94116,1,0,1,1,4070,-7394,0.3956043956043956
2021-04-19T00:00:00.000,16:30,40.73752,-73.95276,0,0,0,0,4073,-7395,0.30434782608695654
2021-04-16T00:00:00.000,16:00,40.72568,-73.85728,0,0,0,0,4072,-7385,0.4418604651162791
2021-04-20T00:00:00.000,21:57,40.72084,-73.8104,1,0,1,1,4072,-7381,0.2926829268292683
2021-09-10T00:00:00.000,21:55,40.75702,-74.00494,1,0,1,1,4075,-7400,0.3888888888888889
2021-09-13T00:00:00.000,9:30,40.578938,-73.98522,0,0,0,0,4057,-7398,0.36904761904761907
2021-09-13T00:00:00.000,13:00,40.73768,-73.897736,0,0,0,0,4073,-7389,0.2857142857142857
2021-09-13T00:00:00.000,12:24,40.640568,-74.118,1,0,1,1,4064,-7411,0.42857142857142855
2021-09-13T00:00:00.000,9:10,40.66937,-73.89523,1,0,1,1,4066,-7389,0.3103448275862069
2021-09-09T00:00:00.000,12:29,40.58124,-74.09845,1,0,1,1,4058,-7409,0.15625
2021-09-13T00:00:00.000,19:20,40.730194,-73.887566,1,0,1,1,4073,-7388,0.2777777777777778
2021-09-13T00:00:00.000,21:10,40.66706,-73.7392,0,0,0,0,4066,-7373,0.44339622641509435
2021-09-09T00:00:00.000,15:15,40.72995,-73.98841,0,0,0,0,4072,-7398,0.4342105263157895
2021-09-13T00:00:00.000,17:05,40.697117,-73.93401,0,0,0,0,4069,-7393,0.3141025641025641
2021-09-08T00:00:00.000,17:50,40.678318,-73.94693,1,0,1,1,4067,-7394,0.34074074074074073
2021-09-13T00:00:00.000,15:00,40.646923,-73.92019,1,0,1,1,4064,-7392,0.4077669902912621
2021-09-12T00:00:00.000,2:10,40.743484,-73.89908,0,0,0,0,4074,-7389,0.3203125
2021-09-13T00:00:00.000,21:20,40.695282,-73.84114,0,0,0,0,4069,-7384,0.26666666666666666
2021-09-13T00:00:00.000,19:30,40.677578,-73.88602,0,0,0,0,4067,-7388,0.30434782608695654
2021-09-13T00:00:00.000,15:30,40.740467,-73.97295,0,0,0,0,4074,-7397,0.4810810810810811
2021-09-13T00:00:00.000,0:00,40.77712,-73.96395,0,0,0,0,4077,-7396,0.3695652173913043
2021-09-13T00:00:00.000,13:27,40.671597,-73.88018,2,0,1,1,4067,-7388,0.30434782608695654
2021-04-20T00:00:00.000,17:00,40.74223,-73.928375,0,0,0,0,4074,-7392,0.3709677419354839
2021-04-20T00:00:00.000,19:45,40.683098,-73.78432,0,0,0,0,4068,-7378,0.3384615384615385
2021-04-20T00:00:00.000,18:50,40.819683,-73.90436,0,0,0,0,4081,-7390,0.3888888888888889
2021-04-15T00:00:00.000,17:05,40.655834,-73.98123,1,0,1,1,4065,-7398,0.2222222222222222
2021-04-20T00:00:00.000,11:00,40.631546,-73.995766,0,0,0,0,4063,-7399,0.47692307692307695
2021-03-25T00:00:00.000,10:30,40.823383,-73.91834,0,0,0,0,4082,-7391,0.3355263157894737
2021-04-20T00:00:00.000,0:24,40.688503,-73.96337,0,0,0,0,4068,-7396,0.42567567567567566
2021-04-20T00:00:00.000,23:25,40.760254,-73.83493,1,0,1,1,4076,-7383,0.33695652173913043
2021-04-20T00:00:00.000,18:25,40.748436,-73.984566,1,0,1,1,4074,-7398,0.40131578947368424
2021-04-20T00:00:00.000,18:25,40.80321,-73.91892,1,0,1,1,4080,-7391,0.38961038961038963
2021-04-19T00:00:00.000,15:51,40.70313,-73.816795,0,0,0,0,4070,-7381,0.3194444444444444
2021-04-13T00:00:00.000,15:20,40.541298,-74.20424,4,0,1,1,4054,-7420,0.5555555555555556
2021-04-20T00:00:00.000,7:15,40.595444,-73.779045,3,0,1,1,4059,-7377,0.2692307692307692
2021-04-20T00:00:00.000,11:25,40.832966,-73.90294,0,0,0,0,4083,-7390,0.3064516129032258
2021-04-16T00:00:00.000,18:00,40.620964,-73.97767,0,0,0,0,4062,-7397,0.38666666666666666
2021-04-20T00:00:00.000,19:20,40.69504,-73.90109,0,0,0,0,4069,-7390,0.29591836734693877
2021-04-20T00:00:00.000,22:20,40.762524,-73.865555,2,0,1,1,4076,-7386,0.40298507462686567
2021-04-20T00:00:00.000,8:45,40.575024,-74.1183,1,0,1,1,4057,-7411,0.37142857142857144
2021-04-20T00:00:00.000,13:15,40.78322,-73.84586,0,0,0,0,4078,-7384,0.23809523809523808
2021-04-20T00:00:00.000,17:47,40.824085,-73.874344,2,0,1,1,4082,-7387,0.33544303797468356
2021-04-20T00:00:00.000,16:24,40.89507,-73.85445,0,0,0,0,4089,-7385,0.3813559322033898
2021-04-20T00:00:00.000,14:00,40.67612,-73.91651,0,0,0,0,4067,-7391,0.36597938144329895
2021-04-20T00:00:00.000,8:29,40.592678,-74.07598,2,0,1,1,4059,-7407,0.23076923076923078
2021-04-14T00:00:00.000,21:31,40.80134,-73.94805,0,0,0,0,4080,-7394,0.41116751269035534
2021-04-12T00:00:00.000,14:52,40.679737,-73.76162,0,0,0,0,4067,-7376,0.23076923076923078
2021-03-27T00:00:00.000,18:46,40.753937,-73.8603,0,0,0,0,4075,-7386,0.33653846153846156
2021-04-20T00:00:00.000,10:26,40.6915,-73.90956,0,0,0,0,4069,-7390,0.29591836734693877
2021-04-20T00:00:00.000,12:30,40.557266,-74.1258,0,0,0,0,4055,-7412,0.75
2021-04-19T00:00:00.000,16:30,40.625984,-74.14859,0,0,0,0,4062,-7414,0.20408163265306123
2021-04-20T00:00:00.000,7:20,40.725147,-73.86971,2,0,1,1,4072,-7386,0.42424242424242425
2021-04-20T00:00:00.000,2:55,40.81014,-73.93503,0,0,0,0,4081,-7393,0.32432432432432434
2021-04-20T00:00:00.000,15:30,40.65473,-73.90692,0,0,0,0,4065,-7390,0.375
2021-04-20T00:00:00.000,17:41,40.763596,-73.95788,0,0,0,0,4076,-7395,0.3696969696969697
2021-04-20T00:00:00.000,16:00,40.74529,-73.97713,1,0,1,1,4074,-7397,0.4810810810810811
2021-04-20T00:00:00.000,18:44,40.630295,-73.94745,0,0,0,0,4063,-7394,0.358974358974359
2021-04-20T00:00:00.000,13:20,40.66423,-73.919106,2,0,1,1,4066,-7391,0.3630952380952381
2021-04-20T00:00:00.000,9:15,40.678032,-73.82302,2,0,1,1,4067,-7382,0.4186046511627907
2021-04-20T00:00:00.000,12:06,40.603832,-74.06895,1,0,1,1,4060,-7406,0.3076923076923077
2021-04-20T00:00:00.000,17:30,40.647587,-74.006905,1,0,1,1,4064,-7400,0.36764705882352944
2021-04-14T00:00:00.000,12:00,40.805836,-73.94691,0,0,0,0,4080,-7394,0.41116751269035534
2021-04-20T00:00:00.000,10:26,40.779922,-73.98068,0,0,0,0,4077,-7398,0.38028169014084506
2021-04-20T00:00:00.000,9:15,40.865963,-73.92986,0,0,0,0,4086,-7392,0.359375
2021-04-16T00:00:00.000,13:38,40.834324,-73.919914,0,0,0,0,4083,-7391,0.33714285714285713
2021-04-20T00:00:00.000,15:23,40.806335,-73.95588,2,0,1,1,4080,-7395,0.381294964028777
2021-04-20T00:00:00.000,13:41,40.78918,-73.83817,0,0,0,0,4078,-7383,0.2727272727272727
2021-04-20T00:00:00.000,21:50,40.61483,-73.99838,0,0,0,0,4061,-7399,0.29411764705882354
2021-04-20T00:00:00.000,8:00,40.701576,-74.01215,0,0,0,0,4070,-7401,0.140625
2021-04-19T00:00:00.000,19:01,40.847614,-73.887794,0,0,0,0,4084,-7388,0.390625
2021-04-20T00:00:00.000,10:20,40.844246,-73.93372,0,0,0,0,4084,-7393,0.32786885245901637
2021-04-20T00:00:00.000,10:28,40.716442,-73.98837,0,0,0,0,4071,-7398,0.39568345323741005
2021-04-20T00:00:00.000,19:00,40.6101,-74.11668,0,0,0,0,4061,-7411,0.36
2021-04-20T00:00:00.000,18:25,40.855324,-73.89617,1,0,1,1,4085,-7389,0.3353658536585366
2021-04-11T00:00:00.000,14:50,40.778606,-73.98163,1,0,1,1,4077,-7398,0.38028169014084506
2021-04-20T00:00:00.000,0:45,40.646362,-74.08644,0,0,0,0,4064,-7408,0.2894736842105263
2021-04-19T00:00:00.000,11:36,40.62521,-73.9804,0,0,0,0,4062,-7398,0.38
2021-04-20T00:00:00.000,0:00,40.74571,-73.878204,0,0,0,0,4074,-7387,0.25663716814159293
2021-04-20T00:00:00.000,14:30,40.603783,-73.74558,2,0,1,1,4060,-7374,0.15789473684210525
2021-04-20T00:00:00.000,16:45,40.68993,-73.98148,0,0,0,0,4068,-7398,0.3873239436619718
2021-04-19T00:00:00.000,11:21,40.752598,-73.96702,1,0,1,1,4075,-7396,0.4788732394366197
2021-04-20T00:00:00.000,17:20,40.67198,-73.88641,0,0,0,0,4067,-7388,0.30434782608695654
2021-04-20T00:00:00.000,7:20,40.68481,-73.99177,1,0,1,1,4068,-7399,0.17857142857142858
2021-03-23T00:00:00.000,8:20,40.807842,-73.955574,0,0,0,0,4080,-7395,0.381294964028777
2021-04-20T00:00:00.000,3:45,40.828316,-73.93118,5,0,1,1,4082,-7393,0.36645962732919257
2021-04-20T00:00:00.000,22:00,40.641407,-73.91229,1,0,1,1,4064,-7391,0.39805825242718446
2021-04-20T00:00:00.000,0:27,40.835384,-73.93096,1,0,1,1,4083,-7393,0.3333333333333333
2021-04-20T00:00:00.000,0:40,40.85288,-73.92025,0,0,0,0,4085,-7392,0.22
2021-04-19T00:00:00.000,21:35,40.858788,-73.92291,0,0,0,0,4085,-7392,0.22
2021-04-20T00:00:00.000,0:45,40.74206,-73.82453,2,0,1,1,4074,-7382,0.4057971014492754
2021-04-20T00:00:00.000,11:00,40.869335,-73.8255,0,0,0,0,4086,-7382,0.3611111111111111
2021-04-16T00:00:00.000,11:30,40.532604,-74.19051,0,0,0,0,4053,-7419,0.2857142857142857
2021-04-20T00:00:00.000,15:30,40.848625,-73.92753,0,0,0,0,4084,-7392,0.3181818181818182
2021-04-20T00:00:00.000,15:00,40.692207,-73.75439,0,0,0,0,4069,-7375,0.3584905660377358
2021-04-20T00:00:00.000,15:33,40.69158,-73.79319,0,0,0,0,4069,-7379,0.25925925925925924
2021-03-27T00:00:00.000,16:29,40.799713,-73.95595,0,0,0,0,4079,-7395,0.42
2021-04-10T00:00:00.000,14:55,40.83639,-73.91588,0,0,0,0,4083,-7391,0.33714285714285713
2021-04-20T00:00:00.000,1:50,40.681175,-73.87363,0,0,0,0,4068,-7387,0.24719101123595505
2021-03-31T00:00:00.000,0:23,40.770054,-73.914406,0,0,0,0,4077,-7391,0.3157894736842105
2021-04-20T00:00:00.000,18:47,40.826275,-73.907814,0,0,0,0,4082,-7390,0.3025210084033613
2021-04-16T00:00:00.000,8:42,40.700123,-73.90622,1,0,1,1,4070,-7390,0.37894736842105264
2021-04-20T00:00:00.000,1:30,40.774807,-73.98442,0,0,0,0,4077,-7398,0.38028169014084506
2021-04-20T00:00:00.000,10:00,40.804905,-73.91883,0,0,0,0,4080,-7391,0.38961038961038963
2021-04-09T00:00:00.000,10:30,40.614227,-73.99901,0,0,0,0,4061,-7399,0.29411764705882354
2021-04-20T00:00:00.000,14:10,40.703342,-73.80021,0,0,0,0,4070,-7380,0.3877551020408163
2021-04-19T00:00:00.000,18:00,40.84428,-73.88886,1,0,1,1,4084,-7388,0.390625
2021-04-20T00:00:00.000,0:00,40.86923,-73.89604,1,0,1,1,4086,-7389,0.40606060606060607
2021-04-20T00:00:00.000,11:00,40.847065,-73.8916,0,0,0,0,4084,-7389,0.33766233766233766
2021-04-20T00:00:00.000,23:48,40.809525,-73.93789,0,0,0,0,4080,-7393,0.36312849162011174
2021-03-24T00:00:00.000,1:15,0.0,0.0,1,0,1,1,0,0,0.40425531914893614
2021-04-20T00:00:00.000,19:35,40.665154,-73.82774,0,0,0,0,4066,-7382,0.43103448275862066
2021-04-19T00:00:00.000,14:40,40.683567,-73.864204,0,0,0,0,4068,-7386,0.423728813559322
2021-04-20T00:00:00.000,9:39,40.819244,-73.891365,0,0,0,0,4081,-7389,0.31543624161073824
2021-04-20T00:00:00.000,23:30,40.728043,-73.8301,0,0,0,0,4072,-7383,0.4909090909090909
2021-04-20T00:00:00.000,8:47,40.747974,-73.75999,0,0,0,0,4074,-7375,0.16666666666666666
2021-04-20T00:00:00.000,11:15,40.644337,-74.00754,2,0,1,1,4064,-7400,0.36764705882352944
2021-04-16T00:00:00.000,8:40,40.833916,-73.92702,1,0,1,1,4083,-7392,0.310126582278481
2021-04-20T00:00:00.000,16:00,40.86676,-73.920616,1,0,1,1,4086,-7392,0.359375
2021-04-20T00:00:00.000,15:00,40.859444,-73.915985,0,0,0,0,4085,-7391,0.373134328358209
2021-04-20T00:00:00.000,17:36,40.660374,-73.83152,1,0,1,1,4066,-7383,0.5
2021-04-19T00:00:00.000,8:03,40.712994,-73.98853,0,0,0,0,4071,-7398,0.39568345323741005
2021-04-20T00:00:00.000,10:20,40.680237,-73.75084,0,0,0,0,4068,-7375,0.3877551020408163
2021-04-20T00:00:00.000,13:04,40.808407,-73.95248,0,0,0,0,4080,-7395,0.381294964028777
2021-04-19T00:00:00.000,8:50,40.84726,-73.935234,0,0,0,0,4084,-7393,0.32786885245901637
2021-04-14T00:00:00.000,16:00,40.614326,-73.98987,0,0,0,0,4061,-7398,0.3698630136986301
2021-04-20T00:00:00.000,16:19,40.640823,-73.96531,1,0,1,1,4064,-7396,0.4714285714285714
2021-04-20T00:00:00.000,8:30,40.563164,-74.115105,0,0,0,0,4056,-7411,0.3448275862068966
2021-04-20T00:00:00.000,15:50,40.73639,-73.90972,0,0,0,0,4073,-7390,0.42424242424242425
2021-09-13T00:00:00.000,16:54,40.838196,-73.901184,0,0,0,0,4083,-7390,0.3064516129032258
2021-04-20T00:00:00.000,11:58,40.706673,-73.95443,1,0,1,1,4070,-7395,0.3475177304964539
2021-04-20T00:00:00.000,16:30,40.616783,-73.89716,4,0,1,1,4061,-7389,0.45454545454545453
2021-04-20T00:00:00.000,13:52,40.77592,-73.95317,0,0,0,0,4077,-7395,0.3384615384615385
2021-04-20T00:00:00.000,11:49,40.69246,-73.726875,1,0,1,1,4069,-7372,0.40425531914893614
2021-04-02T00:00:00.000,19:17,40.89316,-73.852425,1,0,1,1,4089,-7385,0.3813559322033898
2021-04-20T00:00:00.000,12:40,40.74445,-73.97304,1,0,1,1,4074,-7397,0.4810810810810811
2021-04-20T00:00:00.000,20:20,40.83516,-73.94561,0,0,0,0,4083,-7394,0.38926174496644295
2021-04-20T00:00:00.000,16:39,40.669857,-73.95051,1,0,1,1,4066,-7395,0.44375
2021-04-20T00:00:00.000,13:00,40.635933,-74.07585,0,0,0,0,4063,-7407,0.4444444444444444
2021-04-20T00:00:00.000,15:15,40.691,-73.989334,0,0,0,0,4069,-7398,0.3229166666666667
2021-04-20T00:00:00.000,14:20,40.577168,-74.11804,0,0,0,0,4057,-7411,0.37142857142857144
2021-04-20T00:00:00.000,9:22,40.768486,-73.96362,1,0,1,1,4076,-7396,0.3023255813953488
2021-04-20T00:00:00.000,19:25,40.603783,-73.74558,0,0,0,0,4060,-7374,0.15789473684210525
2021-04-20T00:00:00.000,11:00,40.604107,-73.942604,0,0,0,0,4060,-7394,0.5217391304347826
2021-04-20T00:00:00.000,8:30,40.777023,-73.77554,1,0,1,1,4077,-7377,0.25
2021-04-20T00:00:00.000,4:30,40.8396,-73.929474,0,0,0,0,4083,-7392,0.310126582278481
2021-04-15T00:00:00.000,21:29,40.84065,-73.91902,0,0,0,0,4084,-7391,0.32558139534883723
2021-04-20T00:00:00.000,7:35,40.738415,-73.84899,0,0,0,0,4073,-7384,0.2682926829268293
2021-04-15T00:00:00.000,19:51,40.63867,-73.97182,1,0,1,1,4063,-7397,0.36893203883495146
2021-04-20T00:00:00.000,0:10,40.682194,-74.00239,1,0,1,1,4068,-7400,0.3333333333333333
2021-04-18T00:00:00.000,10:00,40.850193,-73.88624,0,0,0,0,4085,-7388,0.3
2021-04-20T00:00:00.000,20:10,40.70456,-73.856735,0,0,0,0,4070,-7385,0.39436619718309857
2021-04-14T00:00:00.000,12:45,40.56186,-74.1766,0,0,0,0,4056,-7417,0.5
2021-03-21T00:00:00.000,3:45,40.808407,-73.95248,3,0,1,1,4080,-7395,0.381294964028777
2021-04-20T00:00:00.000,16:10,40.579174,-74.11483,2,0,1,1,4057,-7411,0.37142857142857144
2021-04-20T00:00:00.000,10:13,40.82843,-73.88105,0,0,0,0,4082,-7388,0.27624309392265195
2021-04-20T00:00:00.000,13:50,40.64208,-73.91967,4,0,1,1,4064,-7391,0.39805825242718446
2021-04-20T00:00:00.000,15:36,40.80777,-73.94549,2,0,1,1,4080,-7394,0.41116751269035534
2021-04-20T00:00:00.000,8:38,40.62965,-73.990555,0,0,0,0,4062,-7399,0.3835616438356164
2021-09-13T00:00:00.000,19:15,40.67826,-73.897934,0,0,0,0,4067,-7389,0.33852140077821014
2021-04-20T00:00:00.000,23:10,40.67567,-73.89785,1,0,1,1,4067,-7389,0.33852140077821014
2021-04-20T00:00:00.000,13:55,40.65277,-73.93051,1,0,1,1,4065,-7393,0.44366197183098594
2021-03-23T00:00:00.000,17:15,0.0,0.0,1,0,1,1,0,0,0.40425531914893614
2021-04-20T00:00:00.000,7:20,40.755222,-73.96135,0,0,0,0,4075,-7396,0.4788732394366197
2021-04-20T00:00:00.000,13:30,40.715473,-73.95185,0,0,0,0,4071,-7395,0.36585365853658536
2021-04-20T00:00:00.000,13:00,40.871605,-73.84246,0,0,0,0,4087,-7384,0.47297297297297297
2021-04-20T00:00:00.000,14:25,40.70379,-73.8846,1,0,1,1,4070,-7388,0.3448275862068966
2021-04-20T00:00:00.000,9:15,40.76706,-73.91906,0,0,0,0,4076,-7391,0.40476190476190477
2021-04-20T00:00:00.000,12:40,40.71652,-73.774254,1,0,1,1,4071,-7377,0.20967741935483872
2021-04-20T00:00:00.000,16:04,40.80119,-73.95569,0,0,0,0,4080,-7395,0.381294964028777
2021-03-22T00:00:00.000,9:00,40.806705,-73.952866,1,0,1,1,4080,-7395,0.381294964028777
2021-04-20T00:00:00.000,14:32,40.663544,-73.86949,0,0,0,0,4066,-7386,0.35
2021-04-20T00:00:00.000,10:30,40.69467,-73.93115,0,0,0,0,4069,-7393,0.3141025641025641
2021-04-20T00:00:00.000,18:40,40.804523,-73.95158,0,0,0,0,4080,-7395,0.381294964028777
2021-04-20T00:00:00.000,13:01,40.782463,-73.97883,1,0,1,1,4078,-7397,0.3434343434343434
2021-04-14T00:00:00.000,21:51,40.84653,-73.8913,0,0,0,0,4084,-7389,0.33766233766233766
2021-04-20T00:00:00.000,11:00,40.795963,-73.97084,0,0,0,0,4079,-7397,0.24210526315789474
2021-04-20T00:00:00.000,20:20,40.622635,-74.16081,0,0,0,0,4062,-7416,0.24444444444444444
2021-04-20T00:00:00.000,15:07,40.68348,-73.966896,1,0,1,1,4068,-7396,0.42567567567567566
2021-04-20T00:00:00.000,17:00,40.8556,-73.88515,0,0,0,0,4085,-7388,0.3
2021-04-20T00:00:00.000,16:45,40.625828,-73.99095,0,0,0,0,4062,-7399,0.3835616438356164
2021-04-20T00:00:00.000,18:35,40.60548,-73.999725,1,0,1,1,4060,-7399,0.31683168316831684
2021-04-16T00:00:00.000,0:00,40.843002,-73.90359,0,0,0,0,4084,-7390,0.366120218579235
2021-04-20T00:00:00.000,22:55,40.85588,-73.88428,1,0,1,1,4085,-7388,0.3
2021-04-20T00:00:00.000,17:50,40.746143,-73.82718,0,0,0,0,4074,-7382,0.4057971014492754
2021-09-13T00:00:00.000,1:10,40.7811,-73.77,5,0,1,1,4078,-7377,0.5384615384615384
2021-04-20T00:00:00.000,9:00,40.582912,-73.97458,2,0,1,1,4058,-7397,0.2727272727272727
2021-04-20T00:00:00.000,22:30,40.755184,-74.0006,0,0,0,0,4075,-7400,0.3888888888888889
2021-04-20T00:00:00.000,8:15,40.86033,-73.898285,1,0,1,1,4086,-7389,0.40606060606060607
2021-04-20T00:00:00.000,18:20,40.694916,-73.83221,0,0,0,0,4069,-7383,0.35555555555555557
2021-04-20T00:00:00.000,16:55,40.71582,-73.81759,1,0,1,1,4071,-7381,0.3448275862068966
2021-04-15T00:00:00.000,19:00,40.84065,-73.91902,0,0,0,0,4084,-7391,0.32558139534883723
2021-04-20T00:00:00.000,9:20,40.58624,-73.8132,0,0,0,0,4058,-7381,0.1875
2021-09-12T00:00:00.000,16:55,40.75834,-73.996414,0,0,0,0,4075,-7399,0.2830188679245283
2021-04-20T00:00:00.000,16:45,40.637894,-73.99989,0,0,0,0,4063,-7399,0.47692307692307695
2021-04-20T00:00:00.000,12:20,40.785095,-73.97691,0,0,0,0,4078,-7397,0.3434343434343434
2021-04-20T00:00:00.000,9:40,40.84744,-73.89968,0,0,0,0,4084,-7389,0.33766233766233766
2021-04-20T00:00:00.000,15:29,40.80786,-73.93182,1,0,1,1,4080,-7393,0.36312849162011174
2021-04-16T00:00:00.000,9:00,40.739834,-73.86715,0,0,0,0,4073,-7386,0.3464566929133858
2021-09-13T00:00:00.000,20:10,40.70003,-73.78873,1,0,1,1,4070,-7378,0.34523809523809523
2021-04-20T00:00:00.000,16:23,40.814266,-73.912964,0,0,0,0,4081,-7391,0.47244094488188976
2021-04-13T00:00:00.000,6:17,40.786484,-73.97218,0,0,0,0,4078,-7397,0.3434343434343434
2021-04-20T00:00:00.000,23:25,40.594616,-73.99743,4,0,1,1,4059,-7399,0.3076923076923077
2021-04-20T00:00:00.000,21:40,40.69168,-73.999344,2,0,1,1,4069,-7399,0.29473684210526313
2021-04-20T00:00:00.000,8:48,40.642548,-74.016655,1,0,1,1,4064,-7401,0.4295774647887324
2021-04-20T00:00:00.000,17:10,40.86309,-73.88946,0,0,0,0,4086,-7388,0.23943661971830985
2021-04-20T00:00:00.000,7:50,40.819454,-73.94069,0,0,0,0,4081,-7394,0.38
2021-04-12T00:00:00.000,6:30,40.623367,-73.989494,0,0,0,0,4062,-7398,0.38
2021-04-20T00:00:00.000,17:02,40.63665,-73.96805,0,0,0,0,4063,-7396,0.34615384615384615
2021-04-20T00:00:00.000,16:00,40.783226,-73.83952,0,0,0,0,4078,-7383,0.2727272727272727
2021-04-20T00:00:00.000,7:02,40.828075,-73.88543,1,0,1,1,4082,-7388,0.27624309392265195
2021-04-17T00:00:00.000,16:08,40.54653,-74.180435,0,0,0,0,4054,-7418,0.1875
2021-04-20T00:00:00.000,3:34,40.834095,-73.94983,0,0,0,0,4083,-7394,0.38926174496644295
2021-04-20T00:00:00.000,21:25,40.665474,-73.86752,0,0,0,0,4066,-7386,0.35
2021-04-20T00:00:00.000,8:15,40.844673,-73.94245,0,0,0,0,4084,-7394,0.17543859649122806
2021-04-17T00:00:00.000,0:42,40.694862,-73.81842,0,0,0,0,4069,-7381,0.3902439024390244
2021-04-20T00:00:00.000,16:55,40.819202,-73.92597,1,0,1,1,4081,-7392,0.4714285714285714
2021-03-14T00:00:00.000,12:56,40.80886,-73.95213,0,0,0,0,4080,-7395,0.381294964028777
2021-04-20T00:00:00.000,22:30,40.840496,-73.94599,0,0,0,0,4084,-7394,0.17543859649122806
2021-04-20T00:00:00.000,0:02,40.759727,-73.99169,1,0,1,1,4075,-7399,0.2830188679245283
2021-04-18T00:00:00.000,16:00,40.845715,-73.88085,0,0,0,0,4084,-7388,0.390625
2021-04-16T00:00:00.000,13:55,40.81458,-73.94795,1,0,1,1,4081,-7394,0.38
2021-04-20T00:00:00.000,18:30,40.682983,-73.97335,0,0,0,0,4068,-7397,0.3412322274881517
2021-04-20T00:00:00.000,18:15,40.5609,-74.16901,0,0,0,0,4056,-7416,0.35
2021-04-20T00:00:00.000,7:24,40.6947,-73.927505,1,0,1,1,4069,-7392,0.3584905660377358
2021-04-20T00:00:00.000,19:05,40.65177,-73.95597,0,0,0,0,4065,-7395,0.38686131386861317
2021-04-20T00:00:00.000,11:20,40.64197,-73.99157,1,0,1,1,4064,-7399,0.3442622950819672
2021-04-20T00:00:00.000,17:43,40.68561,-73.92326,0,0,0,0,4068,-7392,0.2542372881355932
2021-04-20T00:00:00.000,9:51,40.818893,-73.89229,0,0,0,0,4081,-7389,0.31543624161073824
2021-04-16T00:00:00.000,14:30,40.69168,-73.999344,0,0,0,0,4069,-7399,0.29473684210526313
2021-04-20T00:00:00.000,17:19,40.83228,-73.90963,0,0,0,0,4083,-7390,0.3064516129032258
2021-04-20T00:00:00.000,15:07,40.5967,-73.77488,0,0,0,0,4059,-7377,0.2692307692307692
2021-04-20T00:00:00.000,13:58,40.802444,-73.938835,0,0,0,0,4080,-7393,0.36312849162011174
2021-04-20T00:00:00.000,7:50,40.620438,-74.1672,0,0,0,0,4062,-7416,0.24444444444444444
2021-04-20T00:00:00.000,12:13,0.0,0.0,1,0,1,1,0,0,0.40425531914893614
2021-03-24T00:00:00.000,9:33,40.80641,-73.94227,0,0,0,0,4080,-7394,0.41116751269035534
2021-04-20T00:00:00.000,10:00,40.857117,-73.89907,0,0,0,0,4085,-7389,0.3353658536585366
2021-03-27T00:00:00.000,20:40,40.80143,-73.95011,0,0,0,0,4080,-7395,0.381294964028777
2021-04-20T00:00:00.000,15:30,40.73599,-73.98946,1,0,1,1,4073,-7398,0.36942675159235666
2021-04-20T00:00:00.000,22:00,40.644455,-74.0183,1,0,1,1,4064,-7401,0.4295774647887324
2021-04-05T00:00:00.000,9:05,40.64511,-73.874886,0,0,0,0,4064,-7387,0.4918032786885246
2021-09-13T00:00:00.000,18:30,40.714066,-73.94938,0,0,0,0,4071,-7394,0.3710691823899371
2021-04-14T00:00:00.000,13:20,40.55231,-74.19095,0,0,0,0,4055,-7419,0.36363636363636365
2021-04-20T00:00:00.000,17:16,40.61824,-73.98408,0,0,0,0,4061,-7398,0.3698630136986301
2021-04-20T00:00:00.000,18:03,40.690453,-73.91176,0,0,0,0,4069,-7391,0.2709677419354839
2021-04-20T00:00:00.000,16:20,40.65965,-73.773834,1,0,1,1,4065,-7377,0.3125
2021-04-20T00:00:00.000,22:30,40.880993,-73.839455,0,0,0,0,4088,-7383,0.3448275862068966
2021-04-20T00:00:00.000,13:55,40.852306,-73.89811,1,0,1,1,4085,-7389,0.3353658536585366
2021-04-18T00:00:00.000,15:00,40.54833,-74.19398,0,0,0,0,4054,-7419,0.3333333333333333
2021-04-20T00:00:00.000,9:58,40.79793,-73.934,1,0,1,1,4079,-7393,0.36585365853658536
2021-04-20T00:00:00.000,17:47,40.605335,-73.75528,0,0,0,0,4060,-7375,0.17117117117117117
2021-04-20T00:00:00.000,9:00,40.6862,-73.950745,0,0,0,0,4068,-7395,0.38571428571428573
2021-04-11T00:00:00.000,0:00,40.604435,-73.99485,1,0,1,1,4060,-7399,0.31683168316831684
2021-04-20T00:00:00.000,14:56,40.631706,-73.94649,0,0,0,0,4063,-7394,0.358974358974359
2021-04-20T00:00:00.000,7:36,40.772327,-73.94531,0,0,0,0,4077,-7394,0.28
2021-04-20T00:00:00.000,18:30,40.68372,-73.78468,0,0,0,0,4068,-7378,0.3384615384615385
2021-04-20T00:00:00.000,17:00,40.894207,-73.848946,0,0,0,0,4089,-7384,0.3333333333333333
2021-04-14T00:00:00.000,17:30,40.67219,-73.92755,0,0,0,0,4067,-7392,0.39655172413793105
2021-04-20T00:00:00.000,9:00,40.831257,-73.93574,0,0,0,0,4083,-7393,0.3333333333333333
2021-04-20T00:00:00.000,15:40,40.878773,-73.87288,1,0,1,1,4087,-7387,0.297029702970297
2021-04-20T00:00:00.000,11:40,40.635265,-73.97398,0,0,0,0,4063,-7397,0.36893203883495146
2021-04-13T00:00:00.000,15:05,40.83927,-73.92257,0,0,0,0,4083,-7392,0.310126582278481
2021-04-20T00:00:00.000,17:04,40.802914,-73.92029,0,0,0,0,4080,-7392,0.3141025641025641
2021-04-20T00:00:00.000,20:23,40.880527,-73.901794,1,0,1,1,4088,-7390,0.2702702702702703
2021-04-20T00:00:00.000,18:15,40.613895,-73.99219,3,0,1,1,4061,-7399,0.29411764705882354
2021-04-20T00:00:00.000,15:50,40.8047,-73.91243,0,0,0,0,4080,-7391,0.38961038961038963
2021-04-20T00:00:00.000,2:45,40.65843,-73.76743,0,0,0,0,4065,-7376,0.35714285714285715
2021-04-19T00:00:00.000,9:40,40.692726,-73.81065,1,0,1,1,4069,-7381,0.3902439024390244
2021-04-20T00:00:00.000,7:45,40.661224,-73.95637,0,0,0,0,4066,-7395,0.44375
2021-04-17T00:00:00.000,15:43,40.75714,-73.8656,0,0,0,0,4075,-7386,0.33653846153846156
2021-04-20T00:00:00.000,22:00,40.64704,-73.962425,1,0,1,1,4064,-7396,0.4714285714285714
2021-04-20T00:00:00.000,13:27,40.690468,-73.9879,1,0,1,1,4069,-7398,0.3229166666666667
2021-04-20T00:00:00.000,15:45,40.63849,-73.90403,0,0,0,0,4063,-7390,0.3561643835616438
2021-04-20T00:00:00.000,20:10,40.86798,-73.84321,0,0,0,0,4086,-7384,0.17857142857142858
2021-04-20T00:00:00.000,19:25,40.747204,-73.99711,0,0,0,0,4074,-7399,0.3333333333333333
2021-04-20T00:00:00.000,13:40,40.617924,-74.155785,0,0,0,0,4061,-7415,0.3333333333333333
2021-04-20T00:00:00.000,0:32,40.630016,-73.9959,1,0,1,1,4063,-7399,0.47692307692307695
2021-04-20T00:00:00.000,1:30,40.67258,-73.89122,2,0,1,1,4067,-7389,0.33852140077821014
2021-04-20T00:00:00.000,12:15,40.73261,-73.8686,1,0,1,1,4073,-7386,0.3464566929133858
2021-03-25T00:00:00.000,9:15,40.802532,-73.95303,1,0,1,1,4080,-7395,0.381294964028777
2021-12-08T00:00:00.000,9:00,40.825108,-73.95133,0,0,0,0,4082,-7395,0.4117647058823529
2021-04-20T00:00:00.000,12:25,40.65945,-73.89847,0,0,0,0,4065,-7389,0.34965034965034963
2021-04-18T00:00:00.000,1:03,40.83174,-73.92144,0,0,0,0,4083,-7392,0.310126582278481
2021-04-20T00:00:00.000,20:08,40.637894,-73.99838,0,0,0,0,4063,-7399,0.47692307692307695
2021-04-20T00:00:00.000,21:00,40.709633,-73.90223,1,0,1,1,4070,-7390,0.37894736842105264
2021-04-20T00:00:00.000,8:55,40.625187,-73.96125,1,0,1,1,4062,-7396,0.375
2021-04-20T00:00:00.000,14:50,40.74318,-73.8355,0,0,0,0,4074,-7383,0.4067796610169492
2021-04-20T00:00:00.000,8:45,40.718864,-73.97483,0,0,0,0,4071,-7397,0.41509433962264153
2021-04-12T00:00:00.000,15:50,40.806614,-73.94486,0,0,0,0,4080,-7394,0.41116751269035534
2021-04-20T00:00:00.000,6:55,40.628117,-73.956856,0,0,0,0,4062,-7395,0.4444444444444444
2021-04-18T00:00:00.000,15:10,40.70566,-73.81847,0,0,0,0,4070,-7381,0.3194444444444444
2021-09-13T00:00:00.000,12:35,40.72728,-73.87246,1,0,1,1,4072,-7387,0.5714285714285714
2021-04-20T00:00:00.000,8:45,40.692482,-73.9203,0,0,0,0,4069,-7392,0.3584905660377358
2021-04-20T00:00:00.000,14:30,40.71242,-73.92387,0,0,0,0,4071,-7392,0.2777777777777778
2021-04-20T00:00:00.000,17:28,40.839165,-73.88333,1,0,1,1,4083,-7388,0.26717557251908397
2021-04-20T00:00:00.000,15:00,40.831566,-73.942986,0,0,0,0,4083,-7394,0.38926174496644295
2021-04-20T00:00:00.000,12:25,40.8283,-73.88296,0,0,0,0,4082,-7388,0.27624309392265195
2021-04-20T00:00:00.000,9:00,40.597282,-73.99626,0,0,0,0,4059,-7399,0.3076923076923077
2021-04-20T00:00:00.000,22:00,40.71022,-73.89931,0,0,0,0,4071,-7389,0.38095238095238093
2021-04-20T00:00:00.000,8:55,40.67447,-73.8027,0,0,0,0,4067,-7380,0.24615384615384617
2021-04-19T00:00:00.000,10:15,40.744354,-73.99624,0,0,0,0,4074,-7399,0.3333333333333333
2021-04-19T00:00:00.000,2:00,40.81133,-73.96403,1,0,1,1,4081,-7396,0.2222222222222222
2021-04-20T00:00:00.000,15:32,40.635506,-73.913284,1,0,1,1,4063,-7391,0.5
2021-04-18T00:00:00.000,20:05,40.69169,-73.90585,0,0,0,0,4069,-7390,0.29591836734693877
2021-04-20T00:00:00.000,17:20,40.82866,-73.87824,2,0,1,1,4082,-7387,0.33544303797468356
2021-04-03T00:00:00.000,15:10,40.817844,-73.94185,1,0,1,1,4081,-7394,0.38
2021-03-28T00:00:00.000,3:30,40.80844,-73.9471,1,0,1,1,4080,-7394,0.41116751269035534
2021-04-20T00:00:00.000,15:29,40.605534,-73.748474,0,0,0,0,4060,-7374,0.15789473684210525
2021-04-20T00:00:00.000,16:49,40.841877,-73.91796,1,0,1,1,4084,-7391,0.32558139534883723
2021-04-18T00:00:00.000,15:27,40.505733,-74.24484,2,0,1,1,4050,-7424,0.1
2021-04-20T00:00:00.000,19:45,40.71523,-74.01334,1,0,1,1,4071,-7401,0.3181818181818182
2021-04-20T00:00:00.000,18:40,40.737865,-73.90441,0,0,0,0,4073,-7390,0.42424242424242425
2021-04-20T00:00:00.000,18:11,40.657253,-74.00477,0,0,0,0,4065,-7400,0.41509433962264153
2021-03-31T00:00:00.000,8:36,40.8035,-73.949165,0,0,0,0,4080,-7394,0.41116751269035534
2021-04-20T00:00:00.000,20:27,40.561634,-74.178276,1,0,1,1,4056,-7417,0.5
2021-04-20T00:00:00.000,7:40,40.620438,-74.1672,1,0,1,1,4062,-7416,0.24444444444444444
2021-04-20T00:00:00.000,5:35,40.738266,-73.79706,0,0,0,0,4073,-7379,0.4
2021-04-20T00:00:00.000,10:50,40.763893,-73.915,1,0,1,1,4076,-7391,0.40476190476190477
2021-04-20T00:00:00.000,19:45,40.755222,-73.87076,1,0,1,1,4075,-7387,0.33884297520661155
2021-04-20T00:00:00.000,18:13,40.695995,-73.96742,0,0,0,0,4069,-7396,0.325
2021-04-20T00:00:00.000,14:20,40.824207,-73.87529,0,0,0,0,4082,-7387,0.33544303797468356
2021-04-20T00:00:00.000,17:46,40.68096,-73.773575,0,0,0,0,4068,-7377,0.3673469387755102
2021-04-20T00:00:00.000,0:00,40.63834,-74.01736,1,0,1,1,4063,-7401,0.37777777777777777
2021-04-20T00:00:00.000,23:31,40.820984,-73.891624,1,0,1,1,4082,-7389,0.37423312883435583
2021-04-14T00:00:00.000,16:20,40.623367,-73.989494,1,0,1,1,4062,-7398,0.38
2021-04-20T00:00:00.000,17:28,40.842335,-73.91619,2,0,1,1,4084,-7391,0.32558139534883723
2021-04-20T00:00:00.000,11:49,40.69246,-73.726875,2,0,1,1,4069,-7372,0.40425531914893614
2021-04-20T00:00:00.000,17:06,40.850456,-73.899315,1,0,1,1,4085,-7389,0.3353658536585366
2021-04-20T00:00:00.000,18:15,40.738796,-73.80846,0,0,0,0,4073,-7380,0.34285714285714286
2021-04-14T00:00:00.000,19:15,40.523315,-74.23922,0,0,0,0,4052,-7423,0.3333333333333333
2021-04-20T00:00:00.000,8:20,40.70981,-73.99178,0,0,0,0,4070,-7399,0.21052631578947367
2021-04-19T00:00:00.000,11:00,40.848682,-73.939224,0,0,0,0,4084,-7393,0.32786885245901637
2021-04-16T00:00:00.000,21:00,40.823456,-73.92444,0,0,0,0,4082,-7392,0.3333333333333333
2021-04-20T00:00:00.000,17:06,0.0,0.0,0,0,0,0,0,0,0.40425531914893614
2021-09-12T00:00:00.000,3:15,40.75633,-73.98767,2,0,1,1,4075,-7398,0.3170731707317073
2021-09-13T00:00:00.000,5:59,40.681217,-73.88211,0,0,0,0,4068,-7388,0.36538461538461536
2021-09-12T00:00:00.000,13:46,40.605568,-74.00443,0,0,0,0,4060,-7400,0.24074074074074073
2021-09-13T00:00:00.000,5:29,40.82605,-73.86162,0,0,0,0,4082,-7386,0.3493975903614458
2021-09-11T00:00:00.000,16:15,40.680283,-73.85471,0,0,0,0,4068,-7385,0.43103448275862066
2021-09-13T00:00:00.000,17:50,40.743225,-73.98414,0,0,0,0,4074,-7398,0.40131578947368424
2021-09-13T00:00:00.000,8:05,40.600502,-73.76222,0,0,0,0,4060,-7376,0.19230769230769232
2021-09-13T00:00:00.000,22:22,40.79293,-73.950005,1,0,1,1,4079,-7395,0.42
2021-09-13T00:00:00.000,9:10,40.718704,-73.98526,0,0,0,0,4071,-7398,0.39568345323741005
2021-09-13T00:00:00.000,18:57,40.67342,-73.95017,0,0,0,0,4067,-7395,0.3695652173913043
2021-09-13T00:00:00.000,23:30,40.677986,-73.8409,0,0,0,0,4067,-7384,0.28888888888888886
2021-09-13T00:00:00.000,22:10,40.68176,-73.823906,0,0,0,0,4068,-7382,0.41975308641975306
2021-09-13T00:00:00.000,22:00,40.74091,-73.83727,0,0,0,0,4074,-7383,0.4067796610169492
2021-09-13T00:00:00.000,2:00,40.625786,-73.89309,1,0,1,1,4062,-7389,0.3333333333333333
2021-09-09T00:00:00.000,8:20,40.744205,-74.005325,0,0,0,0,4074,-7400,0.27710843373493976
2021-09-09T00:00:00.000,20:30,40.68796,-73.94194,0,0,0,0,4068,-7394,0.4409448818897638
2021-09-13T00:00:00.000,11:15,40.67102,-73.74893,0,0,0,0,4067,-7374,0.2619047619047619
2021-09-13T00:00:00.000,12:20,40.662544,-73.9351,0,0,0,0,4066,-7393,0.38578680203045684
2021-09-13T00:00:00.000,8:00,40.85234,-73.863556,0,0,0,0,4085,-7386,0.33766233766233766
2021-09-13T00:00:00.000,22:50,40.675735,-73.89686,0,0,0,0,4067,-7389,0.33852140077821014
2021-09-13T00:00:00.000,0:00,40.63917,-73.91604,0,0,0,0,4063,-7391,0.5
2021-09-13T00:00:00.000,7:50,40.68096,-73.773575,0,0,0,0,4068,-7377,0.3673469387755102
2021-08-31T00:00:00.000,19:00,40.757706,-73.94127,0,0,0,0,4075,-7394,0.41333333333333333
2021-09-13T00:00:00.000,9:20,40.603645,-74.077324,0,0,0,0,4060,-7407,0.25
2021-09-13T00:00:00.000,15:30,40.8667,-73.88775,0,0,0,0,4086,-7388,0.23943661971830985
2021-09-13T00:00:00.000,7:09,40.69215,-73.80247,0,0,0,0,4069,-7380,0.38461538461538464
2021-09-13T00:00:00.000,7:45,40.681263,-73.83954,4,0,1,1,4068,-7383,0.45454545454545453
2021-09-04T00:00:00.000,16:00,40.72202,-73.98345,1,0,1,1,4072,-7398,0.4342105263157895
2021-09-13T00:00:00.000,21:32,40.748466,-73.99247,0,0,0,0,4074,-7399,0.3333333333333333
2021-09-13T00:00:00.000,21:43,40.615124,-73.936066,0,0,0,0,4061,-7393,0.34285714285714286
2021-09-13T00:00:00.000,22:07,40.74779,-73.94985,1,0,1,1,4074,-7394,0.33962264150943394
2021-09-10T00:00:00.000,11:10,40.613308,-74.08722,0,0,0,0,4061,-7408,0.30612244897959184
2021-09-11T00:00:00.000,8:40,40.586315,-73.80653,0,0,0,0,4058,-7380,0.4
2021-09-12T00:00:00.000,2:45,40.75203,-73.92915,0,0,0,0,4075,-7392,0.48148148148148145
2021-09-11T00:00:00.000,14:00,40.700356,-73.912575,0,0,0,0,4070,-7391,0.27450980392156865
2021-09-13T00:00:00.000,12:00,40.711834,-73.78746,0,0,0,0,4071,-7378,0.32653061224489793
2021-09-13T00:00:00.000,1:00,40.8451,-73.91878,0,0,0,0,4084,-7391,0.32558139534883723
2021-09-13T00:00:00.000,5:35,40.68881,-73.96595,0,0,0,0,4068,-7396,0.42567567567567566
2021-09-13T00:00:00.000,19:20,40.71752,-73.95281,0,0,0,0,4071,-7395,0.36585365853658536
2021-09-13T00:00:00.000,13:12,40.7488,-73.96986,1,0,1,1,4074,-7396,0.7
2021-09-13T00:00:00.000,7:15,40.58406,-73.96901,0,0,0,0,4058,-7396,0.37333333333333335
2021-09-13T00:00:00.000,21:45,40.846527,-73.87146,3,0,1,1,4084,-7387,0.48333333333333334
2021-09-13T00:00:00.000,13:07,40.855545,-73.90914,0,0,0,0,4085,-7390,0.42207792207792205
2021-09-13T00:00:00.000,14:45,40.708115,-74.00877,0,0,0,0,4070,-7400,0.2542372881355932
2021-09-11T00:00:00.000,11:00,40.757847,-73.89922,0,0,0,0,4075,-7389,0.4805194805194805
2021-09-11T00:00:00.000,15:25,40.74406,-74.00682,1,0,1,1,4074,-7400,0.27710843373493976
2021-09-13T00:00:00.000,8:00,40.888454,-73.84197,0,0,0,0,4088,-7384,0.4153846153846154
2021-09-13T00:00:00.000,14:00,40.827557,-73.914764,0,0,0,0,4082,-7391,0.3355263157894737
2021-09-13T00:00:00.000,15:05,40.587566,-73.811264,1,0,1,1,4058,-7381,0.1875
2021-09-13T00:00:00.000,16:40,40.71144,-73.945946,0,0,0,0,4071,-7394,0.3710691823899371
2021-09-13T00:00:00.000,19:05,40.723564,-73.998375,0,0,0,0,4072,-7399,0.3829787234042553
2021-09-13T00:00:00.000,19:37,40.72257,-73.75729,3,0,1,1,4072,-7375,0.2727272727272727
2021-09-13T00:00:00.000,12:20,40.602467,-73.96638,1,0,1,1,4060,-7396,0.5714285714285714
2021-09-13T00:00:00.000,11:00,40.84636,-73.84463,1,0,1,1,4084,-7384,0.4222222222222222
2021-09-13T00:00:00.000,8:00,40.77161,-73.99046,0,0,0,0,4077,-7399,0.4166666666666667
2021-09-13T00:00:00.000,23:26,40.89084,-73.862175,1,0,1,1,4089,-7386,0.28205128205128205
2021-09-13T00:00:00.000,13:42,40.73399,-73.78041,1,0,1,1,4073,-7378,0.391304347826087
2021-09-13T00:00:00.000,11:51,40.825314,-73.90822,0,0,0,0,4082,-7390,0.3025210084033613
2021-09-13T00:00:00.000,15:50,40.70839,-73.939964,0,0,0,0,4070,-7393,0.3300970873786408
2021-09-13T00:00:00.000,11:40,40.876183,-73.854454,0,0,0,0,4087,-7385,0.37681159420289856
2021-09-09T00:00:00.000,4:49,40.6081,-73.99939,0,0,0,0,4060,-7399,0.31683168316831684
2021-09-13T00:00:00.000,16:11,40.71122,-73.72827,0,0,0,0,4071,-7372,0.40425531914893614
2021-09-13T00:00:00.000,10:28,40.851467,-73.89557,0,0,0,0,4085,-7389,0.3353658536585366
2021-09-13T00:00:00.000,3:10,40.676155,-74.000175,0,0,0,0,4067,-7400,0.20967741935483872
2021-09-13T00:00:00.000,20:00,40.60098,-73.75555,0,0,0,0,4060,-7375,0.17117117117117117
2021-09-13T00:00:00.000,11:09,40.70086,-73.882454,0,0,0,0,4070,-7388,0.3448275862068966
2021-09-13T00:00:00.000,15:00,40.59755,-74.14077,1,0,1,1,4059,-7414,0.6666666666666666
2021-09-12T00:00:00.000,4:00,40.679184,-73.89385,0,0,0,0,4067,-7389,0.33852140077821014
2021-09-13T00:00:00.000,18:30,40.878643,-73.871605,0,0,0,0,4087,-7387,0.297029702970297
2021-12-17T00:00:00.000,13:22,40.823936,-73.89488,1,0,1,1,4082,-7389,0.37423312883435583
2021-09-13T00:00:00.000,6:55,40.712494,-73.76869,0,0,0,0,4071,-7376,0.37142857142857144
2021-09-13T00:00:00.000,9:00,40.737526,-73.74185,0,0,0,0,4073,-7374,0.21428571428571427
2021-09-11T00:00:00.000,16:45,40.742615,-73.99792,1,0,1,1,4074,-7399,0.3333333333333333
2021-09-13T00:00:00.000,12:24,40.785973,-73.96886,0,0,0,0,4078,-7396,0.28125
2021-09-13T00:00:00.000,12:00,40.64747,-74.08473,0,0,0,0,4064,-7408,0.2894736842105263
2021-09-11T00:00:00.000,22:05,40.7611,-73.93999,1,0,1,1,4076,-7393,0.44680851063829785
2021-09-13T00:00:00.000,3:20,40.7491,-73.99201,2,0,1,1,4074,-7399,0.3333333333333333
2021-09-13T00:00:00.000,18:30,40.73963,-73.92226,0,0,0,0,4073,-7392,0.4444444444444444
2021-09-13T00:00:00.000,12:47,40.815826,-73.947044,1,0,1,1,4081,-7394,0.38
2021-09-13T00:00:00.000,19:30,40.67743,-73.87591,0,0,0,0,4067,-7387,0.30344827586206896
2021-09-13T00:00:00.000,7:54,40.806168,-73.8497,0,0,0,0,4080,-7384,0.0
2021-09-13T00:00:00.000,13:00,40.757874,-73.788506,0,0,0,0,4075,-7378,0.18518518518518517
2021-09-13T00:00:00.000,14:45,40.622356,-74.16798,0,0,0,0,4062,-7416,0.24444444444444444
2021-09-13T00:00:00.000,15:30,40.722992,-73.9452,0,0,0,0,4072,-7394,0.19801980198019803
2021-09-13T00:00:00.000,8:38,40.84621,-73.89277,1,0,1,1,4084,-7389,0.33766233766233766
2021-09-13T00:00:00.000,12:50,40.749832,-73.94842,1,0,1,1,4074,-7394,0.33962264150943394
2021-09-13T00:00:00.000,8:40,40.781254,-73.91797,0,0,0,0,4078,-7391,0.2777777777777778
2021-09-09T00:00:00.000,0:00,40.750023,-73.70631,1,0,1,1,4075,-7370,0.4166666666666667
2021-09-13T00:00:00.000,15:30,40.81493,-73.956406,0,0,0,0,4081,-7395,0.3509933774834437
2021-09-13T00:00:00.000,7:35,40.60834,-73.75538,0,0,0,0,4060,-7375,0.17117117117117117
2021-09-12T00:00:00.000,12:00,40.68222,-73.87725,0,0,0,0,4068,-7387,0.24719101123595505
2021-09-13T00:00:00.000,10:18,40.701134,-73.99306,0,0,0,0,4070,-7399,0.21052631578947367
2021-09-07T00:00:00.000,17:00,40.75728,-73.99721,0,0,0,0,4075,-7399,0.2830188679245283
2021-09-13T00:00:00.000,8:35,40.65864,-73.91374,0,0,0,0,4065,-7391,0.425
2021-09-13T00:00:00.000,17:35,40.63237,-73.88319,0,0,0,0,4063,-7388,0.3835616438356164
2021-09-13T00:00:00.000,8:20,40.58588,-73.912704,0,0,0,0,4058,-7391,0.3888888888888889
2021-09-13T00:00:00.000,11:30,40.692066,-73.7654,0,0,0,0,4069,-7376,0.3392857142857143
2021-09-13T00:00:00.000,21:20,40.698692,-73.8057,1,0,1,1,4069,-7380,0.38461538461538464
2021-09-13T00:00:00.000,1:50,40.846878,-73.920616,0,0,0,0,4084,-7392,0.3181818181818182
2021-09-13T00:00:00.000,15:00,40.74045,-73.844376,1,0,1,1,4074,-7384,0.42857142857142855
2021-09-13T00:00:00.000,16:15,40.72848,-73.80523,0,0,0,0,4072,-7380,0.2727272727272727
2021-09-06T00:00:00.000,19:38,40.694305,-73.91852,0,0,0,0,4069,-7391,0.2709677419354839
2021-09-13T00:00:00.000,16:43,40.82538,-73.94006,1,0,1,1,4082,-7394,0.3812154696132597
2021-09-09T00:00:00.000,2:18,40.712116,-73.73118,0,0,0,0,4071,-7373,0.25
2021-09-13T00:00:00.000,22:56,40.635994,-73.93932,3,0,1,1,4063,-7393,0.46153846153846156
2021-09-13T00:00:00.000,8:05,40.60118,-73.98319,0,0,0,0,4060,-7398,0.2711864406779661
2021-09-13T00:00:00.000,15:05,40.735867,-73.9552,0,0,0,0,4073,-7395,0.30434782608695654
2021-09-13T00:00:00.000,15:50,40.645058,-73.97472,0,0,0,0,4064,-7397,0.4095238095238095
2021-09-13T00:00:00.000,10:45,40.809643,-73.91037,0,0,0,0,4080,-7391,0.38961038961038963
2021-09-13T00:00:00.000,21:13,40.708683,-73.95301,0,0,0,0,4070,-7395,0.3475177304964539
2021-08-31T00:00:00.000,17:20,40.767727,-73.91982,0,0,0,0,4076,-7391,0.40476190476190477
2021-09-13T00:00:00.000,16:04,40.63201,-74.01318,0,0,0,0,4063,-7401,0.37777777777777777
2021-09-13T00:00:00.000,7:48,40.701332,-73.92684,0,0,0,0,4070,-7392,0.24305555555555555
2021-09-13T00:00:00.000,16:45,40.708305,-73.948425,1,0,1,1,4070,-7394,0.3956043956043956
2021-09-13T00:00:00.000,3:00,40.666157,-73.79904,1,0,1,1,4066,-7379,0.3870967741935484
2021-09-13T00:00:00.000,7:30,40.65759,-73.8835,1,0,1,1,4065,-7388,0.41509433962264153
2021-09-12T00:00:00.000,14:00,40.648266,-73.90581,0,0,0,0,4064,-7390,0.4017094017094017
2021-09-13T00:00:00.000,14:33,40.874638,-73.909744,0,0,0,0,4087,-7390,0.3184713375796178
2021-09-13T00:00:00.000,15:30,40.59262,-73.951355,1,0,1,1,4059,-7395,0.3181818181818182
2021-09-02T00:00:00.000,12:21,40.820984,-73.891624,1,0,1,1,4082,-7389,0.37423312883435583
2021-09-13T00:00:00.000,18:10,40.815155,-73.95784,1,0,1,1,4081,-7395,0.3509933774834437
2021-09-13T00:00:00.000,16:44,40.61095,-73.9132,0,0,0,0,4061,-7391,0.358974358974359
2021-09-09T00:00:00.000,22:20,40.720074,-73.988365,0,0,0,0,4072,-7398,0.4342105263157895
2021-09-13T00:00:00.000,18:10,40.67665,-73.98029,0,0,0,0,4067,-7398,0.3655913978494624
2021-09-11T00:00:00.000,12:45,40.741028,-73.99417,0,0,0,0,4074,-7399,0.3333333333333333
2021-09-13T00:00:00.000,22:42,40.8477,-73.90097,0,0,0,0,4084,-7390,0.366120218579235
2021-09-13T00:00:00.000,11:51,40.67885,-74.00158,0,0,0,0,4067,-7400,0.20967741935483872
2021-09-13T00:00:00.000,15:10,40.766815,-73.83038,1,0,1,1,4076,-7383,0.33695652173913043
2021-09-13T00:00:00.000,13:30,40.673965,-73.99998,0,0,0,0,4067,-7399,0.3258426966292135
2021-08-16T00:00:00.000,7:15,40.74714,-73.99342,0,0,0,0,4074,-7399,0.3333333333333333
2021-09-13T00:00:00.000,13:10,40.833065,-73.85974,0,0,0,0,4083,-7385,0.30158730158730157
2021-09-13T00:00:00.000,22:00,40.665558,-73.72985,0,0,0,0,4066,-7372,0.6190476190476191
2021-09-13T00:00:00.000,20:20,40.631927,-73.99175,0,0,0,0,4063,-7399,0.47692307692307695
2021-09-08T00:00:00.000,13:25,40.68787,-73.978355,1,0,1,1,4068,-7397,0.3412322274881517
2021-09-11T00:00:00.000,15:20,40.690044,-73.81481,1,0,1,1,4069,-7381,0.3902439024390244
2021-09-07T00:00:00.000,17:20,40.825905,-73.94712,0,0,0,0,4082,-7394,0.3812154696132597
2021-09-13T00:00:00.000,17:30,40.828278,-73.907036,0,0,0,0,4082,-7390,0.3025210084033613
2021-09-01T00:00:00.000,13:55,40.701656,-73.9913,0,0,0,0,4070,-7399,0.21052631578947367
2021-09-13T00:00:00.000,0:19,40.83283,-73.91129,0,0,0,0,4083,-7391,0.33714285714285713
2021-09-13T00:00:00.000,7:10,40.64953,-73.96283,0,0,0,0,4064,-7396,0.4714285714285714
2021-09-13T00:00:00.000,22:05,40.75355,-73.98505,0,0,0,0,4075,-7398,0.3170731707317073
2021-09-13T00:00:00.000,15:30,40.85315,-73.90561,0,0,0,0,4085,-7390,0.42207792207792205
2021-09-13T00:00:00.000,22:15,40.7024,-73.9605,0,0,0,0,4070,-7396,0.3431372549019608
2021-09-13T00:00:00.000,23:50,40.564705,-74.12721,0,0,0,0,4056,-7412,0.2222222222222222
2021-09-13T00:00:00.000,10:42,40.71358,-73.99601,0,0,0,0,4071,-7399,0.3263157894736842
2021-09-13T00:00:00.000,15:55,40.553314,-74.1634,2,0,1,1,4055,-7416,0.5416666666666666
2021-09-12T00:00:00.000,1:00,40.75945,-73.87269,0,0,0,0,4075,-7387,0.33884297520661155
2021-09-13T00:00:00.000,13:30,40.71943,-73.87917,1,0,1,1,4071,-7387,0.5652173913043478
2021-09-13T00:00:00.000,18:00,40.80878,-73.92314,1,0,1,1,4080,-7392,0.3141025641025641
2021-09-13T00:00:00.000,18:04,40.720535,-73.88885,0,0,0,0,4072,-7388,0.4
2021-09-13T00:00:00.000,14:29,40.751453,-73.97816,0,0,0,0,4075,-7397,0.375886524822695
2021-09-08T00:00:00.000,13:00,40.76283,-73.92901,0,0,0,0,4076,-7392,0.42105263157894735
2021-09-13T00:00:00.000,16:12,40.849453,-73.906006,0,0,0,0,4084,-7390,0.366120218579235
2021-09-13T00:00:00.000,1:43,40.757442,-73.86747,1,0,1,1,4075,-7386,0.33653846153846156
2021-09-13T00:00:00.000,16:00,40.710644,-73.810295,0,0,0,0,4071,-7381,0.3448275862068966
2021-09-13T00:00:00.000,18:40,40.682186,-73.86982,1,0,1,1,4068,-7386,0.423728813559322
2021-09-13T00:00:00.000,8:45,40.681217,-73.88211,0,0,0,0,4068,-7388,0.36538461538461536
2021-09-13T00:00:00.000,10:20,40.768875,-73.94898,0,0,0,0,4076,-7394,0.4583333333333333
2021-09-13T00:00:00.000,10:50,40.67042,-73.98365,0,0,0,0,4067,-7398,0.3655913978494624
2021-09-09T00:00:00.000,8:25,40.76294,-73.86067,0,0,0,0,4076,-7386,0.40298507462686567
2021-09-11T00:00:00.000,19:00,40.746174,-73.9947,0,0,0,0,4074,-7399,0.3333333333333333
2021-09-06T00:00:00.000,17:47,40.73951,-73.98475,1,0,1,1,4073,-7398,0.36942675159235666
2021-09-13T00:00:00.000,16:04,40.765823,-73.82373,1,0,1,1,4076,-7382,0.2987012987012987
2021-09-13T00:00:00.000,18:30,40.679604,-73.91026,1,0,1,1,4067,-7391,0.36597938144329895
2021-09-13T00:00:00.000,19:39,40.840057,-73.870964,0,0,0,0,4084,-7387,0.48333333333333334
2021-09-13T00:00:00.000,8:00,40.58205,-74.1578,0,0,0,0,4058,-7415,0.42857142857142855
2021-09-13T00:00:00.000,14:41,40.74614,-73.91431,0,0,0,0,4074,-7391,0.38333333333333336
2021-09-12T00:00:00.000,12:00,40.866325,-73.88837,0,0,0,0,4086,-7388,0.23943661971830985
2021-09-13T00:00:00.000,8:50,40.67474,-73.99777,0,0,0,0,4067,-7399,0.3258426966292135
2021-09-13T00:00:00.000,8:10,40.70091,-73.926094,0,0,0,0,4070,-7392,0.24305555555555555
2021-09-13T00:00:00.000,15:01,40.724556,-73.99152,1,0,1,1,4072,-7399,0.3829787234042553
2021-09-13T00:00:00.000,12:40,40.858418,-73.88514,1,0,1,1,4085,-7388,0.3
2021-09-12T00:00:00.000,13:41,40.63367,-74.12848,2,0,1,1,4063,-7412,0.36363636363636365
2021-09-13T00:00:00.000,17:19,40.648376,-73.96579,0,0,0,0,4064,-7396,0.4714285714285714
2021-09-13T00:00:00.000,4:06,40.69405,-73.82802,1,0,1,1,4069,-7382,0.37209302325581395
2021-09-13T00:00:00.000,21:09,40.634434,-73.88871,0,0,0,0,4063,-7388,0.3835616438356164
2021-09-13T00:00:00.000,22:00,40.625103,-74.14877,0,0,0,0,4062,-7414,0.20408163265306123
2021-09-10T00:00:00.000,6:30,40.708076,-73.79257,0,0,0,0,4070,-7379,0.3978494623655914
2021-09-13T00:00:00.000,13:29,40.852146,-73.91741,0,0,0,0,4085,-7391,0.373134328358209
2021-09-13T00:00:00.000,13:47,40.73567,-73.98869,0,0,0,0,4073,-7398,0.36942675159235666
2021-09-11T00:00:00.000,19:10,40.806625,-73.94275,1,0,1,1,4080,-7394,0.41116751269035534
2021-09-13T00:00:00.000,23:20,40.593384,-73.94442,2,0,1,1,4059,-7394,0.275
2021-09-13T00:00:00.000,22:45,40.720192,-73.98737,0,0,0,0,4072,-7398,0.4342105263157895
2021-09-13T00:00:00.000,17:10,40.674145,-73.93062,0,0,0,0,4067,-7393,0.3755868544600939
2021-09-13T00:00:00.000,18:20,40.665905,-73.91854,1,0,1,1,4066,-7391,0.3630952380952381
2021-09-13T00:00:00.000,16:50,40.740894,-73.70084,0,0,0,0,4074,-7370,0.375
2021-09-07T00:00:00.000,18:40,40.64993,-73.93312,0,0,0,0,4064,-7393,0.3333333333333333
2021-09-13T00:00:00.000,9:52,0.0,0.0,2,0,1,1,0,0,0.40425531914893614
2021-09-01T00:00:00.000,22:30,40.736847,-73.86507,0,0,0,0,4073,-7386,0.3464566929133858
2021-09-13T00:00:00.000,8:40,40.67781,-73.9079,1,0,1,1,4067,-7390,0.3282442748091603
2021-09-12T00:00:00.000,3:23,40.750305,-74.00837,2,0,1,1,4075,-7400,0.3888888888888889
2021-09-12T00:00:00.000,22:34,40.76155,-73.96659,0,0,0,0,4076,-7396,0.3023255813953488
2021-09-13T00:00:00.000,18:50,0.0,0.0,0,0,0,0,0,0,0.40425531914893614
2021-09-13T00:00:00.000,17:50,40.73081,-73.823456,1,0,1,1,4073,-7382,0.45454545454545453
2021-09-13T00:00:00.000,13:00,40.81626,-73.91421,0,0,0,0,4081,-7391,0.47244094488188976
2021-09-13T00:00:00.000,23:21,40.66634,-73.80081,1,0,1,1,4066,-7380,0.40789473684210525
2021-09-13T00:00:00.000,7:40,40.576042,-73.99008,0,0,0,0,4057,-7399,0.32558139534883723
2021-09-13T00:00:00.000,11:00,40.756104,-73.800804,0,0,0,0,4075,-7380,0.36363636363636365
2021-09-13T00:00:00.000,9:00,40.804028,-73.93873,0,0,0,0,4080,-7393,0.36312849162011174
2021-09-13T00:00:00.000,14:22,40.70166,-73.961464,0,0,0,0,4070,-7396,0.3431372549019608
2021-09-13T00:00:00.000,22:00,40.6633,-73.94415,0,0,0,0,4066,-7394,0.36792452830188677
2021-09-13T00:00:00.000,8:00,40.76038,-73.75801,0,0,0,0,4076,-7375,0.3409090909090909
2021-09-11T00:00:00.000,18:05,40.604206,-73.99146,0,0,0,0,4060,-7399,0.31683168316831684
2021-09-12T00:00:00.000,17:45,40.665714,-73.8876,5,0,1,1,4066,-7388,0.37012987012987014
2021-09-13T00:00:00.000,8:50,40.714703,-73.88658,0,0,0,0,4071,-7388,0.10344827586206896
2021-09-12T00:00:00.000,18:40,40.74649,-74.001335,1,0,1,1,4074,-7400,0.27710843373493976
2021-09-10T00:00:00.000,17:35,40.713253,-73.97759,0,0,0,0,4071,-7397,0.41509433962264153
2021-09-13T00:00:00.000,12:10,40.63698,-73.936554,0,0,0,0,4063,-7393,0.46153846153846156
2021-09-13T00:00:00.000,8:00,40.719833,-73.82624,1,0,1,1,4071,-7382,0.379746835443038
2021-09-01T00:00:00.000,19:53,40.652767,-73.8863,0,0,0,0,4065,-7388,0.41509433962264153
2021-09-13T00:00:00.000,2:30,40.76118,-73.95791,0,0,0,0,4076,-7395,0.3696969696969697
2021-09-13T00:00:00.000,8:00,40.676357,-73.891754,0,0,0,0,4067,-7389,0.33852140077821014
2021-09-06T00:00:00.000,9:47,40.637096,-73.93465,1,0,1,1,4063,-7393,0.46153846153846156
2021-09-13T00:00:00.000,12:25,40.867153,-73.89354,0,0,0,0,4086,-7389,0.40606060606060607
2021-09-11T00:00:00.000,21:55,40.747593,-73.994194,1,0,1,1,4074,-7399,0.3333333333333333
2021-09-13T00:00:00.000,17:00,40.831642,-73.876076,2,0,1,1,4083,-7387,0.38414634146341464
2021-09-13T00:00:00.000,13:52,40.63667,-74.02567,1,0,1,1,4063,-7402,0.3877551020408163
2021-09-13T00:00:00.000,8:54,40.67318,-73.78103,2,0,1,1,4067,-7378,0.2
2021-09-13T00:00:00.000,13:35,40.7149,-73.95748,0,0,0,0,4071,-7395,0.36585365853658536
2021-09-13T00:00:00.000,7:40,40.741364,-73.92096,0,0,0,0,4074,-7392,0.3709677419354839
2021-09-13T00:00:00.000,0:35,40.784943,-73.946594,1,0,1,1,4078,-7394,0.33513513513513515
2021-09-13T00:00:00.000,12:17,40.769604,-73.91139,1,0,1,1,4076,-7391,0.40476190476190477
2021-09-12T00:00:00.000,20:33,40.825783,-73.943474,1,0,1,1,4082,-7394,0.3812154696132597
2021-09-13T00:00:00.000,13:30,40.72616,-73.90012,0,0,0,0,4072,-7390,0.2978723404255319
2021-09-11T00:00:00.000,14:30,40.58864,-73.90874,1,0,1,1,4058,-7390,1.0
2021-09-13T00:00:00.000,19:00,40.711033,-73.7281,0,0,0,0,4071,-7372,0.40425531914893614
2021-09-12T00:00:00.000,11:15,40.83489,-73.8663,0,0,0,0,4083,-7386,0.24822695035460993
2021-09-10T00:00:00.000,16:38,40.684204,-73.85858,1,0,1,1,4068,-7385,0.43103448275862066
2021-09-13T00:00:00.000,0:21,40.7606,-73.964325,0,0,0,0,4076,-7396,0.3023255813953488
2021-09-13T00:00:00.000,16:20,40.657814,-73.89613,0,0,0,0,4065,-7389,0.34965034965034963
2021-09-13T00:00:00.000,8:00,40.695354,-73.93237,0,0,0,0,4069,-7393,0.3141025641025641
2021-09-13T00:00:00.000,17:24,40.78994,-73.98036,0,0,0,0,4078,-7398,0.42105263157894735
2021-08-26T00:00:00.000,18:30,40.679733,-73.97432,0,0,0,0,4067,-7397,0.2818181818181818
2021-09-08T00:00:00.000,13:05,40.7963,-73.93829,1,0,1,1,4079,-7393,0.36585365853658536
2021-09-13T00:00:00.000,21:45,40.858376,-73.89637,0,0,0,0,4085,-7389,0.3353658536585366
2021-09-13T00:00:00.000,19:35,40.711693,-73.935814,0,0,0,0,4071,-7393,0.2711864406779661
2021-09-13T00:00:00.000,7:34,40.768436,-73.91996,1,0,1,1,4076,-7391,0.40476190476190477
2021-08-25T00:00:00.000,18:51,40.58514,-73.96651,1,0,1,1,4058,-7396,0.37333333333333335
2021-09-13T00:00:00.000,10:41,40.82424,-73.90862,0,0,0,0,4082,-7390,0.3025210084033613
2021-09-13T00:00:00.000,13:50,40.760307,-73.87582,2,0,1,1,4076,-7387,0.48214285714285715
2021-09-13T00:00:00.000,9:47,40.628204,-74.01286,0,0,0,0,4062,-7401,0.3829787234042553
2021-09-13T00:00:00.000,8:45,40.616035,-74.073944,0,0,0,0,4061,-7407,0.2
2023-01-14T00:00:00.000,21:30,40.74549,-73.95318,0,0,0,0,4074,-7395,0.35185185185185186
2021-09-13T00:00:00.000,20:25,40.742233,-73.9933,0,0,0,0,4074,-7399,0.3333333333333333
2021-09-13T00:00:00.000,13:15,40.63759,-73.927864,1,0,1,1,4063,-7392,0.4036697247706422
2021-09-10T00:00:00.000,15:00,40.766373,-73.93358,0,0,0,0,4076,-7393,0.44680851063829785
2021-09-13T00:00:00.000,21:26,40.756397,-73.804535,1,0,1,1,4075,-7380,0.36363636363636365
2021-09-13T00:00:00.000,12:00,40.82942,-73.91226,1,0,1,1,4082,-7391,0.3355263157894737
2021-09-13T00:00:00.000,16:08,40.760044,-73.89756,1,0,1,1,4076,-7389,0.35185185185185186
2021-09-12T00:00:00.000,7:46,40.76367,-73.98881,1,0,1,1,4076,-7398,0.3081761006289308
2021-09-13T00:00:00.000,9:30,40.704018,-73.89795,0,0,0,0,4070,-7389,0.2711864406779661
2021-09-12T00:00:00.000,22:35,40.820137,-73.89029,6,0,1,1,4082,-7389,0.37423312883435583
2021-09-13T00:00:00.000,16:15,40.89466,-73.86137,2,0,1,1,4089,-7386,0.28205128205128205
2021-09-11T00:00:00.000,23:00,40.594025,-73.93872,0,0,0,0,4059,-7393,0.47058823529411764
2021-09-13T00:00:00.000,15:11,40.66077,-73.91975,2,0,1,1,4066,-7391,0.3630952380952381
2021-09-03T00:00:00.000,4:20,40.750763,-73.97445,0,0,0,0,4075,-7397,0.375886524822695
2021-09-13T00:00:00.000,22:14,40.71123,-73.85575,1,0,1,1,4071,-7385,0.4418604651162791
2021-09-13T00:00:00.000,9:00,40.85659,-73.88365,0,0,0,0,4085,-7388,0.3
2021-08-18T00:00:00.000,21:00,40.80576,-73.94868,0,0,0,0,4080,-7394,0.41116751269035534
2021-09-13T00:00:00.000,8:30,40.679962,-73.83953,0,0,0,0,4067,-7383,0.48148148148148145
2021-12-10T00:00:00.000,21:00,40.76048,-73.95825,0,0,0,0,4076,-7395,0.3696969696969697
2021-12-06T00:00:00.000,21:15,40.54161,-74.154526,0,0,0,0,4054,-7415,0.3125
2021-12-11T00:00:00.000,2:20,40.671898,-73.92231,0,0,0,0,4067,-7392,0.39655172413793105
2021-12-16T00:00:00.000,17:55,40.779778,-73.94725,1,0,1,1,4077,-7394,0.28
2021-12-17T00:00:00.000,20:40,40.787582,-73.849655,0,0,0,0,4078,-7384,0.23809523809523808
2021-12-11T00:00:00.000,0:45,40.771305,-73.87664,0,0,0,0,4077,-7387,0.35714285714285715
2021-12-16T00:00:00.000,12:16,40.579174,-74.11483,2,0,1,1,4057,-7411,0.37142857142857144
2021-12-17T00:00:00.000,21:25,40.712875,-73.9986,0,0,0,0,4071,-7399,0.3263157894736842
2021-12-15T00:00:00.000,23:50,40.681473,-73.72776,1,0,1,1,4068,-7372,0.375
2021-12-16T00:00:00.000,9:10,40.83029,-73.850655,0,0,0,0,4083,-7385,0.30158730158730157
2021-12-10T00:00:00.000,11:40,40.68963,-73.92741,1,0,1,1,4068,-7392,0.2542372881355932
2021-12-17T00:00:00.000,19:01,40.81666,-73.938995,0,0,0,0,4081,-7393,0.32432432432432434
2021-12-17T00:00:00.000,10:45,40.666134,-73.99224,1,0,1,1,4066,-7399,0.40540540540540543
2021-12-16T00:00:00.000,9:00,40.64815,-74.010826,0,0,0,0,4064,-7401,0.4295774647887324
2021-12-17T00:00:00.000,9:00,40.595318,-74.16151,0,0,0,0,4059,-7416,0.29411764705882354
2021-12-16T00:00:00.000,2:00,40.78643,-73.793274,0,0,0,0,4078,-7379,0.42105263157894735
2021-12-15T00:00:00.000,7:26,40.59389,-73.77368,0,0,0,0,4059,-7377,0.2692307692307692
2021-12-16T00:00:00.000,7:15,40.57968,-73.971176,0,0,0,0,4057,-7397,0.2619047619047619
2021-11-03T00:00:00.000,11:30,40.85391,-73.88364,1,0,1,1,4085,-7388,0.3
2023-01-14T00:00:00.000,6:00,40.831184,-73.913284,0,0,0,0,4083,-7391,0.33714285714285713
2021-12-17T00:00:00.000,14:20,40.872326,-73.83512,0,0,0,0,4087,-7383,0.3333333333333333
2021-12-17T00:00:00.000,18:13,40.68432,-73.769684,1,0,1,1,4068,-7376,0.35714285714285715
2021-12-12T00:00:00.000,17:37,40.88661,-73.90704,0,0,0,0,4088,-7390,0.2702702702702703
2021-12-16T00:00:00.000,19:30,40.718224,-73.79504,0,0,0,0,4071,-7379,0.3888888888888889
2021-12-15T00:00:00.000,11:58,40.82803,-73.934845,3,0,1,1,4082,-7393,0.36645962732919257
2021-12-15T00:00:00.000,13:24,40.76531,-73.96385,0,0,0,0,4076,-7396,0.3023255813953488
2021-12-15T00:00:00.000,6:27,40.72224,-73.9863,0,0,0,0,4072,-7398,0.4342105263157895
2021-12-17T00:00:00.000,20:02,40.62147,-73.95072,2,0,1,1,4062,-7395,0.4444444444444444
2023-01-17T00:00:00.000,18:45,40.630787,-73.99568,1,0,1,1,4063,-7399,0.47692307692307695
2021-12-15T00:00:00.000,8:30,40.65953,-73.73261,1,0,1,1,4065,-7373,0.3
2021-12-16T00:00:00.000,7:09,40.59539,-73.769615,0,0,0,0,4059,-7376,0.23809523809523808
2021-12-17T00:00:00.000,15:30,40.704327,-73.797714,0,0,0,0,4070,-7379,0.3978494623655914
2021-12-16T00:00:00.000,15:40,40.71747,-74.0107,0,0,0,0,4071,-7401,0.3181818181818182
2021-12-15T00:00:00.000,17:18,40.641987,-74.01724,0,0,0,0,4064,-7401,0.4295774647887324
2021-12-17T00:00:00.000,8:38,40.680923,-73.75065,0,0,0,0,4068,-7375,0.3877551020408163
2021-12-17T00:00:00.000,15:50,40.868015,-73.89129,0,0,0,0,4086,-7389,0.40606060606060607
2021-12-17T00:00:00.000,4:10,40.742645,-73.98246,0,0,0,0,4074,-7398,0.40131578947368424
2021-12-10T00:00:00.000,17:35,40.6771,-73.92479,0,0,0,0,4067,-7392,0.39655172413793105
2021-12-17T00:00:00.000,20:27,40.761375,-73.98781,0,0,0,0,4076,-7398,0.3081761006289308
2021-12-16T00:00:00.000,22:40,40.65276,-74.00235,0,0,0,0,4065,-7400,0.41509433962264153
2021-12-17T00:00:00.000,23:16,40.699177,-73.9605,0,0,0,0,4069,-7396,0.325
2021-12-15T00:00:00.000,8:10,40.84023,-73.880104,1,0,1,1,4084,-7388,0.390625
2021-12-15T00:00:00.000,16:30,40.691265,-73.9051,1,0,1,1,4069,-7390,0.29591836734693877
2021-12-15T00:00:00.000,17:09,40.75062,-73.870285,1,0,1,1,4075,-7387,0.33884297520661155
2021-12-17T00:00:00.000,10:15,40.72921,-73.781166,0,0,0,0,4072,-7378,0.4
2021-12-15T00:00:00.000,19:21,40.69939,-73.91938,0,0,0,0,4069,-7391,0.2709677419354839
2021-12-15T00:00:00.000,8:39,40.60307,-74.01667,3,0,1,1,4060,-7401,0.30357142857142855
2021-12-15T00:00:00.000,19:00,40.619507,-74.15036,1,0,1,1,4061,-7415,0.3333333333333333
2021-12-17T00:00:00.000,15:50,40.725636,-73.843254,0,0,0,0,4072,-7384,0.2711864406779661
2021-12-15T00:00:00.000,22:00,40.8606,-73.91102,0,0,0,0,4086,-7391,0.38016528925619836
2021-12-04T00:00:00.000,22:18,40.563145,-74.10787,1,1,2,1,4056,-7410,0.4
2021-12-17T00:00:00.000,12:40,40.758224,-73.91741,1,0,1,1,4075,-7391,0.4777777777777778
2021-12-15T00:00:00.000,9:00,40.7068,-73.96325,0,0,0,0,4070,-7396,0.3431372549019608
2021-12-15T00:00:00.000,11:00,40.774612,-73.92399,1,0,1,1,4077,-7392,0.3269230769230769
2021-12-13T00:00:00.000,8:50,40.655422,-73.95007,0,0,0,0,4065,-7395,0.38686131386861317
2021-12-15T00:00:00.000,22:25,40.696556,-73.98091,1,0,1,1,4069,-7398,0.3229166666666667
2021-12-15T00:00:00.000,8:00,40.652267,-73.92075,1,0,1,1,4065,-7392,0.35555555555555557
2021-12-17T00:00:00.000,16:46,0.0,0.0,0,0,0,0,0,0,0.40425531914893614
2021-12-15T00:00:00.000,12:40,40.622963,-73.965866,1,0,1,1,4062,-7396,0.375
2021-12-16T00:00:00.000,12:59,40.810184,-73.95118,1,0,1,1,4081,-7395,0.3509933774834437
2021-12-15T00:00:00.000,14:40,40.87188,-73.9111,0,0,0,0,4087,-7391,0.25925925925925924
2021-12-16T00:00:00.000,22:45,40.755066,-73.84419,0,0,0,0,4075,-7384,0.25
2021-12-17T00:00:00.000,16:50,40.684372,-73.90913,0,0,0,0,4068,-7390,0.4421052631578947
2021-12-13T00:00:00.000,1:12,40.682537,-73.95002,0,0,0,0,4068,-7395,0.38571428571428573
2021-12-16T00:00:00.000,16:40,40.593967,-73.97899,0,0,0,0,4059,-7397,0.3191489361702128
2021-12-16T00:00:00.000,8:50,40.88905,-73.84221,0,0,0,0,4088,-7384,0.4153846153846154
2021-12-16T00:00:00.000,12:30,40.7103,-74.00106,0,0,0,0,4071,-7400,0.25517241379310346
2021-12-17T00:00:00.000,22:46,40.55349,-74.13178,1,0,1,1,4055,-7413,0.2777777777777778
2021-11-24T00:00:00.000,11:30,40.669273,-73.922554,1,0,1,1,4066,-7392,0.355
2021-12-17T00:00:00.000,16:40,40.861164,-73.857574,1,0,1,1,4086,-7385,0.5
2021-12-14T00:00:00.000,18:47,40.681675,-73.879135,1,0,1,1,4068,-7387,0.24719101123595505
2021-12-15T00:00:00.000,7:11,40.71495,-74.0097,1,0,1,1,4071,-7400,0.25517241379310346
2021-12-15T00:00:00.000,20:13,40.64509,-73.90637,2,0,1,1,4064,-7390,0.4017094017094017
2021-12-16T00:00:00.000,23:23,40.771088,-73.98343,0,0,0,0,4077,-7398,0.38028169014084506
2021-12-17T00:00:00.000,17:23,40.88899,-73.84361,0,0,0,0,4088,-7384,0.4153846153846154
2021-12-16T00:00:00.000,14:04,40.682446,-73.911674,3,0,1,1,4068,-7391,0.344
2021-12-17T00:00:00.000,7:22,40.70089,-73.89336,0,0,0,0,4070,-7389,0.2711864406779661
2021-12-16T00:00:00.000,23:10,40.6901,-73.87214,0,0,0,0,4069,-7387,0.5
2021-12-09T00:00:00.000,7:15,40.643497,-74.07418,0,0,0,0,4064,-7407,0.2222222222222222
2021-12-07T00:00:00.000,16:00,40.788937,-73.94254,0,0,0,0,4078,-7394,0.33513513513513515
2021-12-12T00:00:00.000,0:32,40.67888,-73.93561,0,0,0,0,4067,-7393,0.3755868544600939
2021-12-08T00:00:00.000,21:21,40.695377,-73.94921,0,0,0,0,4069,-7394,0.417910447761194
2021-12-15T00:00:00.000,1:00,40.69098,-73.74878,1,0,1,1,4069,-7374,0.46774193548387094
2021-12-16T00:00:00.000,1:00,40.745876,-73.77225,0,0,0,0,4074,-7377,0.36363636363636365
2021-12-16T00:00:00.000,19:28,40.746788,-73.827156,2,0,1,1,4074,-7382,0.4057971014492754
2021-12-15T00:00:00.000,14:55,40.62125,-74.00899,0,0,0,0,4062,-7400,0.3150684931506849
2021-12-16T00:00:00.000,13:10,40.868557,-73.870514,0,0,0,0,4086,-7387,0.34545454545454546
2021-12-16T00:00:00.000,9:14,40.680485,-73.774704,0,0,0,0,4068,-7377,0.3673469387755102
2021-12-17T00:00:00.000,19:20,40.603874,-73.99544,0,0,0,0,4060,-7399,0.31683168316831684
2021-12-15T00:00:00.000,17:34,40.631157,-74.14692,0,0,0,0,4063,-7414,0.5769230769230769
2021-12-17T00:00:00.000,8:23,40.615772,-73.98308,0,0,0,0,4061,-7398,0.3698630136986301
2021-12-13T00:00:00.000,2:56,40.812073,-73.93604,2,0,1,1,4081,-7393,0.32432432432432434
2021-12-17T00:00:00.000,16:30,40.706757,-73.94141,0,0,0,0,4070,-7394,0.3956043956043956
2021-12-16T00:00:00.000,12:40,40.747772,-73.985054,0,0,0,0,4074,-7398,0.40131578947368424
2021-12-16T00:00:00.000,0:35,40.75355,-73.98505,0,0,0,0,4075,-7398,0.3170731707317073
2021-12-16T00:00:00.000,9:58,40.810307,-73.951515,0,0,0,0,4081,-7395,0.3509933774834437
2021-12-17T00:00:00.000,18:55,40.712635,-73.83462,0,0,0,0,4071,-7383,0.37349397590361444
2021-12-17T00:00:00.000,0:45,40.716362,-73.743904,0,0,0,0,4071,-7374,0.23404255319148937
2021-12-16T00:00:00.000,4:00,40.74344,-73.87675,0,0,0,0,4074,-7387,0.25663716814159293
2021-12-15T00:00:00.000,7:00,40.67677,-73.88949,1,0,1,1,4067,-7388,0.30434782608695654
2021-11-19T00:00:00.000,8:18,40.875492,-73.86052,0,0,0,0,4087,-7386,0.3142857142857143
2021-12-15T00:00:00.000,16:01,40.6922,-73.79173,0,0,0,0,4069,-7379,0.25925925925925924
2021-12-16T00:00:00.000,15:51,40.608833,-74.12118,1,0,1,1,4060,-7412,0.2608695652173913
2021-12-17T00:00:00.000,18:28,40.88288,-73.8632,0,0,0,0,4088,-7386,0.23809523809523808
2021-12-16T00:00:00.000,0:32,40.798023,-73.9342,0,0,0,0,4079,-7393,0.36585365853658536
2021-12-17T00:00:00.000,20:15,40.82821,-73.83556,0,0,0,0,4082,-7383,0.34210526315789475
2021-12-17T00:00:00.000,9:50,40.634827,-73.98426,0,0,0,0,4063,-7398,0.4827586206896552
2021-12-17T00:00:00.000,19:35,40.69603,-73.943535,1,0,1,1,4069,-7394,0.417910447761194
2021-12-17T00:00:00.000,10:30,40.888954,-73.898544,0,0,0,0,4088,-7389,0.4626865671641791
2021-12-15T00:00:00.000,16:50,40.67765,-73.949776,0,0,0,0,4067,-7394,0.34074074074074073
2021-12-15T00:00:00.000,20:15,40.641212,-73.96444,1,0,1,1,4064,-7396,0.4714285714285714
2021-12-17T00:00:00.000,10:55,40.591927,-74.13646,0,0,0,0,4059,-7413,0.0
2021-12-14T00:00:00.000,22:24,40.639305,-73.95898,1,0,1,1,4063,-7395,0.48484848484848486
2021-12-16T00:00:00.000,17:00,40.67187,-73.95464,1,0,1,1,4067,-7395,0.3695652173913043
2021-12-15T00:00:00.000,17:00,40.84882,-73.85467,1,0,1,1,4084,-7385,0.32727272727272727
2021-12-12T00:00:00.000,7:30,40.67357,-73.95294,0,0,0,0,4067,-7395,0.3695652173913043
2021-12-15T00:00:00.000,8:50,40.7242,-73.93765,1,0,1,1,4072,-7393,0.36507936507936506
2021-12-16T00:00:00.000,11:50,40.675434,-73.97797,1,0,1,1,4067,-7397,0.2818181818181818
2021-12-13T00:00:00.000,14:33,40.820984,-73.93959,0,0,0,0,4082,-7393,0.36645962732919257
2021-12-14T00:00:00.000,11:45,40.72071,-73.99582,1,0,1,1,4072,-7399,0.3829787234042553
2021-12-16T00:00:00.000,20:50,40.708427,-73.905525,2,0,1,1,4070,-7390,0.37894736842105264
2021-12-11T00:00:00.000,14:25,40.86369,-73.91707,1,0,1,1,4086,-7391,0.38016528925619836
2021-12-15T00:00:00.000,16:30,40.84271,-73.851166,0,0,0,0,4084,-7385,0.32727272727272727
2021-12-14T00:00:00.000,2:15,40.58516,-73.9874,0,0,0,0,4058,-7398,0.4
2021-12-15T00:00:00.000,3:00,40.73374,-74.0063,0,0,0,0,4073,-7400,0.2403846153846154
2021-12-15T00:00:00.000,18:07,40.855244,-73.868675,0,0,0,0,4085,-7386,0.33766233766233766
2021-12-17T00:00:00.000,19:43,40.634354,-73.910675,0,0,0,0,4063,-7391,0.5
2021-12-15T00:00:00.000,16:05,40.798817,-73.96394,0,0,0,0,4079,-7396,0.25
2021-12-17T00:00:00.000,0:00,40.69819,-73.96191,0,0,0,0,4069,-7396,0.325
2021-12-17T00:00:00.000,6:40,40.77656,-73.95271,1,0,1,1,4077,-7395,0.3384615384615385
2021-12-17T00:00:00.000,12:12,40.754745,-73.99365,0,0,0,0,4075,-7399,0.2830188679245283
2021-12-16T00:00:00.000,21:50,40.744576,-73.996765,1,0,1,1,4074,-7399,0.3333333333333333
2021-12-15T00:00:00.000,23:25,40.707684,-73.72798,0,0,0,0,4070,-7372,0.4
2021-12-15T00:00:00.000,16:40,40.758533,-73.98885,1,0,1,1,4075,-7398,0.3170731707317073
2021-12-15T00:00:00.000,17:30,40.877174,-73.86457,0,0,0,0,4087,-7386,0.3142857142857143
2021-12-16T00:00:00.000,16:57,40.692345,-73.88179,2,0,1,1,4069,-7388,0.4375
2021-12-15T00:00:00.000,6:00,40.73274,-73.86836,0,0,0,0,4073,-7386,0.3464566929133858
2022-07-09T00:00:00.000,13:27,40.671604,-73.72807,1,0,1,1,4067,-7372,0.3888888888888889
2021-12-13T00:00:00.000,20:18,40.639908,-73.994354,1,0,1,1,4063,-7399,0.47692307692307695
2021-12-15T00:00:00.000,2:25,40.674557,-73.859604,1,0,1,1,4067,-7385,0.26666666666666666
2021-12-16T00:00:00.000,18:00,40.67484,-73.82344,2,0,1,1,4067,-7382,0.4186046511627907
2021-12-17T00:00:00.000,1:50,40.653564,-73.934494,0,0,0,0,4065,-7393,0.44366197183098594
2021-12-14T00:00:00.000,8:05,40.628414,-73.94139,0,0,0,0,4062,-7394,0.41379310344827586
2021-12-16T00:00:00.000,18:11,40.85713,-73.8808,1,0,1,1,4085,-7388,0.3
2021-12-15T00:00:00.000,7:59,40.822235,-73.88746,0,0,0,0,4082,-7388,0.27624309392265195
2021-12-16T00:00:00.000,8:00,40.84095,-73.939476,2,0,1,1,4084,-7393,0.32786885245901637
2021-12-14T00:00:00.000,17:49,40.675682,-73.86607,0,0,0,0,4067,-7386,0.3431372549019608
2021-12-12T00:00:00.000,15:10,40.710976,-73.97962,0,0,0,0,4071,-7397,0.41509433962264153
2021-12-12T00:00:00.000,0:04,40.768833,-73.89063,0,0,0,0,4076,-7389,0.35185185185185186
2021-11-26T00:00:00.000,14:00,40.902428,-73.85125,0,0,0,0,4090,-7385,0.42105263157894735
2021-12-17T00:00:00.000,8:23,40.703075,-73.79064,0,0,0,0,4070,-7379,0.3978494623655914
2021-12-17T00:00:00.000,15:30,40.62423,-73.93858,0,0,0,0,4062,-7393,0.4444444444444444
2021-12-14T00:00:00.000,14:35,40.709614,-73.805115,2,0,1,1,4070,-7380,0.3877551020408163
2021-12-16T00:00:00.000,17:15,40.738586,-73.80839,0,0,0,0,4073,-7380,0.34285714285714286
2021-12-11T00:00:00.000,16:20,40.67969,-73.77709,1,0,1,1,4067,-7377,0.32608695652173914
2021-12-16T00:00:00.000,13:22,40.79793,-73.934,1,0,1,1,4079,-7393,0.36585365853658536
2021-12-17T00:00:00.000,9:28,40.634964,-73.932076,1,0,1,1,4063,-7393,0.46153846153846156
2021-12-16T00:00:00.000,21:50,40.75719,-73.89041,2,0,1,1,4075,-7389,0.4805194805194805
2021-12-14T00:00:00.000,14:51,40.581516,-73.96734,1,0,1,1,4058,-7396,0.37333333333333335
2021-11-26T00:00:00.000,15:18,40.73664,-73.86584,1,0,1,1,4073,-7386,0.3464566929133858
2021-12-17T00:00:00.000,12:44,40.872112,-73.88786,2,0,1,1,4087,-7388,0.3561643835616438
2021-12-14T00:00:00.000,14:09,40.871315,-73.860374,1,0,1,1,4087,-7386,0.3142857142857143
2021-12-16T00:00:00.000,0:50,40.600136,-74.00271,0,0,0,0,4060,-7400,0.24074074074074073
2021-12-16T00:00:00.000,9:52,40.67762,-73.75055,0,0,0,0,4067,-7375,0.2608695652173913
2021-12-17T00:00:00.000,15:16,40.742874,-73.933945,1,0,1,1,4074,-7393,0.3333333333333333
2021-12-13T00:00:00.000,14:15,40.814934,-73.89765,2,0,1,1,4081,-7389,0.31543624161073824
2021-12-15T00:00:00.000,13:50,40.8122,-73.94226,1,0,1,1,4081,-7394,0.38
2021-12-15T00:00:00.000,18:33,40.750732,-73.87035,0,0,0,0,4075,-7387,0.33884297520661155
2021-12-15T00:00:00.000,0:10,40.804375,-73.93742,1,0,1,1,4080,-7393,0.36312849162011174
2021-12-15T00:00:00.000,12:00,40.697998,-73.84043,0,0,0,0,4069,-7384,0.26666666666666666
2021-12-15T00:00:00.000,13:40,40.729065,-73.984215,0,0,0,0,4072,-7398,0.4342105263157895
2021-12-16T00:00:00.000,13:47,40.66708,-73.81033,1,0,1,1,4066,-7381,0.4716981132075472
2021-12-15T00:00:00.000,15:23,40.74504,-73.936195,0,0,0,0,4074,-7393,0.3333333333333333
2021-12-15T00:00:00.000,8:05,40.759407,-73.85713,0,0,0,0,4075,-7385,0.3048780487804878
2021-12-13T00:00:00.000,18:00,40.88093,-73.83335,0,0,0,0,4088,-7383,0.3448275862068966
2021-12-16T00:00:00.000,11:37,40.776997,-73.8148,2,0,1,1,4077,-7381,0.3157894736842105
2021-12-15T00:00:00.000,14:10,40.688835,-73.97694,0,0,0,0,4068,-7397,0.3412322274881517
2021-12-14T00:00:00.000,22:30,40.63201,-73.90561,2,0,1,1,4063,-7390,0.3561643835616438
2021-12-16T00:00:00.000,2:20,40.642826,-73.955505,2,0,1,1,4064,-7395,0.4796747967479675
2021-12-17T00:00:00.000,14:17,40.74152,-73.98174,0,0,0,0,4074,-7398,0.40131578947368424
2021-12-16T00:00:00.000,6:36,40.74499,-73.871544,0,0,0,0,4074,-7387,0.25663716814159293
2021-12-15T00:00:00.000,8:30,40.875225,-73.873535,0,0,0,0,4087,-7387,0.297029702970297
2021-11-21T00:00:00.000,1:50,40.6965,-73.9285,0,0,0,0,4069,-7392,0.3584905660377358
2021-12-15T00:00:00.000,6:25,40.64472,-73.94121,1,0,1,1,4064,-7394,0.42342342342342343
2023-01-13T00:00:00.000,15:15,40.600555,-73.94064,0,0,0,0,4060,-7394,0.5217391304347826
2021-12-06T00:00:00.000,20:40,40.687782,-73.91907,1,0,1,1,4068,-7391,0.344
2021-12-17T00:00:00.000,9:30,40.793888,-73.94301,0,0,0,0,4079,-7394,0.3523809523809524
2021-12-16T00:00:00.000,11:38,40.60874,-73.74764,0,0,0,0,4060,-7374,0.15789473684210525
2021-12-14T00:00:00.000,20:20,40.70636,-73.792534,0,0,0,0,4070,-7379,0.3978494623655914
2021-12-15T00:00:00.000,16:45,40.546955,-74.18129,0,0,0,0,4054,-7418,0.1875
2021-12-17T00:00:00.000,13:15,40.729446,-74.00518,1,0,1,1,4072,-7400,0.32926829268292684
2021-12-17T00:00:00.000,8:59,40.73555,-73.979355,1,0,1,1,4073,-7397,0.32558139534883723
2021-12-16T00:00:00.000,12:00,40.763687,-73.81444,1,0,1,1,4076,-7381,0.4716981132075472
2021-12-13T00:00:00.000,12:00,40.67873,-73.932976,0,0,0,0,4067,-7393,0.3755868544600939
2021-12-15T00:00:00.000,10:10,40.826275,-73.85971,0,0,0,0,4082,-7385,0.27
2021-12-15T00:00:00.000,12:08,40.653854,-74.00817,2,0,1,1,4065,-7400,0.41509433962264153
2021-12-17T00:00:00.000,17:01,40.685856,-73.79548,1,0,1,1,4068,-7379,0.35
2021-12-16T00:00:00.000,17:00,40.882046,-73.83677,0,0,0,0,4088,-7383,0.3448275862068966
2021-12-14T00:00:00.000,14:00,40.661015,-73.90853,0,0,0,0,4066,-7390,0.2777777777777778
2021-12-11T00:00:00.000,20:00,40.6709,-73.95319,0,0,0,0,4067,-7395,0.3695652173913043
2021-12-17T00:00:00.000,12:45,40.673027,-73.90576,0,0,0,0,4067,-7390,0.3282442748091603
2021-12-15T00:00:00.000,9:44,40.742523,-73.94924,0,0,0,0,4074,-7394,0.33962264150943394
2021-12-15T00:00:00.000,17:37,40.75855,-73.82964,1,0,1,1,4075,-7382,0.4915254237288136
2021-12-15T00:00:00.000,7:00,40.747334,-73.73681,0,0,0,0,4074,-7373,0.4
2021-12-16T00:00:00.000,10:24,40.84685,-73.91295,0,0,0,0,4084,-7391,0.32558139534883723
2021-12-16T00:00:00.000,12:10,40.709682,-73.89891,2,0,1,1,4070,-7389,0.2711864406779661
2021-12-13T00:00:00.000,10:21,40.668682,-73.75973,0,0,0,0,4066,-7375,0.3
2021-12-15T00:00:00.000,13:08,40.6686,-73.73676,1,0,1,1,4066,-7373,0.44339622641509435
2021-12-14T00:00:00.000,18:20,40.681118,-73.96443,0,0,0,0,4068,-7396,0.42567567567567566
2021-12-15T00:00:00.000,8:30,40.663036,-73.78103,0,0,0,0,4066,-7378,0.34615384615384615
2021-12-17T00:00:00.000,13:25,40.715996,-74.0071,1,0,1,1,4071,-7400,0.25517241379310346
2021-12-11T00:00:00.000,23:15,40.706062,-73.91626,0,0,0,0,4070,-7391,0.27450980392156865
2021-12-17T00:00:00.000,5:20,40.824417,-73.87357,0,0,0,0,4082,-7387,0.33544303797468356
2021-12-15T00:00:00.000,15:37,40.65616,-73.76736,0,0,0,0,4065,-7376,0.35714285714285715
2021-12-16T00:00:00.000,0:19,40.641727,-73.907646,1,0,1,1,4064,-7390,0.4017094017094017
2021-12-14T00:00:00.000,10:10,40.67223,-73.88928,0,0,0,0,4067,-7388,0.30434782608695654
2021-12-16T00:00:00.000,17:10,40.726185,-73.98943,1,0,1,1,4072,-7398,0.4342105263157895
2021-12-16T00:00:00.000,22:30,40.77334,-73.94902,1,0,1,1,4077,-7394,0.28
2021-12-16T00:00:00.000,8:04,40.621563,-73.939125,3,0,1,1,4062,-7393,0.4444444444444444
2021-12-17T00:00:00.000,18:21,40.764435,-73.72269,0,0,0,0,4076,-7372,0.3333333333333333
2021-12-15T00:00:00.000,15:00,40.63057,-73.92712,2,0,1,1,4063,-7392,0.4036697247706422
2021-12-14T00:00:00.000,11:55,40.890648,-73.84875,0,0,0,0,4089,-7384,0.3333333333333333
2021-12-16T00:00:00.000,19:17,40.799633,-73.9617,0,0,0,0,4079,-7396,0.25
2021-12-05T00:00:00.000,18:30,40.827824,-73.91934,0,0,0,0,4082,-7391,0.3355263157894737
2021-12-16T00:00:00.000,9:34,40.650387,-73.95872,2,0,1,1,4065,-7395,0.38686131386861317
2021-12-17T00:00:00.000,10:58,40.713924,-73.92256,1,0,1,1,4071,-7392,0.2777777777777778
2021-12-14T00:00:00.000,18:00,40.82422,-73.9409,0,0,0,0,4082,-7394,0.3812154696132597
2021-12-16T00:00:00.000,8:31,40.715153,-73.94535,0,0,0,0,4071,-7394,0.3710691823899371
2021-12-12T00:00:00.000,10:00,40.71635,-73.80795,0,0,0,0,4071,-7380,0.42105263157894735
2021-12-15T00:00:00.000,6:22,40.83027,-73.94393,1,0,1,1,4083,-7394,0.38926174496644295
2021-12-16T00:00:00.000,20:48,40.74551,-74.00204,1,0,1,1,4074,-7400,0.27710843373493976
2021-12-16T00:00:00.000,8:40,40.73239,-73.81098,0,0,0,0,4073,-7381,0.3181818181818182
2021-12-16T00:00:00.000,18:07,40.86315,-73.90907,0,0,0,0,4086,-7390,0.42748091603053434
2021-12-15T00:00:00.000,20:21,40.72132,-73.99799,0,0,0,0,4072,-7399,0.3829787234042553
2021-12-15T00:00:00.000,19:00,40.75133,-73.99142,0,0,0,0,4075,-7399,0.2830188679245283
2021-12-17T00:00:00.000,17:00,40.744812,-73.74929,0,0,0,0,4074,-7374,0.0
2021-12-16T00:00:00.000,7:32,40.613052,-73.94913,1,0,1,1,4061,-7394,0.48484848484848486
2021-12-17T00:00:00.000,21:20,40.70386,-73.93838,0,0,0,0,4070,-7393,0.3300970873786408
2021-12-15T00:00:00.000,16:11,40.78202,-73.97173,0,0,0,0,4078,-7397,0.3434343434343434
2021-12-15T00:00:00.000,19:25,40.701126,-73.954796,0,0,0,0,4070,-7395,0.3475177304964539
2021-12-14T00:00:00.000,17:20,40.728294,-73.75037,0,0,0,0,4072,-7375,0.2727272727272727
2021-12-16T00:00:00.000,12:30,40.86713,-73.883835,1,0,1,1,4086,-7388,0.23943661971830985
2021-11-25T00:00:00.000,17:45,40.657177,-73.94912,0,0,0,0,4065,-7394,0.43137254901960786
2021-12-17T00:00:00.000,19:22,40.734375,-73.87342,2,0,1,1,4073,-7387,0.3140495867768595
2021-12-15T00:00:00.000,23:43,40.76213,-73.7295,1,0,1,1,4076,-7372,0.3333333333333333
2021-12-17T00:00:00.000,17:10,40.635136,-73.91388,0,0,0,0,4063,-7391,0.5
2021-12-15T00:00:00.000,6:00,40.826622,-73.930984,1,0,1,1,4082,-7393,0.36645962732919257
2021-12-16T00:00:00.000,21:00,40.680424,-73.73401,0,0,0,0,4068,-7373,0.29411764705882354
2021-12-16T00:00:00.000,6:40,40.58313,-73.9654,0,0,0,0,4058,-7396,0.37333333333333335
2021-12-16T00:00:00.000,23:00,40.65658,-73.88586,0,0,0,0,4065,-7388,0.41509433962264153
2021-12-16T00:00:00.000,18:20,40.84105,-73.94469,0,0,0,0,4084,-7394,0.17543859649122806
2021-12-15T00:00:00.000,8:45,40.69985,-73.991035,2,0,1,1,4069,-7399,0.29473684210526313
2021-12-15T00:00:00.000,16:45,40.654133,-73.91234,0,0,0,0,4065,-7391,0.425
2021-12-15T00:00:00.000,20:50,40.6335,-73.99565,0,0,0,0,4063,-7399,0.47692307692307695
2021-12-16T00:00:00.000,13:23,40.616005,-73.97326,0,0,0,0,4061,-7397,0.421875
2021-12-14T00:00:00.000,6:45,40.72013,-73.79038,0,0,0,0,4072,-7379,0.3333333333333333
2021-04-23T00:00:00.000,17:13,40.790554,-73.82255,0,0,0,0,4079,-7382,0.2
2021-12-16T00:00:00.000,12:53,40.81376,-73.913826,0,0,0,0,4081,-7391,0.47244094488188976
2021-12-16T00:00:00.000,10:55,40.751637,-73.90985,0,0,0,0,4075,-7390,0.37254901960784315
2021-12-17T00:00:00.000,1:00,40.647243,-73.96048,1,0,1,1,4064,-7396,0.4714285714285714
2021-12-17T00:00:00.000,11:30,40.691048,-73.986336,1,0,1,1,4069,-7398,0.3229166666666667
2021-12-14T00:00:00.000,7:14,40.812813,-73.94181,0,0,0,0,4081,-7394,0.38
2023-01-14T00:00:00.000,16:05,40.748444,-73.938736,0,0,0,0,4074,-7393,0.3333333333333333
2021-12-17T00:00:00.000,18:40,40.600243,-73.96454,0,0,0,0,4060,-7396,0.5714285714285714
2021-12-10T00:00:00.000,20:05,40.681767,-73.96754,1,0,1,1,4068,-7396,0.42567567567567566
2021-12-13T00:00:00.000,3:30,40.588966,-73.81145,1,0,1,1,4058,-7381,0.1875
2021-12-16T00:00:00.000,0:15,40.84955,-73.85305,0,2,2,1,4084,-7385,0.32727272727272727
2021-12-14T00:00:00.000,12:08,40.63075,-73.90419,0,0,0,0,4063,-7390,0.3561643835616438
2021-12-11T00:00:00.000,21:15,40.59702,-74.09339,1,0,1,1,4059,-7409,0.42857142857142855
2021-12-16T00:00:00.000,18:30,40.750507,-73.80302,1,0,1,1,4075,-7380,0.36363636363636365
2021-12-17T00:00:00.000,17:58,40.84036,-73.91807,0,0,0,0,4084,-7391,0.32558139534883723
2021-12-15T00:00:00.000,16:25,40.843853,-73.889465,1,0,1,1,4084,-7388,0.390625
2021-12-17T00:00:00.000,22:50,40.604736,-74.01023,0,0,0,0,4060,-7401,0.30357142857142855
2021-12-16T00:00:00.000,16:00,40.66937,-73.89523,1,0,1,1,4066,-7389,0.3103448275862069
2021-12-13T00:00:00.000,21:52,40.758976,-73.99394,1,0,1,1,4075,-7399,0.2830188679245283
2021-12-16T00:00:00.000,4:03,40.765087,-73.83704,0,0,0,0,4076,-7383,0.33695652173913043
2021-12-15T00:00:00.000,17:16,40.82458,-73.89885,0,0,0,0,4082,-7389,0.37423312883435583
2021-12-16T00:00:00.000,10:17,40.64439,-73.97158,0,0,0,0,4064,-7397,0.4095238095238095
2021-12-05T00:00:00.000,3:02,40.694088,-73.93427,4,0,1,1,4069,-7393,0.3141025641025641
2021-12-02T00:00:00.000,8:10,40.68185,-73.98004,1,0,1,1,4068,-7398,0.3873239436619718
2021-12-15T00:00:00.000,17:39,40.656544,-73.90546,1,0,1,1,4065,-7390,0.375
2021-12-13T00:00:00.000,13:10,40.702858,-73.85783,0,0,0,0,4070,-7385,0.39436619718309857
2021-12-16T00:00:00.000,10:00,40.70153,-73.92314,0,0,0,0,4070,-7392,0.24305555555555555
2021-12-15T00:00:00.000,7:50,40.83784,-73.88533,1,0,1,1,4083,-7388,0.26717557251908397
2023-01-05T00:00:00.000,10:20,40.83801,-73.87329,0,0,0,0,4083,-7387,0.38414634146341464
2021-09-13T00:00:00.000,4:17,40.84869,-73.90329,1,0,1,1,4084,-7390,0.366120218579235
2021-09-11T00:00:00.000,12:00,40.7743,-73.965385,0,0,0,0,4077,-7396,0.3695652173913043
2021-09-13T00:00:00.000,7:00,40.830845,-73.947235,0,0,0,0,4083,-7394,0.38926174496644295
2021-12-16T00:00:00.000,13:20,40.673107,-73.99959,2,0,1,1,4067,-7399,0.3258426966292135
2021-09-09T00:00:00.000,7:45,40.828297,-73.95087,0,0,0,0,4082,-7395,0.4117647058823529
2021-09-11T00:00:00.000,13:10,40.868748,-73.83172,0,0,0,0,4086,-7383,0.3448275862068966
2021-08-28T00:00:00.000,18:00,40.844013,-73.88832,1,0,1,1,4084,-7388,0.390625
2021-09-13T00:00:00.000,9:57,0.0,0.0,0,0,0,0,0,0,0.40425531914893614
2021-09-09T00:00:00.000,16:00,40.86816,-73.83148,0,0,0,0,4086,-7383,0.3448275862068966
2021-09-11T00:00:00.000,23:00,40.702713,-73.937325,0,0,0,0,4070,-7393,0.3300970873786408
2021-12-06T00:00:00.000,19:45,40.80777,-73.94549,1,0,1,1,4080,-7394,0.41116751269035534
2021-09-01T00:00:00.000,13:00,40.670116,-73.92248,1,0,1,1,4067,-7392,0.39655172413793105
2021-12-08T00:00:00.000,19:15,40.83517,-73.8668,0,0,0,0,4083,-7386,0.24822695035460993
2021-12-09T00:00:00.000,1:10,40.546707,-74.19913,0,0,0,0,4054,-7419,0.3333333333333333
2021-12-09T00:00:00.000,13:00,40.761612,-73.98453,0,0,0,0,4076,-7398,0.3081761006289308
2021-12-08T00:00:00.000,11:00,40.75056,-73.89644,0,0,0,0,4075,-7389,0.4805194805194805
2021-12-09T00:00:00.000,15:00,40.69831,-73.90684,0,0,0,0,4069,-7390,0.29591836734693877
2021-12-08T00:00:00.000,16:31,40.834667,-73.88936,0,0,0,0,4083,-7388,0.26717557251908397
2021-12-16T00:00:00.000,18:14,40.69819,-73.96191,0,0,0,0,4069,-7396,0.325
2021-12-11T00:00:00.000,19:30,40.659336,-73.92726,3,0,1,1,4065,-7392,0.35555555555555557
2021-12-16T00:00:00.000,6:39,40.81339,-73.95627,1,0,1,1,4081,-7395,0.3509933774834437
2021-12-17T00:00:00.000,23:44,40.851765,-73.94191,0,0,0,0,4085,-7394,0.2727272727272727
2021-12-15T00:00:00.000,16:08,40.837933,-73.87167,0,0,0,0,4083,-7387,0.38414634146341464
2021-12-16T00:00:00.000,7:20,40.8223,-73.873,0,0,0,0,4082,-7387,0.33544303797468356
2021-12-15T00:00:00.000,10:40,40.817574,-73.90359,1,0,1,1,4081,-7390,0.3888888888888889
2021-09-14T00:00:00.000,19:22,40.609642,-73.89738,0,0,0,0,4060,-7389,0.625
2021-09-14T00:00:00.000,0:15,40.851048,-73.92155,0,0,0,0,4085,-7392,0.22
2021-09-14T00:00:00.000,9:25,40.669384,-73.81447,0,0,0,0,4066,-7381,0.4716981132075472
2021-09-11T00:00:00.000,20:41,40.664165,-73.990555,1,0,1,1,4066,-7399,0.40540540540540543
2021-08-27T00:00:00.000,16:55,40.703598,-74.0144,1,0,1,1,4070,-7401,0.140625
2021-08-11T00:00:00.000,10:15,40.704823,-73.92459,0,0,0,0,4070,-7392,0.24305555555555555
2021-09-14T00:00:00.000,0:02,40.594616,-73.99743,3,0,1,1,4059,-7399,0.3076923076923077
2021-09-14T00:00:00.000,17:33,40.73687,-73.928505,0,0,0,0,4073,-7392,0.4444444444444444
2021-09-14T00:00:00.000,11:39,40.7598,-73.936646,0,0,0,0,4075,-7393,0.43478260869565216
2021-09-14T00:00:00.000,15:30,40.654015,-73.95956,1,0,1,1,4065,-7395,0.38686131386861317
2021-09-14T00:00:00.000,9:25,40.671585,-73.99843,0,0,0,0,4067,-7399,0.3258426966292135
2021-09-13T00:00:00.000,18:14,40.710083,-74.00434,0,0,0,0,4071,-7400,0.25517241379310346
2021-09-14T00:00:00.000,2:10,40.670006,-73.95328,1,0,1,1,4067,-7395,0.3695652173913043
2021-09-14T00:00:00.000,13:40,40.611374,-73.962654,0,0,0,0,4061,-7396,0.30666666666666664
2021-09-02T00:00:00.000,11:40,40.752975,-73.91024,0,0,0,0,4075,-7391,0.4777777777777778
2021-09-10T00:00:00.000,9:43,40.73817,-73.97761,0,0,0,0,4073,-7397,0.32558139534883723
2021-09-14T00:00:00.000,22:00,40.642384,-73.92539,1,0,1,1,4064,-7392,0.4077669902912621
2021-09-14T00:00:00.000,6:45,40.832897,-73.862274,0,0,0,0,4083,-7386,0.24822695035460993
2021-09-14T00:00:00.000,9:15,40.766552,-73.77255,0,0,0,0,4076,-7377,0.20588235294117646
2021-09-14T00:00:00.000,8:15,40.784515,-73.94983,0,0,0,0,4078,-7394,0.33513513513513515
2021-09-14T00:00:00.000,4:57,40.686935,-73.87323,3,0,1,1,4068,-7387,0.24719101123595505
2021-09-14T00:00:00.000,0:01,40.67386,-73.88259,0,0,0,0,4067,-7388,0.30434782608695654
2021-09-14T00:00:00.000,8:00,40.795456,-73.96564,0,0,0,0,4079,-7396,0.25
2021-09-14T00:00:00.000,7:15,40.67655,-73.91465,0,0,0,0,4067,-7391,0.36597938144329895
2021-09-14T00:00:00.000,13:40,40.833767,-73.87738,0,0,0,0,4083,-7387,0.38414634146341464
2021-09-02T00:00:00.000,17:00,40.834515,-73.91771,0,0,0,0,4083,-7391,0.33714285714285713
2021-09-14T00:00:00.000,15:30,40.605568,-74.03118,0,0,0,0,4060,-7403,0.3
2021-09-14T00:00:00.000,11:20,40.756096,-73.74655,0,0,0,0,4075,-7374,0.3333333333333333
2021-09-14T00:00:00.000,13:30,40.798584,-73.93353,1,0,1,1,4079,-7393,0.36585365853658536
2021-09-14T00:00:00.000,13:55,40.7467,-73.93128,1,0,1,1,4074,-7393,0.3333333333333333
2021-09-14T00:00:00.000,5:47,40.57278,-74.138145,0,0,0,0,4057,-7413,0.125
2021-09-14T00:00:00.000,17:15,40.678303,-73.87289,0,0,0,0,4067,-7387,0.30344827586206896
2021-09-14T00:00:00.000,9:22,40.81572,-73.925064,1,0,1,1,4081,-7392,0.4714285714285714
2021-09-14T00:00:00.000,9:00,40.75472,-73.81704,0,0,0,0,4075,-7381,0.35
2021-09-14T00:00:00.000,7:00,40.874756,-73.87387,0,0,0,0,4087,-7387,0.297029702970297
2021-09-14T00:00:00.000,12:40,40.743446,-74.00355,0,0,0,0,4074,-7400,0.27710843373493976
2021-09-14T00:00:00.000,17:30,40.683132,-73.88259,0,0,0,0,4068,-7388,0.36538461538461536
2021-09-14T00:00:00.000,8:38,40.780857,-73.960915,0,0,0,0,4078,-7396,0.28125
2021-09-14T00:00:00.000,9:57,40.660442,-73.95688,1,0,1,1,4066,-7395,0.44375
2021-09-14T00:00:00.000,15:30,40.70547,-73.95024,0,0,0,0,4070,-7395,0.3475177304964539
2021-09-08T00:00:00.000,4:52,40.853664,-73.83381,0,0,0,0,4085,-7383,0.25
2021-09-14T00:00:00.000,23:45,40.681686,-73.87157,0,0,0,0,4068,-7387,0.24719101123595505
2021-09-14T00:00:00.000,23:30,40.68085,-73.79907,2,0,1,1,4068,-7379,0.35
2021-09-14T00:00:00.000,16:59,40.78744,-73.94478,1,0,1,1,4078,-7394,0.33513513513513515
2021-09-14T00:00:00.000,13:30,40.785786,-73.978546,2,0,1,1,4078,-7397,0.3434343434343434
2021-09-11T00:00:00.000,1:28,40.79599,-73.96896,1,1,2,1,4079,-7396,0.25
2021-09-14T00:00:00.000,17:25,40.690918,-73.7623,0,0,0,0,4069,-7376,0.3392857142857143
2021-09-08T00:00:00.000,21:40,40.73529,-73.98782,0,0,0,0,4073,-7398,0.36942675159235666
2021-09-14T00:00:00.000,0:24,40.643005,-74.00533,0,0,0,0,4064,-7400,0.36764705882352944
2021-09-14T00:00:00.000,16:50,40.73677,-73.80475,2,0,1,1,4073,-7380,0.34285714285714286
2021-09-14T00:00:00.000,16:30,40.661835,-73.893105,0,0,0,0,4066,-7389,0.3103448275862069
2021-09-14T00:00:00.000,16:35,40.652767,-73.8863,1,0,1,1,4065,-7388,0.41509433962264153
2021-09-14T00:00:00.000,17:50,40.73635,-73.97502,0,0,0,0,4073,-7397,0.32558139534883723
2021-09-14T00:00:00.000,17:28,40.654457,-73.90878,0,0,0,0,4065,-7390,0.375
2021-09-14T00:00:00.000,0:05,40.7966,-73.929,0,0,0,0,4079,-7392,0.4
2021-09-14T00:00:00.000,13:20,40.60799,-73.97173,0,0,0,0,4060,-7397,0.3469387755102041
2021-09-14T00:00:00.000,8:10,40.70064,-73.93647,2,0,1,1,4070,-7393,0.3300970873786408
2021-09-14T00:00:00.000,8:16,40.636932,-73.99982,1,0,1,1,4063,-7399,0.47692307692307695
2021-09-14T00:00:00.000,9:40,40.683723,-73.96797,1,0,1,1,4068,-7396,0.42567567567567566
2021-09-14T00:00:00.000,18:00,40.85543,-73.855354,0,0,0,0,4085,-7385,0.3125
2021-09-14T00:00:00.000,16:40,40.75892,-73.999695,1,0,1,1,4075,-7399,0.2830188679245283
2021-09-14T00:00:00.000,14:30,40.668293,-73.97924,0,0,0,0,4066,-7397,0.24390243902439024
2021-09-14T00:00:00.000,14:45,40.721375,-73.7903,1,0,1,1,4072,-7379,0.3333333333333333
2021-09-14T00:00:00.000,15:00,40.607002,-73.988556,0,0,0,0,4060,-7398,0.2711864406779661
2021-09-14T00:00:00.000,22:53,40.749676,-73.94372,0,0,0,0,4074,-7394,0.33962264150943394
2021-09-14T00:00:00.000,17:50,40.769634,-73.98578,0,0,0,0,4076,-7398,0.3081761006289308
2021-09-14T00:00:00.000,16:27,40.648567,-73.95765,0,0,0,0,4064,-7395,0.4796747967479675
2021-09-13T00:00:00.000,17:30,40.658253,-73.98465,0,0,0,0,4065,-7398,0.2222222222222222
2021-09-14T00:00:00.000,9:06,40.833378,-73.94328,0,0,0,0,4083,-7394,0.38926174496644295
2021-09-04T00:00:00.000,1:25,40.731064,-74.00801,0,0,0,0,4073,-7400,0.2403846153846154
2021-09-14T00:00:00.000,16:37,40.667313,-73.73926,0,0,0,0,4066,-7373,0.44339622641509435
2021-09-14T00:00:00.000,5:00,40.723022,-73.99882,0,0,0,0,4072,-7399,0.3829787234042553
2021-09-14T00:00:00.000,15:04,40.815247,-73.886566,0,0,0,0,4081,-7388,0.25471698113207547
2021-08-10T00:00:00.000,17:07,40.820187,-73.890686,0,0,0,0,4082,-7389,0.37423312883435583
2021-09-09T00:00:00.000,11:30,40.75544,-73.907104,1,0,1,1,4075,-7390,0.37254901960784315
2021-09-14T00:00:00.000,6:15,40.826275,-73.85971,0,0,0,0,4082,-7385,0.27
2021-09-02T00:00:00.000,11:20,40.62715,-74.16544,2,0,1,1,4062,-7416,0.24444444444444444
2021-09-14T00:00:00.000,18:05,40.671734,-73.990814,0,0,0,0,4067,-7399,0.3258426966292135
2021-09-14T00:00:00.000,18:05,40.64664,-73.95553,1,0,1,1,4064,-7395,0.4796747967479675
2021-08-23T00:00:00.000,1:15,40.57698,-73.981575,1,0,1,1,4057,-7398,0.36904761904761907
2021-09-14T00:00:00.000,10:57,40.595375,-74.06971,1,0,1,1,4059,-7406,0.29411764705882354
2021-09-14T00:00:00.000,15:00,40.720413,-73.76095,0,0,0,0,4072,-7376,0.5
2021-09-14T00:00:00.000,22:00,40.669556,-73.84634,0,0,0,0,4066,-7384,0.5925925925925926
2021-09-10T00:00:00.000,0:00,40.822144,-73.89491,0,0,0,0,4082,-7389,0.37423312883435583
2021-09-04T00:00:00.000,2:10,40.742107,-73.98075,1,0,1,1,4074,-7398,0.40131578947368424
2021-09-14T00:00:00.000,1:35,40.64934,-73.94264,1,0,1,1,4064,-7394,0.42342342342342343
2021-09-14T00:00:00.000,6:30,40.726547,-73.94838,1,0,1,1,4072,-7394,0.19801980198019803
2021-09-14T00:00:00.000,17:57,40.867676,-73.89855,1,0,1,1,4086,-7389,0.40606060606060607
2021-09-01T00:00:00.000,14:45,40.735313,-73.994125,1,0,1,1,4073,-7399,0.423728813559322
2021-09-14T00:00:00.000,11:00,40.72522,-73.894745,2,0,1,1,4072,-7389,0.41379310344827586
2021-09-08T00:00:00.000,18:00,40.706142,-74.00603,0,0,0,0,4070,-7400,0.2542372881355932
2021-09-14T00:00:00.000,8:15,40.631542,-74.14891,1,0,1,1,4063,-7414,0.5769230769230769
2021-09-14T00:00:00.000,11:10,40.858376,-73.89637,0,0,0,0,4085,-7389,0.3353658536585366
2021-09-14T00:00:00.000,10:48,40.82854,-73.90964,0,0,0,0,4082,-7390,0.3025210084033613
2021-09-14T00:00:00.000,11:30,40.76605,-73.9973,1,0,1,1,4076,-7399,0.3275862068965517
2021-09-14T00:00:00.000,23:00,40.701424,-73.94307,1,0,1,1,4070,-7394,0.3956043956043956
2021-09-14T00:00:00.000,7:30,40.831055,-73.905846,0,0,0,0,4083,-7390,0.3064516129032258
2021-09-13T00:00:00.000,16:30,40.804085,-73.93672,2,0,1,1,4080,-7393,0.36312849162011174
2021-09-14T00:00:00.000,6:50,40.694965,-73.80835,0,0,0,0,4069,-7380,0.38461538461538464
2021-09-14T00:00:00.000,15:24,40.65319,-73.96622,1,0,1,1,4065,-7396,0.3939393939393939
2021-04-19T00:00:00.000,19:33,40.655754,-73.92403,1,0,1,1,4065,-7392,0.35555555555555557
2021-09-14T00:00:00.000,23:10,40.614166,-73.92886,1,0,1,1,4061,-7392,0.2982456140350877
2021-09-14T00:00:00.000,21:30,40.588955,-74.167595,3,0,1,1,4058,-7416,0.3
2021-09-14T00:00:00.000,15:50,40.66725,-73.88799,2,0,1,1,4066,-7388,0.37012987012987014
2021-09-14T00:00:00.000,10:40,40.752155,-73.89995,0,0,0,0,4075,-7389,0.4805194805194805
2021-09-14T00:00:00.000,19:48,40.76354,-73.93332,2,0,1,1,4076,-7393,0.44680851063829785
2021-09-14T00:00:00.000,17:00,40.85179,-73.90279,0,0,0,0,4085,-7390,0.42207792207792205
2021-09-09T00:00:00.000,10:35,40.71843,-74.000534,0,0,0,0,4071,-7400,0.25517241379310346
2021-09-14T00:00:00.000,12:45,40.601402,-73.7596,0,0,0,0,4060,-7375,0.17117117117117117
2021-09-14T00:00:00.000,7:40,40.789623,-73.94007,0,0,0,0,4078,-7394,0.33513513513513515
2021-09-14T00:00:00.000,0:00,40.687046,-73.792114,0,0,0,0,4068,-7379,0.35
2021-09-14T00:00:00.000,17:00,40.647102,-74.007614,0,0,0,0,4064,-7400,0.36764705882352944
2021-09-14T00:00:00.000,0:00,40.734196,-73.78355,0,0,0,0,4073,-7378,0.391304347826087
2021-09-14T00:00:00.000,21:20,40.707653,-73.93984,0,0,0,0,4070,-7393,0.3300970873786408
2021-09-14T00:00:00.000,3:15,40.674355,-73.8882,1,0,1,1,4067,-7388,0.30434782608695654
2021-09-14T00:00:00.000,0:00,40.5873,-74.09369,0,0,0,0,4058,-7409,0.15625
2021-09-14T00:00:00.000,8:30,40.621994,-73.99493,1,0,1,1,4062,-7399,0.3835616438356164
2021-09-14T00:00:00.000,14:30,40.816193,-73.895996,0,0,0,0,4081,-7389,0.31543624161073824
2021-09-14T00:00:00.000,18:02,40.76428,-73.99859,0,0,0,0,4076,-7399,0.3275862068965517
2021-12-17T00:00:00.000,17:02,40.86544,-73.85579,1,0,1,1,4086,-7385,0.5
2021-09-14T00:00:00.000,19:37,40.687527,-73.91227,0,0,0,0,4068,-7391,0.344
2021-09-10T00:00:00.000,21:08,40.82403,-73.94476,0,0,0,0,4082,-7394,0.3812154696132597
2021-09-14T00:00:00.000,13:34,40.680634,-73.84297,1,0,1,1,4068,-7384,0.3333333333333333
2021-08-18T00:00:00.000,9:00,40.74347,-74.00724,0,0,0,0,4074,-7400,0.27710843373493976
2021-09-14T00:00:00.000,0:05,40.599163,-73.91084,0,0,0,0,4059,-7391,0.5
2021-09-14T00:00:00.000,15:07,40.875,-73.87471,0,0,0,0,4087,-7387,0.297029702970297
2021-09-14T00:00:00.000,6:30,40.72861,-73.88721,0,0,0,0,4072,-7388,0.4
2021-09-07T00:00:00.000,17:49,40.737545,-74.00484,0,0,0,0,4073,-7400,0.2403846153846154
2021-09-06T00:00:00.000,18:29,40.73656,-74.0011,1,0,1,1,4073,-7400,0.2403846153846154
2021-09-14T00:00:00.000,15:30,40.83466,-73.89151,0,0,0,0,4083,-7389,0.3333333333333333
2021-09-14T00:00:00.000,10:00,40.700905,-73.73049,0,0,0,0,4070,-7373,0.52
2021-09-14T00:00:00.000,12:20,40.713135,-74.00407,0,0,0,0,4071,-7400,0.25517241379310346
2021-09-14T00:00:00.000,22:25,40.85278,-73.853294,0,0,0,0,4085,-7385,0.3125
2021-09-11T00:00:00.000,20:00,40.68122,-73.96038,0,0,0,0,4068,-7396,0.42567567567567566
2021-09-14T00:00:00.000,13:15,40.63367,-74.12945,1,0,1,1,4063,-7412,0.36363636363636365
2021-09-14T00:00:00.000,15:38,40.865383,-73.89348,1,0,1,1,4086,-7389,0.40606060606060607
2021-09-14T00:00:00.000,0:00,40.724884,-73.978264,0,0,0,0,4072,-7397,0.3283582089552239
2021-09-14T00:00:00.000,14:45,40.67898,-73.9765,0,0,0,0,4067,-7397,0.2818181818181818
2021-09-14T00:00:00.000,19:40,40.682316,-73.88814,2,0,1,1,4068,-7388,0.36538461538461536
2021-09-12T00:00:00.000,0:14,40.738552,-73.99969,0,0,0,0,4073,-7399,0.423728813559322
2021-09-14T00:00:00.000,9:05,40.591988,-73.97665,0,0,0,0,4059,-7397,0.3191489361702128
2021-09-14T00:00:00.000,15:48,40.535656,-74.20813,4,0,1,1,4053,-7420,0.5555555555555556
2021-09-14T00:00:00.000,7:13,40.670624,-73.895546,0,0,0,0,4067,-7389,0.33852140077821014
2021-09-14T00:00:00.000,22:45,40.682186,-73.86982,1,0,1,1,4068,-7386,0.423728813559322
2021-09-14T00:00:00.000,8:52,40.607582,-74.14083,2,0,1,1,4060,-7414,0.4074074074074074
2021-09-14T00:00:00.000,8:30,40.694263,-73.95235,1,0,1,1,4069,-7395,0.30952380952380953
2021-09-07T00:00:00.000,11:42,40.80304,-73.868904,0,0,0,0,4080,-7386,0.0
2021-08-22T00:00:00.000,21:00,40.818913,-73.893555,0,0,0,0,4081,-7389,0.31543624161073824
2021-09-14T00:00:00.000,14:45,40.751747,-73.97081,0,0,0,0,4075,-7397,0.375886524822695
2021-09-14T00:00:00.000,9:44,40.628994,-73.98364,1,0,1,1,4062,-7398,0.38
2021-09-12T00:00:00.000,13:39,40.615364,-73.94575,3,0,1,1,4061,-7394,0.48484848484848486
2021-09-14T00:00:00.000,20:47,40.707928,-73.78383,0,0,0,0,4070,-7378,0.34523809523809523
2021-09-14T00:00:00.000,12:09,40.738308,-73.98954,0,0,0,0,4073,-7398,0.36942675159235666
2021-04-04T00:00:00.000,23:00,40.76635,-73.95103,2,0,1,1,4076,-7395,0.3696969696969697
2021-04-12T00:00:00.000,7:45,40.641586,-73.92548,0,0,0,0,4064,-7392,0.4077669902912621
2021-04-23T00:00:00.000,11:30,40.586544,-74.10314,0,0,0,0,4058,-7410,0.3076923076923077
2021-04-23T00:00:00.000,16:00,40.555824,-74.16103,0,0,0,0,4055,-7416,0.5416666666666666
2021-04-05T00:00:00.000,22:30,40.669243,-73.80129,1,0,1,1,4066,-7380,0.40789473684210525
2021-09-14T00:00:00.000,8:08,40.636387,-73.94611,2,0,1,1,4063,-7394,0.358974358974359
2021-09-14T00:00:00.000,14:30,40.712116,-73.73118,1,0,1,1,4071,-7373,0.25
2021-09-14T00:00:00.000,5:15,40.69405,-73.82802,2,0,1,1,4069,-7382,0.37209302325581395
2021-09-14T00:00:00.000,15:25,40.671642,-73.96258,0,0,0,0,4067,-7396,0.3466666666666667
2021-08-23T00:00:00.000,17:31,40.85206,-73.934784,0,0,0,0,4085,-7393,0.36585365853658536
2021-09-14T00:00:00.000,15:30,40.850475,-73.915436,1,0,1,1,4085,-7391,0.373134328358209
2021-09-14T00:00:00.000,15:13,40.834774,-73.86944,0,0,0,0,4083,-7386,0.24822695035460993
2021-09-14T00:00:00.000,17:12,40.651707,-73.86579,1,0,1,1,4065,-7386,0.36619718309859156
2021-09-14T00:00:00.000,7:15,40.69596,-73.964096,0,0,0,0,4069,-7396,0.325
2021-09-14T00:00:00.000,21:37,40.667095,-73.92276,0,0,0,0,4066,-7392,0.355
2021-09-14T00:00:00.000,13:00,40.67637,-73.88323,2,0,1,1,4067,-7388,0.30434782608695654
2021-09-14T00:00:00.000,17:00,40.72165,-73.84121,0,0,0,0,4072,-7384,0.2711864406779661
2021-09-14T00:00:00.000,16:15,40.652946,-74.002174,0,0,0,0,4065,-7400,0.41509433962264153
2021-09-07T00:00:00.000,11:30,40.69782,-73.927826,1,0,1,1,4069,-7392,0.3584905660377358
2021-09-14T00:00:00.000,21:50,0.0,0.0,0,0,0,0,0,0,0.40425531914893614
2021-09-14T00:00:00.000,23:57,40.74788,-73.85731,1,0,1,1,4074,-7385,0.35526315789473684
2021-09-14T00:00:00.000,15:05,40.679043,-73.995674,0,0,0,0,4067,-7399,0.3258426966292135
2021-09-14T00:00:00.000,22:00,40.854465,-73.86656,0,0,0,0,4085,-7386,0.33766233766233766
2021-04-19T00:00:00.000,13:30,40.693203,-73.953995,0,0,0,0,4069,-7395,0.30952380952380953
2021-04-21T00:00:00.000,17:15,40.68342,-73.982,0,0,0,0,4068,-7398,0.3873239436619718
2021-04-16T00:00:00.000,13:00,40.712963,-73.92761,0,0,0,0,4071,-7392,0.2777777777777778
2021-04-18T00:00:00.000,14:50,40.7052,-73.795586,1,0,1,1,4070,-7379,0.3978494623655914
2021-04-21T00:00:00.000,11:15,40.78318,-73.94362,0,0,0,0,4078,-7394,0.33513513513513515
2021-12-17T00:00:00.000,16:45,40.680664,-73.902626,0,0,0,0,4068,-7390,0.4421052631578947
2021-04-23T00:00:00.000,19:43,40.80297,-73.96387,0,0,0,0,4080,-7396,0.31343283582089554
2021-04-22T00:00:00.000,14:50,40.705418,-73.8607,0,0,0,0,4070,-7386,0.38235294117647056
2021-04-22T00:00:00.000,17:20,40.865467,-73.86541,0,0,0,0,4086,-7386,0.4642857142857143
2021-04-22T00:00:00.000,10:00,40.827198,-73.907036,0,0,0,0,4082,-7390,0.3025210084033613
2021-04-22T00:00:00.000,13:30,40.698143,-73.98555,0,0,0,0,4069,-7398,0.3229166666666667
2021-04-23T00:00:00.000,22:30,40.703377,-73.86343,0,0,0,0,4070,-7386,0.38235294117647056
2021-04-23T00:00:00.000,14:40,40.65114,-73.89,0,0,0,0,4065,-7389,0.34965034965034963
2021-04-22T00:00:00.000,17:19,40.749878,-73.88314,1,0,1,1,4074,-7388,0.2978723404255319
2021-04-21T00:00:00.000,2:06,40.74886,-73.93755,0,0,0,0,4074,-7393,0.3333333333333333
2021-04-01T00:00:00.000,17:35,40.828316,-73.93118,0,0,0,0,4082,-7393,0.36645962732919257
2021-04-21T00:00:00.000,8:55,40.680725,-73.926605,0,0,0,0,4068,-7392,0.2542372881355932
2021-04-21T00:00:00.000,13:50,40.70547,-73.95024,1,0,1,1,4070,-7395,0.3475177304964539
2021-04-23T00:00:00.000,0:26,40.76155,-73.96659,0,0,0,0,4076,-7396,0.3023255813953488
2021-04-22T00:00:00.000,13:33,40.709904,-73.90757,0,0,0,0,4070,-7390,0.37894736842105264
2021-04-17T00:00:00.000,1:00,40.669937,-73.95901,0,0,0,0,4066,-7395,0.44375
2021-04-22T00:00:00.000,6:03,40.688786,-73.98358,0,0,0,0,4068,-7398,0.3873239436619718
2021-04-23T00:00:00.000,15:06,40.69787,-73.743034,2,0,1,1,4069,-7374,0.46774193548387094
2021-04-23T00:00:00.000,16:47,40.614788,-73.94658,0,0,0,0,4061,-7394,0.48484848484848486
2021-04-22T00:00:00.000,11:00,40.621685,-73.91199,0,0,0,0,4062,-7391,0.3333333333333333
2021-12-16T00:00:00.000,1:45,40.86356,-73.843414,0,0,0,0,4086,-7384,0.17857142857142858
2021-04-21T00:00:00.000,22:47,40.711716,-73.94305,0,0,0,0,4071,-7394,0.3710691823899371
2021-04-19T00:00:00.000,20:07,40.679634,-73.94959,0,0,0,0,4067,-7394,0.34074074074074073
2021-04-16T00:00:00.000,11:45,40.677048,-73.9387,0,0,0,0,4067,-7393,0.3755868544600939
2021-04-22T00:00:00.000,10:20,40.857365,-73.84657,0,0,0,0,4085,-7384,0.32432432432432434
2021-04-22T00:00:00.000,19:07,40.704483,-73.81419,0,0,0,0,4070,-7381,0.3194444444444444
2021-04-22T00:00:00.000,21:10,40.82371,-73.879,3,0,1,1,4082,-7387,0.33544303797468356
2021-04-22T00:00:00.000,12:37,40.725388,-73.90884,0,0,0,0,4072,-7390,0.2978723404255319
2021-12-09T00:00:00.000,20:05,40.755352,-73.98374,0,0,0,0,4075,-7398,0.3170731707317073
2021-04-23T00:00:00.000,19:15,40.61651,-74.02666,2,0,1,1,4061,-7402,0.4090909090909091
2021-04-22T00:00:00.000,20:00,40.66615,-73.80575,1,0,1,1,4066,-7380,0.40789473684210525
2021-04-23T00:00:00.000,6:30,40.83998,-73.87715,1,0,1,1,4083,-7387,0.38414634146341464
2021-04-23T00:00:00.000,17:13,40.666405,-73.74661,0,0,0,0,4066,-7374,0.3698630136986301
2021-04-19T00:00:00.000,9:40,40.671085,-73.736275,1,0,1,1,4067,-7373,0.46835443037974683
2021-03-29T00:00:00.000,20:05,40.702446,-73.90099,0,0,0,0,4070,-7390,0.37894736842105264
2021-04-23T00:00:00.000,18:10,40.753998,-73.94244,1,0,1,1,4075,-7394,0.41333333333333333
2021-04-22T00:00:00.000,23:05,40.64254,-73.87652,0,0,0,0,4064,-7387,0.4918032786885246
2021-04-21T00:00:00.000,9:00,40.65136,-73.86971,0,0,0,0,4065,-7386,0.36619718309859156
2021-04-23T00:00:00.000,13:16,40.83501,-73.90353,0,0,0,0,4083,-7390,0.3064516129032258
2021-04-21T00:00:00.000,1:57,40.84062,-73.85409,0,0,0,0,4084,-7385,0.32727272727272727
2021-04-18T00:00:00.000,14:19,40.709778,-73.76607,1,0,1,1,4070,-7376,0.43902439024390244
2021-04-21T00:00:00.000,17:00,40.694107,-73.89737,1,0,1,1,4069,-7389,0.3709677419354839
2021-04-21T00:00:00.000,7:25,40.56015,-74.19968,0,0,0,0,4056,-7419,0.0
2021-04-22T00:00:00.000,9:07,40.651543,-74.017975,0,0,0,0,4065,-7401,0.43478260869565216
2021-04-23T00:00:00.000,16:40,40.876976,-73.88966,1,0,1,1,4087,-7388,0.3561643835616438
2021-04-17T00:00:00.000,17:20,40.811478,-73.91694,0,0,0,0,4081,-7391,0.47244094488188976
2021-04-21T00:00:00.000,21:55,40.656273,-73.90731,1,0,1,1,4065,-7390,0.375
2021-04-23T00:00:00.000,15:15,40.741333,-73.98975,0,0,0,0,4074,-7398,0.40131578947368424
2021-04-23T00:00:00.000,0:45,40.702984,-73.94586,0,0,0,0,4070,-7394,0.3956043956043956
2021-04-19T00:00:00.000,0:15,40.86832,-73.83317,0,0,0,0,4086,-7383,0.3448275862068966
2021-04-23T00:00:00.000,18:15,40.662178,-73.85025,0,0,0,0,4066,-7385,0.3333333333333333
2021-04-22T00:00:00.000,10:00,40.684982,-73.79062,0,0,0,0,4068,-7379,0.35
2021-09-14T00:00:00.000,12:51,40.705917,-73.752365,2,0,1,1,4070,-7375,0.4117647058823529
2021-04-21T00:00:00.000,5:50,40.682514,-73.75665,1,0,1,1,4068,-7375,0.3877551020408163
2021-04-19T00:00:00.000,8:00,40.691895,-73.93384,0,0,0,0,4069,-7393,0.3141025641025641
2021-04-21T00:00:00.000,6:45,40.756474,-73.94727,1,0,1,1,4075,-7394,0.41333333333333333
2021-04-22T00:00:00.000,0:05,40.815903,-73.94515,0,0,0,0,4081,-7394,0.38
2021-04-21T00:00:00.000,13:40,40.833813,-73.86275,0,0,0,0,4083,-7386,0.24822695035460993
2021-04-22T00:00:00.000,14:00,40.600895,-74.176735,0,0,0,0,4060,-7417,0.5
2021-04-23T00:00:00.000,21:43,40.848118,-73.93089,0,0,0,0,4084,-7393,0.32786885245901637
2021-04-23T00:00:00.000,18:00,40.70003,-73.81279,1,0,1,1,4070,-7381,0.3194444444444444
2021-04-21T00:00:00.000,0:55,40.692135,-73.83485,3,1,2,1,4069,-7383,0.35555555555555557
2021-04-21T00:00:00.000,12:00,40.83511,-73.91945,1,0,1,1,4083,-7391,0.33714285714285713
2021-04-22T00:00:00.000,19:01,40.76781,-73.96202,0,0,0,0,4076,-7396,0.3023255813953488
2021-04-18T00:00:00.000,17:27,40.695026,-73.75643,0,0,0,0,4069,-7375,0.3584905660377358
2021-04-22T00:00:00.000,18:00,40.747894,-73.989174,1,0,1,1,4074,-7398,0.40131578947368424
2021-04-22T00:00:00.000,17:40,40.651936,-73.9294,0,0,0,0,4065,-7392,0.35555555555555557
2021-04-21T00:00:00.000,13:00,40.81738,-73.9257,0,0,0,0,4081,-7392,0.4714285714285714
2021-04-21T00:00:00.000,11:05,40.79283,-73.96954,1,0,1,1,4079,-7396,0.25
2021-04-23T00:00:00.000,17:36,40.843555,-73.90573,0,0,0,0,4084,-7390,0.366120218579235
2021-04-22T00:00:00.000,20:30,40.596672,-73.989716,0,0,0,0,4059,-7398,0.34146341463414637
2021-04-23T00:00:00.000,9:30,40.68642,-73.75115,1,0,1,1,4068,-7375,0.3877551020408163
2021-04-21T00:00:00.000,14:35,40.685276,-73.77241,0,0,0,0,4068,-7377,0.3673469387755102
2021-04-21T00:00:00.000,5:45,40.696087,-73.97533,0,0,0,0,4069,-7397,0.3253012048192771
2021-04-22T00:00:00.000,16:30,40.63405,-73.97776,0,0,0,0,4063,-7397,0.36893203883495146
2021-04-22T00:00:00.000,9:45,40.74468,-73.987305,0,0,0,0,4074,-7398,0.40131578947368424
2021-04-23T00:00:00.000,18:48,40.72624,-73.93795,1,0,1,1,4072,-7393,0.36507936507936506
2021-04-23T00:00:00.000,10:45,40.599495,-73.997604,0,0,0,0,4059,-7399,0.3076923076923077
2021-04-23T00:00:00.000,23:55,40.65501,-73.72964,0,0,0,0,4065,-7372,0.26666666666666666
2021-04-22T00:00:00.000,1:10,40.805557,-73.91047,0,0,0,0,4080,-7391,0.38961038961038963
2021-04-23T00:00:00.000,20:48,40.708763,-73.998116,0,0,0,0,4070,-7399,0.21052631578947367
2021-04-23T00:00:00.000,17:53,40.682285,-73.80805,0,0,0,0,4068,-7380,0.3829787234042553
2021-04-20T00:00:00.000,12:10,40.689445,-73.95513,0,0,0,0,4068,-7395,0.38571428571428573
2021-04-20T00:00:00.000,14:00,40.81608,-73.917694,2,0,1,1,4081,-7391,0.47244094488188976
2021-04-21T00:00:00.000,16:50,40.849075,-73.88289,0,0,0,0,4084,-7388,0.390625
2021-04-23T00:00:00.000,7:30,40.822323,-73.910706,0,0,0,0,4082,-7391,0.3355263157894737
2021-04-23T00:00:00.000,9:46,40.848392,-73.937675,0,0,0,0,4084,-7393,0.32786885245901637
2021-04-22T00:00:00.000,9:51,40.760536,-73.95836,0,0,0,0,4076,-7395,0.3696969696969697
2021-04-21T00:00:00.000,8:00,40.702957,-73.74332,0,0,0,0,4070,-7374,0.3333333333333333
2021-04-21T00:00:00.000,5:50,40.77077,-73.91727,2,0,1,1,4077,-7391,0.3157894736842105
2021-09-14T00:00:00.000,17:00,40.709393,-73.9219,0,0,0,0,4070,-7392,0.24305555555555555
2021-04-23T00:00:00.000,17:37,40.821415,-73.88933,0,0,0,0,4082,-7388,0.27624309392265195
2021-04-23T00:00:00.000,21:59,40.742218,-73.9912,0,0,0,0,4074,-7399,0.3333333333333333
2021-04-21T00:00:00.000,22:50,40.66305,-73.848564,7,0,1,1,4066,-7384,0.5925925925925926
2021-04-21T00:00:00.000,7:00,40.78114,-73.90901,0,0,0,0,4078,-7390,0.0
2021-04-22T00:00:00.000,23:55,40.69695,-73.962776,1,0,1,1,4069,-7396,0.325
2021-04-21T00:00:00.000,17:46,40.6175,-74.02163,0,0,0,0,4061,-7402,0.4090909090909091
2021-04-23T00:00:00.000,17:45,40.67657,-73.915184,0,0,0,0,4067,-7391,0.36597938144329895
2021-04-22T00:00:00.000,16:10,40.628284,-73.91694,0,0,0,0,4062,-7391,0.3333333333333333
2021-04-23T00:00:00.000,17:14,40.65011,-73.930214,0,0,0,0,4065,-7393,0.44366197183098594
2021-04-21T00:00:00.000,20:05,40.814186,-73.94826,0,0,0,0,4081,-7394,0.38
2021-04-21T00:00:00.000,18:55,40.84434,-73.91475,0,0,0,0,4084,-7391,0.32558139534883723
2021-04-22T00:00:00.000,12:00,40.715084,-73.75383,1,0,1,1,4071,-7375,0.3269230769230769
2021-04-22T00:00:00.000,7:00,40.575085,-74.10512,0,0,0,0,4057,-7410,0.3877551020408163
2021-04-23T00:00:00.000,14:50,40.634792,-74.032326,1,0,1,1,4063,-7403,0.42424242424242425
2021-04-21T00:00:00.000,17:20,40.712646,-73.89936,1,0,1,1,4071,-7389,0.38095238095238093
2021-04-18T00:00:00.000,11:50,40.842697,-73.82519,0,0,0,0,4084,-7382,0.4
2021-04-21T00:00:00.000,12:00,40.615753,-74.08754,1,0,1,1,4061,-7408,0.30612244897959184
2021-04-21T00:00:00.000,19:30,40.8047,-73.91243,2,0,1,1,4080,-7391,0.38961038961038963
2021-04-21T00:00:00.000,10:30,40.752224,-74.00141,0,0,0,0,4075,-7400,0.3888888888888889
2021-04-22T00:00:00.000,13:40,40.86769,-73.92122,2,0,1,1,4086,-7392,0.359375
2021-04-22T00:00:00.000,0:00,40.70269,-73.96509,0,0,0,0,4070,-7396,0.3431372549019608
2021-04-15T00:00:00.000,14:45,40.85394,-73.91468,0,0,0,0,4085,-7391,0.373134328358209
2021-04-21T00:00:00.000,8:30,40.645123,-73.986916,0,0,0,0,4064,-7398,0.40425531914893614
2021-04-23T00:00:00.000,11:22,40.654278,-73.92292,0,0,0,0,4065,-7392,0.35555555555555557
2021-04-23T00:00:00.000,14:40,40.85934,-73.90448,0,0,0,0,4085,-7390,0.42207792207792205
2021-04-22T00:00:00.000,8:40,40.83566,-73.840034,1,0,1,1,4083,-7384,0.22727272727272727
2021-04-23T00:00:00.000,18:45,40.83295,-73.89869,0,0,0,0,4083,-7389,0.3333333333333333
2021-04-23T00:00:00.000,20:45,40.63155,-73.90633,0,0,0,0,4063,-7390,0.3561643835616438
2021-04-23T00:00:00.000,7:20,40.688995,-73.78581,0,0,0,0,4068,-7378,0.3384615384615385
2021-04-23T00:00:00.000,6:30,40.855553,-73.88757,0,0,0,0,4085,-7388,0.3
2021-04-23T00:00:00.000,8:20,40.773808,-73.8929,1,0,1,1,4077,-7389,0.35
2021-04-22T00:00:00.000,13:55,40.824432,-73.873604,0,0,0,0,4082,-7387,0.33544303797468356
2021-04-20T00:00:00.000,17:00,40.830257,-73.914856,0,0,0,0,4083,-7391,0.33714285714285713
2021-04-22T00:00:00.000,22:35,40.60073,-73.90163,0,0,0,0,4060,-7390,0.5
2021-04-23T00:00:00.000,19:00,40.739902,-73.791275,0,0,0,0,4073,-7379,0.4
2021-04-21T00:00:00.000,19:50,40.866047,-73.87207,0,0,0,0,4086,-7387,0.34545454545454546
2021-04-22T00:00:00.000,13:15,40.715954,-73.986725,0,0,0,0,4071,-7398,0.39568345323741005
2021-09-12T00:00:00.000,17:54,40.823143,-73.891815,0,0,0,0,4082,-7389,0.37423312883435583
2021-04-23T00:00:00.000,18:30,40.71,-73.86549,0,0,0,0,4071,-7386,0.5625
2021-04-21T00:00:00.000,20:50,40.70212,-73.90959,0,0,0,0,4070,-7390,0.37894736842105264
2021-04-23T00:00:00.000,19:53,40.755802,-73.986404,0,0,0,0,4075,-7398,0.3170731707317073
2021-04-23T00:00:00.000,20:25,40.81162,-73.93117,0,0,0,0,4081,-7393,0.32432432432432434
2021-04-21T00:00:00.000,15:30,40.651863,-73.86536,0,0,0,0,4065,-7386,0.36619718309859156
2021-04-20T00:00:00.000,13:25,40.714397,-73.89799,1,0,1,1,4071,-7389,0.38095238095238093
2021-04-23T00:00:00.000,8:45,40.736042,-73.75603,0,0,0,0,4073,-7375,0.125
2021-04-22T00:00:00.000,21:35,40.676132,-73.921906,1,0,1,1,4067,-7392,0.39655172413793105
2021-04-21T00:00:00.000,17:37,40.846577,-73.913155,0,0,0,0,4084,-7391,0.32558139534883723
2021-04-23T00:00:00.000,9:55,40.749283,-73.86139,0,0,0,0,4074,-7386,0.3813559322033898
2021-04-23T00:00:00.000,11:18,40.903057,-73.91017,0,0,0,0,4090,-7391,0.0
2021-04-21T00:00:00.000,6:30,40.648037,-74.001564,0,0,0,0,4064,-7400,0.36764705882352944
2021-09-14T00:00:00.000,11:30,40.69911,-73.93402,0,0,0,0,4069,-7393,0.3141025641025641
2021-04-22T00:00:00.000,8:05,40.878983,-73.90609,0,0,0,0,4087,-7390,0.3184713375796178
2021-04-23T00:00:00.000,6:40,40.670887,-73.93649,0,0,0,0,4067,-7393,0.3755868544600939
2021-04-22T00:00:00.000,13:55,40.740265,-73.87062,0,0,0,0,4074,-7387,0.25663716814159293
2021-04-23T00:00:00.000,17:35,40.679348,-73.750336,0,0,0,0,4067,-7375,0.2608695652173913
2021-04-21T00:00:00.000,22:07,40.628647,-73.95207,0,0,0,0,4062,-7395,0.4444444444444444
2021-04-20T00:00:00.000,18:30,40.62451,-73.92747,0,0,0,0,4062,-7392,0.3611111111111111
2021-04-20T00:00:00.000,15:50,40.697247,-73.78965,1,0,1,1,4069,-7378,0.29310344827586204
2021-04-21T00:00:00.000,7:08,40.713577,-73.94647,0,0,0,0,4071,-7394,0.3710691823899371
2021-04-22T00:00:00.000,0:31,40.83846,-73.90175,0,0,0,0,4083,-7390,0.3064516129032258
2021-04-22T00:00:00.000,19:31,40.89232,-73.85896,0,0,0,0,4089,-7385,0.3813559322033898
2021-04-17T00:00:00.000,1:50,40.780884,-73.98371,1,0,1,1,4078,-7398,0.42105263157894735
2021-04-21T00:00:00.000,9:05,40.84519,-73.9112,0,0,0,0,4084,-7391,0.32558139534883723
2021-04-18T00:00:00.000,13:45,40.65333,-73.91285,0,0,0,0,4065,-7391,0.425
2024-09-21T00:00:00.000,1:32,40.747974,-73.75999,0,0,0,0,4074,-7375,0.16666666666666666
2021-04-21T00:00:00.000,0:00,40.736572,-73.907715,1,0,1,1,4073,-7390,0.42424242424242425
2021-04-22T00:00:00.000,0:00,40.712914,-73.734436,4,0,1,1,4071,-7373,0.25
2021-04-23T00:00:00.000,10:15,40.811512,-73.89053,0,0,0,0,4081,-7389,0.31543624161073824
2021-04-23T00:00:00.000,19:15,40.66786,-73.76656,0,0,0,0,4066,-7376,0.30434782608695654
2021-04-21T00:00:00.000,3:20,40.800552,-73.958206,0,0,0,0,4080,-7395,0.381294964028777
2021-04-21T00:00:00.000,16:55,40.790623,-73.942444,1,0,1,1,4079,-7394,0.3523809523809524
2021-04-22T00:00:00.000,14:20,40.61883,-74.164345,0,0,0,0,4061,-7416,0.2727272727272727
2021-04-22T00:00:00.000,7:37,40.680164,-73.733154,2,0,1,1,4068,-7373,0.29411764705882354
2021-04-23T00:00:00.000,18:42,40.745872,-73.914375,0,0,0,0,4074,-7391,0.38333333333333336
2021-04-22T00:00:00.000,18:00,40.69476,-73.99139,0,0,0,0,4069,-7399,0.29473684210526313
2021-04-21T00:00:00.000,10:25,40.703835,-73.778496,0,0,0,0,4070,-7377,0.2413793103448276
2021-04-05T00:00:00.000,0:40,40.69759,-73.90194,2,0,1,1,4069,-7390,0.29591836734693877
2021-04-21T00:00:00.000,8:25,40.764915,-73.95517,0,0,0,0,4076,-7395,0.3696969696969697
2021-04-17T00:00:00.000,17:20,40.706406,-73.89691,1,0,1,1,4070,-7389,0.2711864406779661
2021-04-23T00:00:00.000,18:00,40.665257,-73.739555,1,0,1,1,4066,-7373,0.44339622641509435
2021-04-21T00:00:00.000,9:00,40.728992,-73.95067,0,0,0,0,4072,-7395,0.22093023255813954
2021-04-23T00:00:00.000,18:35,40.577946,-74.102325,0,0,0,0,4057,-7410,0.3877551020408163
2021-04-22T00:00:00.000,15:25,40.81722,-73.95228,0,0,0,0,4081,-7395,0.3509933774834437
2021-04-23T00:00:00.000,9:55,40.633312,-73.97629,0,0,0,0,4063,-7397,0.36893203883495146
2021-04-21T00:00:00.000,2:24,40.6332,-74.092865,0,0,0,0,4063,-7409,0.15384615384615385
2021-04-21T00:00:00.000,17:00,40.657555,-73.894196,0,0,0,0,4065,-7389,0.34965034965034963
2021-04-23T00:00:00.000,17:02,40.86357,-73.92602,0,1,2,1,4086,-7392,0.359375
2021-04-23T00:00:00.000,16:25,40.885303,-73.82954,0,0,0,0,4088,-7382,0.2765957446808511
2021-04-18T00:00:00.000,0:30,40.756657,-73.9141,0,0,0,0,4075,-7391,0.4777777777777778
2021-04-22T00:00:00.000,16:25,40.769737,-73.91244,1,0,1,1,4076,-7391,0.40476190476190477
2021-04-19T00:00:00.000,7:40,40.704224,-73.807274,0,0,0,0,4070,-7380,0.3877551020408163
2021-04-23T00:00:00.000,9:20,40.575375,-74.18999,0,0,0,0,4057,-7418,0.3333333333333333
2021-04-21T00:00:00.000,16:14,40.585037,-73.95645,0,0,0,0,4058,-7395,0.3465346534653465
2021-04-23T00:00:00.000,16:50,40.65636,-73.93479,0,0,0,0,4065,-7393,0.44366197183098594
2021-04-22T00:00:00.000,23:00,40.76671,-73.917114,0,0,0,0,4076,-7391,0.40476190476190477
2021-04-22T00:00:00.000,15:35,40.861164,-73.857574,1,0,1,1,4086,-7385,0.5
2021-04-21T00:00:00.000,11:30,40.63663,-73.94204,0,0,0,0,4063,-7394,0.358974358974359
2021-03-30T00:00:00.000,18:30,40.843475,-73.92467,0,0,0,0,4084,-7392,0.3181818181818182
2021-04-22T00:00:00.000,19:16,40.767532,-73.953255,1,0,1,1,4076,-7395,0.3696969696969697
2021-04-21T00:00:00.000,18:30,40.817513,-73.91712,1,0,1,1,4081,-7391,0.47244094488188976
2021-04-21T00:00:00.000,8:48,40.724792,-73.9088,0,0,0,0,4072,-7390,0.2978723404255319
2021-04-21T00:00:00.000,9:56,40.643784,-73.90218,1,0,1,1,4064,-7390,0.4017094017094017
2021-04-21T00:00:00.000,11:53,40.634533,-73.89304,0,0,0,0,4063,-7389,0.41818181818181815
2021-04-23T00:00:00.000,16:30,40.68576,-73.915504,0,0,0,0,4068,-7391,0.344
2021-04-22T00:00:00.000,7:40,40.73251,-73.857056,1,0,1,1,4073,-7385,0.3619047619047619
2021-04-23T00:00:00.000,15:22,40.582756,-74.13041,0,0,0,0,4058,-7413,0.6363636363636364
2021-04-23T00:00:00.000,22:30,40.825096,-73.87263,0,0,0,0,4082,-7387,0.33544303797468356
2021-09-14T00:00:00.000,7:30,40.719055,-74.01245,0,0,0,0,4071,-7401,0.3181818181818182
2021-04-22T00:00:00.000,16:45,40.79172,-73.95299,0,0,0,0,4079,-7395,0.42
2021-04-21T00:00:00.000,9:45,40.649277,-73.94361,1,0,1,1,4064,-7394,0.42342342342342343
2021-04-23T00:00:00.000,15:45,40.71982,-73.775856,0,0,0,0,4071,-7377,0.20967741935483872
2021-04-21T00:00:00.000,16:20,40.881264,-73.83875,1,0,1,1,4088,-7383,0.3448275862068966
2021-04-23T00:00:00.000,11:15,40.685585,-73.78584,0,0,0,0,4068,-7378,0.3384615384615385
2021-04-23T00:00:00.000,2:10,40.610214,-74.1202,0,0,0,0,4061,-7412,0.25
2021-04-10T00:00:00.000,22:55,40.646923,-73.94818,0,0,0,0,4064,-7394,0.42342342342342343
2021-04-22T00:00:00.000,18:35,40.725777,-73.79175,0,0,0,0,4072,-7379,0.3333333333333333
2021-04-22T00:00:00.000,13:40,40.597733,-73.94139,1,0,1,1,4059,-7394,0.275
2021-04-21T00:00:00.000,9:50,40.668247,-73.84602,2,0,1,1,4066,-7384,0.5925925925925926
2021-04-21T00:00:00.000,16:10,40.675426,-73.98208,0,0,0,0,4067,-7398,0.3655913978494624
2021-04-21T00:00:00.000,16:20,40.62717,-73.98214,0,0,0,0,4062,-7398,0.38
2021-04-10T00:00:00.000,22:00,40.736057,-73.87669,0,0,0,0,4073,-7387,0.3140495867768595
2021-04-23T00:00:00.000,18:46,40.676163,-73.922386,1,0,1,1,4067,-7392,0.39655172413793105
2021-04-21T00:00:00.000,9:30,40.7509,-73.99812,0,0,0,0,4075,-7399,0.2830188679245283
2021-04-21T00:00:00.000,15:10,40.73496,-73.93857,0,0,0,0,4073,-7393,0.38461538461538464
2021-04-20T00:00:00.000,16:00,40.708675,-73.956314,1,0,1,1,4070,-7395,0.3475177304964539
2021-04-21T00:00:00.000,19:20,40.66675,-73.779945,0,0,0,0,4066,-7377,0.37362637362637363
2021-04-23T00:00:00.000,20:46,40.759727,-73.99169,1,0,1,1,4075,-7399,0.2830188679245283
2021-04-19T00:00:00.000,23:35,40.753242,-73.96662,1,0,1,1,4075,-7396,0.4788732394366197
2021-04-22T00:00:00.000,15:00,40.625786,-73.89309,0,0,0,0,4062,-7389,0.3333333333333333
2021-04-22T00:00:00.000,8:58,40.761272,-73.95571,0,0,0,0,4076,-7395,0.3696969696969697
2021-04-17T00:00:00.000,0:00,40.752514,-73.87438,0,0,0,0,4075,-7387,0.33884297520661155
2021-04-21T00:00:00.000,18:40,40.70066,-73.98775,0,0,0,0,4070,-7398,0.21568627450980393
2021-04-22T00:00:00.000,14:20,40.65505,-73.95631,2,0,1,1,4065,-7395,0.38686131386861317
2021-04-21T00:00:00.000,13:30,40.729744,-73.94423,0,0,0,0,4072,-7394,0.19801980198019803
2021-02-05T00:00:00.000,20:00,40.68843,-73.89132,4,0,1,1,4068,-7389,0.5
2021-04-23T00:00:00.000,22:54,40.813374,-73.956276,0,0,0,0,4081,-7395,0.3509933774834437
2021-04-23T00:00:00.000,23:30,40.640583,-73.95573,1,0,1,1,4064,-7395,0.4796747967479675
2021-04-23T00:00:00.000,16:08,40.843994,-73.89752,0,0,0,0,4084,-7389,0.33766233766233766
2021-04-23T00:00:00.000,18:58,40.768646,-73.90973,2,0,1,1,4076,-7390,0.3055555555555556
2021-04-23T00:00:00.000,23:00,40.740017,-73.84565,1,0,1,1,4074,-7384,0.42857142857142855
2021-04-22T00:00:00.000,7:00,40.6572,-73.918655,0,0,0,0,4065,-7391,0.425
2021-04-19T00:00:00.000,12:30,40.69529,-73.94339,1,0,1,1,4069,-7394,0.417910447761194
2021-04-23T00:00:00.000,0:25,40.646515,-73.974655,1,0,1,1,4064,-7397,0.4095238095238095
2021-04-23T00:00:00.000,0:00,40.843254,-73.892136,0,0,0,0,4084,-7389,0.33766233766233766
2021-04-23T00:00:00.000,17:00,40.632156,-73.90821,0,0,0,0,4063,-7390,0.3561643835616438
2021-04-21T00:00:00.000,18:00,40.81653,-73.93488,0,0,0,0,4081,-7393,0.32432432432432434
2021-04-21T00:00:00.000,17:10,40.552296,-74.159996,0,0,0,0,4055,-7415,0.3
2021-04-22T00:00:00.000,14:23,40.82733,-73.8498,0,0,0,0,4082,-7384,0.3835616438356164
2021-04-23T00:00:00.000,2:17,40.72111,-73.90395,0,0,0,0,4072,-7390,0.2978723404255319
2021-04-22T00:00:00.000,19:45,40.650078,-73.94757,0,0,0,0,4065,-7394,0.43137254901960786
2021-04-23T00:00:00.000,10:08,40.632484,-73.94663,1,0,1,1,4063,-7394,0.358974358974359
2021-04-23T00:00:00.000,18:00,40.66605,-73.81525,0,0,0,0,4066,-7381,0.4716981132075472
2021-04-23T00:00:00.000,14:40,40.895195,-73.88012,1,0,1,1,4089,-7388,0.5
2021-04-21T00:00:00.000,18:30,40.820435,-73.93624,0,0,0,0,4082,-7393,0.36645962732919257
2021-04-23T00:00:00.000,23:00,40.77039,-73.91771,0,0,0,0,4077,-7391,0.3157894736842105
2021-04-23T00:00:00.000,7:39,40.670277,-73.92542,0,0,0,0,4067,-7392,0.39655172413793105
2021-04-23T00:00:00.000,10:24,40.753,-73.969894,0,0,0,0,4075,-7396,0.4788732394366197
2021-04-21T00:00:00.000,1:25,40.69832,-73.962265,5,0,1,1,4069,-7396,0.325
2021-04-21T00:00:00.000,15:25,40.884983,-73.86204,0,0,0,0,4088,-7386,0.23809523809523808
2021-04-23T00:00:00.000,11:30,40.631477,-74.02309,0,0,0,0,4063,-7402,0.3877551020408163
2021-04-21T00:00:00.000,1:55,40.766155,-73.89226,0,0,0,0,4076,-7389,0.35185185185185186
2021-04-22T00:00:00.000,16:10,40.82207,-73.94993,0,0,0,0,4082,-7394,0.3812154696132597
2021-04-21T00:00:00.000,13:30,40.848118,-73.93089,1,0,1,1,4084,-7393,0.32786885245901637
2021-04-23T00:00:00.000,23:15,40.676495,-73.913704,0,0,0,0,4067,-7391,0.36597938144329895
2021-04-21T00:00:00.000,14:25,40.66578,-73.91942,2,0,1,1,4066,-7391,0.3630952380952381
2021-04-21T00:00:00.000,1:25,40.755978,-73.939095,1,0,1,1,4075,-7393,0.43478260869565216
2021-04-23T00:00:00.000,12:30,40.62163,-74.04022,1,0,1,1,4062,-7404,0.5
2021-04-23T00:00:00.000,13:40,40.737553,-73.85089,0,0,0,0,4073,-7385,0.3619047619047619
2021-04-23T00:00:00.000,13:15,40.857418,-73.899956,1,0,1,1,4085,-7389,0.3353658536585366
2021-04-21T00:00:00.000,22:00,40.814762,-73.91683,0,0,0,0,4081,-7391,0.47244094488188976
2021-04-22T00:00:00.000,17:30,40.826702,-73.93937,1,0,1,1,4082,-7393,0.36645962732919257
2021-04-22T00:00:00.000,18:40,40.70744,-73.942024,0,0,0,0,4070,-7394,0.3956043956043956
2021-04-22T00:00:00.000,21:15,40.615406,-73.97983,0,0,0,0,4061,-7397,0.421875
2021-04-23T00:00:00.000,17:41,40.710888,-74.00907,0,0,0,0,4071,-7400,0.25517241379310346
2021-04-21T00:00:00.000,13:34,40.607853,-73.74465,0,0,0,0,4060,-7374,0.15789473684210525
2021-04-21T00:00:00.000,8:12,40.66895,-73.9339,0,0,0,0,4066,-7393,0.38578680203045684
2021-04-22T00:00:00.000,21:40,40.846153,-73.932335,1,0,1,1,4084,-7393,0.32786885245901637
2021-04-21T00:00:00.000,16:15,40.837894,-73.88138,0,0,0,0,4083,-7388,0.26717557251908397
2021-04-23T00:00:00.000,16:20,40.743256,-73.82043,0,0,0,0,4074,-7382,0.4057971014492754
2021-04-22T00:00:00.000,14:15,40.6862,-73.950745,0,0,0,0,4068,-7395,0.38571428571428573
2021-04-22T00:00:00.000,11:00,40.74206,-73.82453,0,0,0,0,4074,-7382,0.4057971014492754
2021-04-23T00:00:00.000,18:00,40.611355,-74.03294,0,0,0,0,4061,-7403,0.2777777777777778
2021-04-23T00:00:00.000,15:28,40.68789,-73.936035,1,0,1,1,4068,-7393,0.3619047619047619
2021-04-21T00:00:00.000,13:00,40.85798,-73.93091,0,0,0,0,4085,-7393,0.36585365853658536
2021-04-23T00:00:00.000,16:45,40.713924,-73.96714,1,0,1,1,4071,-7396,0.3218390804597701
2021-04-21T00:00:00.000,15:47,40.895702,-73.860504,1,0,1,1,4089,-7386,0.28205128205128205
2021-04-23T00:00:00.000,13:30,40.75896,-73.85909,0,0,0,0,4075,-7385,0.3048780487804878
2021-04-21T00:00:00.000,4:20,40.88611,-73.86033,0,0,0,0,4088,-7386,0.23809523809523808
2021-04-21T00:00:00.000,19:05,40.601795,-73.97257,3,0,1,1,4060,-7397,0.3469387755102041
2021-04-22T00:00:00.000,22:51,40.827656,-73.8861,0,0,0,0,4082,-7388,0.27624309392265195
2021-04-23T00:00:00.000,19:12,40.87427,-73.84187,0,0,0,0,4087,-7384,0.47297297297297297
2021-04-23T00:00:00.000,17:00,40.63439,-73.89324,0,0,0,0,4063,-7389,0.41818181818181815
2021-04-21T00:00:00.000,14:42,40.801098,-73.96791,0,0,0,0,4080,-7396,0.31343283582089554
2021-04-23T00:00:00.000,8:00,40.738228,-73.996765,0,0,0,0,4073,-7399,0.423728813559322
2021-04-21T00:00:00.000,20:40,40.66645,-73.75764,0,0,0,0,4066,-7375,0.3
2021-04-07T00:00:00.000,15:05,40.72409,-73.99614,1,0,1,1,4072,-7399,0.3829787234042553
2021-04-23T00:00:00.000,14:55,40.850166,-73.844925,1,0,1,1,4085,-7384,0.32432432432432434
2021-04-23T00:00:00.000,13:40,40.576073,-73.98575,0,0,0,0,4057,-7398,0.36904761904761907
2021-04-23T00:00:00.000,16:30,40.665916,-73.81528,0,0,0,0,4066,-7381,0.4716981132075472
2021-04-23T00:00:00.000,23:25,40.72539,-73.896614,0,0,0,0,4072,-7389,0.41379310344827586
2021-04-23T00:00:00.000,13:40,40.576965,-74.16974,1,0,1,1,4057,-7416,0.36363636363636365
2021-04-21T00:00:00.000,10:30,40.83941,-73.91542,0,0,0,0,4083,-7391,0.33714285714285713
2021-04-23T00:00:00.000,14:35,40.600956,-73.98607,0,0,0,0,4060,-7398,0.2711864406779661
2021-04-21T00:00:00.000,23:00,40.83761,-73.88106,1,0,1,1,4083,-7388,0.26717557251908397
2021-04-21T00:00:00.000,8:42,40.717678,-74.00578,0,0,0,0,4071,-7400,0.25517241379310346
2021-04-21T00:00:00.000,7:30,40.677677,-73.97961,1,0,1,1,4067,-7397,0.2818181818181818
2021-04-23T00:00:00.000,16:30,40.626568,-73.970924,0,0,0,0,4062,-7397,0.38666666666666666
2021-04-21T00:00:00.000,10:58,40.80083,-73.94422,1,0,1,1,4080,-7394,0.41116751269035534
2021-03-30T00:00:00.000,17:44,40.83245,-73.93176,0,0,0,0,4083,-7393,0.3333333333333333
2021-04-23T00:00:00.000,2:18,40.612736,-74.01172,0,0,0,0,4061,-7401,0.2972972972972973
2021-04-23T00:00:00.000,17:15,40.728775,-73.723785,0,0,0,0,4072,-7372,0.3793103448275862
2021-04-23T00:00:00.000,0:23,40.67608,-73.906136,0,0,0,0,4067,-7390,0.3282442748091603
2021-04-21T00:00:00.000,14:45,40.671604,-73.72807,0,0,0,0,4067,-7372,0.3888888888888889
2021-04-21T00:00:00.000,22:17,40.832,-73.899025,1,0,1,1,4083,-7389,0.3333333333333333
2021-09-14T00:00:00.000,14:25,40.591263,-73.944016,1,0,1,1,4059,-7394,0.275
2021-04-22T00:00:00.000,14:00,40.651676,-74.010635,0,0,0,0,4065,-7401,0.43478260869565216
2021-04-22T00:00:00.000,16:15,40.57916,-73.98309,0,0,0,0,4057,-7398,0.36904761904761907
2021-09-09T00:00:00.000,22:20,40.720074,-73.988365,0,0,0,0,4072,-7398,0.4342105263157895
2021-04-21T00:00:00.000,3:00,40.877365,-73.88533,0,0,0,0,4087,-7388,0.3561643835616438
2021-04-22T00:00:00.000,20:00,40.67073,-73.7491,0,0,0,0,4067,-7374,0.2619047619047619
2021-04-22T00:00:00.000,8:20,40.579052,-73.98415,1,0,1,1,4057,-7398,0.36904761904761907
2021-04-23T00:00:00.000,17:50,40.773335,-73.94421,0,0,0,0,4077,-7394,0.28
2021-04-20T00:00:00.000,17:30,40.820305,-73.89083,1,0,1,1,4082,-7389,0.37423312883435583
2021-04-03T00:00:00.000,1:40,40.795322,-73.929825,1,0,1,1,4079,-7392,0.4
2021-04-22T00:00:00.000,17:20,40.60521,-73.985855,0,0,0,0,4060,-7398,0.2711864406779661
2021-04-22T00:00:00.000,16:30,40.875423,-73.86028,0,0,0,0,4087,-7386,0.3142857142857143
2021-04-21T00:00:00.000,10:10,40.609653,-73.91145,0,0,0,0,4060,-7391,0.25
2021-04-23T00:00:00.000,19:43,40.821667,-73.89771,1,0,1,1,4082,-7389,0.37423312883435583
2021-04-23T00:00:00.000,19:28,40.682163,-73.92712,0,0,0,0,4068,-7392,0.2542372881355932
2021-04-23T00:00:00.000,19:30,40.658802,-73.77228,0,0,0,0,4065,-7377,0.3125
2021-04-23T00:00:00.000,19:58,40.613194,-73.92631,0,0,0,0,4061,-7392,0.2982456140350877
2021-04-23T00:00:00.000,11:40,40.67578,-74.0014,0,0,0,0,4067,-7400,0.20967741935483872
2021-04-16T00:00:00.000,11:00,40.69133,-73.95177,0,0,0,0,4069,-7395,0.30952380952380953
2021-04-23T00:00:00.000,18:05,40.74713,-73.88869,0,0,0,0,4074,-7388,0.2978723404255319
2021-04-22T00:00:00.000,13:00,40.56709,-74.12167,0,0,0,0,4056,-7412,0.2222222222222222
2021-04-23T00:00:00.000,12:45,40.721985,-73.98552,1,0,1,1,4072,-7398,0.4342105263157895
2021-04-19T00:00:00.000,15:30,40.69024,-73.9482,0,0,0,0,4069,-7394,0.417910447761194
2021-04-23T00:00:00.000,21:40,40.762825,-73.93398,1,0,1,1,4076,-7393,0.44680851063829785
2021-04-23T00:00:00.000,16:00,40.71191,-73.78744,0,0,0,0,4071,-7378,0.32653061224489793
2021-04-17T00:00:00.000,18:48,40.70091,-73.88787,0,0,0,0,4070,-7388,0.3448275862068966
2021-04-19T00:00:00.000,6:30,40.654278,-73.92292,0,0,0,0,4065,-7392,0.35555555555555557
2021-04-21T00:00:00.000,18:57,40.866444,-73.86117,0,0,0,0,4086,-7386,0.4642857142857143
2021-04-21T00:00:00.000,12:45,40.606358,-74.120926,0,0,0,0,4060,-7412,0.2608695652173913
2021-04-21T00:00:00.000,13:40,40.786495,-73.94839,0,0,0,0,4078,-7394,0.33513513513513515
2021-04-21T00:00:00.000,15:15,40.837864,-73.9114,1,0,1,1,4083,-7391,0.33714285714285713
2021-09-14T00:00:00.000,23:37,40.82111,-73.848495,0,0,0,0,4082,-7384,0.3835616438356164
2021-04-21T00:00:00.000,9:11,40.88945,-73.90448,0,0,0,0,4088,-7390,0.2702702702702703
2021-04-21T00:00:00.000,13:50,40.640785,-73.98503,1,0,1,1,4064,-7398,0.40425531914893614
2021-04-23T00:00:00.000,22:47,40.645256,-73.874954,0,0,0,0,4064,-7387,0.4918032786885246
2021-04-22T00:00:00.000,16:47,40.859642,-73.90534,0,0,0,0,4085,-7390,0.42207792207792205
2021-04-21T00:00:00.000,18:11,40.750763,-73.97446,1,0,1,1,4075,-7397,0.375886524822695
2021-04-23T00:00:00.000,14:50,40.83954,-73.85067,0,0,0,0,4083,-7385,0.30158730158730157
2021-04-22T00:00:00.000,7:00,40.68841,-73.84794,0,0,0,0,4068,-7384,0.3333333333333333
2021-04-21T00:00:00.000,19:04,40.86287,-73.934784,0,0,0,0,4086,-7393,0.3333333333333333
2021-04-22T00:00:00.000,17:25,40.84338,-73.914276,0,0,0,0,4084,-7391,0.32558139534883723
2021-04-21T00:00:00.000,9:45,40.849957,-73.84885,0,0,0,0,4084,-7384,0.4222222222222222
2021-04-23T00:00:00.000,17:00,40.633682,-73.89868,2,0,1,1,4063,-7389,0.41818181818181815
2021-04-21T00:00:00.000,20:50,40.82416,-73.922775,0,0,0,0,4082,-7392,0.3333333333333333
2021-04-21T00:00:00.000,11:50,40.682365,-73.96668,0,0,0,0,4068,-7396,0.42567567567567566
2021-04-21T00:00:00.000,9:45,40.670887,-73.93649,0,0,0,0,4067,-7393,0.3755868544600939
2021-04-22T00:00:00.000,22:00,40.664486,-73.91525,0,0,0,0,4066,-7391,0.3630952380952381
2021-04-23T00:00:00.000,23:15,40.718044,-73.99605,0,0,0,0,4071,-7399,0.3263157894736842
2021-04-19T00:00:00.000,19:27,40.58467,-74.09562,0,0,0,0,4058,-7409,0.15625
2021-04-21T00:00:00.000,1:10,40.662395,-73.93735,0,0,0,0,4066,-7393,0.38578680203045684
2021-04-21T00:00:00.000,22:30,40.594616,-73.99743,0,0,0,0,4059,-7399,0.3076923076923077
2021-04-23T00:00:00.000,14:06,40.738007,-73.78837,2,0,1,1,4073,-7378,0.391304347826087
2021-04-23T00:00:00.000,23:05,40.66632,-73.83481,1,0,1,1,4066,-7383,0.5
2021-04-22T00:00:00.000,12:15,40.787685,-73.97502,0,0,0,0,4078,-7397,0.3434343434343434
2021-04-19T00:00:00.000,12:25,40.669735,-73.93104,0,0,0,0,4066,-7393,0.38578680203045684
2021-04-21T00:00:00.000,9:30,40.775124,-73.90444,0,0,0,0,4077,-7390,0.3404255319148936
2021-04-21T00:00:00.000,8:30,40.819717,-73.94048,0,0,0,0,4081,-7394,0.38
2021-04-22T00:00:00.000,12:30,40.62709,-73.94403,1,0,1,1,4062,-7394,0.41379310344827586
2021-04-21T00:00:00.000,19:05,40.559128,-74.16949,0,0,0,0,4055,-7416,0.5416666666666666
2021-04-23T00:00:00.000,16:00,40.66159,-73.99536,0,0,0,0,4066,-7399,0.40540540540540543
2021-04-23T00:00:00.000,8:40,40.650387,-73.95872,0,0,0,0,4065,-7395,0.38686131386861317
2021-04-22T00:00:00.000,7:00,40.700836,-73.99495,0,0,0,0,4070,-7399,0.21052631578947367
2021-04-21T00:00:00.000,12:50,40.71762,-74.00028,0,0,0,0,4071,-7400,0.25517241379310346
2021-03-31T00:00:00.000,15:38,40.84434,-73.91475,1,0,1,1,4084,-7391,0.32558139534883723
2021-04-21T00:00:00.000,16:20,40.784355,-73.98117,1,0,1,1,4078,-7398,0.42105263157894735
2021-04-21T00:00:00.000,15:45,40.81672,-73.89241,0,0,0,0,4081,-7389,0.31543624161073824
2021-04-22T00:00:00.000,23:23,40.861862,-73.91282,0,0,0,0,4086,-7391,0.38016528925619836
2021-04-21T00:00:00.000,14:20,40.65911,-73.89922,1,0,1,1,4065,-7389,0.34965034965034963
2021-04-23T00:00:00.000,11:16,40.83335,-73.93524,0,0,0,0,4083,-7393,0.3333333333333333
2021-04-22T00:00:00.000,22:50,40.64254,-73.87652,1,0,1,1,4064,-7387,0.4918032786885246
2021-04-21T00:00:00.000,8:10,40.69819,-73.96191,1,0,1,1,4069,-7396,0.325
2021-04-02T00:00:00.000,21:05,40.768562,-73.981575,0,0,0,0,4076,-7398,0.3081761006289308
2021-04-22T00:00:00.000,10:15,40.720936,-73.993805,0,0,0,0,4072,-7399,0.3829787234042553
2021-04-21T00:00:00.000,9:57,40.652973,-73.94401,2,0,1,1,4065,-7394,0.43137254901960786
2021-04-21T00:00:00.000,7:50,40.73635,-73.97502,0,0,0,0,4073,-7397,0.32558139534883723
2021-04-23T00:00:00.000,14:00,40.65616,-73.76736,0,0,0,0,4065,-7376,0.35714285714285715
2021-04-23T00:00:00.000,12:24,40.8451,-73.90931,0,0,0,0,4084,-7390,0.366120218579235
2021-04-21T00:00:00.000,12:45,40.69165,-73.779205,0,0,0,0,4069,-7377,0.35135135135135137
2021-04-14T00:00:00.000,17:30,40.755802,-73.986404,0,0,0,0,4075,-7398,0.3170731707317073
2021-04-22T00:00:00.000,8:30,40.594955,-73.78627,0,0,0,0,4059,-7378,0.14705882352941177
2021-04-22T00:00:00.000,14:30,40.777252,-73.89799,1,0,1,1,4077,-7389,0.35
2021-04-23T00:00:00.000,0:04,40.593327,-73.964645,1,0,1,1,4059,-7396,0.38596491228070173
2021-04-21T00:00:00.000,14:00,40.777676,-73.963234,0,0,0,0,4077,-7396,0.3695652173913043
2021-04-23T00:00:00.000,19:00,40.688408,-73.98657,0,0,0,0,4068,-7398,0.3873239436619718
2021-04-23T00:00:00.000,15:19,40.691074,-73.908806,1,0,1,1,4069,-7390,0.29591836734693877
2021-04-21T00:00:00.000,9:35,40.773037,-73.79566,2,0,1,1,4077,-7379,0.5
2021-04-23T00:00:00.000,22:58,40.691227,-73.98214,1,0,1,1,4069,-7398,0.3229166666666667
2021-04-22T00:00:00.000,14:40,40.86536,-73.87043,0,0,0,0,4086,-7387,0.34545454545454546
2021-04-22T00:00:00.000,16:00,40.699654,-73.74227,0,0,0,0,4069,-7374,0.46774193548387094
2021-04-23T00:00:00.000,17:10,40.822742,-73.913895,1,0,1,1,4082,-7391,0.3355263157894737
2021-04-21T00:00:00.000,0:50,40.644196,-73.95467,1,0,1,1,4064,-7395,0.4796747967479675
2021-04-22T00:00:00.000,14:40,40.733658,-73.90008,1,0,1,1,4073,-7390,0.42424242424242425
2021-04-23T00:00:00.000,18:49,40.74947,-73.886856,0,0,0,0,4074,-7388,0.2978723404255319
2021-04-21T00:00:00.000,23:10,40.85429,-73.90027,0,0,0,0,4085,-7390,0.42207792207792205
2021-04-21T00:00:00.000,0:05,40.859325,-73.93132,3,0,1,1,4085,-7393,0.36585365853658536
2021-04-21T00:00:00.000,16:15,40.684315,-73.92299,2,0,1,1,4068,-7392,0.2542372881355932
2021-04-23T00:00:00.000,15:00,40.67289,-73.906685,0,0,0,0,4067,-7390,0.3282442748091603
2021-04-21T00:00:00.000,13:05,40.88845,-73.841965,0,0,0,0,4088,-7384,0.4153846153846154
2021-04-23T00:00:00.000,9:02,40.69165,-73.779205,0,0,0,0,4069,-7377,0.35135135135135137
2021-04-21T00:00:00.000,15:00,40.83981,-73.84649,5,0,1,1,4083,-7384,0.22727272727272727
2021-04-22T00:00:00.000,15:25,40.870644,-73.89951,0,0,0,0,4087,-7389,0.3333333333333333
2021-04-22T00:00:00.000,14:42,40.848835,-73.787094,0,0,0,0,4084,-7378,0.0
2021-04-23T00:00:00.000,16:22,40.7266,-73.93066,0,0,0,0,4072,-7393,0.36507936507936506
2021-04-23T00:00:00.000,13:30,40.72229,-73.86732,0,0,0,0,4072,-7386,0.42424242424242425
2021-04-21T00:00:00.000,12:00,40.690865,-73.80253,0,0,0,0,4069,-7380,0.38461538461538464
2021-04-23T00:00:00.000,18:30,40.629807,-74.14096,1,0,1,1,4062,-7414,0.20408163265306123
2021-04-23T00:00:00.000,12:32,40.704697,-73.79681,1,0,1,1,4070,-7379,0.3978494623655914
2021-04-21T00:00:00.000,13:20,40.77741,-73.978806,0,0,0,0,4077,-7397,0.38235294117647056
2021-04-23T00:00:00.000,7:53,40.52358,-74.187225,0,0,0,0,4052,-7418,0.4
2021-04-23T00:00:00.000,8:00,40.711395,-73.731186,0,0,0,0,4071,-7373,0.25
2021-04-21T00:00:00.000,17:53,40.741074,-73.7258,0,0,0,0,4074,-7372,0.375
2021-04-22T00:00:00.000,13:05,40.615093,-73.96436,0,0,0,0,4061,-7396,0.30666666666666664
2021-04-21T00:00:00.000,0:00,40.683777,-73.76975,0,0,0,0,4068,-7376,0.35714285714285715
2021-04-22T00:00:00.000,16:30,40.642445,-74.00592,0,0,0,0,4064,-7400,0.36764705882352944
2021-04-23T00:00:00.000,18:00,40.582287,-74.16907,0,0,0,0,4058,-7416,0.3
2021-04-22T00:00:00.000,22:00,40.593975,-73.77024,1,0,1,1,4059,-7377,0.2692307692307692
2021-04-22T00:00:00.000,11:43,40.816765,-73.90073,1,0,1,1,4081,-7390,0.3888888888888889
2021-04-21T00:00:00.000,11:28,40.63082,-73.88636,0,0,0,0,4063,-7388,0.3835616438356164
2021-04-23T00:00:00.000,18:45,40.584873,-73.969154,0,0,0,0,4058,-7396,0.37333333333333335
2021-04-22T00:00:00.000,11:45,40.65853,-73.919754,1,0,1,1,4065,-7391,0.425
2021-04-21T00:00:00.000,17:00,40.718155,-73.94839,0,0,0,0,4071,-7394,0.3710691823899371
2021-04-05T00:00:00.000,23:00,40.715557,-73.99826,0,0,0,0,4071,-7399,0.3263157894736842
2021-04-22T00:00:00.000,19:30,40.83968,-73.929276,0,0,0,0,4083,-7392,0.310126582278481
2021-04-22T00:00:00.000,17:50,40.721397,-73.95605,0,0,0,0,4072,-7395,0.22093023255813954
2021-04-23T00:00:00.000,15:49,40.66493,-73.9144,0,0,0,0,4066,-7391,0.3630952380952381
2021-04-23T00:00:00.000,17:30,40.707954,-73.950615,0,0,0,0,4070,-7395,0.3475177304964539
2021-04-23T00:00:00.000,16:50,40.841988,-73.84392,2,0,1,1,4084,-7384,0.4222222222222222
2021-04-23T00:00:00.000,12:05,40.62748,-74.00714,1,0,1,1,4062,-7400,0.3150684931506849
2021-04-23T00:00:00.000,20:29,40.8589,-73.90357,0,0,0,0,4085,-7390,0.42207792207792205
2021-04-23T00:00:00.000,13:50,40.830166,-73.90624,0,0,0,0,4083,-7390,0.3064516129032258
2021-09-14T00:00:00.000,22:19,40.794353,-73.97836,1,0,1,1,4079,-7397,0.24210526315789474
2021-04-22T00:00:00.000,19:13,40.71382,-73.85676,1,0,1,1,4071,-7385,0.4418604651162791
2021-04-18T00:00:00.000,11:40,40.704845,-73.80112,0,0,0,0,4070,-7380,0.3877551020408163
2021-04-22T00:00:00.000,17:30,40.647064,-74.02263,1,0,1,1,4064,-7402,0.41379310344827586
2021-04-16T00:00:00.000,6:57,40.748367,-73.87693,1,0,1,1,4074,-7387,0.25663716814159293
2021-04-21T00:00:00.000,14:40,40.67172,-73.850975,0,0,0,0,4067,-7385,0.26666666666666666
2021-04-22T00:00:00.000,16:23,40.82485,-73.911316,0,0,0,0,4082,-7391,0.3355263157894737
2021-04-18T00:00:00.000,19:45,40.690063,-73.76018,1,0,1,1,4069,-7376,0.3392857142857143
2021-04-23T00:00:00.000,23:00,40.66328,-73.90403,0,0,0,0,4066,-7390,0.2777777777777778
2021-04-21T00:00:00.000,15:30,40.599503,-73.754074,0,0,0,0,4059,-7375,0.17777777777777778
2021-04-23T00:00:00.000,10:40,40.811665,-73.909035,0,0,0,0,4081,-7390,0.3888888888888889
2021-04-21T00:00:00.000,0:00,40.81632,-73.95783,0,0,0,0,4081,-7395,0.3509933774834437
2021-04-09T00:00:00.000,12:05,40.671535,-73.957664,0,0,0,0,4067,-7395,0.3695652173913043
2021-04-22T00:00:00.000,6:00,40.872494,-73.83314,0,0,0,0,4087,-7383,0.3333333333333333
2021-04-21T00:00:00.000,4:30,40.74915,-73.98828,1,0,1,1,4074,-7398,0.40131578947368424
2021-04-15T00:00:00.000,1:50,40.64378,-73.900826,0,0,0,0,4064,-7390,0.4017094017094017
2021-04-23T00:00:00.000,15:50,40.667572,-73.8257,0,0,0,0,4066,-7382,0.43103448275862066
2021-04-15T00:00:00.000,10:00,40.695976,-73.902374,0,0,0,0,4069,-7390,0.29591836734693877
2021-04-21T00:00:00.000,8:10,40.637203,-74.0222,0,0,0,0,4063,-7402,0.3877551020408163
2021-04-22T00:00:00.000,11:15,40.640236,-73.90598,1,0,1,1,4064,-7390,0.4017094017094017
2021-04-22T00:00:00.000,14:50,40.61821,-73.89728,1,0,1,1,4061,-7389,0.45454545454545453
2021-04-03T00:00:00.000,15:17,40.82463,-73.91059,1,0,1,1,4082,-7391,0.3355263157894737
2021-04-21T00:00:00.000,15:30,40.62531,-73.918884,0,0,0,0,4062,-7391,0.3333333333333333
2021-04-23T00:00:00.000,13:15,40.678116,-73.92172,0,0,0,0,4067,-7392,0.39655172413793105
2021-04-21T00:00:00.000,20:15,40.82815,-73.93491,2,0,1,1,4082,-7393,0.36645962732919257
2021-04-21T00:00:00.000,16:48,40.839676,-73.871216,4,0,1,1,4083,-7387,0.38414634146341464
2021-04-23T00:00:00.000,8:21,40.604572,-74.091125,1,0,1,1,4060,-7409,0.36363636363636365
2021-04-10T00:00:00.000,23:25,40.652916,-73.94498,0,0,0,0,4065,-7394,0.43137254901960786
2021-04-21T00:00:00.000,20:09,40.869076,-73.93062,0,0,0,0,4086,-7393,0.3333333333333333
2021-04-23T00:00:00.000,21:30,40.75233,-73.86264,0,0,0,0,4075,-7386,0.33653846153846156
2021-04-21T00:00:00.000,16:25,40.83558,-73.886665,0,0,0,0,4083,-7388,0.26717557251908397
2021-04-22T00:00:00.000,16:30,40.73485,-73.989975,0,0,0,0,4073,-7398,0.36942675159235666
2021-04-23T00:00:00.000,11:09,40.635185,-73.92862,1,0,1,1,4063,-7392,0.4036697247706422
2021-04-17T00:00:00.000,4:30,40.895927,-73.855995,0,0,0,0,4089,-7385,0.3813559322033898
2021-04-23T00:00:00.000,22:00,40.67602,-73.81613,0,0,0,0,4067,-7381,0.4230769230769231
2021-04-22T00:00:00.000,12:23,40.861862,-73.91282,0,0,0,0,4086,-7391,0.38016528925619836
2021-04-23T00:00:00.000,17:24,40.826397,-73.92116,0,0,0,0,4082,-7392,0.3333333333333333
2021-04-23T00:00:00.000,16:00,40.72026,-73.75234,1,0,1,1,4072,-7375,0.2727272727272727
2021-04-22T00:00:00.000,15:52,40.68286,-73.97278,1,0,1,1,4068,-7397,0.3412322274881517
2021-04-21T00:00:00.000,13:00,40.766785,-73.893105,0,0,0,0,4076,-7389,0.35185185185185186
2021-04-23T00:00:00.000,14:45,40.866047,-73.882744,0,0,0,0,4086,-7388,0.23943661971830985
2021-04-22T00:00:00.000,21:13,40.830563,-73.91883,1,0,1,1,4083,-7391,0.33714285714285713
2021-04-21T00:00:00.000,16:03,40.833153,-73.90913,0,0,0,0,4083,-7390,0.3064516129032258
2021-04-23T00:00:00.000,18:40,40.60058,-73.99161,0,0,0,0,4060,-7399,0.31683168316831684
2021-04-22T00:00:00.000,15:24,40.789772,-73.97397,0,0,0,0,4078,-7397,0.3434343434343434
2021-04-22T00:00:00.000,18:00,40.759514,-73.99926,0,0,0,0,4075,-7399,0.2830188679245283
2021-04-21T00:00:00.000,1:05,40.77012,-73.95741,1,0,1,1,4077,-7395,0.3384615384615385
2021-04-23T00:00:00.000,1:45,40.665497,-73.75573,0,0,0,0,4066,-7375,0.3
2021-04-22T00:00:00.000,11:00,40.7217,-73.73017,0,0,0,0,4072,-7373,0.4642857142857143
2021-04-23T00:00:00.000,15:10,40.65634,-73.92137,0,0,0,0,4065,-7392,0.35555555555555557
2021-04-20T00:00:00.000,18:45,40.64634,-73.917496,0,0,0,0,4064,-7391,0.39805825242718446
2021-04-21T00:00:00.000,17:50,40.61278,-73.996605,0,0,0,0,4061,-7399,0.29411764705882354
2021-04-23T00:00:00.000,9:00,40.843002,-73.90359,0,0,0,0,4084,-7390,0.366120218579235
2021-04-21T00:00:00.000,20:06,40.85384,-73.8564,0,0,0,0,4085,-7385,0.3125
2021-04-21T00:00:00.000,9:33,40.67805,-73.98262,0,0,0,0,4067,-7398,0.3655913978494624
2021-04-22T00:00:00.000,14:55,40.890076,-73.819855,1,0,1,1,4089,-7381,1.0
2021-04-23T00:00:00.000,18:47,40.71206,-73.94737,0,0,0,0,4071,-7394,0.3710691823899371
2021-04-22T00:00:00.000,14:30,40.776016,-73.98724,0,0,0,0,4077,-7398,0.38028169014084506
2021-04-23T00:00:00.000,20:45,40.723747,-74.00612,0,0,0,0,4072,-7400,0.32926829268292684
2021-04-23T00:00:00.000,4:43,40.86832,-73.83317,0,0,0,0,4086,-7383,0.3448275862068966
2021-04-23T00:00:00.000,11:32,40.66401,-73.99771,1,0,1,1,4066,-7399,0.40540540540540543
2021-04-16T00:00:00.000,15:39,40.760494,-73.8614,0,0,0,0,4076,-7386,0.40298507462686567
2021-03-17T00:00:00.000,15:00,40.67045,-73.911896,1,0,1,1,4067,-7391,0.36597938144329895
2021-04-23T00:00:00.000,18:06,40.640415,-73.982925,0,0,0,0,4064,-7398,0.40425531914893614
2021-04-19T00:00:00.000,11:55,40.696686,-73.9378,0,0,0,0,4069,-7393,0.3141025641025641
2021-04-08T00:00:00.000,7:40,40.813374,-73.956276,0,0,0,0,4081,-7395,0.3509933774834437
2021-04-21T00:00:00.000,23:11,40.650402,-73.89422,1,0,1,1,4065,-7389,0.34965034965034963
2021-04-22T00:00:00.000,16:40,40.7025,-73.814964,0,0,0,0,4070,-7381,0.3194444444444444
2021-04-23T00:00:00.000,13:20,40.820515,-73.930695,1,0,1,1,4082,-7393,0.36645962732919257
2021-04-22T00:00:00.000,14:30,40.66684,-73.78941,0,0,0,0,4066,-7378,0.34615384615384615
2021-04-16T00:00:00.000,1:42,40.611156,-73.97534,0,0,0,0,4061,-7397,0.421875
2021-04-16T00:00:00.000,19:35,40.70022,-73.96219,1,0,1,1,4070,-7396,0.3431372549019608
2021-04-21T00:00:00.000,14:10,40.69642,-73.95978,0,0,0,0,4069,-7395,0.30952380952380953
2021-04-23T00:00:00.000,8:05,40.761475,-73.91364,0,0,0,0,4076,-7391,0.40476190476190477
2021-04-23T00:00:00.000,13:17,40.70921,-73.87017,0,0,0,0,4070,-7387,0.24324324324324326
2021-04-22T00:00:00.000,13:30,40.682907,-73.9848,1,0,1,1,4068,-7398,0.3873239436619718
2021-04-21T00:00:00.000,20:12,40.712994,-73.98853,1,0,1,1,4071,-7398,0.39568345323741005
2021-04-21T00:00:00.000,10:00,40.829647,-73.94439,0,0,0,0,4082,-7394,0.3812154696132597
2021-04-16T00:00:00.000,18:30,40.680717,-73.9463,0,0,0,0,4068,-7394,0.4409448818897638
2021-04-23T00:00:00.000,10:54,40.743137,-73.82973,1,0,1,1,4074,-7382,0.4057971014492754
2021-04-23T00:00:00.000,19:15,40.758064,-73.97029,0,0,0,0,4075,-7397,0.375886524822695
2021-04-21T00:00:00.000,18:45,40.877033,-73.846375,1,0,1,1,4087,-7384,0.47297297297297297
2021-04-21T00:00:00.000,1:30,40.854477,-73.90125,0,0,0,0,4085,-7390,0.42207792207792205
2021-04-08T00:00:00.000,19:09,40.844753,-73.90539,3,0,1,1,4084,-7390,0.366120218579235
2021-04-21T00:00:00.000,2:00,40.88271,-73.881256,0,0,0,0,4088,-7388,0.42857142857142855
2021-04-23T00:00:00.000,20:26,40.856136,-73.89235,1,0,1,1,4085,-7389,0.3353658536585366
2021-04-16T00:00:00.000,18:45,40.68876,-73.98085,0,0,0,0,4068,-7398,0.3873239436619718
2021-04-12T00:00:00.000,13:00,40.875122,-73.905174,3,0,1,1,4087,-7390,0.3184713375796178
2021-04-23T00:00:00.000,11:47,40.65245,-73.96345,2,0,1,1,4065,-7396,0.3939393939393939
2021-04-21T00:00:00.000,10:30,40.637997,-74.02136,0,0,0,0,4063,-7402,0.3877551020408163
2021-04-23T00:00:00.000,9:04,40.73027,-73.97993,0,0,0,0,4073,-7397,0.32558139534883723
2021-04-06T00:00:00.000,22:30,40.842422,-73.928185,4,0,1,1,4084,-7392,0.3181818181818182
2021-04-21T00:00:00.000,8:48,40.799957,-73.96053,0,0,0,0,4079,-7396,0.25
2021-04-23T00:00:00.000,17:15,40.653275,-73.92953,0,0,0,0,4065,-7392,0.35555555555555557
2021-04-21T00:00:00.000,23:29,40.828316,-73.93118,0,0,0,0,4082,-7393,0.36645962732919257
2021-04-23T00:00:00.000,23:13,40.652462,-73.92285,0,0,0,0,4065,-7392,0.35555555555555557
2021-04-23T00:00:00.000,12:03,40.784573,-73.971695,0,0,0,0,4078,-7397,0.3434343434343434
2021-04-21T00:00:00.000,18:15,40.65965,-73.773834,0,0,0,0,4065,-7377,0.3125
2021-03-16T00:00:00.000,19:18,40.815304,-73.94371,2,0,1,1,4081,-7394,0.38
2021-03-25T00:00:00.000,15:30,40.813374,-73.956276,1,0,1,1,4081,-7395,0.3509933774834437
2021-04-22T00:00:00.000,15:30,40.801125,-73.92988,0,0,0,0,4080,-7392,0.3141025641025641
2021-04-22T00:00:00.000,15:00,40.73573,-73.89324,1,0,1,1,4073,-7389,0.2857142857142857
2021-04-16T00:00:00.000,8:01,40.745502,-73.86806,1,0,1,1,4074,-7386,0.3813559322033898
2021-04-21T00:00:00.000,12:30,40.7847,-73.843056,0,0,0,0,4078,-7384,0.23809523809523808
2021-04-21T00:00:00.000,12:50,40.62729,-74.0086,0,0,0,0,4062,-7400,0.3150684931506849
2021-04-21T00:00:00.000,13:00,40.66228,-73.90003,0,0,0,0,4066,-7390,0.2777777777777778
2021-04-23T00:00:00.000,18:13,40.67948,-73.93291,2,0,1,1,4067,-7393,0.3755868544600939
2021-04-21T00:00:00.000,21:00,40.73189,-74.0038,1,0,1,1,4073,-7400,0.2403846153846154
2021-04-18T00:00:00.000,3:20,40.734737,-73.87227,0,0,0,0,4073,-7387,0.3140495867768595
2021-02-10T00:00:00.000,6:30,40.723236,-73.912575,0,0,0,0,4072,-7391,0.36
2021-04-23T00:00:00.000,14:30,40.711227,-73.72826,0,0,0,0,4071,-7372,0.40425531914893614
2021-04-22T00:00:00.000,16:00,40.664818,-73.92221,0,0,0,0,4066,-7392,0.355
2021-04-21T00:00:00.000,15:30,40.666946,-73.79712,0,0,0,0,4066,-7379,0.3870967741935484
2021-12-10T00:00:00.000,15:30,40.75904,-73.807945,0,0,0,0,4075,-7380,0.36363636363636365
2021-04-23T00:00:00.000,22:08,40.714878,-73.75046,1,0,1,1,4071,-7375,0.3269230769230769
2021-04-23T00:00:00.000,9:10,40.744698,-73.95667,0,0,0,0,4074,-7395,0.35185185185185186
2021-04-21T00:00:00.000,23:00,40.631706,-73.94649,2,0,1,1,4063,-7394,0.358974358974359
2021-04-13T00:00:00.000,23:30,40.820137,-73.89029,0,0,0,0,4082,-7389,0.37423312883435583
2021-04-23T00:00:00.000,23:45,40.700813,-73.95447,0,0,0,0,4070,-7395,0.3475177304964539
2021-04-22T00:00:00.000,10:21,40.720936,-73.993805,0,0,0,0,4072,-7399,0.3829787234042553
2021-04-23T00:00:00.000,21:10,40.766556,-73.96294,0,0,0,0,4076,-7396,0.3023255813953488
2021-04-18T00:00:00.000,6:55,40.704628,-73.87245,0,0,0,0,4070,-7387,0.24324324324324326
2021-04-22T00:00:00.000,9:10,40.678238,-73.94415,0,0,0,0,4067,-7394,0.34074074074074073
2021-04-21T00:00:00.000,12:08,40.601948,-73.99382,1,0,1,1,4060,-7399,0.31683168316831684
2021-04-21T00:00:00.000,21:37,40.661606,-73.92066,1,0,1,1,4066,-7392,0.355
2021-04-19T00:00:00.000,9:17,40.822834,-73.941925,0,0,0,0,4082,-7394,0.3812154696132597
2021-04-22T00:00:00.000,14:30,40.54581,-74.185555,0,0,0,0,4054,-7418,0.1875
2021-04-23T00:00:00.000,18:00,40.852673,-73.919106,0,0,0,0,4085,-7391,0.373134328358209
2021-04-22T00:00:00.000,16:00,40.757565,-73.90191,0,0,0,0,4075,-7390,0.37254901960784315
2021-04-23T00:00:00.000,20:25,40.67879,-73.913635,1,0,1,1,4067,-7391,0.36597938144329895
2021-04-21T00:00:00.000,0:35,40.65362,-73.933525,1,0,1,1,4065,-7393,0.44366197183098594
2021-04-14T00:00:00.000,2:00,40.669098,-73.93666,0,0,0,0,4066,-7393,0.38578680203045684
2021-04-21T00:00:00.000,16:55,40.635506,-73.913284,1,0,1,1,4063,-7391,0.5
2021-04-22T00:00:00.000,8:59,40.761223,-73.96982,1,0,1,1,4076,-7396,0.3023255813953488
2021-04-23T00:00:00.000,13:00,40.8617,-73.89139,2,0,1,1,4086,-7389,0.40606060606060607
2021-04-23T00:00:00.000,0:09,40.85406,-73.91936,1,0,1,1,4085,-7391,0.373134328358209
2021-04-23T00:00:00.000,16:35,40.654163,-73.91163,0,0,0,0,4065,-7391,0.425
2021-04-23T00:00:00.000,15:43,40.83964,-73.84403,0,0,0,0,4083,-7384,0.22727272727272727
2021-04-01T00:00:00.000,1:23,40.75361,-73.90393,1,0,1,1,4075,-7390,0.37254901960784315
2021-04-21T00:00:00.000,19:05,40.760956,-73.93576,1,0,1,1,4076,-7393,0.44680851063829785
2021-04-21T00:00:00.000,16:34,40.596325,-73.76673,0,0,0,0,4059,-7376,0.23809523809523808
2021-04-23T00:00:00.000,11:40,40.68607,-73.91605,0,0,0,0,4068,-7391,0.344
2021-04-21T00:00:00.000,0:00,40.676956,-73.83729,1,0,1,1,4067,-7383,0.48148148148148145
2021-04-22T00:00:00.000,18:30,40.69168,-73.999344,1,0,1,1,4069,-7399,0.29473684210526313
2021-04-22T00:00:00.000,16:22,40.678486,-74.006195,0,0,0,0,4067,-7400,0.20967741935483872
2021-04-23T00:00:00.000,10:40,40.7418,-73.72815,1,0,1,1,4074,-7372,0.375
2021-04-21T00:00:00.000,11:20,40.722668,-73.93689,0,0,0,0,4072,-7393,0.36507936507936506
2021-04-22T00:00:00.000,13:30,40.761787,-73.95745,0,0,0,0,4076,-7395,0.3696969696969697
2021-04-22T00:00:00.000,7:14,40.778614,-73.83887,0,0,0,0,4077,-7383,0.25
2021-04-20T00:00:00.000,9:40,40.75644,-73.87701,1,0,1,1,4075,-7387,0.33884297520661155
2021-04-21T00:00:00.000,19:03,40.71153,-73.95504,0,0,0,0,4071,-7395,0.36585365853658536
2021-04-22T00:00:00.000,11:00,40.748863,-73.97584,1,0,1,1,4074,-7397,0.4810810810810811
2021-04-07T00:00:00.000,15:45,40.696815,-73.936615,0,0,0,0,4069,-7393,0.3141025641025641
2021-04-21T00:00:00.000,17:40,40.87951,-73.9085,1,0,1,1,4087,-7390,0.3184713375796178
2021-04-23T00:00:00.000,19:18,40.856445,-73.891045,0,0,0,0,4085,-7389,0.3353658536585366
2021-04-23T00:00:00.000,14:27,40.62386,-73.965,1,0,1,1,4062,-7396,0.375
2021-04-23T00:00:00.000,8:52,40.69426,-73.91036,0,0,0,0,4069,-7391,0.2709677419354839
2021-04-23T00:00:00.000,11:50,40.812634,-73.88313,2,0,1,1,4081,-7388,0.25471698113207547
2021-04-22T00:00:00.000,12:10,40.802074,-73.93912,0,0,0,0,4080,-7393,0.36312849162011174
2021-04-22T00:00:00.000,19:29,40.717785,-73.76249,0,0,0,0,4071,-7376,0.37142857142857144
2021-04-22T00:00:00.000,20:00,40.609867,-73.92239,0,0,0,0,4060,-7392,0.3333333333333333
2021-04-23T00:00:00.000,16:16,40.71827,-73.99072,0,0,0,0,4071,-7399,0.3263157894736842
2021-04-23T00:00:00.000,12:00,40.68343,-73.82661,0,0,0,0,4068,-7382,0.41975308641975306
2021-04-20T00:00:00.000,9:40,40.653732,-73.91327,0,0,0,0,4065,-7391,0.425
2021-04-23T00:00:00.000,3:10,40.705715,-73.91259,0,0,0,0,4070,-7391,0.27450980392156865
2021-04-22T00:00:00.000,21:15,40.714073,-73.95534,1,0,1,1,4071,-7395,0.36585365853658536
2021-04-22T00:00:00.000,15:00,40.681446,-73.94644,1,0,1,1,4068,-7394,0.4409448818897638
2021-04-21T00:00:00.000,8:50,40.883476,-73.868256,0,0,0,0,4088,-7386,0.23809523809523808
2021-04-20T00:00:00.000,15:00,40.87877,-73.824036,0,0,0,0,4087,-7382,0.3333333333333333
2021-04-21T00:00:00.000,9:00,40.630333,-74.0405,1,0,1,1,4063,-7404,1.0
2021-04-22T00:00:00.000,8:26,40.820255,-73.94562,0,0,0,0,4082,-7394,0.3812154696132597
2021-04-23T00:00:00.000,17:12,40.8347,-73.91827,0,0,0,0,4083,-7391,0.33714285714285713
2021-04-23T00:00:00.000,7:50,40.715595,-73.896904,0,0,0,0,4071,-7389,0.38095238095238093
2021-04-23T00:00:00.000,11:28,40.765137,-73.81944,3,0,1,1,4076,-7381,0.4716981132075472
2021-12-08T00:00:00.000,14:19,40.767803,-73.95601,1,0,1,1,4076,-7395,0.3696969696969697
2021-04-21T00:00:00.000,9:45,40.687138,-73.75136,0,0,0,0,4068,-7375,0.3877551020408163
2021-04-22T00:00:00.000,2:11,40.588562,-74.14584,0,0,0,0,4058,-7414,0.75
2021-04-23T00:00:00.000,15:00,40.834637,-73.89443,0,0,0,0,4083,-7389,0.3333333333333333
2021-04-23T00:00:00.000,12:33,40.83661,-73.92234,2,0,1,1,4083,-7392,0.310126582278481
2021-04-21T00:00:00.000,23:00,40.83761,-73.88106,1,0,1,1,4083,-7388,0.26717557251908397
2021-04-21T00:00:00.000,22:52,40.848114,-73.901474,0,0,0,0,4084,-7390,0.366120218579235
2021-04-10T00:00:00.000,0:01,40.669434,-73.9255,0,0,0,0,4066,-7392,0.355
2021-04-23T00:00:00.000,16:30,40.688698,-73.781494,0,0,0,0,4068,-7378,0.3384615384615385
2021-04-15T00:00:00.000,17:50,40.834126,-73.916664,0,0,0,0,4083,-7391,0.33714285714285713
2021-04-21T00:00:00.000,8:35,40.757656,-73.99079,1,0,1,1,4075,-7399,0.2830188679245283
2021-04-21T00:00:00.000,19:10,40.659576,-73.739494,0,0,0,0,4065,-7373,0.3
2021-04-22T00:00:00.000,12:50,40.83383,-73.921234,0,0,0,0,4083,-7392,0.310126582278481
2021-04-21T00:00:00.000,18:00,40.821415,-73.88933,0,0,0,0,4082,-7388,0.27624309392265195
2021-04-21T00:00:00.000,12:00,40.8468,-73.89414,0,0,0,0,4084,-7389,0.33766233766233766
2021-04-22T00:00:00.000,12:00,40.713303,-73.73586,0,0,0,0,4071,-7373,0.25
2021-04-22T00:00:00.000,7:30,40.55247,-74.21878,0,0,0,0,4055,-7421,0.16666666666666666
2021-04-21T00:00:00.000,22:10,40.639793,-73.929115,0,0,0,0,4063,-7392,0.4036697247706422
2021-04-23T00:00:00.000,18:51,40.819126,-73.88579,0,0,0,0,4081,-7388,0.25471698113207547
2021-04-21T00:00:00.000,19:15,40.80255,-73.95092,0,0,0,0,4080,-7395,0.381294964028777
2021-04-23T00:00:00.000,22:43,40.677017,-73.92182,0,0,0,0,4067,-7392,0.39655172413793105
2021-04-23T00:00:00.000,17:15,40.711445,-73.96414,0,0,0,0,4071,-7396,0.3218390804597701
2021-04-13T00:00:00.000,18:59,40.63021,-73.93294,0,0,0,0,4063,-7393,0.46153846153846156
2021-04-21T00:00:00.000,17:20,40.72304,-73.94837,0,0,0,0,4072,-7394,0.19801980198019803
2021-03-09T00:00:00.000,12:30,40.780857,-73.958824,1,0,1,1,4078,-7395,0.42168674698795183
2021-04-19T00:00:00.000,20:29,40.85432,-73.92826,2,0,1,1,4085,-7392,0.22
2021-04-22T00:00:00.000,11:26,40.711796,-73.85952,1,0,1,1,4071,-7385,0.4418604651162791
2021-04-16T00:00:00.000,7:40,40.74135,-73.89189,0,0,0,0,4074,-7389,0.3203125
2021-04-23T00:00:00.000,6:10,40.755913,-73.8643,2,0,1,1,4075,-7386,0.33653846153846156
2021-04-21T00:00:00.000,15:20,40.693344,-73.80228,0,0,0,0,4069,-7380,0.38461538461538464
2021-04-21T00:00:00.000,20:20,40.73817,-73.97761,1,0,1,1,4073,-7397,0.32558139534883723
2021-04-21T00:00:00.000,22:50,40.811367,-73.95402,0,0,0,0,4081,-7395,0.3509933774834437
2021-04-21T00:00:00.000,1:00,40.81014,-73.908226,0,0,0,0,4081,-7390,0.3888888888888889
2021-04-21T00:00:00.000,13:50,40.59178,-73.95901,0,0,0,0,4059,-7395,0.3181818181818182
2021-04-21T00:00:00.000,14:18,40.840927,-73.912704,0,0,0,0,4084,-7391,0.32558139534883723
2021-04-18T00:00:00.000,21:10,40.70324,-73.92615,1,0,1,1,4070,-7392,0.24305555555555555
2021-04-21T00:00:00.000,13:35,40.716812,-73.99777,0,0,0,0,4071,-7399,0.3263157894736842
2021-04-19T00:00:00.000,21:00,40.69496,-73.946236,1,0,1,1,4069,-7394,0.417910447761194
2021-04-21T00:00:00.000,19:00,40.65733,-73.917274,1,0,1,1,4065,-7391,0.425
2021-04-22T00:00:00.000,9:22,40.60224,-73.75416,0,0,0,0,4060,-7375,0.17117117117117117
2021-04-21T00:00:00.000,15:15,40.64186,-73.93394,1,0,1,1,4064,-7393,0.3333333333333333
2021-04-23T00:00:00.000,7:41,40.763645,-73.790276,0,0,0,0,4076,-7379,0.2631578947368421
2021-04-21T00:00:00.000,11:15,40.672855,-73.97993,0,0,0,0,4067,-7397,0.2818181818181818
2021-04-22T00:00:00.000,8:30,40.732002,-73.824524,1,0,1,1,4073,-7382,0.45454545454545453
2021-04-22T00:00:00.000,15:31,40.80735,-73.90651,0,0,0,0,4080,-7390,0.36538461538461536
2021-04-21T00:00:00.000,18:27,40.598206,-73.74815,1,0,1,1,4059,-7374,0.18181818181818182
2021-04-21T00:00:00.000,8:09,40.65423,-73.948845,0,0,0,0,4065,-7394,0.43137254901960786
2021-04-21T00:00:00.000,14:48,40.593327,-73.964645,0,0,0,0,4059,-7396,0.38596491228070173
2021-04-15T00:00:00.000,9:00,40.750275,-73.86447,0,0,0,0,4075,-7386,0.33653846153846156
2021-04-23T00:00:00.000,10:15,40.667976,-73.79814,0,0,0,0,4066,-7379,0.3870967741935484
2021-04-22T00:00:00.000,1:35,40.772102,-73.763954,1,0,1,1,4077,-7376,0.125
2021-04-21T00:00:00.000,13:23,40.648308,-74.01412,0,0,0,0,4064,-7401,0.4295774647887324
2021-04-21T00:00:00.000,10:05,40.683804,-73.833534,1,0,1,1,4068,-7383,0.45454545454545453
2021-04-19T00:00:00.000,19:05,40.633976,-73.90259,1,0,1,1,4063,-7390,0.3561643835616438
2021-04-23T00:00:00.000,17:45,40.576393,-73.9869,0,0,0,0,4057,-7398,0.36904761904761907
2021-04-21T00:00:00.000,11:00,40.729618,-73.79606,0,0,0,0,4072,-7379,0.3333333333333333
2021-04-23T00:00:00.000,11:58,40.697716,-73.96488,0,0,0,0,4069,-7396,0.325
2021-04-21T00:00:00.000,6:00,40.672813,-73.903786,0,0,0,0,4067,-7390,0.3282442748091603
2021-04-21T00:00:00.000,10:20,40.609627,-74.14955,1,0,1,1,4060,-7414,0.4074074074074074
2021-04-23T00:00:00.000,17:15,40.754745,-73.9879,1,0,1,1,4075,-7398,0.3170731707317073
2021-04-21T00:00:00.000,17:50,40.597607,-74.078,0,0,0,0,4059,-7407,0.23076923076923078
2021-04-22T00:00:00.000,14:00,40.698418,-73.80106,2,0,1,1,4069,-7380,0.38461538461538464
2021-04-16T00:00:00.000,14:43,40.845352,-73.92821,1,0,1,1,4084,-7392,0.3181818181818182
2021-04-21T00:00:00.000,9:00,40.74766,-73.88257,0,0,0,0,4074,-7388,0.2978723404255319
2021-04-22T00:00:00.000,18:20,40.714252,-73.746574,0,0,0,0,4071,-7374,0.23404255319148937
2021-04-22T00:00:00.000,20:25,40.71865,-73.83771,0,0,0,0,4071,-7383,0.37349397590361444
2021-04-21T00:00:00.000,1:37,40.84519,-73.9112,0,0,0,0,4084,-7391,0.32558139534883723
2021-04-22T00:00:00.000,15:15,40.747795,-73.85526,0,0,0,0,4074,-7385,0.35526315789473684
2021-09-14T00:00:00.000,18:05,40.74585,-73.714195,1,0,1,1,4074,-7371,0.38095238095238093
2021-04-23T00:00:00.000,23:14,40.81488,-73.92886,0,0,0,0,4081,-7392,0.4714285714285714
2021-04-21T00:00:00.000,18:22,40.675682,-73.97858,0,0,0,0,4067,-7397,0.2818181818181818
2021-04-16T00:00:00.000,19:30,40.61859,-73.94242,1,0,1,1,4061,-7394,0.48484848484848486
2021-04-20T00:00:00.000,17:30,40.82101,-73.89722,0,0,0,0,4082,-7389,0.37423312883435583
2021-04-22T00:00:00.000,7:10,40.61847,-74.021225,0,0,0,0,4061,-7402,0.4090909090909091
2021-04-21T00:00:00.000,22:00,40.853813,-73.90734,4,0,1,1,4085,-7390,0.42207792207792205
2021-04-21T00:00:00.000,15:30,40.610523,-73.981186,0,0,0,0,4061,-7398,0.3698630136986301
2021-04-23T00:00:00.000,14:12,40.771065,-73.95965,1,0,1,1,4077,-7395,0.3384615384615385
2021-04-22T00:00:00.000,8:00,40.86814,-73.83369,0,0,0,0,4086,-7383,0.3448275862068966
2021-04-22T00:00:00.000,19:50,40.66331,-73.92106,1,0,1,1,4066,-7392,0.355
2021-04-22T00:00:00.000,23:39,40.714455,-73.935295,1,0,1,1,4071,-7393,0.2711864406779661
2021-04-22T00:00:00.000,16:52,40.59565,-73.908165,0,0,0,0,4059,-7390,0.23404255319148937
2021-04-19T00:00:00.000,10:00,40.678604,-73.94969,0,0,0,0,4067,-7394,0.34074074074074073
2021-04-23T00:00:00.000,8:18,40.73883,-73.983154,0,0,0,0,4073,-7398,0.36942675159235666
2021-04-19T00:00:00.000,14:30,40.678165,-73.746506,2,0,1,1,4067,-7374,0.2619047619047619
2021-04-16T00:00:00.000,7:40,40.620438,-74.1672,0,0,0,0,4062,-7416,0.24444444444444444
2021-04-21T00:00:00.000,16:15,40.86983,-73.90188,0,0,0,0,4086,-7390,0.42748091603053434
2021-12-17T00:00:00.000,9:45,40.683567,-73.94106,0,0,0,0,4068,-7394,0.4409448818897638
2021-04-23T00:00:00.000,17:50,40.57257,-74.169876,0,0,0,0,4057,-7416,0.36363636363636365
2021-09-14T00:00:00.000,16:10,40.8168,-73.89705,3,0,1,1,4081,-7389,0.31543624161073824
2021-04-23T00:00:00.000,18:00,40.71307,-73.77527,0,0,0,0,4071,-7377,0.20967741935483872
2021-04-22T00:00:00.000,6:00,40.749752,-73.86624,0,0,0,0,4074,-7386,0.3813559322033898
2021-04-23T00:00:00.000,20:49,40.82789,-73.89821,1,0,1,1,4082,-7389,0.37423312883435583
2021-04-23T00:00:00.000,23:25,40.678394,-73.94692,2,0,1,1,4067,-7394,0.34074074074074073
2021-04-21T00:00:00.000,15:00,40.739902,-73.972855,0,0,0,0,4073,-7397,0.32558139534883723
2021-04-23T00:00:00.000,18:38,40.742516,-73.91692,0,0,0,0,4074,-7391,0.38333333333333336
2021-04-23T00:00:00.000,22:42,40.64295,-73.977325,0,0,0,0,4064,-7397,0.4095238095238095
2021-04-23T00:00:00.000,17:10,40.65108,-73.97163,0,0,0,0,4065,-7397,0.4074074074074074
2021-04-23T00:00:00.000,11:05,40.6691,-73.911545,1,0,1,1,4066,-7391,0.3630952380952381
2021-04-23T00:00:00.000,19:54,40.688904,-73.754456,1,0,1,1,4068,-7375,0.3877551020408163
2021-04-18T00:00:00.000,8:40,40.697735,-73.96093,0,0,0,0,4069,-7396,0.325
2021-04-23T00:00:00.000,19:50,40.69474,-73.97805,0,0,0,0,4069,-7397,0.3253012048192771
2021-04-20T00:00:00.000,16:03,40.61661,-73.96073,1,0,1,1,4061,-7396,0.30666666666666664
2021-04-21T00:00:00.000,18:00,40.674664,-73.97025,0,0,0,0,4067,-7397,0.2818181818181818
2021-04-21T00:00:00.000,14:20,40.664707,-73.90948,0,0,0,0,4066,-7390,0.2777777777777778
2021-04-21T00:00:00.000,8:30,40.615086,-73.952385,0,0,0,0,4061,-7395,0.4461538461538462
2021-04-21T00:00:00.000,12:15,40.868496,-73.92173,0,0,0,0,4086,-7392,0.359375
2021-04-21T00:00:00.000,15:30,40.665947,-73.8735,0,0,0,0,4066,-7387,0.38461538461538464
2021-04-21T00:00:00.000,13:08,40.623463,-74.025116,0,0,0,0,4062,-7402,0.3625
2021-04-21T00:00:00.000,6:30,40.66919,-73.99682,0,0,0,0,4066,-7399,0.40540540540540543
2021-04-22T00:00:00.000,9:30,40.692726,-73.85558,1,0,1,1,4069,-7385,0.34
2021-04-22T00:00:00.000,22:13,40.737587,-73.76841,0,0,0,0,4073,-7376,0.2857142857142857
2021-04-23T00:00:00.000,11:35,40.680115,-73.75324,0,0,0,0,4068,-7375,0.3877551020408163
2021-04-23T00:00:00.000,13:25,40.86946,-73.87987,0,0,0,0,4086,-7387,0.34545454545454546
2021-04-23T00:00:00.000,9:05,40.726482,-73.79824,0,0,0,0,4072,-7379,0.3333333333333333
2021-04-11T00:00:00.000,20:00,40.760143,-73.907005,0,0,0,0,4076,-7390,0.3055555555555556
2021-04-21T00:00:00.000,14:15,40.710472,-73.960945,0,0,0,0,4071,-7396,0.3218390804597701
2021-04-21T00:00:00.000,14:00,40.78257,-73.94522,1,0,1,1,4078,-7394,0.33513513513513515
2021-04-22T00:00:00.000,16:22,40.74198,-73.82475,1,0,1,1,4074,-7382,0.4057971014492754
2021-04-22T00:00:00.000,17:15,40.76301,-73.87532,0,0,0,0,4076,-7387,0.48214285714285715
2021-04-22T00:00:00.000,15:05,40.666637,-73.76715,0,0,0,0,4066,-7376,0.30434782608695654
2021-04-23T00:00:00.000,17:55,40.75727,-73.74765,0,0,0,0,4075,-7374,0.3333333333333333
2021-04-20T00:00:00.000,10:45,40.51583,-74.233536,0,0,0,0,4051,-7423,0.0625
2021-04-22T00:00:00.000,7:45,40.84649,-73.932205,0,0,0,0,4084,-7393,0.32786885245901637
2021-04-22T00:00:00.000,1:45,40.7858,-73.821915,0,0,0,0,4078,-7382,0.3
2021-04-22T00:00:00.000,11:32,40.71473,-73.94208,0,0,0,0,4071,-7394,0.3710691823899371
2021-04-20T00:00:00.000,4:40,40.71388,-73.921646,0,0,0,0,4071,-7392,0.2777777777777778
2021-04-21T00:00:00.000,19:10,40.713,-73.78237,0,0,0,0,4071,-7378,0.32653061224489793
2021-04-22T00:00:00.000,14:15,40.67897,-74.00831,2,0,1,1,4067,-7400,0.20967741935483872
2021-04-22T00:00:00.000,18:30,40.884735,-73.86123,1,0,1,1,4088,-7386,0.23809523809523808
2021-04-23T00:00:00.000,0:10,40.85535,-73.91836,0,0,0,0,4085,-7391,0.373134328358209
2021-04-22T00:00:00.000,11:27,40.620262,-73.90915,0,0,0,0,4062,-7390,0.3888888888888889
2021-04-23T00:00:00.000,15:10,40.71521,-73.98427,1,0,1,1,4071,-7398,0.39568345323741005
2021-04-23T00:00:00.000,6:00,40.737007,-73.98157,0,0,0,0,4073,-7398,0.36942675159235666
2021-04-20T00:00:00.000,15:12,40.65415,-73.949936,0,0,0,0,4065,-7394,0.43137254901960786
2021-04-22T00:00:00.000,21:15,40.882015,-73.8662,0,0,0,0,4088,-7386,0.23809523809523808
2021-04-23T00:00:00.000,13:35,40.84519,-73.9112,0,0,0,0,4084,-7391,0.32558139534883723
2021-04-23T00:00:00.000,8:40,40.667156,-73.9101,0,0,0,0,4066,-7391,0.3630952380952381
2021-04-23T00:00:00.000,9:00,40.700478,-73.92534,0,0,0,0,4070,-7392,0.24305555555555555
2021-04-23T00:00:00.000,5:08,40.739143,-73.90109,1,0,1,1,4073,-7390,0.42424242424242425
2021-04-23T00:00:00.000,10:15,40.692463,-73.81082,0,0,0,0,4069,-7381,0.3902439024390244
2021-04-22T00:00:00.000,19:38,40.87821,-73.85609,1,0,1,1,4087,-7385,0.37681159420289856
2021-04-22T00:00:00.000,7:30,40.70219,-73.928345,0,0,0,0,4070,-7392,0.24305555555555555
2021-04-21T00:00:00.000,16:35,40.726105,-73.94615,0,0,0,0,4072,-7394,0.19801980198019803
2021-09-11T00:00:00.000,19:35,40.858418,-73.88514,0,0,0,0,4085,-7388,0.3
2021-09-13T00:00:00.000,17:30,40.79699,-73.93563,0,0,0,0,4079,-7393,0.36585365853658536
2021-09-14T00:00:00.000,13:21,40.7905,-73.94755,0,0,0,0,4079,-7394,0.3523809523809524
2021-09-14T00:00:00.000,17:40,40.712856,-73.76802,0,0,0,0,4071,-7376,0.37142857142857144
2021-09-14T00:00:00.000,13:45,40.633198,-74.013466,0,0,0,0,4063,-7401,0.37777777777777777
2021-09-09T00:00:00.000,13:00,40.65631,-73.947266,0,0,0,0,4065,-7394,0.43137254901960786
2021-09-14T00:00:00.000,21:00,40.7688,-73.99249,0,0,0,0,4076,-7399,0.3275862068965517
2021-09-14T00:00:00.000,18:05,40.628845,-73.99855,1,0,1,1,4062,-7399,0.3835616438356164
2021-09-14T00:00:00.000,12:40,40.813213,-73.89098,0,0,0,0,4081,-7389,0.31543624161073824
2021-09-14T00:00:00.000,15:25,40.72804,-73.98082,0,0,0,0,4072,-7398,0.4342105263157895
2021-09-10T00:00:00.000,19:52,40.732925,-74.00007,0,0,0,0,4073,-7400,0.2403846153846154
2021-09-14T00:00:00.000,2:42,40.749798,-73.70587,0,0,0,0,4074,-7370,0.375
2021-09-14T00:00:00.000,16:30,40.745228,-74.00597,0,0,0,0,4074,-7400,0.27710843373493976
2021-09-12T00:00:00.000,14:48,40.852306,-73.89811,1,0,1,1,4085,-7389,0.3353658536585366
2021-09-14T00:00:00.000,14:00,40.83279,-73.88523,0,0,0,0,4083,-7388,0.26717557251908397
2021-09-14T00:00:00.000,8:20,40.66528,-73.73562,9,0,1,1,4066,-7373,0.44339622641509435
2021-09-14T00:00:00.000,10:22,40.795624,-73.93244,0,0,0,0,4079,-7393,0.36585365853658536
2021-09-14T00:00:00.000,18:45,40.81346,-73.90605,1,0,1,1,4081,-7390,0.3888888888888889
2021-09-14T00:00:00.000,12:18,40.606396,-73.75176,0,0,0,0,4060,-7375,0.17117117117117117
2021-09-14T00:00:00.000,0:00,40.737156,-73.87941,0,0,0,0,4073,-7387,0.3140495867768595
2021-09-14T00:00:00.000,15:43,40.765026,-73.9632,0,0,0,0,4076,-7396,0.3023255813953488
2021-09-14T00:00:00.000,16:00,0.0,0.0,0,0,0,0,0,0,0.40425531914893614
2021-08-28T00:00:00.000,22:10,40.734974,-74.000145,0,0,0,0,4073,-7400,0.2403846153846154
2021-09-14T00:00:00.000,6:30,40.687016,-73.77487,1,0,1,1,4068,-7377,0.3673469387755102
2021-09-01T00:00:00.000,15:05,40.699627,-73.923836,0,0,0,0,4069,-7392,0.3584905660377358
2021-09-14T00:00:00.000,21:00,40.760044,-73.89756,2,0,1,1,4076,-7389,0.35185185185185186
2021-09-14T00:00:00.000,8:45,40.705658,-73.93171,1,0,1,1,4070,-7393,0.3300970873786408
2021-09-14T00:00:00.000,17:31,40.7293,-73.862854,0,0,0,0,4072,-7386,0.42424242424242425
2021-09-01T00:00:00.000,9:50,40.74074,-73.97601,0,0,0,0,4074,-7397,0.4810810810810811
2021-09-14T00:00:00.000,19:20,40.633904,-73.99329,1,0,1,1,4063,-7399,0.47692307692307695
2021-09-14T00:00:00.000,15:18,40.64366,-73.90067,0,0,0,0,4064,-7390,0.4017094017094017
2021-09-14T00:00:00.000,16:24,40.66003,-73.92179,0,0,0,0,4066,-7392,0.355
2021-09-14T00:00:00.000,12:15,40.67539,-73.88113,1,0,1,1,4067,-7388,0.30434782608695654
2021-09-14T00:00:00.000,19:20,40.65866,-73.89046,1,0,1,1,4065,-7389,0.34965034965034963
2021-08-30T00:00:00.000,20:11,40.66807,-73.950676,1,0,1,1,4066,-7395,0.44375
2021-09-14T00:00:00.000,8:15,40.79072,-73.81009,0,0,0,0,4079,-7381,0.2
2021-09-14T00:00:00.000,21:30,40.787025,-73.793,1,0,1,1,4078,-7379,0.42105263157894735
2021-09-14T00:00:00.000,5:00,40.749744,-73.884315,0,0,0,0,4074,-7388,0.2978723404255319
2021-09-14T00:00:00.000,18:35,40.752724,-73.996796,1,0,1,1,4075,-7399,0.2830188679245283
2021-09-14T00:00:00.000,9:30,40.72921,-73.85218,0,0,0,0,4072,-7385,0.4418604651162791
2021-09-14T00:00:00.000,15:50,0.0,0.0,0,0,0,0,0,0,0.40425531914893614
2021-12-15T00:00:00.000,19:35,40.7248,-73.89741,1,0,1,1,4072,-7389,0.41379310344827586
2021-09-09T00:00:00.000,13:22,40.746223,-73.98906,0,0,0,0,4074,-7398,0.40131578947368424
2021-09-14T00:00:00.000,14:48,40.764107,-73.96682,0,0,0,0,4076,-7396,0.3023255813953488
2021-09-14T00:00:00.000,12:52,40.825912,-73.86249,0,0,0,0,4082,-7386,0.3493975903614458
2021-09-13T00:00:00.000,8:40,40.797306,-73.93446,1,0,1,1,4079,-7393,0.36585365853658536
2021-09-14T00:00:00.000,8:45,40.738373,-73.86008,0,0,0,0,4073,-7386,0.3464566929133858
2021-09-14T00:00:00.000,9:30,40.71045,-73.95686,1,0,1,1,4071,-7395,0.36585365853658536
2021-09-14T00:00:00.000,22:29,40.66157,-73.91548,1,0,1,1,4066,-7391,0.3630952380952381
2021-09-14T00:00:00.000,11:00,40.64957,-73.93887,0,0,0,0,4064,-7393,0.3333333333333333
2021-09-14T00:00:00.000,10:18,40.619907,-74.08591,1,0,1,1,4061,-7408,0.30612244897959184
2021-09-14T00:00:00.000,16:10,40.59758,-73.94813,0,0,0,0,4059,-7394,0.275
2021-09-14T00:00:00.000,15:20,40.620235,-74.16535,1,0,1,1,4062,-7416,0.24444444444444444
2021-09-14T00:00:00.000,14:15,40.8169,-73.88631,1,0,1,1,4081,-7388,0.25471698113207547
2021-09-12T00:00:00.000,22:20,40.822445,-73.885666,1,0,1,1,4082,-7388,0.27624309392265195
2021-09-14T00:00:00.000,11:30,40.624958,-74.145775,0,0,0,0,4062,-7414,0.20408163265306123
2021-12-16T00:00:00.000,16:24,40.674652,-73.98009,0,0,0,0,4067,-7398,0.3655913978494624
2021-09-14T00:00:00.000,13:45,40.65452,-73.882225,0,0,0,0,4065,-7388,0.41509433962264153
2021-09-14T00:00:00.000,12:50,40.767696,-73.7329,0,0,0,0,4076,-7373,0.42857142857142855
2021-09-14T00:00:00.000,17:16,40.61706,-73.96371,2,0,1,1,4061,-7396,0.30666666666666664
2021-09-14T00:00:00.000,11:43,40.75422,-73.940704,1,0,1,1,4075,-7394,0.41333333333333333
2021-09-14T00:00:00.000,19:29,40.730564,-73.99052,1,0,1,1,4073,-7399,0.423728813559322
2021-09-14T00:00:00.000,8:20,40.632164,-74.166336,1,0,1,1,4063,-7416,0.3333333333333333
2021-09-14T00:00:00.000,2:13,40.748325,-73.79231,0,0,0,0,4074,-7379,0.1
2021-09-14T00:00:00.000,5:00,40.676693,-73.99683,0,0,0,0,4067,-7399,0.3258426966292135
2021-09-12T00:00:00.000,19:40,40.70237,-73.90696,1,0,1,1,4070,-7390,0.37894736842105264
2021-09-14T00:00:00.000,8:27,40.62826,-73.99915,0,0,0,0,4062,-7399,0.3835616438356164
2021-09-14T00:00:00.000,15:03,40.751366,-73.96798,1,0,1,1,4075,-7396,0.4788732394366197
2021-08-31T00:00:00.000,8:36,40.77925,-73.91389,0,0,0,0,4077,-7391,0.3157894736842105
2021-09-06T00:00:00.000,2:25,40.646015,-74.00579,2,0,1,1,4064,-7400,0.36764705882352944
2021-09-14T00:00:00.000,14:00,40.707363,-74.01322,0,0,0,0,4070,-7401,0.140625
2021-09-14T00:00:00.000,13:00,40.698414,-73.9338,0,0,0,0,4069,-7393,0.3141025641025641
2021-09-14T00:00:00.000,19:15,40.726295,-73.84104,0,0,0,0,4072,-7384,0.2711864406779661
2021-09-14T00:00:00.000,19:30,40.699776,-73.98246,0,0,0,0,4069,-7398,0.3229166666666667
2021-08-12T00:00:00.000,13:00,40.623444,-74.14917,0,0,0,0,4062,-7414,0.20408163265306123
2021-09-14T00:00:00.000,15:22,40.68158,-73.76548,1,0,1,1,4068,-7376,0.35714285714285715
2021-09-07T00:00:00.000,19:05,40.737167,-74.001465,0,0,0,0,4073,-7400,0.2403846153846154
2021-09-10T00:00:00.000,0:10,40.848625,-73.93425,0,0,0,0,4084,-7393,0.32786885245901637
2021-09-14T00:00:00.000,10:09,40.70001,-73.830894,1,0,1,1,4070,-7383,0.3541666666666667
2021-09-14T00:00:00.000,19:05,40.762722,-73.94201,0,0,0,0,4076,-7394,0.4583333333333333
2021-09-14T00:00:00.000,19:46,40.80477,-73.94139,1,0,1,1,4080,-7394,0.41116751269035534
2021-09-14T00:00:00.000,22:38,40.769268,-73.96937,0,0,0,0,4076,-7396,0.3023255813953488
2021-09-14T00:00:00.000,8:20,40.762268,-73.89134,1,0,1,1,4076,-7389,0.35185185185185186
2021-09-14T00:00:00.000,14:30,40.691406,-73.8374,0,0,0,0,4069,-7383,0.35555555555555557
2021-09-14T00:00:00.000,21:20,40.757473,-73.91582,1,0,1,1,4075,-7391,0.4777777777777778
2021-09-14T00:00:00.000,18:20,40.655495,-73.88833,1,0,1,1,4065,-7388,0.41509433962264153
2021-09-14T00:00:00.000,8:17,40.850822,-73.90147,1,0,1,1,4085,-7390,0.42207792207792205
2021-09-08T00:00:00.000,19:45,40.684513,-73.909386,0,0,0,0,4068,-7390,0.4421052631578947
2021-09-13T00:00:00.000,14:41,40.826767,-73.888855,1,0,1,1,4082,-7388,0.27624309392265195
2021-09-14T00:00:00.000,8:15,40.67506,-73.916626,0,0,0,0,4067,-7391,0.36597938144329895
2021-09-11T00:00:00.000,18:45,40.68405,-73.98157,1,0,1,1,4068,-7398,0.3873239436619718
2021-09-14T00:00:00.000,13:50,40.67062,-73.809235,0,0,0,0,4067,-7380,0.24615384615384617
2021-09-04T00:00:00.000,11:20,40.83801,-73.87329,0,0,0,0,4083,-7387,0.38414634146341464
2021-09-13T00:00:00.000,21:40,40.85586,-73.89462,0,0,0,0,4085,-7389,0.3353658536585366
2021-09-14T00:00:00.000,5:25,40.745773,-73.890274,0,0,0,0,4074,-7389,0.3203125
2021-09-13T00:00:00.000,22:43,40.73401,-74.00457,0,0,0,0,4073,-7400,0.2403846153846154
2021-09-14T00:00:00.000,10:30,40.73656,-73.98902,1,0,1,1,4073,-7398,0.36942675159235666
2021-09-14T00:00:00.000,17:05,40.734768,-73.99064,1,0,1,1,4073,-7399,0.423728813559322
2021-09-08T00:00:00.000,10:41,40.707104,-73.759,0,0,0,0,4070,-7375,0.4117647058823529
2021-09-14T00:00:00.000,17:05,40.675117,-74.00962,3,0,1,1,4067,-7400,0.20967741935483872
2021-09-14T00:00:00.000,17:00,40.761673,-73.84411,0,0,0,0,4076,-7384,0.0
2021-09-14T00:00:00.000,22:15,40.666435,-73.95341,1,0,1,1,4066,-7395,0.44375
2021-09-09T00:00:00.000,15:17,40.824398,-73.88306,0,0,0,0,4082,-7388,0.27624309392265195
2021-09-13T00:00:00.000,17:45,40.66256,-73.99586,1,0,1,1,4066,-7399,0.40540540540540543
2021-09-14T00:00:00.000,7:57,40.62392,-73.996506,0,0,0,0,4062,-7399,0.3835616438356164
2021-09-14T00:00:00.000,11:50,40.662132,-73.941444,0,0,0,0,4066,-7394,0.36792452830188677
2021-09-14T00:00:00.000,9:25,40.8595,-73.84301,0,0,0,0,4085,-7384,0.32432432432432434
2021-09-14T00:00:00.000,13:29,40.67224,-73.893555,1,0,1,1,4067,-7389,0.33852140077821014
2021-09-14T00:00:00.000,14:05,40.65505,-73.95631,0,0,0,0,4065,-7395,0.38686131386861317
2021-09-14T00:00:00.000,18:23,40.64485,-73.911125,1,0,1,1,4064,-7391,0.39805825242718446
2021-09-14T00:00:00.000,9:30,40.677616,-73.975075,0,0,0,0,4067,-7397,0.2818181818181818
2021-09-14T00:00:00.000,16:30,40.64844,-73.88242,0,0,0,0,4064,-7388,0.3225806451612903
2021-09-14T00:00:00.000,17:45,40.621635,-73.96559,1,0,1,1,4062,-7396,0.375
2021-09-14T00:00:00.000,17:23,40.608807,-73.924126,4,0,1,1,4060,-7392,0.3333333333333333
2021-09-14T00:00:00.000,7:20,40.803593,-73.919785,0,0,0,0,4080,-7391,0.38961038961038963
2021-09-13T00:00:00.000,20:15,40.762638,-73.982155,1,0,1,1,4076,-7398,0.3081761006289308
2021-09-14T00:00:00.000,13:53,40.58516,-73.9874,0,0,0,0,4058,-7398,0.4
2021-09-10T00:00:00.000,13:22,40.71416,-73.989075,0,0,0,0,4071,-7398,0.39568345323741005
2021-09-14T00:00:00.000,16:55,40.828835,-73.82162,2,0,1,1,4082,-7382,0.46153846153846156
2021-09-14T00:00:00.000,22:30,40.687023,-73.97621,0,0,0,0,4068,-7397,0.3412322274881517
2021-07-04T00:00:00.000,11:30,40.707264,-73.773476,0,0,0,0,4070,-7377,0.2413793103448276
2021-09-14T00:00:00.000,7:40,40.85937,-73.9068,0,0,0,0,4085,-7390,0.42207792207792205
2021-09-14T00:00:00.000,16:30,40.75076,-73.757835,1,0,1,1,4075,-7375,0.3333333333333333
2021-09-13T00:00:00.000,14:29,40.600765,-73.75405,0,0,0,0,4060,-7375,0.17117117117117117
2021-09-14T00:00:00.000,14:30,40.83611,-73.92238,0,0,0,0,4083,-7392,0.310126582278481
2021-12-06T00:00:00.000,8:48,40.76943,-73.91025,0,0,0,0,4076,-7391,0.40476190476190477
2021-12-16T00:00:00.000,18:15,40.664097,-73.90932,1,0,1,1,4066,-7390,0.2777777777777778
2021-12-17T00:00:00.000,1:55,40.736183,-73.89687,0,0,0,0,4073,-7389,0.2857142857142857
2021-12-15T00:00:00.000,22:14,40.67347,-73.98121,0,0,0,0,4067,-7398,0.3655913978494624
2021-12-17T00:00:00.000,18:08,40.69221,-73.92293,1,0,1,1,4069,-7392,0.3584905660377358
2021-12-15T00:00:00.000,1:00,40.67793,-73.87189,0,0,0,0,4067,-7387,0.30344827586206896
2021-12-17T00:00:00.000,10:40,40.759624,-73.99548,0,0,0,0,4075,-7399,0.2830188679245283
2021-12-16T00:00:00.000,0:00,40.7177,-73.839424,1,0,1,1,4071,-7383,0.37349397590361444
2021-12-15T00:00:00.000,17:23,40.86804,-73.879105,6,0,1,1,4086,-7387,0.34545454545454546
2021-12-17T00:00:00.000,23:00,40.698418,-73.80106,0,0,0,0,4069,-7380,0.38461538461538464
2021-12-17T00:00:00.000,4:00,40.709072,-73.78964,0,0,0,0,4070,-7378,0.34523809523809523
2021-12-15T00:00:00.000,10:44,40.66852,-73.890175,0,0,0,0,4066,-7389,0.3103448275862069
2021-12-17T00:00:00.000,16:40,40.751114,-73.98499,1,0,1,1,4075,-7398,0.3170731707317073
2021-12-16T00:00:00.000,17:20,40.820187,-73.890686,0,0,0,0,4082,-7389,0.37423312883435583
2021-12-17T00:00:00.000,9:00,40.823303,-73.887115,0,0,0,0,4082,-7388,0.27624309392265195
2021-12-16T00:00:00.000,14:45,40.680573,-74.00644,0,0,0,0,4068,-7400,0.3333333333333333
2021-12-16T00:00:00.000,15:30,40.714237,-73.994225,1,0,1,1,4071,-7399,0.3263157894736842
2021-12-15T00:00:00.000,10:41,40.721436,-73.99555,0,0,0,0,4072,-7399,0.3829787234042553
2021-12-15T00:00:00.000,9:30,40.580166,-73.95254,0,0,0,0,4058,-7395,0.3465346534653465
2021-12-17T00:00:00.000,2:00,40.718456,-73.99482,0,0,0,0,4071,-7399,0.3263157894736842
2021-12-17T00:00:00.000,7:32,40.722622,-73.849144,0,0,0,0,4072,-7384,0.2711864406779661
2021-12-15T00:00:00.000,16:40,40.5763,-73.96854,1,0,1,1,4057,-7396,0.3191489361702128
2021-12-17T00:00:00.000,20:30,40.619553,-74.13158,1,0,1,1,4061,-7413,0.23076923076923078
2021-12-17T00:00:00.000,11:00,40.72671,-73.80871,1,0,1,1,4072,-7380,0.2727272727272727
2021-12-17T00:00:00.000,18:25,40.78583,-73.79839,1,0,1,1,4078,-7379,0.42105263157894735
2021-12-16T00:00:00.000,9:00,40.618973,-74.00523,0,0,0,0,4061,-7400,0.3076923076923077
2021-12-15T00:00:00.000,17:30,40.65642,-73.933815,1,0,1,1,4065,-7393,0.44366197183098594
2021-12-17T00:00:00.000,11:50,40.778893,-73.80558,1,0,1,1,4077,-7380,0.25
2021-12-10T00:00:00.000,20:41,40.84549,-73.888985,0,0,0,0,4084,-7388,0.390625
2021-12-02T00:00:00.000,11:50,0.0,0.0,1,0,1,1,0,0,0.40425531914893614
2021-12-09T00:00:00.000,17:45,40.753704,-73.87199,2,0,1,1,4075,-7387,0.33884297520661155
2021-12-17T00:00:00.000,2:10,40.56146,-74.11227,1,0,1,1,4056,-7411,0.3448275862068966
2021-12-15T00:00:00.000,15:00,40.883724,-73.90146,0,0,0,0,4088,-7390,0.2702702702702703
2021-12-16T00:00:00.000,20:49,40.70622,-73.72792,2,0,1,1,4070,-7372,0.4
2021-12-11T00:00:00.000,5:58,40.708363,-73.99886,1,0,1,1,4070,-7399,0.21052631578947367
2021-12-16T00:00:00.000,14:24,40.716278,-74.00454,0,0,0,0,4071,-7400,0.25517241379310346
2021-12-16T00:00:00.000,15:25,40.77039,-73.91771,0,0,0,0,4077,-7391,0.3157894736842105
2021-12-15T00:00:00.000,19:25,40.751114,-73.98503,0,0,0,0,4075,-7398,0.3170731707317073
2021-12-07T00:00:00.000,15:46,40.853115,-73.89759,0,0,0,0,4085,-7389,0.3353658536585366
2021-12-15T00:00:00.000,22:00,40.891422,-73.8551,3,0,1,1,4089,-7385,0.3813559322033898
2021-12-17T00:00:00.000,14:50,40.662846,-73.94284,1,0,1,1,4066,-7394,0.36792452830188677
2021-12-15T00:00:00.000,18:09,40.88263,-73.839516,1,0,1,1,4088,-7383,0.3448275862068966
2021-12-15T00:00:00.000,17:30,40.836937,-73.927124,1,0,1,1,4083,-7392,0.310126582278481
2021-12-14T00:00:00.000,0:00,40.856136,-73.85146,1,0,1,1,4085,-7385,0.3125
2021-12-13T00:00:00.000,19:25,40.576553,-73.95667,0,0,0,0,4057,-7395,0.47368421052631576
2021-12-17T00:00:00.000,16:05,40.580208,-74.09975,0,0,0,0,4058,-7409,0.15625
2021-12-10T00:00:00.000,19:17,40.848606,-73.91397,1,0,1,1,4084,-7391,0.32558139534883723
2021-12-13T00:00:00.000,15:10,40.844864,-73.91015,0,0,0,0,4084,-7391,0.32558139534883723
2021-12-15T00:00:00.000,13:59,0.0,0.0,0,0,0,0,0,0,0.40425531914893614
2021-12-15T00:00:00.000,15:28,40.73848,-73.98343,0,0,0,0,4073,-7398,0.36942675159235666
2021-12-16T00:00:00.000,18:20,40.761684,-73.94162,1,0,1,1,4076,-7394,0.4583333333333333
2021-12-15T00:00:00.000,12:00,40.632145,-73.952736,1,0,1,1,4063,-7395,0.48484848484848486
2021-12-16T00:00:00.000,18:30,40.7712,-73.83345,0,0,0,0,4077,-7383,0.25
2021-12-14T00:00:00.000,18:45,40.575787,-73.97079,0,0,0,0,4057,-7397,0.2619047619047619
2021-12-17T00:00:00.000,12:48,40.609253,-73.92338,0,0,0,0,4060,-7392,0.3333333333333333
2021-12-15T00:00:00.000,17:42,40.657333,-73.899445,1,0,1,1,4065,-7389,0.34965034965034963
2021-12-10T00:00:00.000,8:55,40.756546,-73.99218,1,0,1,1,4075,-7399,0.2830188679245283
2021-12-15T00:00:00.000,11:55,40.693207,-73.971596,0,0,0,0,4069,-7397,0.3253012048192771
2021-12-15T00:00:00.000,16:40,40.675644,-73.94161,1,0,1,1,4067,-7394,0.34074074074074073
2021-12-16T00:00:00.000,11:41,40.76236,-73.994064,1,0,1,1,4076,-7399,0.3275862068965517
2021-12-15T00:00:00.000,6:57,40.700726,-73.94194,1,0,1,1,4070,-7394,0.3956043956043956
2021-12-17T00:00:00.000,1:12,40.675186,-73.933304,0,0,0,0,4067,-7393,0.3755868544600939
2021-12-16T00:00:00.000,19:56,40.591133,-73.94984,0,0,0,0,4059,-7394,0.275
2021-12-15T00:00:00.000,19:45,40.790314,-73.94769,0,0,0,0,4079,-7394,0.3523809523809524
2021-12-07T00:00:00.000,17:29,40.67043,-73.928185,0,0,0,0,4067,-7392,0.39655172413793105
2021-12-13T00:00:00.000,14:21,40.77954,-73.988,1,0,1,1,4077,-7398,0.38028169014084506
2021-12-15T00:00:00.000,14:00,40.725483,-73.94973,0,0,0,0,4072,-7394,0.19801980198019803
2021-12-16T00:00:00.000,12:30,40.86247,-73.90029,0,0,0,0,4086,-7390,0.42748091603053434
2021-12-15T00:00:00.000,5:45,40.894978,-73.846375,0,0,0,0,4089,-7384,0.3333333333333333
2021-12-15T00:00:00.000,9:15,40.862717,-73.9023,1,0,1,1,4086,-7390,0.42748091603053434
2021-12-15T00:00:00.000,15:15,40.69537,-73.76326,0,0,0,0,4069,-7376,0.3392857142857143
2021-11-29T00:00:00.000,12:50,40.661835,-73.893105,1,0,1,1,4066,-7389,0.3103448275862069
2021-12-15T00:00:00.000,14:45,40.621315,-74.01071,1,0,1,1,4062,-7401,0.3829787234042553
2021-12-15T00:00:00.000,18:00,40.839733,-73.89882,0,0,0,0,4083,-7389,0.3333333333333333
2022-12-23T00:00:00.000,16:50,40.83213,-73.86547,0,0,0,0,4083,-7386,0.24822695035460993
2021-12-15T00:00:00.000,11:30,40.706367,-73.816734,0,0,0,0,4070,-7381,0.3194444444444444
2021-12-15T00:00:00.000,11:30,40.63878,-73.98322,1,0,1,1,4063,-7398,0.4827586206896552
2021-12-17T00:00:00.000,22:57,40.76468,-73.9643,0,0,0,0,4076,-7396,0.3023255813953488
2021-12-15T00:00:00.000,15:10,40.6287,-74.11615,0,0,0,0,4062,-7411,0.5238095238095238
2021-12-16T00:00:00.000,13:30,40.80347,-73.956055,0,0,0,0,4080,-7395,0.381294964028777
2021-12-17T00:00:00.000,20:45,40.66235,-73.95082,0,0,0,0,4066,-7395,0.44375
2021-12-15T00:00:00.000,8:30,40.703,-73.813484,0,0,0,0,4070,-7381,0.3194444444444444
2021-12-17T00:00:00.000,16:52,40.719296,-74.008705,0,0,0,0,4071,-7400,0.25517241379310346
2021-12-17T00:00:00.000,3:40,40.76734,-73.96868,0,0,0,0,4076,-7396,0.3023255813953488
2021-12-17T00:00:00.000,14:00,40.662582,-73.96291,0,0,0,0,4066,-7396,0.4074074074074074
2021-12-17T00:00:00.000,21:00,40.8827,-73.89273,1,0,1,1,4088,-7389,0.4626865671641791
2021-12-15T00:00:00.000,20:54,40.75604,-73.99066,1,0,1,1,4075,-7399,0.2830188679245283
2021-11-30T00:00:00.000,7:30,40.896526,-73.855644,0,0,0,0,4089,-7385,0.3813559322033898
2021-12-13T00:00:00.000,15:23,40.89505,-73.88489,0,0,0,0,4089,-7388,0.5
2021-12-17T00:00:00.000,15:34,40.605675,-73.966965,1,0,1,1,4060,-7396,0.5714285714285714
2021-12-15T00:00:00.000,20:45,40.84193,-73.88582,1,0,1,1,4084,-7388,0.390625
2021-12-11T00:00:00.000,12:42,40.69239,-73.79623,4,0,1,1,4069,-7379,0.25925925925925924
2021-12-15T00:00:00.000,21:40,40.6771,-73.92479,0,0,0,0,4067,-7392,0.39655172413793105
2021-12-17T00:00:00.000,15:40,40.836124,-73.88987,0,0,0,0,4083,-7388,0.26717557251908397
2021-12-17T00:00:00.000,5:45,40.888454,-73.84197,0,0,0,0,4088,-7384,0.4153846153846154
2021-12-16T00:00:00.000,17:45,40.72588,-73.941696,0,0,0,0,4072,-7394,0.19801980198019803
2021-12-16T00:00:00.000,17:18,40.71889,-73.903175,0,0,0,0,4071,-7390,0.4
2021-12-04T00:00:00.000,1:00,40.75839,-73.91365,0,0,0,0,4075,-7391,0.4777777777777778
2021-12-17T00:00:00.000,13:21,40.613995,-73.99538,0,0,0,0,4061,-7399,0.29411764705882354
2021-12-15T00:00:00.000,16:53,40.829502,-73.87462,1,0,1,1,4082,-7387,0.33544303797468356
2021-12-16T00:00:00.000,13:00,40.62427,-73.99255,0,0,0,0,4062,-7399,0.3835616438356164
2021-12-15T00:00:00.000,8:15,40.818592,-73.935905,0,0,0,0,4081,-7393,0.32432432432432434
2021-12-06T00:00:00.000,18:30,40.691948,-73.93983,1,0,1,1,4069,-7393,0.3141025641025641
2021-12-15T00:00:00.000,17:35,40.661587,-73.74033,0,0,0,0,4066,-7374,0.3698630136986301
2021-12-15T00:00:00.000,7:00,40.531918,-74.19175,1,0,1,1,4053,-7419,0.2857142857142857
2021-12-12T00:00:00.000,0:20,40.761444,-73.87602,1,0,1,1,4076,-7387,0.48214285714285715
2021-12-16T00:00:00.000,15:20,40.659042,-73.89099,0,0,0,0,4065,-7389,0.34965034965034963
2021-12-17T00:00:00.000,15:51,40.749866,-73.86273,1,0,1,1,4074,-7386,0.3813559322033898
2021-12-16T00:00:00.000,23:30,40.629707,-73.90486,2,0,1,1,4062,-7390,0.3888888888888889
2021-12-15T00:00:00.000,17:12,40.75596,-73.99814,0,0,0,0,4075,-7399,0.2830188679245283
2021-12-17T00:00:00.000,13:00,40.722977,-73.97992,0,0,0,0,4072,-7397,0.3283582089552239
2021-12-16T00:00:00.000,7:12,40.60981,-73.92251,0,0,0,0,4060,-7392,0.3333333333333333
2021-12-16T00:00:00.000,12:00,40.749165,-73.98841,1,0,1,1,4074,-7398,0.40131578947368424
2021-12-15T00:00:00.000,7:05,40.71042,-73.85964,1,0,1,1,4071,-7385,0.4418604651162791
2021-12-16T00:00:00.000,15:50,40.669228,-73.9556,1,0,1,1,4066,-7395,0.44375
2021-12-14T00:00:00.000,6:15,40.88742,-73.89449,1,0,1,1,4088,-7389,0.4626865671641791
2021-12-16T00:00:00.000,13:00,40.71181,-73.78785,3,0,1,1,4071,-7378,0.32653061224489793
2021-12-08T00:00:00.000,16:45,40.66917,-73.98631,1,0,1,1,4066,-7398,0.421875
2021-12-14T00:00:00.000,0:01,40.762276,-73.89132,0,0,0,0,4076,-7389,0.35185185185185186
2021-12-15T00:00:00.000,23:02,40.609417,-73.9677,0,0,0,0,4060,-7396,0.5714285714285714
2021-12-13T00:00:00.000,7:11,40.628185,-74.14792,0,0,0,0,4062,-7414,0.20408163265306123
2021-12-17T00:00:00.000,8:06,40.576504,-74.1037,1,0,1,1,4057,-7410,0.3877551020408163
2021-12-16T00:00:00.000,16:30,40.830837,-73.8987,0,0,0,0,4083,-7389,0.3333333333333333
2021-12-15T00:00:00.000,10:03,40.595707,-73.965065,0,0,0,0,4059,-7396,0.38596491228070173
2021-12-16T00:00:00.000,15:25,40.77039,-73.91771,0,0,0,0,4077,-7391,0.3157894736842105
2021-12-16T00:00:00.000,13:10,40.82138,-73.852264,0,0,0,0,4082,-7385,0.27
2021-12-16T00:00:00.000,9:45,40.606297,-73.99791,0,0,0,0,4060,-7399,0.31683168316831684
2021-12-17T00:00:00.000,13:10,40.636784,-74.018974,2,0,1,1,4063,-7401,0.37777777777777777
2021-12-17T00:00:00.000,17:18,40.654205,-73.910576,1,0,1,1,4065,-7391,0.425
2023-01-12T00:00:00.000,18:50,40.672546,-73.86261,0,0,0,0,4067,-7386,0.3431372549019608
2021-12-16T00:00:00.000,4:30,40.641735,-73.95442,0,0,0,0,4064,-7395,0.4796747967479675
2023-01-14T00:00:00.000,8:30,40.83687,-73.94895,1,0,1,1,4083,-7394,0.38926174496644295
2021-11-24T00:00:00.000,22:11,40.69475,-73.75118,0,0,0,0,4069,-7375,0.3584905660377358
2021-12-17T00:00:00.000,17:30,40.60307,-74.01667,0,0,0,0,4060,-7401,0.30357142857142855
2021-12-08T00:00:00.000,15:37,40.724808,-73.91053,1,0,1,1,4072,-7391,0.36
2021-12-16T00:00:00.000,19:28,40.78642,-73.978065,1,0,1,1,4078,-7397,0.3434343434343434
2021-12-16T00:00:00.000,5:07,40.651863,-73.86536,0,0,0,0,4065,-7386,0.36619718309859156
2021-12-13T00:00:00.000,14:21,40.88489,-73.86437,0,0,0,0,4088,-7386,0.23809523809523808
2021-12-15T00:00:00.000,13:26,40.795956,-73.97083,1,0,1,1,4079,-7397,0.24210526315789474
2021-12-16T00:00:00.000,23:20,40.787792,-73.97123,0,0,0,0,4078,-7397,0.3434343434343434
2021-12-15T00:00:00.000,11:49,40.78029,-73.94386,2,0,1,1,4078,-7394,0.33513513513513515
2021-12-16T00:00:00.000,23:19,40.69335,-73.934135,0,0,0,0,4069,-7393,0.3141025641025641
2021-12-16T00:00:00.000,0:23,40.732822,-73.95205,0,0,0,0,4073,-7395,0.30434782608695654
2021-12-17T00:00:00.000,11:50,40.719116,-73.99146,0,0,0,0,4071,-7399,0.3263157894736842
2021-12-16T00:00:00.000,16:10,40.817226,-73.94231,2,0,1,1,4081,-7394,0.38
2021-12-15T00:00:00.000,8:20,40.72634,-73.76508,1,0,1,1,4072,-7376,0.5
2021-12-15T00:00:00.000,15:30,40.72165,-73.94196,0,0,0,0,4072,-7394,0.19801980198019803
2021-12-15T00:00:00.000,23:01,40.803593,-73.919785,0,0,0,0,4080,-7391,0.38961038961038963
2021-12-17T00:00:00.000,4:35,40.651733,-73.93039,1,0,1,1,4065,-7393,0.44366197183098594
2021-12-17T00:00:00.000,9:33,40.757523,-73.82914,1,0,1,1,4075,-7382,0.4915254237288136
2021-12-16T00:00:00.000,8:58,40.6767,-73.795,1,0,1,1,4067,-7379,0.4264705882352941
2021-12-15T00:00:00.000,2:30,40.736996,-73.998146,0,0,0,0,4073,-7399,0.423728813559322
2021-12-16T00:00:00.000,20:06,40.785732,-73.97645,1,0,1,1,4078,-7397,0.3434343434343434
2021-12-17T00:00:00.000,3:50,40.670124,-73.95528,0,0,0,0,4067,-7395,0.3695652173913043
2021-04-18T00:00:00.000,10:06,40.67398,-73.899315,2,0,1,1,4067,-7389,0.33852140077821014
2021-04-19T00:00:00.000,14:30,40.74938,-73.88789,1,0,1,1,4074,-7388,0.2978723404255319
2021-04-24T00:00:00.000,14:00,40.650642,-73.909805,0,0,0,0,4065,-7390,0.375
2021-04-24T00:00:00.000,2:15,40.653805,-73.93061,1,0,1,1,4065,-7393,0.44366197183098594
2021-12-11T00:00:00.000,20:25,40.601948,-73.99382,1,0,1,1,4060,-7399,0.31683168316831684
2021-12-15T00:00:00.000,7:41,40.832817,-73.867546,0,0,0,0,4083,-7386,0.24822695035460993
2021-12-15T00:00:00.000,8:30,40.7007,-73.83805,0,0,0,0,4070,-7383,0.3541666666666667
2021-12-15T00:00:00.000,23:43,40.76213,-73.7295,0,0,0,0,4076,-7372,0.3333333333333333
2021-12-17T00:00:00.000,20:00,40.631004,-73.88774,0,0,0,0,4063,-7388,0.3835616438356164
2021-12-16T00:00:00.000,15:22,40.846733,-73.90649,1,0,1,1,4084,-7390,0.366120218579235
2021-12-15T00:00:00.000,17:45,40.609535,-73.75372,0,0,0,0,4060,-7375,0.17117117117117117
2021-12-17T00:00:00.000,9:12,40.636818,-73.89715,0,0,0,0,4063,-7389,0.41818181818181815
2021-12-16T00:00:00.000,17:50,40.671932,-73.85165,0,0,0,0,4067,-7385,0.26666666666666666
2021-12-16T00:00:00.000,20:28,40.758995,-73.87459,0,0,0,0,4075,-7387,0.33884297520661155
2021-12-17T00:00:00.000,14:45,40.69728,-73.84733,0,0,0,0,4069,-7384,0.26666666666666666
2021-12-14T00:00:00.000,10:20,40.847855,-73.937904,0,0,0,0,4084,-7393,0.32786885245901637
2021-12-16T00:00:00.000,10:59,40.751637,-73.90985,0,0,0,0,4075,-7390,0.37254901960784315
2021-11-26T00:00:00.000,2:04,40.748158,-73.97033,0,0,0,0,4074,-7397,0.4810810810810811
2021-12-14T00:00:00.000,7:40,40.691612,-73.93976,0,0,0,0,4069,-7393,0.3141025641025641
2021-12-17T00:00:00.000,0:10,40.808163,-73.92653,2,0,1,1,4080,-7392,0.3141025641025641
2021-12-16T00:00:00.000,13:23,40.760742,-73.974655,0,0,0,0,4076,-7397,0.37
2021-12-11T00:00:00.000,12:00,40.64336,-73.954575,0,0,0,0,4064,-7395,0.4796747967479675
2021-12-17T00:00:00.000,8:25,40.765675,-73.97624,2,0,1,1,4076,-7397,0.37
2021-04-24T00:00:00.000,11:09,40.82814,-73.8953,1,0,1,1,4082,-7389,0.37423312883435583
2021-04-24T00:00:00.000,5:00,40.87721,-73.90074,1,0,1,1,4087,-7390,0.3184713375796178
2021-04-24T00:00:00.000,7:30,40.826496,-73.93692,0,0,0,0,4082,-7393,0.36645962732919257
2021-04-23T00:00:00.000,17:40,40.663227,-73.93159,0,0,0,0,4066,-7393,0.38578680203045684
2021-04-24T00:00:00.000,1:30,40.754807,-73.9626,2,0,1,1,4075,-7396,0.4788732394366197
2021-04-24T00:00:00.000,4:27,40.895485,-73.863884,0,0,0,0,4089,-7386,0.28205128205128205
2021-04-24T00:00:00.000,6:30,40.575974,-74.12564,1,0,1,1,4057,-7412,0.36363636363636365
2021-04-24T00:00:00.000,14:30,40.745922,-73.87864,0,0,0,0,4074,-7387,0.25663716814159293
2021-04-15T00:00:00.000,16:25,40.641186,-73.98572,1,0,1,1,4064,-7398,0.40425531914893614
2021-04-24T00:00:00.000,4:02,40.86776,-73.89896,1,0,1,1,4086,-7389,0.40606060606060607
2021-04-24T00:00:00.000,18:30,40.815403,-73.93992,0,0,0,0,4081,-7393,0.32432432432432434
2021-04-24T00:00:00.000,14:20,40.740875,-73.89962,2,0,1,1,4074,-7389,0.3203125
2021-04-23T00:00:00.000,17:15,40.808292,-73.94883,1,0,1,1,4080,-7394,0.41116751269035534
2021-04-24T00:00:00.000,0:01,40.766705,-73.89024,0,0,0,0,4076,-7389,0.35185185185185186
2021-04-24T00:00:00.000,21:37,40.747765,-73.98296,0,0,0,0,4074,-7398,0.40131578947368424
2021-04-24T00:00:00.000,12:03,40.87341,-73.87589,0,0,0,0,4087,-7387,0.297029702970297
2021-04-24T00:00:00.000,9:20,40.84525,-73.91499,1,0,1,1,4084,-7391,0.32558139534883723
2021-04-23T00:00:00.000,17:00,40.69068,-73.85306,0,0,0,0,4069,-7385,0.34
2021-04-24T00:00:00.000,19:33,40.772434,-73.79997,0,0,0,0,4077,-7379,0.5
2021-04-24T00:00:00.000,10:27,40.828114,-73.93107,0,0,0,0,4082,-7393,0.36645962732919257
2021-04-22T00:00:00.000,10:45,40.69469,-73.99117,0,0,0,0,4069,-7399,0.29473684210526313
2021-04-24T00:00:00.000,12:36,40.716812,-73.99777,0,0,0,0,4071,-7399,0.3263157894736842
2021-04-24T00:00:00.000,8:00,40.791527,-73.84176,1,0,1,1,4079,-7384,0.125
2021-04-24T00:00:00.000,14:50,40.73145,-73.89581,0,0,0,0,4073,-7389,0.2857142857142857
2021-04-22T00:00:00.000,8:13,40.634045,-74.013245,0,0,0,0,4063,-7401,0.37777777777777777
2021-04-24T00:00:00.000,22:00,40.75184,-73.94806,1,0,1,1,4075,-7394,0.41333333333333333
2021-04-24T00:00:00.000,6:46,40.688004,-73.7569,0,0,0,0,4068,-7375,0.3877551020408163
2021-04-23T00:00:00.000,13:31,40.8324,-73.870384,0,0,0,0,4083,-7387,0.38414634146341464
2021-04-24T00:00:00.000,19:10,40.847427,-73.931404,0,0,0,0,4084,-7393,0.32786885245901637
2021-04-24T00:00:00.000,8:00,40.672848,-73.9675,0,0,0,0,4067,-7396,0.3466666666666667
2021-04-23T00:00:00.000,16:30,40.790417,-73.95184,0,0,0,0,4079,-7395,0.42
2021-04-24T00:00:00.000,23:39,40.806164,-73.909134,0,0,0,0,4080,-7390,0.36538461538461536
2021-04-24T00:00:00.000,1:23,40.824432,-73.873604,1,0,1,1,4082,-7387,0.33544303797468356
2021-04-24T00:00:00.000,13:45,40.72225,-74.00592,0,0,0,0,4072,-7400,0.32926829268292684
2021-04-24T00:00:00.000,14:35,40.822468,-73.891754,1,0,1,1,4082,-7389,0.37423312883435583
2021-04-24T00:00:00.000,12:23,40.89711,-73.88008,2,0,1,1,4089,-7388,0.5
2021-04-22T00:00:00.000,22:00,40.683228,-73.907135,0,0,0,0,4068,-7390,0.4421052631578947
2021-04-24T00:00:00.000,20:34,40.616104,-73.97745,0,0,0,0,4061,-7397,0.421875
2021-04-23T00:00:00.000,14:58,40.65136,-73.86971,0,0,0,0,4065,-7386,0.36619718309859156
2021-04-24T00:00:00.000,14:15,40.680042,-74.007065,0,0,0,0,4068,-7400,0.3333333333333333
2021-04-24T00:00:00.000,9:10,40.85162,-73.82653,0,0,0,0,4085,-7382,0.45714285714285713
2021-04-24T00:00:00.000,16:45,40.70323,-74.01243,0,0,0,0,4070,-7401,0.140625
2021-04-19T00:00:00.000,14:53,40.5751,-73.998566,1,0,1,1,4057,-7399,0.32558139534883723
2021-04-24T00:00:00.000,9:32,40.64571,-73.91206,0,0,0,0,4064,-7391,0.39805825242718446
2021-04-24T00:00:00.000,20:55,40.662014,-73.886826,1,0,1,1,4066,-7388,0.37012987012987014
2021-04-24T00:00:00.000,6:45,40.775562,-73.95035,1,0,1,1,4077,-7395,0.3384615384615385
2021-04-24T00:00:00.000,3:30,40.67059,-73.876114,4,0,1,1,4067,-7387,0.30344827586206896
2021-04-24T00:00:00.000,18:35,40.797943,-73.94003,0,0,0,0,4079,-7394,0.3523809523809524
2021-12-16T00:00:00.000,17:30,40.561584,-74.13397,1,0,1,1,4056,-7413,0.46153846153846156
2021-04-24T00:00:00.000,2:45,40.86241,-73.9225,0,0,0,0,4086,-7392,0.359375
2021-04-21T00:00:00.000,11:30,40.637104,-73.99106,0,0,0,0,4063,-7399,0.47692307692307695
2021-04-24T00:00:00.000,23:30,40.846157,-73.86726,0,0,0,0,4084,-7386,0.375
2021-04-24T00:00:00.000,21:17,40.67846,-73.782455,0,0,0,0,4067,-7378,0.2
2021-04-24T00:00:00.000,19:35,40.60683,-73.9647,0,0,0,0,4060,-7396,0.5714285714285714
2021-04-21T00:00:00.000,17:00,40.666878,-73.901276,0,0,0,0,4066,-7390,0.2777777777777778
2021-04-24T00:00:00.000,14:35,0.0,0.0,0,0,0,0,0,0,0.40425531914893614
2021-04-24T00:00:00.000,21:00,40.746235,-73.89895,0,0,0,0,4074,-7389,0.3203125
2021-04-24T00:00:00.000,4:45,40.897625,-73.85625,0,0,0,0,4089,-7385,0.3813559322033898
2021-04-24T00:00:00.000,18:20,40.645245,-74.003006,1,0,1,1,4064,-7400,0.36764705882352944
2021-04-24T00:00:00.000,17:00,40.76417,-73.83967,0,0,0,0,4076,-7383,0.33695652173913043
2021-04-24T00:00:00.000,15:00,40.6656,-73.9588,0,0,0,0,4066,-7395,0.44375
2021-04-24T00:00:00.000,0:30,40.60594,-73.97929,0,0,0,0,4060,-7397,0.3469387755102041
2021-04-24T00:00:00.000,7:40,40.862682,-73.83895,0,0,0,0,4086,-7383,0.3448275862068966
2021-04-24T00:00:00.000,7:23,40.831993,-73.90541,0,0,0,0,4083,-7390,0.3064516129032258
2021-04-23T00:00:00.000,19:25,40.806175,-73.935745,0,0,0,0,4080,-7393,0.36312849162011174
2021-04-23T00:00:00.000,9:06,40.681503,-73.974236,0,0,0,0,4068,-7397,0.3412322274881517
2021-04-22T00:00:00.000,21:00,40.665947,-73.95089,0,0,0,0,4066,-7395,0.44375
2021-04-24T00:00:00.000,3:52,40.70557,-73.73908,0,0,0,0,4070,-7373,0.52
2021-04-05T00:00:00.000,13:30,40.822834,-73.941925,1,0,1,1,4082,-7394,0.3812154696132597
2021-04-24T00:00:00.000,21:23,40.836597,-73.840546,0,0,0,0,4083,-7384,0.22727272727272727
2021-04-24T00:00:00.000,13:00,40.71702,-73.830505,0,0,0,0,4071,-7383,0.37349397590361444
2021-04-06T00:00:00.000,8:35,40.726162,-73.7991,0,0,0,0,4072,-7379,0.3333333333333333
2021-04-24T00:00:00.000,17:45,40.843063,-73.90954,0,0,0,0,4084,-7390,0.366120218579235
2021-04-23T00:00:00.000,15:45,40.810173,-73.937416,1,0,1,1,4081,-7393,0.32432432432432434
2021-04-23T00:00:00.000,12:10,40.67871,-73.86701,0,0,0,0,4067,-7386,0.3431372549019608
2021-04-24T00:00:00.000,12:20,40.56025,-74.16974,0,0,0,0,4056,-7416,0.35
2021-02-18T00:00:00.000,13:49,40.80861,-73.965294,0,0,0,0,4080,-7396,0.31343283582089554
2021-12-15T00:00:00.000,18:25,40.714207,-73.92817,0,0,0,0,4071,-7392,0.2777777777777778
2021-04-24T00:00:00.000,17:40,40.722095,-73.77772,0,0,0,0,4072,-7377,0.375
2021-04-24T00:00:00.000,5:20,40.766434,-73.83767,1,0,1,1,4076,-7383,0.33695652173913043
2021-04-24T00:00:00.000,20:30,40.76325,-73.96675,0,0,0,0,4076,-7396,0.3023255813953488
2021-04-17T00:00:00.000,11:55,40.72443,-73.989136,0,0,0,0,4072,-7398,0.4342105263157895
2021-04-24T00:00:00.000,17:33,40.825226,-73.91028,0,0,0,0,4082,-7391,0.3355263157894737
2021-04-20T00:00:00.000,0:00,40.82642,-73.88251,0,0,0,0,4082,-7388,0.27624309392265195
2021-04-23T00:00:00.000,17:44,40.751904,-73.883514,0,0,0,0,4075,-7388,0.3402061855670103
2021-04-24T00:00:00.000,15:40,40.59359,-73.99613,0,0,0,0,4059,-7399,0.3076923076923077
2021-04-24T00:00:00.000,18:23,40.753265,-73.985245,0,0,0,0,4075,-7398,0.3170731707317073
2021-04-24T00:00:00.000,11:00,40.70742,-73.94221,0,0,0,0,4070,-7394,0.3956043956043956
2021-04-24T00:00:00.000,0:26,40.653793,-74.008095,0,0,0,0,4065,-7400,0.41509433962264153
2021-04-24T00:00:00.000,17:30,40.870705,-73.84106,1,0,1,1,4087,-7384,0.47297297297297297
2021-04-24T00:00:00.000,10:20,40.659832,-73.897606,1,0,1,1,4065,-7389,0.34965034965034963
2021-04-24T00:00:00.000,3:00,40.821815,-73.94266,1,0,1,1,4082,-7394,0.3812154696132597
2021-04-23T00:00:00.000,23:20,40.794758,-73.94235,0,0,0,0,4079,-7394,0.3523809523809524
2021-04-24T00:00:00.000,9:50,40.676495,-73.913704,0,0,0,0,4067,-7391,0.36597938144329895
2021-04-24T00:00:00.000,23:37,40.683804,-73.833534,0,0,0,0,4068,-7383,0.45454545454545453
2021-04-24T00:00:00.000,15:35,40.699436,-73.91229,0,0,0,0,4069,-7391,0.2709677419354839
2021-04-24T00:00:00.000,8:57,40.71198,-73.86059,1,0,1,1,4071,-7386,0.5625
2021-04-23T00:00:00.000,15:44,40.835915,-73.8731,1,0,1,1,4083,-7387,0.38414634146341464
2021-04-24T00:00:00.000,22:50,40.693314,-73.74009,1,0,1,1,4069,-7374,0.46774193548387094
2021-04-24T00:00:00.000,16:00,40.753113,-73.86,1,0,1,1,4075,-7386,0.33653846153846156
2021-04-24T00:00:00.000,7:30,40.836018,-73.9243,0,0,0,0,4083,-7392,0.310126582278481
2021-04-24T00:00:00.000,16:35,40.689358,-73.9821,0,0,0,0,4068,-7398,0.3873239436619718
2021-04-23T00:00:00.000,13:40,40.74906,-73.89083,1,0,1,1,4074,-7389,0.3203125
2021-04-24T00:00:00.000,23:10,40.67187,-73.95464,0,0,0,0,4067,-7395,0.3695652173913043
2021-04-24T00:00:00.000,20:36,40.685497,-73.86978,0,0,0,0,4068,-7386,0.423728813559322
2021-04-24T00:00:00.000,18:00,40.83047,-73.90391,1,0,1,1,4083,-7390,0.3064516129032258
2021-04-24T00:00:00.000,21:30,40.82371,-73.879,0,0,0,0,4082,-7387,0.33544303797468356
2021-04-09T00:00:00.000,9:40,40.659355,-73.951454,0,0,0,0,4065,-7395,0.38686131386861317
2021-04-24T00:00:00.000,14:00,40.669395,-73.80771,2,0,1,1,4066,-7380,0.40789473684210525
2021-04-24T00:00:00.000,15:00,40.607765,-74.13169,0,0,0,0,4060,-7413,0.41935483870967744
2021-04-24T00:00:00.000,17:00,40.744846,-73.835686,0,0,0,0,4074,-7383,0.4067796610169492
2021-04-24T00:00:00.000,17:00,40.689583,-73.972145,1,0,1,1,4068,-7397,0.3412322274881517
2021-04-24T00:00:00.000,20:00,40.83613,-73.88987,0,0,0,0,4083,-7388,0.26717557251908397
2021-12-17T00:00:00.000,20:10,40.578938,-73.98522,0,0,0,0,4057,-7398,0.36904761904761907
2021-04-24T00:00:00.000,2:52,40.748466,-73.99247,0,0,0,0,4074,-7399,0.3333333333333333
2021-04-19T00:00:00.000,23:00,40.813232,-73.90908,0,0,0,0,4081,-7390,0.3888888888888889
2021-04-24T00:00:00.000,5:15,40.757355,-73.73887,0,0,0,0,4075,-7373,0.18181818181818182
2021-04-23T00:00:00.000,17:53,40.74184,-74.001564,0,0,0,0,4074,-7400,0.27710843373493976
2021-04-24T00:00:00.000,11:30,40.833942,-73.876205,1,0,1,1,4083,-7387,0.38414634146341464
2021-04-19T00:00:00.000,10:05,40.724136,-73.992615,2,0,1,1,4072,-7399,0.3829787234042553
2021-04-24T00:00:00.000,0:20,40.89042,-73.855644,2,0,1,1,4089,-7385,0.3813559322033898
2021-04-24T00:00:00.000,17:10,40.726406,-73.908485,0,0,0,0,4072,-7390,0.2978723404255319
2021-04-24T00:00:00.000,17:04,40.693172,-73.97086,0,0,0,0,4069,-7397,0.3253012048192771
2021-04-24T00:00:00.000,19:15,40.870346,-73.9044,1,0,1,1,4087,-7390,0.3184713375796178
2021-04-22T00:00:00.000,18:45,40.685795,-73.911644,1,0,1,1,4068,-7391,0.344
2021-04-24T00:00:00.000,20:55,40.57981,-73.837204,0,0,0,0,4057,-7383,0.25
2021-04-24T00:00:00.000,20:21,40.8514,-73.90606,0,0,0,0,4085,-7390,0.42207792207792205
2021-03-19T00:00:00.000,7:10,0.0,0.0,1,0,1,1,0,0,0.40425531914893614
2021-04-24T00:00:00.000,19:51,40.6742,-73.99984,0,0,0,0,4067,-7399,0.3258426966292135
2021-03-15T00:00:00.000,14:22,40.67657,-73.94431,6,0,1,1,4067,-7394,0.34074074074074073
2021-12-15T00:00:00.000,22:30,40.700874,-73.794395,0,0,0,0,4070,-7379,0.3978494623655914
2021-04-24T00:00:00.000,14:00,40.76213,-73.870125,1,0,1,1,4076,-7387,0.48214285714285715
2021-04-24T00:00:00.000,10:00,40.82943,-73.94196,0,0,0,0,4082,-7394,0.3812154696132597
2021-04-23T00:00:00.000,0:10,40.8452,-73.916885,0,0,0,0,4084,-7391,0.32558139534883723
2021-04-19T00:00:00.000,20:20,40.79554,-73.9481,0,0,0,0,4079,-7394,0.3523809523809524
2021-04-24T00:00:00.000,12:00,40.601654,-74.01087,0,0,0,0,4060,-7401,0.30357142857142855
2021-04-24T00:00:00.000,18:53,40.71352,-73.814865,1,0,1,1,4071,-7381,0.3448275862068966
2021-04-24T00:00:00.000,21:24,40.700546,-73.917076,0,0,0,0,4070,-7391,0.27450980392156865
2021-04-20T00:00:00.000,2:29,40.662174,-73.953705,0,0,0,0,4066,-7395,0.44375
2021-04-24T00:00:00.000,12:24,40.882595,-73.826775,0,0,0,0,4088,-7382,0.2765957446808511
2021-04-24T00:00:00.000,20:00,40.853115,-73.927246,1,0,1,1,4085,-7392,0.22
2021-04-24T00:00:00.000,15:00,40.710762,-73.7461,1,0,1,1,4071,-7374,0.23404255319148937
2021-04-24T00:00:00.000,9:20,40.8014,-73.94819,0,0,0,0,4080,-7394,0.41116751269035534
2021-04-20T00:00:00.000,10:30,40.733738,-73.95485,1,0,1,1,4073,-7395,0.30434782608695654
2021-04-24T00:00:00.000,16:30,40.71572,-73.825745,0,0,0,0,4071,-7382,0.379746835443038
2021-04-24T00:00:00.000,1:02,40.823128,-73.90925,0,0,0,0,4082,-7390,0.3025210084033613
2021-04-24T00:00:00.000,10:30,40.6745,-73.74142,0,0,0,0,4067,-7374,0.2619047619047619
2021-04-24T00:00:00.000,6:00,40.75548,-73.74173,1,0,1,1,4075,-7374,0.3333333333333333
2021-04-24T00:00:00.000,12:30,40.590252,-73.959564,0,0,0,0,4059,-7395,0.3181818181818182
2021-04-24T00:00:00.000,21:00,40.720722,-73.98325,0,0,0,0,4072,-7398,0.4342105263157895
2021-04-22T00:00:00.000,13:25,40.659496,-73.96057,0,0,0,0,4065,-7396,0.3939393939393939
2021-04-24T00:00:00.000,21:50,40.81792,-73.949745,0,0,0,0,4081,-7394,0.38
2021-04-24T00:00:00.000,17:40,40.77887,-73.943245,1,0,1,1,4077,-7394,0.28
2021-04-22T00:00:00.000,8:20,40.78717,-73.94999,0,0,0,0,4078,-7394,0.33513513513513515
2021-04-24T00:00:00.000,16:42,40.8617,-73.89139,0,0,0,0,4086,-7389,0.40606060606060607
2021-11-26T00:00:00.000,2:37,40.820972,-73.88896,0,0,0,0,4082,-7388,0.27624309392265195
2021-04-24T00:00:00.000,14:00,40.761143,-73.838905,0,0,0,0,4076,-7383,0.33695652173913043
2021-12-16T00:00:00.000,14:05,40.83511,-73.82683,1,0,1,1,4083,-7382,0.44680851063829785
2021-04-24T00:00:00.000,12:58,40.64663,-73.95566,1,0,1,1,4064,-7395,0.4796747967479675
2021-04-24T00:00:00.000,14:50,40.74607,-73.71855,0,0,0,0,4074,-7371,0.38095238095238093
2021-04-23T00:00:00.000,11:30,40.673283,-73.89046,0,0,0,0,4067,-7389,0.33852140077821014
2021-04-24T00:00:00.000,19:31,40.610508,-74.09576,0,0,0,0,4061,-7409,0.46153846153846156
2021-04-24T00:00:00.000,1:43,40.813175,-73.89845,0,0,0,0,4081,-7389,0.31543624161073824
2021-12-15T00:00:00.000,11:40,40.665073,-73.9274,2,0,1,1,4066,-7392,0.355
2021-04-24T00:00:00.000,0:10,40.764626,-73.810745,1,0,1,1,4076,-7381,0.4716981132075472
2021-04-24T00:00:00.000,22:00,40.66484,-73.82229,0,0,0,0,4066,-7382,0.43103448275862066
2021-04-06T00:00:00.000,20:49,40.729736,-73.833725,0,0,0,0,4072,-7383,0.4909090909090909
2021-04-23T00:00:00.000,7:33,40.802696,-73.949196,0,0,0,0,4080,-7394,0.41116751269035534
2021-04-24T00:00:00.000,13:20,40.54315,-74.17378,1,0,1,1,4054,-7417,0.4444444444444444
2021-04-24T00:00:00.000,20:30,40.63574,-73.90853,0,0,0,0,4063,-7390,0.3561643835616438
2021-04-15T00:00:00.000,20:22,40.666878,-73.94522,1,0,1,1,4066,-7394,0.36792452830188677
2021-04-24T00:00:00.000,14:40,40.871254,-73.84355,0,0,0,0,4087,-7384,0.47297297297297297
2021-04-24T00:00:00.000,14:00,40.644142,-73.957924,0,0,0,0,4064,-7395,0.4796747967479675
2021-04-22T00:00:00.000,19:30,40.65626,-73.950165,1,0,1,1,4065,-7395,0.38686131386861317
2021-04-24T00:00:00.000,23:00,40.822834,-73.941925,2,0,1,1,4082,-7394,0.3812154696132597
2021-04-24T00:00:00.000,17:15,40.806587,-73.91041,1,0,1,1,4080,-7391,0.38961038961038963
2021-04-23T00:00:00.000,19:55,40.67809,-73.8842,2,0,1,1,4067,-7388,0.30434782608695654
2021-04-24T00:00:00.000,16:15,40.86258,-73.925385,1,0,1,1,4086,-7392,0.359375
2021-04-24T00:00:00.000,3:21,40.655334,-73.93077,1,0,1,1,4065,-7393,0.44366197183098594
2021-04-24T00:00:00.000,17:40,40.743263,-73.91964,0,0,0,0,4074,-7391,0.38333333333333336
2021-04-24T00:00:00.000,11:15,40.67816,-73.897484,0,0,0,0,4067,-7389,0.33852140077821014
2021-04-24T00:00:00.000,1:25,40.820503,-73.8881,0,0,0,0,4082,-7388,0.27624309392265195
2021-04-24T00:00:00.000,20:08,40.84528,-73.9265,0,0,0,0,4084,-7392,0.3181818181818182
2021-04-23T00:00:00.000,18:30,40.663776,-73.889915,0,0,0,0,4066,-7388,0.37012987012987014
2021-04-24T00:00:00.000,4:50,40.757355,-73.73887,0,0,0,0,4075,-7373,0.18181818181818182
2021-03-04T00:00:00.000,19:40,40.67553,-73.96319,0,0,0,0,4067,-7396,0.3466666666666667
2021-04-23T00:00:00.000,17:52,40.66065,-73.953545,1,0,1,1,4066,-7395,0.44375
2021-04-24T00:00:00.000,11:55,40.644245,-73.89103,1,0,1,1,4064,-7389,0.43478260869565216
2021-04-24T00:00:00.000,17:14,40.8541,-73.919106,0,0,0,0,4085,-7391,0.373134328358209
2021-04-24T00:00:00.000,18:30,40.760063,-73.77523,0,0,0,0,4076,-7377,0.20588235294117646
2021-04-24T00:00:00.000,21:19,40.671852,-73.76436,0,0,0,0,4067,-7376,0.23076923076923078
2021-04-22T00:00:00.000,11:40,40.753624,-73.96944,1,0,1,1,4075,-7396,0.4788732394366197
2021-04-23T00:00:00.000,18:05,40.661167,-73.87969,0,0,0,0,4066,-7387,0.38461538461538464
2021-04-24T00:00:00.000,7:00,40.745285,-73.86911,0,0,0,0,4074,-7386,0.3813559322033898
2021-04-24T00:00:00.000,16:56,40.675213,-73.7378,1,0,1,1,4067,-7373,0.46835443037974683
2021-04-15T00:00:00.000,12:40,40.788692,-73.93787,0,0,0,0,4078,-7393,0.4444444444444444
2021-04-24T00:00:00.000,13:24,40.606876,-73.94795,1,0,1,1,4060,-7394,0.5217391304347826
2021-04-24T00:00:00.000,23:30,40.81977,-73.93673,0,0,0,0,4081,-7393,0.32432432432432434
2021-04-24T00:00:00.000,15:02,40.613052,-73.94913,0,0,0,0,4061,-7394,0.48484848484848486
2021-04-20T00:00:00.000,16:25,40.781063,-73.949425,1,0,1,1,4078,-7394,0.33513513513513515
2021-04-24T00:00:00.000,10:15,40.69537,-73.76326,0,0,0,0,4069,-7376,0.3392857142857143
2021-04-24T00:00:00.000,12:30,40.692146,-73.919464,0,0,0,0,4069,-7391,0.2709677419354839
2021-04-24T00:00:00.000,16:00,40.633682,-73.976524,0,0,0,0,4063,-7397,0.36893203883495146
2021-04-24T00:00:00.000,22:05,40.666477,-73.808136,3,0,1,1,4066,-7380,0.40789473684210525
2021-04-21T00:00:00.000,11:46,40.699993,-73.85391,0,0,0,0,4069,-7385,0.34
2021-04-24T00:00:00.000,23:20,40.655853,-73.910126,0,0,0,0,4065,-7391,0.425
2021-04-16T00:00:00.000,7:05,40.792244,-73.94419,0,0,0,0,4079,-7394,0.3523809523809524
2021-04-24T00:00:00.000,1:07,40.668648,-73.92835,2,0,1,1,4066,-7392,0.355
2021-04-24T00:00:00.000,7:05,40.60372,-73.97671,0,0,0,0,4060,-7397,0.3469387755102041
2021-04-24T00:00:00.000,19:47,40.636917,-74.152115,1,0,1,1,4063,-7415,0.3333333333333333
2021-04-24T00:00:00.000,7:00,40.74111,-73.89842,3,0,1,1,4074,-7389,0.3203125
2021-04-24T00:00:00.000,20:52,40.87341,-73.87589,0,0,0,0,4087,-7387,0.297029702970297
2021-04-24T00:00:00.000,9:49,40.692783,-73.74511,0,0,0,0,4069,-7374,0.46774193548387094
2021-04-24T00:00:00.000,17:56,40.825455,-73.91317,2,0,1,1,4082,-7391,0.3355263157894737
2021-04-24T00:00:00.000,14:29,40.86507,-73.87185,1,0,1,1,4086,-7387,0.34545454545454546
2021-04-24T00:00:00.000,7:00,40.723347,-73.939316,2,0,1,1,4072,-7393,0.36507936507936506
2021-04-24T00:00:00.000,13:10,40.75383,-73.81841,0,0,0,0,4075,-7381,0.35
2021-04-24T00:00:00.000,12:04,40.831978,-73.93515,0,0,0,0,4083,-7393,0.3333333333333333
2021-04-17T00:00:00.000,9:33,40.667072,-73.93223,0,0,0,0,4066,-7393,0.38578680203045684
2021-04-24T00:00:00.000,12:00,40.66496,-73.82226,0,0,0,0,4066,-7382,0.43103448275862066
2021-04-24T00:00:00.000,16:30,40.684727,-73.935394,0,0,0,0,4068,-7393,0.3619047619047619
2021-04-23T00:00:00.000,22:10,40.803974,-73.94608,2,0,1,1,4080,-7394,0.41116751269035534
2021-04-24T00:00:00.000,16:20,40.521942,-74.23503,1,0,1,1,4052,-7423,0.3333333333333333
2021-04-24T00:00:00.000,12:05,40.796215,-73.822975,1,0,1,1,4079,-7382,0.2
2021-04-23T00:00:00.000,0:50,40.723648,-73.99103,1,0,1,1,4072,-7399,0.3829787234042553
2021-04-24T00:00:00.000,8:30,40.721455,-73.77665,0,0,0,0,4072,-7377,0.375
2021-04-24T00:00:00.000,22:25,40.81115,-73.92891,1,0,1,1,4081,-7392,0.4714285714285714
2021-04-22T00:00:00.000,22:34,40.79902,-73.947655,0,0,0,0,4079,-7394,0.3523809523809524
2021-04-24T00:00:00.000,23:40,40.752377,-73.97035,1,0,1,1,4075,-7397,0.375886524822695
2021-04-24T00:00:00.000,16:45,40.734978,-73.8614,0,0,0,0,4073,-7386,0.3464566929133858
2021-04-24T00:00:00.000,18:30,40.87028,-73.878395,1,0,1,1,4087,-7387,0.297029702970297
2021-04-24T00:00:00.000,16:00,40.82226,-73.911705,0,0,0,0,4082,-7391,0.3355263157894737
2021-04-24T00:00:00.000,4:10,40.764492,-73.89063,0,0,0,0,4076,-7389,0.35185185185185186
2021-04-24T00:00:00.000,16:00,40.832493,-73.88955,0,0,0,0,4083,-7388,0.26717557251908397
2021-04-22T00:00:00.000,16:20,40.648464,-74.00683,1,0,1,1,4064,-7400,0.36764705882352944
2021-04-24T00:00:00.000,19:50,40.780136,-73.988266,2,0,1,1,4078,-7398,0.42105263157894735
2021-04-24T00:00:00.000,10:00,40.88671,-73.81529,0,0,0,0,4088,-7381,0.4444444444444444
2021-04-17T00:00:00.000,12:45,40.66336,-73.95975,0,0,0,0,4066,-7395,0.44375
2021-04-24T00:00:00.000,11:10,40.822163,-73.94242,0,0,0,0,4082,-7394,0.3812154696132597
2021-04-24T00:00:00.000,21:00,40.755524,-73.833405,1,0,1,1,4075,-7383,0.37681159420289856
2021-04-24T00:00:00.000,20:33,40.738903,-73.98731,1,0,1,1,4073,-7398,0.36942675159235666
2021-04-22T00:00:00.000,15:05,40.682938,-73.86717,0,0,0,0,4068,-7386,0.423728813559322
2021-04-24T00:00:00.000,23:20,40.63837,-73.997665,1,0,1,1,4063,-7399,0.47692307692307695
2021-04-23T00:00:00.000,13:45,40.71843,-74.000534,3,0,1,1,4071,-7400,0.25517241379310346
2021-04-24T00:00:00.000,19:40,40.756424,-73.7403,1,0,1,1,4075,-7374,0.3333333333333333
2021-04-24T00:00:00.000,17:21,40.70867,-73.95858,0,0,0,0,4070,-7395,0.3475177304964539
2021-04-21T00:00:00.000,14:30,40.753048,-73.87053,0,0,0,0,4075,-7387,0.33884297520661155
2021-04-24T00:00:00.000,15:58,40.601753,-73.967636,0,0,0,0,4060,-7396,0.5714285714285714
2021-04-24T00:00:00.000,15:00,40.642727,-73.91749,0,0,0,0,4064,-7391,0.39805825242718446
2021-04-24T00:00:00.000,15:00,40.74703,-73.89536,0,0,0,0,4074,-7389,0.3203125
2021-04-24T00:00:00.000,21:20,40.69366,-73.85217,0,0,0,0,4069,-7385,0.34
2021-04-23T00:00:00.000,12:03,40.70215,-73.82033,0,0,0,0,4070,-7382,0.4166666666666667
2021-04-24T00:00:00.000,10:50,40.75592,-73.97071,0,0,0,0,4075,-7397,0.375886524822695
2021-04-05T00:00:00.000,7:28,40.62573,-73.9564,1,0,1,1,4062,-7395,0.4444444444444444
2021-04-23T00:00:00.000,16:55,40.811096,-73.95235,0,0,0,0,4081,-7395,0.3509933774834437
2021-04-24T00:00:00.000,11:50,40.84678,-73.8838,6,0,1,1,4084,-7388,0.390625
2021-04-23T00:00:00.000,11:25,40.660927,-73.94914,0,0,0,0,4066,-7394,0.36792452830188677
2021-04-20T00:00:00.000,16:13,40.81014,-73.908226,0,0,0,0,4081,-7390,0.3888888888888889
2021-04-24T00:00:00.000,5:15,40.85668,-73.90811,0,0,0,0,4085,-7390,0.42207792207792205
2021-04-24T00:00:00.000,16:24,40.67597,-73.97519,0,0,0,0,4067,-7397,0.2818181818181818
2021-04-24T00:00:00.000,21:00,40.67164,-73.95034,0,0,0,0,4067,-7395,0.3695652173913043
2021-04-23T00:00:00.000,23:52,40.744034,-74.00313,0,0,0,0,4074,-7400,0.27710843373493976
2021-04-24T00:00:00.000,10:10,40.709404,-74.01483,0,0,0,0,4070,-7401,0.140625
2021-04-24T00:00:00.000,15:30,40.79428,-73.94902,0,0,0,0,4079,-7394,0.3523809523809524
2021-04-20T00:00:00.000,21:30,40.693573,-73.92275,0,0,0,0,4069,-7392,0.3584905660377358
2021-04-24T00:00:00.000,2:18,40.586124,-73.990715,0,0,0,0,4058,-7399,0.23076923076923078
2021-04-24T00:00:00.000,22:20,40.826057,-73.89722,1,0,1,1,4082,-7389,0.37423312883435583
2021-04-24T00:00:00.000,11:28,40.728416,-73.87975,0,0,0,0,4072,-7387,0.5714285714285714
2021-04-24T00:00:00.000,20:00,40.714523,-73.93683,0,0,0,0,4071,-7393,0.2711864406779661
2021-04-23T00:00:00.000,15:00,40.800423,-73.945915,1,0,1,1,4080,-7394,0.41116751269035534
2021-04-24T00:00:00.000,6:00,40.834667,-73.88936,0,0,0,0,4083,-7388,0.26717557251908397
2021-04-16T00:00:00.000,7:18,40.67357,-73.95294,1,0,1,1,4067,-7395,0.3695652173913043
2021-04-22T00:00:00.000,0:00,40.752068,-73.85423,0,0,0,0,4075,-7385,0.3048780487804878
2021-04-24T00:00:00.000,12:20,40.898815,-73.86223,1,0,1,1,4089,-7386,0.28205128205128205
2021-04-24T00:00:00.000,12:00,40.741493,-73.87503,0,0,0,0,4074,-7387,0.25663716814159293
2021-04-24T00:00:00.000,14:40,40.778904,-73.96024,0,0,0,0,4077,-7396,0.3695652173913043
2021-04-24T00:00:00.000,23:10,40.729355,-73.747665,4,0,1,1,4072,-7374,0.44
2021-04-24T00:00:00.000,3:18,40.68054,-73.88674,0,0,0,0,4068,-7388,0.36538461538461536
2021-04-24T00:00:00.000,4:50,40.641205,-73.877205,0,0,0,0,4064,-7387,0.4918032786885246
2021-04-22T00:00:00.000,10:00,40.666985,-73.930885,0,0,0,0,4066,-7393,0.38578680203045684
2021-04-24T00:00:00.000,13:50,40.90831,-73.90892,0,0,0,0,4090,-7390,0.11764705882352941
2021-04-24T00:00:00.000,3:43,40.643063,-73.95166,0,1,2,1,4064,-7395,0.4796747967479675
2021-12-16T00:00:00.000,16:21,40.88814,-73.86155,0,0,0,0,4088,-7386,0.23809523809523808
2021-12-17T00:00:00.000,12:06,40.742493,-73.8887,0,0,0,0,4074,-7388,0.2978723404255319
2021-12-16T00:00:00.000,19:35,40.65591,-73.89191,3,0,1,1,4065,-7389,0.34965034965034963
2021-12-04T00:00:00.000,12:30,40.862442,-73.89715,0,0,0,0,4086,-7389,0.40606060606060607
2021-12-15T00:00:00.000,8:40,40.593613,-73.95732,0,0,0,0,4059,-7395,0.3181818181818182
2021-12-15T00:00:00.000,18:00,40.82526,-73.91026,0,0,0,0,4082,-7391,0.3355263157894737
2021-12-15T00:00:00.000,8:05,40.7352,-73.9858,0,0,0,0,4073,-7398,0.36942675159235666
2021-12-15T00:00:00.000,6:00,40.781933,-73.94428,0,0,0,0,4078,-7394,0.33513513513513515
2021-12-16T00:00:00.000,0:00,40.629986,-73.97157,2,0,1,1,4062,-7397,0.38666666666666666
2021-12-17T00:00:00.000,14:00,40.86132,-73.912346,0,0,0,0,4086,-7391,0.38016528925619836
2021-12-15T00:00:00.000,12:00,40.810684,-73.95452,0,0,0,0,4081,-7395,0.3509933774834437
2021-12-15T00:00:00.000,16:15,40.646664,-74.088936,1,0,1,1,4064,-7408,0.2894736842105263
2021-12-15T00:00:00.000,5:32,40.85947,-73.915726,0,0,0,0,4085,-7391,0.373134328358209
2021-12-17T00:00:00.000,15:30,40.70654,-73.95041,1,0,1,1,4070,-7395,0.3475177304964539
2021-12-16T00:00:00.000,21:51,40.804695,-73.92239,2,0,1,1,4080,-7392,0.3141025641025641
2021-12-17T00:00:00.000,8:10,40.726536,-73.9544,0,0,0,0,4072,-7395,0.22093023255813954
2021-12-16T00:00:00.000,16:03,40.753906,-73.99962,0,0,0,0,4075,-7399,0.2830188679245283
2021-12-17T00:00:00.000,21:45,40.582638,-73.978676,1,0,1,1,4058,-7397,0.2727272727272727
2021-12-06T00:00:00.000,14:26,40.90034,-73.90591,0,0,0,0,4090,-7390,0.11764705882352941
2021-12-16T00:00:00.000,13:58,40.702354,-73.818756,1,0,1,1,4070,-7381,0.3194444444444444
2021-12-09T00:00:00.000,8:10,40.88532,-73.90055,1,0,1,1,4088,-7390,0.2702702702702703
2021-12-15T00:00:00.000,13:02,40.77161,-73.99046,1,0,1,1,4077,-7399,0.4166666666666667
2021-12-16T00:00:00.000,20:25,40.68405,-73.98157,1,0,1,1,4068,-7398,0.3873239436619718
2021-12-15T00:00:00.000,22:00,40.663223,-73.73351,2,0,1,1,4066,-7373,0.44339622641509435
2021-12-15T00:00:00.000,1:06,40.771076,-73.94676,0,0,0,0,4077,-7394,0.28
2021-12-16T00:00:00.000,9:10,40.84525,-73.91499,0,0,0,0,4084,-7391,0.32558139534883723
2021-12-15T00:00:00.000,0:00,40.798306,-73.93683,0,0,0,0,4079,-7393,0.36585365853658536
2021-10-14T00:00:00.000,18:30,40.795437,-73.943954,1,0,1,1,4079,-7394,0.3523809523809524
2021-12-15T00:00:00.000,19:11,40.86226,-73.89589,1,0,1,1,4086,-7389,0.40606060606060607
2021-12-15T00:00:00.000,16:45,40.877632,-73.867386,0,0,0,0,4087,-7386,0.3142857142857143
2021-12-17T00:00:00.000,23:07,40.751263,-73.9825,0,0,0,0,4075,-7398,0.3170731707317073
2021-12-16T00:00:00.000,21:30,40.67987,-73.844505,0,0,0,0,4067,-7384,0.28888888888888886
2021-12-15T00:00:00.000,13:23,40.66303,-73.991684,0,0,0,0,4066,-7399,0.40540540540540543
2021-12-15T00:00:00.000,23:50,40.67973,-73.76162,0,0,0,0,4067,-7376,0.23076923076923078
2021-12-17T00:00:00.000,12:00,40.82386,-73.91941,1,0,1,1,4082,-7391,0.3355263157894737
2021-12-16T00:00:00.000,11:53,40.797943,-73.94003,0,0,0,0,4079,-7394,0.3523809523809524
2021-12-16T00:00:00.000,16:05,40.815754,-73.89529,0,0,0,0,4081,-7389,0.31543624161073824
2021-12-13T00:00:00.000,3:30,40.6664,-73.74011,1,0,1,1,4066,-7374,0.3698630136986301
2021-12-15T00:00:00.000,0:00,40.832695,-73.94972,0,0,0,0,4083,-7394,0.38926174496644295
2021-12-08T00:00:00.000,21:00,40.75984,-73.862656,0,0,0,0,4075,-7386,0.33653846153846156
2021-12-17T00:00:00.000,8:30,40.681805,-73.94987,0,0,0,0,4068,-7394,0.4409448818897638
2021-12-17T00:00:00.000,23:50,40.638523,-73.92607,2,0,1,1,4063,-7392,0.4036697247706422
2021-12-16T00:00:00.000,17:15,40.750134,-73.80751,0,0,0,0,4075,-7380,0.36363636363636365
2021-12-12T00:00:00.000,19:07,40.72545,-73.892654,1,0,1,1,4072,-7389,0.41379310344827586
2021-12-16T00:00:00.000,5:16,40.63851,-74.021225,0,0,0,0,4063,-7402,0.3877551020408163
2021-12-17T00:00:00.000,17:41,40.835297,-73.91291,0,0,0,0,4083,-7391,0.33714285714285713
2021-12-16T00:00:00.000,20:46,40.588886,-73.965645,0,0,0,0,4058,-7396,0.37333333333333335
2021-12-13T00:00:00.000,17:42,40.787685,-73.97502,1,0,1,1,4078,-7397,0.3434343434343434
2021-12-17T00:00:00.000,8:00,40.694546,-73.80212,0,0,0,0,4069,-7380,0.38461538461538464
2021-12-16T00:00:00.000,19:17,40.643005,-73.95263,2,0,1,1,4064,-7395,0.4796747967479675
2021-12-12T00:00:00.000,12:51,40.68209,-73.92118,0,0,0,0,4068,-7392,0.2542372881355932
2021-12-16T00:00:00.000,11:30,40.877167,-73.83755,0,0,0,0,4087,-7383,0.3333333333333333
2021-12-13T00:00:00.000,4:11,40.895447,-73.88002,1,0,1,1,4089,-7388,0.5
2021-12-16T00:00:00.000,13:25,40.80349,-73.95607,0,0,0,0,4080,-7395,0.381294964028777
2021-12-17T00:00:00.000,20:45,40.647182,-73.90748,0,0,0,0,4064,-7390,0.4017094017094017
2023-01-14T00:00:00.000,7:15,40.82304,-73.88193,1,0,1,1,4082,-7388,0.27624309392265195
2021-12-08T00:00:00.000,21:00,40.74959,-74.00279,1,0,1,1,4074,-7400,0.27710843373493976
2021-12-16T00:00:00.000,14:29,40.649895,-73.90762,0,0,0,0,4064,-7390,0.4017094017094017
2021-12-17T00:00:00.000,20:09,40.651726,-73.949234,1,0,1,1,4065,-7394,0.43137254901960786
2021-12-17T00:00:00.000,18:20,40.694923,-73.915565,1,0,1,1,4069,-7391,0.2709677419354839
2021-12-13T00:00:00.000,13:25,40.578938,-73.98522,0,0,0,0,4057,-7398,0.36904761904761907
2021-12-15T00:00:00.000,13:25,40.844975,-73.91877,0,0,0,0,4084,-7391,0.32558139534883723
2021-12-15T00:00:00.000,8:25,40.691208,-73.813545,1,0,1,1,4069,-7381,0.3902439024390244
2021-12-15T00:00:00.000,9:32,40.633583,-73.94774,1,0,1,1,4063,-7394,0.358974358974359
2021-12-15T00:00:00.000,4:40,40.74712,-73.94239,0,0,0,0,4074,-7394,0.33962264150943394
2021-12-15T00:00:00.000,4:20,40.759132,-73.88697,0,0,0,0,4075,-7388,0.3402061855670103
2021-12-15T00:00:00.000,9:00,40.76464,-73.916595,0,0,0,0,4076,-7391,0.40476190476190477
2021-12-15T00:00:00.000,22:53,40.826763,-73.88842,0,0,0,0,4082,-7388,0.27624309392265195
2021-12-15T00:00:00.000,17:24,40.542915,-74.1558,0,0,0,0,4054,-7415,0.3125
2021-12-15T00:00:00.000,9:51,40.61308,-73.96839,0,0,0,0,4061,-7396,0.30666666666666664
2021-12-17T00:00:00.000,5:45,40.639088,-74.03351,1,0,1,1,4063,-7403,0.42424242424242425
2021-12-13T00:00:00.000,11:17,40.63495,-73.94496,0,0,0,0,4063,-7394,0.358974358974359
2021-12-17T00:00:00.000,19:25,40.88271,-73.881256,0,0,0,0,4088,-7388,0.42857142857142855
2021-11-26T00:00:00.000,17:00,40.674953,-74.007545,2,0,1,1,4067,-7400,0.20967741935483872
2021-12-17T00:00:00.000,6:00,40.71146,-73.79647,0,0,0,0,4071,-7379,0.3888888888888889
2021-12-17T00:00:00.000,2:30,40.759144,-73.99584,7,0,1,1,4075,-7399,0.2830188679245283
2021-12-15T00:00:00.000,16:47,40.68576,-73.915504,0,0,0,0,4068,-7391,0.344
2021-12-15T00:00:00.000,13:50,40.59391,-73.77802,0,0,0,0,4059,-7377,0.2692307692307692
2021-12-16T00:00:00.000,9:40,40.714207,-73.92817,0,0,0,0,4071,-7392,0.2777777777777778
2021-12-15T00:00:00.000,17:30,40.646065,-73.87979,1,0,1,1,4064,-7387,0.4918032786885246
2021-12-16T00:00:00.000,10:30,40.680737,-73.87889,0,0,0,0,4068,-7387,0.24719101123595505
2021-12-17T00:00:00.000,22:52,40.7699,-73.91608,0,0,0,0,4076,-7391,0.40476190476190477
2021-12-16T00:00:00.000,7:20,40.840603,-73.91152,0,0,0,0,4084,-7391,0.32558139534883723
2021-12-13T00:00:00.000,9:00,40.7203,-73.95508,0,0,0,0,4072,-7395,0.22093023255813954
2021-12-15T00:00:00.000,15:55,40.844715,-73.91228,0,0,0,0,4084,-7391,0.32558139534883723
2021-12-17T00:00:00.000,15:41,40.752003,-73.9695,0,0,0,0,4075,-7396,0.4788732394366197
2021-12-16T00:00:00.000,16:18,40.84899,-73.85035,0,0,0,0,4084,-7385,0.32727272727272727
2021-12-15T00:00:00.000,16:25,40.71106,-73.94994,1,0,1,1,4071,-7394,0.3710691823899371
2021-12-16T00:00:00.000,9:45,40.675537,-73.871,0,0,0,0,4067,-7387,0.30344827586206896
2021-12-17T00:00:00.000,9:50,40.773808,-73.8929,0,0,0,0,4077,-7389,0.35
2021-12-16T00:00:00.000,9:10,40.828297,-73.888985,0,0,0,0,4082,-7388,0.27624309392265195
2021-12-16T00:00:00.000,0:25,40.70519,-73.800064,0,0,0,0,4070,-7380,0.3877551020408163
2021-12-13T00:00:00.000,19:25,40.76219,-73.90195,0,0,0,0,4076,-7390,0.3055555555555556
2021-12-17T00:00:00.000,18:00,40.694042,-73.80131,1,0,1,1,4069,-7380,0.38461538461538464
2021-12-12T00:00:00.000,12:38,40.679375,-73.96408,0,0,0,0,4067,-7396,0.3466666666666667
2021-12-16T00:00:00.000,16:41,40.87746,-73.853745,1,0,1,1,4087,-7385,0.37681159420289856
2021-12-17T00:00:00.000,21:48,40.722008,-73.8018,0,0,0,0,4072,-7380,0.2727272727272727
2021-12-16T00:00:00.000,17:45,40.8882,-73.90761,0,0,0,0,4088,-7390,0.2702702702702703
2021-12-15T00:00:00.000,10:20,40.651043,-73.89266,1,0,1,1,4065,-7389,0.34965034965034963
2021-12-16T00:00:00.000,21:00,40.61617,-73.9546,2,0,1,1,4061,-7395,0.4461538461538462
2023-01-14T00:00:00.000,3:30,40.739635,-73.86074,0,0,0,0,4073,-7386,0.3464566929133858
2021-12-15T00:00:00.000,5:35,40.79373,-73.945786,0,0,0,0,4079,-7394,0.3523809523809524
2021-12-17T00:00:00.000,8:00,40.69439,-73.86174,0,0,0,0,4069,-7386,0.21052631578947367
2021-12-16T00:00:00.000,17:55,40.670116,-73.92248,1,0,1,1,4067,-7392,0.39655172413793105
2021-12-16T00:00:00.000,16:12,40.696625,-73.7849,0,0,0,0,4069,-7378,0.29310344827586204
2021-12-15T00:00:00.000,16:43,40.627453,-73.97807,0,0,0,0,4062,-7397,0.38666666666666666
2022-02-19T00:00:00.000,16:04,40.745438,-73.923,1,0,1,1,4074,-7392,0.3709677419354839
2023-01-14T00:00:00.000,22:40,40.82839,-73.89385,0,0,0,0,4082,-7389,0.37423312883435583
2023-01-12T00:00:00.000,17:19,40.683407,-73.88073,1,0,1,1,4068,-7388,0.36538461538461536
2023-01-13T00:00:00.000,12:38,40.72042,-73.939705,0,0,0,0,4072,-7393,0.36507936507936506
2023-01-14T00:00:00.000,3:20,40.702614,-73.96058,0,0,0,0,4070,-7396,0.3431372549019608
2023-01-14T00:00:00.000,22:14,40.696217,-73.7436,2,0,1,1,4069,-7374,0.46774193548387094
2023-01-14T00:00:00.000,10:00,40.684513,-73.99803,0,0,0,0,4068,-7399,0.17857142857142858
2023-01-14T00:00:00.000,3:30,40.748516,-73.867035,1,0,1,1,4074,-7386,0.3813559322033898
2022-12-31T00:00:00.000,23:05,40.73771,-73.974266,1,0,1,1,4073,-7397,0.32558139534883723
2023-01-14T00:00:00.000,3:54,40.678154,-73.94416,0,0,0,0,4067,-7394,0.34074074074074073
2023-01-13T00:00:00.000,6:10,40.85223,-73.87141,1,0,1,1,4085,-7387,0.375
2023-01-06T00:00:00.000,17:51,40.838745,-73.864716,0,0,0,0,4083,-7386,0.24822695035460993
2023-01-14T00:00:00.000,14:26,40.714622,-73.90117,1,0,1,1,4071,-7390,0.4
2023-01-11T00:00:00.000,19:20,40.698154,-73.86969,1,0,1,1,4069,-7386,0.21052631578947367
2023-01-13T00:00:00.000,14:59,40.82201,-73.85827,1,0,1,1,4082,-7385,0.27
2023-01-14T00:00:00.000,8:40,40.87544,-73.836685,1,0,1,1,4087,-7383,0.3333333333333333
2023-01-14T00:00:00.000,15:18,40.86885,-73.86342,0,0,0,0,4086,-7386,0.4642857142857143
2023-01-13T00:00:00.000,4:37,40.672855,-73.87131,1,0,1,1,4067,-7387,0.30344827586206896
2023-01-14T00:00:00.000,23:00,40.641884,-74.0065,0,0,0,0,4064,-7400,0.36764705882352944
2023-01-14T00:00:00.000,21:45,40.665688,-73.939766,1,0,1,1,4066,-7393,0.38578680203045684
2023-01-14T00:00:00.000,13:38,40.65605,-73.92361,1,0,1,1,4065,-7392,0.35555555555555557
2023-01-14T00:00:00.000,2:35,40.761436,-73.76995,1,0,1,1,4076,-7376,0.21739130434782608
2022-01-11T00:00:00.000,6:35,40.78263,-73.9512,1,0,1,1,4078,-7395,0.42168674698795183
2023-01-14T00:00:00.000,17:30,40.701828,-73.74769,0,0,0,0,4070,-7374,0.3333333333333333
2023-01-14T00:00:00.000,12:25,40.77944,-73.95984,1,0,1,1,4077,-7395,0.3384615384615385
2022-01-14T00:00:00.000,5:35,40.651688,-73.88877,0,0,0,0,4065,-7388,0.41509433962264153
2023-01-14T00:00:00.000,10:20,40.714836,-73.952934,0,0,0,0,4071,-7395,0.36585365853658536
2023-01-12T00:00:00.000,14:45,40.7196,-73.94391,1,0,1,1,4071,-7394,0.3710691823899371
2023-01-14T00:00:00.000,23:18,40.663296,-73.88979,0,0,0,0,4066,-7388,0.37012987012987014
2023-01-14T00:00:00.000,18:00,40.7226,-73.86762,0,0,0,0,4072,-7386,0.42424242424242425
2023-01-14T00:00:00.000,16:10,40.72885,-73.99933,0,0,0,0,4072,-7399,0.3829787234042553
2023-01-13T00:00:00.000,11:30,40.7229,-73.98349,0,0,0,0,4072,-7398,0.4342105263157895
2023-01-05T00:00:00.000,6:15,40.716652,-73.8259,1,0,1,1,4071,-7382,0.379746835443038
2023-01-14T00:00:00.000,13:25,40.715443,-73.95185,1,0,1,1,4071,-7395,0.36585365853658536
2023-01-14T00:00:00.000,17:25,40.71154,-73.83624,0,0,0,0,4071,-7383,0.37349397590361444
2023-01-14T00:00:00.000,5:35,40.786358,-73.794685,0,0,0,0,4078,-7379,0.42105263157894735
2023-01-13T00:00:00.000,13:52,40.71399,-74.00441,0,0,0,0,4071,-7400,0.25517241379310346
2022-12-12T00:00:00.000,0:51,40.877636,-73.867424,1,0,1,1,4087,-7386,0.3142857142857143
2023-01-14T00:00:00.000,4:40,40.758812,-73.97589,0,0,0,0,4075,-7397,0.375886524822695
2023-01-06T00:00:00.000,17:58,40.66491,-73.75368,1,0,1,1,4066,-7375,0.3
2023-01-14T00:00:00.000,0:30,40.693867,-73.93629,0,0,0,0,4069,-7393,0.3141025641025641
2023-01-14T00:00:00.000,1:31,40.618816,-73.969475,1,0,1,1,4061,-7396,0.30666666666666664
2023-01-14T00:00:00.000,22:53,40.757435,-73.98964,0,0,0,0,4075,-7398,0.3170731707317073
2022-12-16T00:00:00.000,20:13,40.805016,-73.92109,1,0,1,1,4080,-7392,0.3141025641025641
2023-01-14T00:00:00.000,21:29,40.659832,-73.897606,0,0,0,0,4065,-7389,0.34965034965034963
2023-01-14T00:00:00.000,0:00,40.861275,-73.86366,0,0,0,0,4086,-7386,0.4642857142857143
2023-01-14T00:00:00.000,17:45,40.70003,-73.78873,1,0,1,1,4070,-7378,0.34523809523809523
2022-11-18T00:00:00.000,7:44,40.848736,-73.93234,0,0,0,0,4084,-7393,0.32786885245901637
2023-01-14T00:00:00.000,3:00,40.71886,-73.97492,0,0,0,0,4071,-7397,0.41509433962264153
2023-01-14T00:00:00.000,11:00,40.589066,-74.138626,0,0,0,0,4058,-7413,0.6363636363636364
2023-01-14T00:00:00.000,18:10,40.761047,-73.82709,0,0,0,0,4076,-7382,0.2987012987012987
2022-07-01T00:00:00.000,16:05,40.650387,-73.75712,0,0,0,0,4065,-7375,0.4166666666666667
2022-12-30T00:00:00.000,18:00,40.845985,-73.884476,2,0,1,1,4084,-7388,0.390625
2023-01-14T00:00:00.000,14:17,40.67021,-73.98546,0,0,0,0,4067,-7398,0.3655913978494624
2023-01-08T00:00:00.000,1:32,40.820255,-73.95949,0,0,0,0,4082,-7395,0.4117647058823529
2023-01-14T00:00:00.000,7:52,40.676872,-73.94985,0,0,0,0,4067,-7394,0.34074074074074073
2023-01-14T00:00:00.000,17:40,40.608826,-74.00983,0,0,0,0,4060,-7400,0.24074074074074073
2023-01-13T00:00:00.000,17:00,40.674297,-73.89353,0,0,0,0,4067,-7389,0.33852140077821014
2023-01-13T00:00:00.000,17:47,40.843903,-73.927284,1,0,1,1,4084,-7392,0.3181818181818182
2023-01-09T00:00:00.000,0:00,40.834423,-73.879265,1,0,1,1,4083,-7387,0.38414634146341464
2023-01-14T00:00:00.000,12:00,40.574394,-74.10581,0,0,0,0,4057,-7410,0.3877551020408163
2023-01-13T00:00:00.000,5:00,40.70221,-73.82695,0,0,0,0,4070,-7382,0.4166666666666667
2023-01-14T00:00:00.000,20:30,40.74501,-73.98235,0,0,0,0,4074,-7398,0.40131578947368424
2023-01-14T00:00:00.000,12:10,40.71717,-73.834946,1,0,1,1,4071,-7383,0.37349397590361444
2023-01-14T00:00:00.000,12:35,40.636024,-73.89506,0,0,0,0,4063,-7389,0.41818181818181815
2023-01-14T00:00:00.000,17:20,40.80543,-73.92087,0,0,0,0,4080,-7392,0.3141025641025641
2023-01-11T00:00:00.000,3:28,40.8655,-73.86339,1,0,1,1,4086,-7386,0.4642857142857143
2022-12-31T00:00:00.000,5:05,40.85206,-73.934784,0,0,0,0,4085,-7393,0.36585365853658536
2023-01-14T00:00:00.000,5:05,40.840496,-73.94599,0,0,0,0,4084,-7394,0.17543859649122806
2023-01-13T00:00:00.000,9:10,40.720673,-73.97824,0,0,0,0,4072,-7397,0.3283582089552239
2023-01-10T00:00:00.000,19:09,40.661003,-73.94776,1,0,1,1,4066,-7394,0.36792452830188677
2023-01-14T00:00:00.000,9:22,40.76975,-73.96061,1,0,1,1,4076,-7396,0.3023255813953488
2023-01-14T00:00:00.000,12:45,40.66764,-73.80331,1,0,1,1,4066,-7380,0.40789473684210525
2023-01-13T00:00:00.000,20:55,40.66879,-73.88839,0,0,0,0,4066,-7388,0.37012987012987014
2023-01-09T00:00:00.000,13:45,40.676952,-73.888596,0,0,0,0,4067,-7388,0.30434782608695654
2023-01-14T00:00:00.000,3:19,40.730537,-73.95065,1,0,1,1,4073,-7395,0.30434782608695654
2023-01-14T00:00:00.000,21:50,40.744225,-73.97459,0,0,0,0,4074,-7397,0.4810810810810811
2022-06-27T00:00:00.000,3:10,40.72792,-73.87322,0,0,0,0,4072,-7387,0.5714285714285714
2021-09-16T00:00:00.000,23:43,40.838947,-73.916435,0,0,0,0,4083,-7391,0.33714285714285713
2023-01-13T00:00:00.000,17:44,40.727566,-73.929276,1,0,1,1,4072,-7392,0.4
2023-01-12T00:00:00.000,6:35,40.711452,-73.91987,0,0,0,0,4071,-7391,0.1836734693877551
2023-01-14T00:00:00.000,12:06,40.737453,-73.87623,1,0,1,1,4073,-7387,0.3140495867768595
2023-12-15T00:00:00.000,9:30,40.619247,-74.00733,0,1,2,1,4061,-7400,0.3076923076923077
2023-01-14T00:00:00.000,20:23,40.76338,-73.97498,1,0,1,1,4076,-7397,0.37
2023-01-14T00:00:00.000,23:45,40.89111,-73.863045,1,0,1,1,4089,-7386,0.28205128205128205
2023-01-13T00:00:00.000,18:00,40.73862,-73.8508,1,0,1,1,4073,-7385,0.3619047619047619
2023-01-14T00:00:00.000,4:42,40.66397,-73.99777,0,0,0,0,4066,-7399,0.40540540540540543
2023-01-14T00:00:00.000,11:10,40.75548,-73.74173,0,0,0,0,4075,-7374,0.3333333333333333
2023-01-14T00:00:00.000,1:55,40.654316,-73.922165,0,0,0,0,4065,-7392,0.35555555555555557
2023-01-14T00:00:00.000,1:05,40.70139,-73.83153,1,0,1,1,4070,-7383,0.3541666666666667
2023-01-14T00:00:00.000,10:50,40.848,-73.831276,1,0,1,1,4084,-7383,0.4318181818181818
2023-01-12T00:00:00.000,10:30,40.60981,-73.92251,0,0,0,0,4060,-7392,0.3333333333333333
2023-01-10T00:00:00.000,10:00,40.72416,-73.973495,0,0,0,0,4072,-7397,0.3283582089552239
2023-01-14T00:00:00.000,5:10,40.677925,-73.866806,1,0,1,1,4067,-7386,0.3431372549019608
2023-01-14T00:00:00.000,21:03,40.63885,-73.99695,0,0,0,0,4063,-7399,0.47692307692307695
2023-01-14T00:00:00.000,16:18,40.661396,-73.87919,0,0,0,0,4066,-7387,0.38461538461538464
2023-01-01T00:00:00.000,8:45,40.84587,-73.89073,0,0,0,0,4084,-7389,0.33766233766233766
2023-01-14T00:00:00.000,23:20,40.75219,-73.99347,0,0,0,0,4075,-7399,0.2830188679245283
2023-01-14T00:00:00.000,20:11,40.87565,-73.845634,0,0,0,0,4087,-7384,0.47297297297297297
2023-01-14T00:00:00.000,19:49,40.858387,-73.90279,1,0,1,1,4085,-7390,0.42207792207792205
2022-03-26T00:00:00.000,15:25,40.692127,-73.83484,1,0,1,1,4069,-7383,0.35555555555555557
2022-03-27T00:00:00.000,22:03,40.709373,-73.81014,0,0,0,0,4070,-7381,0.3194444444444444
2022-03-27T00:00:00.000,22:33,40.894314,-73.86027,0,0,0,0,4089,-7386,0.28205128205128205
2022-03-27T00:00:00.000,8:05,40.62307,-74.149315,0,0,0,0,4062,-7414,0.20408163265306123
2022-03-25T00:00:00.000,7:00,0.0,0.0,0,0,0,0,0,0,0.40425531914893614
2022-03-27T00:00:00.000,15:00,40.689075,-73.774536,0,0,0,0,4068,-7377,0.3673469387755102
2022-03-27T00:00:00.000,0:00,40.746403,-73.97973,1,0,1,1,4074,-7397,0.4810810810810811
2022-03-27T00:00:00.000,14:42,40.768795,-73.958374,1,0,1,1,4076,-7395,0.3696969696969697
2022-03-27T00:00:00.000,20:30,40.662384,-73.93745,0,0,0,0,4066,-7393,0.38578680203045684
2022-03-27T00:00:00.000,1:50,40.713085,-73.94415,2,0,1,1,4071,-7394,0.3710691823899371
2022-03-27T00:00:00.000,5:11,40.655018,-73.92588,0,0,0,0,4065,-7392,0.35555555555555557
2022-03-27T00:00:00.000,0:15,40.67821,-73.97323,0,0,0,0,4067,-7397,0.2818181818181818
2022-03-27T00:00:00.000,22:58,40.845215,-73.82645,1,0,1,1,4084,-7382,0.4
2022-03-26T00:00:00.000,8:19,40.52143,-74.198235,0,0,0,0,4052,-7419,0.3333333333333333
2022-03-18T00:00:00.000,5:30,40.66255,-73.90893,1,0,1,1,4066,-7390,0.2777777777777778
2022-03-25T00:00:00.000,20:07,40.834114,-73.86327,0,0,0,0,4083,-7386,0.24822695035460993
2022-03-27T00:00:00.000,4:15,40.69439,-73.86174,0,0,0,0,4069,-7386,0.21052631578947367
2022-03-27T00:00:00.000,0:30,40.609505,-74.181885,0,0,0,0,4060,-7418,0.4
2022-03-27T00:00:00.000,5:00,40.80549,-73.937965,0,0,0,0,4080,-7393,0.36312849162011174
2022-03-27T00:00:00.000,0:12,40.862442,-73.89715,1,0,1,1,4086,-7389,0.40606060606060607
2022-03-27T00:00:00.000,12:00,40.824253,-73.91581,0,0,0,0,4082,-7391,0.3355263157894737
2022-03-20T00:00:00.000,0:40,40.68553,-73.95656,1,0,1,1,4068,-7395,0.38571428571428573
2022-03-27T00:00:00.000,16:00,40.69364,-73.83256,0,0,0,0,4069,-7383,0.35555555555555557
2022-03-27T00:00:00.000,12:30,40.599068,-73.996826,2,0,1,1,4059,-7399,0.3076923076923077
2022-03-23T00:00:00.000,19:55,40.70166,-73.961464,0,0,0,0,4070,-7396,0.3431372549019608
2022-03-27T00:00:00.000,13:20,40.677155,-73.88773,0,0,0,0,4067,-7388,0.30434782608695654
2022-03-27T00:00:00.000,11:20,40.603874,-73.99544,0,0,0,0,4060,-7399,0.31683168316831684
2022-03-27T00:00:00.000,22:36,40.632954,-73.90416,0,0,0,0,4063,-7390,0.3561643835616438
2022-03-27T00:00:00.000,4:35,40.75383,-73.81841,1,0,1,1,4075,-7381,0.35
2022-03-27T00:00:00.000,13:15,40.69893,-73.77037,0,0,0,0,4069,-7377,0.35135135135135137
2022-03-24T00:00:00.000,12:20,40.72101,-73.994,1,0,1,1,4072,-7399,0.3829787234042553
2022-03-27T00:00:00.000,12:40,40.75979,-73.98793,1,0,1,1,4075,-7398,0.3170731707317073
2022-03-27T00:00:00.000,19:46,40.66928,-73.78021,1,0,1,1,4066,-7378,0.34615384615384615
2022-03-26T00:00:00.000,17:50,40.840637,-73.86624,0,0,0,0,4084,-7386,0.375
2022-03-27T00:00:00.000,22:25,40.718792,-73.98902,1,0,1,1,4071,-7398,0.39568345323741005
2022-03-13T00:00:00.000,4:00,40.665726,-73.96425,0,0,0,0,4066,-7396,0.4074074074074074
2022-03-27T00:00:00.000,6:30,40.658703,-73.93013,0,0,0,0,4065,-7393,0.44366197183098594
2022-03-27T00:00:00.000,16:40,40.643356,-73.929504,0,0,0,0,4064,-7392,0.4077669902912621
2022-03-27T00:00:00.000,13:20,40.86429,-73.89323,0,0,0,0,4086,-7389,0.40606060606060607
2022-03-27T00:00:00.000,17:30,40.66968,-73.91075,0,0,0,0,4066,-7391,0.3630952380952381
2022-03-27T00:00:00.000,19:40,40.823772,-73.87245,0,0,0,0,4082,-7387,0.33544303797468356
2022-03-22T00:00:00.000,7:05,40.738415,-73.84899,0,0,0,0,4073,-7384,0.2682926829268293
2022-03-27T00:00:00.000,21:00,40.7061,-73.73385,1,0,1,1,4070,-7373,0.52
2022-03-24T00:00:00.000,7:30,40.63293,-74.11462,1,0,1,1,4063,-7411,0.20689655172413793
2022-03-27T00:00:00.000,15:12,40.711845,-73.859764,1,0,1,1,4071,-7385,0.4418604651162791
2022-03-15T00:00:00.000,7:10,40.795456,-73.96564,0,0,0,0,4079,-7396,0.25
2022-03-27T00:00:00.000,9:30,40.68888,-73.960014,0,0,0,0,4068,-7396,0.42567567567567566
2022-03-27T00:00:00.000,17:13,40.68936,-73.7848,1,0,1,1,4068,-7378,0.3384615384615385
2022-03-26T00:00:00.000,4:42,40.896393,-73.896805,0,0,0,0,4089,-7389,0.5555555555555556
2022-03-21T00:00:00.000,8:10,40.88754,-73.86501,0,0,0,0,4088,-7386,0.23809523809523808
2022-02-28T00:00:00.000,14:30,40.658703,-73.87673,0,0,0,0,4065,-7387,0.2857142857142857
2022-03-27T00:00:00.000,8:00,40.82552,-73.82619,0,0,0,0,4082,-7382,0.46153846153846156
2022-03-27T00:00:00.000,7:15,40.70807,-73.94333,1,0,1,1,4070,-7394,0.3956043956043956
2022-03-27T00:00:00.000,19:50,40.858562,-73.88544,0,0,0,0,4085,-7388,0.3
2022-03-26T00:00:00.000,4:27,40.66968,-73.91075,1,0,1,1,4066,-7391,0.3630952380952381
2022-03-27T00:00:00.000,21:25,40.76147,-73.818085,2,0,1,1,4076,-7381,0.4716981132075472
2022-03-21T00:00:00.000,13:30,40.749638,-73.99905,1,0,1,1,4074,-7399,0.3333333333333333
2022-03-27T00:00:00.000,23:44,40.637135,-74.11636,0,0,0,0,4063,-7411,0.20689655172413793
2022-03-27T00:00:00.000,1:50,40.69108,-73.98439,0,0,0,0,4069,-7398,0.3229166666666667
2022-03-27T00:00:00.000,19:20,40.762486,-73.96298,0,0,0,0,4076,-7396,0.3023255813953488
2022-03-27T00:00:00.000,10:25,40.687748,-73.96979,0,0,0,0,4068,-7396,0.42567567567567566
2022-03-27T00:00:00.000,13:50,40.694492,-73.80361,0,0,0,0,4069,-7380,0.38461538461538464
2022-03-27T00:00:00.000,1:15,40.757248,-73.864555,0,0,0,0,4075,-7386,0.33653846153846156
2022-03-23T00:00:00.000,3:07,40.683502,-73.91152,1,0,1,1,4068,-7391,0.344
2022-03-27T00:00:00.000,15:15,40.6678,-73.801414,0,0,0,0,4066,-7380,0.40789473684210525
2022-03-24T00:00:00.000,16:45,40.86446,-73.91895,0,0,0,0,4086,-7391,0.38016528925619836
2022-03-27T00:00:00.000,0:10,40.606613,-73.990906,1,0,1,1,4060,-7399,0.31683168316831684
2022-03-27T00:00:00.000,21:01,40.779865,-73.78053,0,0,0,0,4077,-7378,0.4444444444444444
2022-03-27T00:00:00.000,4:54,40.59502,-73.76852,0,0,0,0,4059,-7376,0.23809523809523808
2022-03-27T00:00:00.000,19:50,40.706852,-73.948204,0,0,0,0,4070,-7394,0.3956043956043956
2022-03-24T00:00:00.000,9:00,40.84519,-73.91339,0,0,0,0,4084,-7391,0.32558139534883723
2022-03-27T00:00:00.000,17:45,40.884758,-73.89954,2,0,1,1,4088,-7389,0.4626865671641791
2021-02-27T00:00:00.000,21:00,40.844753,-73.90539,1,0,1,1,4084,-7390,0.366120218579235
2022-03-27T00:00:00.000,4:50,40.74197,-73.84116,0,0,0,0,4074,-7384,0.42857142857142855
2022-03-27T00:00:00.000,4:10,40.6148,-74.12066,0,0,0,0,4061,-7412,0.25
2021-04-23T00:00:00.000,18:56,40.86187,-73.89178,0,0,0,0,4086,-7389,0.40606060606060607
2021-04-20T00:00:00.000,19:05,40.696342,-73.97644,1,0,1,1,4069,-7397,0.3253012048192771
2021-04-20T00:00:00.000,14:44,40.769615,-73.98978,0,0,0,0,4076,-7398,0.3081761006289308
2021-04-04T00:00:00.000,16:27,40.71883,-73.840256,1,0,1,1,4071,-7384,0.4
2022-03-27T00:00:00.000,2:03,40.81339,-73.95627,0,0,0,0,4081,-7395,0.3509933774834437
2021-04-25T00:00:00.000,14:50,40.759903,-73.76033,1,0,1,1,4075,-7376,0.4
2021-04-25T00:00:00.000,3:00,40.714592,-73.93877,0,0,0,0,4071,-7393,0.2711864406779661
2021-04-25T00:00:00.000,15:58,40.823666,-73.914116,1,0,1,1,4082,-7391,0.3355263157894737
2021-04-22T00:00:00.000,7:00,40.736885,-73.80765,0,0,0,0,4073,-7380,0.34285714285714286
2021-04-24T00:00:00.000,0:00,40.846527,-73.88098,0,0,0,0,4084,-7388,0.390625
2021-04-25T00:00:00.000,0:01,40.715954,-73.986725,0,0,0,0,4071,-7398,0.39568345323741005
2021-04-25T00:00:00.000,17:45,40.661484,-73.741974,0,0,0,0,4066,-7374,0.3698630136986301
2021-04-25T00:00:00.000,10:00,40.805637,-73.9344,1,0,1,1,4080,-7393,0.36312849162011174
2021-04-25T00:00:00.000,17:58,40.802914,-73.92029,5,0,1,1,4080,-7392,0.3141025641025641
2021-04-25T00:00:00.000,6:03,40.763573,-73.92189,1,0,1,1,4076,-7392,0.42105263157894735
2021-04-20T00:00:00.000,10:30,40.64609,-73.89691,0,0,0,0,4064,-7389,0.43478260869565216
2021-04-25T00:00:00.000,1:15,40.74901,-73.83465,2,0,1,1,4074,-7383,0.4067796610169492
2021-04-25T00:00:00.000,16:32,40.62994,-73.94646,0,0,0,0,4062,-7394,0.41379310344827586
2021-03-03T00:00:00.000,6:30,40.735596,-73.79224,0,0,0,0,4073,-7379,0.4
2022-03-27T00:00:00.000,8:30,40.786556,-73.946594,0,0,0,0,4078,-7394,0.33513513513513515
2021-04-25T00:00:00.000,3:10,40.629986,-73.97157,1,0,1,1,4062,-7397,0.38666666666666666
2021-04-25T00:00:00.000,16:55,40.667236,-73.770004,0,0,0,0,4066,-7377,0.37362637362637363
2021-04-25T00:00:00.000,17:48,40.85482,-73.9112,0,0,0,0,4085,-7391,0.373134328358209
2021-04-25T00:00:00.000,13:00,40.65478,-73.889984,0,0,0,0,4065,-7388,0.41509433962264153
2021-04-25T00:00:00.000,10:00,40.607685,-74.13892,0,0,0,0,4060,-7413,0.41935483870967744
2021-04-25T00:00:00.000,13:52,40.680252,-73.73716,0,0,0,0,4068,-7373,0.29411764705882354
2021-04-25T00:00:00.000,5:20,40.633152,-74.01639,0,0,0,0,4063,-7401,0.37777777777777777
2021-04-17T00:00:00.000,22:00,40.694546,-73.80212,0,0,0,0,4069,-7380,0.38461538461538464
2021-04-23T00:00:00.000,16:50,0.0,0.0,0,0,0,0,0,0,0.40425531914893614
2021-04-25T00:00:00.000,0:38,40.60115,-73.97839,0,0,0,0,4060,-7397,0.3469387755102041
2021-04-25T00:00:00.000,7:00,40.716114,-73.824905,0,0,0,0,4071,-7382,0.379746835443038
2021-04-25T00:00:00.000,3:30,40.634,-74.097275,0,0,0,0,4063,-7409,0.15384615384615385
2021-04-25T00:00:00.000,15:30,40.76831,-73.927246,0,0,0,0,4076,-7392,0.42105263157894735
2021-04-25T00:00:00.000,19:55,40.618633,-73.98009,1,0,1,1,4061,-7398,0.3698630136986301
2021-04-25T00:00:00.000,16:15,40.578938,-73.98522,1,0,1,1,4057,-7398,0.36904761904761907
2021-04-25T00:00:00.000,10:24,40.712692,-73.925735,0,0,0,0,4071,-7392,0.2777777777777778
2021-04-25T00:00:00.000,8:00,40.715504,-73.740974,0,0,0,0,4071,-7374,0.23404255319148937
2021-04-25T00:00:00.000,0:57,40.8354,-73.85525,1,0,1,1,4083,-7385,0.30158730158730157
2021-04-25T00:00:00.000,19:30,40.748035,-74.00502,0,0,0,0,4074,-7400,0.27710843373493976
2021-04-25T00:00:00.000,10:15,40.579803,-73.97184,0,0,0,0,4057,-7397,0.2619047619047619
2021-04-25T00:00:00.000,11:51,40.622093,-74.01808,0,0,0,0,4062,-7401,0.3829787234042553
2021-04-25T00:00:00.000,14:30,40.67403,-73.84063,0,0,0,0,4067,-7384,0.28888888888888886
2021-04-22T00:00:00.000,19:47,40.763428,-73.99271,1,0,1,1,4076,-7399,0.3275862068965517
2021-04-25T00:00:00.000,20:30,40.858044,-73.90527,0,0,0,0,4085,-7390,0.42207792207792205
2022-03-27T00:00:00.000,9:15,40.596443,-73.76474,0,0,0,0,4059,-7376,0.23809523809523808
2021-04-16T00:00:00.000,16:00,40.71263,-73.782486,0,0,0,0,4071,-7378,0.32653061224489793
2021-04-25T00:00:00.000,10:45,40.60148,-73.99306,0,0,0,0,4060,-7399,0.31683168316831684
2021-04-24T00:00:00.000,16:10,40.76129,-73.99053,1,0,1,1,4076,-7399,0.3275862068965517
2021-04-25T00:00:00.000,15:35,40.85734,-73.85139,0,0,0,0,4085,-7385,0.3125
2021-04-22T00:00:00.000,17:47,40.826427,-73.950455,1,0,1,1,4082,-7395,0.4117647058823529
2021-04-25T00:00:00.000,1:25,40.888596,-73.89068,0,0,0,0,4088,-7389,0.4626865671641791
2021-04-24T00:00:00.000,16:45,40.76086,-73.9241,0,0,0,0,4076,-7392,0.42105263157894735
2021-04-25T00:00:00.000,23:50,40.818184,-73.86125,0,0,0,0,4081,-7386,0.23333333333333334
2021-04-25T00:00:00.000,16:50,40.679478,-73.893936,0,0,0,0,4067,-7389,0.33852140077821014
2021-04-24T00:00:00.000,1:30,40.76229,-73.986115,0,0,0,0,4076,-7398,0.3081761006289308
2021-04-20T00:00:00.000,9:20,40.646664,-74.088936,0,0,0,0,4064,-7408,0.2894736842105263
2021-04-25T00:00:00.000,11:45,40.8755,-73.876495,0,0,0,0,4087,-7387,0.297029702970297
2021-04-22T00:00:00.000,20:54,40.634163,-74.00736,1,0,1,1,4063,-7400,0.3068181818181818
2021-04-25T00:00:00.000,0:00,40.647243,-73.96048,0,0,0,0,4064,-7396,0.4714285714285714
2021-04-25T00:00:00.000,1:41,40.635185,-73.92862,0,0,0,0,4063,-7392,0.4036697247706422
2021-04-25T00:00:00.000,15:05,40.672745,-73.92119,2,0,1,1,4067,-7392,0.39655172413793105
2021-04-21T00:00:00.000,14:58,40.576275,-73.98796,1,0,1,1,4057,-7398,0.36904761904761907
2021-04-21T00:00:00.000,8:20,40.765224,-73.9317,0,0,0,0,4076,-7393,0.44680851063829785
2021-04-24T00:00:00.000,22:45,40.69773,-73.81409,2,0,1,1,4069,-7381,0.3902439024390244
2022-03-27T00:00:00.000,8:00,40.694523,-73.85873,0,0,0,0,4069,-7385,0.34
2021-04-25T00:00:00.000,21:52,40.665794,-73.7464,0,0,0,0,4066,-7374,0.3698630136986301
2021-04-25T00:00:00.000,3:01,40.857758,-73.90095,0,0,0,0,4085,-7390,0.42207792207792205
2021-04-25T00:00:00.000,17:00,40.817017,-73.916214,0,0,0,0,4081,-7391,0.47244094488188976
2021-04-23T00:00:00.000,19:07,40.846657,-73.89619,1,0,1,1,4084,-7389,0.33766233766233766
2021-04-25T00:00:00.000,1:02,40.72696,-73.841385,0,0,0,0,4072,-7384,0.2711864406779661
2021-04-22T00:00:00.000,14:00,40.732082,-73.92033,0,0,0,0,4073,-7392,0.4444444444444444
2021-04-21T00:00:00.000,13:30,40.77592,-73.956116,0,0,0,0,4077,-7395,0.3384615384615385
2021-04-25T00:00:00.000,1:39,40.677746,-73.73096,0,1,2,1,4067,-7373,0.46835443037974683
2021-04-20T00:00:00.000,18:20,40.692142,-73.97067,0,0,0,0,4069,-7397,0.3253012048192771
2021-04-06T00:00:00.000,14:50,40.81969,-73.90161,1,0,1,1,4081,-7390,0.3888888888888889
2021-04-25T00:00:00.000,0:30,40.71699,-73.82402,0,0,0,0,4071,-7382,0.379746835443038
2021-04-21T00:00:00.000,18:30,40.649635,-73.9379,1,0,1,1,4064,-7393,0.3333333333333333
2021-04-25T00:00:00.000,2:15,40.86159,-73.91295,0,0,0,0,4086,-7391,0.38016528925619836
2021-04-25T00:00:00.000,17:30,40.69955,-73.747734,4,0,1,1,4069,-7374,0.46774193548387094
2021-04-12T00:00:00.000,22:56,40.690563,-73.94536,1,0,1,1,4069,-7394,0.417910447761194
2021-04-25T00:00:00.000,0:15,40.62958,-74.01212,1,0,1,1,4062,-7401,0.3829787234042553
2021-04-25T00:00:00.000,20:46,40.662674,-73.94562,2,0,1,1,4066,-7394,0.36792452830188677
2021-04-17T00:00:00.000,15:49,40.750294,-73.99485,0,0,0,0,4075,-7399,0.2830188679245283
2021-04-25T00:00:00.000,16:40,40.602684,-73.94232,2,0,1,1,4060,-7394,0.5217391304347826
2021-04-24T00:00:00.000,15:47,40.635258,-73.92745,1,0,1,1,4063,-7392,0.4036697247706422
2021-04-24T00:00:00.000,6:45,40.728516,-73.88428,1,0,1,1,4072,-7388,0.4
2021-04-25T00:00:00.000,6:52,40.68029,-73.80807,0,0,0,0,4068,-7380,0.3829787234042553
2021-04-25T00:00:00.000,0:15,40.61312,-73.9894,0,0,0,0,4061,-7398,0.3698630136986301
2021-04-25T00:00:00.000,12:05,40.75757,-73.77668,0,0,0,0,4075,-7377,0.24
2021-04-25T00:00:00.000,6:30,40.69985,-73.80974,0,0,0,0,4069,-7380,0.38461538461538464
2021-04-25T00:00:00.000,16:40,40.6338,-73.8897,5,0,1,1,4063,-7388,0.3835616438356164
2021-04-25T00:00:00.000,18:00,40.82472,-73.87147,0,0,0,0,4082,-7387,0.33544303797468356
2021-04-22T00:00:00.000,11:00,40.651325,-73.93906,1,0,1,1,4065,-7393,0.44366197183098594
2021-04-25T00:00:00.000,6:30,40.83472,-73.91121,0,0,0,0,4083,-7391,0.33714285714285713
2021-04-25T00:00:00.000,16:35,40.847897,-73.92499,0,0,0,0,4084,-7392,0.3181818181818182
2021-04-25T00:00:00.000,23:18,40.8307,-73.88519,2,0,1,1,4083,-7388,0.26717557251908397
2021-04-25T00:00:00.000,10:46,40.662125,-73.90106,0,0,0,0,4066,-7390,0.2777777777777778
2021-04-25T00:00:00.000,3:23,40.83772,-73.92763,0,0,0,0,4083,-7392,0.310126582278481
2022-03-25T00:00:00.000,12:30,40.66479,-73.91532,0,0,0,0,4066,-7391,0.3630952380952381
2021-04-25T00:00:00.000,10:36,40.698254,-73.90878,0,0,0,0,4069,-7390,0.29591836734693877
2021-04-25T00:00:00.000,20:25,40.654133,-74.01169,0,0,0,0,4065,-7401,0.43478260869565216
2021-04-25T00:00:00.000,3:15,40.716778,-73.95602,0,0,0,0,4071,-7395,0.36585365853658536
2022-03-27T00:00:00.000,4:10,40.746788,-73.871925,0,0,0,0,4074,-7387,0.25663716814159293
2021-04-15T00:00:00.000,10:10,40.694637,-73.949066,0,0,0,0,4069,-7394,0.417910447761194
2021-04-22T00:00:00.000,20:25,40.758553,-73.919334,1,0,1,1,4075,-7391,0.4777777777777778
2021-04-25T00:00:00.000,3:35,40.622234,-73.990685,2,0,1,1,4062,-7399,0.3835616438356164
2021-04-25T00:00:00.000,0:05,40.68417,-73.86565,0,0,0,0,4068,-7386,0.423728813559322
2021-04-25T00:00:00.000,2:10,40.74764,-73.986626,0,0,0,0,4074,-7398,0.40131578947368424
2021-04-25T00:00:00.000,21:30,40.79147,-73.97411,0,0,0,0,4079,-7397,0.24210526315789474
2021-04-25T00:00:00.000,15:12,40.62534,-73.955284,0,0,0,0,4062,-7395,0.4444444444444444
2021-04-25T00:00:00.000,8:55,40.660442,-73.95688,0,0,0,0,4066,-7395,0.44375
2021-04-25T00:00:00.000,11:30,40.75254,-73.85261,0,0,0,0,4075,-7385,0.3048780487804878
2021-04-25T00:00:00.000,20:36,40.74385,-73.85522,0,0,0,0,4074,-7385,0.35526315789473684
2021-04-14T00:00:00.000,19:18,40.72919,-73.98724,0,0,0,0,4072,-7398,0.4342105263157895
2021-04-24T00:00:00.000,19:37,40.6394,-74.08578,1,0,1,1,4063,-7408,0.2653061224489796
2021-04-25T00:00:00.000,18:37,40.66735,-73.76994,0,0,0,0,4066,-7376,0.30434782608695654
2021-04-22T00:00:00.000,23:50,40.761826,-73.90676,0,0,0,0,4076,-7390,0.3055555555555556
2021-04-25T00:00:00.000,15:30,40.758144,-73.989845,0,0,0,0,4075,-7398,0.3170731707317073
2021-04-25T00:00:00.000,1:54,40.737865,-74.00019,1,0,1,1,4073,-7400,0.2403846153846154
2021-04-21T00:00:00.000,14:20,40.720318,-73.96173,1,0,1,1,4072,-7396,0.3333333333333333
2021-04-25T00:00:00.000,23:40,40.583626,-73.98407,0,0,0,0,4058,-7398,0.4
2021-04-25T00:00:00.000,11:00,40.673107,-73.87291,0,0,0,0,4067,-7387,0.30344827586206896
2021-04-25T00:00:00.000,5:25,40.665257,-73.739555,0,0,0,0,4066,-7373,0.44339622641509435
2021-04-25T00:00:00.000,22:35,40.70871,-73.936516,2,0,1,1,4070,-7393,0.3300970873786408
2021-04-25T00:00:00.000,14:00,40.64124,-73.943726,1,0,1,1,4064,-7394,0.42342342342342343
2021-04-25T00:00:00.000,19:28,40.87716,-73.865776,0,0,0,0,4087,-7386,0.3142857142857143
2021-04-25T00:00:00.000,17:38,40.826466,-73.83013,3,0,1,1,4082,-7383,0.34210526315789475
2021-04-23T00:00:00.000,17:40,40.636047,-74.00742,0,0,0,0,4063,-7400,0.3068181818181818
2021-04-25T00:00:00.000,19:10,40.82773,-73.94952,3,0,1,1,4082,-7394,0.3812154696132597
2021-04-22T00:00:00.000,16:49,40.675236,-73.97106,1,0,1,1,4067,-7397,0.2818181818181818
2021-04-25T00:00:00.000,2:30,40.71718,-73.98311,0,0,0,0,4071,-7398,0.39568345323741005
2021-03-04T00:00:00.000,16:15,40.699436,-73.91229,0,0,0,0,4069,-7391,0.2709677419354839
2021-04-25T00:00:00.000,16:00,40.72121,-74.00037,0,0,0,0,4072,-7400,0.32926829268292684
2021-04-21T00:00:00.000,4:58,40.786808,-73.94524,2,0,1,1,4078,-7394,0.33513513513513515
2021-04-25T00:00:00.000,5:30,40.713497,-73.75714,0,0,0,0,4071,-7375,0.3269230769230769
2021-04-25T00:00:00.000,6:04,40.80208,-73.937,0,0,0,0,4080,-7393,0.36312849162011174
2021-04-25T00:00:00.000,8:55,40.752117,-73.97556,2,0,1,1,4075,-7397,0.375886524822695
2021-04-25T00:00:00.000,9:30,40.7528,-73.979294,1,0,1,1,4075,-7397,0.375886524822695
2021-04-25T00:00:00.000,16:39,40.66018,-73.91414,4,0,1,1,4066,-7391,0.3630952380952381
2021-04-12T00:00:00.000,8:08,40.69813,-73.89014,0,0,0,0,4069,-7389,0.3709677419354839
2021-04-25T00:00:00.000,6:00,40.696033,-73.98453,0,0,0,0,4069,-7398,0.3229166666666667
2021-04-25T00:00:00.000,3:30,40.688652,-73.84709,0,0,0,0,4068,-7384,0.3333333333333333
2021-04-16T00:00:00.000,18:00,40.68218,-73.94659,1,0,1,1,4068,-7394,0.4409448818897638
2021-04-25T00:00:00.000,17:08,40.762054,-73.74458,0,0,0,0,4076,-7374,0.46153846153846156
2021-04-25T00:00:00.000,21:55,40.66041,-73.93424,2,0,1,1,4066,-7393,0.38578680203045684
2021-04-25T00:00:00.000,6:10,40.679996,-73.787445,0,0,0,0,4067,-7378,0.2
2021-04-25T00:00:00.000,7:07,40.66996,-73.90889,0,0,0,0,4066,-7390,0.2777777777777778
2021-04-25T00:00:00.000,0:40,40.662807,-73.89646,0,0,0,0,4066,-7389,0.3103448275862069
2021-04-25T00:00:00.000,19:18,40.822678,-73.842575,0,0,0,0,4082,-7384,0.3835616438356164
2021-04-25T00:00:00.000,7:49,40.83829,-73.930016,1,0,1,1,4083,-7393,0.3333333333333333
2021-04-25T00:00:00.000,0:00,40.84857,-73.892075,0,0,0,0,4084,-7389,0.33766233766233766
2021-04-17T00:00:00.000,2:00,40.684,-73.95031,1,0,1,1,4068,-7395,0.38571428571428573
2021-04-25T00:00:00.000,16:10,40.776016,-73.98724,0,0,0,0,4077,-7398,0.38028169014084506
2021-04-25T00:00:00.000,12:30,40.7642,-73.9557,0,0,0,0,4076,-7395,0.3696969696969697
2021-04-25T00:00:00.000,22:10,40.6843,-73.94121,0,0,0,0,4068,-7394,0.4409448818897638
2021-04-25T00:00:00.000,0:00,40.83829,-73.930016,1,0,1,1,4083,-7393,0.3333333333333333
2021-04-25T00:00:00.000,14:50,40.63729,-74.115005,1,0,1,1,4063,-7411,0.20689655172413793
2021-04-25T00:00:00.000,3:18,40.895195,-73.88012,1,0,1,1,4089,-7388,0.5
2021-04-25T00:00:00.000,8:30,40.761143,-73.75549,0,0,0,0,4076,-7375,0.3409090909090909
2021-04-25T00:00:00.000,4:19,40.843994,-73.89752,3,0,1,1,4084,-7389,0.33766233766233766
2021-04-25T00:00:00.000,16:00,40.638542,-73.92604,3,0,1,1,4063,-7392,0.4036697247706422
2021-04-22T00:00:00.000,15:15,40.790466,-73.942566,0,0,0,0,4079,-7394,0.3523809523809524
2021-04-25T00:00:00.000,23:39,40.86268,-73.90905,1,0,1,1,4086,-7390,0.42748091603053434
2021-04-25T00:00:00.000,12:53,40.64439,-73.94987,5,0,1,1,4064,-7394,0.42342342342342343
2021-04-25T00:00:00.000,10:57,40.694572,-73.8225,0,0,0,0,4069,-7382,0.37209302325581395
2021-04-25T00:00:00.000,14:50,40.690296,-73.813156,0,0,0,0,4069,-7381,0.3902439024390244
2021-04-25T00:00:00.000,19:17,40.63932,-74.02356,1,0,1,1,4063,-7402,0.3877551020408163
2022-03-27T00:00:00.000,12:04,40.602535,-73.99321,0,0,0,0,4060,-7399,0.31683168316831684
2021-04-25T00:00:00.000,3:00,40.676975,-73.871346,0,0,0,0,4067,-7387,0.30344827586206896
2021-04-25T00:00:00.000,18:20,40.767544,-73.91202,0,0,0,0,4076,-7391,0.40476190476190477
2022-03-27T00:00:00.000,19:30,40.60426,-73.75286,1,0,1,1,4060,-7375,0.17117117117117117
2021-04-18T00:00:00.000,18:00,40.69657,-73.95844,0,0,0,0,4069,-7395,0.30952380952380953
2021-04-25T00:00:00.000,6:35,40.592636,-73.90362,0,0,0,0,4059,-7390,0.23404255319148937
2021-04-24T00:00:00.000,22:20,40.68605,-73.831726,1,0,1,1,4068,-7383,0.45454545454545453
2021-04-25T00:00:00.000,3:30,40.679337,-73.94405,0,0,0,0,4067,-7394,0.34074074074074073
2021-04-17T00:00:00.000,16:36,40.736652,-73.813354,0,0,0,0,4073,-7381,0.3181818181818182
2021-04-25T00:00:00.000,9:15,40.664448,-73.91524,0,0,0,0,4066,-7391,0.3630952380952381
2021-04-25T00:00:00.000,16:28,40.616043,-73.94484,1,0,1,1,4061,-7394,0.48484848484848486
2021-04-21T00:00:00.000,11:00,40.761204,-73.78807,0,0,0,0,4076,-7378,0.4
2021-04-15T00:00:00.000,13:30,40.68024,-73.946754,1,0,1,1,4068,-7394,0.4409448818897638
2021-04-25T00:00:00.000,18:09,40.8651,-73.92189,2,0,1,1,4086,-7392,0.359375
2021-04-25T00:00:00.000,20:13,40.831623,-73.95072,1,0,1,1,4083,-7395,0.4
2021-04-23T00:00:00.000,19:30,40.66978,-73.98921,0,0,0,0,4066,-7398,0.421875
2021-04-25T00:00:00.000,0:30,40.747242,-73.88766,0,0,0,0,4074,-7388,0.2978723404255319
2021-04-25T00:00:00.000,20:20,40.816833,-73.886734,1,0,1,1,4081,-7388,0.25471698113207547
2021-04-25T00:00:00.000,7:10,40.7607,-73.97564,1,0,1,1,4076,-7397,0.37
2021-04-24T00:00:00.000,2:30,40.758705,-73.93793,0,0,0,0,4075,-7393,0.43478260869565216
2021-04-25T00:00:00.000,1:03,40.8281,-73.92021,1,0,1,1,4082,-7392,0.3333333333333333
2021-04-25T00:00:00.000,11:40,40.839302,-73.936165,0,0,0,0,4083,-7393,0.3333333333333333
2021-04-19T00:00:00.000,9:52,40.61462,-73.928055,1,0,1,1,4061,-7392,0.2982456140350877
2021-04-25T00:00:00.000,1:40,40.70313,-73.816795,0,0,0,0,4070,-7381,0.3194444444444444
2021-04-25T00:00:00.000,8:00,40.691456,-73.9178,0,0,0,0,4069,-7391,0.2709677419354839
2021-04-25T00:00:00.000,18:25,40.7456,-73.868095,1,0,1,1,4074,-7386,0.3813559322033898
2021-04-25T00:00:00.000,11:40,40.70752,-73.95193,0,0,0,0,4070,-7395,0.3475177304964539
2021-04-22T00:00:00.000,11:00,40.68668,-73.95958,0,0,0,0,4068,-7395,0.38571428571428573
2021-04-19T00:00:00.000,15:30,40.758865,-73.938324,1,0,1,1,4075,-7393,0.43478260869565216
2021-04-24T00:00:00.000,19:10,40.695995,-73.96964,2,0,1,1,4069,-7396,0.325
2021-04-25T00:00:00.000,19:41,40.87539,-73.86022,1,0,1,1,4087,-7386,0.3142857142857143
2021-04-11T00:00:00.000,15:30,40.742706,-73.77754,0,0,0,0,4074,-7377,0.36363636363636365
2021-04-21T00:00:00.000,16:51,40.62154,-73.92424,2,0,1,1,4062,-7392,0.3611111111111111
2021-04-25T00:00:00.000,20:02,40.846252,-73.86552,1,0,1,1,4084,-7386,0.375
2021-04-25T00:00:00.000,9:20,40.8076,-73.93719,1,0,1,1,4080,-7393,0.36312849162011174
2021-04-25T00:00:00.000,6:29,40.75348,-73.980896,0,0,0,0,4075,-7398,0.3170731707317073
2021-04-25T00:00:00.000,23:25,40.79554,-73.9481,0,0,0,0,4079,-7394,0.3523809523809524
2021-04-24T00:00:00.000,14:00,40.606693,-74.07593,0,0,0,0,4060,-7407,0.25
2021-04-25T00:00:00.000,1:30,40.702362,-73.91291,1,0,1,1,4070,-7391,0.27450980392156865
2021-04-25T00:00:00.000,3:30,40.736004,-73.99362,0,0,0,0,4073,-7399,0.423728813559322
2021-04-25T00:00:00.000,0:44,40.581566,-74.07532,1,0,1,1,4058,-7407,0.75
2021-04-25T00:00:00.000,6:00,40.658546,-73.99634,0,0,0,0,4065,-7399,0.4117647058823529
2021-04-25T00:00:00.000,11:00,40.743454,-73.91484,0,0,0,0,4074,-7391,0.38333333333333336
2021-04-23T00:00:00.000,6:00,40.69578,-73.79314,0,0,0,0,4069,-7379,0.25925925925925924
2021-04-25T00:00:00.000,7:00,40.57699,-73.98153,1,0,1,1,4057,-7398,0.36904761904761907
2021-04-25T00:00:00.000,19:00,40.6884,-73.95118,0,0,0,0,4068,-7395,0.38571428571428573
2021-04-25T00:00:00.000,10:00,40.709827,-73.83983,0,0,0,0,4070,-7383,0.3541666666666667
2021-04-25T00:00:00.000,20:15,40.66484,-73.82229,2,0,1,1,4066,-7382,0.43103448275862066
2021-04-24T00:00:00.000,14:43,40.680035,-73.9055,2,0,1,1,4068,-7390,0.4421052631578947
2021-04-19T00:00:00.000,20:30,40.70453,-73.817245,3,0,1,1,4070,-7381,0.3194444444444444
2021-04-24T00:00:00.000,2:00,40.643257,-74.0015,0,0,0,0,4064,-7400,0.36764705882352944
2021-04-25T00:00:00.000,2:58,40.848118,-73.93089,1,0,1,1,4084,-7393,0.32786885245901637
2021-04-25T00:00:00.000,13:20,40.84241,-73.93536,0,0,0,0,4084,-7393,0.32786885245901637
2021-04-25T00:00:00.000,18:00,40.6952,-73.92844,0,0,0,0,4069,-7392,0.3584905660377358
2021-04-25T00:00:00.000,1:00,40.67381,-73.86491,0,0,0,0,4067,-7386,0.3431372549019608
2021-04-25T00:00:00.000,7:12,40.626568,-73.970924,0,0,0,0,4062,-7397,0.38666666666666666
2021-04-19T00:00:00.000,8:00,40.667236,-73.770004,1,0,1,1,4066,-7377,0.37362637362637363
2021-04-25T00:00:00.000,2:12,40.723625,-74.00479,1,0,1,1,4072,-7400,0.32926829268292684
2021-04-25T00:00:00.000,9:55,40.61839,-73.95668,0,0,0,0,4061,-7395,0.4461538461538462
2021-04-25T00:00:00.000,14:03,40.640762,-74.00767,1,0,1,1,4064,-7400,0.36764705882352944
2021-04-25T00:00:00.000,5:59,40.76077,-73.87209,0,0,0,0,4076,-7387,0.48214285714285715
2021-04-25T00:00:00.000,9:20,40.763344,-73.75791,1,0,1,1,4076,-7375,0.3409090909090909
2021-04-25T00:00:00.000,22:10,40.66658,-73.89253,0,0,0,0,4066,-7389,0.3103448275862069
2021-04-25T00:00:00.000,16:20,40.71497,-73.99451,0,0,0,0,4071,-7399,0.3263157894736842
2021-04-25T00:00:00.000,4:50,40.749157,-73.86943,0,0,0,0,4074,-7386,0.3813559322033898
2021-04-25T00:00:00.000,11:25,40.661472,-73.735245,0,0,0,0,4066,-7373,0.44339622641509435
2021-04-21T00:00:00.000,21:40,40.630283,-73.97816,0,0,0,0,4063,-7397,0.36893203883495146
2021-04-25T00:00:00.000,1:10,40.602478,-73.96636,2,0,1,1,4060,-7396,0.5714285714285714
2021-04-25T00:00:00.000,18:25,40.643204,-73.90929,2,0,1,1,4064,-7390,0.4017094017094017
2021-04-25T00:00:00.000,7:05,40.843903,-73.927284,0,0,0,0,4084,-7392,0.3181818181818182
2021-04-25T00:00:00.000,18:40,40.756718,-73.91422,2,0,1,1,4075,-7391,0.4777777777777778
2021-04-25T00:00:00.000,13:24,40.86463,-73.892136,0,0,0,0,4086,-7389,0.40606060606060607
2021-04-24T00:00:00.000,18:15,40.760925,-73.99454,0,0,0,0,4076,-7399,0.3275862068965517
2021-04-25T00:00:00.000,0:35,40.6481,-73.91474,1,0,1,1,4064,-7391,0.39805825242718446
2021-04-21T00:00:00.000,2:30,40.755756,-73.96479,0,0,0,0,4075,-7396,0.4788732394366197
2021-04-25T00:00:00.000,8:00,40.73949,-73.8369,0,0,0,0,4073,-7383,0.36363636363636365
2021-04-25T00:00:00.000,1:22,40.622463,-74.07254,1,0,1,1,4062,-7407,0.35714285714285715
2021-04-25T00:00:00.000,16:40,40.686283,-73.838936,3,0,1,1,4068,-7383,0.45454545454545453
2021-04-25T00:00:00.000,4:00,40.672062,-73.925255,0,0,0,0,4067,-7392,0.39655172413793105
2021-04-25T00:00:00.000,17:25,40.7322,-73.721306,0,0,0,0,4073,-7372,0.3333333333333333
2021-04-25T00:00:00.000,22:27,40.770256,-73.91586,0,0,0,0,4077,-7391,0.3157894736842105
2021-04-25T00:00:00.000,1:00,40.680016,-73.87743,3,0,1,1,4068,-7387,0.24719101123595505
2021-04-25T00:00:00.000,19:10,40.771347,-73.87097,0,0,0,0,4077,-7387,0.35714285714285715
2021-04-25T00:00:00.000,0:58,40.68834,-73.93015,1,0,1,1,4068,-7393,0.3619047619047619
2021-04-25T00:00:00.000,4:45,40.745617,-74.00322,0,0,0,0,4074,-7400,0.27710843373493976
2021-04-25T00:00:00.000,6:16,40.812126,-73.90419,1,0,1,1,4081,-7390,0.3888888888888889
2021-04-18T00:00:00.000,2:50,40.70291,-73.780876,0,0,0,0,4070,-7378,0.34523809523809523
2021-04-25T00:00:00.000,17:20,40.649788,-73.9622,1,0,1,1,4064,-7396,0.4714285714285714
2021-04-25T00:00:00.000,7:00,40.608006,-73.99473,0,0,0,0,4060,-7399,0.31683168316831684
2021-04-24T00:00:00.000,10:32,40.810234,-73.94153,0,0,0,0,4081,-7394,0.38
2021-04-23T00:00:00.000,15:30,40.86758,-73.91842,0,0,0,0,4086,-7391,0.38016528925619836
2021-04-25T00:00:00.000,19:10,40.760464,-73.826546,0,0,0,0,4076,-7382,0.2987012987012987
2021-04-22T00:00:00.000,19:00,40.77643,-73.90703,0,0,0,0,4077,-7390,0.3404255319148936
2021-04-25T00:00:00.000,10:00,40.841465,-73.831436,0,0,0,0,4084,-7383,0.4318181818181818
2021-04-25T00:00:00.000,22:58,40.668797,-73.93113,0,0,0,0,4066,-7393,0.38578680203045684
2021-04-23T00:00:00.000,16:45,40.670326,-73.79244,1,0,1,1,4067,-7379,0.4264705882352941
2021-04-25T00:00:00.000,10:50,40.894474,-73.85678,0,0,0,0,4089,-7385,0.3813559322033898
2021-04-25T00:00:00.000,4:15,40.663685,-73.88893,0,0,0,0,4066,-7388,0.37012987012987014
2021-04-24T00:00:00.000,3:05,40.82682,-73.94154,0,0,0,0,4082,-7394,0.3812154696132597
2021-04-25T00:00:00.000,11:00,40.55359,-74.16127,2,0,1,1,4055,-7416,0.5416666666666666
2021-04-25T00:00:00.000,7:47,40.64043,-73.95624,1,0,1,1,4064,-7395,0.4796747967479675
2021-04-25T00:00:00.000,16:45,40.731617,-73.85149,0,0,0,0,4073,-7385,0.3619047619047619
2021-04-25T00:00:00.000,12:15,40.675037,-73.930534,1,0,1,1,4067,-7393,0.3755868544600939
2021-04-25T00:00:00.000,21:16,40.60905,-73.9709,2,0,1,1,4060,-7397,0.3469387755102041
2021-04-25T00:00:00.000,4:45,40.68211,-73.79464,0,0,0,0,4068,-7379,0.35
2021-04-20T00:00:00.000,11:55,40.687668,-73.951035,0,0,0,0,4068,-7395,0.38571428571428573
2021-04-22T00:00:00.000,16:18,40.710827,-73.77066,1,0,1,1,4071,-7377,0.20967741935483872
2021-04-25T00:00:00.000,7:05,40.68366,-73.90788,0,0,0,0,4068,-7390,0.4421052631578947
2021-04-24T00:00:00.000,4:10,40.76155,-73.99408,1,0,1,1,4076,-7399,0.3275862068965517
2021-04-25T00:00:00.000,4:00,40.64404,-73.97453,0,0,0,0,4064,-7397,0.4095238095238095
2021-04-16T00:00:00.000,11:00,40.718525,-73.79954,0,0,0,0,4071,-7379,0.3888888888888889
2021-04-24T00:00:00.000,9:50,40.7079,-73.851105,1,0,1,1,4070,-7385,0.39436619718309857
2021-04-25T00:00:00.000,1:05,40.665443,-73.935555,0,0,0,0,4066,-7393,0.38578680203045684
2021-04-20T00:00:00.000,14:58,40.699757,-73.79359,5,0,1,1,4069,-7379,0.25925925925925924
2021-04-25T00:00:00.000,23:20,40.875393,-73.83862,0,0,0,0,4087,-7383,0.3333333333333333
2021-04-25T00:00:00.000,18:02,40.847897,-73.92499,2,0,1,1,4084,-7392,0.3181818181818182
2021-04-19T00:00:00.000,23:30,40.7056,-73.85822,0,0,0,0,4070,-7385,0.39436619718309857
2021-04-25T00:00:00.000,23:07,40.59657,-73.90794,0,0,0,0,4059,-7390,0.23404255319148937
2021-04-25T00:00:00.000,20:20,40.731464,-74.00314,0,0,0,0,4073,-7400,0.2403846153846154
2021-04-12T00:00:00.000,10:25,40.692062,-73.95191,1,0,1,1,4069,-7395,0.30952380952380953
2021-04-21T00:00:00.000,8:05,40.87182,-73.861374,2,0,1,1,4087,-7386,0.3142857142857143
2021-04-25T00:00:00.000,13:30,40.872143,-73.818695,2,0,1,1,4087,-7381,0.5
2021-04-25T00:00:00.000,14:00,40.63532,-74.02324,1,0,1,1,4063,-7402,0.3877551020408163
2021-04-25T00:00:00.000,7:15,40.72823,-73.83313,0,0,0,0,4072,-7383,0.4909090909090909
2021-04-25T00:00:00.000,20:01,40.825428,-73.86615,0,0,0,0,4082,-7386,0.3493975903614458
2021-04-25T00:00:00.000,3:15,40.69553,-73.94343,0,0,0,0,4069,-7394,0.417910447761194
2021-04-25T00:00:00.000,6:45,40.651863,-73.86536,0,0,0,0,4065,-7386,0.36619718309859156
2021-04-25T00:00:00.000,1:40,40.675873,-73.87784,1,0,1,1,4067,-7387,0.30344827586206896
2021-04-17T00:00:00.000,0:00,40.69897,-73.95702,2,0,1,1,4069,-7395,0.30952380952380953
2021-04-25T00:00:00.000,23:25,40.6656,-73.74648,0,0,0,0,4066,-7374,0.3698630136986301
2021-04-25T00:00:00.000,17:00,40.7466,-73.879715,0,0,0,0,4074,-7387,0.25663716814159293
2021-04-23T00:00:00.000,17:26,40.645298,-74.10466,0,0,0,0,4064,-7410,0.5
2021-04-20T00:00:00.000,15:22,40.692135,-73.83485,1,0,1,1,4069,-7383,0.35555555555555557
2021-04-24T00:00:00.000,21:45,40.759205,-73.98464,0,0,0,0,4075,-7398,0.3170731707317073
2021-04-25T00:00:00.000,14:44,40.670586,-73.76509,0,0,0,0,4067,-7376,0.23076923076923078
2021-04-25T00:00:00.000,10:37,40.608063,-73.92057,0,0,0,0,4060,-7392,0.3333333333333333
2021-04-21T00:00:00.000,17:05,40.69614,-73.9734,0,0,0,0,4069,-7397,0.3253012048192771
2021-04-24T00:00:00.000,20:29,40.75232,-73.92882,0,0,0,0,4075,-7392,0.48148148148148145
2021-04-17T00:00:00.000,9:55,40.77652,-73.915924,1,0,1,1,4077,-7391,0.3157894736842105
2021-04-02T00:00:00.000,13:36,40.811977,-73.92373,1,0,1,1,4081,-7392,0.4714285714285714
2021-04-25T00:00:00.000,12:30,40.833508,-73.89118,0,0,0,0,4083,-7389,0.3333333333333333
2022-03-27T00:00:00.000,4:36,40.662014,-73.886826,0,0,0,0,4066,-7388,0.37012987012987014
2022-03-27T00:00:00.000,4:00,40.84825,-73.90975,0,0,0,0,4084,-7390,0.366120218579235
2022-03-23T00:00:00.000,11:10,40.80907,-73.94455,0,0,0,0,4080,-7394,0.41116751269035534
2022-03-16T00:00:00.000,8:53,40.881508,-73.85111,2,0,1,1,4088,-7385,0.36619718309859156
2022-03-26T00:00:00.000,0:40,40.706924,-73.79064,0,0,0,0,4070,-7379,0.3978494623655914
2022-03-27T00:00:00.000,14:00,40.69349,-73.97917,0,0,0,0,4069,-7397,0.3253012048192771
2022-03-27T00:00:00.000,0:04,40.585693,-73.95173,0,0,0,0,4058,-7395,0.3465346534653465
2022-03-27T00:00:00.000,5:33,40.784615,-73.953964,1,0,1,1,4078,-7395,0.42168674698795183
2022-03-27T00:00:00.000,3:45,40.524097,-74.2141,0,0,0,0,4052,-7421,0.4444444444444444
2022-03-27T00:00:00.000,14:00,40.717968,-73.979774,0,0,0,0,4071,-7397,0.41509433962264153
2022-03-27T00:00:00.000,6:53,40.841393,-73.936844,0,0,0,0,4084,-7393,0.32786885245901637
2022-03-27T00:00:00.000,16:03,40.678326,-73.97203,1,0,1,1,4067,-7397,0.2818181818181818
2022-03-27T00:00:00.000,7:00,40.77558,-73.84267,0,0,0,0,4077,-7384,0.125
2022-03-27T00:00:00.000,13:10,40.738197,-73.93774,2,0,1,1,4073,-7393,0.38461538461538464
2022-03-27T00:00:00.000,20:45,40.62945,-73.979866,1,0,1,1,4062,-7397,0.38666666666666666
2022-03-27T00:00:00.000,4:45,40.660004,-73.91887,0,0,0,0,4066,-7391,0.3630952380952381
2022-03-10T00:00:00.000,8:50,40.895466,-73.87713,0,0,0,0,4089,-7387,0.2
2022-03-27T00:00:00.000,21:19,40.82442,-73.83613,1,0,1,1,4082,-7383,0.34210526315789475
2022-03-26T00:00:00.000,13:00,40.671463,-73.8773,0,0,0,0,4067,-7387,0.30344827586206896
2022-03-27T00:00:00.000,11:37,40.670986,-73.984795,1,0,1,1,4067,-7398,0.3655913978494624
2022-02-28T00:00:00.000,20:25,40.673485,-73.97296,1,0,1,1,4067,-7397,0.2818181818181818
2022-03-26T00:00:00.000,12:17,40.883823,-73.89471,0,0,0,0,4088,-7389,0.4626865671641791
2022-03-27T00:00:00.000,0:17,40.85166,-73.904236,1,0,1,1,4085,-7390,0.42207792207792205
2022-03-27T00:00:00.000,6:00,40.63844,-74.000786,0,0,0,0,4063,-7400,0.3068181818181818
2022-03-27T00:00:00.000,1:13,40.663258,-73.94418,0,0,0,0,4066,-7394,0.36792452830188677
2022-03-27T00:00:00.000,20:30,40.69889,-73.91753,0,0,0,0,4069,-7391,0.2709677419354839
2022-03-27T00:00:00.000,13:00,40.69293,-73.84235,3,0,1,1,4069,-7384,0.26666666666666666
2022-03-27T00:00:00.000,20:21,40.63082,-73.88636,3,0,1,1,4063,-7388,0.3835616438356164
2022-03-27T00:00:00.000,20:20,40.696377,-73.757034,1,0,1,1,4069,-7375,0.3584905660377358
2022-03-27T00:00:00.000,15:27,40.7014,-73.91858,0,0,0,0,4070,-7391,0.27450980392156865
2022-03-27T00:00:00.000,22:10,40.671474,-73.93088,3,0,1,1,4067,-7393,0.3755868544600939
2022-03-27T00:00:00.000,14:15,40.612183,-74.18033,0,0,0,0,4061,-7418,0.0
2022-03-23T00:00:00.000,8:25,40.66326,-73.99512,0,0,0,0,4066,-7399,0.40540540540540543
2022-03-27T00:00:00.000,0:20,40.676243,-73.95269,0,0,0,0,4067,-7395,0.3695652173913043
2022-03-23T00:00:00.000,1:00,40.664116,-73.9093,0,0,0,0,4066,-7390,0.2777777777777778
2022-03-21T00:00:00.000,7:25,40.865795,-73.920006,1,0,1,1,4086,-7392,0.359375
2022-03-27T00:00:00.000,15:00,40.754093,-73.99209,1,0,1,1,4075,-7399,0.2830188679245283
2022-03-27T00:00:00.000,4:50,40.67637,-73.88323,0,0,0,0,4067,-7388,0.30434782608695654
2022-03-27T00:00:00.000,9:55,40.669456,-73.86284,0,0,0,0,4066,-7386,0.35
2022-03-27T00:00:00.000,17:10,40.852528,-73.884346,0,0,0,0,4085,-7388,0.3
2022-03-25T00:00:00.000,19:30,40.521248,-74.204765,0,0,0,0,4052,-7420,0.0
2022-03-27T00:00:00.000,7:15,40.885426,-73.897446,0,0,0,0,4088,-7389,0.4626865671641791
2022-03-27T00:00:00.000,9:25,40.596313,-73.745316,0,0,0,0,4059,-7374,0.18181818181818182
2022-03-26T00:00:00.000,2:10,40.67619,-73.9081,1,0,1,1,4067,-7390,0.3282442748091603
2022-03-27T00:00:00.000,2:55,40.867012,-73.92312,0,0,0,0,4086,-7392,0.359375
2022-03-27T00:00:00.000,17:40,40.76593,-73.99088,1,0,1,1,4076,-7399,0.3275862068965517
2022-03-27T00:00:00.000,0:15,40.70768,-73.74512,5,0,1,1,4070,-7374,0.3333333333333333
2022-03-27T00:00:00.000,22:40,40.616238,-73.96357,1,0,1,1,4061,-7396,0.30666666666666664
2022-03-27T00:00:00.000,4:24,40.779747,-73.915825,2,0,1,1,4077,-7391,0.3157894736842105
2022-03-23T00:00:00.000,8:00,40.75507,-73.89002,0,0,0,0,4075,-7389,0.4805194805194805
2022-03-27T00:00:00.000,6:15,40.74655,-73.88331,0,0,0,0,4074,-7388,0.2978723404255319
2022-03-27T00:00:00.000,15:29,40.71521,-73.98427,0,0,0,0,4071,-7398,0.39568345323741005
2022-03-23T00:00:00.000,15:05,40.74005,-73.86622,0,0,0,0,4074,-7386,0.3813559322033898
2022-03-25T00:00:00.000,15:10,40.850475,-73.915436,1,0,1,1,4085,-7391,0.373134328358209
2022-03-27T00:00:00.000,12:00,40.757755,-73.79304,0,0,0,0,4075,-7379,0.38461538461538464
2022-03-27T00:00:00.000,12:34,40.81779,-73.93597,0,0,0,0,4081,-7393,0.32432432432432434
2022-03-26T00:00:00.000,23:20,40.658916,-73.9119,2,0,1,1,4065,-7391,0.425
2022-03-24T00:00:00.000,11:14,40.84852,-73.935936,0,0,0,0,4084,-7393,0.32786885245901637
2022-03-27T00:00:00.000,11:35,40.61978,-74.10793,2,0,1,1,4061,-7410,0.6363636363636364
2022-03-27T00:00:00.000,4:46,40.763885,-73.84002,0,0,0,0,4076,-7384,0.0
2022-03-27T00:00:00.000,9:30,40.682507,-73.94375,1,0,1,1,4068,-7394,0.4409448818897638
2021-09-10T00:00:00.000,7:00,40.708225,-74.00077,0,0,0,0,4070,-7400,0.2542372881355932
2022-03-27T00:00:00.000,12:34,40.74152,-73.83,0,0,0,0,4074,-7383,0.4067796610169492
2022-03-27T00:00:00.000,22:00,40.79856,-73.93547,0,0,0,0,4079,-7393,0.36585365853658536
2022-03-27T00:00:00.000,15:30,40.679916,-73.867424,0,0,0,0,4067,-7386,0.3431372549019608
2022-03-23T00:00:00.000,18:30,40.677353,-73.94424,0,0,0,0,4067,-7394,0.34074074074074073
2022-03-27T00:00:00.000,15:00,40.62435,-74.13927,0,0,0,0,4062,-7413,0.4074074074074074
2022-03-27T00:00:00.000,15:00,40.69775,-73.81393,0,0,0,0,4069,-7381,0.3902439024390244
2022-03-20T00:00:00.000,13:28,40.823315,-73.94901,0,0,0,0,4082,-7394,0.3812154696132597
2022-03-27T00:00:00.000,4:50,40.59582,-73.77233,0,0,0,0,4059,-7377,0.2692307692307692
2022-03-27T00:00:00.000,9:20,40.876812,-73.90118,0,0,0,0,4087,-7390,0.3184713375796178
2022-03-25T00:00:00.000,15:30,40.666306,-73.905106,0,0,0,0,4066,-7390,0.2777777777777778
2022-03-27T00:00:00.000,23:43,40.682613,-73.80693,0,0,0,0,4068,-7380,0.3829787234042553
2022-03-22T00:00:00.000,5:07,40.67798,-73.872116,0,0,0,0,4067,-7387,0.30344827586206896
2022-03-27T00:00:00.000,16:40,40.677254,-73.81173,0,0,0,0,4067,-7381,0.4230769230769231
2022-03-27T00:00:00.000,1:25,40.75671,-73.986465,0,0,0,0,4075,-7398,0.3170731707317073
2022-03-26T00:00:00.000,22:02,40.586002,-73.97221,0,0,0,0,4058,-7397,0.2727272727272727
2022-03-27T00:00:00.000,15:35,40.745544,-73.92393,1,0,1,1,4074,-7392,0.3709677419354839
2022-03-27T00:00:00.000,16:30,40.58407,-73.92344,1,0,1,1,4058,-7392,0.375
2022-03-25T00:00:00.000,0:00,40.67619,-73.9081,0,0,0,0,4067,-7390,0.3282442748091603
2022-03-27T00:00:00.000,16:47,40.737907,-73.877174,0,0,0,0,4073,-7387,0.3140495867768595
2022-03-27T00:00:00.000,5:10,40.638844,-74.00144,0,0,0,0,4063,-7400,0.3068181818181818
2022-03-13T00:00:00.000,7:00,40.82325,-73.88277,1,0,1,1,4082,-7388,0.27624309392265195
2022-03-27T00:00:00.000,3:39,40.832558,-73.88538,0,0,0,0,4083,-7388,0.26717557251908397
2022-03-27T00:00:00.000,9:20,40.847412,-73.93331,0,0,0,0,4084,-7393,0.32786885245901637
2022-03-24T00:00:00.000,14:00,40.6752,-73.950005,0,0,0,0,4067,-7395,0.3695652173913043
2022-03-26T00:00:00.000,11:45,40.65008,-73.96101,0,0,0,0,4065,-7396,0.3939393939393939
2022-03-27T00:00:00.000,18:19,40.857418,-73.89996,0,0,0,0,4085,-7389,0.3353658536585366
2022-03-01T00:00:00.000,9:00,40.808243,-73.92785,0,0,0,0,4080,-7392,0.3141025641025641
2022-03-27T00:00:00.000,23:34,40.632,-73.97453,1,0,1,1,4063,-7397,0.36893203883495146
2022-03-27T00:00:00.000,23:00,40.70219,-73.928345,0,0,0,0,4070,-7392,0.24305555555555555
2022-03-26T00:00:00.000,1:03,40.67308,-73.91124,2,0,1,1,4067,-7391,0.36597938144329895
2021-12-16T00:00:00.000,18:00,40.711365,-73.97897,1,0,1,1,4071,-7397,0.41509433962264153
2021-12-16T00:00:00.000,15:00,40.670044,-73.818115,2,0,1,1,4067,-7381,0.4230769230769231
2021-12-18T00:00:00.000,19:00,40.60548,-73.999725,1,0,1,1,4060,-7399,0.31683168316831684
2021-12-18T00:00:00.000,14:50,40.69365,-73.98333,0,0,0,0,4069,-7398,0.3229166666666667
2021-12-18T00:00:00.000,14:30,40.73498,-73.81062,0,0,0,0,4073,-7381,0.3181818181818182
2021-12-13T00:00:00.000,14:30,40.845787,-73.829834,0,0,0,0,4084,-7382,0.4
2021-12-18T00:00:00.000,2:20,40.66475,-73.89405,0,0,0,0,4066,-7389,0.3103448275862069
2021-12-18T00:00:00.000,5:48,40.81543,-73.88679,0,0,0,0,4081,-7388,0.25471698113207547
2021-12-18T00:00:00.000,20:50,40.66496,-73.82226,0,0,0,0,4066,-7382,0.43103448275862066
2021-12-18T00:00:00.000,14:42,40.74668,-73.9745,0,0,0,0,4074,-7397,0.4810810810810811
2021-12-10T00:00:00.000,13:59,40.677334,-73.86763,2,0,1,1,4067,-7386,0.3431372549019608
2021-12-16T00:00:00.000,17:00,40.65474,-73.90693,1,0,1,1,4065,-7390,0.375
2021-12-18T00:00:00.000,0:05,40.84797,-73.924774,0,0,0,0,4084,-7392,0.3181818181818182
2021-12-18T00:00:00.000,15:40,40.69488,-73.94042,1,0,1,1,4069,-7394,0.417910447761194
2021-12-13T00:00:00.000,7:07,40.62236,-74.174355,0,0,0,0,4062,-7417,0.16666666666666666
2021-12-17T00:00:00.000,15:00,40.619225,-74.0897,0,0,0,0,4061,-7408,0.30612244897959184
2022-12-15T00:00:00.000,5:00,40.678288,-73.74688,0,0,0,0,4067,-7374,0.2619047619047619
2021-12-18T00:00:00.000,23:30,40.660404,-73.730965,2,0,1,1,4066,-7373,0.44339622641509435
2021-12-18T00:00:00.000,11:56,40.714787,-73.96202,0,0,0,0,4071,-7396,0.3218390804597701
2021-12-18T00:00:00.000,18:15,40.666573,-73.811775,0,0,0,0,4066,-7381,0.4716981132075472
2021-12-18T00:00:00.000,10:50,40.827244,-73.92406,1,0,1,1,4082,-7392,0.3333333333333333
2021-12-18T00:00:00.000,0:09,40.545395,-74.16575,0,0,0,0,4054,-7416,0.42857142857142855
2021-12-18T00:00:00.000,16:55,40.7599,-73.98043,1,0,1,1,4075,-7398,0.3170731707317073
2021-12-18T00:00:00.000,17:30,40.592407,-73.93361,1,0,1,1,4059,-7393,0.47058823529411764
2021-12-16T00:00:00.000,12:17,40.762913,-73.96981,2,0,1,1,4076,-7396,0.3023255813953488
2021-12-16T00:00:00.000,22:50,40.690926,-73.92066,1,0,1,1,4069,-7392,0.3584905660377358
2021-12-18T00:00:00.000,17:30,40.898506,-73.87938,0,0,0,0,4089,-7387,0.2
2021-12-18T00:00:00.000,15:55,40.76479,-73.98429,0,0,0,0,4076,-7398,0.3081761006289308
2021-12-12T00:00:00.000,22:11,40.6727,-73.93635,0,0,0,0,4067,-7393,0.3755868544600939
2021-12-18T00:00:00.000,20:57,40.697258,-73.80575,0,0,0,0,4069,-7380,0.38461538461538464
2021-12-18T00:00:00.000,11:57,40.60248,-74.12247,1,0,1,1,4060,-7412,0.2608695652173913
2021-12-18T00:00:00.000,6:00,40.828064,-73.91609,0,0,0,0,4082,-7391,0.3355263157894737
2021-12-14T00:00:00.000,0:10,40.750305,-74.00837,0,0,0,0,4075,-7400,0.3888888888888889
2021-12-18T00:00:00.000,17:05,40.708492,-73.93887,0,0,0,0,4070,-7393,0.3300970873786408
2021-12-18T00:00:00.000,1:25,40.71467,-73.98234,0,0,0,0,4071,-7398,0.39568345323741005
2021-12-18T00:00:00.000,7:14,40.589066,-74.138626,1,0,1,1,4058,-7413,0.6363636363636364
2021-12-18T00:00:00.000,3:50,40.71843,-74.000534,0,0,0,0,4071,-7400,0.25517241379310346
2021-12-17T00:00:00.000,8:50,0.0,0.0,0,0,0,0,0,0,0.40425531914893614
2021-12-18T00:00:00.000,21:35,40.769844,-73.96686,0,0,0,0,4076,-7396,0.3023255813953488
2021-12-18T00:00:00.000,14:13,40.65766,-73.89705,0,0,0,0,4065,-7389,0.34965034965034963
2021-12-17T00:00:00.000,10:30,40.703438,-73.901436,0,0,0,0,4070,-7390,0.37894736842105264
2021-12-18T00:00:00.000,13:55,40.785294,-73.969345,0,0,0,0,4078,-7396,0.28125
2021-04-26T00:00:00.000,4:28,40.772114,-73.93068,0,0,0,0,4077,-7393,0.20833333333333334
2021-12-15T00:00:00.000,9:30,40.811714,-73.92671,0,0,0,0,4081,-7392,0.4714285714285714
2021-12-18T00:00:00.000,15:53,40.649673,-73.91232,0,0,0,0,4064,-7391,0.39805825242718446
2021-12-18T00:00:00.000,4:00,40.879948,-73.82339,0,0,0,0,4087,-7382,0.3333333333333333
2021-12-18T00:00:00.000,11:50,40.690647,-73.90805,0,0,0,0,4069,-7390,0.29591836734693877
2021-12-18T00:00:00.000,23:58,40.680016,-73.87743,0,0,0,0,4068,-7387,0.24719101123595505
2021-12-18T00:00:00.000,22:55,40.804066,-73.93117,0,0,0,0,4080,-7393,0.36312849162011174
2021-12-18T00:00:00.000,19:00,40.687267,-73.81312,0,0,0,0,4068,-7381,0.4117647058823529
2021-12-17T00:00:00.000,7:37,40.692482,-73.9203,0,0,0,0,4069,-7392,0.3584905660377358
2021-12-17T00:00:00.000,12:30,40.670193,-73.878876,1,0,1,1,4067,-7387,0.30344827586206896
2021-12-18T00:00:00.000,6:05,40.80777,-73.94549,1,0,1,1,4080,-7394,0.41116751269035534
2021-12-18T00:00:00.000,17:55,40.841087,-73.937935,0,0,0,0,4084,-7393,0.32786885245901637
2021-12-17T00:00:00.000,18:45,40.740623,-73.78024,1,0,1,1,4074,-7378,0.43478260869565216
2021-12-18T00:00:00.000,18:30,40.76188,-73.72319,0,0,0,0,4076,-7372,0.3333333333333333
2021-12-18T00:00:00.000,8:30,40.683636,-73.97717,0,0,0,0,4068,-7397,0.3412322274881517
2021-12-18T00:00:00.000,16:57,40.688236,-73.76196,1,0,1,1,4068,-7376,0.35714285714285715
2021-12-17T00:00:00.000,23:12,40.843163,-73.82812,0,0,0,0,4084,-7382,0.4
2021-12-18T00:00:00.000,23:00,40.763885,-73.84002,0,0,0,0,4076,-7384,0.0
2021-12-17T00:00:00.000,17:20,40.666706,-73.871826,1,0,1,1,4066,-7387,0.38461538461538464
2021-12-17T00:00:00.000,18:31,40.703644,-73.80041,1,0,1,1,4070,-7380,0.3877551020408163
2021-12-18T00:00:00.000,0:30,40.67681,-73.91924,0,0,0,0,4067,-7391,0.36597938144329895
2021-12-18T00:00:00.000,2:30,40.72284,-73.99144,0,0,0,0,4072,-7399,0.3829787234042553
2021-12-18T00:00:00.000,16:15,40.892365,-73.859116,0,0,0,0,4089,-7385,0.3813559322033898
2021-12-18T00:00:00.000,2:24,40.714993,-73.90038,0,0,0,0,4071,-7390,0.4
2021-12-18T00:00:00.000,19:35,40.840034,-73.81581,0,0,0,0,4084,-7381,0.4
2021-12-18T00:00:00.000,4:30,40.737156,-73.87941,0,0,0,0,4073,-7387,0.3140495867768595
2021-12-14T00:00:00.000,12:25,40.856625,-73.8319,0,0,0,0,4085,-7383,0.25
2021-12-18T00:00:00.000,4:00,40.840286,-73.92147,1,0,1,1,4084,-7392,0.3181818181818182
2021-12-18T00:00:00.000,4:00,40.741085,-73.99978,0,0,0,0,4074,-7399,0.3333333333333333
2021-12-08T00:00:00.000,23:40,40.634342,-74.07522,0,0,0,0,4063,-7407,0.4444444444444444
2021-12-18T00:00:00.000,20:20,40.663776,-73.990944,1,0,1,1,4066,-7399,0.40540540540540543
2021-12-17T00:00:00.000,15:00,40.691933,-73.79829,0,0,0,0,4069,-7379,0.25925925925925924
2021-12-17T00:00:00.000,18:15,40.657555,-73.894196,1,0,1,1,4065,-7389,0.34965034965034963
2021-12-18T00:00:00.000,4:10,40.86713,-73.883835,0,0,0,0,4086,-7388,0.23943661971830985
2021-12-18T00:00:00.000,22:25,40.574593,-73.98764,0,0,0,0,4057,-7398,0.36904761904761907
2021-12-18T00:00:00.000,0:44,40.72803,-74.00216,1,0,1,1,4072,-7400,0.32926829268292684
2021-12-17T00:00:00.000,17:30,40.665474,-73.86752,4,0,1,1,4066,-7386,0.35
2021-12-18T00:00:00.000,10:30,40.74091,-73.83727,0,0,0,0,4074,-7383,0.4067796610169492
2021-12-18T00:00:00.000,3:00,40.69231,-73.88147,2,0,1,1,4069,-7388,0.4375
2021-12-17T00:00:00.000,17:58,40.84281,-73.84469,0,0,0,0,4084,-7384,0.4222222222222222
2021-12-18T00:00:00.000,14:13,40.698097,-73.9298,0,0,0,0,4069,-7392,0.3584905660377358
2021-12-18T00:00:00.000,23:04,40.835808,-73.949455,1,0,1,1,4083,-7394,0.38926174496644295
2021-12-18T00:00:00.000,17:00,40.63782,-73.98921,0,0,0,0,4063,-7398,0.4827586206896552
2021-12-18T00:00:00.000,17:25,40.884346,-73.88706,0,0,0,0,4088,-7388,0.42857142857142855
2021-12-15T00:00:00.000,18:00,40.552784,-74.2119,0,0,0,0,4055,-7421,0.16666666666666666
2021-11-20T00:00:00.000,14:00,40.68024,-73.946754,0,0,0,0,4068,-7394,0.4409448818897638
2021-12-18T00:00:00.000,15:18,40.75793,-73.979675,0,0,0,0,4075,-7397,0.375886524822695
2021-12-18T00:00:00.000,22:46,40.756317,-73.83369,1,0,1,1,4075,-7383,0.37681159420289856
2021-12-18T00:00:00.000,11:20,40.72106,-73.99821,0,0,0,0,4072,-7399,0.3829787234042553
2021-12-18T00:00:00.000,18:30,40.64385,-73.87576,0,0,0,0,4064,-7387,0.4918032786885246
2021-12-17T00:00:00.000,23:30,40.80897,-73.94833,1,0,1,1,4080,-7394,0.41116751269035534
2021-12-08T00:00:00.000,10:00,40.750153,-74.00415,0,0,0,0,4075,-7400,0.3888888888888889
2021-12-18T00:00:00.000,22:30,40.58396,-73.9253,0,0,0,0,4058,-7392,0.375
2021-12-18T00:00:00.000,16:25,40.70786,-73.84846,0,0,0,0,4070,-7384,0.43333333333333335
2021-12-18T00:00:00.000,17:25,40.827423,-73.86823,1,0,1,1,4082,-7386,0.3493975903614458
2021-12-18T00:00:00.000,1:15,40.67816,-73.897484,0,0,0,0,4067,-7389,0.33852140077821014
2021-12-14T00:00:00.000,10:45,40.67236,-74.01124,0,0,0,0,4067,-7401,0.32142857142857145
2021-12-18T00:00:00.000,4:00,40.74311,-73.86751,0,0,0,0,4074,-7386,0.3813559322033898
2021-12-18T00:00:00.000,15:19,40.710316,-73.75247,0,0,0,0,4071,-7375,0.3269230769230769
2021-12-18T00:00:00.000,15:40,40.678364,-73.77949,0,0,0,0,4067,-7377,0.32608695652173914
2021-12-18T00:00:00.000,9:45,40.734295,-73.97455,0,0,0,0,4073,-7397,0.32558139534883723
2021-12-18T00:00:00.000,13:40,40.830425,-73.82947,1,0,1,1,4083,-7382,0.44680851063829785
2021-12-18T00:00:00.000,22:00,40.681515,-73.90412,0,0,0,0,4068,-7390,0.4421052631578947
2021-12-18T00:00:00.000,3:30,40.68462,-73.8687,0,0,0,0,4068,-7386,0.423728813559322
2021-12-18T00:00:00.000,13:20,40.678097,-73.98559,0,0,0,0,4067,-7398,0.3655913978494624
2021-12-14T00:00:00.000,17:00,40.688087,-73.96683,0,0,0,0,4068,-7396,0.42567567567567566
2021-12-17T00:00:00.000,20:34,40.66047,-73.89205,1,0,1,1,4066,-7389,0.3103448275862069
2021-12-18T00:00:00.000,3:50,40.68428,-73.86647,0,0,0,0,4068,-7386,0.423728813559322
2021-12-18T00:00:00.000,9:21,40.85482,-73.9112,1,0,1,1,4085,-7391,0.373134328358209
2021-12-18T00:00:00.000,3:10,40.608433,-74.15544,0,0,0,0,4060,-7415,0.3076923076923077
2021-12-18T00:00:00.000,17:50,40.87673,-73.86444,0,0,0,0,4087,-7386,0.3142857142857143
2021-12-18T00:00:00.000,4:30,40.82358,-73.90675,0,0,0,0,4082,-7390,0.3025210084033613
2021-12-18T00:00:00.000,16:14,40.831177,-73.942085,0,0,0,0,4083,-7394,0.38926174496644295
2021-12-18T00:00:00.000,21:17,40.662174,-73.953705,2,0,1,1,4066,-7395,0.44375
2021-12-18T00:00:00.000,19:54,40.88504,-73.8271,1,0,1,1,4088,-7382,0.2765957446808511
2021-12-16T00:00:00.000,14:50,40.806065,-73.90905,0,0,0,0,4080,-7390,0.36538461538461536
2021-12-18T00:00:00.000,16:20,40.833786,-73.94037,1,0,1,1,4083,-7394,0.38926174496644295
2021-12-18T00:00:00.000,1:30,40.737156,-73.87941,0,0,0,0,4073,-7387,0.3140495867768595
2021-12-18T00:00:00.000,0:40,40.534813,-74.194115,0,0,0,0,4053,-7419,0.2857142857142857
2021-12-11T00:00:00.000,3:45,40.63777,-74.07602,1,0,1,1,4063,-7407,0.4444444444444444
2021-12-18T00:00:00.000,2:00,40.768642,-73.949036,4,0,1,1,4076,-7394,0.4583333333333333
2021-12-16T00:00:00.000,18:17,40.87306,-73.87864,1,0,1,1,4087,-7387,0.297029702970297
2021-12-18T00:00:00.000,4:00,40.842846,-73.881424,1,0,1,1,4084,-7388,0.390625
2021-12-18T00:00:00.000,12:00,40.62094,-74.01037,2,0,1,1,4062,-7401,0.3829787234042553
2021-12-18T00:00:00.000,16:04,40.711845,-73.859764,1,0,1,1,4071,-7385,0.4418604651162791
2021-12-18T00:00:00.000,13:57,40.700005,-73.7547,0,0,0,0,4070,-7375,0.4117647058823529
2021-12-16T00:00:00.000,16:35,40.824352,-73.82022,1,0,1,1,4082,-7382,0.46153846153846156
2021-12-18T00:00:00.000,6:30,40.596848,-74.06206,0,0,0,0,4059,-7406,0.29411764705882354
2021-12-18T00:00:00.000,15:24,40.764362,-73.96162,1,0,1,1,4076,-7396,0.3023255813953488
2021-12-17T00:00:00.000,0:20,40.60882,-73.9903,0,0,0,0,4060,-7399,0.31683168316831684
2021-12-18T00:00:00.000,22:49,40.82317,-73.93872,0,0,0,0,4082,-7393,0.36645962732919257
2021-12-15T00:00:00.000,9:39,40.643776,-74.008125,1,0,1,1,4064,-7400,0.36764705882352944
2021-12-18T00:00:00.000,13:25,40.655685,-73.899414,0,0,0,0,4065,-7389,0.34965034965034963
2021-12-18T00:00:00.000,7:00,40.714104,-73.95322,0,0,0,0,4071,-7395,0.36585365853658536
2021-12-18T00:00:00.000,23:05,40.849308,-73.88481,1,0,1,1,4084,-7388,0.390625
2021-12-17T00:00:00.000,13:23,40.605522,-73.76088,1,0,1,1,4060,-7376,0.19230769230769232
2021-12-18T00:00:00.000,11:00,40.659966,-73.94151,0,0,0,0,4065,-7394,0.43137254901960786
2021-12-18T00:00:00.000,17:41,40.603912,-74.11792,0,0,0,0,4060,-7411,0.35714285714285715
2021-12-14T00:00:00.000,12:15,40.700497,-73.90021,1,0,1,1,4070,-7390,0.37894736842105264
2021-12-13T00:00:00.000,22:00,40.709885,-73.75426,1,0,1,1,4070,-7375,0.4117647058823529
2021-12-18T00:00:00.000,16:58,40.737705,-73.88231,0,0,0,0,4073,-7388,0.2777777777777778
2021-12-18T00:00:00.000,13:20,40.794285,-73.95112,0,0,0,0,4079,-7395,0.42
2021-12-13T00:00:00.000,19:56,40.737682,-73.85206,0,0,0,0,4073,-7385,0.3619047619047619
2021-12-15T00:00:00.000,17:04,40.62403,-74.09433,0,0,0,0,4062,-7409,0.3333333333333333
2021-12-06T00:00:00.000,17:33,40.672752,-73.95432,1,0,1,1,4067,-7395,0.3695652173913043
2021-12-18T00:00:00.000,12:00,40.700054,-73.92459,0,0,0,0,4070,-7392,0.24305555555555555
2021-12-18T00:00:00.000,23:20,40.660233,-73.93712,0,0,0,0,4066,-7393,0.38578680203045684
2021-12-18T00:00:00.000,4:01,40.770756,-73.91727,0,0,0,0,4077,-7391,0.3157894736842105
2021-12-18T00:00:00.000,21:42,40.67734,-73.75067,1,0,1,1,4067,-7375,0.2608695652173913
2021-12-18T00:00:00.000,8:50,40.70276,-73.94546,1,0,1,1,4070,-7394,0.3956043956043956
2021-12-18T00:00:00.000,12:33,40.695324,-73.789276,1,0,1,1,4069,-7378,0.29310344827586204
2021-12-18T00:00:00.000,23:41,40.686428,-73.8687,1,0,1,1,4068,-7386,0.423728813559322
2021-12-18T00:00:00.000,20:30,40.626564,-73.94881,2,0,1,1,4062,-7394,0.41379310344827586
2021-12-18T00:00:00.000,10:09,40.662743,-73.921936,0,0,0,0,4066,-7392,0.355
2021-12-18T00:00:00.000,2:58,40.810173,-73.937416,1,0,1,1,4081,-7393,0.32432432432432434
2021-12-18T00:00:00.000,11:59,40.82998,-73.913994,0,0,0,0,4082,-7391,0.3355263157894737
2021-12-18T00:00:00.000,23:25,40.766434,-73.83767,0,0,0,0,4076,-7383,0.33695652173913043
2021-12-17T00:00:00.000,10:00,40.672447,-73.892136,0,0,0,0,4067,-7389,0.33852140077821014
2021-12-11T00:00:00.000,13:54,40.717014,-73.7994,1,0,1,1,4071,-7379,0.3888888888888889
2021-12-18T00:00:00.000,13:19,40.668644,-73.9852,1,0,1,1,4066,-7398,0.421875
2021-12-18T00:00:00.000,20:40,40.641205,-73.877205,0,0,0,0,4064,-7387,0.4918032786885246
2021-12-18T00:00:00.000,23:30,40.760155,-73.9988,1,0,1,1,4076,-7399,0.3275862068965517
2021-12-18T00:00:00.000,11:24,40.884857,-73.91587,1,0,1,1,4088,-7391,0.23076923076923078
2021-12-18T00:00:00.000,1:03,40.84528,-73.9265,0,0,0,0,4084,-7392,0.3181818181818182
2021-12-18T00:00:00.000,22:20,40.719204,-73.99037,0,0,0,0,4071,-7399,0.3263157894736842
2021-09-17T00:00:00.000,13:30,40.748177,-73.98474,0,0,0,0,4074,-7398,0.40131578947368424
2021-12-07T00:00:00.000,15:50,40.72106,-73.99821,0,0,0,0,4072,-7399,0.3829787234042553
2021-12-10T00:00:00.000,15:40,40.755997,-73.8634,1,0,1,1,4075,-7386,0.33653846153846156
2021-12-10T00:00:00.000,5:10,40.59907,-73.90498,0,0,0,0,4059,-7390,0.23404255319148937
2021-11-26T00:00:00.000,15:20,40.843822,-73.9275,0,0,0,0,4084,-7392,0.3181818181818182
2021-12-08T00:00:00.000,15:45,40.68093,-74.004944,0,0,0,0,4068,-7400,0.3333333333333333
2021-12-08T00:00:00.000,13:45,40.712357,-73.8263,0,0,0,0,4071,-7382,0.379746835443038
2021-12-09T00:00:00.000,8:30,40.651695,-73.9311,1,0,1,1,4065,-7393,0.44366197183098594
2021-12-08T00:00:00.000,14:55,40.6379,-74.14504,0,0,0,0,4063,-7414,0.5769230769230769
2021-12-06T00:00:00.000,12:00,40.856014,-73.8945,0,0,0,0,4085,-7389,0.3353658536585366
2021-12-09T00:00:00.000,6:14,40.743427,-73.775475,1,0,1,1,4074,-7377,0.36363636363636365
2021-12-10T00:00:00.000,4:34,40.73539,-73.97511,0,0,0,0,4073,-7397,0.32558139534883723
2021-12-10T00:00:00.000,17:40,40.61881,-74.021774,1,0,1,1,4061,-7402,0.4090909090909091
2021-12-08T00:00:00.000,8:30,40.738552,-73.98043,1,0,1,1,4073,-7398,0.36942675159235666
2021-12-10T00:00:00.000,7:11,40.84398,-73.92296,0,0,0,0,4084,-7392,0.3181818181818182
2021-12-09T00:00:00.000,16:23,40.865223,-73.83619,1,0,1,1,4086,-7383,0.3448275862068966
2021-12-06T00:00:00.000,14:00,40.68163,-73.97488,0,0,0,0,4068,-7397,0.3412322274881517
2021-12-05T00:00:00.000,3:15,40.768982,-73.91064,2,0,1,1,4076,-7391,0.40476190476190477
2021-12-10T00:00:00.000,1:16,40.822533,-73.88509,1,0,1,1,4082,-7388,0.27624309392265195
2021-12-08T00:00:00.000,17:00,40.609554,-73.96631,0,0,0,0,4060,-7396,0.5714285714285714
2021-12-10T00:00:00.000,5:40,40.809246,-73.93598,0,0,0,0,4080,-7393,0.36312849162011174
2021-12-10T00:00:00.000,4:36,40.76161,-73.99418,0,0,0,0,4076,-7399,0.3275862068965517
2021-12-03T00:00:00.000,13:30,40.783245,-73.94473,0,0,0,0,4078,-7394,0.33513513513513515
2021-12-10T00:00:00.000,8:14,40.76135,-73.796326,0,0,0,0,4076,-7379,0.2631578947368421
2021-12-09T00:00:00.000,16:50,40.547325,-74.18201,0,0,0,0,4054,-7418,0.1875
2021-12-08T00:00:00.000,17:00,40.728745,-73.86131,0,0,0,0,4072,-7386,0.42424242424242425
2021-12-08T00:00:00.000,12:30,40.607258,-74.00265,0,0,0,0,4060,-7400,0.24074074074074073
2021-12-17T00:00:00.000,13:20,40.743324,-73.984085,1,0,1,1,4074,-7398,0.40131578947368424
2021-12-15T00:00:00.000,15:24,40.678722,-73.952995,0,0,0,0,4067,-7395,0.3695652173913043
2021-12-17T00:00:00.000,21:12,40.63056,-74.1057,0,0,0,0,4063,-7410,0.4117647058823529
2021-12-18T00:00:00.000,20:03,40.743122,-73.835075,0,0,0,0,4074,-7383,0.4067796610169492
2021-12-18T00:00:00.000,18:20,40.685436,-73.79326,0,0,0,0,4068,-7379,0.35
2021-12-18T00:00:00.000,16:00,40.67175,-73.89685,0,0,0,0,4067,-7389,0.33852140077821014
2021-12-18T00:00:00.000,10:05,40.631363,-74.12629,2,0,1,1,4063,-7412,0.36363636363636365
2021-04-21T00:00:00.000,2:30,40.839832,-73.92392,0,0,0,0,4083,-7392,0.310126582278481
2021-04-22T00:00:00.000,10:56,40.738567,-73.90554,0,0,0,0,4073,-7390,0.42424242424242425
2021-04-25T00:00:00.000,15:16,40.682808,-73.851135,1,0,1,1,4068,-7385,0.43103448275862066
2021-04-26T00:00:00.000,18:10,40.57725,-74.10298,1,0,1,1,4057,-7410,0.3877551020408163
2021-04-26T00:00:00.000,17:00,40.764267,-73.722946,0,0,0,0,4076,-7372,0.3333333333333333
2021-04-24T00:00:00.000,19:11,40.57558,-73.969925,1,0,1,1,4057,-7396,0.3191489361702128
2021-04-22T00:00:00.000,20:00,40.633545,-73.92907,0,0,0,0,4063,-7392,0.4036697247706422
2021-04-19T00:00:00.000,14:00,40.78707,-73.94388,0,0,0,0,4078,-7394,0.33513513513513515
2021-04-26T00:00:00.000,3:11,40.838886,-73.921646,1,0,1,1,4083,-7392,0.310126582278481
2021-04-26T00:00:00.000,22:45,40.713303,-73.73586,0,0,0,0,4071,-7373,0.25
2021-04-26T00:00:00.000,8:15,40.80256,-73.943,0,0,0,0,4080,-7394,0.41116751269035534
2021-04-26T00:00:00.000,9:30,40.715553,-74.00615,0,0,0,0,4071,-7400,0.25517241379310346
2021-04-18T00:00:00.000,0:14,40.72842,-73.983574,0,0,0,0,4072,-7398,0.4342105263157895
2021-04-25T00:00:00.000,10:50,40.867676,-73.85571,2,0,1,1,4086,-7385,0.5
2021-04-26T00:00:00.000,14:03,40.74342,-73.99245,1,0,1,1,4074,-7399,0.3333333333333333
2021-04-26T00:00:00.000,0:14,40.763897,-73.95323,3,0,1,1,4076,-7395,0.3696969696969697
2021-04-26T00:00:00.000,7:20,40.859444,-73.915985,0,0,0,0,4085,-7391,0.373134328358209
2021-12-18T00:00:00.000,16:00,40.676937,-73.92183,0,0,0,0,4067,-7392,0.39655172413793105
2021-04-26T00:00:00.000,17:45,40.63712,-73.98996,0,0,0,0,4063,-7398,0.4827586206896552
2021-04-24T00:00:00.000,20:45,40.88845,-73.841965,0,0,0,0,4088,-7384,0.4153846153846154
2021-04-26T00:00:00.000,8:29,40.66847,-73.75052,0,0,0,0,4066,-7375,0.3
2021-04-26T00:00:00.000,21:37,40.767776,-73.903595,1,0,1,1,4076,-7390,0.3055555555555556
2021-04-26T00:00:00.000,13:00,40.612175,-74.07098,0,0,0,0,4061,-7407,0.2
2021-04-26T00:00:00.000,16:21,40.862755,-73.901085,1,0,1,1,4086,-7390,0.42748091603053434
2021-04-26T00:00:00.000,9:30,40.703426,-73.838326,0,0,0,0,4070,-7383,0.3541666666666667
2021-04-26T00:00:00.000,12:24,40.71266,-73.92193,0,0,0,0,4071,-7392,0.2777777777777778
2021-04-26T00:00:00.000,9:47,40.668495,-73.925606,4,0,1,1,4066,-7392,0.355
2021-04-26T00:00:00.000,2:53,40.589367,-73.98093,0,0,0,0,4058,-7398,0.4
2021-04-22T00:00:00.000,20:50,40.6763,-73.91927,0,0,0,0,4067,-7391,0.36597938144329895
2021-04-24T00:00:00.000,14:30,40.739777,-73.868965,0,0,0,0,4073,-7386,0.3464566929133858
2021-04-02T00:00:00.000,21:28,40.759388,-73.96756,1,0,1,1,4075,-7396,0.4788732394366197
2021-04-26T00:00:00.000,13:40,40.701077,-73.957085,0,0,0,0,4070,-7395,0.3475177304964539
2021-04-26T00:00:00.000,7:55,40.786697,-73.82506,0,0,0,0,4078,-7382,0.3
2021-04-23T00:00:00.000,0:15,40.594585,-73.90858,0,0,0,0,4059,-7390,0.23404255319148937
2021-04-26T00:00:00.000,14:15,40.82864,-73.85344,2,0,1,1,4082,-7385,0.27
2021-04-26T00:00:00.000,1:45,40.66728,-73.86797,0,0,0,0,4066,-7386,0.35
2021-04-26T00:00:00.000,12:00,40.70571,-73.81289,0,0,0,0,4070,-7381,0.3194444444444444
2021-04-26T00:00:00.000,16:00,40.82873,-73.914734,0,0,0,0,4082,-7391,0.3355263157894737
2021-04-26T00:00:00.000,17:12,40.886536,-73.89985,0,0,0,0,4088,-7389,0.4626865671641791
2021-04-22T00:00:00.000,13:25,40.720764,-73.99063,0,0,0,0,4072,-7399,0.3829787234042553
2021-04-26T00:00:00.000,15:12,40.832153,-73.82752,1,0,1,1,4083,-7382,0.44680851063829785
2021-04-26T00:00:00.000,14:28,40.6094,-73.967674,0,0,0,0,4060,-7396,0.5714285714285714
2021-04-26T00:00:00.000,9:25,40.848328,-73.91842,0,0,0,0,4084,-7391,0.32558139534883723
2021-04-26T00:00:00.000,14:30,40.625114,-73.96208,1,0,1,1,4062,-7396,0.375
2021-04-26T00:00:00.000,20:00,40.66496,-73.82226,2,0,1,1,4066,-7382,0.43103448275862066
2021-04-12T00:00:00.000,12:40,40.684624,-73.93838,0,0,0,0,4068,-7393,0.3619047619047619
2021-04-21T00:00:00.000,12:30,40.68109,-73.978096,0,0,0,0,4068,-7397,0.3412322274881517
2021-04-26T00:00:00.000,17:05,40.842655,-73.89052,0,0,0,0,4084,-7389,0.33766233766233766
2021-12-17T00:00:00.000,12:55,40.81969,-73.90161,1,0,1,1,4081,-7390,0.3888888888888889
2021-04-26T00:00:00.000,8:55,40.68174,-73.95859,0,0,0,0,4068,-7395,0.38571428571428573
2021-04-15T00:00:00.000,15:24,40.68792,-73.98025,1,0,1,1,4068,-7398,0.3873239436619718
2021-04-26T00:00:00.000,18:10,40.621853,-74.00083,1,0,1,1,4062,-7400,0.3150684931506849
2021-04-18T00:00:00.000,21:30,40.87352,-73.86579,0,0,0,0,4087,-7386,0.3142857142857143
2021-04-26T00:00:00.000,7:39,40.63517,-74.0151,1,0,1,1,4063,-7401,0.37777777777777777
2021-04-26T00:00:00.000,12:26,40.71997,-73.992905,1,0,1,1,4071,-7399,0.3263157894736842
2021-04-26T00:00:00.000,11:28,40.646378,-73.997345,0,0,0,0,4064,-7399,0.3442622950819672
2021-04-26T00:00:00.000,10:30,40.71347,-73.91567,0,0,0,0,4071,-7391,0.1836734693877551
2021-04-26T00:00:00.000,0:00,40.649467,-73.97176,0,0,0,0,4064,-7397,0.4095238095238095
2021-04-24T00:00:00.000,1:32,40.60731,-73.9197,1,0,1,1,4060,-7391,0.25
2021-04-26T00:00:00.000,0:30,40.78363,-73.94353,0,0,0,0,4078,-7394,0.33513513513513515
2021-04-26T00:00:00.000,21:05,40.832493,-73.94115,0,0,0,0,4083,-7394,0.38926174496644295
2021-04-26T00:00:00.000,8:09,40.644634,-73.943115,0,0,0,0,4064,-7394,0.42342342342342343
2021-04-25T00:00:00.000,20:56,40.700356,-73.912575,2,0,1,1,4070,-7391,0.27450980392156865
2021-04-26T00:00:00.000,17:30,40.73818,-73.93887,0,0,0,0,4073,-7393,0.38461538461538464
2021-04-26T00:00:00.000,7:22,40.821297,-73.88542,0,0,0,0,4082,-7388,0.27624309392265195
2021-04-26T00:00:00.000,19:13,40.878475,-73.851395,1,0,1,1,4087,-7385,0.37681159420289856
2021-04-26T00:00:00.000,17:19,40.734837,-73.99076,1,0,1,1,4073,-7399,0.423728813559322
2021-04-26T00:00:00.000,11:25,40.703373,-73.759186,1,0,1,1,4070,-7375,0.4117647058823529
2021-04-26T00:00:00.000,1:55,40.824562,-73.948105,1,0,1,1,4082,-7394,0.3812154696132597
2021-04-26T00:00:00.000,19:45,40.66725,-73.88799,1,0,1,1,4066,-7388,0.37012987012987014
2021-04-26T00:00:00.000,16:00,40.61562,-73.95959,0,0,0,0,4061,-7395,0.4461538461538462
2021-04-25T00:00:00.000,10:15,40.646786,-74.008575,0,0,0,0,4064,-7400,0.36764705882352944
2021-04-26T00:00:00.000,0:20,40.720844,-73.956635,1,0,1,1,4072,-7395,0.22093023255813954
2020-04-21T00:00:00.000,16:40,40.877796,-73.86806,0,0,0,0,4087,-7386,0.3142857142857143
2021-04-24T00:00:00.000,19:45,40.756527,-73.994026,1,0,1,1,4075,-7399,0.2830188679245283
2021-04-26T00:00:00.000,17:10,40.705936,-73.85734,1,0,1,1,4070,-7385,0.39436619718309857
2021-04-26T00:00:00.000,22:15,40.701237,-73.79465,0,0,0,0,4070,-7379,0.3978494623655914
2021-04-25T00:00:00.000,10:00,40.703342,-73.80021,1,0,1,1,4070,-7380,0.3877551020408163
2021-04-24T00:00:00.000,21:12,40.82902,-73.94485,1,0,1,1,4082,-7394,0.3812154696132597
2021-04-24T00:00:00.000,11:52,40.72732,-73.97912,0,0,0,0,4072,-7397,0.3283582089552239
2021-04-26T00:00:00.000,0:00,40.659714,-73.739815,1,0,1,1,4065,-7373,0.3
2021-04-20T00:00:00.000,20:03,40.63413,-73.928505,3,0,1,1,4063,-7392,0.4036697247706422
2021-04-26T00:00:00.000,8:30,40.698093,-73.73049,0,0,0,0,4069,-7373,0.36585365853658536
2021-04-26T00:00:00.000,20:04,40.61669,-73.949814,2,0,1,1,4061,-7394,0.48484848484848486
2021-04-19T00:00:00.000,9:45,40.88403,-73.86426,2,0,1,1,4088,-7386,0.23809523809523808
2021-04-26T00:00:00.000,20:25,40.658222,-73.95036,0,0,0,0,4065,-7395,0.38686131386861317
2021-04-26T00:00:00.000,15:50,40.672638,-73.758575,0,0,0,0,4067,-7375,0.2608695652173913
2021-12-18T00:00:00.000,18:20,40.708904,-73.95926,1,0,1,1,4070,-7395,0.3475177304964539
2021-04-26T00:00:00.000,16:33,40.73877,-73.80564,1,0,1,1,4073,-7380,0.34285714285714286
2021-04-24T00:00:00.000,17:40,40.81256,-73.88597,0,0,0,0,4081,-7388,0.25471698113207547
2021-04-23T00:00:00.000,20:40,40.758976,-73.99394,0,0,0,0,4075,-7399,0.2830188679245283
2021-04-26T00:00:00.000,16:05,40.630688,-73.92521,0,0,0,0,4063,-7392,0.4036697247706422
2021-04-26T00:00:00.000,9:10,40.684887,-74.00111,9,0,1,1,4068,-7400,0.3333333333333333
2021-04-26T00:00:00.000,12:30,40.73952,-73.986855,0,0,0,0,4073,-7398,0.36942675159235666
2021-04-26T00:00:00.000,13:30,40.817394,-73.893845,0,0,0,0,4081,-7389,0.31543624161073824
2021-04-24T00:00:00.000,12:07,40.70151,-73.90428,0,0,0,0,4070,-7390,0.37894736842105264
2021-04-26T00:00:00.000,15:00,40.761143,-73.75549,0,0,0,0,4076,-7375,0.3409090909090909
2021-04-26T00:00:00.000,16:46,40.722717,-73.89373,0,0,0,0,4072,-7389,0.41379310344827586
2021-04-26T00:00:00.000,17:30,40.602768,-73.75012,0,0,0,0,4060,-7375,0.17117117117117117
2021-04-26T00:00:00.000,7:40,40.715927,-73.80889,2,0,1,1,4071,-7380,0.42105263157894735
2021-04-26T00:00:00.000,12:15,40.76705,-73.88841,1,0,1,1,4076,-7388,0.43283582089552236
2021-04-26T00:00:00.000,17:40,40.839935,-73.86604,0,0,0,0,4083,-7386,0.24822695035460993
2021-04-26T00:00:00.000,12:55,40.719864,-73.94486,0,0,0,0,4071,-7394,0.3710691823899371
2021-04-23T00:00:00.000,15:00,40.856487,-73.872406,0,0,0,0,4085,-7387,0.375
2021-04-21T00:00:00.000,0:00,40.6319,-73.92929,0,0,0,0,4063,-7392,0.4036697247706422
2021-04-26T00:00:00.000,18:00,40.835873,-73.8699,0,0,0,0,4083,-7386,0.24822695035460993
2021-04-26T00:00:00.000,14:30,40.8606,-73.91102,0,0,0,0,4086,-7391,0.38016528925619836
2021-04-16T00:00:00.000,10:07,40.69297,-73.78024,0,0,0,0,4069,-7378,0.29310344827586204
2021-04-25T00:00:00.000,23:02,40.8047,-73.91243,4,0,1,1,4080,-7391,0.38961038961038963
2021-04-12T00:00:00.000,11:45,40.68064,-73.95338,0,0,0,0,4068,-7395,0.38571428571428573
2021-04-24T00:00:00.000,1:50,40.758022,-73.981804,0,0,0,0,4075,-7398,0.3170731707317073
2021-04-26T00:00:00.000,10:00,40.810764,-73.9526,0,0,0,0,4081,-7395,0.3509933774834437
2021-04-26T00:00:00.000,5:45,40.841984,-73.89201,0,0,0,0,4084,-7389,0.33766233766233766
2021-04-26T00:00:00.000,6:00,40.66255,-73.84045,0,0,0,0,4066,-7384,0.5925925925925926
2021-04-26T00:00:00.000,23:20,40.76663,-73.88903,2,0,1,1,4076,-7388,0.43283582089552236
2021-04-26T00:00:00.000,15:20,40.792854,-73.96753,0,0,0,0,4079,-7396,0.25
2021-04-26T00:00:00.000,16:45,40.758274,-73.93336,1,0,1,1,4075,-7393,0.43478260869565216
2021-04-26T00:00:00.000,16:30,40.611946,-74.1323,0,0,0,0,4061,-7413,0.23076923076923078
2021-04-04T00:00:00.000,0:10,40.844604,-73.90348,0,0,0,0,4084,-7390,0.366120218579235
2021-04-26T00:00:00.000,2:25,40.630905,-73.920425,1,0,1,1,4063,-7392,0.4036697247706422
2021-04-26T00:00:00.000,14:07,40.83657,-73.888245,1,0,1,1,4083,-7388,0.26717557251908397
2021-04-24T00:00:00.000,15:15,40.758587,-73.98509,1,0,1,1,4075,-7398,0.3170731707317073
2021-04-24T00:00:00.000,8:20,40.72163,-73.99353,0,0,0,0,4072,-7399,0.3829787234042553
2021-04-26T00:00:00.000,21:05,40.615185,-73.98367,0,0,0,0,4061,-7398,0.3698630136986301
2021-04-26T00:00:00.000,8:15,40.583534,-73.984184,0,0,0,0,4058,-7398,0.4
2021-04-26T00:00:00.000,17:30,40.594887,-73.93306,0,0,0,0,4059,-7393,0.47058823529411764
2021-04-26T00:00:00.000,16:17,40.63838,-73.89481,0,0,0,0,4063,-7389,0.41818181818181815
2021-04-26T00:00:00.000,1:00,40.832096,-73.860725,0,0,0,0,4083,-7386,0.24822695035460993
2021-04-26T00:00:00.000,18:30,40.846466,-73.87123,1,0,1,1,4084,-7387,0.48333333333333334
2021-04-26T00:00:00.000,9:30,40.691597,-73.98438,0,0,0,0,4069,-7398,0.3229166666666667
2021-04-26T00:00:00.000,23:40,40.6845,-73.88194,1,0,1,1,4068,-7388,0.36538461538461536
2021-04-26T00:00:00.000,6:30,40.727627,-73.844284,1,0,1,1,4072,-7384,0.2711864406779661
2021-04-26T00:00:00.000,16:48,40.835716,-73.89205,1,0,1,1,4083,-7389,0.3333333333333333
2021-04-26T00:00:00.000,14:50,40.636623,-74.08179,1,0,1,1,4063,-7408,0.2653061224489796
2021-04-26T00:00:00.000,9:12,40.83918,-73.94115,0,0,0,0,4083,-7394,0.38926174496644295
2021-04-26T00:00:00.000,22:30,40.707592,-73.95555,0,0,0,0,4070,-7395,0.3475177304964539
2021-04-21T00:00:00.000,15:40,40.742153,-73.998634,0,0,0,0,4074,-7399,0.3333333333333333
2021-04-26T00:00:00.000,1:20,40.87891,-73.87377,1,0,1,1,4087,-7387,0.297029702970297
2021-04-26T00:00:00.000,19:35,40.76046,-73.91339,0,0,0,0,4076,-7391,0.40476190476190477
2021-04-26T00:00:00.000,23:10,40.70024,-73.792854,0,0,0,0,4070,-7379,0.3978494623655914
2021-04-26T00:00:00.000,12:11,40.90128,-73.887764,2,0,1,1,4090,-7388,0.36363636363636365
2021-04-25T00:00:00.000,10:30,40.7775,-73.95085,0,0,0,0,4077,-7395,0.3384615384615385
2021-04-26T00:00:00.000,13:40,40.64034,-73.97215,0,0,0,0,4064,-7397,0.4095238095238095
2021-04-26T00:00:00.000,7:42,40.615433,-73.99775,0,0,0,0,4061,-7399,0.29411764705882354
2021-04-26T00:00:00.000,8:55,40.66549,-73.91063,1,0,1,1,4066,-7391,0.3630952380952381
2021-04-26T00:00:00.000,11:04,40.815845,-73.89544,0,0,0,0,4081,-7389,0.31543624161073824
2021-04-25T00:00:00.000,12:00,40.76518,-73.92928,0,0,0,0,4076,-7392,0.42105263157894735
2021-04-26T00:00:00.000,14:40,40.758915,-73.9997,0,0,0,0,4075,-7399,0.2830188679245283
2021-12-17T00:00:00.000,10:55,40.740532,-73.94451,0,0,0,0,4074,-7394,0.33962264150943394
2021-04-26T00:00:00.000,7:45,40.615463,-74.069466,0,0,0,0,4061,-7406,0.2
2021-04-26T00:00:00.000,21:39,40.873505,-73.8659,0,0,0,0,4087,-7386,0.3142857142857143
2021-04-26T00:00:00.000,15:35,40.698696,-73.93477,0,0,0,0,4069,-7393,0.3141025641025641
2021-04-26T00:00:00.000,13:36,40.62349,-74.000534,1,0,1,1,4062,-7400,0.3150684931506849
2021-04-26T00:00:00.000,20:30,40.705402,-73.911,0,0,0,0,4070,-7391,0.27450980392156865
2021-04-26T00:00:00.000,9:15,40.760944,-73.9163,0,0,0,0,4076,-7391,0.40476190476190477
2021-04-26T00:00:00.000,16:10,40.818146,-73.89929,1,0,1,1,4081,-7389,0.31543624161073824
2021-04-26T00:00:00.000,9:29,40.712635,-73.92188,0,0,0,0,4071,-7392,0.2777777777777778
2021-04-26T00:00:00.000,15:50,40.646275,-73.90771,0,0,0,0,4064,-7390,0.4017094017094017
2021-04-26T00:00:00.000,7:33,40.745033,-73.87001,0,0,0,0,4074,-7387,0.25663716814159293
2021-04-26T00:00:00.000,10:58,40.698544,-73.96236,1,0,1,1,4069,-7396,0.325
2021-04-26T00:00:00.000,23:10,40.69089,-73.94253,0,0,0,0,4069,-7394,0.417910447761194
2021-04-26T00:00:00.000,20:25,40.706245,-73.91014,0,0,0,0,4070,-7391,0.27450980392156865
2021-04-26T00:00:00.000,11:20,40.71469,-73.7511,1,0,1,1,4071,-7375,0.3269230769230769
2021-04-26T00:00:00.000,18:32,40.618244,-73.94528,0,0,0,0,4061,-7394,0.48484848484848486
2021-04-26T00:00:00.000,20:40,40.88893,-73.86579,0,0,0,0,4088,-7386,0.23809523809523808
2021-04-26T00:00:00.000,14:50,40.69635,-73.79667,0,0,0,0,4069,-7379,0.25925925925925924
2021-04-15T00:00:00.000,12:15,40.623676,-73.937996,0,0,0,0,4062,-7393,0.4444444444444444
2021-04-26T00:00:00.000,11:39,40.759567,-73.83015,1,0,1,1,4075,-7383,0.37681159420289856
2021-04-26T00:00:00.000,15:00,40.74879,-73.75658,0,0,0,0,4074,-7375,0.16666666666666666
2021-04-26T00:00:00.000,7:17,40.822613,-73.88706,0,0,0,0,4082,-7388,0.27624309392265195
2021-04-26T00:00:00.000,16:00,40.743336,-73.90804,1,0,1,1,4074,-7390,0.40625
2021-04-18T00:00:00.000,17:30,40.76167,-73.79241,0,0,0,0,4076,-7379,0.2631578947368421
2021-04-26T00:00:00.000,20:00,40.804012,-73.93097,0,0,0,0,4080,-7393,0.36312849162011174
2021-04-26T00:00:00.000,6:00,40.877068,-73.906105,0,0,0,0,4087,-7390,0.3184713375796178
2021-04-05T00:00:00.000,13:40,40.764374,-73.97518,0,0,0,0,4076,-7397,0.37
2021-04-24T00:00:00.000,1:17,40.844604,-73.90348,0,0,0,0,4084,-7390,0.366120218579235
2021-04-26T00:00:00.000,18:24,40.61173,-74.03369,0,0,0,0,4061,-7403,0.2777777777777778
2021-04-26T00:00:00.000,14:10,40.830906,-73.8736,4,0,1,1,4083,-7387,0.38414634146341464
2021-12-18T00:00:00.000,16:46,40.587685,-73.95523,0,0,0,0,4058,-7395,0.3465346534653465
2021-04-26T00:00:00.000,18:40,40.83394,-73.9087,1,0,1,1,4083,-7390,0.3064516129032258
2021-04-24T00:00:00.000,0:00,40.59423,-73.76,0,0,0,0,4059,-7376,0.23809523809523808
2021-04-26T00:00:00.000,14:30,40.65318,-74.00561,0,0,0,0,4065,-7400,0.41509433962264153
2021-04-14T00:00:00.000,16:36,40.72978,-73.98682,0,0,0,0,4072,-7398,0.4342105263157895
2021-04-26T00:00:00.000,0:00,40.611797,-73.98236,0,0,0,0,4061,-7398,0.3698630136986301
2021-04-26T00:00:00.000,5:30,40.65616,-73.76736,0,0,0,0,4065,-7376,0.35714285714285715
2021-04-19T00:00:00.000,22:15,40.558304,-74.164536,0,0,0,0,4055,-7416,0.5416666666666666
2021-04-26T00:00:00.000,12:32,40.822525,-73.86729,0,0,0,0,4082,-7386,0.3493975903614458
2021-04-26T00:00:00.000,15:36,40.879578,-73.875374,1,0,1,1,4087,-7387,0.297029702970297
2021-04-24T00:00:00.000,0:43,40.742653,-73.998055,0,0,0,0,4074,-7399,0.3333333333333333
2021-04-26T00:00:00.000,13:45,40.70884,-73.79564,0,0,0,0,4070,-7379,0.3978494623655914
2021-04-22T00:00:00.000,14:16,40.720497,-73.9959,1,0,1,1,4072,-7399,0.3829787234042553
2021-04-26T00:00:00.000,21:43,40.86946,-73.87987,1,0,1,1,4086,-7387,0.34545454545454546
2021-04-20T00:00:00.000,14:14,40.81738,-73.9257,0,0,0,0,4081,-7392,0.4714285714285714
2021-04-26T00:00:00.000,9:30,40.562576,-74.157196,0,0,0,0,4056,-7415,0.2857142857142857
2021-04-26T00:00:00.000,8:25,40.634377,-74.03866,0,0,0,0,4063,-7403,0.42424242424242425
2021-04-26T00:00:00.000,12:20,40.719864,-73.94486,0,0,0,0,4071,-7394,0.3710691823899371
2021-04-26T00:00:00.000,13:00,40.672928,-74.01069,1,0,1,1,4067,-7401,0.32142857142857145
2021-04-26T00:00:00.000,23:01,40.83443,-73.91035,1,0,1,1,4083,-7391,0.33714285714285713
2021-04-19T00:00:00.000,14:20,40.634274,-73.92838,1,0,1,1,4063,-7392,0.4036697247706422
2021-04-26T00:00:00.000,21:10,40.82267,-73.92007,0,0,0,0,4082,-7392,0.3333333333333333
2021-04-26T00:00:00.000,17:40,40.68049,-73.774704,0,0,0,0,4068,-7377,0.3673469387755102
2021-04-26T00:00:00.000,19:36,40.71523,-74.01334,0,0,0,0,4071,-7401,0.3181818181818182
2021-04-26T00:00:00.000,7:27,40.68384,-73.802574,2,0,1,1,4068,-7380,0.3829787234042553
2021-04-26T00:00:00.000,9:02,40.83354,-73.89631,0,0,0,0,4083,-7389,0.3333333333333333
2021-04-22T00:00:00.000,17:30,40.691624,-73.942665,0,0,0,0,4069,-7394,0.417910447761194
2021-04-26T00:00:00.000,15:40,40.83596,-73.94468,1,0,1,1,4083,-7394,0.38926174496644295
2021-04-24T00:00:00.000,5:46,40.69248,-73.800995,0,0,0,0,4069,-7380,0.38461538461538464
2021-04-26T00:00:00.000,8:30,40.850044,-73.88448,0,0,0,0,4085,-7388,0.3
2021-04-24T00:00:00.000,18:30,40.760056,-73.97884,0,0,0,0,4076,-7397,0.37
2021-04-26T00:00:00.000,0:50,40.809265,-73.90854,0,0,0,0,4080,-7390,0.36538461538461536
2021-04-21T00:00:00.000,21:02,40.888588,-73.849884,2,0,1,1,4088,-7384,0.4153846153846154
2021-04-20T00:00:00.000,18:18,40.836617,-73.87377,0,0,0,0,4083,-7387,0.38414634146341464
2021-04-26T00:00:00.000,14:21,40.74035,-73.788345,1,0,1,1,4074,-7378,0.43478260869565216
2021-04-26T00:00:00.000,5:40,40.63544,-73.97912,0,0,0,0,4063,-7397,0.36893203883495146
2021-04-26T00:00:00.000,9:40,40.699387,-73.9536,0,0,0,0,4069,-7395,0.30952380952380953
2021-04-26T00:00:00.000,10:28,40.63575,-73.990326,0,0,0,0,4063,-7399,0.47692307692307695
2021-04-25T00:00:00.000,10:40,40.626102,-73.917946,0,0,0,0,4062,-7391,0.3333333333333333
2021-04-26T00:00:00.000,15:30,40.711845,-73.859764,0,0,0,0,4071,-7385,0.4418604651162791
2021-04-26T00:00:00.000,16:08,40.823456,-73.92444,0,0,0,0,4082,-7392,0.3333333333333333
2021-04-26T00:00:00.000,17:20,40.61118,-74.105606,1,0,1,1,4061,-7410,0.6363636363636364
2021-04-26T00:00:00.000,5:35,40.67619,-73.9081,0,0,0,0,4067,-7390,0.3282442748091603
2021-04-26T00:00:00.000,0:00,40.709396,-73.79439,0,0,0,0,4070,-7379,0.3978494623655914
2021-04-26T00:00:00.000,22:30,40.714622,-73.829704,1,0,1,1,4071,-7382,0.379746835443038
2021-04-26T00:00:00.000,10:04,40.628784,-73.9509,0,0,0,0,4062,-7395,0.4444444444444444
2021-04-26T00:00:00.000,15:20,40.698772,-73.92233,1,0,1,1,4069,-7392,0.3584905660377358
2021-04-26T00:00:00.000,20:00,40.704742,-73.902504,1,0,1,1,4070,-7390,0.37894736842105264
2021-04-26T00:00:00.000,8:50,40.765976,-73.86284,0,0,0,0,4076,-7386,0.40298507462686567
2021-04-23T00:00:00.000,20:00,40.60959,-73.75585,0,0,0,0,4060,-7375,0.17117117117117117
2021-04-26T00:00:00.000,16:06,40.820984,-73.891624,1,0,1,1,4082,-7389,0.37423312883435583
2021-04-26T00:00:00.000,15:45,40.59938,-73.95141,0,0,0,0,4059,-7395,0.3181818181818182
2021-03-31T00:00:00.000,13:35,40.83228,-73.90963,1,0,1,1,4083,-7390,0.3064516129032258
2021-04-24T00:00:00.000,8:00,40.63945,-73.95129,0,0,0,0,4063,-7395,0.48484848484848486
2021-04-25T00:00:00.000,11:25,40.65806,-73.93497,2,0,1,1,4065,-7393,0.44366197183098594
2021-04-26T00:00:00.000,15:21,40.82012,-73.868484,0,0,0,0,4082,-7386,0.3493975903614458
2021-04-26T00:00:00.000,6:52,40.674625,-74.00772,0,0,0,0,4067,-7400,0.20967741935483872
2021-04-26T00:00:00.000,15:54,40.670586,-73.76509,0,0,0,0,4067,-7376,0.23076923076923078
2021-04-26T00:00:00.000,1:26,40.855755,-73.88544,2,0,1,1,4085,-7388,0.3
2021-04-26T00:00:00.000,12:15,40.72211,-73.9084,0,0,0,0,4072,-7390,0.2978723404255319
2021-04-25T00:00:00.000,22:35,40.818558,-73.92732,0,0,0,0,4081,-7392,0.4714285714285714
2021-04-26T00:00:00.000,7:53,40.80119,-73.93003,1,0,1,1,4080,-7393,0.36312849162011174
2021-04-26T00:00:00.000,17:40,40.83265,-73.90616,0,0,0,0,4083,-7390,0.3064516129032258
2021-04-26T00:00:00.000,10:00,40.60862,-73.9897,0,0,0,0,4060,-7398,0.2711864406779661
2021-04-26T00:00:00.000,22:32,40.845985,-73.884476,0,0,0,0,4084,-7388,0.390625
2021-04-26T00:00:00.000,8:10,40.745033,-73.87001,0,0,0,0,4074,-7387,0.25663716814159293
2021-04-26T00:00:00.000,17:45,40.749283,-73.756645,1,0,1,1,4074,-7375,0.16666666666666666
2021-04-26T00:00:00.000,0:10,40.625526,-74.0925,1,0,1,1,4062,-7409,0.3333333333333333
2021-04-25T00:00:00.000,15:00,40.659225,-73.95339,0,0,0,0,4065,-7395,0.38686131386861317
2021-04-26T00:00:00.000,13:45,40.559677,-74.14443,1,0,1,1,4055,-7414,0.4444444444444444
2021-04-26T00:00:00.000,4:04,40.73567,-73.924736,1,0,1,1,4073,-7392,0.4444444444444444
2021-04-24T00:00:00.000,11:40,40.63336,-73.92928,0,0,0,0,4063,-7392,0.4036697247706422
2021-04-22T00:00:00.000,15:00,40.859573,-73.86734,0,0,0,0,4085,-7386,0.33766233766233766
2021-04-26T00:00:00.000,20:30,40.740616,-73.868996,4,0,1,1,4074,-7386,0.3813559322033898
2021-04-26T00:00:00.000,22:30,40.66016,-73.75579,0,0,0,0,4066,-7375,0.3
2021-04-26T00:00:00.000,19:00,40.57655,-73.966385,1,0,1,1,4057,-7396,0.3191489361702128
2021-04-25T00:00:00.000,1:20,40.721756,-73.98752,1,0,1,1,4072,-7398,0.4342105263157895
2021-04-26T00:00:00.000,13:13,40.810173,-73.95117,0,0,0,0,4081,-7395,0.3509933774834437
2021-04-25T00:00:00.000,20:34,40.81928,-73.80832,1,0,1,1,4081,-7380,0.1111111111111111
2021-04-23T00:00:00.000,19:55,40.797306,-73.93446,1,0,1,1,4079,-7393,0.36585365853658536
2021-04-26T00:00:00.000,14:00,40.90021,-73.8865,2,0,1,1,4090,-7388,0.36363636363636365
2021-04-26T00:00:00.000,20:21,40.755463,-73.88155,0,0,0,0,4075,-7388,0.3402061855670103
2021-04-26T00:00:00.000,6:45,40.711227,-73.72826,3,0,1,1,4071,-7372,0.40425531914893614
2021-04-26T00:00:00.000,20:45,40.833652,-73.93083,0,0,0,0,4083,-7393,0.3333333333333333
2021-04-26T00:00:00.000,14:13,40.78547,-73.952126,0,0,0,0,4078,-7395,0.42168674698795183
2021-04-26T00:00:00.000,16:07,40.755234,-73.941246,2,0,1,1,4075,-7394,0.41333333333333333
2021-04-26T00:00:00.000,5:48,40.762676,-73.954346,1,0,1,1,4076,-7395,0.3696969696969697
2021-04-26T00:00:00.000,5:10,40.738117,-73.7973,0,0,0,0,4073,-7379,0.4
2021-04-22T00:00:00.000,12:30,40.604324,-73.89885,0,0,0,0,4060,-7389,0.625
2021-04-26T00:00:00.000,11:34,40.719597,-73.99164,0,0,0,0,4071,-7399,0.3263157894736842
2021-04-26T00:00:00.000,9:20,40.683037,-73.96478,1,0,1,1,4068,-7396,0.42567567567567566
2021-04-23T00:00:00.000,17:30,40.82499,-73.91662,2,0,1,1,4082,-7391,0.3355263157894737
2021-04-26T00:00:00.000,17:00,40.64802,-73.952194,0,0,0,0,4064,-7395,0.4796747967479675
2021-04-26T00:00:00.000,7:00,40.707882,-73.7687,0,0,0,0,4070,-7376,0.43902439024390244
2021-04-26T00:00:00.000,15:30,40.87647,-73.87058,1,0,1,1,4087,-7387,0.297029702970297
2021-04-26T00:00:00.000,1:08,40.63854,-74.107346,1,0,1,1,4063,-7410,0.4117647058823529
2021-04-26T00:00:00.000,16:40,40.643005,-74.00533,1,0,1,1,4064,-7400,0.36764705882352944
2021-04-26T00:00:00.000,23:40,40.60069,-74.010056,0,0,0,0,4060,-7401,0.30357142857142855
2021-04-26T00:00:00.000,0:20,40.695858,-73.81891,0,0,0,0,4069,-7381,0.3902439024390244
2022-02-02T00:00:00.000,9:25,40.67002,-73.78312,0,0,0,0,4067,-7378,0.2
2021-04-24T00:00:00.000,22:40,40.66552,-73.74467,0,0,0,0,4066,-7374,0.3698630136986301
2021-04-26T00:00:00.000,9:20,40.709183,-73.956825,0,0,0,0,4070,-7395,0.3475177304964539
2021-04-26T00:00:00.000,20:33,40.6109,-73.925224,0,0,0,0,4061,-7392,0.2982456140350877
2021-04-23T00:00:00.000,16:15,40.656483,-73.92408,1,0,1,1,4065,-7392,0.35555555555555557
2021-04-26T00:00:00.000,20:30,40.84543,-73.91399,0,0,0,0,4084,-7391,0.32558139534883723
2021-04-26T00:00:00.000,10:09,40.617252,-74.01918,0,0,0,0,4061,-7401,0.2972972972972973
2021-04-26T00:00:00.000,7:21,40.73093,-73.864586,0,0,0,0,4073,-7386,0.3464566929133858
2021-04-26T00:00:00.000,21:59,40.678722,-73.952995,0,0,0,0,4067,-7395,0.3695652173913043
2021-04-26T00:00:00.000,17:00,40.702785,-73.85705,0,0,0,0,4070,-7385,0.39436619718309857
2021-04-26T00:00:00.000,6:30,40.749493,-73.88333,0,0,0,0,4074,-7388,0.2978723404255319
2021-04-26T00:00:00.000,0:08,40.717426,-73.79225,1,0,1,1,4071,-7379,0.3888888888888889
2021-04-24T00:00:00.000,9:40,40.657063,-73.95093,0,0,0,0,4065,-7395,0.38686131386861317
2021-04-26T00:00:00.000,16:29,40.76471,-73.830696,0,0,0,0,4076,-7383,0.33695652173913043
2021-04-13T00:00:00.000,21:00,40.7591,-73.99215,1,0,1,1,4075,-7399,0.2830188679245283
2021-04-26T00:00:00.000,0:30,40.78363,-73.94353,1,0,1,1,4078,-7394,0.33513513513513515
2021-04-26T00:00:00.000,15:30,40.83226,-73.91369,1,0,1,1,4083,-7391,0.33714285714285713
2021-04-26T00:00:00.000,10:21,40.846657,-73.89619,1,0,1,1,4084,-7389,0.33766233766233766
2021-04-26T00:00:00.000,5:51,40.652225,-73.95779,0,0,0,0,4065,-7395,0.38686131386861317
2021-04-24T00:00:00.000,16:47,40.702,-73.88009,1,0,1,1,4070,-7388,0.3448275862068966
2021-04-26T00:00:00.000,8:15,40.86155,-73.92472,0,0,0,0,4086,-7392,0.359375
2021-04-26T00:00:00.000,21:45,40.851498,-73.942535,6,0,1,1,4085,-7394,0.2727272727272727
2021-04-23T00:00:00.000,10:00,40.856743,-73.89527,0,0,0,0,4085,-7389,0.3353658536585366
2021-04-23T00:00:00.000,12:02,40.64295,-73.977325,1,0,1,1,4064,-7397,0.4095238095238095
2021-04-26T00:00:00.000,17:30,40.736366,-73.794106,0,0,0,0,4073,-7379,0.4
2021-04-26T00:00:00.000,16:20,40.6847,-73.77297,0,0,0,0,4068,-7377,0.3673469387755102
2021-04-26T00:00:00.000,13:30,40.676685,-73.84371,0,0,0,0,4067,-7384,0.28888888888888886
2021-04-24T00:00:00.000,21:50,40.605045,-73.75013,0,0,0,0,4060,-7375,0.17117117117117117
2021-04-23T00:00:00.000,12:55,40.778904,-73.96024,0,0,0,0,4077,-7396,0.3695652173913043
2021-04-26T00:00:00.000,12:43,40.69663,-73.91857,0,0,0,0,4069,-7391,0.2709677419354839
2021-04-26T00:00:00.000,1:26,40.648956,-73.88301,0,0,0,0,4064,-7388,0.3225806451612903
2021-04-26T00:00:00.000,8:05,40.62605,-73.99547,0,0,0,0,4062,-7399,0.3835616438356164
2021-04-26T00:00:00.000,18:44,40.69893,-73.77037,2,0,1,1,4069,-7377,0.35135135135135137
2021-04-26T00:00:00.000,19:50,40.66178,-73.77243,0,0,0,0,4066,-7377,0.37362637362637363
2021-04-26T00:00:00.000,1:22,40.696205,-73.91782,0,0,0,0,4069,-7391,0.2709677419354839
2021-04-26T00:00:00.000,4:43,40.70485,-73.90562,1,0,1,1,4070,-7390,0.37894736842105264
2021-04-15T00:00:00.000,20:00,40.695004,-73.9525,0,0,0,0,4069,-7395,0.30952380952380953
2021-04-26T00:00:00.000,15:45,40.73395,-73.95272,0,0,0,0,4073,-7395,0.30434782608695654
2021-04-26T00:00:00.000,15:37,40.827812,-73.925934,1,0,1,1,4082,-7392,0.3333333333333333
2021-04-24T00:00:00.000,16:30,40.6094,-73.91177,1,0,1,1,4060,-7391,0.25
2021-04-26T00:00:00.000,18:38,40.856358,-73.826515,0,1,2,1,4085,-7382,0.45714285714285713
2021-04-26T00:00:00.000,16:07,40.655853,-73.910126,1,0,1,1,4065,-7391,0.425
2021-04-26T00:00:00.000,17:00,40.737164,-73.905624,0,0,0,0,4073,-7390,0.42424242424242425
2021-04-22T00:00:00.000,16:00,40.66812,-73.92842,0,0,0,0,4066,-7392,0.355
2021-04-26T00:00:00.000,0:55,40.68794,-73.789635,0,0,0,0,4068,-7378,0.3384615384615385
2021-04-23T00:00:00.000,9:00,40.760765,-73.97664,0,0,0,0,4076,-7397,0.37
2021-04-24T00:00:00.000,8:29,40.865685,-73.86737,0,0,0,0,4086,-7386,0.4642857142857143
2021-04-26T00:00:00.000,14:30,40.871956,-73.90445,0,0,0,0,4087,-7390,0.3184713375796178
2021-12-18T00:00:00.000,6:15,40.666203,-73.88959,1,0,1,1,4066,-7388,0.37012987012987014
2021-12-16T00:00:00.000,21:40,40.749157,-73.9727,0,0,0,0,4074,-7397,0.4810810810810811
2021-12-18T00:00:00.000,16:00,40.882145,-73.83223,0,0,0,0,4088,-7383,0.3448275862068966
2021-12-18T00:00:00.000,21:00,40.87686,-73.87974,2,0,1,1,4087,-7387,0.297029702970297
2021-12-18T00:00:00.000,10:40,40.677208,-73.89723,1,0,1,1,4067,-7389,0.33852140077821014
2021-12-18T00:00:00.000,6:27,40.751396,-73.888405,1,0,1,1,4075,-7388,0.3402061855670103
2021-12-17T00:00:00.000,21:00,40.847187,-73.92135,0,0,0,0,4084,-7392,0.3181818181818182
2021-12-18T00:00:00.000,0:00,40.65661,-73.93091,0,0,0,0,4065,-7393,0.44366197183098594
2021-12-18T00:00:00.000,17:30,40.84497,-73.90247,1,0,1,1,4084,-7390,0.366120218579235
2021-12-18T00:00:00.000,22:48,40.7485,-73.93853,0,0,0,0,4074,-7393,0.3333333333333333
2021-12-18T00:00:00.000,16:37,40.63867,-73.97182,0,0,0,0,4063,-7397,0.36893203883495146
2021-12-18T00:00:00.000,11:55,40.870777,-73.81923,2,0,1,1,4087,-7381,0.5
2021-12-18T00:00:00.000,4:20,40.635857,-74.166756,0,0,0,0,4063,-7416,0.3333333333333333
2021-12-18T00:00:00.000,19:05,40.74147,-73.985435,0,0,0,0,4074,-7398,0.40131578947368424
2021-12-18T00:00:00.000,20:09,40.683228,-73.907135,0,0,0,0,4068,-7390,0.4421052631578947
2021-12-14T00:00:00.000,12:45,40.68977,-73.977104,0,0,0,0,4068,-7397,0.3412322274881517
2021-12-18T00:00:00.000,12:20,40.71086,-73.95801,0,0,0,0,4071,-7395,0.36585365853658536
2021-12-18T00:00:00.000,3:50,40.69068,-73.804214,0,0,0,0,4069,-7380,0.38461538461538464
2021-12-18T00:00:00.000,19:30,40.631496,-73.884476,5,0,1,1,4063,-7388,0.3835616438356164
2021-12-17T00:00:00.000,6:05,40.645103,-74.01033,1,0,1,1,4064,-7401,0.4295774647887324
2021-12-18T00:00:00.000,10:00,40.83728,-73.94093,0,0,0,0,4083,-7394,0.38926174496644295
2021-12-12T00:00:00.000,19:56,40.834198,-73.85169,1,0,1,1,4083,-7385,0.30158730158730157
2021-12-18T00:00:00.000,11:00,40.713215,-73.93828,0,0,0,0,4071,-7393,0.2711864406779661
2021-12-18T00:00:00.000,18:54,40.76815,-73.89714,0,0,0,0,4076,-7389,0.35185185185185186
2021-12-16T00:00:00.000,7:50,40.668507,-73.92561,1,0,1,1,4066,-7392,0.355
2021-12-15T00:00:00.000,13:20,40.772705,-73.949486,0,0,0,0,4077,-7394,0.28
2021-12-18T00:00:00.000,5:00,40.699512,-73.81461,0,0,0,0,4069,-7381,0.3902439024390244
2021-12-18T00:00:00.000,7:10,40.715984,-74.010254,0,0,0,0,4071,-7401,0.3181818181818182
2021-06-06T00:00:00.000,20:00,40.761036,-73.98702,0,0,0,0,4076,-7398,0.3081761006289308
2021-08-21T00:00:00.000,8:07,40.758125,-73.928505,1,1,2,1,4075,-7392,0.48148148148148145
2021-09-05T00:00:00.000,3:37,40.842346,-73.93119,0,1,2,1,4084,-7393,0.32786885245901637
2021-08-24T00:00:00.000,21:23,40.675716,-73.9142,0,1,2,1,4067,-7391,0.36597938144329895
2021-09-13T00:00:00.000,7:51,40.855137,-73.90836,1,0,1,1,4085,-7390,0.42207792207792205
2021-12-10T00:00:00.000,7:35,40.68934,-73.917854,1,0,1,1,4068,-7391,0.344
2021-11-28T00:00:00.000,22:29,40.80256,-73.943,3,0,1,1,4080,-7394,0.41116751269035534
2021-12-08T00:00:00.000,9:20,40.73978,-73.97951,1,0,1,1,4073,-7397,0.32558139534883723
2021-12-10T00:00:00.000,9:59,40.61214,-73.96657,0,0,0,0,4061,-7396,0.30666666666666664
2021-12-07T00:00:00.000,0:32,40.839924,-73.93286,0,0,0,0,4083,-7393,0.3333333333333333
2021-12-08T00:00:00.000,0:00,40.841152,-73.942696,1,0,1,1,4084,-7394,0.17543859649122806
2021-12-09T00:00:00.000,19:00,40.619892,-73.98372,0,0,0,0,4061,-7398,0.3698630136986301
2021-12-08T00:00:00.000,7:25,40.683647,-73.856384,1,0,1,1,4068,-7385,0.43103448275862066
2021-12-05T00:00:00.000,21:32,40.8614,-73.92527,0,0,0,0,4086,-7392,0.359375
2021-12-08T00:00:00.000,21:49,40.752388,-73.974304,1,0,1,1,4075,-7397,0.375886524822695
2021-12-09T00:00:00.000,9:30,40.751442,-73.97606,0,0,0,0,4075,-7397,0.375886524822695
2021-12-10T00:00:00.000,13:17,40.778095,-73.9783,0,0,0,0,4077,-7397,0.38235294117647056
2021-12-10T00:00:00.000,7:30,40.68726,-73.98777,0,0,0,0,4068,-7398,0.3873239436619718
2021-12-05T00:00:00.000,0:03,40.837425,-73.92037,1,0,1,1,4083,-7392,0.310126582278481
2021-12-06T00:00:00.000,10:37,40.61831,-73.95499,1,0,1,1,4061,-7395,0.4461538461538462
2021-12-10T00:00:00.000,7:23,40.65474,-73.90693,0,0,0,0,4065,-7390,0.375
2021-12-09T00:00:00.000,0:40,40.724888,-73.89899,0,0,0,0,4072,-7389,0.41379310344827586
2021-12-05T00:00:00.000,21:10,40.782284,-73.9127,0,0,0,0,4078,-7391,0.2777777777777778
2021-12-08T00:00:00.000,17:10,40.68999,-73.78327,0,0,0,0,4068,-7378,0.3384615384615385
2021-12-08T00:00:00.000,22:45,40.76453,-73.74086,0,0,0,0,4076,-7374,0.46153846153846156
2021-12-10T00:00:00.000,10:00,40.82101,-73.897385,0,0,0,0,4082,-7389,0.37423312883435583
2021-12-09T00:00:00.000,21:09,40.642548,-74.016655,0,0,0,0,4064,-7401,0.4295774647887324
2021-12-18T00:00:00.000,12:53,40.658875,-73.94753,2,0,1,1,4065,-7394,0.43137254901960786
2021-09-14T00:00:00.000,12:38,40.707027,-73.9236,0,0,0,0,4070,-7392,0.24305555555555555
2021-09-15T00:00:00.000,12:45,40.714066,-73.94938,0,0,0,0,4071,-7394,0.3710691823899371
2021-09-12T00:00:00.000,3:21,40.689842,-73.850075,1,0,1,1,4068,-7385,0.43103448275862066
2021-09-09T00:00:00.000,0:34,40.755398,-73.93182,0,0,0,0,4075,-7393,0.43478260869565216
2021-09-09T00:00:00.000,18:05,40.76979,-73.988075,0,0,0,0,4076,-7398,0.3081761006289308
2021-09-15T00:00:00.000,18:32,40.811245,-73.92753,0,0,0,0,4081,-7392,0.4714285714285714
2021-09-15T00:00:00.000,23:55,40.61427,-74.156654,0,0,0,0,4061,-7415,0.3333333333333333
2021-09-15T00:00:00.000,11:35,40.683514,-73.97596,0,0,0,0,4068,-7397,0.3412322274881517
2021-09-17T00:00:00.000,16:15,40.727295,-73.81281,1,0,1,1,4072,-7381,0.2926829268292683
2021-09-14T00:00:00.000,11:17,40.706573,-73.922874,1,0,1,1,4070,-7392,0.24305555555555555
2021-05-22T00:00:00.000,16:30,40.73543,-73.98271,1,0,1,1,4073,-7398,0.36942675159235666
2021-09-17T00:00:00.000,17:45,40.639305,-73.95898,0,0,0,0,4063,-7395,0.48484848484848486
2021-09-16T00:00:00.000,14:53,40.84482,-73.837,4,0,1,1,4084,-7383,0.4318181818181818
2021-09-16T00:00:00.000,14:45,40.71436,-73.98652,0,0,0,0,4071,-7398,0.39568345323741005
2021-09-08T00:00:00.000,20:05,40.68948,-73.93515,1,0,1,1,4068,-7393,0.3619047619047619
2021-09-17T00:00:00.000,8:00,40.710094,-73.93722,1,0,1,1,4071,-7393,0.2711864406779661
2021-09-16T00:00:00.000,14:51,40.701187,-73.80789,1,0,1,1,4070,-7380,0.3877551020408163
2021-09-17T00:00:00.000,20:40,40.852413,-73.88438,1,0,1,1,4085,-7388,0.3
2021-09-15T00:00:00.000,1:55,40.64644,-73.91289,0,0,0,0,4064,-7391,0.39805825242718446
2021-09-17T00:00:00.000,20:30,40.71697,-73.998245,0,0,0,0,4071,-7399,0.3263157894736842
2021-09-17T00:00:00.000,19:28,40.734543,-73.80296,0,0,0,0,4073,-7380,0.34285714285714286
2021-09-15T00:00:00.000,10:40,40.66079,-73.99401,1,0,1,1,4066,-7399,0.40540540540540543
2021-09-17T00:00:00.000,2:00,40.726593,-73.809685,0,0,0,0,4072,-7380,0.2727272727272727
2021-09-16T00:00:00.000,14:45,40.734375,-73.87342,0,0,0,0,4073,-7387,0.3140495867768595
2021-09-13T00:00:00.000,0:00,40.65488,-73.96189,1,0,1,1,4065,-7396,0.3939393939393939
2021-12-10T00:00:00.000,9:15,40.670094,-73.907974,0,0,0,0,4067,-7390,0.3282442748091603
2021-09-15T00:00:00.000,14:00,40.65638,-73.98066,0,0,0,0,4065,-7398,0.2222222222222222
2021-09-17T00:00:00.000,23:45,40.730553,-73.84142,0,0,0,0,4073,-7384,0.2682926829268293
2021-09-17T00:00:00.000,14:00,40.635303,-74.00617,1,0,1,1,4063,-7400,0.3068181818181818
2021-09-15T00:00:00.000,15:00,40.622654,-74.02543,0,0,0,0,4062,-7402,0.3625
2021-09-17T00:00:00.000,21:35,40.703556,-73.78805,1,0,1,1,4070,-7378,0.34523809523809523
2021-09-16T00:00:00.000,12:30,40.67691,-73.87945,0,0,0,0,4067,-7387,0.30344827586206896
2021-09-16T00:00:00.000,7:56,40.82835,-73.86116,0,0,0,0,4082,-7386,0.3493975903614458
2021-09-16T00:00:00.000,12:00,40.720722,-73.98325,0,0,0,0,4072,-7398,0.4342105263157895
2021-09-16T00:00:00.000,3:00,40.63858,-74.02078,1,0,1,1,4063,-7402,0.3877551020408163
2021-09-12T00:00:00.000,17:25,40.835777,-73.91648,2,0,1,1,4083,-7391,0.33714285714285713
2021-09-15T00:00:00.000,3:30,40.76295,-73.83196,1,0,1,1,4076,-7383,0.33695652173913043
2021-09-17T00:00:00.000,12:55,40.683094,-73.80576,0,0,0,0,4068,-7380,0.3829787234042553
2021-09-15T00:00:00.000,23:30,40.628586,-73.92113,0,0,0,0,4062,-7392,0.3611111111111111
2021-09-16T00:00:00.000,7:40,40.69325,-73.97287,0,0,0,0,4069,-7397,0.3253012048192771
2021-08-18T00:00:00.000,15:50,40.83774,-73.86489,0,0,0,0,4083,-7386,0.24822695035460993
2021-09-13T00:00:00.000,18:00,40.875874,-73.84989,2,0,1,1,4087,-7384,0.47297297297297297
2021-09-17T00:00:00.000,6:15,40.757355,-73.73887,1,0,1,1,4075,-7373,0.18181818181818182
2021-09-17T00:00:00.000,8:30,40.70683,-73.9684,0,0,0,0,4070,-7396,0.3431372549019608
2021-09-07T00:00:00.000,13:45,40.753456,-73.941414,1,0,1,1,4075,-7394,0.41333333333333333
2021-09-16T00:00:00.000,9:57,40.753345,-73.7068,1,0,1,1,4075,-7370,0.4166666666666667
2021-09-16T00:00:00.000,20:10,40.756405,-73.9222,0,0,0,0,4075,-7392,0.48148148148148145
2021-09-16T00:00:00.000,6:55,40.76294,-73.86067,0,0,0,0,4076,-7386,0.40298507462686567
2021-09-17T00:00:00.000,8:49,40.58376,-73.82554,1,0,1,1,4058,-7382,0.11764705882352941
2021-09-15T00:00:00.000,20:16,40.702595,-73.8553,2,0,1,1,4070,-7385,0.39436619718309857
2021-09-15T00:00:00.000,7:05,40.75781,-73.97353,1,0,1,1,4075,-7397,0.375886524822695
2021-09-15T00:00:00.000,5:33,40.900604,-73.85259,0,0,0,0,4090,-7385,0.42105263157894735
2021-09-14T00:00:00.000,14:30,40.901325,-73.86466,0,0,0,0,4090,-7386,0.5
2021-09-15T00:00:00.000,13:35,40.862747,-73.90494,0,0,0,0,4086,-7390,0.42748091603053434
2021-09-10T00:00:00.000,2:44,40.724636,-73.945305,0,0,0,0,4072,-7394,0.19801980198019803
2021-09-16T00:00:00.000,22:10,40.64091,-74.034996,0,0,0,0,4064,-7403,0.0
2021-09-15T00:00:00.000,19:45,40.651802,-73.962364,0,0,0,0,4065,-7396,0.3939393939393939
2021-08-13T00:00:00.000,16:35,40.643185,-73.94974,1,0,1,1,4064,-7394,0.42342342342342343
2021-09-13T00:00:00.000,15:50,40.7879,-73.953674,0,0,0,0,4078,-7395,0.42168674698795183
2021-09-13T00:00:00.000,19:30,40.654068,-74.001,1,0,1,1,4065,-7400,0.41509433962264153
2021-09-17T00:00:00.000,14:36,40.749157,-73.9727,0,0,0,0,4074,-7397,0.4810810810810811
2021-09-17T00:00:00.000,13:05,40.609764,-73.99914,0,0,0,0,4060,-7399,0.31683168316831684
2021-09-13T00:00:00.000,19:20,40.764347,-73.82595,0,0,0,0,4076,-7382,0.2987012987012987
2021-09-15T00:00:00.000,15:44,40.58227,-73.98612,1,0,1,1,4058,-7398,0.4
2021-08-28T00:00:00.000,16:00,40.729324,-73.99191,0,0,0,0,4072,-7399,0.3829787234042553
2021-09-14T00:00:00.000,17:00,40.5438,-74.164795,3,0,1,1,4054,-7416,0.42857142857142855
2021-09-14T00:00:00.000,16:30,40.72377,-73.9508,1,0,1,1,4072,-7395,0.22093023255813954
2021-09-15T00:00:00.000,6:42,40.755363,-73.92718,0,0,0,0,4075,-7392,0.48148148148148145
2021-07-25T00:00:00.000,16:23,40.671627,-73.93364,1,0,1,1,4067,-7393,0.3755868544600939
2021-09-15T00:00:00.000,17:12,40.695023,-73.84645,1,0,1,1,4069,-7384,0.26666666666666666
2021-09-15T00:00:00.000,7:48,40.75884,-73.889755,0,0,0,0,4075,-7388,0.3402061855670103
2021-09-03T00:00:00.000,16:45,40.69165,-73.925865,0,0,0,0,4069,-7392,0.3584905660377358
2021-09-15T00:00:00.000,15:12,40.66086,-73.89883,0,0,0,0,4066,-7389,0.3103448275862069
2021-09-15T00:00:00.000,14:45,40.754894,-73.96543,0,0,0,0,4075,-7396,0.4788732394366197
2021-09-17T00:00:00.000,7:50,40.58489,-73.92885,0,0,0,0,4058,-7392,0.375
2021-09-17T00:00:00.000,2:07,40.75421,-73.810486,0,0,0,0,4075,-7381,0.35
2021-09-07T00:00:00.000,1:00,40.67786,-73.93863,0,0,0,0,4067,-7393,0.3755868544600939
2021-09-15T00:00:00.000,1:00,40.872414,-73.839966,0,0,0,0,4087,-7383,0.3333333333333333
2021-09-15T00:00:00.000,7:45,40.712116,-73.73118,0,0,0,0,4071,-7373,0.25
2021-08-29T00:00:00.000,19:32,40.67066,-73.957985,1,0,1,1,4067,-7395,0.3695652173913043
2021-09-15T00:00:00.000,21:20,40.598553,-73.997345,1,0,1,1,4059,-7399,0.3076923076923077
2021-09-16T00:00:00.000,15:55,40.676193,-74.001335,0,0,0,0,4067,-7400,0.20967741935483872
2021-09-16T00:00:00.000,18:15,40.65573,-73.84672,4,0,1,1,4065,-7384,0.5
2021-09-16T00:00:00.000,16:15,40.68893,-73.785576,0,0,0,0,4068,-7378,0.3384615384615385
2021-09-17T00:00:00.000,8:10,40.634174,-74.14596,1,0,1,1,4063,-7414,0.5769230769230769
2021-09-15T00:00:00.000,10:20,40.656475,-73.744934,1,0,1,1,4065,-7374,0.4583333333333333
2021-09-17T00:00:00.000,20:52,40.70281,-73.9254,0,0,0,0,4070,-7392,0.24305555555555555
2021-09-16T00:00:00.000,17:00,40.79087,-73.807434,0,0,0,0,4079,-7380,0.2
2021-09-17T00:00:00.000,0:10,40.899246,-73.84609,1,0,1,1,4089,-7384,0.3333333333333333
2021-09-15T00:00:00.000,2:00,40.646782,-73.90376,0,0,0,0,4064,-7390,0.4017094017094017
2021-09-11T00:00:00.000,21:32,40.67955,-73.879105,0,0,0,0,4067,-7387,0.30344827586206896
2021-09-15T00:00:00.000,2:29,40.66796,-73.77155,2,0,1,1,4066,-7377,0.37362637362637363
2021-09-15T00:00:00.000,14:00,40.665474,-73.95231,0,0,0,0,4066,-7395,0.44375
2021-09-16T00:00:00.000,6:50,40.738552,-73.98043,1,0,1,1,4073,-7398,0.36942675159235666
2021-09-17T00:00:00.000,8:45,40.688446,-73.87593,0,0,0,0,4068,-7387,0.24719101123595505
2021-09-17T00:00:00.000,11:58,40.66675,-73.779945,2,0,1,1,4066,-7377,0.37362637362637363
2021-09-16T00:00:00.000,14:10,40.829052,-73.85038,0,0,0,0,4082,-7385,0.27
2021-09-17T00:00:00.000,14:45,40.68795,-73.82502,0,0,0,0,4068,-7382,0.41975308641975306
2021-09-15T00:00:00.000,16:35,40.675735,-73.89686,0,0,0,0,4067,-7389,0.33852140077821014
2021-09-10T00:00:00.000,12:30,40.75982,-73.9139,0,0,0,0,4075,-7391,0.4777777777777778
2021-09-12T00:00:00.000,22:30,40.674747,-73.9417,0,0,0,0,4067,-7394,0.34074074074074073
2021-09-17T00:00:00.000,20:54,40.712406,-73.97803,0,0,0,0,4071,-7397,0.41509433962264153
2021-09-15T00:00:00.000,15:00,40.80506,-73.94117,1,0,1,1,4080,-7394,0.41116751269035534
2021-09-07T00:00:00.000,16:49,40.761265,-73.9094,1,0,1,1,4076,-7390,0.3055555555555556
2021-09-17T00:00:00.000,13:00,40.7881,-73.94249,0,0,0,0,4078,-7394,0.33513513513513515
2021-09-16T00:00:00.000,0:57,40.667313,-73.73926,0,0,0,0,4066,-7373,0.44339622641509435
2021-09-17T00:00:00.000,2:46,40.81218,-73.9011,3,0,1,1,4081,-7390,0.3888888888888889
2021-09-17T00:00:00.000,15:50,40.848606,-73.8898,0,0,0,0,4084,-7388,0.390625
2021-09-15T00:00:00.000,16:40,40.52182,-74.23502,0,0,0,0,4052,-7423,0.3333333333333333
2021-09-17T00:00:00.000,17:18,40.853344,-73.881676,0,0,0,0,4085,-7388,0.3
2021-09-17T00:00:00.000,14:58,40.72114,-73.942825,0,0,0,0,4072,-7394,0.19801980198019803
2021-09-17T00:00:00.000,7:17,40.65474,-73.90693,1,0,1,1,4065,-7390,0.375
2021-09-15T00:00:00.000,16:12,40.74308,-73.86607,0,0,0,0,4074,-7386,0.3813559322033898
2021-09-14T00:00:00.000,9:05,40.75524,-73.97328,1,0,1,1,4075,-7397,0.375886524822695
2021-09-13T00:00:00.000,21:00,40.68096,-73.93765,1,0,1,1,4068,-7393,0.3619047619047619
2021-09-16T00:00:00.000,18:00,40.730602,-73.734566,0,0,0,0,4073,-7373,0.3
2021-09-11T00:00:00.000,22:15,40.765713,-73.90692,0,0,0,0,4076,-7390,0.3055555555555556
2021-09-15T00:00:00.000,8:15,40.726166,-73.88818,0,0,0,0,4072,-7388,0.4
2021-09-15T00:00:00.000,10:10,40.831684,-73.85562,0,0,0,0,4083,-7385,0.30158730158730157
2021-09-06T00:00:00.000,0:00,40.87321,-73.8671,1,0,1,1,4087,-7386,0.3142857142857143
2021-09-14T00:00:00.000,2:49,40.85738,-73.92973,0,0,0,0,4085,-7392,0.22
2021-09-15T00:00:00.000,6:15,40.75898,-73.96244,1,0,1,1,4075,-7396,0.4788732394366197
2021-09-15T00:00:00.000,19:03,40.618584,-74.009224,1,0,1,1,4061,-7400,0.3076923076923077
2021-09-16T00:00:00.000,7:40,40.7588,-73.83536,0,0,0,0,4075,-7383,0.37681159420289856
2021-09-02T00:00:00.000,20:15,40.726833,-73.71358,0,0,0,0,4072,-7371,0.2857142857142857
2021-09-16T00:00:00.000,13:30,40.815845,-73.95287,0,0,0,0,4081,-7395,0.3509933774834437
2021-09-15T00:00:00.000,15:29,40.78517,-73.94332,2,0,1,1,4078,-7394,0.33513513513513515
2021-09-16T00:00:00.000,7:35,40.6216,-73.92327,0,0,0,0,4062,-7392,0.3611111111111111
2021-09-16T00:00:00.000,15:13,40.75455,-73.74317,1,0,1,1,4075,-7374,0.3333333333333333
2021-09-11T00:00:00.000,9:21,40.720383,-73.780815,0,1,2,1,4072,-7378,0.4
2021-09-15T00:00:00.000,12:29,40.666187,-73.916664,2,0,1,1,4066,-7391,0.3630952380952381
2021-09-15T00:00:00.000,13:43,40.788418,-73.97077,0,0,0,0,4078,-7397,0.3434343434343434
2021-09-15T00:00:00.000,17:00,40.749756,-73.88411,0,0,0,0,4074,-7388,0.2978723404255319
2021-09-15T00:00:00.000,8:37,40.675495,-73.88916,1,0,1,1,4067,-7388,0.30434782608695654
2021-09-16T00:00:00.000,6:00,40.830112,-73.850266,0,0,0,0,4083,-7385,0.30158730158730157
2021-09-17T00:00:00.000,9:59,40.759586,-73.968056,0,0,0,0,4075,-7396,0.4788732394366197
2021-09-15T00:00:00.000,21:40,40.77402,-73.95457,0,0,0,0,4077,-7395,0.3384615384615385
2021-09-16T00:00:00.000,15:30,40.649387,-73.9253,1,0,1,1,4064,-7392,0.4077669902912621
2021-09-15T00:00:00.000,16:27,40.853115,-73.89759,0,0,0,0,4085,-7389,0.3353658536585366
2021-09-08T00:00:00.000,13:15,40.758274,-73.93336,1,0,1,1,4075,-7393,0.43478260869565216
2021-09-06T00:00:00.000,3:00,40.821144,-73.95753,0,0,0,0,4082,-7395,0.4117647058823529
2021-09-15T00:00:00.000,20:00,40.60579,-74.12092,0,0,0,0,4060,-7412,0.2608695652173913
2021-09-15T00:00:00.000,15:47,40.745827,-73.90111,0,0,0,0,4074,-7390,0.40625
2021-09-13T00:00:00.000,16:30,40.842335,-73.93109,0,0,0,0,4084,-7393,0.32786885245901637
2021-09-16T00:00:00.000,19:56,40.853462,-73.88939,1,0,1,1,4085,-7388,0.3
2021-09-15T00:00:00.000,16:15,40.66351,-73.89175,1,0,1,1,4066,-7389,0.3103448275862069
2021-09-17T00:00:00.000,9:20,40.701077,-73.94043,0,0,0,0,4070,-7394,0.3956043956043956
2021-09-16T00:00:00.000,13:58,40.62079,-74.04048,1,0,1,1,4062,-7404,0.5
2021-09-17T00:00:00.000,3:16,40.67725,-73.92754,1,0,1,1,4067,-7392,0.39655172413793105
2021-09-15T00:00:00.000,0:00,40.681778,-73.78156,1,0,1,1,4068,-7378,0.3384615384615385
2021-09-16T00:00:00.000,15:00,40.70001,-73.830894,1,0,1,1,4070,-7383,0.3541666666666667
2021-09-16T00:00:00.000,1:28,40.63039,-73.93006,2,0,1,1,4063,-7393,0.46153846153846156
2021-09-17T00:00:00.000,6:55,40.713974,-73.953094,1,0,1,1,4071,-7395,0.36585365853658536
2021-09-16T00:00:00.000,6:00,40.689648,-73.9184,0,0,0,0,4068,-7391,0.344
2021-09-13T00:00:00.000,9:30,40.828346,-73.94906,0,0,0,0,4082,-7394,0.3812154696132597
2021-09-15T00:00:00.000,16:34,40.790997,-73.94931,0,0,0,0,4079,-7394,0.3523809523809524
2021-09-15T00:00:00.000,15:55,40.576504,-74.1037,0,0,0,0,4057,-7410,0.3877551020408163
2021-09-15T00:00:00.000,0:00,40.73447,-73.86316,0,0,0,0,4073,-7386,0.3464566929133858
2021-09-17T00:00:00.000,22:23,40.66217,-73.908844,0,0,0,0,4066,-7390,0.2777777777777778
2021-08-18T00:00:00.000,1:15,40.897015,-73.872574,0,0,0,0,4089,-7387,0.2
2021-12-18T00:00:00.000,18:00,40.7272,-73.74922,1,0,1,1,4072,-7374,0.44
2021-09-17T00:00:00.000,21:00,40.828022,-73.84604,0,0,0,0,4082,-7384,0.3835616438356164
2021-09-17T00:00:00.000,15:00,40.879948,-73.88086,0,0,0,0,4087,-7388,0.3561643835616438
2021-02-02T00:00:00.000,21:30,40.64703,-74.012,1,0,1,1,4064,-7401,0.4295774647887324
2021-04-24T00:00:00.000,10:55,40.607838,-74.0872,0,0,0,0,4060,-7408,0.3235294117647059
2021-04-25T00:00:00.000,9:37,40.737907,-73.877174,0,0,0,0,4073,-7387,0.3140495867768595
2021-03-03T00:00:00.000,18:30,40.622726,-73.93934,0,0,0,0,4062,-7393,0.4444444444444444
2021-04-07T00:00:00.000,19:59,40.6338,-73.8897,1,0,1,1,4063,-7388,0.3835616438356164
2021-04-27T00:00:00.000,2:50,40.75898,-73.96244,1,0,1,1,4075,-7396,0.4788732394366197
2021-03-23T00:00:00.000,15:25,40.77006,-73.99078,0,0,0,0,4077,-7399,0.4166666666666667
2021-04-23T00:00:00.000,13:00,40.5846,-73.91603,1,0,1,1,4058,-7391,0.3888888888888889
2021-04-18T00:00:00.000,20:30,40.776897,-73.97547,0,0,0,0,4077,-7397,0.38235294117647056
2021-04-20T00:00:00.000,13:30,40.763897,-73.95323,0,0,0,0,4076,-7395,0.3696969696969697
2021-09-15T00:00:00.000,14:00,40.587303,-73.96036,1,0,1,1,4058,-7396,0.37333333333333335
2021-09-17T00:00:00.000,8:05,40.703564,-73.76593,0,0,0,0,4070,-7376,0.43902439024390244
2021-04-25T00:00:00.000,2:40,40.643204,-73.90929,4,0,1,1,4064,-7390,0.4017094017094017
2021-09-14T00:00:00.000,20:24,40.813095,-73.90718,1,0,1,1,4081,-7390,0.3888888888888889
2021-09-18T00:00:00.000,20:15,40.8359271,-73.9029039,1,0,1,1,4083,-7390,0.3064516129032258
2021-04-27T00:00:00.000,12:43,40.77139,-73.73489,1,0,1,1,4077,-7373,0.2857142857142857
2021-04-27T00:00:00.000,10:45,40.84115,-73.942696,0,0,0,0,4084,-7394,0.17543859649122806
2021-04-27T00:00:00.000,6:50,40.583767,-73.95751,0,0,0,0,4058,-7395,0.3465346534653465
2021-04-22T00:00:00.000,19:40,40.743664,-73.856064,1,0,1,1,4074,-7385,0.35526315789473684
2021-04-27T00:00:00.000,0:30,40.744656,-73.94853,0,0,0,0,4074,-7394,0.33962264150943394
2021-04-27T00:00:00.000,22:16,40.754837,-73.88336,2,0,1,1,4075,-7388,0.3402061855670103
2021-04-27T00:00:00.000,2:00,40.88859,-73.86448,0,0,0,0,4088,-7386,0.23809523809523808
2021-04-27T00:00:00.000,15:00,40.661377,-73.91056,0,0,0,0,4066,-7391,0.3630952380952381
2021-04-23T00:00:00.000,18:45,40.65461,-73.922,0,0,0,0,4065,-7392,0.35555555555555557
2021-04-27T00:00:00.000,4:40,40.671154,-73.87815,0,0,0,0,4067,-7387,0.30344827586206896
2021-04-27T00:00:00.000,22:10,40.84518,-73.91417,1,0,1,1,4084,-7391,0.32558139534883723
2021-04-21T00:00:00.000,1:45,40.66552,-73.74467,0,0,0,0,4066,-7374,0.3698630136986301
2021-09-17T00:00:00.000,2:20,40.876457,-73.86351,2,0,1,1,4087,-7386,0.3142857142857143
2021-04-27T00:00:00.000,16:07,40.59844,-73.95994,0,0,0,0,4059,-7395,0.3181818181818182
2021-04-27T00:00:00.000,22:46,40.83968,-73.929276,2,0,1,1,4083,-7392,0.310126582278481
2021-04-27T00:00:00.000,12:52,40.86341,-73.93001,0,0,0,0,4086,-7393,0.3333333333333333
2021-04-27T00:00:00.000,20:52,40.66725,-73.88799,1,0,1,1,4066,-7388,0.37012987012987014
2021-04-27T00:00:00.000,13:00,40.631706,-73.94649,0,0,0,0,4063,-7394,0.358974358974359
2021-04-27T00:00:00.000,9:19,40.625103,-74.14877,0,0,0,0,4062,-7414,0.20408163265306123
2021-04-27T00:00:00.000,8:50,40.658443,-73.884125,0,0,0,0,4065,-7388,0.41509433962264153
2021-04-27T00:00:00.000,6:45,40.712196,-73.88584,0,0,0,0,4071,-7388,0.10344827586206896
2021-04-27T00:00:00.000,0:00,40.8313,-73.84458,0,0,0,0,4083,-7384,0.22727272727272727
2021-04-27T00:00:00.000,2:10,40.74922,-73.75609,0,0,0,0,4074,-7375,0.16666666666666666
2021-04-27T00:00:00.000,21:40,40.871273,-73.90249,1,0,1,1,4087,-7390,0.3184713375796178
2021-04-27T00:00:00.000,15:47,40.777863,-73.95775,1,0,1,1,4077,-7395,0.3384615384615385
2021-04-27T00:00:00.000,19:31,40.766346,-73.98795,0,0,0,0,4076,-7398,0.3081761006289308
2021-04-27T00:00:00.000,15:40,40.626842,-74.075745,0,0,0,0,4062,-7407,0.35714285714285715
2021-04-27T00:00:00.000,14:30,40.836296,-73.87369,0,0,0,0,4083,-7387,0.38414634146341464
2021-04-27T00:00:00.000,13:30,40.716305,-73.98012,0,0,0,0,4071,-7398,0.39568345323741005
2021-04-27T00:00:00.000,11:25,40.61392,-74.00049,1,0,1,1,4061,-7400,0.3076923076923077
2021-04-27T00:00:00.000,11:10,40.73772,-73.93352,0,0,0,0,4073,-7393,0.38461538461538464
2021-04-27T00:00:00.000,7:30,40.665565,-73.98932,1,0,1,1,4066,-7398,0.421875
2021-04-27T00:00:00.000,23:55,40.65785,-73.91648,1,0,1,1,4065,-7391,0.425
2021-04-26T00:00:00.000,19:25,40.63814,-73.94532,0,0,0,0,4063,-7394,0.358974358974359
2021-04-27T00:00:00.000,10:00,40.69732,-73.74102,0,0,0,0,4069,-7374,0.46774193548387094
2021-04-27T00:00:00.000,19:20,40.72527,-73.816154,0,0,0,0,4072,-7381,0.2926829268292683
2021-04-27T00:00:00.000,9:29,40.605556,-73.99369,0,0,0,0,4060,-7399,0.31683168316831684
2021-04-23T00:00:00.000,15:30,40.642735,-73.92247,0,0,0,0,4064,-7392,0.4077669902912621
2021-04-27T00:00:00.000,6:50,40.741077,-73.98362,0,0,0,0,4074,-7398,0.40131578947368424
2021-04-27T00:00:00.000,17:00,40.676918,-73.85274,0,0,0,0,4067,-7385,0.26666666666666666
2021-04-27T00:00:00.000,3:18,40.655144,-73.90415,1,0,1,1,4065,-7390,0.375
2021-04-27T00:00:00.000,14:30,40.733967,-73.87177,0,0,0,0,4073,-7387,0.3140495867768595
2021-04-26T00:00:00.000,20:00,40.81052,-73.85447,0,0,0,0,4081,-7385,0.30434782608695654
2021-04-27T00:00:00.000,10:53,40.715523,-74.001236,0,0,0,0,4071,-7400,0.25517241379310346
2021-04-27T00:00:00.000,21:00,40.68629,-73.98527,0,0,0,0,4068,-7398,0.3873239436619718
2021-04-27T00:00:00.000,14:34,40.57725,-74.10298,0,0,0,0,4057,-7410,0.3877551020408163
2021-04-27T00:00:00.000,15:35,40.75503,-73.96698,0,0,0,0,4075,-7396,0.4788732394366197
2021-04-27T00:00:00.000,14:00,40.70519,-73.91478,0,0,0,0,4070,-7391,0.27450980392156865
2021-04-27T00:00:00.000,19:40,40.633038,-73.90554,0,0,0,0,4063,-7390,0.3561643835616438
2021-04-27T00:00:00.000,16:34,40.816196,-73.896,1,0,1,1,4081,-7389,0.31543624161073824
2021-04-27T00:00:00.000,14:25,40.70986,-73.96696,1,0,1,1,4070,-7396,0.3431372549019608
2021-04-24T00:00:00.000,14:23,40.63393,-73.948784,0,0,0,0,4063,-7394,0.358974358974359
2021-04-27T00:00:00.000,0:08,40.65085,-73.9733,1,0,1,1,4065,-7397,0.4074074074074074
2021-04-27T00:00:00.000,10:15,40.752663,-73.746025,0,0,0,0,4075,-7374,0.3333333333333333
2021-03-12T00:00:00.000,18:50,40.64063,-73.98176,0,0,0,0,4064,-7398,0.40425531914893614
2021-04-20T00:00:00.000,14:06,40.73597,-73.86747,0,0,0,0,4073,-7386,0.3464566929133858
2021-04-27T00:00:00.000,5:30,40.77603,-73.915245,0,0,0,0,4077,-7391,0.3157894736842105
2021-04-27T00:00:00.000,14:15,40.707504,-73.92543,0,0,0,0,4070,-7392,0.24305555555555555
2021-04-27T00:00:00.000,11:45,40.787544,-73.82394,1,0,1,1,4078,-7382,0.3
2021-09-17T00:00:00.000,15:00,40.804523,-73.91199,0,0,0,0,4080,-7391,0.38961038961038963
2021-04-27T00:00:00.000,23:50,40.862152,-73.92993,0,0,0,0,4086,-7392,0.359375
2021-04-27T00:00:00.000,9:30,40.60223,-73.95609,0,0,0,0,4060,-7395,0.4791666666666667
2021-04-27T00:00:00.000,6:19,40.711056,-73.90997,0,0,0,0,4071,-7390,0.4
2021-04-27T00:00:00.000,10:40,40.6931,-73.95489,1,0,1,1,4069,-7395,0.30952380952380953
2021-04-27T00:00:00.000,18:16,40.605072,-73.92988,6,0,1,1,4060,-7392,0.3333333333333333
2021-04-27T00:00:00.000,14:00,40.76319,-73.80644,0,0,0,0,4076,-7380,0.4
2021-04-27T00:00:00.000,14:50,40.716133,-73.8185,1,0,1,1,4071,-7381,0.3448275862068966
2021-04-27T00:00:00.000,9:55,40.74091,-73.726654,0,0,0,0,4074,-7372,0.375
2021-04-27T00:00:00.000,1:07,40.83608,-73.93996,1,0,1,1,4083,-7393,0.3333333333333333
2021-04-27T00:00:00.000,10:30,40.601086,-73.76816,0,0,0,0,4060,-7376,0.19230769230769232
2021-04-27T00:00:00.000,8:33,40.642044,-73.98124,0,0,0,0,4064,-7398,0.40425531914893614
2021-04-25T00:00:00.000,14:50,40.88002,-73.84179,0,0,0,0,4088,-7384,0.4153846153846154
2021-04-27T00:00:00.000,22:53,40.87356,-73.81853,0,0,0,0,4087,-7381,0.5
2021-04-27T00:00:00.000,15:35,40.68239,-73.84008,0,0,0,0,4068,-7384,0.3333333333333333
2021-04-27T00:00:00.000,8:00,40.681404,-73.85334,0,0,0,0,4068,-7385,0.43103448275862066
2021-04-27T00:00:00.000,15:20,40.814297,-73.95308,0,0,0,0,4081,-7395,0.3509933774834437
2021-04-27T00:00:00.000,10:10,40.68378,-73.789734,0,0,0,0,4068,-7378,0.3384615384615385
2021-04-27T00:00:00.000,9:20,40.86941,-73.84264,0,0,0,0,4086,-7384,0.17857142857142858
2021-04-27T00:00:00.000,11:24,40.84434,-73.91475,0,0,0,0,4084,-7391,0.32558139534883723
2021-04-27T00:00:00.000,23:50,40.782547,-73.80285,0,0,0,0,4078,-7380,0.30434782608695654
2021-04-27T00:00:00.000,10:30,40.587307,-73.93938,0,0,0,0,4058,-7393,0.24324324324324326
2021-04-27T00:00:00.000,14:40,40.634045,-74.123405,0,0,0,0,4063,-7412,0.36363636363636365
2021-04-27T00:00:00.000,14:15,40.67602,-73.81613,0,0,0,0,4067,-7381,0.4230769230769231
2021-04-27T00:00:00.000,2:50,40.655273,-74.0105,1,0,1,1,4065,-7401,0.43478260869565216
2021-04-25T00:00:00.000,18:01,40.6636,-73.91264,0,0,0,0,4066,-7391,0.3630952380952381
2021-04-27T00:00:00.000,18:00,40.728092,-73.80883,0,0,0,0,4072,-7380,0.2727272727272727
2021-04-27T00:00:00.000,18:00,40.703537,-73.895546,0,0,0,0,4070,-7389,0.2711864406779661
2021-04-27T00:00:00.000,6:49,40.72293,-73.847336,0,0,0,0,4072,-7384,0.2711864406779661
2021-04-27T00:00:00.000,12:45,40.856987,-73.90897,1,0,1,1,4085,-7390,0.42207792207792205
2021-04-27T00:00:00.000,10:20,40.829,-73.83642,0,0,0,0,4082,-7383,0.34210526315789475
2021-04-27T00:00:00.000,20:20,40.6952,-73.92844,0,0,0,0,4069,-7392,0.3584905660377358
2021-04-27T00:00:00.000,13:00,40.76217,-73.7568,1,0,1,1,4076,-7375,0.3409090909090909
2021-04-27T00:00:00.000,22:18,40.67599,-73.97941,0,0,0,0,4067,-7397,0.2818181818181818
2021-04-27T00:00:00.000,8:00,40.707962,-73.82815,0,0,0,0,4070,-7382,0.4166666666666667
2021-04-27T00:00:00.000,9:00,40.744556,-73.870834,0,0,0,0,4074,-7387,0.25663716814159293
2021-04-27T00:00:00.000,3:02,40.63844,-74.036766,1,0,1,1,4063,-7403,0.42424242424242425
2021-09-17T00:00:00.000,1:45,40.754185,-73.99422,0,0,0,0,4075,-7399,0.2830188679245283
2021-04-27T00:00:00.000,20:40,40.60638,-73.754715,1,0,1,1,4060,-7375,0.17117117117117117
2021-04-27T00:00:00.000,13:10,40.71572,-73.825745,0,0,0,0,4071,-7382,0.379746835443038
2021-04-27T00:00:00.000,8:25,40.684013,-73.87433,0,0,0,0,4068,-7387,0.24719101123595505
2021-04-27T00:00:00.000,14:06,40.59415,-74.086586,1,0,1,1,4059,-7408,0.36363636363636365
2021-04-27T00:00:00.000,15:00,40.72089,-73.99576,0,0,0,0,4072,-7399,0.3829787234042553
2021-04-27T00:00:00.000,14:56,40.86241,-73.9225,0,0,0,0,4086,-7392,0.359375
2021-04-13T00:00:00.000,22:00,40.74487,-73.87629,1,0,1,1,4074,-7387,0.25663716814159293
2021-04-27T00:00:00.000,7:13,40.6434,-73.91546,0,0,0,0,4064,-7391,0.39805825242718446
2021-04-27T00:00:00.000,23:00,40.6935,-73.791695,2,0,1,1,4069,-7379,0.25925925925925924
2021-04-27T00:00:00.000,1:52,40.844105,-73.898,0,0,0,0,4084,-7389,0.33766233766233766
2021-04-27T00:00:00.000,14:30,40.57862,-74.10168,0,0,0,0,4057,-7410,0.3877551020408163
2021-04-27T00:00:00.000,16:22,40.651974,-73.86542,0,0,0,0,4065,-7386,0.36619718309859156
2021-04-27T00:00:00.000,16:26,40.804886,-73.96248,2,0,1,1,4080,-7396,0.31343283582089554
2021-04-27T00:00:00.000,0:38,40.648354,-73.91001,0,0,0,0,4064,-7391,0.39805825242718446
2021-04-27T00:00:00.000,13:00,40.583725,-73.89372,0,0,0,0,4058,-7389,0.5714285714285714
2021-04-27T00:00:00.000,12:55,40.65965,-73.773834,0,0,0,0,4065,-7377,0.3125
2021-04-27T00:00:00.000,9:55,40.678925,-74.01106,0,0,0,0,4067,-7401,0.32142857142857145
2021-04-24T00:00:00.000,10:00,40.60358,-73.744675,0,0,0,0,4060,-7374,0.15789473684210525
2021-04-21T00:00:00.000,5:10,40.708965,-73.95673,0,0,0,0,4070,-7395,0.3475177304964539
2021-04-27T00:00:00.000,11:30,40.716133,-73.8185,0,0,0,0,4071,-7381,0.3448275862068966
2021-04-27T00:00:00.000,14:07,40.74922,-73.75609,0,0,0,0,4074,-7375,0.16666666666666666
2021-04-27T00:00:00.000,9:55,40.853935,-73.892456,0,0,0,0,4085,-7389,0.3353658536585366
2021-04-27T00:00:00.000,14:50,40.70247,-73.7568,1,0,1,1,4070,-7375,0.4117647058823529
2021-04-27T00:00:00.000,17:35,40.854115,-73.89091,1,0,1,1,4085,-7389,0.3353658536585366
2021-04-26T00:00:00.000,7:30,40.66408,-73.94817,0,0,0,0,4066,-7394,0.36792452830188677
2021-04-27T00:00:00.000,16:46,40.693348,-73.79976,0,0,0,0,4069,-7379,0.25925925925925924
2021-09-15T00:00:00.000,15:40,40.612293,-74.03412,0,0,0,0,4061,-7403,0.2777777777777778
2021-04-27T00:00:00.000,20:21,40.616894,-73.93933,0,0,0,0,4061,-7393,0.34285714285714286
2021-04-27T00:00:00.000,21:39,40.633396,-74.01383,0,0,0,0,4063,-7401,0.37777777777777777
2021-04-27T00:00:00.000,17:13,40.72143,-73.892746,1,0,1,1,4072,-7389,0.41379310344827586
2021-04-27T00:00:00.000,14:10,40.676647,-73.91647,0,0,0,0,4067,-7391,0.36597938144329895
2021-04-24T00:00:00.000,11:25,40.689426,-73.94223,1,0,1,1,4068,-7394,0.4409448818897638
2021-04-27T00:00:00.000,9:49,40.70537,-73.775826,1,0,1,1,4070,-7377,0.2413793103448276
2021-04-26T00:00:00.000,9:30,40.88919,-73.83131,0,0,0,0,4088,-7383,0.3448275862068966
2021-04-27T00:00:00.000,14:59,40.770382,-73.792244,1,0,1,1,4077,-7379,0.5
2021-04-27T00:00:00.000,8:40,40.58166,-74.10186,0,0,0,0,4058,-7410,0.3076923076923077
2021-04-24T00:00:00.000,23:40,40.776104,-73.97975,0,0,0,0,4077,-7397,0.38235294117647056
2021-04-27T00:00:00.000,12:44,40.6646,-73.89502,0,0,0,0,4066,-7389,0.3103448275862069
2021-04-27T00:00:00.000,22:40,40.66669,-73.81173,1,0,1,1,4066,-7381,0.4716981132075472
2021-04-24T00:00:00.000,2:24,40.678375,-73.80509,0,0,0,0,4067,-7380,0.24615384615384617
2021-04-27T00:00:00.000,14:55,40.60784,-73.961975,1,0,1,1,4060,-7396,0.5714285714285714
2021-04-27T00:00:00.000,16:07,40.84103,-73.94463,0,0,0,0,4084,-7394,0.17543859649122806
2021-04-27T00:00:00.000,20:17,40.83911,-73.90334,0,0,0,0,4083,-7390,0.3064516129032258
2021-04-27T00:00:00.000,2:20,40.593765,-73.79624,0,0,0,0,4059,-7379,0.2692307692307692
2021-04-27T00:00:00.000,9:15,40.696033,-73.98453,0,0,0,0,4069,-7398,0.3229166666666667
2021-04-27T00:00:00.000,16:25,40.710163,-73.90255,0,0,0,0,4071,-7390,0.4
2021-04-25T00:00:00.000,2:21,40.720047,-73.95536,2,0,1,1,4072,-7395,0.22093023255813954
2021-04-27T00:00:00.000,17:28,40.826088,-73.86121,0,0,0,0,4082,-7386,0.3493975903614458
2021-04-27T00:00:00.000,8:14,40.67578,-74.0014,0,0,0,0,4067,-7400,0.20967741935483872
2021-04-27T00:00:00.000,16:25,40.610523,-74.00806,2,0,1,1,4061,-7400,0.3076923076923077
2021-04-27T00:00:00.000,14:25,40.81899,-73.8867,0,0,0,0,4081,-7388,0.25471698113207547
2021-04-26T00:00:00.000,16:30,40.610428,-74.11097,4,0,1,1,4061,-7411,0.36
2021-04-27T00:00:00.000,14:45,40.667366,-73.92274,1,0,1,1,4066,-7392,0.355
2021-04-15T00:00:00.000,21:20,40.754955,-73.85384,0,0,0,0,4075,-7385,0.3048780487804878
2021-04-27T00:00:00.000,0:35,40.79548,-73.96191,0,0,0,0,4079,-7396,0.25
2021-04-27T00:00:00.000,17:00,40.712257,-73.90462,0,0,0,0,4071,-7390,0.4
2021-04-27T00:00:00.000,17:30,40.72828,-73.7604,2,0,1,1,4072,-7376,0.5
2021-04-27T00:00:00.000,12:07,40.700737,-73.99499,2,0,1,1,4070,-7399,0.21052631578947367
2021-04-27T00:00:00.000,13:40,40.75325,-73.9123,0,0,0,0,4075,-7391,0.4777777777777778
2021-04-22T00:00:00.000,16:55,40.754505,-73.965706,1,0,1,1,4075,-7396,0.4788732394366197
2021-04-14T00:00:00.000,16:55,40.830025,-73.872765,1,0,1,1,4083,-7387,0.38414634146341464
2021-04-27T00:00:00.000,10:40,40.70079,-73.9605,0,0,0,0,4070,-7396,0.3431372549019608
2021-04-27T00:00:00.000,20:34,40.75365,-73.88573,1,0,1,1,4075,-7388,0.3402061855670103
2021-04-27T00:00:00.000,19:10,40.856155,-73.88357,0,0,0,0,4085,-7388,0.3
2021-04-27T00:00:00.000,13:50,40.69314,-73.96969,0,0,0,0,4069,-7396,0.325
2021-04-27T00:00:00.000,2:15,40.667313,-73.73926,0,0,0,0,4066,-7373,0.44339622641509435
2021-04-27T00:00:00.000,15:09,40.8329,-73.93545,0,0,0,0,4083,-7393,0.3333333333333333
2021-04-27T00:00:00.000,20:45,40.744026,-73.92616,0,0,0,0,4074,-7392,0.3709677419354839
2021-04-27T00:00:00.000,7:30,40.833065,-73.85974,0,0,0,0,4083,-7385,0.30158730158730157
2021-04-27T00:00:00.000,8:55,40.689857,-73.99842,0,0,0,0,4068,-7399,0.17857142857142858
2021-04-27T00:00:00.000,14:25,40.606846,-74.16443,0,0,0,0,4060,-7416,0.42857142857142855
2021-04-27T00:00:00.000,21:35,40.849308,-73.93192,1,0,1,1,4084,-7393,0.32786885245901637
2021-04-27T00:00:00.000,8:43,40.845642,-73.89771,0,0,0,0,4084,-7389,0.33766233766233766
2021-04-27T00:00:00.000,19:00,40.672638,-73.97076,0,0,0,0,4067,-7397,0.2818181818181818
2021-04-27T00:00:00.000,0:00,40.699024,-73.91623,0,0,0,0,4069,-7391,0.2709677419354839
2021-04-27T00:00:00.000,19:50,40.752815,-73.930595,0,0,0,0,4075,-7393,0.43478260869565216
2021-04-27T00:00:00.000,2:32,40.845642,-73.90211,0,0,0,0,4084,-7390,0.366120218579235
2021-04-27T00:00:00.000,10:00,40.763668,-73.82303,0,0,0,0,4076,-7382,0.2987012987012987
2021-04-27T00:00:00.000,16:05,40.662205,-73.892265,0,0,0,0,4066,-7389,0.3103448275862069
2021-04-27T00:00:00.000,13:40,40.788532,-73.95322,0,0,0,0,4078,-7395,0.42168674698795183
2021-04-27T00:00:00.000,10:00,40.70605,-74.00746,0,0,0,0,4070,-7400,0.2542372881355932
2021-04-12T00:00:00.000,21:35,40.786804,-73.98338,0,0,0,0,4078,-7398,0.42105263157894735
2021-04-27T00:00:00.000,18:35,40.903763,-73.84325,0,0,0,0,4090,-7384,0.28205128205128205
2021-04-27T00:00:00.000,17:00,40.640774,-74.02917,0,0,0,0,4064,-7402,0.41379310344827586
2021-04-27T00:00:00.000,18:32,40.665707,-73.760956,0,0,0,0,4066,-7376,0.30434782608695654
2021-04-27T00:00:00.000,20:46,40.82403,-73.94476,1,0,1,1,4082,-7394,0.3812154696132597
2021-04-24T00:00:00.000,20:20,40.64213,-73.92936,0,0,0,0,4064,-7392,0.4077669902912621
2021-04-27T00:00:00.000,17:00,40.868282,-73.90107,0,0,0,0,4086,-7390,0.42748091603053434
2021-04-27T00:00:00.000,9:17,40.697582,-73.94965,0,0,0,0,4069,-7394,0.417910447761194
2021-04-27T00:00:00.000,1:57,40.7423,-73.781235,0,1,2,1,4074,-7378,0.43478260869565216
2021-04-27T00:00:00.000,15:25,40.8407,-73.84544,1,0,1,1,4084,-7384,0.4222222222222222
2021-04-27T00:00:00.000,10:58,40.635788,-73.9949,0,0,0,0,4063,-7399,0.47692307692307695
2021-04-27T00:00:00.000,22:00,40.68714,-73.80801,0,0,0,0,4068,-7380,0.3829787234042553
2021-04-27T00:00:00.000,21:06,40.677673,-73.76277,0,0,0,0,4067,-7376,0.23076923076923078
2021-04-27T00:00:00.000,17:59,40.823715,-73.81788,0,0,0,0,4082,-7381,0.17647058823529413
2021-04-27T00:00:00.000,12:00,40.840755,-73.93629,0,0,0,0,4084,-7393,0.32786885245901637
2021-04-27T00:00:00.000,8:40,40.70347,-73.82947,0,0,0,0,4070,-7382,0.4166666666666667
2021-04-27T00:00:00.000,16:17,40.77067,-73.7355,0,0,0,0,4077,-7373,0.2857142857142857
2021-04-27T00:00:00.000,12:45,40.855785,-73.90558,1,0,1,1,4085,-7390,0.42207792207792205
2021-04-27T00:00:00.000,12:36,40.664333,-73.79119,1,0,1,1,4066,-7379,0.3870967741935484
2021-09-16T00:00:00.000,21:00,40.670326,-73.79244,1,0,1,1,4067,-7379,0.4264705882352941
2021-04-27T00:00:00.000,16:00,40.742943,-73.91685,0,0,0,0,4074,-7391,0.38333333333333336
2021-04-27T00:00:00.000,21:05,40.648067,-73.89784,1,0,1,1,4064,-7389,0.43478260869565216
2021-04-27T00:00:00.000,14:13,40.703163,-73.81662,2,0,1,1,4070,-7381,0.3194444444444444
2021-04-27T00:00:00.000,22:30,40.826813,-73.88982,0,0,0,0,4082,-7388,0.27624309392265195
2021-04-27T00:00:00.000,17:00,40.804382,-73.93954,1,0,1,1,4080,-7393,0.36312849162011174
2021-04-27T00:00:00.000,7:10,40.677208,-73.89723,1,0,1,1,4067,-7389,0.33852140077821014
2021-04-27T00:00:00.000,18:09,40.681805,-73.94987,0,0,0,0,4068,-7394,0.4409448818897638
2021-04-21T00:00:00.000,0:10,40.790623,-73.942444,1,0,1,1,4079,-7394,0.3523809523809524
2021-04-27T00:00:00.000,19:00,40.708324,-73.832375,0,0,0,0,4070,-7383,0.3541666666666667
2021-04-27T00:00:00.000,3:45,40.633564,-74.01595,0,0,0,0,4063,-7401,0.37777777777777777
2021-04-27T00:00:00.000,9:00,40.824158,-73.87462,0,0,0,0,4082,-7387,0.33544303797468356
2021-04-27T00:00:00.000,0:27,40.744644,-73.77041,2,1,2,1,4074,-7377,0.36363636363636365
2021-04-27T00:00:00.000,21:50,40.738575,-73.845345,1,0,1,1,4073,-7384,0.2682926829268293
2021-04-27T00:00:00.000,11:20,40.572502,-74.11358,0,0,0,0,4057,-7411,0.37142857142857144
2021-04-27T00:00:00.000,18:27,40.740814,-73.85532,1,0,1,1,4074,-7385,0.35526315789473684
2021-04-23T00:00:00.000,19:00,40.71901,-73.95019,1,0,1,1,4071,-7395,0.36585365853658536
2021-04-24T00:00:00.000,22:44,40.77178,-73.9792,1,0,1,1,4077,-7397,0.38235294117647056
2021-04-27T00:00:00.000,0:00,40.652752,-73.88629,0,0,0,0,4065,-7388,0.41509433962264153
2021-04-27T00:00:00.000,11:52,40.676636,-73.98514,0,0,0,0,4067,-7398,0.3655913978494624
2021-04-27T00:00:00.000,8:19,40.865093,-73.837,0,0,0,0,4086,-7383,0.3448275862068966
2021-04-27T00:00:00.000,7:01,40.70978,-73.82043,1,0,1,1,4070,-7382,0.4166666666666667
2021-04-27T00:00:00.000,22:05,40.822826,-73.91658,1,0,1,1,4082,-7391,0.3355263157894737
2021-04-27T00:00:00.000,11:30,40.642445,-74.00592,0,0,0,0,4064,-7400,0.36764705882352944
2021-04-27T00:00:00.000,15:00,40.69614,-73.92726,0,0,0,0,4069,-7392,0.3584905660377358
2021-04-27T00:00:00.000,15:00,40.702442,-73.81687,0,0,0,0,4070,-7381,0.3194444444444444
2021-04-27T00:00:00.000,8:44,40.850166,-73.93576,0,0,0,0,4085,-7393,0.36585365853658536
2021-04-27T00:00:00.000,16:34,40.756996,-73.90784,0,0,0,0,4075,-7390,0.37254901960784315
2021-04-27T00:00:00.000,14:15,40.61294,-74.12478,1,0,1,1,4061,-7412,0.25
2021-04-27T00:00:00.000,10:35,40.756657,-73.8338,0,0,0,0,4075,-7383,0.37681159420289856
2021-04-27T00:00:00.000,0:00,40.68668,-73.97937,0,0,0,0,4068,-7397,0.3412322274881517
2021-04-27T00:00:00.000,8:58,40.623257,-74.03114,0,0,0,0,4062,-7403,0.15
2021-04-27T00:00:00.000,20:21,40.732277,-73.84927,0,0,0,0,4073,-7384,0.2682926829268293
2021-04-27T00:00:00.000,14:45,40.722324,-74.01178,1,0,1,1,4072,-7401,0.4
2021-04-24T00:00:00.000,18:54,40.732845,-73.995926,1,0,1,1,4073,-7399,0.423728813559322
2021-04-27T00:00:00.000,14:14,40.625973,-73.97624,0,0,0,0,4062,-7397,0.38666666666666666
2021-04-27T00:00:00.000,22:59,40.76942,-73.880295,0,0,0,0,4076,-7388,0.43283582089552236
2021-04-27T00:00:00.000,15:00,40.737682,-73.85206,0,0,0,0,4073,-7385,0.3619047619047619
2021-04-25T00:00:00.000,22:30,40.8285,-73.93779,0,0,0,0,4082,-7393,0.36645962732919257
2021-04-26T00:00:00.000,19:10,40.753113,-73.93371,0,0,0,0,4075,-7393,0.43478260869565216
2021-04-19T00:00:00.000,18:00,40.888016,-73.86374,1,0,1,1,4088,-7386,0.23809523809523808
2021-04-27T00:00:00.000,11:45,40.72334,-73.952126,0,0,0,0,4072,-7395,0.22093023255813954
2021-09-05T00:00:00.000,18:00,40.76161,-73.87983,0,0,0,0,4076,-7387,0.48214285714285715
2021-12-18T00:00:00.000,14:10,40.61834,-74.03018,0,0,0,0,4061,-7403,0.2777777777777778
2021-09-15T00:00:00.000,22:45,40.681274,-73.81162,0,0,0,0,4068,-7381,0.4117647058823529
2021-09-12T00:00:00.000,7:00,40.74504,-73.7345,3,0,1,1,4074,-7373,0.4
2021-09-14T00:00:00.000,10:45,40.77574,-73.77986,1,0,1,1,4077,-7377,0.25
2021-09-15T00:00:00.000,8:41,40.58613,-73.95011,0,0,0,0,4058,-7395,0.3465346534653465
2021-09-17T00:00:00.000,19:27,40.59403,-73.93779,2,0,1,1,4059,-7393,0.47058823529411764
2021-09-17T00:00:00.000,7:53,40.84962,-73.91938,0,0,0,0,4084,-7391,0.32558139534883723
2021-09-16T00:00:00.000,0:15,40.62143,-74.02299,0,0,0,0,4062,-7402,0.3625
2021-09-15T00:00:00.000,8:34,40.864807,-73.91937,0,0,0,0,4086,-7391,0.38016528925619836
2021-09-17T00:00:00.000,10:18,40.7017,-73.94353,0,0,0,0,4070,-7394,0.3956043956043956
2021-09-15T00:00:00.000,0:15,40.69593,-73.96548,3,0,1,1,4069,-7396,0.325
2021-09-16T00:00:00.000,16:15,40.678154,-73.94416,0,0,0,0,4067,-7394,0.34074074074074073
2021-09-14T00:00:00.000,15:50,40.726574,-73.87365,0,0,0,0,4072,-7387,0.5714285714285714
2021-09-15T00:00:00.000,15:25,40.640823,-73.96531,1,0,1,1,4064,-7396,0.4714285714285714
2021-09-17T00:00:00.000,9:52,40.703163,-73.81662,1,0,1,1,4070,-7381,0.3194444444444444
2021-09-16T00:00:00.000,14:00,40.734314,-73.93803,0,0,0,0,4073,-7393,0.38461538461538464
2021-09-15T00:00:00.000,17:48,0.0,0.0,1,0,1,1,0,0,0.40425531914893614
2021-09-15T00:00:00.000,7:50,40.741127,-73.97503,1,0,1,1,4074,-7397,0.4810810810810811
2021-09-16T00:00:00.000,21:30,40.657665,-74.00093,1,0,1,1,4065,-7400,0.41509433962264153
2021-09-16T00:00:00.000,18:31,40.68704,-73.780525,0,0,0,0,4068,-7378,0.3384615384615385
2021-09-17T00:00:00.000,3:42,40.678226,-73.75236,0,0,0,0,4067,-7375,0.2608695652173913
2021-09-15T00:00:00.000,5:00,40.76565,-73.837425,0,0,0,0,4076,-7383,0.33695652173913043
2021-09-17T00:00:00.000,6:50,40.596928,-73.97363,0,0,0,0,4059,-7397,0.3191489361702128
2021-09-16T00:00:00.000,3:30,40.699738,-73.98212,0,0,0,0,4069,-7398,0.3229166666666667
2021-09-15T00:00:00.000,14:52,40.832645,-73.85122,0,0,0,0,4083,-7385,0.30158730158730157
2021-08-18T00:00:00.000,20:10,40.830902,-73.84765,1,0,1,1,4083,-7384,0.22727272727272727
2021-09-15T00:00:00.000,23:40,40.686775,-73.73135,0,0,0,0,4068,-7373,0.29411764705882354
2021-09-12T00:00:00.000,14:00,40.70678,-73.85472,0,0,0,0,4070,-7385,0.39436619718309857
2021-09-17T00:00:00.000,10:30,40.69552,-73.86456,0,0,0,0,4069,-7386,0.21052631578947367
2021-09-16T00:00:00.000,13:47,40.707535,-73.80268,0,0,0,0,4070,-7380,0.3877551020408163
2021-09-16T00:00:00.000,12:14,40.668186,-73.74111,0,0,0,0,4066,-7374,0.3698630136986301
2021-09-16T00:00:00.000,15:57,40.510815,-74.24199,0,0,0,0,4051,-7424,0.21428571428571427
2021-09-16T00:00:00.000,4:10,40.81175,-73.93144,1,0,1,1,4081,-7393,0.32432432432432434
2021-09-15T00:00:00.000,17:35,40.617294,-74.08048,0,0,0,0,4061,-7408,0.30612244897959184
2021-09-15T00:00:00.000,22:00,40.86066,-73.88945,0,0,0,0,4086,-7388,0.23943661971830985
2021-09-15T00:00:00.000,14:00,40.646145,-73.90344,1,0,1,1,4064,-7390,0.4017094017094017
2021-09-15T00:00:00.000,13:24,40.71604,-74.010414,0,0,0,0,4071,-7401,0.3181818181818182
2021-09-16T00:00:00.000,22:16,40.718018,-73.99996,1,0,1,1,4071,-7399,0.3263157894736842
2021-09-17T00:00:00.000,16:50,40.61156,-73.98382,0,0,0,0,4061,-7398,0.3698630136986301
2021-08-20T00:00:00.000,17:54,40.827232,-73.84365,1,0,1,1,4082,-7384,0.3835616438356164
2021-09-17T00:00:00.000,5:40,40.592815,-73.90808,0,0,0,0,4059,-7390,0.23404255319148937
2021-09-16T00:00:00.000,5:41,40.715176,-73.951965,0,0,0,0,4071,-7395,0.36585365853658536
2021-09-15T00:00:00.000,16:27,40.666718,-73.97769,0,0,0,0,4066,-7397,0.24390243902439024
2021-09-12T00:00:00.000,18:05,40.661137,-73.99006,0,0,0,0,4066,-7399,0.40540540540540543
2021-09-17T00:00:00.000,7:35,40.612022,-74.070885,0,0,0,0,4061,-7407,0.2
2021-09-17T00:00:00.000,22:35,40.741547,-73.98958,1,0,1,1,4074,-7398,0.40131578947368424
2021-05-10T00:00:00.000,4:30,40.845253,-73.90935,0,0,0,0,4084,-7390,0.366120218579235
2021-09-17T00:00:00.000,16:02,40.839867,-73.93692,2,0,1,1,4083,-7393,0.3333333333333333
2021-09-13T00:00:00.000,10:00,40.57515,-73.98558,0,0,0,0,4057,-7398,0.36904761904761907
2021-09-14T00:00:00.000,17:33,40.683773,-73.91323,0,0,0,0,4068,-7391,0.344
2021-09-14T00:00:00.000,10:20,40.71574,-74.00169,0,0,0,0,4071,-7400,0.25517241379310346
2021-09-10T00:00:00.000,17:48,40.81637,-73.83897,0,0,0,0,4081,-7383,0.14285714285714285
2021-09-15T00:00:00.000,20:01,40.660156,-73.917534,1,0,1,1,4066,-7391,0.3630952380952381
2021-09-16T00:00:00.000,13:02,40.81676,-73.917465,1,0,1,1,4081,-7391,0.47244094488188976
2021-09-16T00:00:00.000,16:57,40.692314,-73.88268,1,0,1,1,4069,-7388,0.4375
2021-09-16T00:00:00.000,22:10,40.707813,-73.91923,1,0,1,1,4070,-7391,0.27450980392156865
2021-09-15T00:00:00.000,11:30,40.680576,-73.87885,0,0,0,0,4068,-7387,0.24719101123595505
2021-09-15T00:00:00.000,11:15,40.885178,-73.85746,0,0,0,0,4088,-7385,0.36619718309859156
2021-08-27T00:00:00.000,9:04,40.60069,-74.010056,0,0,0,0,4060,-7401,0.30357142857142855
2021-09-15T00:00:00.000,13:17,40.844578,-73.902695,1,0,1,1,4084,-7390,0.366120218579235
2021-09-17T00:00:00.000,18:40,40.618847,-73.92869,0,0,0,0,4061,-7392,0.2982456140350877
2021-09-16T00:00:00.000,0:45,40.884777,-73.85877,2,0,1,1,4088,-7385,0.36619718309859156
2021-09-16T00:00:00.000,15:40,40.68553,-73.95656,1,0,1,1,4068,-7395,0.38571428571428573
2021-09-15T00:00:00.000,8:25,40.617104,-73.946075,1,0,1,1,4061,-7394,0.48484848484848486
2021-09-15T00:00:00.000,9:30,40.895466,-73.87713,1,0,1,1,4089,-7387,0.2
2021-09-15T00:00:00.000,15:51,40.87829,-73.87006,0,0,0,0,4087,-7387,0.297029702970297
2021-09-14T00:00:00.000,22:05,40.655872,-73.9564,0,0,0,0,4065,-7395,0.38686131386861317
2021-09-17T00:00:00.000,11:45,40.862064,-73.89484,0,0,0,0,4086,-7389,0.40606060606060607
2021-09-15T00:00:00.000,5:25,40.876072,-73.85414,0,0,0,0,4087,-7385,0.37681159420289856
2021-09-16T00:00:00.000,8:00,40.714745,-73.98261,1,0,1,1,4071,-7398,0.39568345323741005
2021-09-07T00:00:00.000,14:11,40.610996,-74.176605,1,0,1,1,4061,-7417,0.6666666666666666
2021-09-15T00:00:00.000,7:00,40.623768,-74.01996,0,0,0,0,4062,-7401,0.3829787234042553
2021-09-15T00:00:00.000,13:05,40.80565,-73.92062,0,0,0,0,4080,-7392,0.3141025641025641
2021-09-15T00:00:00.000,17:46,40.79968,-73.95586,1,0,1,1,4079,-7395,0.42
2021-09-10T00:00:00.000,14:30,40.635582,-73.99155,1,0,1,1,4063,-7399,0.47692307692307695
2021-09-17T00:00:00.000,19:00,40.654793,-73.88999,0,0,0,0,4065,-7388,0.41509433962264153
2021-09-15T00:00:00.000,12:06,40.767963,-73.91169,1,0,1,1,4076,-7391,0.40476190476190477
2021-09-15T00:00:00.000,17:30,40.73749,-73.73861,1,0,1,1,4073,-7373,0.3
2021-09-15T00:00:00.000,18:01,40.688934,-73.73225,2,0,1,1,4068,-7373,0.29411764705882354
2021-09-15T00:00:00.000,16:15,40.816574,-73.88908,0,0,0,0,4081,-7388,0.25471698113207547
2021-09-09T00:00:00.000,14:49,40.70237,-73.89055,0,0,0,0,4070,-7389,0.2711864406779661
2021-09-17T00:00:00.000,15:45,40.692844,-73.770805,1,0,1,1,4069,-7377,0.35135135135135137
2021-09-16T00:00:00.000,12:20,40.70163,-73.989685,0,0,0,0,4070,-7398,0.21568627450980393
2021-09-16T00:00:00.000,8:01,40.753624,-73.96944,0,0,0,0,4075,-7396,0.4788732394366197
2021-09-15T00:00:00.000,14:20,40.661312,-73.849106,1,0,1,1,4066,-7384,0.5925925925925926
2021-09-16T00:00:00.000,23:45,40.67677,-73.88949,1,0,1,1,4067,-7388,0.30434782608695654
2021-09-15T00:00:00.000,12:30,40.698357,-73.99631,0,0,0,0,4069,-7399,0.29473684210526313
2021-09-14T00:00:00.000,15:10,40.58502,-74.14763,0,0,0,0,4058,-7414,0.75
2021-09-16T00:00:00.000,13:10,40.877533,-73.86693,1,0,1,1,4087,-7386,0.3142857142857143
2021-09-10T00:00:00.000,11:38,40.70276,-73.856865,1,0,1,1,4070,-7385,0.39436619718309857
2021-09-15T00:00:00.000,7:00,40.631203,-74.15809,0,0,0,0,4063,-7415,0.3333333333333333
2021-09-15T00:00:00.000,13:45,40.74498,-73.89325,0,0,0,0,4074,-7389,0.3203125
2021-09-15T00:00:00.000,8:03,40.77437,-73.963554,0,0,0,0,4077,-7396,0.3695652173913043
2021-09-14T00:00:00.000,15:40,40.74209,-73.984985,1,0,1,1,4074,-7398,0.40131578947368424
2021-09-16T00:00:00.000,12:30,40.708965,-73.95673,0,0,0,0,4070,-7395,0.3475177304964539
2021-12-08T00:00:00.000,21:15,40.717308,-73.73985,0,0,0,0,4071,-7373,0.25
2021-08-30T00:00:00.000,19:10,40.673996,-73.92785,1,0,1,1,4067,-7392,0.39655172413793105
2021-09-16T00:00:00.000,11:41,40.675346,-73.92198,0,0,0,0,4067,-7392,0.39655172413793105
2021-09-17T00:00:00.000,16:00,40.738716,-73.78204,0,0,0,0,4073,-7378,0.391304347826087
2021-09-17T00:00:00.000,8:50,40.622,-74.03461,0,0,0,0,4062,-7403,0.15
2021-09-17T00:00:00.000,15:56,40.64031,-73.90984,0,0,0,0,4064,-7390,0.4017094017094017
2021-09-07T00:00:00.000,0:25,40.677353,-73.94424,0,0,0,0,4067,-7394,0.34074074074074073
2021-09-16T00:00:00.000,0:03,40.6366,-74.0068,0,0,0,0,4063,-7400,0.3068181818181818
2021-09-16T00:00:00.000,12:45,40.677864,-73.99808,0,0,0,0,4067,-7399,0.3258426966292135
2021-09-16T00:00:00.000,12:34,40.67679,-73.91904,1,0,1,1,4067,-7391,0.36597938144329895
2021-08-21T00:00:00.000,22:25,40.625175,-73.9614,1,0,1,1,4062,-7396,0.375
2021-09-16T00:00:00.000,15:00,40.828114,-73.93107,0,0,0,0,4082,-7393,0.36645962732919257
2021-09-16T00:00:00.000,15:30,40.828297,-73.95087,1,0,1,1,4082,-7395,0.4117647058823529
2021-09-11T00:00:00.000,15:08,40.77132,-73.98589,1,0,1,1,4077,-7398,0.38028169014084506
2021-09-13T00:00:00.000,13:00,40.69599,-73.98322,0,0,0,0,4069,-7398,0.3229166666666667
2021-09-16T00:00:00.000,20:10,40.707752,-73.94666,0,0,0,0,4070,-7394,0.3956043956043956
2021-09-17T00:00:00.000,20:13,40.590065,-73.958664,0,0,0,0,4059,-7395,0.3181818181818182
2021-09-13T00:00:00.000,18:32,40.81361,-73.913345,0,0,0,0,4081,-7391,0.47244094488188976
2021-09-16T00:00:00.000,0:00,40.833664,-73.902504,0,0,0,0,4083,-7390,0.3064516129032258
2021-09-16T00:00:00.000,17:55,40.757378,-73.92691,1,0,1,1,4075,-7392,0.48148148148148145
2021-09-17T00:00:00.000,14:30,40.67657,-73.9008,2,0,1,1,4067,-7390,0.3282442748091603
2021-09-15T00:00:00.000,13:55,40.768127,-73.87625,0,0,0,0,4076,-7387,0.48214285714285715
2021-09-15T00:00:00.000,8:45,40.702236,-73.92715,0,0,0,0,4070,-7392,0.24305555555555555
2021-09-15T00:00:00.000,8:25,40.79989,-73.93859,1,0,1,1,4079,-7393,0.36585365853658536
2021-09-05T00:00:00.000,5:20,40.784878,-73.955894,0,0,0,0,4078,-7395,0.42168674698795183
2021-09-15T00:00:00.000,10:14,40.698406,-73.80647,0,0,0,0,4069,-7380,0.38461538461538464
2021-09-16T00:00:00.000,9:50,40.747303,-73.864975,0,0,0,0,4074,-7386,0.3813559322033898
2021-09-16T00:00:00.000,0:04,40.642605,-74.01981,1,0,1,1,4064,-7401,0.4295774647887324
2021-09-17T00:00:00.000,17:00,40.73807,-73.93756,2,0,1,1,4073,-7393,0.38461538461538464
2021-09-16T00:00:00.000,6:00,40.73518,-73.71835,1,0,1,1,4073,-7371,0.2857142857142857
2021-09-15T00:00:00.000,15:39,40.77209,-73.90965,1,0,1,1,4077,-7390,0.3404255319148936
2021-09-17T00:00:00.000,0:00,40.69278,-73.98895,0,0,0,0,4069,-7398,0.3229166666666667
2021-09-14T00:00:00.000,15:00,40.8932,-73.85919,0,0,0,0,4089,-7385,0.3813559322033898
2021-09-14T00:00:00.000,18:46,40.6535,-73.91452,1,0,1,1,4065,-7391,0.425
2021-09-13T00:00:00.000,7:00,40.691433,-73.89063,3,0,1,1,4069,-7389,0.3709677419354839
2021-09-15T00:00:00.000,17:00,40.700844,-73.76442,0,0,0,0,4070,-7376,0.43902439024390244
2021-09-15T00:00:00.000,1:24,40.7605,-73.95699,2,0,1,1,4076,-7395,0.3696969696969697
2021-09-16T00:00:00.000,12:30,40.77194,-73.8465,0,0,0,0,4077,-7384,0.125
2021-09-11T00:00:00.000,12:52,40.676292,-73.92484,1,0,1,1,4067,-7392,0.39655172413793105
2021-09-15T00:00:00.000,17:14,40.656162,-73.93087,0,0,0,0,4065,-7393,0.44366197183098594
2021-09-15T00:00:00.000,23:37,40.743214,-73.95135,1,0,1,1,4074,-7395,0.35185185185185186
2021-09-15T00:00:00.000,16:00,40.635563,-74.07725,0,0,0,0,4063,-7407,0.4444444444444444
2021-09-16T00:00:00.000,23:29,40.845036,-73.935036,0,0,0,0,4084,-7393,0.32786885245901637
2021-09-12T00:00:00.000,14:34,40.82474,-73.899536,1,0,1,1,4082,-7389,0.37423312883435583
2021-12-18T00:00:00.000,12:08,40.780506,-73.94425,1,0,1,1,4078,-7394,0.33513513513513515
2021-09-16T00:00:00.000,22:00,40.612392,-74.03274,0,0,0,0,4061,-7403,0.2777777777777778
2021-09-13T00:00:00.000,14:00,40.71997,-73.992905,2,0,1,1,4071,-7399,0.3263157894736842
2021-09-15T00:00:00.000,5:50,40.753998,-73.99775,0,0,0,0,4075,-7399,0.2830188679245283
2021-09-14T00:00:00.000,17:25,40.730316,-73.95288,0,0,0,0,4073,-7395,0.30434782608695654
2021-09-16T00:00:00.000,14:25,40.68866,-73.922905,0,0,0,0,4068,-7392,0.2542372881355932
2021-09-17T00:00:00.000,4:00,40.811584,-73.90868,0,0,0,0,4081,-7390,0.3888888888888889
2021-09-17T00:00:00.000,14:17,40.750763,-73.97445,0,0,0,0,4075,-7397,0.375886524822695
2021-09-17T00:00:00.000,19:10,40.859306,-73.89885,0,0,0,0,4085,-7389,0.3353658536585366
2021-09-17T00:00:00.000,10:26,40.689445,-73.808716,1,0,1,1,4068,-7380,0.3829787234042553
2021-09-17T00:00:00.000,22:27,40.86381,-73.864716,1,0,1,1,4086,-7386,0.4642857142857143
2021-09-15T00:00:00.000,22:10,40.639927,-73.94939,1,0,1,1,4063,-7394,0.358974358974359
2021-09-17T00:00:00.000,12:00,40.707962,-73.78323,0,0,0,0,4070,-7378,0.34523809523809523
2021-09-17T00:00:00.000,15:30,40.665726,-73.96425,2,0,1,1,4066,-7396,0.4074074074074074
2021-09-15T00:00:00.000,18:30,40.65289,-73.866745,0,0,0,0,4065,-7386,0.36619718309859156
2021-09-15T00:00:00.000,15:27,40.7495,-73.94667,1,0,1,1,4074,-7394,0.33962264150943394
2021-09-05T00:00:00.000,0:01,40.75739,-73.91697,0,0,0,0,4075,-7391,0.4777777777777778
2021-09-13T00:00:00.000,12:32,40.674313,-73.95009,0,0,0,0,4067,-7395,0.3695652173913043
2021-09-16T00:00:00.000,11:00,40.879307,-73.859825,0,0,0,0,4087,-7385,0.37681159420289856
2021-09-17T00:00:00.000,11:52,40.692772,-73.92782,0,0,0,0,4069,-7392,0.3584905660377358
2021-09-07T00:00:00.000,15:00,40.701233,-73.99346,0,0,0,0,4070,-7399,0.21052631578947367
2021-09-15T00:00:00.000,11:00,40.708424,-73.95791,2,0,1,1,4070,-7395,0.3475177304964539
2021-12-18T00:00:00.000,12:09,40.76635,-73.89093,1,0,1,1,4076,-7389,0.35185185185185186
2021-09-17T00:00:00.000,17:50,40.60718,-73.94514,1,0,1,1,4060,-7394,0.5217391304347826
2021-09-16T00:00:00.000,20:34,40.80174,-73.96477,2,0,1,1,4080,-7396,0.31343283582089554
2021-09-16T00:00:00.000,6:55,40.752026,-73.86909,0,0,0,0,4075,-7386,0.33653846153846156
2021-09-13T00:00:00.000,16:00,40.72369,-73.97604,1,0,1,1,4072,-7397,0.3283582089552239
2021-09-17T00:00:00.000,15:42,40.645344,-73.87897,0,0,0,0,4064,-7387,0.4918032786885246
2021-09-15T00:00:00.000,6:10,40.698536,-73.91788,1,0,1,1,4069,-7391,0.2709677419354839
2021-09-15T00:00:00.000,13:48,40.6861,-73.96539,0,0,0,0,4068,-7396,0.42567567567567566
2021-09-17T00:00:00.000,21:34,40.706863,-73.94021,0,0,0,0,4070,-7394,0.3956043956043956
2021-09-15T00:00:00.000,10:00,40.67267,-73.77738,0,0,0,0,4067,-7377,0.32608695652173914
2021-04-28T00:00:00.000,14:56,40.866047,-73.87207,0,0,0,0,4086,-7387,0.34545454545454546
2021-09-15T00:00:00.000,14:30,40.818085,-73.96048,2,0,1,1,4081,-7396,0.2222222222222222
2021-09-17T00:00:00.000,0:30,40.826275,-73.85971,2,0,1,1,4082,-7385,0.27
2021-09-15T00:00:00.000,18:34,40.7609,-73.81314,0,0,0,0,4076,-7381,0.4716981132075472
2021-09-15T00:00:00.000,16:39,40.605675,-73.966965,1,0,1,1,4060,-7396,0.5714285714285714
2021-09-15T00:00:00.000,17:20,40.749973,-73.80541,1,0,1,1,4074,-7380,0.35294117647058826
2021-09-15T00:00:00.000,18:20,40.712955,-73.9365,1,0,1,1,4071,-7393,0.2711864406779661
2021-09-16T00:00:00.000,21:38,40.71328,-73.83311,0,0,0,0,4071,-7383,0.37349397590361444
2021-09-15T00:00:00.000,20:54,40.733887,-74.0054,0,0,0,0,4073,-7400,0.2403846153846154
2021-09-15T00:00:00.000,16:16,40.68114,-73.7812,1,0,1,1,4068,-7378,0.3384615384615385
2021-09-16T00:00:00.000,12:48,40.631092,-73.89835,1,0,1,1,4063,-7389,0.41818181818181815
2021-09-14T00:00:00.000,16:55,40.61653,-74.08699,0,0,0,0,4061,-7408,0.30612244897959184
2021-09-15T00:00:00.000,1:10,40.62938,-74.025665,0,0,0,0,4062,-7402,0.3625
2021-09-17T00:00:00.000,21:15,40.84636,-73.84463,1,0,1,1,4084,-7384,0.4222222222222222
2021-09-16T00:00:00.000,23:45,40.752052,-73.85423,1,0,1,1,4075,-7385,0.3048780487804878
2021-09-17T00:00:00.000,17:00,40.72339,-73.95628,0,0,0,0,4072,-7395,0.22093023255813954
2021-09-16T00:00:00.000,0:40,40.75511,-73.871895,1,0,1,1,4075,-7387,0.33884297520661155
2021-09-17T00:00:00.000,16:10,40.702675,-73.93396,2,0,1,1,4070,-7393,0.3300970873786408
2021-09-16T00:00:00.000,23:50,40.62123,-73.93987,1,0,1,1,4062,-7393,0.4444444444444444
2021-09-17T00:00:00.000,14:00,40.767532,-73.953255,0,0,0,0,4076,-7395,0.3696969696969697
2021-09-17T00:00:00.000,11:35,40.715614,-73.94796,0,0,0,0,4071,-7394,0.3710691823899371
2021-09-16T00:00:00.000,16:30,40.86304,-73.89856,0,0,0,0,4086,-7389,0.40606060606060607
2021-09-16T00:00:00.000,14:50,40.655956,-73.95996,0,0,0,0,4065,-7395,0.38686131386861317
2023-01-14T00:00:00.000,13:33,40.679718,-74.01504,1,0,1,1,4067,-7401,0.32142857142857145
2021-09-17T00:00:00.000,10:30,40.71465,-74.00994,0,0,0,0,4071,-7400,0.25517241379310346
2021-09-11T00:00:00.000,13:00,40.6982,-73.7688,0,0,0,0,4069,-7376,0.3392857142857143
2021-09-13T00:00:00.000,15:05,40.71755,-73.99932,0,0,0,0,4071,-7399,0.3263157894736842
2021-09-16T00:00:00.000,21:00,40.633953,-74.085754,0,0,0,0,4063,-7408,0.2653061224489796
2021-09-17T00:00:00.000,20:36,40.68147,-73.99797,0,0,0,0,4068,-7399,0.17857142857142858
2021-09-17T00:00:00.000,15:10,40.816914,-73.88631,0,0,0,0,4081,-7388,0.25471698113207547
2021-09-15T00:00:00.000,0:00,40.6818,-73.88978,0,0,0,0,4068,-7388,0.36538461538461536
2021-09-14T00:00:00.000,20:33,40.865353,-73.89494,0,0,0,0,4086,-7389,0.40606060606060607
2021-09-17T00:00:00.000,14:55,40.844116,-73.89857,1,0,1,1,4084,-7389,0.33766233766233766
2021-09-17T00:00:00.000,20:55,40.709743,-73.907745,0,0,0,0,4070,-7390,0.37894736842105264
2021-09-16T00:00:00.000,20:14,40.697903,-73.9468,1,0,1,1,4069,-7394,0.417910447761194
2021-09-13T00:00:00.000,3:30,40.84706,-73.84908,0,0,0,0,4084,-7384,0.4222222222222222
2021-09-15T00:00:00.000,19:30,40.58412,-73.98187,0,0,0,0,4058,-7398,0.4
2021-09-14T00:00:00.000,13:00,40.5794,-74.16949,1,0,1,1,4057,-7416,0.36363636363636365
2021-09-15T00:00:00.000,22:20,40.874584,-73.8502,0,0,0,0,4087,-7385,0.37681159420289856
2021-09-17T00:00:00.000,12:15,40.70321,-73.94626,1,0,1,1,4070,-7394,0.3956043956043956
2021-09-17T00:00:00.000,7:00,40.67253,-73.798386,2,0,1,1,4067,-7379,0.4264705882352941
2021-09-15T00:00:00.000,15:26,40.693447,-73.917015,1,0,1,1,4069,-7391,0.2709677419354839
2021-09-15T00:00:00.000,12:00,40.74629,-73.93327,0,0,0,0,4074,-7393,0.3333333333333333
2021-09-16T00:00:00.000,15:00,40.76025,-73.96753,1,0,1,1,4076,-7396,0.3023255813953488
2021-09-17T00:00:00.000,1:40,40.693123,-73.8941,0,0,0,0,4069,-7389,0.3709677419354839
2021-09-15T00:00:00.000,18:30,40.770054,-73.914406,0,0,0,0,4077,-7391,0.3157894736842105
2021-09-15T00:00:00.000,7:00,40.59011,-73.97422,0,0,0,0,4059,-7397,0.3191489361702128
2021-09-15T00:00:00.000,14:42,40.692844,-73.99311,0,0,0,0,4069,-7399,0.29473684210526313
2021-09-10T00:00:00.000,9:00,40.82682,-73.94154,0,0,0,0,4082,-7394,0.3812154696132597
2021-09-15T00:00:00.000,21:00,40.58743,-74.16019,0,0,0,0,4058,-7416,0.3
2021-09-16T00:00:00.000,6:42,40.809563,-73.92923,0,0,0,0,4080,-7392,0.3141025641025641
2021-09-16T00:00:00.000,16:35,40.698452,-73.92176,0,0,0,0,4069,-7392,0.3584905660377358
2021-09-15T00:00:00.000,4:37,40.678116,-73.90787,0,0,0,0,4067,-7390,0.3282442748091603
2021-09-15T00:00:00.000,15:13,40.669754,-73.98923,1,0,1,1,4066,-7398,0.421875
2021-09-17T00:00:00.000,9:00,40.700592,-73.85457,0,0,0,0,4070,-7385,0.39436619718309857
2021-09-17T00:00:00.000,21:07,40.63747,-73.91918,1,0,1,1,4063,-7391,0.5
2021-09-14T00:00:00.000,10:45,40.694813,-73.98328,0,0,0,0,4069,-7398,0.3229166666666667
2021-09-17T00:00:00.000,17:50,40.672886,-73.99922,0,0,0,0,4067,-7399,0.3258426966292135
2021-09-16T00:00:00.000,13:08,40.668373,-73.92264,0,0,0,0,4066,-7392,0.355
2021-09-17T00:00:00.000,8:48,40.77005,-73.76129,0,0,0,0,4077,-7376,0.125
2021-09-17T00:00:00.000,23:00,40.68372,-73.92016,0,0,0,0,4068,-7392,0.2542372881355932
2021-09-16T00:00:00.000,0:08,40.626392,-74.13334,0,0,0,0,4062,-7413,0.4074074074074074
2021-09-15T00:00:00.000,8:40,40.869724,-73.838684,0,0,0,0,4086,-7383,0.3448275862068966
2021-12-18T00:00:00.000,20:30,40.669945,-73.95219,1,0,1,1,4066,-7395,0.44375
2021-09-15T00:00:00.000,22:43,40.835808,-73.949455,0,0,0,0,4083,-7394,0.38926174496644295
2021-09-11T00:00:00.000,7:00,40.743195,-73.93673,0,0,0,0,4074,-7393,0.3333333333333333
2021-09-11T00:00:00.000,0:00,40.664574,-73.89527,1,0,1,1,4066,-7389,0.3103448275862069
2021-09-15T00:00:00.000,8:30,40.833447,-73.887955,0,0,0,0,4083,-7388,0.26717557251908397
2021-09-15T00:00:00.000,0:00,40.765137,-73.81944,0,0,0,0,4076,-7381,0.4716981132075472
2021-09-07T00:00:00.000,0:25,40.677048,-73.9387,0,0,0,0,4067,-7393,0.3755868544600939
2021-09-10T00:00:00.000,21:30,40.724827,-73.99459,0,0,0,0,4072,-7399,0.3829787234042553
2021-09-15T00:00:00.000,8:39,40.615562,-73.979645,2,0,1,1,4061,-7397,0.421875
2021-09-16T00:00:00.000,18:10,40.827244,-73.92406,0,0,0,0,4082,-7392,0.3333333333333333
2021-09-13T00:00:00.000,17:18,40.877296,-73.85212,3,0,1,1,4087,-7385,0.37681159420289856
2021-09-13T00:00:00.000,20:25,40.675545,-73.91101,0,0,0,0,4067,-7391,0.36597938144329895
2021-09-08T00:00:00.000,15:10,40.82309,-73.956345,0,0,0,0,4082,-7395,0.4117647058823529
2021-09-11T00:00:00.000,6:39,40.686863,-73.96448,0,0,0,0,4068,-7396,0.42567567567567566
2021-09-17T00:00:00.000,13:00,40.82398,-73.946724,0,0,0,0,4082,-7394,0.3812154696132597
2021-09-15T00:00:00.000,22:52,40.67151,-73.76455,0,0,0,0,4067,-7376,0.23076923076923078
2021-05-14T00:00:00.000,9:23,40.862755,-73.901085,1,0,1,1,4086,-7390,0.42748091603053434
2021-09-15T00:00:00.000,5:05,40.590164,-73.79787,1,0,1,1,4059,-7379,0.2692307692307692
2021-09-16T00:00:00.000,18:20,40.677834,-73.88509,0,0,0,0,4067,-7388,0.30434782608695654
2021-09-15T00:00:00.000,10:00,40.711697,-74.00582,0,0,0,0,4071,-7400,0.25517241379310346
2021-09-16T00:00:00.000,16:36,40.769684,-73.82165,0,0,0,0,4076,-7382,0.2987012987012987
2021-09-15T00:00:00.000,12:56,40.663353,-73.87464,0,0,0,0,4066,-7387,0.38461538461538464
2021-09-15T00:00:00.000,12:30,40.82857,-73.9246,0,0,0,0,4082,-7392,0.3333333333333333
2021-09-14T00:00:00.000,9:00,40.85315,-73.90561,0,0,0,0,4085,-7390,0.42207792207792205
2021-09-15T00:00:00.000,8:08,40.650414,-73.95798,1,0,1,1,4065,-7395,0.38686131386861317
2021-09-16T00:00:00.000,19:44,40.76968,-73.9162,0,0,0,0,4076,-7391,0.40476190476190477
2021-09-15T00:00:00.000,8:25,40.662563,-73.89146,0,0,0,0,4066,-7389,0.3103448275862069
2021-09-14T00:00:00.000,21:00,40.844246,-73.93372,0,0,0,0,4084,-7393,0.32786885245901637
2021-08-21T00:00:00.000,12:00,40.840042,-73.863945,1,0,1,1,4084,-7386,0.375
2021-09-16T00:00:00.000,0:50,40.820568,-73.959305,3,0,1,1,4082,-7395,0.4117647058823529
2021-09-17T00:00:00.000,11:00,40.788246,-73.81901,0,0,0,0,4078,-7381,0.22580645161290322
2021-09-15T00:00:00.000,20:10,40.792187,-73.9382,0,0,0,0,4079,-7393,0.36585365853658536
2021-09-14T00:00:00.000,17:35,40.83037,-73.94015,1,0,1,1,4083,-7394,0.38926174496644295
2021-09-01T00:00:00.000,15:10,40.655117,-73.95501,0,0,0,0,4065,-7395,0.38686131386861317
2021-11-26T00:00:00.000,8:59,40.652714,-73.93048,1,0,1,1,4065,-7393,0.44366197183098594
2021-09-15T00:00:00.000,9:39,40.65818,-73.92465,1,0,1,1,4065,-7392,0.35555555555555557
2021-09-17T00:00:00.000,13:20,40.861862,-73.91275,0,0,0,0,4086,-7391,0.38016528925619836
2021-09-16T00:00:00.000,17:30,40.755997,-73.8634,2,0,1,1,4075,-7386,0.33653846153846156
2021-09-15T00:00:00.000,15:00,40.695827,-73.855385,1,0,1,1,4069,-7385,0.34
2021-09-10T00:00:00.000,12:30,40.673073,-73.97645,0,0,0,0,4067,-7397,0.2818181818181818
2021-09-12T00:00:00.000,0:00,40.603607,-74.01763,0,0,0,0,4060,-7401,0.30357142857142855
2021-09-16T00:00:00.000,8:51,40.666862,-73.8045,1,0,1,1,4066,-7380,0.40789473684210525
2021-09-17T00:00:00.000,12:05,40.80352,-73.93302,1,0,1,1,4080,-7393,0.36312849162011174
2021-12-18T00:00:00.000,1:50,40.857525,-73.892654,1,0,1,1,4085,-7389,0.3353658536585366
2021-09-14T00:00:00.000,12:50,40.6904,-73.92365,1,0,1,1,4069,-7392,0.3584905660377358
2021-09-17T00:00:00.000,11:00,40.722576,-73.94049,2,0,1,1,4072,-7394,0.19801980198019803
2021-09-15T00:00:00.000,0:15,40.633858,-73.911446,4,0,1,1,4063,-7391,0.5
2021-09-15T00:00:00.000,12:00,40.8553,-73.901306,0,0,0,0,4085,-7390,0.42207792207792205
2021-09-13T00:00:00.000,20:30,40.717922,-73.9931,0,0,0,0,4071,-7399,0.3263157894736842
2021-09-16T00:00:00.000,16:00,40.759686,-73.821175,0,0,0,0,4075,-7382,0.4915254237288136
2021-09-15T00:00:00.000,13:25,40.7968,-73.929375,0,0,0,0,4079,-7392,0.4
2021-09-14T00:00:00.000,19:40,40.687485,-73.91993,0,0,0,0,4068,-7391,0.344
2021-09-15T00:00:00.000,7:50,40.663692,-73.93595,0,0,0,0,4066,-7393,0.38578680203045684
2021-09-15T00:00:00.000,19:53,40.67069,-73.91703,1,0,1,1,4067,-7391,0.36597938144329895
2021-09-13T00:00:00.000,10:17,40.701694,-73.78984,0,0,0,0,4070,-7378,0.34523809523809523
2021-09-16T00:00:00.000,4:05,40.822285,-73.89174,0,0,0,0,4082,-7389,0.37423312883435583
2021-09-15T00:00:00.000,17:56,40.688408,-73.98657,1,0,1,1,4068,-7398,0.3873239436619718
2021-09-09T00:00:00.000,11:30,40.753788,-73.744286,1,0,1,1,4075,-7374,0.3333333333333333
2021-09-15T00:00:00.000,16:40,40.794735,-73.96988,0,0,0,0,4079,-7396,0.25
2021-09-16T00:00:00.000,10:10,40.753716,-73.996056,0,0,0,0,4075,-7399,0.2830188679245283
2021-09-17T00:00:00.000,9:00,40.781517,-73.94598,0,0,0,0,4078,-7394,0.33513513513513515
2021-09-15T00:00:00.000,4:50,40.817116,-73.88307,0,0,0,0,4081,-7388,0.25471698113207547
2021-09-16T00:00:00.000,22:50,40.682186,-73.86982,1,0,1,1,4068,-7386,0.423728813559322
2021-09-17T00:00:00.000,6:50,40.642662,-73.9022,0,0,0,0,4064,-7390,0.4017094017094017
2021-09-15T00:00:00.000,0:37,40.648533,-73.95827,0,0,0,0,4064,-7395,0.4796747967479675
2021-09-17T00:00:00.000,18:47,40.701008,-73.9424,0,0,0,0,4070,-7394,0.3956043956043956
2021-09-10T00:00:00.000,16:39,40.877033,-73.846375,3,0,1,1,4087,-7384,0.47297297297297297
2021-09-15T00:00:00.000,10:30,40.704308,-73.91924,0,0,0,0,4070,-7391,0.27450980392156865
2021-09-17T00:00:00.000,17:30,40.707653,-73.921776,0,0,0,0,4070,-7392,0.24305555555555555
2021-09-17T00:00:00.000,7:47,40.641727,-73.907646,0,0,0,0,4064,-7390,0.4017094017094017
2021-09-15T00:00:00.000,19:57,40.739964,-73.89424,0,0,0,0,4073,-7389,0.2857142857142857
2021-09-04T00:00:00.000,0:22,40.756256,-73.924515,0,0,0,0,4075,-7392,0.48148148148148145
2021-09-16T00:00:00.000,20:10,40.659405,-73.9505,1,0,1,1,4065,-7395,0.38686131386861317
2021-09-16T00:00:00.000,13:00,40.74165,-73.716576,0,0,0,0,4074,-7371,0.38095238095238093
2021-09-16T00:00:00.000,10:30,40.667076,-73.99508,0,0,0,0,4066,-7399,0.40540540540540543
2021-09-17T00:00:00.000,6:25,40.697216,-73.872955,0,0,0,0,4069,-7387,0.5
2021-09-09T00:00:00.000,10:45,40.694984,-73.9977,0,0,0,0,4069,-7399,0.29473684210526313
2021-09-17T00:00:00.000,12:57,40.68916,-73.99263,0,0,0,0,4068,-7399,0.17857142857142858
2021-09-17T00:00:00.000,14:53,40.60316,-73.98169,2,0,1,1,4060,-7398,0.2711864406779661
2021-09-03T00:00:00.000,8:00,40.878365,-73.85893,0,0,0,0,4087,-7385,0.37681159420289856
2021-09-16T00:00:00.000,2:22,40.661007,-73.92911,0,0,0,0,4066,-7392,0.355
2021-09-10T00:00:00.000,15:30,40.752403,-73.92442,1,0,1,1,4075,-7392,0.48148148148148145
2021-09-16T00:00:00.000,10:35,40.671585,-73.99843,0,0,0,0,4067,-7399,0.3258426966292135
2021-09-16T00:00:00.000,22:01,40.823494,-73.89421,0,0,0,0,4082,-7389,0.37423312883435583
2021-09-01T00:00:00.000,20:20,40.76258,-74.0004,0,0,0,0,4076,-7400,0.3333333333333333
2021-09-16T00:00:00.000,18:02,40.687553,-73.980385,1,0,1,1,4068,-7398,0.3873239436619718
2021-09-13T00:00:00.000,18:30,40.719864,-73.94486,0,0,0,0,4071,-7394,0.3710691823899371
2021-09-16T00:00:00.000,14:30,40.58922,-73.98672,2,0,1,1,4058,-7398,0.4
2021-09-15T00:00:00.000,20:35,40.75548,-73.74173,0,0,0,0,4075,-7374,0.3333333333333333
2021-09-17T00:00:00.000,20:35,40.744076,-73.900925,1,0,1,1,4074,-7390,0.40625
2021-09-15T00:00:00.000,19:20,40.62508,-73.962326,0,0,0,0,4062,-7396,0.375
2021-09-15T00:00:00.000,20:20,40.62973,-73.922226,0,0,0,0,4062,-7392,0.3611111111111111
2021-09-17T00:00:00.000,13:20,40.681076,-73.88111,0,0,0,0,4068,-7388,0.36538461538461536
2021-09-17T00:00:00.000,11:45,40.68605,-73.831726,0,0,0,0,4068,-7383,0.45454545454545453
2021-09-15T00:00:00.000,16:59,40.65616,-73.76736,0,0,0,0,4065,-7376,0.35714285714285715
2021-09-17T00:00:00.000,0:34,40.69985,-73.991035,0,0,0,0,4069,-7399,0.29473684210526313
2021-09-15T00:00:00.000,5:30,40.713436,-73.91467,1,0,1,1,4071,-7391,0.1836734693877551
2021-09-17T00:00:00.000,13:10,40.798622,-73.94163,1,0,1,1,4079,-7394,0.3523809523809524
2021-09-10T00:00:00.000,0:30,40.697258,-73.80575,0,0,0,0,4069,-7380,0.38461538461538464
2021-09-15T00:00:00.000,15:00,40.655785,-73.86289,0,0,0,0,4065,-7386,0.36619718309859156
2021-09-17T00:00:00.000,8:55,0.0,0.0,2,0,1,1,0,0,0.40425531914893614
2021-09-16T00:00:00.000,14:25,40.760216,-73.985344,0,0,0,0,4076,-7398,0.3081761006289308
2021-09-17T00:00:00.000,14:00,40.798622,-73.94163,0,0,0,0,4079,-7394,0.3523809523809524
2021-09-17T00:00:00.000,6:50,40.87829,-73.87006,0,0,0,0,4087,-7387,0.297029702970297
2021-09-17T00:00:00.000,0:00,40.837166,-73.88718,0,0,0,0,4083,-7388,0.26717557251908397
2021-09-17T00:00:00.000,22:15,40.775604,-73.81279,0,0,0,0,4077,-7381,0.3157894736842105
2021-09-15T00:00:00.000,20:40,40.83354,-73.89631,0,0,0,0,4083,-7389,0.3333333333333333
2021-09-15T00:00:00.000,19:08,40.608074,-74.11827,2,0,1,1,4060,-7411,0.35714285714285715
2021-09-15T00:00:00.000,0:00,40.699802,-73.773964,0,0,0,0,4069,-7377,0.35135135135135137
2021-09-15T00:00:00.000,14:50,40.761486,-73.96061,1,0,1,1,4076,-7396,0.3023255813953488
2021-09-15T00:00:00.000,7:40,40.671787,-73.90544,0,0,0,0,4067,-7390,0.3282442748091603
2021-09-17T00:00:00.000,19:33,40.857426,-73.89111,0,0,0,0,4085,-7389,0.3353658536585366
2021-08-28T00:00:00.000,17:10,40.72526,-73.99475,0,0,0,0,4072,-7399,0.3829787234042553
2021-09-17T00:00:00.000,22:50,40.732822,-73.8684,1,0,1,1,4073,-7386,0.3464566929133858
2021-09-17T00:00:00.000,11:30,40.648182,-74.02147,0,0,0,0,4064,-7402,0.41379310344827586
2021-09-15T00:00:00.000,19:36,40.687637,-73.97077,1,0,1,1,4068,-7397,0.3412322274881517
2021-09-10T00:00:00.000,23:00,40.73783,-73.9357,1,0,1,1,4073,-7393,0.38461538461538464
2021-09-17T00:00:00.000,19:35,40.86605,-73.90277,0,0,0,0,4086,-7390,0.42748091603053434
2021-12-17T00:00:00.000,19:20,40.677998,-73.97306,0,0,0,0,4067,-7397,0.2818181818181818
2021-09-11T00:00:00.000,9:15,40.771477,-73.91824,0,0,0,0,4077,-7391,0.3157894736842105
2021-09-09T00:00:00.000,23:53,40.782475,-73.98082,0,0,0,0,4078,-7398,0.42105263157894735
2021-09-16T00:00:00.000,18:55,40.801464,-73.96218,0,0,0,0,4080,-7396,0.31343283582089554
2021-09-17T00:00:00.000,17:05,40.726143,-73.88714,1,0,1,1,4072,-7388,0.4
2021-09-12T00:00:00.000,8:00,40.81848,-73.9553,0,0,0,0,4081,-7395,0.3509933774834437
2021-09-09T00:00:00.000,10:20,40.696217,-73.7436,1,0,1,1,4069,-7374,0.46774193548387094
2021-09-13T00:00:00.000,20:50,40.879547,-73.885796,1,0,1,1,4087,-7388,0.3561643835616438
2021-09-16T00:00:00.000,14:10,40.685017,-73.84336,0,0,0,0,4068,-7384,0.3333333333333333
2021-09-17T00:00:00.000,11:30,40.741753,-73.82528,1,0,1,1,4074,-7382,0.4057971014492754
2021-09-14T00:00:00.000,11:17,40.753994,-73.94244,1,0,1,1,4075,-7394,0.41333333333333333
2021-09-15T00:00:00.000,19:11,40.646526,-74.00662,0,0,0,0,4064,-7400,0.36764705882352944
2021-09-15T00:00:00.000,22:00,40.757828,-73.99308,1,0,1,1,4075,-7399,0.2830188679245283
2022-03-11T00:00:00.000,10:01,40.809864,-73.951416,1,0,1,1,4080,-7395,0.381294964028777
2021-09-17T00:00:00.000,20:26,40.768536,-73.786705,1,0,1,1,4076,-7378,0.4
2021-09-17T00:00:00.000,0:57,40.716057,-73.745255,0,0,0,0,4071,-7374,0.23404255319148937
2021-09-15T00:00:00.000,22:45,40.62146,-74.07175,0,0,0,0,4062,-7407,0.35714285714285715
2021-09-15T00:00:00.000,5:25,40.63013,-74.01756,0,0,0,0,4063,-7401,0.37777777777777777
2021-09-15T00:00:00.000,11:00,40.71913,-73.976364,0,0,0,0,4071,-7397,0.41509433962264153
2021-09-13T00:00:00.000,14:00,40.705402,-73.87469,0,0,0,0,4070,-7387,0.24324324324324326
2021-09-17T00:00:00.000,16:35,40.79944,-73.975006,0,0,0,0,4079,-7397,0.24210526315789474
2021-09-16T00:00:00.000,8:00,40.839275,-73.88436,0,0,0,0,4083,-7388,0.26717557251908397
2021-09-17T00:00:00.000,9:15,40.710716,-73.95359,1,0,1,1,4071,-7395,0.36585365853658536
2021-09-15T00:00:00.000,17:00,40.884357,-73.9094,0,0,0,0,4088,-7390,0.2702702702702703
2021-09-15T00:00:00.000,16:38,40.60433,-74.09347,0,0,0,0,4060,-7409,0.36363636363636365
2021-09-17T00:00:00.000,23:30,40.645134,-73.90232,1,0,1,1,4064,-7390,0.4017094017094017
2021-09-15T00:00:00.000,17:45,40.761272,-73.95571,1,0,1,1,4076,-7395,0.3696969696969697
2021-09-15T00:00:00.000,15:50,40.851574,-73.882195,0,0,0,0,4085,-7388,0.3
2021-09-15T00:00:00.000,11:55,40.74106,-73.946106,2,0,1,1,4074,-7394,0.33962264150943394
2021-09-17T00:00:00.000,19:45,40.58466,-73.95086,1,0,1,1,4058,-7395,0.3465346534653465
2021-09-17T00:00:00.000,7:14,40.759926,-73.96679,0,0,0,0,4075,-7396,0.4788732394366197
2021-09-17T00:00:00.000,16:15,40.64137,-73.87729,1,0,1,1,4064,-7387,0.4918032786885246
2021-09-15T00:00:00.000,9:13,40.64934,-73.94264,0,0,0,0,4064,-7394,0.42342342342342343
2021-09-16T00:00:00.000,22:49,40.843365,-73.91545,0,0,0,0,4084,-7391,0.32558139534883723
2021-09-11T00:00:00.000,4:40,40.665848,-73.75187,0,0,0,0,4066,-7375,0.3
2021-09-15T00:00:00.000,8:25,40.59955,-73.76129,1,0,1,1,4059,-7376,0.23809523809523808
2021-09-13T00:00:00.000,17:54,40.810352,-73.91761,3,0,1,1,4081,-7391,0.47244094488188976
2021-09-13T00:00:00.000,10:57,40.582745,-73.835075,0,0,0,0,4058,-7383,0.38461538461538464
2021-09-09T00:00:00.000,23:21,40.744186,-73.991875,0,0,0,0,4074,-7399,0.3333333333333333
2021-09-17T00:00:00.000,19:53,40.796562,-73.974205,0,0,0,0,4079,-7397,0.24210526315789474
2021-09-17T00:00:00.000,19:15,40.77246,-73.96705,0,0,0,0,4077,-7396,0.3695652173913043
2021-09-17T00:00:00.000,7:54,40.833755,-73.87407,1,0,1,1,4083,-7387,0.38414634146341464
2021-09-15T00:00:00.000,0:10,40.747833,-73.83301,2,0,1,1,4074,-7383,0.4067796610169492
2021-09-17T00:00:00.000,16:12,40.68708,-73.913895,1,0,1,1,4068,-7391,0.344
2021-09-15T00:00:00.000,19:14,40.680016,-73.87743,1,0,1,1,4068,-7387,0.24719101123595505
2021-09-15T00:00:00.000,17:50,40.715168,-73.97741,1,0,1,1,4071,-7397,0.41509433962264153
2021-09-17T00:00:00.000,9:25,40.596222,-73.98897,1,0,1,1,4059,-7398,0.34146341463414637
2021-09-17T00:00:00.000,23:11,40.837708,-73.927635,0,0,0,0,4083,-7392,0.310126582278481
2021-09-13T00:00:00.000,21:16,40.76769,-73.93619,0,0,0,0,4076,-7393,0.44680851063829785
2021-09-17T00:00:00.000,9:05,40.668617,-73.98515,1,0,1,1,4066,-7398,0.421875
2021-09-17T00:00:00.000,11:10,40.631245,-73.988884,0,0,0,0,4063,-7398,0.4827586206896552
2021-09-16T00:00:00.000,22:30,40.599064,-73.74481,0,0,0,0,4059,-7374,0.18181818181818182
2021-09-15T00:00:00.000,18:15,40.66124,-73.94412,0,0,0,0,4066,-7394,0.36792452830188677
2021-09-16T00:00:00.000,4:00,40.749294,-73.86086,0,0,0,0,4074,-7386,0.3813559322033898
2021-09-11T00:00:00.000,1:15,40.72089,-73.99576,0,0,0,0,4072,-7399,0.3829787234042553
2021-09-17T00:00:00.000,15:00,40.62806,-74.02029,1,0,1,1,4062,-7402,0.3625
2021-09-17T00:00:00.000,9:15,40.720375,-73.855515,0,0,0,0,4072,-7385,0.4418604651162791
2021-09-17T00:00:00.000,12:20,40.674095,-73.911156,0,0,0,0,4067,-7391,0.36597938144329895
2021-09-13T00:00:00.000,19:05,40.676598,-73.93039,0,0,0,0,4067,-7393,0.3755868544600939
2021-09-15T00:00:00.000,12:36,40.752056,-74.00099,0,0,0,0,4075,-7400,0.3888888888888889
2021-09-15T00:00:00.000,11:48,40.852306,-73.89811,1,0,1,1,4085,-7389,0.3353658536585366
2021-09-13T00:00:00.000,14:35,40.694115,-73.79214,0,0,0,0,4069,-7379,0.25925925925925924
2021-09-15T00:00:00.000,22:30,40.821144,-73.95753,1,0,1,1,4082,-7395,0.4117647058823529
2021-09-17T00:00:00.000,17:35,40.665257,-73.739555,0,0,0,0,4066,-7373,0.44339622641509435
2021-09-17T00:00:00.000,14:01,40.686863,-73.96448,0,0,0,0,4068,-7396,0.42567567567567566
2021-09-15T00:00:00.000,17:30,40.709415,-73.87022,0,0,0,0,4070,-7387,0.24324324324324326
2021-08-23T00:00:00.000,17:30,40.759872,-73.784485,1,0,1,1,4075,-7378,0.18518518518518517
2021-09-15T00:00:00.000,14:30,40.700836,-73.99495,0,0,0,0,4070,-7399,0.21052631578947367
2021-09-13T00:00:00.000,3:40,40.772903,-73.92129,0,0,0,0,4077,-7392,0.3269230769230769
2021-09-16T00:00:00.000,14:00,40.595608,-74.00006,0,0,0,0,4059,-7400,0.2962962962962963
2021-09-15T00:00:00.000,8:55,40.882175,-73.88692,1,0,1,1,4088,-7388,0.42857142857142855
2021-09-17T00:00:00.000,11:54,40.874928,-73.86498,0,0,0,0,4087,-7386,0.3142857142857143
2021-09-16T00:00:00.000,8:15,40.79647,-73.93649,0,0,0,0,4079,-7393,0.36585365853658536
2021-09-16T00:00:00.000,0:33,40.794785,-73.96431,0,0,0,0,4079,-7396,0.25
2021-09-17T00:00:00.000,16:00,40.6772,-73.94147,0,0,0,0,4067,-7394,0.34074074074074073
2021-09-08T00:00:00.000,5:10,40.844917,-73.926384,0,0,0,0,4084,-7392,0.3181818181818182
2021-09-15T00:00:00.000,2:30,40.68935,-73.83957,0,0,0,0,4068,-7383,0.45454545454545453
2021-09-15T00:00:00.000,22:16,40.773655,-73.95173,0,0,0,0,4077,-7395,0.3384615384615385
2021-09-17T00:00:00.000,8:45,40.67819,-73.80144,0,0,0,0,4067,-7380,0.24615384615384617
2021-09-16T00:00:00.000,22:40,40.639256,-73.968796,0,0,0,0,4063,-7396,0.34615384615384615
2021-09-06T00:00:00.000,2:30,40.66408,-73.94817,0,0,0,0,4066,-7394,0.36792452830188677
2021-09-16T00:00:00.000,21:00,40.634262,-73.92749,0,0,0,0,4063,-7392,0.4036697247706422
2021-09-15T00:00:00.000,13:00,40.63692,-73.93752,0,0,0,0,4063,-7393,0.46153846153846156
2021-09-15T00:00:00.000,14:50,40.67239,-73.87463,0,0,0,0,4067,-7387,0.30344827586206896
2021-09-15T00:00:00.000,22:10,40.59791,-74.08361,0,0,0,0,4059,-7408,0.36363636363636365
2021-09-15T00:00:00.000,16:50,40.593193,-74.15637,1,0,1,1,4059,-7415,0.5
2021-09-15T00:00:00.000,7:46,40.626156,-73.983475,1,0,1,1,4062,-7398,0.38
2021-09-15T00:00:00.000,9:00,40.76932,-73.98908,0,0,0,0,4076,-7398,0.3081761006289308
2021-09-16T00:00:00.000,3:00,40.771736,-73.96125,0,0,0,0,4077,-7396,0.3695652173913043
2021-09-17T00:00:00.000,8:00,40.742405,-73.75348,0,0,0,0,4074,-7375,0.16666666666666666
2021-09-15T00:00:00.000,9:44,40.67626,-73.81525,0,0,0,0,4067,-7381,0.4230769230769231
2021-09-13T00:00:00.000,11:00,40.764732,-73.96637,0,0,0,0,4076,-7396,0.3023255813953488
2021-09-17T00:00:00.000,23:45,40.657555,-73.894196,1,0,1,1,4065,-7389,0.34965034965034963
2021-09-17T00:00:00.000,12:26,40.64504,-73.89318,1,0,1,1,4064,-7389,0.43478260869565216
2021-09-16T00:00:00.000,20:45,40.870224,-73.88717,0,0,0,0,4087,-7388,0.3561643835616438
2021-09-15T00:00:00.000,14:58,40.70159,-73.94875,1,0,1,1,4070,-7394,0.3956043956043956
2021-09-17T00:00:00.000,0:00,40.59011,-73.97422,0,0,0,0,4059,-7397,0.3191489361702128
2021-09-16T00:00:00.000,23:05,40.842636,-73.84561,0,0,0,0,4084,-7384,0.4222222222222222
2021-09-17T00:00:00.000,23:11,40.82138,-73.95414,1,0,1,1,4082,-7395,0.4117647058823529
2021-09-17T00:00:00.000,5:47,40.68683,-73.79996,1,0,1,1,4068,-7379,0.35
2021-09-16T00:00:00.000,18:50,40.749462,-73.86656,0,0,0,0,4074,-7386,0.3813559322033898
2021-09-13T00:00:00.000,6:00,40.852818,-73.90476,0,0,0,0,4085,-7390,0.42207792207792205
2021-09-15T00:00:00.000,22:08,40.814632,-73.9442,1,0,1,1,4081,-7394,0.38
2021-09-14T00:00:00.000,21:04,40.895374,-73.86356,2,0,1,1,4089,-7386,0.28205128205128205
2021-09-15T00:00:00.000,8:40,40.762764,-73.912605,0,0,0,0,4076,-7391,0.40476190476190477
2021-09-15T00:00:00.000,22:00,40.865284,-73.82252,0,0,0,0,4086,-7382,0.3611111111111111
2021-09-17T00:00:00.000,5:44,40.75916,-73.859116,0,0,0,0,4075,-7385,0.3048780487804878
2021-09-12T00:00:00.000,14:00,40.809147,-73.93605,0,0,0,0,4080,-7393,0.36312849162011174
2021-09-17T00:00:00.000,16:30,40.640583,-73.91894,0,0,0,0,4064,-7391,0.39805825242718446
2021-09-17T00:00:00.000,17:18,40.741493,-73.81477,0,0,0,0,4074,-7381,0.46153846153846156
2021-09-15T00:00:00.000,16:00,40.83228,-73.90963,1,0,1,1,4083,-7390,0.3064516129032258
2021-09-17T00:00:00.000,23:25,40.634964,-73.932076,2,0,1,1,4063,-7393,0.46153846153846156
2021-09-16T00:00:00.000,17:30,40.712788,-73.90294,0,0,0,0,4071,-7390,0.4
2021-09-17T00:00:00.000,15:45,40.660667,-73.88089,2,0,1,1,4066,-7388,0.37012987012987014
2021-09-15T00:00:00.000,8:28,40.62059,-73.95542,0,0,0,0,4062,-7395,0.4444444444444444
2021-09-16T00:00:00.000,6:15,40.719933,-73.97879,0,0,0,0,4071,-7397,0.41509433962264153
2021-09-15T00:00:00.000,0:00,40.895794,-73.85945,0,0,0,0,4089,-7385,0.3813559322033898
2021-09-17T00:00:00.000,0:53,40.682377,-73.767166,1,0,1,1,4068,-7376,0.35714285714285715
2021-09-15T00:00:00.000,11:00,40.847458,-73.944244,0,0,0,0,4084,-7394,0.17543859649122806
2021-09-13T00:00:00.000,11:30,40.710625,-73.96678,0,0,0,0,4071,-7396,0.3218390804597701
2021-09-17T00:00:00.000,22:00,40.753395,-73.79243,2,0,1,1,4075,-7379,0.38461538461538464
2021-09-17T00:00:00.000,13:00,40.76502,-73.82049,0,0,0,0,4076,-7382,0.2987012987012987
2021-09-15T00:00:00.000,18:20,40.64474,-73.92449,0,0,0,0,4064,-7392,0.4077669902912621
2021-09-15T00:00:00.000,14:40,40.78356,-73.82449,0,0,0,0,4078,-7382,0.3
2021-09-17T00:00:00.000,11:45,40.875923,-73.8619,0,0,0,0,4087,-7386,0.3142857142857143
2021-09-15T00:00:00.000,20:48,40.64253,-73.95159,3,0,1,1,4064,-7395,0.4796747967479675
2021-09-05T00:00:00.000,7:20,40.67043,-73.928185,0,0,0,0,4067,-7392,0.39655172413793105
2021-09-16T00:00:00.000,14:10,40.7014,-73.91858,1,0,1,1,4070,-7391,0.27450980392156865
2021-09-15T00:00:00.000,22:55,40.845776,-73.863464,0,0,0,0,4084,-7386,0.375
2021-09-15T00:00:00.000,9:10,40.821682,-73.89288,1,0,1,1,4082,-7389,0.37423312883435583
2021-09-17T00:00:00.000,19:40,40.707825,-74.00433,0,0,0,0,4070,-7400,0.2542372881355932
2021-09-16T00:00:00.000,8:01,40.839676,-73.871216,0,0,0,0,4083,-7387,0.38414634146341464
2021-09-15T00:00:00.000,14:35,40.64024,-73.91947,1,0,1,1,4064,-7391,0.39805825242718446
2021-09-17T00:00:00.000,7:20,40.6715,-73.91505,3,0,1,1,4067,-7391,0.36597938144329895
2021-09-17T00:00:00.000,17:00,40.659687,-73.759926,0,0,0,0,4065,-7375,0.4166666666666667
2021-09-17T00:00:00.000,5:12,40.76484,-73.970505,0,0,0,0,4076,-7397,0.37
2021-09-17T00:00:00.000,12:30,40.71772,-73.96202,0,0,0,0,4071,-7396,0.3218390804597701
2021-09-15T00:00:00.000,18:02,40.612488,-73.89707,3,0,1,1,4061,-7389,0.45454545454545453
2021-04-29T00:00:00.000,18:20,40.66088,-73.76977,0,0,0,0,4066,-7376,0.30434782608695654
2021-09-16T00:00:00.000,13:30,40.71146,-73.79647,0,0,0,0,4071,-7379,0.3888888888888889
2021-09-16T00:00:00.000,9:05,40.692974,-73.90811,0,0,0,0,4069,-7390,0.29591836734693877
2021-09-10T00:00:00.000,18:40,40.81903,-73.91262,0,0,0,0,4081,-7391,0.47244094488188976
2021-09-17T00:00:00.000,15:02,40.68603,-73.93268,1,0,1,1,4068,-7393,0.3619047619047619
2021-09-17T00:00:00.000,8:40,40.662468,-73.99226,0,0,0,0,4066,-7399,0.40540540540540543
2021-09-17T00:00:00.000,17:10,40.684544,-73.96509,0,0,0,0,4068,-7396,0.42567567567567566
2021-09-15T00:00:00.000,20:00,40.655827,-73.9376,0,0,0,0,4065,-7393,0.44366197183098594
2021-09-17T00:00:00.000,21:00,40.75633,-73.98767,0,0,0,0,4075,-7398,0.3170731707317073
2021-09-16T00:00:00.000,4:00,40.90478,-73.9003,0,0,0,0,4090,-7390,0.11764705882352941
2021-09-15T00:00:00.000,18:00,40.742874,-73.933945,0,0,0,0,4074,-7393,0.3333333333333333
2021-09-16T00:00:00.000,10:55,40.666756,-73.83653,0,0,0,0,4066,-7383,0.5
2021-09-04T00:00:00.000,14:00,40.677715,-73.93587,0,0,0,0,4067,-7393,0.3755868544600939
2021-09-02T00:00:00.000,23:30,40.736145,-73.72067,0,0,0,0,4073,-7372,0.3333333333333333
2021-09-17T00:00:00.000,22:42,40.635242,-74.02028,1,0,1,1,4063,-7402,0.3877551020408163
2021-09-14T00:00:00.000,18:19,40.7923,-73.807236,0,0,0,0,4079,-7380,0.2
2021-09-15T00:00:00.000,7:00,40.643932,-74.08595,0,0,0,0,4064,-7408,0.2894736842105263
2021-08-05T00:00:00.000,16:00,40.853813,-73.90734,1,0,1,1,4085,-7390,0.42207792207792205
2021-09-17T00:00:00.000,11:40,40.71249,-73.93848,0,0,0,0,4071,-7393,0.2711864406779661
2021-09-15T00:00:00.000,20:23,40.71258,-73.958115,0,0,0,0,4071,-7395,0.36585365853658536
2021-09-13T00:00:00.000,10:25,40.6871,-73.92989,1,0,1,1,4068,-7392,0.2542372881355932
2021-09-17T00:00:00.000,16:30,40.844917,-73.926384,0,0,0,0,4084,-7392,0.3181818181818182
2021-09-15T00:00:00.000,11:37,40.84816,-73.86338,1,0,1,1,4084,-7386,0.375
2021-09-15T00:00:00.000,4:23,40.65786,-73.93829,0,0,0,0,4065,-7393,0.44366197183098594
2021-09-15T00:00:00.000,11:37,40.669933,-73.88773,0,0,0,0,4066,-7388,0.37012987012987014
2021-09-17T00:00:00.000,11:02,40.827274,-73.904915,0,0,0,0,4082,-7390,0.3025210084033613
2021-09-15T00:00:00.000,4:00,40.749866,-73.86273,1,0,1,1,4074,-7386,0.3813559322033898
2021-09-17T00:00:00.000,13:43,40.588207,-73.95221,0,0,0,0,4058,-7395,0.3465346534653465
2021-09-16T00:00:00.000,19:30,40.8721,-73.849884,1,0,1,1,4087,-7384,0.47297297297297297
2021-09-15T00:00:00.000,11:15,40.802578,-73.939156,0,0,0,0,4080,-7393,0.36312849162011174
2021-09-15T00:00:00.000,13:50,40.707226,-73.80048,0,0,0,0,4070,-7380,0.3877551020408163
2021-09-15T00:00:00.000,19:45,40.703934,-73.959854,0,0,0,0,4070,-7395,0.3475177304964539
2021-09-14T00:00:00.000,16:50,40.84249,-73.868004,0,0,0,0,4084,-7386,0.375
2021-09-17T00:00:00.000,0:00,40.732887,-73.920586,0,0,0,0,4073,-7392,0.4444444444444444
2021-09-15T00:00:00.000,14:45,40.642796,-74.00197,1,0,1,1,4064,-7400,0.36764705882352944
2021-09-15T00:00:00.000,17:07,40.62397,-73.95021,7,0,1,1,4062,-7395,0.4444444444444444
2021-09-17T00:00:00.000,9:36,40.665516,-73.88286,0,0,0,0,4066,-7388,0.37012987012987014
2021-09-15T00:00:00.000,23:55,40.89725,-73.855255,3,0,1,1,4089,-7385,0.3813559322033898
2021-12-18T00:00:00.000,22:50,40.671097,-73.731255,1,0,1,1,4067,-7373,0.46835443037974683
2021-09-17T00:00:00.000,17:00,40.812347,-73.95702,0,0,0,0,4081,-7395,0.3509933774834437
2021-09-15T00:00:00.000,6:28,40.768356,-73.904884,0,0,0,0,4076,-7390,0.3055555555555556
2021-09-15T00:00:00.000,0:44,40.766083,-73.993164,0,0,0,0,4076,-7399,0.3275862068965517
2021-09-15T00:00:00.000,14:08,40.643745,-73.97009,1,0,1,1,4064,-7397,0.4095238095238095
2021-09-17T00:00:00.000,4:00,40.70767,-73.94325,0,0,0,0,4070,-7394,0.3956043956043956
2021-09-16T00:00:00.000,11:00,40.61633,-74.00441,0,0,0,0,4061,-7400,0.3076923076923077
2021-09-16T00:00:00.000,2:05,40.61796,-73.91812,0,0,0,0,4061,-7391,0.358974358974359
2021-09-15T00:00:00.000,10:15,40.596077,-73.797516,0,0,0,0,4059,-7379,0.2692307692307692
2021-09-17T00:00:00.000,16:39,40.736317,-73.97484,0,0,0,0,4073,-7397,0.32558139534883723
2021-09-15T00:00:00.000,19:00,40.749054,-73.95222,3,0,1,1,4074,-7395,0.35185185185185186
2021-09-16T00:00:00.000,13:50,40.85809,-73.901924,0,0,0,0,4085,-7390,0.42207792207792205
2021-09-15T00:00:00.000,21:09,40.877907,-73.85753,0,0,0,0,4087,-7385,0.37681159420289856
2021-04-29T00:00:00.000,18:55,40.82432,-73.89261,1,0,1,1,4082,-7389,0.37423312883435583
2021-09-16T00:00:00.000,17:23,40.753624,-73.96944,0,0,0,0,4075,-7396,0.4788732394366197
2021-09-16T00:00:00.000,8:15,40.732807,-73.986015,0,0,0,0,4073,-7398,0.36942675159235666
2021-09-17T00:00:00.000,23:45,40.765266,-73.81517,1,0,1,1,4076,-7381,0.4716981132075472
2021-09-15T00:00:00.000,10:05,40.769314,-73.95961,0,0,0,0,4076,-7395,0.3696969696969697
2021-09-16T00:00:00.000,15:00,40.73885,-73.810356,1,0,1,1,4073,-7381,0.3181818181818182
2021-09-16T00:00:00.000,17:25,40.707466,-73.7887,3,0,1,1,4070,-7378,0.34523809523809523
2021-09-13T00:00:00.000,13:30,40.877476,-73.83661,1,0,1,1,4087,-7383,0.3333333333333333
2021-09-17T00:00:00.000,18:16,40.768974,-73.773766,1,0,1,1,4076,-7377,0.20588235294117646
2021-09-17T00:00:00.000,19:05,40.61917,-74.025566,0,0,0,0,4061,-7402,0.4090909090909091
2021-09-14T00:00:00.000,11:30,40.729153,-73.94224,0,0,0,0,4072,-7394,0.19801980198019803
2021-09-15T00:00:00.000,14:30,40.572674,-74.10755,1,0,1,1,4057,-7410,0.3877551020408163
2021-09-17T00:00:00.000,15:30,40.66337,-73.89267,2,0,1,1,4066,-7389,0.3103448275862069
2021-09-16T00:00:00.000,8:35,40.67816,-73.897484,0,0,0,0,4067,-7389,0.33852140077821014
2021-09-16T00:00:00.000,10:00,40.61901,-73.98686,1,0,1,1,4061,-7398,0.3698630136986301
2021-09-15T00:00:00.000,23:30,40.766777,-73.89404,0,0,0,0,4076,-7389,0.35185185185185186
2021-09-16T00:00:00.000,20:20,40.639366,-73.9113,4,0,1,1,4063,-7391,0.5
2021-09-10T00:00:00.000,18:03,40.76945,-73.9171,0,0,0,0,4076,-7391,0.40476190476190477
2021-09-17T00:00:00.000,23:22,40.585026,-73.958275,0,0,0,0,4058,-7395,0.3465346534653465
2021-09-15T00:00:00.000,0:30,40.831203,-73.88724,0,0,0,0,4083,-7388,0.26717557251908397
2021-09-17T00:00:00.000,2:33,40.700726,-73.94194,2,0,1,1,4070,-7394,0.3956043956043956
2021-09-15T00:00:00.000,1:20,40.88014,-73.852036,0,0,0,0,4088,-7385,0.36619718309859156
2021-09-16T00:00:00.000,10:38,40.67058,-73.93096,0,0,0,0,4067,-7393,0.3755868544600939
2021-04-23T00:00:00.000,0:00,40.824738,-73.95435,1,0,1,1,4082,-7395,0.4117647058823529
2021-08-27T00:00:00.000,17:58,40.66813,-73.93675,1,0,1,1,4066,-7393,0.38578680203045684
2021-09-08T00:00:00.000,20:19,40.843956,-73.8978,1,0,1,1,4084,-7389,0.33766233766233766
2021-09-16T00:00:00.000,7:31,40.699455,-73.9397,1,0,1,1,4069,-7393,0.3141025641025641
2021-09-16T00:00:00.000,16:20,40.854965,-73.93625,0,0,0,0,4085,-7393,0.36585365853658536
2021-09-16T00:00:00.000,12:10,40.84205,-73.83791,0,0,0,0,4084,-7383,0.4318181818181818
2021-09-15T00:00:00.000,0:30,40.85706,-73.90469,1,0,1,1,4085,-7390,0.42207792207792205
2021-09-15T00:00:00.000,11:30,40.67643,-73.89128,1,0,1,1,4067,-7389,0.33852140077821014
2021-09-15T00:00:00.000,8:09,40.636353,-73.885765,1,0,1,1,4063,-7388,0.3835616438356164
2021-09-16T00:00:00.000,21:36,40.836136,-73.86616,0,0,0,0,4083,-7386,0.24822695035460993
2021-09-17T00:00:00.000,10:15,40.72579,-73.904724,1,0,1,1,4072,-7390,0.2978723404255319
2021-09-15T00:00:00.000,16:53,40.7591,-73.99214,0,0,0,0,4075,-7399,0.2830188679245283
2021-09-15T00:00:00.000,5:32,40.900604,-73.85259,0,0,0,0,4090,-7385,0.42105263157894735
2021-07-28T00:00:00.000,14:10,40.8232,-73.94515,0,0,0,0,4082,-7394,0.3812154696132597
2021-09-17T00:00:00.000,10:07,40.726624,-73.906456,0,0,0,0,4072,-7390,0.2978723404255319
2021-09-16T00:00:00.000,17:40,40.693047,-73.99074,0,0,0,0,4069,-7399,0.29473684210526313
2021-09-15T00:00:00.000,18:30,40.655903,-73.93475,0,0,0,0,4065,-7393,0.44366197183098594
2021-09-13T00:00:00.000,8:17,40.773148,-73.950554,0,0,0,0,4077,-7395,0.3384615384615385
2021-09-17T00:00:00.000,2:51,40.780087,-73.817154,0,0,0,0,4078,-7381,0.22580645161290322
2021-09-16T00:00:00.000,15:23,40.645348,-74.01375,1,0,1,1,4064,-7401,0.4295774647887324
2021-09-15T00:00:00.000,18:30,40.76393,-73.96908,0,0,0,0,4076,-7396,0.3023255813953488
2021-09-15T00:00:00.000,12:10,40.675842,-73.78305,0,0,0,0,4067,-7378,0.2
2021-09-15T00:00:00.000,14:40,40.85188,-73.8683,0,0,0,0,4085,-7386,0.33766233766233766
2021-09-13T00:00:00.000,7:20,40.677822,-73.91636,2,0,1,1,4067,-7391,0.36597938144329895
2021-12-08T00:00:00.000,17:50,40.772327,-73.94531,0,0,0,0,4077,-7394,0.28
2021-09-16T00:00:00.000,15:30,40.66647,-73.882515,2,0,1,1,4066,-7388,0.37012987012987014
2021-09-15T00:00:00.000,5:06,40.829647,-73.94439,0,0,0,0,4082,-7394,0.3812154696132597
2021-09-15T00:00:00.000,20:30,40.71241,-73.95764,0,0,0,0,4071,-7395,0.36585365853658536
2021-09-16T00:00:00.000,6:05,40.69756,-73.85275,0,0,0,0,4069,-7385,0.34
2021-09-15T00:00:00.000,17:22,40.81377,-73.919464,1,0,1,1,4081,-7391,0.47244094488188976
2021-09-14T00:00:00.000,19:23,40.825413,-73.923485,1,0,1,1,4082,-7392,0.3333333333333333
2021-12-18T00:00:00.000,8:15,40.56467,-74.1156,1,0,1,1,4056,-7411,0.3448275862068966
2021-09-15T00:00:00.000,15:14,40.8018,-73.96108,0,0,0,0,4080,-7396,0.31343283582089554
2021-09-17T00:00:00.000,13:20,40.68766,-73.85057,0,0,0,0,4068,-7385,0.43103448275862066
2021-09-16T00:00:00.000,7:30,40.58382,-73.970856,1,0,1,1,4058,-7397,0.2727272727272727
2021-09-17T00:00:00.000,11:22,40.683647,-73.856384,0,0,0,0,4068,-7385,0.43103448275862066
2021-09-17T00:00:00.000,14:00,40.84107,-73.93605,0,0,0,0,4084,-7393,0.32786885245901637
2021-09-17T00:00:00.000,1:15,40.75457,-73.97169,1,0,1,1,4075,-7397,0.375886524822695
2021-09-15T00:00:00.000,18:07,40.864872,-73.90253,0,0,0,0,4086,-7390,0.42748091603053434
2021-09-17T00:00:00.000,14:29,40.737156,-73.97834,0,0,0,0,4073,-7397,0.32558139534883723
2021-09-16T00:00:00.000,8:12,40.761753,-74.00051,0,0,0,0,4076,-7400,0.3333333333333333
2021-09-17T00:00:00.000,18:10,40.656044,-73.90724,0,0,0,0,4065,-7390,0.375
2021-06-09T00:00:00.000,20:56,40.853813,-73.90734,1,0,1,1,4085,-7390,0.42207792207792205
2021-09-17T00:00:00.000,17:40,40.860355,-73.86716,0,0,0,0,4086,-7386,0.4642857142857143
2021-09-17T00:00:00.000,12:00,40.72406,-73.94426,0,0,0,0,4072,-7394,0.19801980198019803
2021-09-14T00:00:00.000,14:30,40.773655,-73.97783,0,0,0,0,4077,-7397,0.38235294117647056
2021-09-17T00:00:00.000,15:04,40.666294,-73.89445,1,0,1,1,4066,-7389,0.3103448275862069
2021-09-13T00:00:00.000,13:10,40.70281,-73.9254,1,0,1,1,4070,-7392,0.24305555555555555
2021-09-15T00:00:00.000,19:46,40.637325,-74.03115,0,0,0,0,4063,-7403,0.42424242424242425
2021-09-11T00:00:00.000,15:00,40.641582,-73.89313,0,0,0,0,4064,-7389,0.43478260869565216
2021-09-16T00:00:00.000,20:30,40.747684,-73.97879,0,0,0,0,4074,-7397,0.4810810810810811
2021-09-17T00:00:00.000,6:25,40.669403,-73.94221,1,0,1,1,4066,-7394,0.36792452830188677
2021-09-17T00:00:00.000,17:21,40.785866,-73.950935,0,0,0,0,4078,-7395,0.42168674698795183
2021-09-16T00:00:00.000,23:50,40.831127,-73.91745,1,0,1,1,4083,-7391,0.33714285714285713
2021-09-15T00:00:00.000,16:49,40.868317,-73.88189,0,0,0,0,4086,-7388,0.23943661971830985
2021-09-16T00:00:00.000,11:32,40.765568,-73.98745,1,0,1,1,4076,-7398,0.3081761006289308
2021-09-10T00:00:00.000,21:00,40.676132,-73.921906,0,0,0,0,4067,-7392,0.39655172413793105
2021-09-16T00:00:00.000,22:40,40.643303,-73.974106,0,0,0,0,4064,-7397,0.4095238095238095
2021-09-16T00:00:00.000,20:42,40.853706,-73.871864,0,0,0,0,4085,-7387,0.375
2021-09-16T00:00:00.000,15:06,40.758972,-73.845085,0,0,0,0,4075,-7384,0.25
2021-09-17T00:00:00.000,17:00,40.83027,-73.94393,0,0,0,0,4083,-7394,0.38926174496644295
2021-09-17T00:00:00.000,9:50,40.708904,-73.95926,1,0,1,1,4070,-7395,0.3475177304964539
2021-09-17T00:00:00.000,17:30,40.665398,-73.92663,1,0,1,1,4066,-7392,0.355
2021-09-17T00:00:00.000,15:06,40.759037,-73.78409,0,0,0,0,4075,-7378,0.18518518518518517
2021-09-17T00:00:00.000,12:45,40.704304,-73.80315,1,0,1,1,4070,-7380,0.3877551020408163
2021-09-07T00:00:00.000,7:04,40.693314,-73.92496,2,0,1,1,4069,-7392,0.3584905660377358
2021-09-17T00:00:00.000,0:00,40.819267,-73.884865,1,0,1,1,4081,-7388,0.25471698113207547
2021-09-08T00:00:00.000,7:05,40.694946,-73.9921,0,0,0,0,4069,-7399,0.29473684210526313
2021-09-17T00:00:00.000,15:12,40.658306,-73.881836,0,0,0,0,4065,-7388,0.41509433962264153
2021-09-16T00:00:00.000,8:44,40.676594,-73.91556,0,0,0,0,4067,-7391,0.36597938144329895
2021-09-15T00:00:00.000,16:00,40.583107,-73.95415,1,0,1,1,4058,-7395,0.3465346534653465
2021-09-15T00:00:00.000,12:35,40.608562,-74.1472,1,0,1,1,4060,-7414,0.4074074074074074
2021-09-15T00:00:00.000,7:57,40.712196,-74.00857,0,0,0,0,4071,-7400,0.25517241379310346
2022-03-27T00:00:00.000,15:00,40.748783,-73.81279,0,0,0,0,4074,-7381,0.46153846153846156
2021-09-15T00:00:00.000,14:16,40.70359,-74.01236,0,0,0,0,4070,-7401,0.140625
2021-09-14T00:00:00.000,8:30,40.705296,-73.8578,0,0,0,0,4070,-7385,0.39436619718309857
2021-09-15T00:00:00.000,14:45,40.65723,-73.96025,0,0,0,0,4065,-7396,0.3939393939393939
2021-09-15T00:00:00.000,15:40,40.72981,-73.74469,1,0,1,1,4072,-7374,0.44
2021-09-15T00:00:00.000,17:15,40.584682,-74.16871,1,0,1,1,4058,-7416,0.3
2021-09-17T00:00:00.000,15:55,40.818336,-73.907005,0,0,0,0,4081,-7390,0.3888888888888889
2021-09-15T00:00:00.000,20:00,40.807037,-73.949745,2,0,1,1,4080,-7394,0.41116751269035534
2021-09-16T00:00:00.000,16:44,40.679684,-73.93668,0,0,0,0,4067,-7393,0.3755868544600939
2021-09-16T00:00:00.000,13:53,40.652157,-73.90413,1,0,1,1,4065,-7390,0.375
2021-09-17T00:00:00.000,20:10,40.71535,-73.95068,0,0,0,0,4071,-7395,0.36585365853658536
2021-09-15T00:00:00.000,15:33,40.62629,-74.023964,0,0,0,0,4062,-7402,0.3625
2021-09-15T00:00:00.000,5:25,40.720234,-73.98448,1,0,1,1,4072,-7398,0.4342105263157895
2021-09-15T00:00:00.000,7:45,40.78776,-73.79137,0,0,0,0,4078,-7379,0.42105263157894735
2021-09-14T00:00:00.000,11:34,40.654163,-73.91154,0,0,0,0,4065,-7391,0.425
2021-09-17T00:00:00.000,19:00,40.61515,-74.00204,0,0,0,0,4061,-7400,0.3076923076923077
2021-09-16T00:00:00.000,23:27,40.683804,-73.833534,1,0,1,1,4068,-7383,0.45454545454545453
2021-09-16T00:00:00.000,0:05,40.74545,-73.871216,0,0,0,0,4074,-7387,0.25663716814159293
2021-09-17T00:00:00.000,9:42,40.583534,-73.984184,0,0,0,0,4058,-7398,0.4
2021-09-15T00:00:00.000,20:30,40.851227,-73.88789,0,0,0,0,4085,-7388,0.3
2021-09-15T00:00:00.000,15:18,40.527912,-74.23442,1,0,1,1,4052,-7423,0.3333333333333333
2021-09-15T00:00:00.000,16:30,40.583298,-74.099915,0,0,0,0,4058,-7409,0.15625
2021-09-17T00:00:00.000,14:10,40.86038,-73.88889,1,0,1,1,4086,-7388,0.23943661971830985
2021-09-17T00:00:00.000,14:35,40.770752,-73.95695,0,0,0,0,4077,-7395,0.3384615384615385
2021-09-15T00:00:00.000,23:00,40.65743,-73.9451,2,0,1,1,4065,-7394,0.43137254901960786
2021-09-15T00:00:00.000,20:40,40.64485,-73.911125,2,0,1,1,4064,-7391,0.39805825242718446
2021-09-09T00:00:00.000,18:10,40.818905,-73.93859,0,0,0,0,4081,-7393,0.32432432432432434
2021-09-16T00:00:00.000,1:25,40.830112,-73.850266,0,0,0,0,4083,-7385,0.30158730158730157
2021-09-12T00:00:00.000,20:45,40.71997,-73.992905,0,0,0,0,4071,-7399,0.3263157894736842
2021-09-17T00:00:00.000,22:00,40.698486,-73.986664,0,0,0,0,4069,-7398,0.3229166666666667
2021-09-17T00:00:00.000,16:53,40.867794,-73.8617,2,0,1,1,4086,-7386,0.4642857142857143
2021-09-17T00:00:00.000,1:10,40.72032,-73.99405,1,0,1,1,4072,-7399,0.3829787234042553
2021-09-16T00:00:00.000,14:30,40.70975,-73.79562,0,0,0,0,4070,-7379,0.3978494623655914
2021-09-16T00:00:00.000,22:55,40.638786,-73.94538,0,0,0,0,4063,-7394,0.358974358974359
2021-09-17T00:00:00.000,12:25,40.675663,-73.75248,0,0,0,0,4067,-7375,0.2608695652173913
2021-09-11T00:00:00.000,3:30,40.547085,-74.19784,0,0,0,0,4054,-7419,0.3333333333333333
2021-09-17T00:00:00.000,9:15,40.631706,-73.94649,0,0,0,0,4063,-7394,0.358974358974359
2021-09-15T00:00:00.000,17:54,40.701977,-73.80982,1,0,1,1,4070,-7380,0.3877551020408163
2021-09-15T00:00:00.000,0:00,40.808228,-73.96654,0,0,0,0,4080,-7396,0.31343283582089554
2021-09-15T00:00:00.000,16:10,40.6628,-73.978355,0,0,0,0,4066,-7397,0.24390243902439024
2021-12-09T00:00:00.000,20:30,40.60827,-73.94232,0,0,0,0,4060,-7394,0.5217391304347826
2021-12-09T00:00:00.000,7:33,40.5911,-74.10205,0,0,0,0,4059,-7410,0.2
2021-12-09T00:00:00.000,18:30,40.880756,-73.8821,0,0,0,0,4088,-7388,0.42857142857142855
2021-12-08T00:00:00.000,11:06,40.602226,-73.968666,1,0,1,1,4060,-7396,0.5714285714285714
2020-12-11T00:00:00.000,1:45,40.846657,-73.85944,0,0,0,0,4084,-7385,0.32727272727272727
2021-12-09T00:00:00.000,10:30,40.62506,-74.13582,0,0,0,0,4062,-7413,0.4074074074074074
2021-12-10T00:00:00.000,11:31,40.728996,-73.88225,0,0,0,0,4072,-7388,0.4
2021-12-09T00:00:00.000,11:15,40.833134,-73.90089,0,0,0,0,4083,-7390,0.3064516129032258
2021-12-10T00:00:00.000,13:30,40.824738,-73.95435,0,0,0,0,4082,-7395,0.4117647058823529
2021-12-10T00:00:00.000,10:50,40.632145,-73.952736,0,0,0,0,4063,-7395,0.48484848484848486
2021-12-09T00:00:00.000,16:45,40.63293,-74.00578,0,0,0,0,4063,-7400,0.3068181818181818
2021-12-08T00:00:00.000,11:05,40.708782,-73.94344,1,0,1,1,4070,-7394,0.3956043956043956
2021-12-09T00:00:00.000,17:20,40.68733,-73.98183,0,0,0,0,4068,-7398,0.3873239436619718
2021-12-13T00:00:00.000,15:12,40.857784,-73.83081,0,0,0,0,4085,-7383,0.25
2021-12-13T00:00:00.000,9:00,40.66475,-73.89405,0,0,0,0,4066,-7389,0.3103448275862069
2021-12-18T00:00:00.000,14:50,40.721275,-73.81671,0,0,0,0,4072,-7381,0.2926829268292683
2021-12-16T00:00:00.000,18:17,40.63017,-74.113556,0,0,0,0,4063,-7411,0.20689655172413793
2021-12-15T00:00:00.000,10:21,40.658005,-73.87408,0,0,0,0,4065,-7387,0.2857142857142857
2021-12-18T00:00:00.000,20:30,40.722095,-73.77772,0,0,0,0,4072,-7377,0.375
2021-12-18T00:00:00.000,0:22,40.80549,-73.91031,0,0,0,0,4080,-7391,0.38961038961038963
2021-12-17T00:00:00.000,19:23,40.6755,-73.73864,1,0,1,1,4067,-7373,0.46835443037974683
2021-12-18T00:00:00.000,17:45,40.74315,-73.831924,0,0,0,0,4074,-7383,0.4067796610169492
2021-12-09T00:00:00.000,15:00,40.67549,-73.93885,1,0,1,1,4067,-7393,0.3755868544600939
2021-12-18T00:00:00.000,17:25,40.699635,-73.95141,1,0,1,1,4069,-7395,0.30952380952380953
2021-12-18T00:00:00.000,9:55,40.83381,-73.918396,0,0,0,0,4083,-7391,0.33714285714285713
2021-12-18T00:00:00.000,23:15,40.67753,-73.73085,0,0,0,0,4067,-7373,0.46835443037974683
2021-12-18T00:00:00.000,4:00,40.72246,-73.90456,0,0,0,0,4072,-7390,0.2978723404255319
2021-12-18T00:00:00.000,20:23,40.67484,-73.82344,1,0,1,1,4067,-7382,0.4186046511627907
2021-12-18T00:00:00.000,4:12,40.680485,-73.774704,1,0,1,1,4068,-7377,0.3673469387755102
2021-12-18T00:00:00.000,17:00,40.759678,-73.97216,0,0,0,0,4075,-7397,0.375886524822695
2021-12-18T00:00:00.000,7:40,40.659107,-73.99576,0,0,0,0,4065,-7399,0.4117647058823529
2021-12-18T00:00:00.000,0:00,40.709312,-73.90939,0,0,0,0,4070,-7390,0.37894736842105264
2021-12-18T00:00:00.000,16:45,40.63082,-73.88636,0,0,0,0,4063,-7388,0.3835616438356164
2021-12-18T00:00:00.000,19:30,40.68418,-73.983955,1,0,1,1,4068,-7398,0.3873239436619718
2021-12-18T00:00:00.000,10:25,40.66906,-73.88658,1,0,1,1,4066,-7388,0.37012987012987014
2021-12-13T00:00:00.000,5:58,40.842762,-73.843124,0,0,0,0,4084,-7384,0.4222222222222222
2021-12-18T00:00:00.000,15:25,40.588955,-74.167595,0,0,0,0,4058,-7416,0.3
2021-12-17T00:00:00.000,5:37,40.694035,-73.72679,0,0,0,0,4069,-7372,0.40425531914893614
2021-12-18T00:00:00.000,14:30,40.64903,-73.928154,0,0,0,0,4064,-7392,0.4077669902912621
2021-12-18T00:00:00.000,21:50,40.657555,-73.894196,4,0,1,1,4065,-7389,0.34965034965034963
2021-12-13T00:00:00.000,16:15,40.711246,-73.87095,1,0,1,1,4071,-7387,0.5652173913043478
2021-12-18T00:00:00.000,13:00,40.869114,-73.89464,0,0,0,0,4086,-7389,0.40606060606060607
2021-12-16T00:00:00.000,17:45,40.820187,-73.92149,1,0,1,1,4082,-7392,0.3333333333333333
2021-12-18T00:00:00.000,4:35,40.824066,-73.908714,1,0,1,1,4082,-7390,0.3025210084033613
2021-12-18T00:00:00.000,16:10,40.820187,-73.890686,0,0,0,0,4082,-7389,0.37423312883435583
2021-12-18T00:00:00.000,19:20,40.71337,-73.934814,0,0,0,0,4071,-7393,0.2711864406779661
2021-12-18T00:00:00.000,20:35,40.7441,-73.97637,1,0,1,1,4074,-7397,0.4810810810810811
2021-12-18T00:00:00.000,6:30,40.707325,-73.756134,0,0,0,0,4070,-7375,0.4117647058823529
2021-12-18T00:00:00.000,9:40,40.799305,-73.94324,0,0,0,0,4079,-7394,0.3523809523809524
2021-12-18T00:00:00.000,8:46,40.840633,-73.915184,0,0,0,0,4084,-7391,0.32558139534883723
2021-12-18T00:00:00.000,9:20,40.743267,-73.92436,0,0,0,0,4074,-7392,0.3709677419354839
2021-12-18T00:00:00.000,0:01,40.75279,-73.70219,0,0,0,0,4075,-7370,0.4166666666666667
2021-11-28T00:00:00.000,21:54,40.686996,-73.95685,0,0,0,0,4068,-7395,0.38571428571428573
2021-12-17T00:00:00.000,7:34,40.67637,-73.88323,0,0,0,0,4067,-7388,0.30434782608695654
2021-12-18T00:00:00.000,20:20,40.83441,-73.94986,1,0,1,1,4083,-7394,0.38926174496644295
2021-12-17T00:00:00.000,7:45,40.68011,-73.971596,0,0,0,0,4068,-7397,0.3412322274881517
2021-12-18T00:00:00.000,0:05,40.82071,-73.818214,1,0,1,1,4082,-7381,0.17647058823529413
2021-12-18T00:00:00.000,1:45,40.7456,-73.868095,0,0,0,0,4074,-7386,0.3813559322033898
2021-12-12T00:00:00.000,12:00,40.694508,-73.79531,0,0,0,0,4069,-7379,0.25925925925925924
2021-12-18T00:00:00.000,20:54,40.814503,-73.88649,1,0,1,1,4081,-7388,0.25471698113207547
2021-12-18T00:00:00.000,2:20,40.828297,-73.95087,0,0,0,0,4082,-7395,0.4117647058823529
2021-12-13T00:00:00.000,10:20,40.620438,-74.1672,0,0,0,0,4062,-7416,0.24444444444444444
2021-12-18T00:00:00.000,9:25,40.649868,-73.93409,0,0,0,0,4064,-7393,0.3333333333333333
2021-12-18T00:00:00.000,5:40,40.586338,-73.93421,0,0,0,0,4058,-7393,0.24324324324324326
2021-12-18T00:00:00.000,11:15,40.76635,-73.873024,3,0,1,1,4076,-7387,0.48214285714285715
2021-11-28T00:00:00.000,0:00,40.834114,-73.86327,0,0,0,0,4083,-7386,0.24822695035460993
2021-12-18T00:00:00.000,18:00,40.5867,-73.81704,0,0,0,0,4058,-7381,0.1875
2021-12-18T00:00:00.000,18:00,40.625866,-73.93469,1,0,1,1,4062,-7393,0.4444444444444444
2021-12-18T00:00:00.000,10:24,40.587418,-73.95936,0,0,0,0,4058,-7395,0.3465346534653465
2021-12-18T00:00:00.000,19:15,40.609985,-73.96239,1,0,1,1,4060,-7396,0.5714285714285714
2021-12-04T00:00:00.000,19:00,40.75898,-73.99595,0,0,0,0,4075,-7399,0.2830188679245283
2021-12-18T00:00:00.000,9:15,40.72455,-74.00194,0,0,0,0,4072,-7400,0.32926829268292684
2021-12-18T00:00:00.000,21:34,40.81914,-73.93719,0,0,0,0,4081,-7393,0.32432432432432434
2021-12-17T00:00:00.000,13:15,40.83022,-73.94769,2,0,1,1,4083,-7394,0.38926174496644295
2021-12-18T00:00:00.000,0:40,40.652462,-73.92285,1,0,1,1,4065,-7392,0.35555555555555557
2021-12-18T00:00:00.000,3:00,40.735424,-73.974754,0,0,0,0,4073,-7397,0.32558139534883723
2021-12-18T00:00:00.000,11:10,40.80759,-73.954956,1,0,1,1,4080,-7395,0.381294964028777
2021-12-18T00:00:00.000,11:30,40.677155,-73.86887,0,0,0,0,4067,-7386,0.3431372549019608
2021-12-18T00:00:00.000,22:56,40.697525,-73.746826,1,0,1,1,4069,-7374,0.46774193548387094
2021-12-18T00:00:00.000,1:47,40.654232,-73.94851,0,0,0,0,4065,-7394,0.43137254901960786
2021-12-13T00:00:00.000,0:53,40.68728,-73.97979,0,0,0,0,4068,-7397,0.3412322274881517
2021-12-16T00:00:00.000,22:55,40.67904,-73.89381,0,0,0,0,4067,-7389,0.33852140077821014
2021-12-17T00:00:00.000,23:56,40.664413,-73.89624,0,0,0,0,4066,-7389,0.3103448275862069
2021-12-18T00:00:00.000,6:45,40.78739,-73.938225,0,0,0,0,4078,-7393,0.4444444444444444
2021-12-18T00:00:00.000,11:15,40.65608,-73.91737,0,0,0,0,4065,-7391,0.425
2022-02-19T00:00:00.000,12:43,40.767967,-73.96822,0,0,0,0,4076,-7396,0.3023255813953488
2022-02-19T00:00:00.000,22:30,40.66256,-73.88824,2,0,1,1,4066,-7388,0.37012987012987014
2022-02-19T00:00:00.000,12:25,40.87312,-73.8531,1,0,1,1,4087,-7385,0.37681159420289856
2022-02-19T00:00:00.000,5:35,40.672073,-73.91135,0,0,0,0,4067,-7391,0.36597938144329895
2022-02-19T00:00:00.000,17:04,40.67708,-73.79318,0,0,0,0,4067,-7379,0.4264705882352941
2022-02-19T00:00:00.000,8:34,40.832897,-73.86287,0,0,0,0,4083,-7386,0.24822695035460993
2022-03-23T00:00:00.000,8:30,40.82755,-73.87117,0,0,0,0,4082,-7387,0.33544303797468356
2022-03-27T00:00:00.000,2:19,40.677025,-73.95268,0,0,0,0,4067,-7395,0.3695652173913043
2022-03-10T00:00:00.000,22:00,40.673542,-73.91955,1,0,1,1,4067,-7391,0.36597938144329895
2022-03-11T00:00:00.000,10:45,40.676598,-73.93039,0,0,0,0,4067,-7393,0.3755868544600939
2022-03-27T00:00:00.000,0:09,40.68031,-73.96793,1,0,1,1,4068,-7396,0.42567567567567566
2022-03-27T00:00:00.000,21:46,40.736313,-73.85392,1,0,1,1,4073,-7385,0.3619047619047619
2022-03-27T00:00:00.000,12:35,40.660423,-73.89311,0,0,0,0,4066,-7389,0.3103448275862069
2022-03-27T00:00:00.000,14:00,40.690693,-73.95728,0,0,0,0,4069,-7395,0.30952380952380953
2022-03-23T00:00:00.000,18:02,40.682823,-73.976585,3,0,1,1,4068,-7397,0.3412322274881517
2022-03-26T00:00:00.000,23:15,40.82672,-73.85112,0,0,0,0,4082,-7385,0.27
2022-03-27T00:00:00.000,20:30,40.64477,-73.954735,1,0,1,1,4064,-7395,0.4796747967479675
2022-03-27T00:00:00.000,16:55,40.59232,-73.9931,1,0,1,1,4059,-7399,0.3076923076923077
2022-03-22T00:00:00.000,16:00,40.803387,-73.93604,0,0,0,0,4080,-7393,0.36312849162011174
2022-03-27T00:00:00.000,20:32,40.843994,-73.89752,0,0,0,0,4084,-7389,0.33766233766233766
2022-03-27T00:00:00.000,0:50,40.652794,-73.946884,1,0,1,1,4065,-7394,0.43137254901960786
2022-03-27T00:00:00.000,20:50,40.75584,-73.83448,1,0,1,1,4075,-7383,0.37681159420289856
2022-03-27T00:00:00.000,18:15,40.85592,-73.9172,0,0,0,0,4085,-7391,0.373134328358209
2022-03-27T00:00:00.000,12:15,40.767918,-73.985725,1,0,1,1,4076,-7398,0.3081761006289308
2022-03-27T00:00:00.000,5:00,40.657333,-73.899445,3,0,1,1,4065,-7389,0.34965034965034963
2022-03-27T00:00:00.000,13:20,40.757477,-73.982185,0,0,0,0,4075,-7398,0.3170731707317073
2022-03-27T00:00:00.000,14:12,40.833836,-73.91586,0,0,0,0,4083,-7391,0.33714285714285713
2022-03-13T00:00:00.000,16:00,40.66895,-73.9339,2,0,1,1,4066,-7393,0.38578680203045684
2022-03-27T00:00:00.000,16:00,40.71398,-73.90006,0,0,0,0,4071,-7390,0.4
2022-03-27T00:00:00.000,9:00,40.86177,-73.91848,0,0,0,0,4086,-7391,0.38016528925619836
2022-03-10T00:00:00.000,8:15,40.815872,-73.9257,0,0,0,0,4081,-7392,0.4714285714285714
2022-03-27T00:00:00.000,9:39,40.60047,-73.747,2,0,1,1,4060,-7374,0.15789473684210525
2022-03-27T00:00:00.000,14:30,40.691994,-73.76111,0,0,0,0,4069,-7376,0.3392857142857143
2022-03-27T00:00:00.000,8:30,40.69038,-73.73957,0,0,0,0,4069,-7373,0.36585365853658536
2022-03-27T00:00:00.000,1:30,40.67677,-73.88949,0,0,0,0,4067,-7388,0.30434782608695654
2022-03-27T00:00:00.000,9:15,40.754,-73.98211,1,0,1,1,4075,-7398,0.3170731707317073
2022-03-27T00:00:00.000,17:30,40.786484,-73.97218,0,0,0,0,4078,-7397,0.3434343434343434
2022-03-27T00:00:00.000,20:13,40.8617,-73.89139,1,0,1,1,4086,-7389,0.40606060606060607
2022-03-27T00:00:00.000,15:19,40.799503,-73.93771,0,0,0,0,4079,-7393,0.36585365853658536
2022-03-27T00:00:00.000,16:35,40.733604,-73.84995,0,0,0,0,4073,-7384,0.2682926829268293
2022-03-26T00:00:00.000,19:45,40.557182,-74.19948,0,0,0,0,4055,-7419,0.36363636363636365
2022-03-20T00:00:00.000,9:50,40.714146,-73.99744,0,0,0,0,4071,-7399,0.3263157894736842
2022-03-27T00:00:00.000,18:31,40.589245,-73.94269,0,0,0,0,4058,-7394,0.40816326530612246
2022-03-27T00:00:00.000,17:30,40.766827,-73.909294,0,0,0,0,4076,-7390,0.3055555555555556
2022-03-21T00:00:00.000,7:05,40.865047,-73.9242,0,0,0,0,4086,-7392,0.359375
2022-03-26T00:00:00.000,13:25,40.594227,-74.06296,0,0,0,0,4059,-7406,0.29411764705882354
2022-03-27T00:00:00.000,4:29,40.851936,-73.91078,0,0,0,0,4085,-7391,0.373134328358209
2022-03-27T00:00:00.000,13:47,40.74447,-73.91464,0,0,0,0,4074,-7391,0.38333333333333336
2022-03-27T00:00:00.000,4:50,40.74197,-73.84116,0,0,0,0,4074,-7384,0.42857142857142855
2022-03-24T00:00:00.000,16:00,40.64289,-74.11386,0,0,0,0,4064,-7411,0.42857142857142855
2022-03-27T00:00:00.000,17:13,40.66584,-73.75551,1,0,1,1,4066,-7375,0.3
2022-03-14T00:00:00.000,12:30,40.8272,-73.94245,0,0,0,0,4082,-7394,0.3812154696132597
2022-03-27T00:00:00.000,18:30,40.761204,-73.75539,2,0,1,1,4076,-7375,0.3409090909090909
2022-03-27T00:00:00.000,21:17,40.88471,-73.83131,0,0,0,0,4088,-7383,0.3448275862068966
2022-03-27T00:00:00.000,23:05,40.714455,-73.935295,0,0,0,0,4071,-7393,0.2711864406779661
2022-03-27T00:00:00.000,14:10,40.61825,-74.03456,0,0,0,0,4061,-7403,0.2777777777777778
2022-03-27T00:00:00.000,4:15,40.763084,-73.99298,0,0,0,0,4076,-7399,0.3275862068965517
2022-03-27T00:00:00.000,17:25,40.680496,-73.821365,0,0,0,0,4068,-7382,0.41975308641975306
2021-04-29T00:00:00.000,16:26,40.88455,-73.832344,1,0,1,1,4088,-7383,0.3448275862068966
2021-04-17T00:00:00.000,2:00,40.67582,-73.930466,1,0,1,1,4067,-7393,0.3755868544600939
2021-04-20T00:00:00.000,17:35,40.740257,-73.86532,1,0,1,1,4074,-7386,0.3813559322033898
2021-04-19T00:00:00.000,8:39,40.61424,-73.98824,0,1,2,1,4061,-7398,0.3698630136986301
2021-04-30T00:00:00.000,21:50,40.714066,-73.95163,1,0,1,1,4071,-7395,0.36585365853658536
2021-04-30T00:00:00.000,20:38,40.699413,-73.95902,0,0,0,0,4069,-7395,0.30952380952380953
2021-04-30T00:00:00.000,13:10,40.89696,-73.854355,2,0,1,1,4089,-7385,0.3813559322033898
2021-04-30T00:00:00.000,17:55,40.71362,-73.9339,0,0,0,0,4071,-7393,0.2711864406779661
2021-04-30T00:00:00.000,21:25,40.704956,-73.93152,1,0,1,1,4070,-7393,0.3300970873786408
2021-03-26T00:00:00.000,15:46,40.816868,-73.92072,1,0,1,1,4081,-7392,0.4714285714285714
2022-03-25T00:00:00.000,17:25,40.81958,-73.90184,1,0,1,1,4081,-7390,0.3888888888888889
2022-03-27T00:00:00.000,9:20,40.81343,-73.91003,2,0,1,1,4081,-7391,0.47244094488188976
2022-02-15T00:00:00.000,15:05,40.67187,-73.95464,1,0,1,1,4067,-7395,0.3695652173913043
2022-03-25T00:00:00.000,19:30,40.5523,-74.21307,0,0,0,0,4055,-7421,0.16666666666666666
2022-03-25T00:00:00.000,9:35,40.568855,-74.10674,0,0,0,0,4056,-7410,0.4
2022-03-20T00:00:00.000,16:00,40.67572,-73.913765,2,0,1,1,4067,-7391,0.36597938144329895
2022-03-27T00:00:00.000,2:30,40.70481,-73.93932,0,0,0,0,4070,-7393,0.3300970873786408
2022-03-27T00:00:00.000,1:58,40.862923,-73.92777,0,0,0,0,4086,-7392,0.359375
2022-03-16T00:00:00.000,15:22,40.7338,-73.81481,1,0,1,1,4073,-7381,0.3181818181818182
2022-03-27T00:00:00.000,22:28,40.857418,-73.89996,0,0,0,0,4085,-7389,0.3353658536585366
2022-03-27T00:00:00.000,14:39,40.676857,-73.87101,0,0,0,0,4067,-7387,0.30344827586206896
2022-03-27T00:00:00.000,22:45,40.698174,-73.98496,1,0,1,1,4069,-7398,0.3229166666666667
2022-03-25T00:00:00.000,7:30,40.675793,-73.94438,0,0,0,0,4067,-7394,0.34074074074074073
2022-03-27T00:00:00.000,21:10,40.847027,-73.89807,0,0,0,0,4084,-7389,0.33766233766233766
2022-03-27T00:00:00.000,11:30,40.69286,-73.87801,1,0,1,1,4069,-7387,0.5
2022-03-27T00:00:00.000,18:59,40.750557,-73.87669,0,0,0,0,4075,-7387,0.33884297520661155
2022-03-27T00:00:00.000,18:00,40.681767,-73.96754,3,0,1,1,4068,-7396,0.42567567567567566
2022-03-17T00:00:00.000,6:00,40.6931,-73.95489,0,0,0,0,4069,-7395,0.30952380952380953
2021-04-27T00:00:00.000,14:00,40.64203,-73.93116,0,0,0,0,4064,-7393,0.3333333333333333
2021-04-28T00:00:00.000,17:30,40.643322,-74.01217,1,0,1,1,4064,-7401,0.4295774647887324
2021-04-18T00:00:00.000,21:20,40.750294,-73.99485,0,0,0,0,4075,-7399,0.2830188679245283
2021-04-30T00:00:00.000,0:00,40.704544,-73.727234,0,0,0,0,4070,-7372,0.4
2021-04-28T00:00:00.000,22:25,40.690914,-73.72819,2,0,1,1,4069,-7372,0.40425531914893614
2021-04-28T00:00:00.000,6:16,40.846405,-73.842896,0,0,0,0,4084,-7384,0.4222222222222222
2021-04-28T00:00:00.000,0:00,40.66566,-73.767624,0,0,0,0,4066,-7376,0.30434782608695654
2021-04-22T00:00:00.000,16:00,40.621853,-74.023674,0,0,0,0,4062,-7402,0.3625
2021-04-28T00:00:00.000,19:00,40.622414,-73.896484,0,0,0,0,4062,-7389,0.3333333333333333
2021-04-28T00:00:00.000,16:50,40.669434,-73.9255,1,0,1,1,4066,-7392,0.355
2022-03-27T00:00:00.000,10:05,40.703247,-73.90844,1,0,1,1,4070,-7390,0.37894736842105264
2021-04-28T00:00:00.000,22:40,40.759712,-73.76126,0,0,0,0,4075,-7376,0.4
2021-04-25T00:00:00.000,16:30,40.820065,-73.900826,0,0,0,0,4082,-7390,0.3025210084033613
2021-04-29T00:00:00.000,8:45,40.602528,-74.015114,1,0,1,1,4060,-7401,0.30357142857142855
2021-04-30T00:00:00.000,23:35,40.669083,-73.95267,1,0,1,1,4066,-7395,0.44375
2021-04-13T00:00:00.000,14:45,40.76155,-73.96659,0,0,0,0,4076,-7396,0.3023255813953488
2021-04-30T00:00:00.000,9:35,40.856106,-73.90646,0,0,0,0,4085,-7390,0.42207792207792205
2021-04-28T00:00:00.000,15:08,40.637215,-73.93274,0,0,0,0,4063,-7393,0.46153846153846156
2021-04-11T00:00:00.000,21:00,40.681725,-73.996216,1,0,1,1,4068,-7399,0.17857142857142858
2021-04-28T00:00:00.000,9:00,40.62194,-73.96865,0,0,0,0,4062,-7396,0.375
2021-04-30T00:00:00.000,15:15,40.75314,-73.87262,1,0,1,1,4075,-7387,0.33884297520661155
2021-04-28T00:00:00.000,15:50,40.65883,-73.74414,0,0,0,0,4065,-7374,0.4583333333333333
2021-04-30T00:00:00.000,8:36,40.61758,-74.03049,1,0,1,1,4061,-7403,0.2777777777777778
2021-04-28T00:00:00.000,21:47,40.847965,-73.87145,0,0,0,0,4084,-7387,0.48333333333333334
2021-04-25T00:00:00.000,23:30,40.848114,-73.942085,0,0,0,0,4084,-7394,0.17543859649122806
2021-04-28T00:00:00.000,7:19,40.83955,-73.91595,0,0,0,0,4083,-7391,0.33714285714285713
2021-04-30T00:00:00.000,12:32,40.75548,-73.74173,0,0,0,0,4075,-7374,0.3333333333333333
2021-04-30T00:00:00.000,17:15,40.633564,-74.01595,1,0,1,1,4063,-7401,0.37777777777777777
2021-04-30T00:00:00.000,21:15,40.75663,-73.875145,0,0,0,0,4075,-7387,0.33884297520661155
2021-04-28T00:00:00.000,8:36,40.81821,-73.96144,0,0,0,0,4081,-7396,0.2222222222222222
2021-04-30T00:00:00.000,8:42,40.745686,-73.97213,0,0,0,0,4074,-7397,0.4810810810810811
2021-04-28T00:00:00.000,17:57,40.830914,-73.92047,2,0,1,1,4083,-7392,0.310126582278481
2021-04-28T00:00:00.000,17:16,40.81728,-73.938545,1,0,1,1,4081,-7393,0.32432432432432434
2021-04-28T00:00:00.000,14:45,40.75911,-73.842384,0,0,0,0,4075,-7384,0.25
2021-04-29T00:00:00.000,14:40,40.67285,-73.97339,0,0,0,0,4067,-7397,0.2818181818181818
2021-04-26T00:00:00.000,2:10,40.62016,-74.076965,0,0,0,0,4062,-7407,0.35714285714285715
2021-04-28T00:00:00.000,6:30,40.768276,-73.86524,0,0,0,0,4076,-7386,0.40298507462686567
2021-04-30T00:00:00.000,19:12,40.74071,-73.83744,1,0,1,1,4074,-7383,0.4067796610169492
2021-04-28T00:00:00.000,23:20,40.6465,-73.926895,0,0,0,0,4064,-7392,0.4077669902912621
2021-04-29T00:00:00.000,10:03,40.60704,-73.95285,0,0,0,0,4060,-7395,0.4791666666666667
2021-04-29T00:00:00.000,13:17,40.775,-73.9631,0,0,0,0,4077,-7396,0.3695652173913043
2021-04-21T00:00:00.000,18:19,40.678658,-73.92741,1,0,1,1,4067,-7392,0.39655172413793105
2021-04-29T00:00:00.000,21:30,40.71572,-73.825745,1,0,1,1,4071,-7382,0.379746835443038
2021-04-25T00:00:00.000,1:13,40.7276,-73.98531,1,0,1,1,4072,-7398,0.4342105263157895
2021-04-28T00:00:00.000,16:47,40.688957,-73.76205,0,0,0,0,4068,-7376,0.35714285714285715
2021-04-30T00:00:00.000,21:14,40.614063,-74.01393,0,0,0,0,4061,-7401,0.2972972972972973
2021-04-28T00:00:00.000,14:25,40.764435,-73.72269,0,0,0,0,4076,-7372,0.3333333333333333
2021-04-30T00:00:00.000,18:40,40.78169,-73.842316,0,0,0,0,4078,-7384,0.23809523809523808
2021-04-28T00:00:00.000,23:20,40.838085,-73.88867,0,0,0,0,4083,-7388,0.26717557251908397
2021-04-30T00:00:00.000,19:50,40.72294,-73.8002,0,0,0,0,4072,-7380,0.2727272727272727
2021-04-28T00:00:00.000,16:50,40.678543,-73.949684,0,0,0,0,4067,-7394,0.34074074074074073
2021-04-28T00:00:00.000,3:33,40.850258,-73.859055,0,0,0,0,4085,-7385,0.3125
2021-04-28T00:00:00.000,14:00,40.76294,-73.86067,0,0,0,0,4076,-7386,0.40298507462686567
2021-04-26T00:00:00.000,12:00,40.666695,-73.767136,0,0,0,0,4066,-7376,0.30434782608695654
2021-04-30T00:00:00.000,16:45,40.68344,-73.7347,0,0,0,0,4068,-7373,0.29411764705882354
2021-04-28T00:00:00.000,11:47,40.70022,-73.96219,0,0,0,0,4070,-7396,0.3431372549019608
2021-04-25T00:00:00.000,21:40,40.622578,-73.920494,1,0,1,1,4062,-7392,0.3611111111111111
2021-04-29T00:00:00.000,18:29,40.69642,-73.95978,1,0,1,1,4069,-7395,0.30952380952380953
2021-04-30T00:00:00.000,23:05,40.673824,-73.90839,0,0,0,0,4067,-7390,0.3282442748091603
2021-04-29T00:00:00.000,15:55,40.682182,-73.99356,0,0,0,0,4068,-7399,0.17857142857142858
2021-04-20T00:00:00.000,17:00,40.757767,-73.98563,0,0,0,0,4075,-7398,0.3170731707317073
2021-04-29T00:00:00.000,14:30,40.661995,-73.91959,0,0,0,0,4066,-7391,0.3630952380952381
2021-04-30T00:00:00.000,16:29,40.579826,-73.97622,0,0,0,0,4057,-7397,0.2619047619047619
2021-04-30T00:00:00.000,20:00,40.7263,-73.94913,0,0,0,0,4072,-7394,0.19801980198019803
2021-04-30T00:00:00.000,1:35,40.812347,-73.90476,0,0,0,0,4081,-7390,0.3888888888888889
2021-04-29T00:00:00.000,20:00,40.73303,-73.8542,1,0,1,1,4073,-7385,0.3619047619047619
2021-04-29T00:00:00.000,11:00,40.728474,-73.882614,0,0,0,0,4072,-7388,0.4
2021-04-28T00:00:00.000,14:20,40.82048,-73.91285,0,0,0,0,4082,-7391,0.3355263157894737
2021-04-28T00:00:00.000,16:40,40.762486,-73.96298,0,0,0,0,4076,-7396,0.3023255813953488
2021-04-30T00:00:00.000,17:45,40.752842,-73.8629,2,0,1,1,4075,-7386,0.33653846153846156
2021-04-30T00:00:00.000,6:00,40.61051,-73.923294,1,0,1,1,4061,-7392,0.2982456140350877
2021-04-28T00:00:00.000,17:40,40.766666,-73.96707,1,0,1,1,4076,-7396,0.3023255813953488
2021-04-28T00:00:00.000,9:55,40.585976,-73.93791,0,0,0,0,4058,-7393,0.24324324324324326
2021-04-30T00:00:00.000,10:20,40.845783,-73.93449,0,0,0,0,4084,-7393,0.32786885245901637
2021-04-28T00:00:00.000,18:00,40.57803,-73.95692,0,0,0,0,4057,-7395,0.47368421052631576
2021-04-28T00:00:00.000,6:00,40.600136,-73.99087,0,0,0,0,4060,-7399,0.31683168316831684
2021-04-30T00:00:00.000,15:10,40.768116,-73.89241,0,0,0,0,4076,-7389,0.35185185185185186
2021-04-29T00:00:00.000,20:20,40.65418,-73.91068,5,0,1,1,4065,-7391,0.425
2021-04-16T00:00:00.000,16:50,40.696297,-73.97716,0,0,0,0,4069,-7397,0.3253012048192771
2021-04-29T00:00:00.000,13:00,40.83716,-73.94646,0,0,0,0,4083,-7394,0.38926174496644295
2021-04-28T00:00:00.000,9:00,40.66955,-73.94497,0,0,0,0,4066,-7394,0.36792452830188677
2021-04-06T00:00:00.000,9:00,40.686108,-73.92971,0,0,0,0,4068,-7392,0.2542372881355932
2021-04-28T00:00:00.000,11:00,40.608143,-74.00412,1,0,1,1,4060,-7400,0.24074074074074073
2021-04-28T00:00:00.000,4:17,40.691,-73.989334,0,0,0,0,4069,-7398,0.3229166666666667
2021-04-29T00:00:00.000,17:30,40.69073,-73.96635,1,0,1,1,4069,-7396,0.325
2021-04-23T00:00:00.000,16:55,40.636024,-73.89506,0,0,0,0,4063,-7389,0.41818181818181815
2021-04-28T00:00:00.000,1:10,40.67134,-73.87631,0,0,0,0,4067,-7387,0.30344827586206896
2021-04-28T00:00:00.000,9:45,40.82034,-73.940025,0,0,0,0,4082,-7394,0.3812154696132597
2021-04-26T00:00:00.000,9:22,40.65965,-73.773834,0,0,0,0,4065,-7377,0.3125
2021-04-29T00:00:00.000,10:45,40.72118,-73.95866,0,0,0,0,4072,-7395,0.22093023255813954
2021-04-28T00:00:00.000,20:16,40.82113,-73.92565,0,0,0,0,4082,-7392,0.3333333333333333
2021-04-28T00:00:00.000,13:30,40.626183,-73.994156,2,0,1,1,4062,-7399,0.3835616438356164
2021-04-29T00:00:00.000,13:00,40.83543,-73.92341,0,0,0,0,4083,-7392,0.310126582278481
2021-04-28T00:00:00.000,0:10,40.640343,-73.94266,0,0,0,0,4064,-7394,0.42342342342342343
2021-04-28T00:00:00.000,16:00,40.57655,-73.966385,1,0,1,1,4057,-7396,0.3191489361702128
2021-04-28T00:00:00.000,17:30,40.832916,-73.92939,0,0,0,0,4083,-7392,0.310126582278481
2021-04-30T00:00:00.000,21:00,40.760788,-73.91088,1,0,1,1,4076,-7391,0.40476190476190477
2021-04-30T00:00:00.000,4:30,40.825855,-73.828156,0,0,0,0,4082,-7382,0.46153846153846156
2021-04-28T00:00:00.000,19:00,40.573196,-73.99278,0,0,0,0,4057,-7399,0.32558139534883723
2021-04-30T00:00:00.000,0:00,40.60824,-74.014046,0,0,0,0,4060,-7401,0.30357142857142855
2021-04-30T00:00:00.000,20:32,40.68175,-73.96748,0,0,0,0,4068,-7396,0.42567567567567566
2021-04-25T00:00:00.000,1:00,40.72667,-73.90726,0,0,0,0,4072,-7390,0.2978723404255319
2021-04-22T00:00:00.000,17:58,40.75645,-73.97032,1,0,1,1,4075,-7397,0.375886524822695
2022-03-18T00:00:00.000,17:00,40.675987,-73.91932,0,0,0,0,4067,-7391,0.36597938144329895
2021-04-30T00:00:00.000,7:30,40.66771,-73.80912,0,0,0,0,4066,-7380,0.40789473684210525
2021-04-29T00:00:00.000,16:05,40.847965,-73.87145,0,0,0,0,4084,-7387,0.48333333333333334
2021-04-24T00:00:00.000,17:00,40.6377,-74.08805,0,0,0,0,4063,-7408,0.2653061224489796
2021-04-29T00:00:00.000,19:45,40.695004,-73.9525,0,0,0,0,4069,-7395,0.30952380952380953
2021-04-28T00:00:00.000,14:35,40.681114,-73.87765,2,0,1,1,4068,-7387,0.24719101123595505
2021-04-29T00:00:00.000,20:18,40.644997,-74.01046,0,0,0,0,4064,-7401,0.4295774647887324
2021-04-30T00:00:00.000,19:16,40.81417,-73.92122,1,0,1,1,4081,-7392,0.4714285714285714
2021-04-29T00:00:00.000,22:41,40.757072,-73.96986,1,0,1,1,4075,-7396,0.4788732394366197
2021-04-29T00:00:00.000,3:00,40.841026,-73.887245,0,0,0,0,4084,-7388,0.390625
2021-04-29T00:00:00.000,23:25,40.815937,-73.909134,1,0,1,1,4081,-7390,0.3888888888888889
2021-04-29T00:00:00.000,8:00,40.725433,-73.872734,0,0,0,0,4072,-7387,0.5714285714285714
2021-04-29T00:00:00.000,10:33,40.828236,-73.88602,1,0,1,1,4082,-7388,0.27624309392265195
2021-04-28T00:00:00.000,0:00,40.869274,-73.88381,0,0,0,0,4086,-7388,0.23943661971830985
2021-04-29T00:00:00.000,1:20,40.8119,-73.966255,0,0,0,0,4081,-7396,0.2222222222222222
2021-04-30T00:00:00.000,23:57,40.84394,-73.93903,0,0,0,0,4084,-7393,0.32786885245901637
2021-04-25T00:00:00.000,21:20,40.514057,-74.24178,0,0,0,0,4051,-7424,0.21428571428571427
2021-04-30T00:00:00.000,14:50,40.761612,-73.98453,0,0,0,0,4076,-7398,0.3081761006289308
2021-04-28T00:00:00.000,17:44,40.87821,-73.85609,1,0,1,1,4087,-7385,0.37681159420289856
2021-04-28T00:00:00.000,17:25,40.832764,-73.94583,1,0,1,1,4083,-7394,0.38926174496644295
2021-04-28T00:00:00.000,4:45,40.63905,-73.99279,1,0,1,1,4063,-7399,0.47692307692307695
2021-04-30T00:00:00.000,8:55,40.66743,-73.76676,0,0,0,0,4066,-7376,0.30434782608695654
2021-04-28T00:00:00.000,8:05,40.629475,-74.004166,0,0,0,0,4062,-7400,0.3150684931506849
2021-04-28T00:00:00.000,18:30,40.762882,-73.809296,1,0,1,1,4076,-7380,0.4
2021-04-29T00:00:00.000,7:00,40.735764,-73.97491,1,0,1,1,4073,-7397,0.32558139534883723
2021-04-29T00:00:00.000,7:50,40.794785,-73.96431,0,0,0,0,4079,-7396,0.25
2021-04-08T00:00:00.000,19:25,40.77022,-73.89562,0,0,0,0,4077,-7389,0.35
2021-04-17T00:00:00.000,17:00,40.686344,-73.9234,0,0,0,0,4068,-7392,0.2542372881355932
2021-04-28T00:00:00.000,15:00,40.69687,-73.78072,0,0,0,0,4069,-7378,0.29310344827586204
2021-04-28T00:00:00.000,16:46,40.851967,-73.897095,2,0,1,1,4085,-7389,0.3353658536585366
2021-04-29T00:00:00.000,13:22,40.654255,-73.94842,0,0,0,0,4065,-7394,0.43137254901960786
2021-04-30T00:00:00.000,8:15,40.654427,-73.8908,2,0,1,1,4065,-7389,0.34965034965034963
2021-04-28T00:00:00.000,5:45,40.735573,-73.98127,0,0,0,0,4073,-7398,0.36942675159235666
2021-04-29T00:00:00.000,17:02,40.73844,-73.87824,0,0,0,0,4073,-7387,0.3140495867768595
2021-04-28T00:00:00.000,18:09,40.75271,-73.74144,1,0,1,1,4075,-7374,0.3333333333333333
2021-04-28T00:00:00.000,15:05,40.757233,-73.97605,1,0,1,1,4075,-7397,0.375886524822695
2021-04-28T00:00:00.000,9:07,40.647743,-73.962746,0,0,0,0,4064,-7396,0.4714285714285714
2021-04-28T00:00:00.000,17:00,40.7132,-73.97723,0,0,0,0,4071,-7397,0.41509433962264153
2021-04-30T00:00:00.000,18:05,40.5787,-73.98734,0,0,0,0,4057,-7398,0.36904761904761907
2021-04-29T00:00:00.000,0:05,40.74608,-73.974945,1,0,1,1,4074,-7397,0.4810810810810811
2021-04-30T00:00:00.000,1:59,40.82996,-73.90178,0,0,0,0,4082,-7390,0.3025210084033613
2021-04-29T00:00:00.000,18:08,40.86155,-73.92472,0,0,0,0,4086,-7392,0.359375
2021-04-28T00:00:00.000,12:00,40.840603,-73.91152,0,0,0,0,4084,-7391,0.32558139534883723
2021-04-30T00:00:00.000,17:32,40.73556,-73.915054,0,0,0,0,4073,-7391,0.33962264150943394
2021-04-29T00:00:00.000,7:30,40.675186,-73.873436,0,0,0,0,4067,-7387,0.30344827586206896
2022-03-25T00:00:00.000,9:30,40.851643,-73.88429,0,0,0,0,4085,-7388,0.3
2021-04-28T00:00:00.000,9:50,40.82113,-73.92565,0,0,0,0,4082,-7392,0.3333333333333333
2021-04-30T00:00:00.000,16:30,40.742626,-73.76323,0,0,0,0,4074,-7376,0.3333333333333333
2021-04-28T00:00:00.000,22:20,40.802753,-73.93358,0,0,0,0,4080,-7393,0.36312849162011174
2021-04-29T00:00:00.000,7:45,40.640907,-74.08134,1,0,1,1,4064,-7408,0.2894736842105263
2021-04-23T00:00:00.000,10:30,40.815693,-73.948685,0,0,0,0,4081,-7394,0.38
2021-04-30T00:00:00.000,9:47,40.75584,-73.83448,1,0,1,1,4075,-7383,0.37681159420289856
2021-04-28T00:00:00.000,15:40,40.683804,-73.833534,1,0,1,1,4068,-7383,0.45454545454545453
2021-04-29T00:00:00.000,2:45,40.628975,-74.18495,0,0,0,0,4062,-7418,0.0
2021-04-28T00:00:00.000,23:39,40.785294,-73.969345,3,0,1,1,4078,-7396,0.28125
2021-04-29T00:00:00.000,5:15,40.666294,-73.79899,1,0,1,1,4066,-7379,0.3870967741935484
2021-04-29T00:00:00.000,16:15,40.818535,-73.90783,0,0,0,0,4081,-7390,0.3888888888888889
2021-04-29T00:00:00.000,17:30,40.61752,-74.01963,2,0,1,1,4061,-7401,0.2972972972972973
2021-04-04T00:00:00.000,0:00,40.746326,-73.983574,0,0,0,0,4074,-7398,0.40131578947368424
2021-04-28T00:00:00.000,10:00,40.665733,-73.755585,0,0,0,0,4066,-7375,0.3
2021-04-29T00:00:00.000,21:00,40.623672,-73.8956,1,0,1,1,4062,-7389,0.3333333333333333
2021-04-29T00:00:00.000,18:27,40.89294,-73.85599,0,0,0,0,4089,-7385,0.3813559322033898
2021-04-30T00:00:00.000,20:30,40.581917,-73.82978,0,0,0,0,4058,-7382,0.11764705882352941
2021-04-20T00:00:00.000,15:00,40.699703,-73.99627,0,0,0,0,4069,-7399,0.29473684210526313
2021-04-30T00:00:00.000,8:30,40.677605,-74.002754,1,0,1,1,4067,-7400,0.20967741935483872
2021-04-29T00:00:00.000,14:51,40.854256,-73.84353,0,0,0,0,4085,-7384,0.32432432432432434
2021-04-28T00:00:00.000,18:28,40.595886,-73.98315,2,0,1,1,4059,-7398,0.34146341463414637
2021-04-29T00:00:00.000,23:27,40.845078,-73.91111,0,0,0,0,4084,-7391,0.32558139534883723
2021-04-30T00:00:00.000,19:35,40.712727,-73.72899,0,0,0,0,4071,-7372,0.40425531914893614
2021-04-28T00:00:00.000,2:00,40.654984,-73.95747,0,0,0,0,4065,-7395,0.38686131386861317
2021-04-28T00:00:00.000,13:12,40.745056,-73.978615,0,0,0,0,4074,-7397,0.4810810810810811
2021-04-30T00:00:00.000,11:26,40.870804,-73.905785,0,0,0,0,4087,-7390,0.3184713375796178
2021-04-26T00:00:00.000,5:02,40.677483,-73.93033,1,0,1,1,4067,-7393,0.3755868544600939
2021-04-30T00:00:00.000,3:37,40.65715,-73.91572,0,0,0,0,4065,-7391,0.425
2021-04-29T00:00:00.000,21:30,40.61949,-73.94652,0,0,0,0,4061,-7394,0.48484848484848486
2021-04-28T00:00:00.000,17:19,40.693634,-73.9383,0,0,0,0,4069,-7393,0.3141025641025641
2021-12-08T00:00:00.000,14:23,40.71594,-74.01019,1,0,1,1,4071,-7401,0.3181818181818182
2021-12-10T00:00:00.000,0:17,40.601017,-73.96937,0,0,0,0,4060,-7396,0.5714285714285714
2021-04-29T00:00:00.000,15:50,40.682358,-73.76714,0,0,0,0,4068,-7376,0.35714285714285715
2021-04-30T00:00:00.000,18:00,40.70878,-73.93583,0,0,0,0,4070,-7393,0.3300970873786408
2021-04-29T00:00:00.000,11:30,40.741734,-73.881874,0,0,0,0,4074,-7388,0.2978723404255319
2021-04-29T00:00:00.000,12:00,40.668255,-73.892006,0,0,0,0,4066,-7389,0.3103448275862069
2021-04-28T00:00:00.000,6:34,40.806133,-73.961555,0,0,0,0,4080,-7396,0.31343283582089554
2021-04-27T00:00:00.000,12:45,40.768124,-73.90383,0,0,0,0,4076,-7390,0.3055555555555556
2021-04-28T00:00:00.000,7:00,40.66675,-73.779945,2,0,1,1,4066,-7377,0.37362637362637363
2021-04-28T00:00:00.000,22:25,40.699417,-73.73486,2,0,1,1,4069,-7373,0.36585365853658536
2021-04-25T00:00:00.000,17:20,40.72615,-73.978226,1,0,1,1,4072,-7397,0.3283582089552239
2021-04-30T00:00:00.000,6:15,40.688915,-73.795006,1,0,1,1,4068,-7379,0.35
2021-04-28T00:00:00.000,21:59,40.711227,-73.72826,2,0,1,1,4071,-7372,0.40425531914893614
2021-04-28T00:00:00.000,17:09,40.75529,-73.99493,0,0,0,0,4075,-7399,0.2830188679245283
2021-04-29T00:00:00.000,11:00,40.805058,-73.93904,0,0,0,0,4080,-7393,0.36312849162011174
2021-04-28T00:00:00.000,1:50,40.68217,-73.83105,0,0,0,0,4068,-7383,0.45454545454545453
2021-04-29T00:00:00.000,11:15,40.785557,-73.95327,0,0,0,0,4078,-7395,0.42168674698795183
2021-04-30T00:00:00.000,20:04,40.583725,-73.89372,0,0,0,0,4058,-7389,0.5714285714285714
2021-04-30T00:00:00.000,12:40,40.65989,-73.9342,0,0,0,0,4065,-7393,0.44366197183098594
2021-04-30T00:00:00.000,13:00,40.594486,-74.09874,0,0,0,0,4059,-7409,0.42857142857142855
2021-04-28T00:00:00.000,17:00,40.614193,-74.00194,0,0,0,0,4061,-7400,0.3076923076923077
2021-04-28T00:00:00.000,16:00,40.761143,-73.75549,1,0,1,1,4076,-7375,0.3409090909090909
2021-04-28T00:00:00.000,19:20,40.803425,-73.93309,1,0,1,1,4080,-7393,0.36312849162011174
2021-04-29T00:00:00.000,14:36,40.7684,-73.73755,1,0,1,1,4076,-7373,0.42857142857142855
2021-04-29T00:00:00.000,14:00,40.718952,-73.74726,0,0,0,0,4071,-7374,0.23404255319148937
2021-04-28T00:00:00.000,13:05,40.6525,-73.924644,0,0,0,0,4065,-7392,0.35555555555555557
2021-04-29T00:00:00.000,13:00,40.672394,-73.89243,0,0,0,0,4067,-7389,0.33852140077821014
2022-03-27T00:00:00.000,21:25,40.735332,-73.95259,0,0,0,0,4073,-7395,0.30434782608695654
2021-04-28T00:00:00.000,7:40,40.692722,-73.72673,0,0,0,0,4069,-7372,0.40425531914893614
2021-04-28T00:00:00.000,13:59,40.690636,-73.96831,0,0,0,0,4069,-7396,0.325
2021-04-29T00:00:00.000,11:20,40.708492,-73.93887,0,0,0,0,4070,-7393,0.3300970873786408
2021-04-29T00:00:00.000,11:20,40.746174,-73.82473,0,0,0,0,4074,-7382,0.4057971014492754
2021-04-30T00:00:00.000,17:07,40.80723,-73.92055,0,0,0,0,4080,-7392,0.3141025641025641
2021-04-29T00:00:00.000,12:22,40.706085,-73.8085,0,0,0,0,4070,-7380,0.3877551020408163
2021-04-27T00:00:00.000,8:30,40.614456,-74.00993,0,0,0,0,4061,-7400,0.3076923076923077
2021-04-29T00:00:00.000,6:00,40.75583,-73.78734,0,0,0,0,4075,-7378,0.18518518518518517
2021-04-30T00:00:00.000,15:31,40.56968,-74.12623,0,0,0,0,4056,-7412,0.2222222222222222
2021-04-30T00:00:00.000,13:35,40.74854,-73.97315,0,0,0,0,4074,-7397,0.4810810810810811
2021-04-16T00:00:00.000,9:33,40.686188,-73.95742,0,0,0,0,4068,-7395,0.38571428571428573
2021-04-30T00:00:00.000,19:06,40.577545,-73.99789,0,0,0,0,4057,-7399,0.32558139534883723
2021-04-28T00:00:00.000,17:30,40.665848,-73.75187,0,0,0,0,4066,-7375,0.3
2021-04-28T00:00:00.000,20:55,40.83347,-73.8638,0,0,0,0,4083,-7386,0.24822695035460993
2021-04-18T00:00:00.000,16:00,40.720707,-73.981316,0,0,0,0,4072,-7398,0.4342105263157895
2021-04-27T00:00:00.000,17:41,40.84984,-73.934975,0,0,0,0,4084,-7393,0.32786885245901637
2021-04-29T00:00:00.000,13:30,40.776318,-73.962135,0,0,0,0,4077,-7396,0.3695652173913043
2021-04-29T00:00:00.000,22:47,40.75548,-73.74173,0,0,0,0,4075,-7374,0.3333333333333333
2021-04-30T00:00:00.000,9:43,40.675163,-73.73768,0,0,0,0,4067,-7373,0.46835443037974683
2021-04-28T00:00:00.000,17:30,40.72802,-73.8615,0,0,0,0,4072,-7386,0.42424242424242425
2021-04-30T00:00:00.000,22:35,40.66255,-73.90893,0,0,0,0,4066,-7390,0.2777777777777778
2021-04-30T00:00:00.000,19:38,40.682846,-73.95382,1,0,1,1,4068,-7395,0.38571428571428573
2021-04-29T00:00:00.000,20:30,40.71679,-73.83274,0,0,0,0,4071,-7383,0.37349397590361444
2021-04-30T00:00:00.000,12:02,40.658722,-73.97517,0,0,0,0,4065,-7397,0.4074074074074074
2021-04-26T00:00:00.000,16:05,40.872173,-73.86319,3,0,1,1,4087,-7386,0.3142857142857143
2021-04-30T00:00:00.000,20:20,40.695377,-73.94921,1,0,1,1,4069,-7394,0.417910447761194
2021-04-30T00:00:00.000,13:17,40.58478,-73.962555,0,0,0,0,4058,-7396,0.37333333333333335
2022-03-25T00:00:00.000,10:02,40.645973,-74.01631,2,0,1,1,4064,-7401,0.4295774647887324
2021-04-29T00:00:00.000,17:10,40.768875,-73.90852,1,0,1,1,4076,-7390,0.3055555555555556
2021-04-30T00:00:00.000,23:22,40.722584,-74.00636,1,0,1,1,4072,-7400,0.32926829268292684
2021-04-29T00:00:00.000,15:20,40.75232,-73.85959,1,0,1,1,4075,-7385,0.3048780487804878
2021-04-29T00:00:00.000,11:45,40.571266,-74.09118,0,0,0,0,4057,-7409,0.1111111111111111
2021-04-30T00:00:00.000,8:00,40.739956,-73.89421,1,0,1,1,4073,-7389,0.2857142857142857
2021-04-29T00:00:00.000,21:55,40.630814,-74.02508,0,0,0,0,4063,-7402,0.3877551020408163
2021-04-28T00:00:00.000,9:50,40.789684,-73.94815,0,0,0,0,4078,-7394,0.33513513513513515
2021-04-28T00:00:00.000,6:15,40.65556,-73.892715,1,0,1,1,4065,-7389,0.34965034965034963
2021-04-30T00:00:00.000,9:01,40.721474,-73.98383,1,0,1,1,4072,-7398,0.4342105263157895
2021-04-30T00:00:00.000,11:56,40.875088,-73.912415,0,0,0,0,4087,-7391,0.25925925925925924
2021-04-28T00:00:00.000,18:05,40.545147,-74.18286,0,0,0,0,4054,-7418,0.1875
2021-04-29T00:00:00.000,0:30,40.844677,-73.9245,0,0,0,0,4084,-7392,0.3181818181818182
2021-04-29T00:00:00.000,11:20,40.709557,-73.79628,0,0,0,0,4070,-7379,0.3978494623655914
2021-04-28T00:00:00.000,6:05,40.761204,-73.75539,0,0,0,0,4076,-7375,0.3409090909090909
2021-04-30T00:00:00.000,4:18,40.762226,-73.96819,0,0,0,0,4076,-7396,0.3023255813953488
2021-04-29T00:00:00.000,0:20,40.69802,-73.7623,1,0,1,1,4069,-7376,0.3392857142857143
2021-04-29T00:00:00.000,18:30,40.704308,-73.91924,0,0,0,0,4070,-7391,0.27450980392156865
2021-04-30T00:00:00.000,1:28,40.656685,-73.9299,0,0,0,0,4065,-7392,0.35555555555555557
2021-04-28T00:00:00.000,0:00,40.818146,-73.89929,1,0,1,1,4081,-7389,0.31543624161073824
2021-04-29T00:00:00.000,18:44,40.801125,-73.92988,1,0,1,1,4080,-7392,0.3141025641025641
2021-04-29T00:00:00.000,9:30,40.760483,-73.840836,0,0,0,0,4076,-7384,0.0
2021-04-29T00:00:00.000,15:00,40.864113,-73.92126,2,0,1,1,4086,-7392,0.359375
2021-04-28T00:00:00.000,8:20,40.73543,-73.982704,0,0,0,0,4073,-7398,0.36942675159235666
2021-04-29T00:00:00.000,0:05,40.69382,-73.72694,0,0,0,0,4069,-7372,0.40425531914893614
2021-04-24T00:00:00.000,5:00,40.746037,-73.9886,0,0,0,0,4074,-7398,0.40131578947368424
2021-04-29T00:00:00.000,11:00,40.830143,-73.92858,0,0,0,0,4083,-7392,0.310126582278481
2021-04-28T00:00:00.000,8:00,40.674397,-73.896515,0,0,0,0,4067,-7389,0.33852140077821014
2021-04-28T00:00:00.000,14:40,40.781662,-73.83445,0,0,0,0,4078,-7383,0.2727272727272727
2021-04-30T00:00:00.000,9:00,40.720314,-73.9443,0,0,0,0,4072,-7394,0.19801980198019803
2021-04-27T00:00:00.000,17:39,40.6191,-74.01009,1,0,1,1,4061,-7401,0.2972972972972973
2021-04-28T00:00:00.000,14:56,40.706043,-74.0131,0,0,0,0,4070,-7401,0.140625
2021-04-23T00:00:00.000,12:00,40.602272,-73.75277,0,0,0,0,4060,-7375,0.17117117117117117
2021-03-31T00:00:00.000,17:23,40.655884,-73.950134,1,0,1,1,4065,-7395,0.38686131386861317
2021-04-29T00:00:00.000,14:53,40.69165,-73.779205,0,0,0,0,4069,-7377,0.35135135135135137
2021-04-28T00:00:00.000,22:25,40.866474,-73.932175,1,0,1,1,4086,-7393,0.3333333333333333
2021-04-28T00:00:00.000,9:30,40.633606,-73.91623,2,0,1,1,4063,-7391,0.5
2021-04-30T00:00:00.000,0:01,40.621994,-73.99493,0,0,0,0,4062,-7399,0.3835616438356164
2021-04-28T00:00:00.000,11:50,40.74073,-73.91539,0,0,0,0,4074,-7391,0.38333333333333336
2021-04-30T00:00:00.000,15:00,40.694305,-73.91852,0,0,0,0,4069,-7391,0.2709677419354839
2021-04-29T00:00:00.000,11:54,40.68789,-73.936035,0,0,0,0,4068,-7393,0.3619047619047619
2020-05-02T00:00:00.000,17:30,40.67376,-73.79473,0,0,0,0,4067,-7379,0.4264705882352941
2021-04-29T00:00:00.000,17:15,40.855057,-73.88401,0,0,0,0,4085,-7388,0.3
2021-04-28T00:00:00.000,17:00,40.737274,-73.707344,0,0,0,0,4073,-7370,0.23529411764705882
2021-04-29T00:00:00.000,12:30,40.63758,-73.88829,2,0,1,1,4063,-7388,0.3835616438356164
2021-04-25T00:00:00.000,8:10,40.749752,-73.86624,0,0,0,0,4074,-7386,0.3813559322033898
2021-04-30T00:00:00.000,18:00,40.662846,-73.955505,0,0,0,0,4066,-7395,0.44375
2021-04-24T00:00:00.000,19:00,40.72956,-73.87145,2,0,1,1,4072,-7387,0.5714285714285714
2021-04-30T00:00:00.000,9:14,40.806705,-73.96486,1,0,1,1,4080,-7396,0.31343283582089554
2021-04-28T00:00:00.000,11:15,40.74504,-73.77657,0,0,0,0,4074,-7377,0.36363636363636365
2021-04-29T00:00:00.000,16:50,40.811935,-73.88773,0,0,0,0,4081,-7388,0.25471698113207547
2021-04-29T00:00:00.000,17:10,40.63413,-73.928505,1,0,1,1,4063,-7392,0.4036697247706422
2021-04-27T00:00:00.000,12:35,40.635933,-74.07585,1,0,1,1,4063,-7407,0.4444444444444444
2021-04-28T00:00:00.000,13:00,40.613396,-74.00063,0,0,0,0,4061,-7400,0.3076923076923077
2021-04-26T00:00:00.000,8:00,40.594044,-73.78444,0,0,0,0,4059,-7378,0.14705882352941177
2021-04-30T00:00:00.000,1:33,40.65726,-73.90031,2,0,1,1,4065,-7390,0.375
2021-04-30T00:00:00.000,5:30,40.652477,-73.86798,0,0,0,0,4065,-7386,0.36619718309859156
2021-04-29T00:00:00.000,14:45,40.71604,-73.80504,0,0,0,0,4071,-7380,0.42105263157894735
2021-04-29T00:00:00.000,0:28,40.65682,-73.95482,0,0,0,0,4065,-7395,0.38686131386861317
2021-04-28T00:00:00.000,22:00,40.842537,-73.87784,0,0,0,0,4084,-7387,0.48333333333333334
2021-04-29T00:00:00.000,8:11,40.70066,-73.98775,0,0,0,0,4070,-7398,0.21568627450980393
2021-04-30T00:00:00.000,15:00,40.6307,-74.103676,0,0,0,0,4063,-7410,0.4117647058823529
2021-04-30T00:00:00.000,15:30,40.689198,-73.733116,2,0,1,1,4068,-7373,0.29411764705882354
2021-04-09T00:00:00.000,8:30,40.64967,-73.95237,2,0,1,1,4064,-7395,0.4796747967479675
2021-04-30T00:00:00.000,22:55,40.732708,-73.84322,0,0,0,0,4073,-7384,0.2682926829268293
2021-04-29T00:00:00.000,16:10,40.72773,-73.90674,0,0,0,0,4072,-7390,0.2978723404255319
2021-04-27T00:00:00.000,22:45,40.75537,-73.722244,0,0,0,0,4075,-7372,0.2857142857142857
2021-04-29T00:00:00.000,12:55,40.82039,-73.9158,0,0,0,0,4082,-7391,0.3355263157894737
2021-04-28T00:00:00.000,0:30,40.80719,-73.92431,1,0,1,1,4080,-7392,0.3141025641025641
2021-04-30T00:00:00.000,17:10,40.827866,-73.823586,1,0,1,1,4082,-7382,0.46153846153846156
2021-04-28T00:00:00.000,22:00,40.695114,-73.93194,0,0,0,0,4069,-7393,0.3141025641025641
2021-04-28T00:00:00.000,6:30,40.728107,-73.984955,1,0,1,1,4072,-7398,0.4342105263157895
2021-04-28T00:00:00.000,13:00,40.84869,-73.90329,1,0,1,1,4084,-7390,0.366120218579235
2021-04-29T00:00:00.000,16:51,40.79084,-73.97457,0,0,0,0,4079,-7397,0.24210526315789474
2021-04-28T00:00:00.000,14:00,40.66659,-73.9032,0,0,0,0,4066,-7390,0.2777777777777778
2021-04-29T00:00:00.000,1:00,40.673748,-73.84324,1,0,1,1,4067,-7384,0.28888888888888886
2021-04-28T00:00:00.000,6:30,40.69579,-73.759285,0,0,0,0,4069,-7375,0.3584905660377358
2021-04-30T00:00:00.000,22:40,40.740067,-73.935455,0,0,0,0,4074,-7393,0.3333333333333333
2021-04-28T00:00:00.000,9:15,40.711033,-73.93378,0,0,0,0,4071,-7393,0.2711864406779661
2021-04-30T00:00:00.000,16:15,40.737682,-73.862305,0,0,0,0,4073,-7386,0.3464566929133858
2021-04-29T00:00:00.000,6:16,40.62685,-73.97643,0,0,0,0,4062,-7397,0.38666666666666666
2021-04-30T00:00:00.000,7:00,40.622658,-73.93641,0,0,0,0,4062,-7393,0.4444444444444444
2021-04-30T00:00:00.000,6:30,40.668648,-73.92835,3,0,1,1,4066,-7392,0.355
2021-04-28T00:00:00.000,15:25,40.680756,-73.813446,1,0,1,1,4068,-7381,0.4117647058823529
2021-04-29T00:00:00.000,18:00,40.725975,-73.7575,2,0,1,1,4072,-7375,0.2727272727272727
2021-04-29T00:00:00.000,23:30,40.682194,-74.00239,0,0,0,0,4068,-7400,0.3333333333333333
2021-04-28T00:00:00.000,14:55,40.724194,-73.94523,0,0,0,0,4072,-7394,0.19801980198019803
2021-04-26T00:00:00.000,23:45,40.695095,-73.93845,0,0,0,0,4069,-7393,0.3141025641025641
2021-04-30T00:00:00.000,10:04,40.583107,-73.954155,0,0,0,0,4058,-7395,0.3465346534653465
2021-04-28T00:00:00.000,14:23,40.676003,-73.865395,1,0,1,1,4067,-7386,0.3431372549019608
2021-04-29T00:00:00.000,2:45,40.843956,-73.8978,1,0,1,1,4084,-7389,0.33766233766233766
2021-04-29T00:00:00.000,15:30,40.832222,-73.87181,0,0,0,0,4083,-7387,0.38414634146341464
2021-04-30T00:00:00.000,23:36,40.760536,-73.95836,0,0,0,0,4076,-7395,0.3696969696969697
2021-04-28T00:00:00.000,19:45,40.757725,-73.779274,1,0,1,1,4075,-7377,0.24
2021-04-25T00:00:00.000,16:57,40.558887,-74.1977,0,0,0,0,4055,-7419,0.36363636363636365
2021-04-29T00:00:00.000,16:10,40.626728,-74.127914,0,0,0,0,4062,-7412,0.21739130434782608
2021-04-29T00:00:00.000,8:20,40.87573,-73.87956,0,0,0,0,4087,-7387,0.297029702970297
2021-04-07T00:00:00.000,6:40,40.715515,-73.90245,1,0,1,1,4071,-7390,0.4
2021-04-30T00:00:00.000,16:34,40.75014,-73.860756,1,0,1,1,4075,-7386,0.33653846153846156
2021-04-28T00:00:00.000,12:08,40.848,-73.93784,0,0,0,0,4084,-7393,0.32786885245901637
2021-04-25T00:00:00.000,0:00,40.73132,-73.98862,1,0,1,1,4073,-7398,0.36942675159235666
2021-04-28T00:00:00.000,20:00,40.742836,-73.97214,0,0,0,0,4074,-7397,0.4810810810810811
2021-04-30T00:00:00.000,23:15,40.71294,-73.82387,1,0,1,1,4071,-7382,0.379746835443038
2021-04-29T00:00:00.000,18:50,40.579765,-74.103806,3,0,1,1,4057,-7410,0.3877551020408163
2021-04-30T00:00:00.000,14:24,40.762806,-73.993164,0,0,0,0,4076,-7399,0.3275862068965517
2021-04-27T00:00:00.000,13:00,40.800583,-73.960075,0,0,0,0,4080,-7396,0.31343283582089554
2021-04-28T00:00:00.000,13:50,40.739956,-73.89421,0,0,0,0,4073,-7389,0.2857142857142857
2021-04-29T00:00:00.000,5:20,40.644455,-74.0183,0,0,0,0,4064,-7401,0.4295774647887324
2021-04-07T00:00:00.000,19:30,40.75898,-73.96244,1,0,1,1,4075,-7396,0.4788732394366197
2021-04-28T00:00:00.000,0:00,40.84084,-73.901566,0,0,0,0,4084,-7390,0.366120218579235
2021-04-30T00:00:00.000,12:55,40.66526,-73.92289,0,0,0,0,4066,-7392,0.355
2021-04-28T00:00:00.000,16:20,40.721283,-73.8141,0,0,0,0,4072,-7381,0.2926829268292683
2021-04-30T00:00:00.000,14:00,40.722584,-74.00636,1,0,1,1,4072,-7400,0.32926829268292684
2021-04-29T00:00:00.000,16:52,40.72556,-73.87965,2,0,1,1,4072,-7387,0.5714285714285714
2021-04-29T00:00:00.000,18:45,40.85214,-73.92071,0,0,0,0,4085,-7392,0.22
2021-04-20T00:00:00.000,14:46,40.72035,-73.97846,0,0,0,0,4072,-7397,0.3283582089552239
2021-04-30T00:00:00.000,12:50,40.662888,-73.924965,0,0,0,0,4066,-7392,0.355
2021-04-09T00:00:00.000,11:20,40.713764,-73.993805,0,0,0,0,4071,-7399,0.3263157894736842
2021-04-27T00:00:00.000,19:17,40.722485,-73.974396,0,0,0,0,4072,-7397,0.3283582089552239
2021-04-28T00:00:00.000,11:58,40.661274,-73.89267,0,0,0,0,4066,-7389,0.3103448275862069
2021-04-28T00:00:00.000,22:30,40.77723,-73.946175,0,0,0,0,4077,-7394,0.28
2021-04-30T00:00:00.000,0:00,40.741394,-73.82303,1,0,1,1,4074,-7382,0.4057971014492754
2021-04-22T00:00:00.000,14:00,40.83898,-73.9186,0,0,0,0,4083,-7391,0.33714285714285713
2021-04-28T00:00:00.000,8:00,40.66496,-73.82226,1,0,1,1,4066,-7382,0.43103448275862066
2021-04-29T00:00:00.000,2:43,40.659527,-73.896576,0,0,0,0,4065,-7389,0.34965034965034963
2021-04-30T00:00:00.000,15:30,40.717674,-73.81713,0,0,0,0,4071,-7381,0.3448275862068966
2021-04-28T00:00:00.000,11:15,40.815327,-73.93576,0,0,0,0,4081,-7393,0.32432432432432434
2021-04-28T00:00:00.000,15:14,40.839092,-73.85005,1,0,1,1,4083,-7385,0.30158730158730157
2021-04-28T00:00:00.000,21:00,40.728474,-73.882614,0,0,0,0,4072,-7388,0.4
2021-04-29T00:00:00.000,6:30,40.730064,-73.97462,0,0,0,0,4073,-7397,0.32558139534883723
2021-04-29T00:00:00.000,1:14,40.69168,-73.999344,2,0,1,1,4069,-7399,0.29473684210526313
2021-04-28T00:00:00.000,16:00,40.701237,-73.79465,0,0,0,0,4070,-7379,0.3978494623655914
2021-04-28T00:00:00.000,6:00,40.65478,-73.889984,1,0,1,1,4065,-7388,0.41509433962264153
2021-04-28T00:00:00.000,16:30,40.646454,-74.00352,0,0,0,0,4064,-7400,0.36764705882352944
2021-04-28T00:00:00.000,19:20,40.69203,-73.94565,1,0,1,1,4069,-7394,0.417910447761194
2021-04-28T00:00:00.000,16:35,40.664192,-73.841125,0,0,0,0,4066,-7384,0.5925925925925926
2021-04-29T00:00:00.000,0:50,40.58571,-73.91276,1,0,1,1,4058,-7391,0.3888888888888889
2021-04-08T00:00:00.000,7:20,40.698643,-73.94697,0,0,0,0,4069,-7394,0.417910447761194
2021-04-30T00:00:00.000,18:00,40.816032,-73.90809,0,0,0,0,4081,-7390,0.3888888888888889
2021-04-29T00:00:00.000,0:00,40.777542,-73.957016,0,0,0,0,4077,-7395,0.3384615384615385
2021-04-30T00:00:00.000,20:52,40.862732,-73.90333,0,0,0,0,4086,-7390,0.42748091603053434
2021-04-29T00:00:00.000,19:11,40.68444,-73.83192,1,0,1,1,4068,-7383,0.45454545454545453
2020-12-08T00:00:00.000,15:18,40.69657,-73.95844,0,0,0,0,4069,-7395,0.30952380952380953
2021-04-29T00:00:00.000,1:38,40.827904,-73.91218,0,0,0,0,4082,-7391,0.3355263157894737
2021-04-29T00:00:00.000,9:05,40.6185,-73.96014,0,0,0,0,4061,-7396,0.30666666666666664
2021-04-30T00:00:00.000,14:30,40.608807,-73.9532,0,0,0,0,4060,-7395,0.4791666666666667
2021-04-22T00:00:00.000,15:46,40.710964,-73.91601,1,0,1,1,4071,-7391,0.1836734693877551
2021-04-30T00:00:00.000,17:50,40.571163,-73.86313,0,0,0,0,4057,-7386,0.0
2021-04-29T00:00:00.000,21:00,40.861275,-73.86366,2,0,1,1,4086,-7386,0.4642857142857143
2021-09-18T00:00:00.000,21:30,40.823383,-73.91835,1,0,1,1,4082,-7391,0.3355263157894737
2021-12-09T00:00:00.000,7:30,40.81175,-73.93144,1,0,1,1,4081,-7393,0.32432432432432434
2021-04-30T00:00:00.000,1:30,40.84487,-73.92068,0,0,0,0,4084,-7392,0.3181818181818182
2021-04-27T00:00:00.000,14:22,40.518726,-74.24025,1,0,1,1,4051,-7424,0.21428571428571427
2021-04-30T00:00:00.000,0:00,40.771572,-73.81323,1,0,1,1,4077,-7381,0.3157894736842105
2021-04-30T00:00:00.000,15:00,40.5377,-74.15002,0,0,0,0,4053,-7415,0.2222222222222222
2021-04-28T00:00:00.000,1:27,40.773663,-73.90239,1,0,1,1,4077,-7390,0.3404255319148936
2021-03-26T00:00:00.000,5:45,40.69603,-73.943535,0,0,0,0,4069,-7394,0.417910447761194
2021-04-30T00:00:00.000,15:40,40.59727,-73.99868,0,0,0,0,4059,-7399,0.3076923076923077
2021-04-30T00:00:00.000,6:53,40.68882,-73.98568,0,0,0,0,4068,-7398,0.3873239436619718
2021-04-29T00:00:00.000,2:45,40.69497,-73.931694,0,0,0,0,4069,-7393,0.3141025641025641
2021-04-30T00:00:00.000,17:00,40.666183,-73.8513,0,0,0,0,4066,-7385,0.3333333333333333
2021-04-12T00:00:00.000,0:00,40.696167,-73.97721,1,0,1,1,4069,-7397,0.3253012048192771
2021-04-29T00:00:00.000,9:30,40.70448,-73.79267,0,0,0,0,4070,-7379,0.3978494623655914
2022-03-27T00:00:00.000,0:27,40.73042,-73.98926,0,0,0,0,4073,-7398,0.36942675159235666
2021-04-30T00:00:00.000,12:00,40.8275,-73.8408,2,0,1,1,4082,-7384,0.3835616438356164
2021-04-30T00:00:00.000,19:53,40.681503,-73.974236,1,0,1,1,4068,-7397,0.3412322274881517
2021-04-28T00:00:00.000,15:18,40.802753,-73.93358,1,0,1,1,4080,-7393,0.36312849162011174
2021-04-28T00:00:00.000,13:00,40.67151,-73.76455,2,0,1,1,4067,-7376,0.23076923076923078
2021-04-29T00:00:00.000,18:15,40.79726,-73.94053,0,0,0,0,4079,-7394,0.3523809523809524
2021-04-30T00:00:00.000,14:45,40.637054,-74.10938,1,0,1,1,4063,-7410,0.4117647058823529
2021-04-28T00:00:00.000,0:00,40.72867,-73.95529,0,0,0,0,4072,-7395,0.22093023255813954
2021-04-28T00:00:00.000,6:05,40.67657,-73.9008,2,0,1,1,4067,-7390,0.3282442748091603
2021-04-28T00:00:00.000,18:44,40.593742,-73.96085,0,0,0,0,4059,-7396,0.38596491228070173
2021-04-29T00:00:00.000,7:30,40.818283,-73.95481,0,0,0,0,4081,-7395,0.3509933774834437
2021-04-28T00:00:00.000,11:39,40.637997,-74.02136,0,0,0,0,4063,-7402,0.3877551020408163
2021-04-26T00:00:00.000,14:00,40.67164,-73.95034,0,0,0,0,4067,-7395,0.3695652173913043
2022-03-26T00:00:00.000,8:45,40.607605,-74.06196,0,0,0,0,4060,-7406,0.3076923076923077
2021-04-30T00:00:00.000,17:30,40.757935,-73.98557,0,0,0,0,4075,-7398,0.3170731707317073
2021-04-28T00:00:00.000,14:45,40.882496,-73.86989,0,0,0,0,4088,-7386,0.23809523809523808
2021-04-28T00:00:00.000,11:00,40.615772,-73.98308,1,0,1,1,4061,-7398,0.3698630136986301
2021-04-30T00:00:00.000,19:55,40.67897,-73.759834,0,0,0,0,4067,-7375,0.2608695652173913
2021-04-28T00:00:00.000,17:18,40.86028,-73.89405,0,0,0,0,4086,-7389,0.40606060606060607
2021-04-30T00:00:00.000,22:30,40.711437,-73.74779,0,0,0,0,4071,-7374,0.23404255319148937
2021-04-28T00:00:00.000,15:01,40.889626,-73.911476,0,0,0,0,4088,-7391,0.23076923076923078
2021-04-28T00:00:00.000,6:45,40.804993,-73.934875,1,0,1,1,4080,-7393,0.36312849162011174
2021-04-29T00:00:00.000,14:11,40.658577,-73.89063,0,0,0,0,4065,-7389,0.34965034965034963
2021-04-28T00:00:00.000,20:17,40.586205,-73.93417,0,0,0,0,4058,-7393,0.24324324324324326
2021-04-29T00:00:00.000,11:41,40.710533,-73.95514,0,0,0,0,4071,-7395,0.36585365853658536
2021-04-30T00:00:00.000,21:25,40.836304,-73.92518,0,0,0,0,4083,-7392,0.310126582278481
2021-04-30T00:00:00.000,7:10,40.681705,-74.00431,2,0,1,1,4068,-7400,0.3333333333333333
2021-04-30T00:00:00.000,18:00,40.663143,-73.95046,0,0,0,0,4066,-7395,0.44375
2021-04-30T00:00:00.000,8:38,40.885098,-73.90066,0,0,0,0,4088,-7390,0.2702702702702703
2021-04-26T00:00:00.000,10:30,40.516457,-74.196884,0,0,0,0,4051,-7419,0.0
2021-04-29T00:00:00.000,0:09,40.84519,-73.9112,1,0,1,1,4084,-7391,0.32558139534883723
2021-04-30T00:00:00.000,6:53,40.72625,-74.00374,1,0,1,1,4072,-7400,0.32926829268292684
2021-04-16T00:00:00.000,18:30,40.66095,-73.9247,0,0,0,0,4066,-7392,0.355
2021-04-29T00:00:00.000,8:24,40.71213,-73.95688,0,0,0,0,4071,-7395,0.36585365853658536
2021-04-28T00:00:00.000,9:10,40.707027,-73.9236,0,0,0,0,4070,-7392,0.24305555555555555
2021-04-30T00:00:00.000,19:00,40.825424,-73.923485,0,0,0,0,4082,-7392,0.3333333333333333
2021-04-28T00:00:00.000,4:00,40.866005,-73.86834,0,0,0,0,4086,-7386,0.4642857142857143
2021-04-28T00:00:00.000,11:15,40.586555,-73.95237,0,0,0,0,4058,-7395,0.3465346534653465
2021-04-30T00:00:00.000,19:00,40.63006,-73.935524,0,0,0,0,4063,-7393,0.46153846153846156
2021-04-25T00:00:00.000,22:20,40.76653,-73.90624,0,0,0,0,4076,-7390,0.3055555555555556
2021-04-29T00:00:00.000,13:00,40.885143,-73.8339,1,0,1,1,4088,-7383,0.3448275862068966
2021-04-27T00:00:00.000,16:55,40.622894,-73.96002,1,0,1,1,4062,-7396,0.375
2021-04-28T00:00:00.000,15:25,40.68665,-73.920746,1,0,1,1,4068,-7392,0.2542372881355932
2021-04-30T00:00:00.000,19:56,40.60638,-73.754715,2,0,1,1,4060,-7375,0.17117117117117117
2021-04-24T00:00:00.000,4:00,40.664356,-73.734535,0,0,0,0,4066,-7373,0.44339622641509435
2021-04-29T00:00:00.000,11:58,40.669888,-73.90932,1,0,1,1,4066,-7390,0.2777777777777778
2021-04-30T00:00:00.000,19:10,40.74119,-73.90156,0,0,0,0,4074,-7390,0.40625
2021-04-29T00:00:00.000,12:15,40.72004,-73.76185,0,0,0,0,4072,-7376,0.5
2021-04-29T00:00:00.000,17:00,40.70938,-73.9371,0,0,0,0,4070,-7393,0.3300970873786408
2021-04-28T00:00:00.000,9:00,40.708076,-73.79257,0,0,0,0,4070,-7379,0.3978494623655914
2021-04-28T00:00:00.000,16:40,40.71062,-73.98534,1,0,1,1,4071,-7398,0.39568345323741005
2021-04-28T00:00:00.000,20:34,40.88788,-73.85028,1,0,1,1,4088,-7385,0.36619718309859156
2021-04-28T00:00:00.000,21:38,40.832542,-73.864006,0,0,0,0,4083,-7386,0.24822695035460993
2021-04-30T00:00:00.000,12:30,40.760254,-73.967545,0,0,0,0,4076,-7396,0.3023255813953488
2021-04-29T00:00:00.000,9:55,40.758793,-73.87256,0,0,0,0,4075,-7387,0.33884297520661155
2021-04-28T00:00:00.000,6:03,40.900433,-73.840706,0,0,0,0,4090,-7384,0.28205128205128205
2021-04-29T00:00:00.000,13:07,40.855927,-73.89478,1,0,1,1,4085,-7389,0.3353658536585366
2021-04-30T00:00:00.000,13:30,40.858814,-73.890236,0,0,0,0,4085,-7389,0.3353658536585366
2021-04-28T00:00:00.000,6:30,40.754986,-73.74535,1,0,1,1,4075,-7374,0.3333333333333333
2021-04-28T00:00:00.000,22:02,40.83163,-73.92252,1,0,1,1,4083,-7392,0.310126582278481
2021-04-29T00:00:00.000,20:58,40.683105,-73.874115,0,0,0,0,4068,-7387,0.24719101123595505
2021-04-28T00:00:00.000,0:35,40.77226,-73.92591,0,0,0,0,4077,-7392,0.3269230769230769
2021-04-28T00:00:00.000,19:39,40.844746,-73.90363,0,0,0,0,4084,-7390,0.366120218579235
2021-04-28T00:00:00.000,12:40,40.765224,-73.9317,0,0,0,0,4076,-7393,0.44680851063829785
2021-04-30T00:00:00.000,15:40,40.72375,-73.82852,0,0,0,0,4072,-7382,0.45454545454545453
2021-04-29T00:00:00.000,18:00,40.691666,-73.76239,0,0,0,0,4069,-7376,0.3392857142857143
2021-04-30T00:00:00.000,15:00,40.585026,-73.958275,0,0,0,0,4058,-7395,0.3465346534653465
2021-04-29T00:00:00.000,17:22,40.62643,-73.972305,0,0,0,0,4062,-7397,0.38666666666666666
2021-04-28T00:00:00.000,11:45,40.715046,-73.964806,0,0,0,0,4071,-7396,0.3218390804597701
2021-04-30T00:00:00.000,7:00,40.674496,-73.90629,0,0,0,0,4067,-7390,0.3282442748091603
2021-04-29T00:00:00.000,21:30,40.63039,-73.93006,2,0,1,1,4063,-7393,0.46153846153846156
2021-04-28T00:00:00.000,9:30,40.797867,-73.96758,0,0,0,0,4079,-7396,0.25
2021-04-29T00:00:00.000,19:37,40.83008,-73.90301,0,0,0,0,4083,-7390,0.3064516129032258
2021-04-29T00:00:00.000,20:30,40.72956,-73.87145,0,0,0,0,4072,-7387,0.5714285714285714
2021-04-29T00:00:00.000,8:00,40.788033,-73.845665,0,0,0,0,4078,-7384,0.23809523809523808
2021-04-29T00:00:00.000,23:20,40.74321,-73.89608,0,0,0,0,4074,-7389,0.3203125
2021-04-22T00:00:00.000,15:55,40.68107,-73.94972,0,0,0,0,4068,-7394,0.4409448818897638
2021-04-28T00:00:00.000,16:28,40.680374,-74.000465,0,0,0,0,4068,-7400,0.3333333333333333
2021-04-30T00:00:00.000,0:42,40.67538,-73.9082,0,0,0,0,4067,-7390,0.3282442748091603
2021-04-30T00:00:00.000,2:30,40.818954,-73.91404,0,0,0,0,4081,-7391,0.47244094488188976
2021-04-28T00:00:00.000,19:55,40.72952,-74.00514,0,0,0,0,4072,-7400,0.32926829268292684
2021-04-28T00:00:00.000,18:17,40.708443,-73.908806,0,0,0,0,4070,-7390,0.37894736842105264
2021-04-28T00:00:00.000,8:09,40.724037,-73.72568,1,0,1,1,4072,-7372,0.3793103448275862
2021-04-28T00:00:00.000,2:09,40.811108,-73.92734,1,0,1,1,4081,-7392,0.4714285714285714
2021-04-30T00:00:00.000,14:25,40.760254,-73.967545,0,0,0,0,4076,-7396,0.3023255813953488
2021-04-29T00:00:00.000,11:00,40.73019,-73.97255,0,0,0,0,4073,-7397,0.32558139534883723
2021-04-29T00:00:00.000,5:55,40.66584,-73.75551,0,0,0,0,4066,-7375,0.3
2021-04-30T00:00:00.000,0:00,40.83089,-73.941376,2,0,1,1,4083,-7394,0.38926174496644295
2021-04-29T00:00:00.000,8:07,40.700546,-73.917076,0,0,0,0,4070,-7391,0.27450980392156865
2021-04-28T00:00:00.000,14:47,40.66885,-73.91635,1,0,1,1,4066,-7391,0.3630952380952381
2021-04-28T00:00:00.000,17:02,40.677338,-73.927536,3,0,1,1,4067,-7392,0.39655172413793105
2021-04-28T00:00:00.000,0:00,40.61264,-74.03384,0,0,0,0,4061,-7403,0.2777777777777778
2021-04-28T00:00:00.000,6:45,40.60041,-73.9882,0,0,0,0,4060,-7398,0.2711864406779661
2021-04-28T00:00:00.000,16:40,40.74357,-73.83772,0,0,0,0,4074,-7383,0.4067796610169492
2021-04-30T00:00:00.000,22:15,40.753677,-73.914474,1,0,1,1,4075,-7391,0.4777777777777778
2021-04-30T00:00:00.000,6:20,40.836224,-73.93957,1,0,1,1,4083,-7393,0.3333333333333333
2021-04-28T00:00:00.000,9:30,40.70145,-73.989624,2,0,1,1,4070,-7398,0.21568627450980393
2021-04-30T00:00:00.000,8:15,40.626476,-73.95655,0,0,0,0,4062,-7395,0.4444444444444444
2021-04-29T00:00:00.000,6:43,40.723698,-74.00792,1,0,1,1,4072,-7400,0.32926829268292684
2021-04-30T00:00:00.000,1:20,40.71982,-73.74978,0,0,0,0,4071,-7374,0.23404255319148937
2021-04-28T00:00:00.000,22:00,40.671356,-73.88716,0,0,0,0,4067,-7388,0.30434782608695654
2021-04-04T00:00:00.000,20:47,40.72106,-73.75945,1,0,1,1,4072,-7375,0.2727272727272727
2021-04-28T00:00:00.000,0:00,40.669476,-73.919975,1,0,1,1,4066,-7391,0.3630952380952381
2021-04-29T00:00:00.000,9:15,40.674995,-73.80854,0,0,0,0,4067,-7380,0.24615384615384617
2021-04-30T00:00:00.000,10:35,40.64169,-73.96341,1,0,1,1,4064,-7396,0.4714285714285714
2021-04-28T00:00:00.000,11:30,40.692024,-73.9818,1,0,1,1,4069,-7398,0.3229166666666667
2021-04-30T00:00:00.000,4:55,40.74125,-73.81912,1,0,1,1,4074,-7381,0.46153846153846156
2021-03-28T00:00:00.000,21:30,40.679276,-73.92906,1,0,1,1,4067,-7392,0.39655172413793105
2021-04-28T00:00:00.000,7:40,40.714622,-73.829704,2,0,1,1,4071,-7382,0.379746835443038
2021-04-27T00:00:00.000,20:15,40.724136,-73.992615,1,0,1,1,4072,-7399,0.3829787234042553
2021-04-29T00:00:00.000,12:56,40.839863,-73.888145,0,0,0,0,4083,-7388,0.26717557251908397
2021-04-28T00:00:00.000,21:20,40.766552,-73.77255,0,0,0,0,4076,-7377,0.20588235294117646
2021-04-30T00:00:00.000,18:13,40.6737,-74.00444,0,0,0,0,4067,-7400,0.20967741935483872
2021-04-29T00:00:00.000,11:40,40.58501,-73.82619,0,0,0,0,4058,-7382,0.11764705882352941
2021-04-29T00:00:00.000,9:00,40.847332,-73.831375,1,0,1,1,4084,-7383,0.4318181818181818
2021-04-28T00:00:00.000,13:35,40.6687,-73.90372,0,0,0,0,4066,-7390,0.2777777777777778
2022-03-27T00:00:00.000,15:00,40.6148,-73.98766,0,0,0,0,4061,-7398,0.3698630136986301
2021-04-30T00:00:00.000,14:00,40.717648,-73.98868,0,0,0,0,4071,-7398,0.39568345323741005
2021-04-30T00:00:00.000,23:00,40.67974,-73.92214,0,0,0,0,4067,-7392,0.39655172413793105
2021-04-28T00:00:00.000,9:30,40.889927,-73.9084,0,0,0,0,4088,-7390,0.2702702702702703
2021-04-25T00:00:00.000,19:45,40.853714,-73.92681,0,0,0,0,4085,-7392,0.22
2021-04-29T00:00:00.000,20:15,40.843063,-73.90954,1,0,1,1,4084,-7390,0.366120218579235
2021-04-28T00:00:00.000,14:30,40.615585,-73.92264,0,0,0,0,4061,-7392,0.2982456140350877
2021-04-30T00:00:00.000,9:00,40.82193,-73.88844,0,0,0,0,4082,-7388,0.27624309392265195
2021-04-28T00:00:00.000,16:30,40.58461,-73.92711,3,0,1,1,4058,-7392,0.375
2021-04-29T00:00:00.000,22:30,40.70997,-73.962425,0,0,0,0,4070,-7396,0.3431372549019608
2021-04-26T00:00:00.000,15:00,0.0,0.0,0,0,0,0,0,0,0.40425531914893614
2021-04-29T00:00:00.000,0:00,40.86309,-73.88946,0,0,0,0,4086,-7388,0.23943661971830985
2021-04-25T00:00:00.000,13:50,40.596325,-73.76673,2,0,1,1,4059,-7376,0.23809523809523808
2021-04-28T00:00:00.000,17:45,40.7122,-73.86208,1,0,1,1,4071,-7386,0.5625
2021-04-24T00:00:00.000,21:57,40.75428,-73.99255,0,0,0,0,4075,-7399,0.2830188679245283
2021-04-28T00:00:00.000,15:50,40.68175,-73.96748,0,0,0,0,4068,-7396,0.42567567567567566
2021-03-01T00:00:00.000,16:10,40.643787,-74.018845,0,0,0,0,4064,-7401,0.4295774647887324
2021-04-29T00:00:00.000,1:30,40.6722,-73.734604,2,0,1,1,4067,-7373,0.46835443037974683
2021-04-29T00:00:00.000,11:26,40.641277,-73.88406,0,0,0,0,4064,-7388,0.3225806451612903
2021-04-28T00:00:00.000,7:15,40.71148,-73.9456,1,0,1,1,4071,-7394,0.3710691823899371
2021-04-28T00:00:00.000,17:40,40.681137,-73.95567,1,0,1,1,4068,-7395,0.38571428571428573
2021-04-28T00:00:00.000,16:30,40.830227,-73.898575,0,0,0,0,4083,-7389,0.3333333333333333
2021-04-28T00:00:00.000,19:40,40.75045,-73.9873,1,0,1,1,4075,-7398,0.3170731707317073
2021-04-30T00:00:00.000,17:00,40.710876,-74.01439,0,0,0,0,4071,-7401,0.3181818181818182
2021-04-28T00:00:00.000,14:00,40.66461,-73.77319,0,0,0,0,4066,-7377,0.37362637362637363
2021-04-27T00:00:00.000,12:25,40.852386,-73.90369,2,0,1,1,4085,-7390,0.42207792207792205
2021-04-30T00:00:00.000,12:30,40.620285,-73.93438,0,0,0,0,4062,-7393,0.4444444444444444
2021-04-29T00:00:00.000,18:53,40.654102,-73.9258,0,0,0,0,4065,-7392,0.35555555555555557
2021-04-30T00:00:00.000,16:00,40.76738,-73.759735,0,0,0,0,4076,-7375,0.3409090909090909
2021-04-28T00:00:00.000,14:10,40.74447,-73.911514,1,0,1,1,4074,-7391,0.38333333333333336
2021-04-28T00:00:00.000,16:30,40.774567,-73.90665,1,0,1,1,4077,-7390,0.3404255319148936
2021-04-28T00:00:00.000,16:30,40.63404,-74.09884,0,0,0,0,4063,-7409,0.15384615384615385
2021-04-30T00:00:00.000,17:00,40.698643,-73.94697,1,0,1,1,4069,-7394,0.417910447761194
2021-04-29T00:00:00.000,2:55,40.86952,-73.84443,0,0,0,0,4086,-7384,0.17857142857142858
2021-04-30T00:00:00.000,15:42,40.69614,-73.92726,1,0,1,1,4069,-7392,0.3584905660377358
2021-04-30T00:00:00.000,23:18,40.726246,-73.957886,0,0,0,0,4072,-7395,0.22093023255813954
2021-04-28T00:00:00.000,21:34,40.84247,-73.85335,1,0,1,1,4084,-7385,0.32727272727272727
2021-04-28T00:00:00.000,20:33,40.878056,-73.892136,0,0,0,0,4087,-7389,0.3333333333333333
2021-04-28T00:00:00.000,15:25,40.827595,-73.85004,1,0,1,1,4082,-7385,0.27
2021-04-28T00:00:00.000,17:55,0.0,0.0,1,0,1,1,0,0,0.40425531914893614
2021-04-29T00:00:00.000,16:00,40.772022,-73.979805,0,0,0,0,4077,-7397,0.38235294117647056
2021-04-29T00:00:00.000,0:50,40.813175,-73.89845,0,0,0,0,4081,-7389,0.31543624161073824
2021-04-29T00:00:00.000,23:12,40.81346,-73.91022,1,0,1,1,4081,-7391,0.47244094488188976
2021-04-12T00:00:00.000,7:50,40.722137,-73.82436,0,0,0,0,4072,-7382,0.45454545454545453
2021-04-29T00:00:00.000,11:00,40.738575,-73.845345,0,0,0,0,4073,-7384,0.2682926829268293
2021-04-28T00:00:00.000,8:00,40.692936,-73.87777,1,0,1,1,4069,-7387,0.5
2021-04-29T00:00:00.000,13:25,40.851936,-73.91078,0,0,0,0,4085,-7391,0.373134328358209
2021-04-28T00:00:00.000,11:47,40.870823,-73.8721,1,0,1,1,4087,-7387,0.297029702970297
2021-04-30T00:00:00.000,21:15,40.867733,-73.85861,1,0,1,1,4086,-7385,0.5
2021-04-29T00:00:00.000,16:38,40.605164,-73.75485,1,0,1,1,4060,-7375,0.17117117117117117
2022-03-18T00:00:00.000,17:05,40.670868,-73.9198,0,0,0,0,4067,-7391,0.36597938144329895
2021-04-28T00:00:00.000,13:44,40.654327,-73.9221,1,0,1,1,4065,-7392,0.35555555555555557
2021-04-29T00:00:00.000,9:45,40.83389,-73.85466,1,0,1,1,4083,-7385,0.30158730158730157
2021-04-29T00:00:00.000,16:30,40.877476,-73.83661,0,0,0,0,4087,-7383,0.3333333333333333
2021-04-29T00:00:00.000,8:47,40.763893,-73.915,1,0,1,1,4076,-7391,0.40476190476190477
2021-04-29T00:00:00.000,19:04,40.678234,-73.89753,0,0,0,0,4067,-7389,0.33852140077821014
2021-04-22T00:00:00.000,15:20,40.691555,-73.93677,0,0,0,0,4069,-7393,0.3141025641025641
2021-04-29T00:00:00.000,8:14,40.839615,-73.88974,0,0,0,0,4083,-7388,0.26717557251908397
2021-04-30T00:00:00.000,22:30,40.74875,-73.90077,0,0,0,0,4074,-7390,0.40625
2021-04-29T00:00:00.000,22:13,40.764168,-73.98474,0,0,0,0,4076,-7398,0.3081761006289308
2021-04-29T00:00:00.000,13:34,40.671783,-73.9742,0,0,0,0,4067,-7397,0.2818181818181818
2021-04-28T00:00:00.000,21:45,40.711227,-73.72826,1,0,1,1,4071,-7372,0.40425531914893614
2021-04-30T00:00:00.000,16:45,40.54653,-74.180435,0,0,0,0,4054,-7418,0.1875
2021-04-29T00:00:00.000,10:18,40.707714,-73.802795,1,0,1,1,4070,-7380,0.3877551020408163
2021-04-28T00:00:00.000,13:25,40.848335,-73.89309,0,0,0,0,4084,-7389,0.33766233766233766
2021-04-28T00:00:00.000,3:40,40.725174,-73.97274,0,0,0,0,4072,-7397,0.3283582089552239
2021-04-29T00:00:00.000,12:56,40.770424,-73.96222,1,0,1,1,4077,-7396,0.3695652173913043
2021-04-22T00:00:00.000,12:30,40.67202,-73.93083,0,0,0,0,4067,-7393,0.3755868544600939
2021-04-29T00:00:00.000,22:15,40.621216,-73.93539,3,0,1,1,4062,-7393,0.4444444444444444
2021-04-29T00:00:00.000,18:07,40.697083,-73.83048,0,0,0,0,4069,-7383,0.35555555555555557
2021-04-30T00:00:00.000,7:50,40.796,-73.93542,0,0,0,0,4079,-7393,0.36585365853658536
2021-04-29T00:00:00.000,7:15,40.63856,-74.13194,0,0,0,0,4063,-7413,0.2903225806451613
2021-04-28T00:00:00.000,15:30,40.68582,-73.979904,0,0,0,0,4068,-7397,0.3412322274881517
2021-04-28T00:00:00.000,22:00,40.622295,-74.02186,0,0,0,0,4062,-7402,0.3625
2021-04-24T00:00:00.000,13:46,40.746185,-73.90813,1,0,1,1,4074,-7390,0.40625
2021-04-28T00:00:00.000,17:35,40.7083,-74.01125,1,0,1,1,4070,-7401,0.140625
2021-04-28T00:00:00.000,6:22,40.656116,-73.89666,1,0,1,1,4065,-7389,0.34965034965034963
2021-04-28T00:00:00.000,13:55,40.728104,-73.979004,0,0,0,0,4072,-7397,0.3283582089552239
2021-04-29T00:00:00.000,23:30,40.708504,-73.81954,0,0,0,0,4070,-7381,0.3194444444444444
2021-04-30T00:00:00.000,12:30,40.750786,-74.00564,1,0,1,1,4075,-7400,0.3888888888888889
2021-04-29T00:00:00.000,13:11,40.803425,-73.93309,0,0,0,0,4080,-7393,0.36312849162011174
2021-04-30T00:00:00.000,22:05,40.74565,-73.92485,1,0,1,1,4074,-7392,0.3709677419354839
2021-04-28T00:00:00.000,8:30,40.67232,-73.98933,1,0,1,1,4067,-7398,0.3655913978494624
2021-04-27T00:00:00.000,20:10,40.69757,-73.90758,0,0,0,0,4069,-7390,0.29591836734693877
2022-03-27T00:00:00.000,16:40,40.681393,-73.787964,0,0,0,0,4068,-7378,0.3384615384615385
2021-04-13T00:00:00.000,14:00,40.697582,-73.94965,0,0,0,0,4069,-7394,0.417910447761194
2021-04-30T00:00:00.000,6:40,40.64332,-74.01945,0,0,0,0,4064,-7401,0.4295774647887324
2021-04-29T00:00:00.000,12:40,40.73129,-73.9904,0,0,0,0,4073,-7399,0.423728813559322
2021-04-30T00:00:00.000,15:53,40.674934,-73.80186,0,0,0,0,4067,-7380,0.24615384615384617
2021-04-28T00:00:00.000,19:00,40.711163,-73.95781,0,0,0,0,4071,-7395,0.36585365853658536
2021-04-28T00:00:00.000,23:10,40.862923,-73.92777,0,0,0,0,4086,-7392,0.359375
2021-04-23T00:00:00.000,22:25,40.73132,-73.98862,1,0,1,1,4073,-7398,0.36942675159235666
2021-04-28T00:00:00.000,15:20,40.835808,-73.89083,0,0,0,0,4083,-7389,0.3333333333333333
2021-04-26T00:00:00.000,8:51,40.80133,-73.950195,1,0,1,1,4080,-7395,0.381294964028777
2021-04-28T00:00:00.000,16:47,40.628643,-74.005936,1,0,1,1,4062,-7400,0.3150684931506849
2021-04-30T00:00:00.000,13:10,40.84984,-73.934975,1,0,1,1,4084,-7393,0.32786885245901637
2021-04-30T00:00:00.000,17:35,40.579185,-73.96401,0,0,0,0,4057,-7396,0.3191489361702128
2021-04-30T00:00:00.000,17:49,40.681484,-73.97703,0,0,0,0,4068,-7397,0.3412322274881517
2021-04-29T00:00:00.000,15:23,40.787544,-73.82394,0,0,0,0,4078,-7382,0.3
2021-04-26T00:00:00.000,22:25,40.684887,-74.00111,0,0,0,0,4068,-7400,0.3333333333333333
2021-04-29T00:00:00.000,21:20,40.632446,-74.01272,0,0,0,0,4063,-7401,0.37777777777777777
2021-04-28T00:00:00.000,17:00,40.67264,-73.87281,1,0,1,1,4067,-7387,0.30344827586206896
2021-04-29T00:00:00.000,23:35,40.65293,-73.897026,0,0,0,0,4065,-7389,0.34965034965034963
2021-04-30T00:00:00.000,20:14,40.58353,-73.971214,1,0,1,1,4058,-7397,0.2727272727272727
2021-04-30T00:00:00.000,5:45,40.677925,-73.75486,0,0,0,0,4067,-7375,0.2608695652173913
2021-04-29T00:00:00.000,6:45,40.718857,-73.946236,1,0,1,1,4071,-7394,0.3710691823899371
2021-04-27T00:00:00.000,16:23,40.80821,-73.95056,0,0,0,0,4080,-7395,0.381294964028777
2021-04-30T00:00:00.000,8:06,40.63346,-74.076546,1,0,1,1,4063,-7407,0.4444444444444444
2021-04-30T00:00:00.000,0:00,40.783268,-73.82485,0,0,0,0,4078,-7382,0.3
2021-04-28T00:00:00.000,13:57,40.697117,-73.74839,0,0,0,0,4069,-7374,0.46774193548387094
2021-04-28T00:00:00.000,16:07,40.602478,-73.96636,1,0,1,1,4060,-7396,0.5714285714285714
2021-04-23T00:00:00.000,17:40,40.62318,-73.98611,1,0,1,1,4062,-7398,0.38
2021-04-29T00:00:00.000,14:30,40.560707,-74.14865,0,0,0,0,4056,-7414,0.6666666666666666
2021-04-30T00:00:00.000,13:45,40.680035,-73.9055,1,0,1,1,4068,-7390,0.4421052631578947
2021-04-23T00:00:00.000,16:30,40.532116,-74.15603,0,0,0,0,4053,-7415,0.2222222222222222
2021-04-29T00:00:00.000,20:59,40.66552,-73.74467,1,0,1,1,4066,-7374,0.3698630136986301
2021-04-30T00:00:00.000,18:00,40.739338,-73.7081,0,0,0,0,4073,-7370,0.23529411764705882
2021-04-28T00:00:00.000,16:15,40.702274,-73.81154,1,0,1,1,4070,-7381,0.3194444444444444
2021-04-28T00:00:00.000,23:18,40.677055,-73.798485,0,0,0,0,4067,-7379,0.4264705882352941
2021-04-29T00:00:00.000,16:38,40.741734,-73.7283,1,0,1,1,4074,-7372,0.375
2021-04-28T00:00:00.000,8:00,40.754505,-73.965706,1,0,1,1,4075,-7396,0.4788732394366197
2021-04-30T00:00:00.000,19:20,40.76225,-73.84219,0,0,0,0,4076,-7384,0.0
2021-04-29T00:00:00.000,19:40,40.672966,-73.91681,0,0,0,0,4067,-7391,0.36597938144329895
2021-04-28T00:00:00.000,20:53,40.79296,-73.97378,0,0,0,0,4079,-7397,0.24210526315789474
2021-04-29T00:00:00.000,1:00,40.611683,-73.94694,0,0,0,0,4061,-7394,0.48484848484848486
2021-04-30T00:00:00.000,17:30,40.66719,-73.919716,0,0,0,0,4066,-7391,0.3630952380952381
2021-04-29T00:00:00.000,22:43,40.68896,-73.93326,0,0,0,0,4068,-7393,0.3619047619047619
2021-04-29T00:00:00.000,13:00,40.848316,-73.89534,0,0,0,0,4084,-7389,0.33766233766233766
2021-04-28T00:00:00.000,11:00,40.7152,-73.77847,0,0,0,0,4071,-7377,0.20967741935483872
2021-04-29T00:00:00.000,14:42,40.74318,-73.8355,0,0,0,0,4074,-7383,0.4067796610169492
2021-04-02T00:00:00.000,10:01,40.87218,-73.85556,0,0,0,0,4087,-7385,0.37681159420289856
2021-04-30T00:00:00.000,15:40,40.615433,-73.91388,1,0,1,1,4061,-7391,0.358974358974359
2022-03-26T00:00:00.000,3:59,40.72697,-73.98575,0,0,0,0,4072,-7398,0.4342105263157895
2021-04-29T00:00:00.000,14:30,40.7206,-73.99395,1,0,1,1,4072,-7399,0.3829787234042553
2020-12-31T00:00:00.000,12:06,40.7602,-73.996864,0,0,0,0,4076,-7399,0.3275862068965517
2021-04-29T00:00:00.000,8:15,40.827816,-73.94391,0,0,0,0,4082,-7394,0.3812154696132597
2021-04-29T00:00:00.000,7:58,40.653774,-73.95617,0,0,0,0,4065,-7395,0.38686131386861317
2021-04-28T00:00:00.000,12:00,40.768166,-73.83693,0,0,0,0,4076,-7383,0.33695652173913043
2021-04-28T00:00:00.000,9:40,40.750416,-73.897736,1,0,1,1,4075,-7389,0.4805194805194805
2021-04-09T00:00:00.000,21:20,40.821445,-73.950386,0,0,0,0,4082,-7395,0.4117647058823529
2021-04-28T00:00:00.000,23:10,40.708763,-73.998116,1,0,1,1,4070,-7399,0.21052631578947367
2021-04-28T00:00:00.000,15:05,40.62418,-73.97048,0,0,0,0,4062,-7397,0.38666666666666666
2021-04-28T00:00:00.000,8:56,40.69193,-73.91031,0,0,0,0,4069,-7391,0.2709677419354839
2021-04-29T00:00:00.000,0:00,40.635506,-73.913284,1,0,1,1,4063,-7391,0.5
2021-04-29T00:00:00.000,20:50,40.67325,-73.886734,0,0,0,0,4067,-7388,0.30434782608695654
2021-04-28T00:00:00.000,9:20,40.7057,-74.00826,0,0,0,0,4070,-7400,0.2542372881355932
2021-04-30T00:00:00.000,16:37,40.590305,-73.92232,0,0,0,0,4059,-7392,0.375
2021-04-29T00:00:00.000,16:50,40.870396,-73.8259,1,0,1,1,4087,-7382,0.3333333333333333
2021-04-20T00:00:00.000,0:00,40.82497,-73.81899,0,0,0,0,4082,-7381,0.17647058823529413
2021-04-28T00:00:00.000,7:19,40.6796,-73.80349,0,0,0,0,4067,-7380,0.24615384615384617
2021-04-28T00:00:00.000,6:00,40.851322,-73.94029,0,0,0,0,4085,-7394,0.2727272727272727
2021-04-29T00:00:00.000,13:50,40.81899,-73.8867,0,0,0,0,4081,-7388,0.25471698113207547
2021-04-28T00:00:00.000,20:50,40.678955,-73.86516,0,0,0,0,4067,-7386,0.3431372549019608
2021-04-29T00:00:00.000,17:32,40.693012,-73.99077,1,0,1,1,4069,-7399,0.29473684210526313
2021-04-30T00:00:00.000,6:27,40.666355,-73.8045,3,0,1,1,4066,-7380,0.40789473684210525
2021-04-29T00:00:00.000,22:32,40.739914,-73.72469,0,0,0,0,4073,-7372,0.3333333333333333
2021-04-23T00:00:00.000,17:50,40.720627,-74.00522,1,0,1,1,4072,-7400,0.32926829268292684
2021-04-09T00:00:00.000,11:07,40.754055,-73.99583,0,0,0,0,4075,-7399,0.2830188679245283
2021-04-29T00:00:00.000,20:50,40.755516,-73.961105,0,0,0,0,4075,-7396,0.4788732394366197
2021-04-30T00:00:00.000,23:21,40.7145,-73.824715,1,0,1,1,4071,-7382,0.379746835443038
2021-04-24T00:00:00.000,16:44,40.662575,-73.93448,0,0,0,0,4066,-7393,0.38578680203045684
2021-04-28T00:00:00.000,0:50,40.828445,-73.83951,2,0,1,1,4082,-7383,0.34210526315789475
2021-04-28T00:00:00.000,13:30,40.6217,-74.12403,0,0,0,0,4062,-7412,0.21739130434782608
2021-04-29T00:00:00.000,14:00,40.748013,-73.85682,0,0,0,0,4074,-7385,0.35526315789473684
2021-04-29T00:00:00.000,19:46,40.77486,-73.90891,2,1,2,1,4077,-7390,0.3404255319148936
2021-04-28T00:00:00.000,22:30,40.726997,-73.98287,0,0,0,0,4072,-7398,0.4342105263157895
2021-04-30T00:00:00.000,19:15,40.665134,-73.99669,0,0,0,0,4066,-7399,0.40540540540540543
2021-04-28T00:00:00.000,10:13,40.878643,-73.871605,1,0,1,1,4087,-7387,0.297029702970297
2021-04-30T00:00:00.000,19:00,40.62432,-74.02476,3,0,1,1,4062,-7402,0.3625
2021-04-26T00:00:00.000,13:19,40.668495,-73.925606,1,0,1,1,4066,-7392,0.355
2021-04-28T00:00:00.000,2:32,40.64366,-73.90067,1,0,1,1,4064,-7390,0.4017094017094017
2021-04-28T00:00:00.000,8:17,40.76604,-73.789986,0,0,0,0,4076,-7378,0.4
2021-04-28T00:00:00.000,15:10,40.86219,-73.8717,0,0,0,0,4086,-7387,0.34545454545454546
2021-04-28T00:00:00.000,22:05,40.84036,-73.91807,1,0,1,1,4084,-7391,0.32558139534883723
2021-04-29T00:00:00.000,18:00,40.678364,-73.77949,0,0,0,0,4067,-7377,0.32608695652173914
2021-04-30T00:00:00.000,5:50,40.672607,-73.89992,0,0,0,0,4067,-7389,0.33852140077821014
2021-04-30T00:00:00.000,14:20,40.720566,-73.8459,0,0,0,0,4072,-7384,0.2711864406779661
2021-04-30T00:00:00.000,20:02,40.643185,-73.90704,0,0,0,0,4064,-7390,0.4017094017094017
2021-04-30T00:00:00.000,18:20,40.58428,-73.92529,1,0,1,1,4058,-7392,0.375
2021-04-28T00:00:00.000,16:19,40.706047,-73.94129,1,0,1,1,4070,-7394,0.3956043956043956
2021-04-29T00:00:00.000,17:35,40.62841,-73.939476,0,0,0,0,4062,-7393,0.4444444444444444
2021-04-28T00:00:00.000,10:45,40.58428,-73.92529,0,0,0,0,4058,-7392,0.375
2021-04-27T00:00:00.000,18:00,40.67934,-73.9305,0,0,0,0,4067,-7393,0.3755868544600939
2021-04-29T00:00:00.000,8:28,40.689533,-73.991875,0,0,0,0,4068,-7399,0.17857142857142858
2021-04-26T00:00:00.000,20:49,40.625034,-74.0061,1,0,1,1,4062,-7400,0.3150684931506849
2021-04-28T00:00:00.000,10:02,40.654034,-73.930626,0,0,0,0,4065,-7393,0.44366197183098594
2021-04-28T00:00:00.000,14:00,40.81662,-73.90144,0,0,0,0,4081,-7390,0.3888888888888889
2021-04-29T00:00:00.000,12:15,40.67173,-73.87926,0,0,0,0,4067,-7387,0.30344827586206896
2021-04-28T00:00:00.000,0:00,40.666187,-73.79176,0,0,0,0,4066,-7379,0.3870967741935484
2021-04-29T00:00:00.000,18:00,40.687992,-73.74847,0,0,0,0,4068,-7374,0.29411764705882354
2021-04-23T00:00:00.000,8:00,40.609913,-73.75362,0,0,0,0,4060,-7375,0.17117117117117117
2021-04-26T00:00:00.000,12:57,40.60567,-74.030945,0,0,0,0,4060,-7403,0.3
2021-04-26T00:00:00.000,17:20,40.712856,-73.9049,1,0,1,1,4071,-7390,0.4
2021-04-28T00:00:00.000,18:20,40.66143,-73.749794,0,0,0,0,4066,-7374,0.3698630136986301
2021-04-28T00:00:00.000,12:45,40.625233,-74.03133,0,0,0,0,4062,-7403,0.15
2021-04-28T00:00:00.000,12:12,40.836155,-73.87179,0,0,0,0,4083,-7387,0.38414634146341464
2021-04-30T00:00:00.000,13:20,40.72545,-73.892654,1,0,1,1,4072,-7389,0.41379310344827586
2021-04-30T00:00:00.000,20:15,40.71793,-73.73696,1,0,1,1,4071,-7373,0.25
2021-04-29T00:00:00.000,22:00,40.69168,-73.999344,0,0,0,0,4069,-7399,0.29473684210526313
2021-04-29T00:00:00.000,13:00,40.76532,-73.771904,0,0,0,0,4076,-7377,0.20588235294117646
2021-04-30T00:00:00.000,12:20,40.628647,-74.02596,0,0,0,0,4062,-7402,0.3625
2021-04-29T00:00:00.000,12:40,40.631275,-73.91851,0,0,0,0,4063,-7391,0.5
2021-04-30T00:00:00.000,0:00,40.694317,-73.737526,1,0,1,1,4069,-7373,0.36585365853658536
2021-04-28T00:00:00.000,19:55,40.686916,-73.97737,0,0,0,0,4068,-7397,0.3412322274881517
2022-03-27T00:00:00.000,17:52,40.85675,-73.90606,1,0,1,1,4085,-7390,0.42207792207792205
2021-04-30T00:00:00.000,23:43,40.628464,-73.923065,1,0,1,1,4062,-7392,0.3611111111111111
2021-04-16T00:00:00.000,23:35,40.759346,-73.91981,1,0,1,1,4075,-7391,0.4777777777777778
2021-04-30T00:00:00.000,0:30,40.584625,-73.94713,0,0,0,0,4058,-7394,0.40816326530612246
2021-04-29T00:00:00.000,13:00,40.65151,-73.95345,0,0,0,0,4065,-7395,0.38686131386861317
2021-04-28T00:00:00.000,21:06,40.84867,-73.867004,1,0,1,1,4084,-7386,0.375
2022-03-27T00:00:00.000,3:03,40.666725,-73.902176,0,0,0,0,4066,-7390,0.2777777777777778
2021-04-28T00:00:00.000,14:20,40.87932,-73.869804,2,0,1,1,4087,-7386,0.3142857142857143
2021-04-30T00:00:00.000,21:00,40.86241,-73.9225,1,0,1,1,4086,-7392,0.359375
2021-04-28T00:00:00.000,23:35,40.89624,-73.86785,1,0,1,1,4089,-7386,0.28205128205128205
2021-04-30T00:00:00.000,15:29,40.7597,-73.80031,0,0,0,0,4075,-7380,0.36363636363636365
2021-04-28T00:00:00.000,14:35,40.68286,-73.97278,3,0,1,1,4068,-7397,0.3412322274881517
2021-04-30T00:00:00.000,16:25,40.836716,-73.94341,0,0,0,0,4083,-7394,0.38926174496644295
2021-04-28T00:00:00.000,15:00,40.636753,-74.119026,0,0,0,0,4063,-7411,0.20689655172413793
2021-04-28T00:00:00.000,11:30,40.689274,-73.92399,0,0,0,0,4068,-7392,0.2542372881355932
2021-04-29T00:00:00.000,16:30,40.8361,-73.85471,0,0,0,0,4083,-7385,0.30158730158730157
2021-04-28T00:00:00.000,1:49,40.876953,-73.83816,1,0,1,1,4087,-7383,0.3333333333333333
2021-04-29T00:00:00.000,11:58,40.803715,-73.91588,1,0,1,1,4080,-7391,0.38961038961038963
2021-04-28T00:00:00.000,15:22,40.635933,-74.07585,1,0,1,1,4063,-7407,0.4444444444444444
2021-04-28T00:00:00.000,16:30,40.861706,-73.907135,0,0,0,0,4086,-7390,0.42748091603053434
2021-04-27T00:00:00.000,14:50,40.645134,-73.90232,0,0,0,0,4064,-7390,0.4017094017094017
2021-04-28T00:00:00.000,18:04,40.824913,-73.8689,1,0,1,1,4082,-7386,0.3493975903614458
2021-04-28T00:00:00.000,10:00,0.0,0.0,0,0,0,0,0,0,0.40425531914893614
2021-04-28T00:00:00.000,17:39,40.82773,-73.94952,0,0,0,0,4082,-7394,0.3812154696132597
2021-04-28T00:00:00.000,10:42,40.876495,-73.88321,1,0,1,1,4087,-7388,0.3561643835616438
2021-04-28T00:00:00.000,20:00,40.632107,-74.00703,1,0,1,1,4063,-7400,0.3068181818181818
2021-04-29T00:00:00.000,14:14,40.820305,-73.89083,0,0,0,0,4082,-7389,0.37423312883435583
2021-04-28T00:00:00.000,21:41,40.86247,-73.90029,1,0,1,1,4086,-7390,0.42748091603053434
2021-04-28T00:00:00.000,20:20,40.77234,-73.95269,1,0,1,1,4077,-7395,0.3384615384615385
2021-04-29T00:00:00.000,0:05,40.69382,-73.72694,0,0,0,0,4069,-7372,0.40425531914893614
2021-04-27T00:00:00.000,10:00,40.62818,-73.96002,0,0,0,0,4062,-7396,0.375
2021-04-29T00:00:00.000,0:22,40.840485,-73.93837,1,0,1,1,4084,-7393,0.32786885245901637
2021-04-29T00:00:00.000,16:29,40.643166,-73.9905,0,0,0,0,4064,-7399,0.3442622950819672
2021-04-30T00:00:00.000,1:30,40.76066,-73.943306,0,0,0,0,4076,-7394,0.4583333333333333
2021-04-28T00:00:00.000,10:00,40.663437,-73.91208,0,0,0,0,4066,-7391,0.3630952380952381
2021-04-28T00:00:00.000,2:12,40.668373,-73.92264,0,0,0,0,4066,-7392,0.355
2021-04-30T00:00:00.000,18:15,40.70978,-73.82043,0,0,0,0,4070,-7382,0.4166666666666667
2021-04-29T00:00:00.000,12:00,40.644753,-73.92493,2,0,1,1,4064,-7392,0.4077669902912621
2021-04-28T00:00:00.000,21:28,40.76155,-73.96659,2,0,1,1,4076,-7396,0.3023255813953488
2021-04-28T00:00:00.000,11:20,40.706753,-73.75384,0,0,0,0,4070,-7375,0.4117647058823529
2021-04-27T00:00:00.000,8:00,40.724262,-73.93745,0,0,0,0,4072,-7393,0.36507936507936506
2021-04-28T00:00:00.000,18:00,40.789307,-73.943405,2,0,1,1,4078,-7394,0.33513513513513515
2021-04-28T00:00:00.000,19:25,40.652992,-73.94355,0,0,0,0,4065,-7394,0.43137254901960786
2021-04-29T00:00:00.000,9:22,40.598476,-73.93141,0,0,0,0,4059,-7393,0.47058823529411764
2022-03-27T00:00:00.000,2:00,40.698696,-73.93477,0,0,0,0,4069,-7393,0.3141025641025641
2021-04-30T00:00:00.000,7:30,40.784916,-73.84213,0,0,0,0,4078,-7384,0.23809523809523808
2021-04-29T00:00:00.000,2:04,40.81706,-73.85072,0,0,0,0,4081,-7385,0.30434782608695654
2021-04-29T00:00:00.000,15:00,40.755363,-73.88723,1,0,1,1,4075,-7388,0.3402061855670103
2021-04-30T00:00:00.000,16:10,40.801968,-73.91393,0,0,0,0,4080,-7391,0.38961038961038963
2021-04-30T00:00:00.000,11:39,40.767612,-73.950005,0,0,0,0,4076,-7395,0.3696969696969697
2021-04-29T00:00:00.000,14:30,40.851917,-73.85262,0,0,0,0,4085,-7385,0.3125
2021-04-28T00:00:00.000,19:15,40.705414,-73.78035,0,0,0,0,4070,-7378,0.34523809523809523
2021-04-29T00:00:00.000,9:45,40.788055,-73.94433,1,0,1,1,4078,-7394,0.33513513513513515
2021-04-26T00:00:00.000,13:30,40.84907,-73.93916,1,0,1,1,4084,-7393,0.32786885245901637
2021-04-29T00:00:00.000,4:22,40.74634,-73.829185,0,0,0,0,4074,-7382,0.4057971014492754
2021-04-30T00:00:00.000,14:30,40.604206,-73.99146,0,0,0,0,4060,-7399,0.31683168316831684
2021-04-28T00:00:00.000,20:15,40.701805,-73.74115,0,0,0,0,4070,-7374,0.3333333333333333
2021-04-30T00:00:00.000,9:20,40.665348,-73.72986,2,0,1,1,4066,-7372,0.6190476190476191
2021-04-28T00:00:00.000,18:50,40.588997,-73.81629,0,0,0,0,4058,-7381,0.1875
2021-04-30T00:00:00.000,8:45,40.66004,-73.91509,0,0,0,0,4066,-7391,0.3630952380952381
2021-04-28T00:00:00.000,12:05,40.822712,-73.903145,4,0,1,1,4082,-7390,0.3025210084033613
2021-03-21T00:00:00.000,17:40,40.69203,-73.94565,1,0,1,1,4069,-7394,0.417910447761194
2021-04-29T00:00:00.000,14:18,40.726437,-74.00566,0,0,0,0,4072,-7400,0.32926829268292684
2021-04-28T00:00:00.000,0:00,40.8666,-73.895454,2,0,1,1,4086,-7389,0.40606060606060607
2021-04-29T00:00:00.000,5:30,40.64161,-73.93779,0,0,0,0,4064,-7393,0.3333333333333333
2021-04-30T00:00:00.000,8:59,40.719997,-74.00913,0,0,0,0,4071,-7400,0.25517241379310346
2021-04-29T00:00:00.000,1:00,40.636845,-74.11833,0,0,0,0,4063,-7411,0.20689655172413793
2021-04-29T00:00:00.000,18:20,40.699955,-73.98682,0,0,0,0,4069,-7398,0.3229166666666667
2021-04-29T00:00:00.000,8:00,40.69816,-73.84672,0,0,0,0,4069,-7384,0.26666666666666666
2021-04-29T00:00:00.000,21:30,40.75899,-73.83454,0,0,0,0,4075,-7383,0.37681159420289856
2021-04-28T00:00:00.000,7:00,40.652714,-73.8906,0,0,0,0,4065,-7389,0.34965034965034963
2021-04-30T00:00:00.000,16:35,40.712154,-73.99612,0,0,0,0,4071,-7399,0.3263157894736842
2021-04-29T00:00:00.000,0:19,40.664677,-73.84509,1,0,1,1,4066,-7384,0.5925925925925926
2021-04-29T00:00:00.000,5:30,40.71736,-73.9064,0,0,0,0,4071,-7390,0.4
2021-04-28T00:00:00.000,20:42,40.60612,-73.96565,1,0,1,1,4060,-7396,0.5714285714285714
2021-04-28T00:00:00.000,8:40,40.84444,-73.83559,2,0,1,1,4084,-7383,0.4318181818181818
2021-04-28T00:00:00.000,12:04,40.87469,-73.8865,0,0,0,0,4087,-7388,0.3561643835616438
2022-03-27T00:00:00.000,16:38,40.63826,-73.94243,0,0,0,0,4063,-7394,0.358974358974359
2022-03-27T00:00:00.000,4:00,40.666935,-73.782715,4,0,1,1,4066,-7378,0.34615384615384615
2021-04-30T00:00:00.000,15:15,40.63032,-73.9213,0,0,0,0,4063,-7392,0.4036697247706422
2021-04-28T00:00:00.000,13:40,40.708424,-73.95791,0,0,0,0,4070,-7395,0.3475177304964539
2021-04-28T00:00:00.000,8:01,40.748825,-73.96984,1,0,1,1,4074,-7396,0.7
2021-04-29T00:00:00.000,17:55,40.72135,-74.00465,0,0,0,0,4072,-7400,0.32926829268292684
2021-04-29T00:00:00.000,23:20,40.867256,-73.92935,0,0,0,0,4086,-7392,0.359375
2021-04-22T00:00:00.000,22:26,40.665375,-73.934235,0,0,0,0,4066,-7393,0.38578680203045684
2021-04-28T00:00:00.000,18:01,40.74118,-73.88663,2,0,1,1,4074,-7388,0.2978723404255319
2021-04-21T00:00:00.000,17:42,40.677338,-73.927536,1,0,1,1,4067,-7392,0.39655172413793105
2021-04-28T00:00:00.000,17:00,40.70021,-73.953896,0,0,0,0,4070,-7395,0.3475177304964539
2021-04-29T00:00:00.000,8:30,40.6742,-73.999985,1,0,1,1,4067,-7399,0.3258426966292135
2021-04-30T00:00:00.000,11:30,40.635807,-73.95832,1,0,1,1,4063,-7395,0.48484848484848486
2021-04-30T00:00:00.000,11:20,40.68693,-73.95089,0,0,0,0,4068,-7395,0.38571428571428573
2021-04-29T00:00:00.000,15:59,40.824432,-73.873604,0,0,0,0,4082,-7387,0.33544303797468356
2021-04-28T00:00:00.000,21:00,40.810173,-73.937416,3,0,1,1,4081,-7393,0.32432432432432434
2021-04-29T00:00:00.000,0:21,40.715706,-73.81023,0,0,0,0,4071,-7381,0.3448275862068966
2021-04-28T00:00:00.000,17:48,40.66643,-73.815384,0,0,0,0,4066,-7381,0.4716981132075472
2021-04-28T00:00:00.000,13:50,40.61015,-74.14697,1,0,1,1,4061,-7414,0.625
2021-04-28T00:00:00.000,18:30,40.86446,-73.91895,0,0,0,0,4086,-7391,0.38016528925619836
2021-04-28T00:00:00.000,0:19,40.850822,-73.90147,0,0,0,0,4085,-7390,0.42207792207792205
2021-04-29T00:00:00.000,9:42,40.723885,-73.73385,0,0,0,0,4072,-7373,0.4642857142857143
2021-04-28T00:00:00.000,15:26,40.689297,-73.87406,0,0,0,0,4068,-7387,0.24719101123595505
2021-04-30T00:00:00.000,19:42,40.59036,-73.96531,1,0,1,1,4059,-7396,0.38596491228070173
2021-04-28T00:00:00.000,17:25,40.678543,-73.949684,0,0,0,0,4067,-7394,0.34074074074074073
2021-04-28T00:00:00.000,23:20,40.66462,-73.75292,3,0,1,1,4066,-7375,0.3
2021-04-29T00:00:00.000,19:05,40.826527,-73.874886,1,0,1,1,4082,-7387,0.33544303797468356
2021-04-29T00:00:00.000,0:10,40.634483,-73.91886,1,0,1,1,4063,-7391,0.5
2021-04-28T00:00:00.000,13:08,40.77816,-73.7777,0,0,0,0,4077,-7377,0.25
2021-04-28T00:00:00.000,15:20,40.759468,-73.96164,0,0,0,0,4075,-7396,0.4788732394366197
2021-04-28T00:00:00.000,6:55,40.684685,-73.98114,0,0,0,0,4068,-7398,0.3873239436619718
2021-04-23T00:00:00.000,11:20,40.7591,-73.99215,1,0,1,1,4075,-7399,0.2830188679245283
2021-04-28T00:00:00.000,15:53,40.60589,-74.07427,0,0,0,0,4060,-7407,0.25
2021-04-21T00:00:00.000,10:00,40.74355,-73.958405,0,0,0,0,4074,-7395,0.35185185185185186
2021-04-29T00:00:00.000,13:20,40.846077,-73.93848,0,0,0,0,4084,-7393,0.32786885245901637
2021-04-28T00:00:00.000,8:25,40.845104,-73.91494,0,0,0,0,4084,-7391,0.32558139534883723
2021-04-29T00:00:00.000,19:51,40.841984,-73.8577,0,0,0,0,4084,-7385,0.32727272727272727
2021-04-23T00:00:00.000,14:00,40.69365,-73.98333,0,0,0,0,4069,-7398,0.3229166666666667
2021-04-29T00:00:00.000,15:10,40.710606,-73.95108,0,0,0,0,4071,-7395,0.36585365853658536
2021-04-30T00:00:00.000,13:18,40.605164,-73.75485,0,0,0,0,4060,-7375,0.17117117117117117
2021-04-30T00:00:00.000,14:00,40.70753,-73.96443,0,0,0,0,4070,-7396,0.3431372549019608
2021-04-30T00:00:00.000,12:49,40.66561,-73.73568,0,0,0,0,4066,-7373,0.44339622641509435
2021-04-30T00:00:00.000,8:07,40.6465,-73.926895,0,0,0,0,4064,-7392,0.4077669902912621
2021-04-30T00:00:00.000,13:30,40.825912,-73.83647,1,0,1,1,4082,-7383,0.34210526315789475
2021-04-29T00:00:00.000,22:15,40.707523,-73.96115,2,0,1,1,4070,-7396,0.3431372549019608
2021-04-28T00:00:00.000,13:27,40.653282,-73.743324,0,0,0,0,4065,-7374,0.4583333333333333
2021-04-15T00:00:00.000,12:32,40.679787,-73.93844,0,0,0,0,4067,-7393,0.3755868544600939
2021-04-28T00:00:00.000,19:22,40.87831,-73.870155,0,0,0,0,4087,-7387,0.297029702970297
2021-04-27T00:00:00.000,16:40,40.678726,-73.91906,0,0,0,0,4067,-7391,0.36597938144329895
2021-04-30T00:00:00.000,0:44,40.81829,-73.90352,2,0,1,1,4081,-7390,0.3888888888888889
2021-04-29T00:00:00.000,12:50,40.853462,-73.88939,1,0,1,1,4085,-7388,0.3
2021-04-28T00:00:00.000,19:00,40.823635,-73.93095,0,0,0,0,4082,-7393,0.36645962732919257
2021-04-29T00:00:00.000,16:15,40.820004,-73.95888,0,0,0,0,4082,-7395,0.4117647058823529
2021-04-26T00:00:00.000,23:30,40.69874,-73.89305,0,0,0,0,4069,-7389,0.3709677419354839
2021-04-30T00:00:00.000,21:05,40.75736,-73.98798,0,0,0,0,4075,-7398,0.3170731707317073
2021-04-30T00:00:00.000,12:30,40.577545,-73.99789,0,0,0,0,4057,-7399,0.32558139534883723
2021-03-28T00:00:00.000,0:00,40.84084,-73.901566,0,0,0,0,4084,-7390,0.366120218579235
2021-04-29T00:00:00.000,15:50,40.645874,-73.892845,0,0,0,0,4064,-7389,0.43478260869565216
2021-04-30T00:00:00.000,20:05,40.7244,-73.84981,0,0,0,0,4072,-7384,0.2711864406779661
2021-04-16T00:00:00.000,14:28,40.677174,-73.924774,2,0,1,1,4067,-7392,0.39655172413793105
2021-04-06T00:00:00.000,17:12,40.63497,-73.9189,1,0,1,1,4063,-7391,0.5
2021-04-30T00:00:00.000,14:05,40.64188,-73.894684,2,0,1,1,4064,-7389,0.43478260869565216
2021-04-29T00:00:00.000,21:25,40.82982,-73.940575,1,0,1,1,4082,-7394,0.3812154696132597
2021-04-21T00:00:00.000,16:02,40.675076,-73.98801,0,0,0,0,4067,-7398,0.3655913978494624
2021-04-29T00:00:00.000,16:30,40.830345,-73.92328,0,0,0,0,4083,-7392,0.310126582278481
2021-04-30T00:00:00.000,15:34,40.90214,-73.898636,0,0,0,0,4090,-7389,0.2727272727272727
2021-04-28T00:00:00.000,11:05,40.71729,-73.83208,0,0,0,0,4071,-7383,0.37349397590361444
2021-04-28T00:00:00.000,1:15,40.65183,-73.91113,0,0,0,0,4065,-7391,0.425
2021-04-28T00:00:00.000,18:28,40.671177,-73.9747,0,0,0,0,4067,-7397,0.2818181818181818
2021-04-28T00:00:00.000,20:00,40.82304,-73.88193,0,0,0,0,4082,-7388,0.27624309392265195
2021-04-30T00:00:00.000,15:30,40.674282,-73.9618,0,0,0,0,4067,-7396,0.3466666666666667
2021-04-28T00:00:00.000,13:55,40.643425,-74.01207,1,0,1,1,4064,-7401,0.4295774647887324
2021-04-28T00:00:00.000,10:55,40.72293,-73.847336,2,0,1,1,4072,-7384,0.2711864406779661
2021-04-28T00:00:00.000,14:09,40.849407,-73.900894,1,0,1,1,4084,-7390,0.366120218579235
2021-04-29T00:00:00.000,6:00,40.735485,-73.867195,0,0,0,0,4073,-7386,0.3464566929133858
2021-04-29T00:00:00.000,23:50,40.64477,-73.954735,0,0,0,0,4064,-7395,0.4796747967479675
2021-04-29T00:00:00.000,5:15,40.667427,-73.89181,0,0,0,0,4066,-7389,0.3103448275862069
2021-04-30T00:00:00.000,15:00,40.734314,-73.93803,0,0,0,0,4073,-7393,0.38461538461538464
2021-04-30T00:00:00.000,12:35,40.678238,-73.94415,0,0,0,0,4067,-7394,0.34074074074074073
2021-04-29T00:00:00.000,17:27,40.580883,-73.93669,0,0,0,0,4058,-7393,0.24324324324324326
2021-04-28T00:00:00.000,7:50,40.741028,-73.99417,1,0,1,1,4074,-7399,0.3333333333333333
2021-04-28T00:00:00.000,13:00,40.69141,-73.72668,0,0,0,0,4069,-7372,0.40425531914893614
2021-04-28T00:00:00.000,16:20,40.628036,-74.00656,1,0,1,1,4062,-7400,0.3150684931506849
2021-04-28T00:00:00.000,16:20,40.717754,-73.95313,0,0,0,0,4071,-7395,0.36585365853658536
2021-04-29T00:00:00.000,8:15,40.836754,-73.875084,0,0,0,0,4083,-7387,0.38414634146341464
2021-04-29T00:00:00.000,8:37,40.660286,-73.74298,1,0,1,1,4066,-7374,0.3698630136986301
2021-04-29T00:00:00.000,14:54,40.830414,-73.896706,1,0,1,1,4083,-7389,0.3333333333333333
2021-04-24T00:00:00.000,20:51,40.688698,-73.942085,1,0,1,1,4068,-7394,0.4409448818897638
2021-04-29T00:00:00.000,20:15,40.736046,-73.92673,2,0,1,1,4073,-7392,0.4444444444444444
2021-04-28T00:00:00.000,0:00,40.657864,-73.89227,0,0,0,0,4065,-7389,0.34965034965034963
2021-04-30T00:00:00.000,11:00,40.690216,-73.96028,0,0,0,0,4069,-7396,0.325
2021-04-30T00:00:00.000,15:00,40.812855,-73.90725,0,0,0,0,4081,-7390,0.3888888888888889
2021-04-30T00:00:00.000,1:05,40.6338,-73.8897,1,0,1,1,4063,-7388,0.3835616438356164
2021-04-28T00:00:00.000,18:00,40.658966,-73.7321,0,0,0,0,4065,-7373,0.3
2021-04-19T00:00:00.000,2:20,40.579197,-73.98195,1,0,1,1,4057,-7398,0.36904761904761907
2021-04-28T00:00:00.000,19:42,40.62095,-73.9555,2,0,1,1,4062,-7395,0.4444444444444444
2021-04-30T00:00:00.000,12:18,40.726524,-73.99585,1,0,1,1,4072,-7399,0.3829787234042553
2021-04-11T00:00:00.000,4:36,40.69231,-73.88147,0,0,0,0,4069,-7388,0.4375
2021-04-28T00:00:00.000,1:05,40.839767,-73.905396,0,0,0,0,4083,-7390,0.3064516129032258
2021-04-26T00:00:00.000,11:30,40.766785,-73.895,0,0,0,0,4076,-7389,0.35185185185185186
2021-04-23T00:00:00.000,13:30,40.541603,-74.177376,0,0,0,0,4054,-7417,0.4444444444444444
2021-04-30T00:00:00.000,22:09,40.763428,-73.99271,0,0,0,0,4076,-7399,0.3275862068965517
2021-04-29T00:00:00.000,13:20,40.830738,-73.9105,1,0,1,1,4083,-7391,0.33714285714285713
2021-04-30T00:00:00.000,16:24,40.789467,-73.784225,1,0,1,1,4078,-7378,0.4375
2021-04-28T00:00:00.000,16:00,40.635426,-73.92474,0,0,0,0,4063,-7392,0.4036697247706422
2021-04-28T00:00:00.000,11:30,40.65763,-73.85625,1,0,1,1,4065,-7385,0.4
2021-04-30T00:00:00.000,11:40,40.831993,-73.90541,0,0,0,0,4083,-7390,0.3064516129032258
2021-04-29T00:00:00.000,17:48,40.632847,-73.928375,0,0,0,0,4063,-7392,0.4036697247706422
2021-04-28T00:00:00.000,16:30,40.656338,-73.89331,0,0,0,0,4065,-7389,0.34965034965034963
2021-04-30T00:00:00.000,23:00,40.670803,-73.918785,0,0,0,0,4067,-7391,0.36597938144329895
2022-03-27T00:00:00.000,14:28,40.596,-73.77067,1,0,1,1,4059,-7377,0.2692307692307692
2021-04-29T00:00:00.000,18:10,40.87898,-73.86093,0,0,0,0,4087,-7386,0.3142857142857143
2021-04-28T00:00:00.000,13:00,40.7806,-73.77536,0,0,0,0,4078,-7377,0.5384615384615384
2022-03-21T00:00:00.000,6:09,40.680035,-73.9055,1,0,1,1,4068,-7390,0.4421052631578947
2022-03-27T00:00:00.000,11:20,40.678253,-74.00273,0,0,0,0,4067,-7400,0.20967741935483872
2022-03-27T00:00:00.000,0:02,40.75829,-73.83431,1,0,1,1,4075,-7383,0.37681159420289856
2022-03-27T00:00:00.000,11:30,40.65463,-73.92201,0,0,0,0,4065,-7392,0.35555555555555557
2022-03-25T00:00:00.000,20:05,40.667366,-73.92274,0,0,0,0,4066,-7392,0.355
2022-03-27T00:00:00.000,0:25,40.822712,-73.903145,0,0,0,0,4082,-7390,0.3025210084033613
2022-03-27T00:00:00.000,12:30,40.75979,-73.98793,0,0,0,0,4075,-7398,0.3170731707317073
2022-03-22T00:00:00.000,22:30,40.688416,-73.804665,1,0,1,1,4068,-7380,0.3829787234042553
2022-03-26T00:00:00.000,15:00,40.66041,-73.87693,1,0,1,1,4066,-7387,0.38461538461538464
2022-03-27T00:00:00.000,16:27,40.817413,-73.80946,0,0,0,0,4081,-7380,0.1111111111111111
2022-03-27T00:00:00.000,18:35,40.715046,-73.964806,1,0,1,1,4071,-7396,0.3218390804597701
2022-03-27T00:00:00.000,18:50,40.86676,-73.920616,0,0,0,0,4086,-7392,0.359375
2022-03-26T00:00:00.000,16:00,40.753967,-73.85826,0,0,0,0,4075,-7385,0.3048780487804878
2022-03-26T00:00:00.000,7:00,40.686863,-73.757965,0,0,0,0,4068,-7375,0.3877551020408163
2022-03-27T00:00:00.000,18:10,40.583687,-73.94487,0,0,0,0,4058,-7394,0.40816326530612246
2022-04-24T00:00:00.000,4:14,40.67392,-73.91012,0,0,0,0,4067,-7391,0.36597938144329895
2022-04-20T00:00:00.000,15:51,40.822018,-73.953674,1,0,1,1,4082,-7395,0.4117647058823529
2022-04-17T00:00:00.000,9:00,40.711155,-73.7943,0,0,0,0,4071,-7379,0.3888888888888889
2022-04-21T00:00:00.000,2:43,40.83928,-73.93986,1,0,1,1,4083,-7393,0.3333333333333333
2022-04-24T00:00:00.000,11:45,40.766884,-73.82396,0,0,0,0,4076,-7382,0.2987012987012987
2022-04-24T00:00:00.000,16:40,40.74782,-73.99665,1,0,1,1,4074,-7399,0.3333333333333333
2022-04-24T00:00:00.000,19:00,0.0,0.0,0,0,0,0,0,0,0.40425531914893614
2022-04-24T00:00:00.000,17:15,40.682106,-73.92257,0,0,0,0,4068,-7392,0.2542372881355932
2022-04-23T00:00:00.000,15:00,40.760773,-73.92417,0,0,0,0,4076,-7392,0.42105263157894735
2022-04-24T00:00:00.000,15:36,40.747295,-73.97405,0,0,0,0,4074,-7397,0.4810810810810811
2022-04-23T00:00:00.000,13:53,40.665726,-73.96425,0,0,0,0,4066,-7396,0.4074074074074074
2022-04-24T00:00:00.000,13:10,40.671684,-73.75647,0,0,0,0,4067,-7375,0.2608695652173913
2023-01-14T00:00:00.000,17:23,40.607754,-74.13205,4,0,1,1,4060,-7413,0.41935483870967744
2023-01-09T00:00:00.000,17:30,40.83202,-73.87323,0,0,0,0,4083,-7387,0.38414634146341464
2023-01-14T00:00:00.000,11:25,40.769955,-73.836426,0,0,0,0,4076,-7383,0.33695652173913043
2023-01-13T00:00:00.000,17:05,40.661484,-73.89175,0,0,0,0,4066,-7389,0.3103448275862069
2023-01-14T00:00:00.000,17:40,40.69248,-73.800995,1,0,1,1,4069,-7380,0.38461538461538464
2023-01-04T00:00:00.000,17:00,40.74608,-73.974945,1,0,1,1,4074,-7397,0.4810810810810811
2023-01-13T00:00:00.000,10:25,40.769077,-73.95102,0,0,0,0,4076,-7395,0.3696969696969697
2023-01-14T00:00:00.000,2:52,40.82269,-73.94947,0,0,0,0,4082,-7394,0.3812154696132597
2023-01-13T00:00:00.000,10:10,40.695637,-73.80372,1,0,1,1,4069,-7380,0.38461538461538464
2023-01-13T00:00:00.000,23:19,40.709362,-73.9943,0,0,0,0,4070,-7399,0.21052631578947367
2023-01-14T00:00:00.000,23:00,40.745113,-73.92021,0,0,0,0,4074,-7392,0.3709677419354839
2023-01-12T00:00:00.000,21:22,40.666256,-73.900215,0,0,0,0,4066,-7390,0.2777777777777778
2023-01-14T00:00:00.000,19:49,40.59783,-73.96549,2,0,1,1,4059,-7396,0.38596491228070173
2023-01-13T00:00:00.000,22:24,40.714825,-73.95882,0,0,0,0,4071,-7395,0.36585365853658536
2023-01-14T00:00:00.000,3:00,40.718792,-73.98902,1,0,1,1,4071,-7398,0.39568345323741005
2023-01-14T00:00:00.000,12:20,40.60181,-74.120605,0,0,0,0,4060,-7412,0.2608695652173913
2023-01-13T00:00:00.000,11:30,40.634724,-74.01642,0,0,0,0,4063,-7401,0.37777777777777777
2023-01-06T00:00:00.000,6:27,40.680664,-73.902626,0,0,0,0,4068,-7390,0.4421052631578947
2023-01-14T00:00:00.000,17:55,40.59922,-73.97376,2,0,1,1,4059,-7397,0.3191489361702128
2023-01-14T00:00:00.000,4:43,40.616486,-73.951706,0,0,0,0,4061,-7395,0.4461538461538462
2023-01-14T00:00:00.000,23:05,40.845177,-73.91417,2,0,1,1,4084,-7391,0.32558139534883723
2023-01-14T00:00:00.000,12:35,40.87314,-73.90572,0,0,0,0,4087,-7390,0.3184713375796178
2023-01-11T00:00:00.000,20:32,40.729572,-73.83383,1,0,1,1,4072,-7383,0.4909090909090909
2023-01-12T00:00:00.000,18:16,40.782055,-73.781624,1,0,1,1,4078,-7378,0.4375
2023-01-10T00:00:00.000,17:40,40.73064,-73.980804,1,0,1,1,4073,-7398,0.36942675159235666
2023-01-14T00:00:00.000,22:46,40.706013,-74.00882,0,0,0,0,4070,-7400,0.2542372881355932
2023-01-14T00:00:00.000,0:00,40.66906,-73.88658,0,0,0,0,4066,-7388,0.37012987012987014
2023-01-11T00:00:00.000,9:00,40.674397,-73.896515,0,0,0,0,4067,-7389,0.33852140077821014
2023-01-14T00:00:00.000,23:54,40.88385,-73.83435,0,0,0,0,4088,-7383,0.3448275862068966
2023-01-14T00:00:00.000,6:45,40.663647,-73.92001,0,0,0,0,4066,-7392,0.355
2023-01-17T00:00:00.000,20:40,40.722378,-73.873764,3,0,1,1,4072,-7387,0.5714285714285714
2023-01-17T00:00:00.000,16:40,40.836796,-73.91949,0,0,0,0,4083,-7391,0.33714285714285713
2023-01-17T00:00:00.000,16:43,40.820885,-73.85026,0,0,0,0,4082,-7385,0.27
2023-01-17T00:00:00.000,16:25,40.726837,-73.71356,0,0,0,0,4072,-7371,0.2857142857142857
2023-01-17T00:00:00.000,8:55,40.670403,-73.85629,0,0,0,0,4067,-7385,0.26666666666666666
2023-01-17T00:00:00.000,18:00,40.84467,-73.9449,0,0,0,0,4084,-7394,0.17543859649122806
2023-01-17T00:00:00.000,16:00,40.655197,-73.91354,1,0,1,1,4065,-7391,0.425
2023-01-14T00:00:00.000,14:25,40.64542,-73.97713,0,0,0,0,4064,-7397,0.4095238095238095
2023-01-12T00:00:00.000,17:06,40.637783,-74.01945,0,0,0,0,4063,-7401,0.37777777777777777
2023-01-17T00:00:00.000,20:29,40.7366,-73.856674,1,0,1,1,4073,-7385,0.3619047619047619
2023-01-17T00:00:00.000,8:35,40.869686,-73.868805,0,0,0,0,4086,-7386,0.4642857142857143
2023-01-07T00:00:00.000,0:00,40.72783,-73.70767,0,0,0,0,4072,-7370,0.0
2023-01-17T00:00:00.000,15:20,40.707523,-73.96115,1,0,1,1,4070,-7396,0.3431372549019608
2023-01-15T00:00:00.000,9:45,40.64333,-73.95973,0,0,0,0,4064,-7395,0.4796747967479675
2023-01-17T00:00:00.000,12:00,40.700592,-73.85457,0,0,0,0,4070,-7385,0.39436619718309857
2023-01-17T00:00:00.000,18:24,40.83501,-73.91206,1,0,1,1,4083,-7391,0.33714285714285713
2023-01-17T00:00:00.000,8:50,40.719738,-73.78574,0,0,0,0,4071,-7378,0.32653061224489793
2021-05-01T00:00:00.000,15:20,40.84434,-73.91475,0,0,0,0,4084,-7391,0.32558139534883723
2021-09-17T00:00:00.000,21:47,40.5322793,-74.2241343,0,0,0,0,4053,-7422,0.2
2023-01-15T00:00:00.000,19:09,40.805508,-73.96201,1,0,1,1,4080,-7396,0.31343283582089554
2022-03-28T00:00:00.000,15:20,40.77493,-73.950806,1,0,1,1,4077,-7395,0.3384615384615385
2022-04-24T00:00:00.000,10:39,40.612736,-74.14149,0,0,0,0,4061,-7414,0.625
2022-04-15T00:00:00.000,10:00,40.60573,-73.96557,0,0,0,0,4060,-7396,0.5714285714285714
2022-04-22T00:00:00.000,9:53,0.0,0.0,1,0,1,1,0,0,0.40425531914893614
2022-04-24T00:00:00.000,14:16,40.70875,-73.90929,0,0,0,0,4070,-7390,0.37894736842105264
2022-04-24T00:00:00.000,14:55,40.63063,-74.00923,1,0,1,1,4063,-7400,0.3068181818181818
2022-04-24T00:00:00.000,16:05,40.689365,-73.9058,2,0,1,1,4068,-7390,0.4421052631578947
2022-04-18T00:00:00.000,19:20,0.0,0.0,0,0,0,0,0,0,0.40425531914893614
2022-04-22T00:00:00.000,22:00,40.71611,-73.73137,0,0,0,0,4071,-7373,0.25
2022-04-24T00:00:00.000,9:00,40.670082,-73.79067,0,0,0,0,4067,-7379,0.4264705882352941
2022-04-24T00:00:00.000,10:45,40.62479,-74.029465,0,0,0,0,4062,-7402,0.3625
2022-04-24T00:00:00.000,20:00,40.642708,-73.87845,1,0,1,1,4064,-7387,0.4918032786885246
2022-04-24T00:00:00.000,15:17,0.0,0.0,0,0,0,0,0,0,0.40425531914893614
2022-04-15T00:00:00.000,12:48,40.80824,-73.95259,1,0,1,1,4080,-7395,0.381294964028777
2022-04-24T00:00:00.000,8:45,0.0,0.0,0,0,0,0,0,0,0.40425531914893614
2022-04-24T00:00:00.000,14:50,40.70675,-73.80224,1,0,1,1,4070,-7380,0.3877551020408163
2022-04-24T00:00:00.000,14:30,0.0,0.0,0,0,0,0,0,0,0.40425531914893614
2022-04-22T00:00:00.000,16:00,40.76663,-73.88903,0,0,0,0,4076,-7388,0.43283582089552236
2022-04-19T00:00:00.000,8:12,40.63777,-74.07602,0,0,0,0,4063,-7407,0.4444444444444444
2022-04-24T00:00:00.000,11:06,40.691307,-73.91326,0,0,0,0,4069,-7391,0.2709677419354839
2022-04-24T00:00:00.000,21:00,0.0,0.0,0,0,0,0,0,0,0.40425531914893614
2022-04-15T00:00:00.000,19:00,40.678547,-73.77917,0,0,0,0,4067,-7377,0.32608695652173914
2022-04-24T00:00:00.000,22:50,40.755714,-73.78922,0,0,0,0,4075,-7378,0.18518518518518517
2022-03-12T00:00:00.000,10:40,40.801155,-73.959656,0,0,0,0,4080,-7395,0.381294964028777
2021-09-07T00:00:00.000,12:30,40.686665,-73.86089,1,0,1,1,4068,-7386,0.423728813559322
2021-09-14T00:00:00.000,8:30,40.67122,-73.88276,3,0,1,1,4067,-7388,0.30434782608695654
2021-09-17T00:00:00.000,18:11,40.843124,-73.89796,1,0,1,1,4084,-7389,0.33766233766233766
2021-09-16T00:00:00.000,22:11,40.832024,-73.9159,0,0,0,0,4083,-7391,0.33714285714285713
2021-09-01T00:00:00.000,16:30,40.69603,-73.943535,0,0,0,0,4069,-7394,0.417910447761194
2021-07-31T00:00:00.000,5:00,40.89999,-73.85301,0,0,0,0,4089,-7385,0.3813559322033898
2021-12-10T00:00:00.000,15:40,40.585117,-73.91429,0,0,0,0,4058,-7391,0.3888888888888889
2021-12-10T00:00:00.000,15:45,40.65777,-73.93962,1,0,1,1,4065,-7393,0.44366197183098594
2021-12-10T00:00:00.000,11:50,40.68305,-73.97377,1,0,1,1,4068,-7397,0.3412322274881517
2021-12-09T00:00:00.000,18:00,40.67573,-73.9746,0,0,0,0,4067,-7397,0.2818181818181818
2021-11-16T00:00:00.000,23:00,40.68704,-73.90575,0,0,0,0,4068,-7390,0.4421052631578947
2021-12-08T00:00:00.000,9:30,40.899822,-73.86333,0,0,0,0,4089,-7386,0.28205128205128205
2021-12-09T00:00:00.000,21:06,40.592323,-73.96074,1,0,1,1,4059,-7396,0.38596491228070173
2021-12-08T00:00:00.000,13:30,40.70288,-73.81869,0,0,0,0,4070,-7381,0.3194444444444444
2021-12-09T00:00:00.000,21:00,40.761272,-73.95571,0,0,0,0,4076,-7395,0.3696969696969697
2021-12-09T00:00:00.000,7:30,40.77012,-73.95741,0,0,0,0,4077,-7395,0.3384615384615385
2021-12-09T00:00:00.000,22:00,40.760155,-73.9988,1,0,1,1,4076,-7399,0.3275862068965517
2021-12-10T00:00:00.000,13:30,40.715446,-73.98277,0,0,0,0,4071,-7398,0.39568345323741005
2021-12-08T00:00:00.000,17:45,40.856045,-73.84395,0,0,0,0,4085,-7384,0.32432432432432434
2021-12-08T00:00:00.000,6:37,40.736927,-73.895966,0,0,0,0,4073,-7389,0.2857142857142857
2021-12-08T00:00:00.000,19:10,40.734562,-74.00543,0,0,0,0,4073,-7400,0.2403846153846154
2021-12-09T00:00:00.000,8:35,40.736847,-73.8067,1,0,1,1,4073,-7380,0.34285714285714286
2021-12-06T00:00:00.000,7:50,40.870777,-73.81923,0,0,0,0,4087,-7381,0.5
2021-12-09T00:00:00.000,1:37,40.716312,-73.81938,0,0,0,0,4071,-7381,0.3448275862068966
2021-12-09T00:00:00.000,3:50,40.83801,-73.87329,1,0,1,1,4083,-7387,0.38414634146341464
2021-12-10T00:00:00.000,7:35,40.726448,-73.75632,0,0,0,0,4072,-7375,0.2727272727272727
2021-12-10T00:00:00.000,20:55,40.75563,-73.77264,0,0,0,0,4075,-7377,0.24
2021-09-18T00:00:00.000,8:30,40.828186,-73.94056,1,0,1,1,4082,-7394,0.3812154696132597
2021-09-18T00:00:00.000,19:25,40.66895,-73.9339,0,0,0,0,4066,-7393,0.38578680203045684
2021-07-24T00:00:00.000,15:15,40.671352,-73.88182,0,0,0,0,4067,-7388,0.30434782608695654
2021-09-17T00:00:00.000,17:00,40.884666,-73.89917,0,0,0,0,4088,-7389,0.4626865671641791
2021-09-17T00:00:00.000,7:45,40.740532,-73.87635,0,0,0,0,4074,-7387,0.25663716814159293
2021-09-16T00:00:00.000,19:50,40.719456,-73.99441,1,0,1,1,4071,-7399,0.3263157894736842
2021-09-18T00:00:00.000,3:00,40.72293,-73.98865,1,0,1,1,4072,-7398,0.4342105263157895
2021-09-18T00:00:00.000,16:11,40.68668,-73.97937,0,0,0,0,4068,-7397,0.3412322274881517
2021-09-18T00:00:00.000,23:30,40.735764,-73.97491,0,0,0,0,4073,-7397,0.32558139534883723
2021-09-18T00:00:00.000,15:00,40.638523,-74.01,1,0,1,1,4063,-7401,0.37777777777777777
2021-09-14T00:00:00.000,21:00,40.74676,-73.86677,0,0,0,0,4074,-7386,0.3813559322033898
2021-09-18T00:00:00.000,10:00,40.54396,-74.19184,1,0,1,1,4054,-7419,0.3333333333333333
2021-09-16T00:00:00.000,13:30,40.578224,-74.10207,0,0,0,0,4057,-7410,0.3877551020408163
2021-07-17T00:00:00.000,21:00,40.73753,-73.87284,0,0,0,0,4073,-7387,0.3140495867768595
2021-09-14T00:00:00.000,7:40,40.719654,-73.81816,0,0,0,0,4071,-7381,0.3448275862068966
2021-09-18T00:00:00.000,20:10,40.700687,-73.766815,1,0,1,1,4070,-7376,0.43902439024390244
2021-09-18T00:00:00.000,7:50,40.602985,-74.13148,5,0,1,1,4060,-7413,0.41935483870967744
2021-09-18T00:00:00.000,19:38,40.72154,-73.75541,0,0,0,0,4072,-7375,0.2727272727272727
2021-09-18T00:00:00.000,10:30,40.869843,-73.91588,1,0,1,1,4086,-7391,0.38016528925619836
2021-09-18T00:00:00.000,11:00,40.708767,-73.94004,0,0,0,0,4070,-7394,0.3956043956043956
2021-09-18T00:00:00.000,11:04,40.736412,-73.74183,0,0,0,0,4073,-7374,0.21428571428571427
2021-09-16T00:00:00.000,20:50,40.732212,-73.99862,1,0,1,1,4073,-7399,0.423728813559322
2021-09-18T00:00:00.000,14:45,40.630577,-73.88591,0,0,0,0,4063,-7388,0.3835616438356164
2021-09-18T00:00:00.000,4:15,40.711376,-73.92794,1,0,1,1,4071,-7392,0.2777777777777778
2021-09-18T00:00:00.000,8:46,40.764267,-73.722946,5,0,1,1,4076,-7372,0.3333333333333333
2021-09-04T00:00:00.000,0:20,40.72804,-73.83171,1,0,1,1,4072,-7383,0.4909090909090909
2021-09-18T00:00:00.000,17:00,40.782642,-73.804146,1,0,1,1,4078,-7380,0.30434782608695654
2021-09-18T00:00:00.000,4:24,40.85456,-73.869484,0,0,0,0,4085,-7386,0.33766233766233766
2021-09-18T00:00:00.000,5:30,40.7651,-73.868034,0,0,0,0,4076,-7386,0.40298507462686567
2021-09-18T00:00:00.000,9:00,40.603848,-74.00264,0,0,0,0,4060,-7400,0.24074074074074073
2021-09-16T00:00:00.000,9:40,40.68029,-73.94774,1,0,1,1,4068,-7394,0.4409448818897638
2021-09-16T00:00:00.000,12:00,40.663704,-73.75587,0,0,0,0,4066,-7375,0.3
2021-09-18T00:00:00.000,22:45,40.803272,-73.918884,0,0,0,0,4080,-7391,0.38961038961038963
2021-09-18T00:00:00.000,19:10,40.692574,-73.858185,0,0,0,0,4069,-7385,0.34
2021-09-18T00:00:00.000,20:02,40.768932,-73.96078,1,0,1,1,4076,-7396,0.3023255813953488
2021-09-18T00:00:00.000,6:15,40.64687,-73.90428,0,0,0,0,4064,-7390,0.4017094017094017
2021-09-18T00:00:00.000,19:06,40.61186,-73.93243,0,0,0,0,4061,-7393,0.34285714285714286
2021-09-18T00:00:00.000,1:43,40.61462,-73.968666,0,0,0,0,4061,-7396,0.30666666666666664
2021-09-18T00:00:00.000,18:10,40.70112,-73.78334,0,0,0,0,4070,-7378,0.34523809523809523
2021-09-17T00:00:00.000,14:15,40.69977,-73.98294,0,0,0,0,4069,-7398,0.3229166666666667
2021-09-18T00:00:00.000,13:00,40.804256,-73.96293,0,0,0,0,4080,-7396,0.31343283582089554
2021-09-17T00:00:00.000,8:25,40.741493,-73.87503,1,0,1,1,4074,-7387,0.25663716814159293
2021-09-17T00:00:00.000,13:05,40.738132,-74.00084,0,0,0,0,4073,-7400,0.2403846153846154
2021-09-18T00:00:00.000,9:50,40.729515,-73.8715,0,0,0,0,4072,-7387,0.5714285714285714
2021-09-17T00:00:00.000,15:45,40.60567,-74.030945,0,0,0,0,4060,-7403,0.3
2021-09-18T00:00:00.000,17:15,40.64032,-74.02841,1,0,1,1,4064,-7402,0.41379310344827586
2021-09-07T00:00:00.000,7:55,40.76788,-73.9815,0,0,0,0,4076,-7398,0.3081761006289308
2021-09-18T00:00:00.000,11:23,40.784473,-73.786194,0,0,0,0,4078,-7378,0.4375
2021-09-17T00:00:00.000,17:11,40.743767,-73.83748,2,0,1,1,4074,-7383,0.4067796610169492
2021-09-18T00:00:00.000,12:00,40.68989,-73.93645,0,0,0,0,4068,-7393,0.3619047619047619
2021-09-18T00:00:00.000,22:50,40.710094,-73.93722,1,0,1,1,4071,-7393,0.2711864406779661
2021-09-18T00:00:00.000,16:00,40.60301,-74.016884,0,0,0,0,4060,-7401,0.30357142857142855
2021-09-14T00:00:00.000,21:35,40.750248,-73.75428,0,0,0,0,4075,-7375,0.3333333333333333
2021-09-16T00:00:00.000,0:09,40.680664,-73.902626,1,0,1,1,4068,-7390,0.4421052631578947
2021-09-18T00:00:00.000,18:14,40.812737,-73.93762,1,0,1,1,4081,-7393,0.32432432432432434
2021-09-18T00:00:00.000,10:20,40.715855,-73.95987,0,0,0,0,4071,-7395,0.36585365853658536
2021-07-08T00:00:00.000,15:30,40.672226,-73.90241,1,0,1,1,4067,-7390,0.3282442748091603
2021-09-18T00:00:00.000,16:00,40.678226,-73.742386,4,0,1,1,4067,-7374,0.2619047619047619
2021-09-18T00:00:00.000,10:15,40.681633,-73.95133,0,0,0,0,4068,-7395,0.38571428571428573
2021-09-15T00:00:00.000,15:00,40.745903,-73.76703,4,0,1,1,4074,-7376,0.3333333333333333
2021-09-18T00:00:00.000,19:30,40.764454,-73.83178,1,0,1,1,4076,-7383,0.33695652173913043
2021-09-18T00:00:00.000,9:46,40.734375,-73.87342,0,0,0,0,4073,-7387,0.3140495867768595
2021-09-18T00:00:00.000,10:41,40.717976,-73.735344,0,0,0,0,4071,-7373,0.25
2021-09-18T00:00:00.000,22:29,40.634033,-73.90534,2,0,1,1,4063,-7390,0.3561643835616438
2021-09-18T00:00:00.000,20:00,40.59192,-73.99401,0,0,0,0,4059,-7399,0.3076923076923077
2021-09-17T00:00:00.000,3:00,40.5778,-73.96057,1,0,1,1,4057,-7396,0.3191489361702128
2021-09-18T00:00:00.000,1:00,40.665794,-73.7464,0,0,0,0,4066,-7374,0.3698630136986301
2021-09-12T00:00:00.000,6:10,40.54191,-74.18441,0,0,0,0,4054,-7418,0.1875
2021-09-18T00:00:00.000,15:50,40.743484,-73.89908,1,0,1,1,4074,-7389,0.3203125
2021-09-16T00:00:00.000,22:16,0.0,0.0,0,0,0,0,0,0,0.40425531914893614
2021-09-14T00:00:00.000,20:16,40.738735,-74.00961,0,0,0,0,4073,-7400,0.2403846153846154
2021-09-18T00:00:00.000,15:15,40.820984,-73.891624,1,0,1,1,4082,-7389,0.37423312883435583
2021-09-18T00:00:00.000,4:30,40.764645,-73.7617,1,0,1,1,4076,-7376,0.21739130434782608
2021-09-16T00:00:00.000,0:00,40.808586,-73.94954,0,0,0,0,4080,-7394,0.41116751269035534
2021-09-18T00:00:00.000,13:42,40.752316,-73.8324,0,0,0,0,4075,-7383,0.37681159420289856
2021-09-15T00:00:00.000,13:00,40.71415,-73.78991,0,0,0,0,4071,-7378,0.32653061224489793
2021-09-18T00:00:00.000,0:00,40.68668,-73.97937,0,0,0,0,4068,-7397,0.3412322274881517
2021-09-18T00:00:00.000,10:50,40.71617,-73.95952,0,0,0,0,4071,-7395,0.36585365853658536
2021-09-14T00:00:00.000,12:32,40.844734,-73.90757,0,0,0,0,4084,-7390,0.366120218579235
2021-09-18T00:00:00.000,21:00,40.714455,-73.935295,1,0,1,1,4071,-7393,0.2711864406779661
2021-09-14T00:00:00.000,17:07,40.881428,-73.90001,1,0,1,1,4088,-7390,0.2702702702702703
2021-09-17T00:00:00.000,18:50,40.59335,-74.10042,1,0,1,1,4059,-7410,0.2
2021-09-11T00:00:00.000,23:30,40.703636,-73.74652,0,0,0,0,4070,-7374,0.3333333333333333
2022-04-24T00:00:00.000,9:16,40.63504,-74.008835,1,0,1,1,4063,-7400,0.3068181818181818
2021-09-18T00:00:00.000,11:35,40.78569,-73.7872,0,0,0,0,4078,-7378,0.4375
2021-09-18T00:00:00.000,7:51,40.84042,-73.86269,0,0,0,0,4084,-7386,0.375
2021-09-17T00:00:00.000,14:00,40.65878,-73.960526,0,0,0,0,4065,-7396,0.3939393939393939
2021-09-18T00:00:00.000,1:00,40.64315,-73.97548,0,0,0,0,4064,-7397,0.4095238095238095
2021-09-17T00:00:00.000,9:10,40.713314,-73.78522,0,0,0,0,4071,-7378,0.32653061224489793
2021-09-18T00:00:00.000,4:48,40.605244,-73.97233,0,0,0,0,4060,-7397,0.3469387755102041
2021-09-18T00:00:00.000,20:00,40.677715,-73.93587,0,0,0,0,4067,-7393,0.3755868544600939
2021-09-18T00:00:00.000,17:45,40.73963,-73.79014,2,0,1,1,4073,-7379,0.4
2021-09-18T00:00:00.000,10:10,40.712772,-73.77201,0,0,0,0,4071,-7377,0.20967741935483872
2021-09-18T00:00:00.000,14:00,40.666134,-73.99224,1,0,1,1,4066,-7399,0.40540540540540543
2021-09-12T00:00:00.000,4:50,40.857418,-73.89996,0,0,0,0,4085,-7389,0.3353658536585366
2021-09-18T00:00:00.000,2:34,40.79864,-73.9534,1,0,1,1,4079,-7395,0.42
2021-09-18T00:00:00.000,0:00,40.82581,-73.907036,0,0,0,0,4082,-7390,0.3025210084033613
2021-09-12T00:00:00.000,21:45,40.688354,-73.913826,0,0,0,0,4068,-7391,0.344
2021-09-18T00:00:00.000,22:35,40.697147,-73.9976,0,0,0,0,4069,-7399,0.29473684210526313
2021-09-18T00:00:00.000,4:20,40.770824,-73.9032,1,0,1,1,4077,-7390,0.3404255319148936
2021-09-02T00:00:00.000,9:33,40.884144,-73.91502,0,0,0,0,4088,-7391,0.23076923076923078
2021-09-17T00:00:00.000,20:05,40.710186,-73.82113,0,0,0,0,4071,-7382,0.379746835443038
2021-09-17T00:00:00.000,21:15,40.76377,-73.84206,0,0,0,0,4076,-7384,0.0
2021-09-17T00:00:00.000,18:00,40.876923,-73.87327,1,0,1,1,4087,-7387,0.297029702970297
2021-09-18T00:00:00.000,13:50,40.621357,-73.92714,0,0,0,0,4062,-7392,0.3611111111111111
2021-09-18T00:00:00.000,1:14,40.68106,-73.82637,2,0,1,1,4068,-7382,0.41975308641975306
2021-09-18T00:00:00.000,14:57,40.766346,-73.956635,0,0,0,0,4076,-7395,0.3696969696969697
2021-09-18T00:00:00.000,13:45,40.78613,-73.80215,0,0,0,0,4078,-7380,0.30434782608695654
2021-05-01T00:00:00.000,2:30,40.660316,-73.95899,0,0,0,0,4066,-7395,0.44375
2021-05-01T00:00:00.000,23:01,40.663277,-73.98283,1,0,1,1,4066,-7398,0.421875
2021-04-30T00:00:00.000,6:40,40.811653,-73.91685,1,0,1,1,4081,-7391,0.47244094488188976
2021-05-01T00:00:00.000,15:55,40.57577,-74.16981,0,0,0,0,4057,-7416,0.36363636363636365
2021-05-01T00:00:00.000,0:00,40.65812,-73.934006,0,0,0,0,4065,-7393,0.44366197183098594
2021-04-29T00:00:00.000,22:00,40.668655,-73.94585,0,0,0,0,4066,-7394,0.36792452830188677
2021-04-29T00:00:00.000,0:00,40.744644,-73.731186,2,0,1,1,4074,-7373,0.4
2021-04-21T00:00:00.000,4:15,40.682114,-73.96926,0,0,0,0,4068,-7396,0.42567567567567566
2021-09-15T00:00:00.000,13:40,40.68096,-73.93765,1,0,1,1,4068,-7393,0.3619047619047619
2021-09-18T00:00:00.000,5:00,40.634674,-73.95321,0,0,0,0,4063,-7395,0.48484848484848486
2021-09-18T00:00:00.000,15:00,40.665714,-73.898445,0,0,0,0,4066,-7389,0.3103448275862069
2021-07-06T00:00:00.000,19:25,40.87971,-73.90134,1,0,1,1,4087,-7390,0.3184713375796178
2021-09-17T00:00:00.000,17:07,40.515903,-74.23344,0,0,0,0,4051,-7423,0.0625
2021-09-18T00:00:00.000,22:10,40.695854,-73.818924,4,0,1,1,4069,-7381,0.3902439024390244
2021-05-01T00:00:00.000,15:00,40.712914,-73.734436,0,0,0,0,4071,-7373,0.25
2021-04-27T00:00:00.000,13:00,40.807224,-73.941666,0,0,0,0,4080,-7394,0.41116751269035534
2021-05-01T00:00:00.000,9:00,40.71275,-73.77659,0,0,0,0,4071,-7377,0.20967741935483872
2021-05-01T00:00:00.000,2:20,40.68623,-74.00046,0,0,0,0,4068,-7400,0.3333333333333333
2021-05-01T00:00:00.000,14:00,40.845722,-73.859886,0,0,0,0,4084,-7385,0.32727272727272727
2021-05-01T00:00:00.000,23:20,40.869545,-73.87972,1,0,1,1,4086,-7387,0.34545454545454546
2021-04-27T00:00:00.000,21:15,40.79931,-73.943245,0,0,0,0,4079,-7394,0.3523809523809524
2021-09-12T00:00:00.000,23:13,40.826397,-73.92116,3,0,1,1,4082,-7392,0.3333333333333333
2021-05-01T00:00:00.000,20:30,40.7122,-73.86208,1,0,1,1,4071,-7386,0.5625
2021-04-30T00:00:00.000,17:25,40.84169,-73.86012,0,0,0,0,4084,-7386,0.375
2021-05-01T00:00:00.000,15:30,40.666756,-73.83653,1,0,1,1,4066,-7383,0.5
2021-04-26T00:00:00.000,15:00,40.75643,-73.870285,0,0,0,0,4075,-7387,0.33884297520661155
2021-09-17T00:00:00.000,20:29,40.884724,-73.89943,0,0,0,0,4088,-7389,0.4626865671641791
2021-05-01T00:00:00.000,22:10,40.741394,-73.82303,0,0,0,0,4074,-7382,0.4057971014492754
2021-05-01T00:00:00.000,17:35,40.835808,-73.949455,0,0,0,0,4083,-7394,0.38926174496644295
2021-05-01T00:00:00.000,17:30,40.642174,-74.02064,1,0,1,1,4064,-7402,0.41379310344827586
2021-05-01T00:00:00.000,19:22,40.57916,-73.98309,1,0,1,1,4057,-7398,0.36904761904761907
2021-05-01T00:00:00.000,1:12,40.878475,-73.837166,0,0,0,0,4087,-7383,0.3333333333333333
2021-05-01T00:00:00.000,0:02,40.740128,-73.704414,4,0,1,1,4074,-7370,0.375
2021-05-01T00:00:00.000,2:15,40.599705,-73.99016,0,0,0,0,4059,-7399,0.3076923076923077
2021-04-30T00:00:00.000,14:50,40.742832,-74.00771,0,0,0,0,4074,-7400,0.27710843373493976
2021-05-01T00:00:00.000,15:20,40.70303,-73.914055,1,0,1,1,4070,-7391,0.27450980392156865
2021-05-01T00:00:00.000,18:46,40.747066,-73.97925,1,0,1,1,4074,-7397,0.4810810810810811
2021-05-01T00:00:00.000,2:00,40.646927,-74.00126,0,0,0,0,4064,-7400,0.36764705882352944
2021-04-14T00:00:00.000,17:16,40.790756,-73.95264,0,0,0,0,4079,-7395,0.42
2021-05-01T00:00:00.000,23:03,40.726864,-73.97991,1,0,1,1,4072,-7397,0.3283582089552239
2021-05-01T00:00:00.000,14:15,40.640236,-73.90598,1,0,1,1,4064,-7390,0.4017094017094017
2021-05-01T00:00:00.000,21:00,40.640125,-73.96519,0,0,0,0,4064,-7396,0.4714285714285714
2021-05-01T00:00:00.000,18:40,40.680473,-73.9614,0,0,0,0,4068,-7396,0.42567567567567566
2021-05-01T00:00:00.000,16:10,40.71406,-73.95292,0,0,0,0,4071,-7395,0.36585365853658536
2021-05-01T00:00:00.000,0:40,40.585163,-73.95641,0,0,0,0,4058,-7395,0.3465346534653465
2021-05-01T00:00:00.000,18:35,40.869938,-73.86142,2,0,1,1,4086,-7386,0.4642857142857143
2021-05-01T00:00:00.000,11:05,40.752316,-73.8324,0,0,0,0,4075,-7383,0.37681159420289856
2021-05-01T00:00:00.000,5:30,40.659447,-73.9312,0,0,0,0,4065,-7393,0.44366197183098594
2021-05-01T00:00:00.000,13:25,40.664356,-73.734535,0,0,0,0,4066,-7373,0.44339622641509435
2021-04-29T00:00:00.000,10:15,40.741077,-74.001564,1,0,1,1,4074,-7400,0.27710843373493976
2021-05-01T00:00:00.000,17:22,40.657818,-74.004196,0,0,0,0,4065,-7400,0.41509433962264153
2021-05-01T00:00:00.000,17:55,40.799984,-73.944855,0,0,0,0,4079,-7394,0.3523809523809524
2021-04-23T00:00:00.000,11:11,40.778553,-73.9555,0,0,0,0,4077,-7395,0.3384615384615385
2021-05-01T00:00:00.000,22:50,40.863632,-73.87168,3,0,1,1,4086,-7387,0.34545454545454546
2021-05-01T00:00:00.000,15:15,40.639175,-74.121826,0,0,0,0,4063,-7412,0.36363636363636365
2021-05-01T00:00:00.000,0:00,40.839638,-73.85814,0,0,0,0,4083,-7385,0.30158730158730157
2021-05-01T00:00:00.000,15:50,40.696198,-73.98869,1,0,1,1,4069,-7398,0.3229166666666667
2021-05-01T00:00:00.000,14:08,40.881504,-73.879364,0,0,0,0,4088,-7387,0.14583333333333334
2021-05-01T00:00:00.000,23:23,40.817024,-73.921394,0,0,0,0,4081,-7392,0.4714285714285714
2021-04-30T00:00:00.000,17:50,40.604618,-74.162384,1,0,1,1,4060,-7416,0.42857142857142855
2021-05-01T00:00:00.000,13:35,40.82686,-73.85886,0,0,0,0,4082,-7385,0.27
2021-05-01T00:00:00.000,16:14,40.84764,-73.901,0,0,0,0,4084,-7390,0.366120218579235
2021-04-11T00:00:00.000,22:20,40.632435,-73.88818,2,0,1,1,4063,-7388,0.3835616438356164
2021-05-01T00:00:00.000,12:40,40.78762,-73.84877,1,0,1,1,4078,-7384,0.23809523809523808
2021-05-01T00:00:00.000,18:50,40.719933,-73.97876,1,0,1,1,4071,-7397,0.41509433962264153
2021-05-01T00:00:00.000,11:50,0.0,0.0,1,0,1,1,0,0,0.40425531914893614
2021-04-23T00:00:00.000,19:00,40.73032,-74.00469,0,0,0,0,4073,-7400,0.2403846153846154
2021-05-01T00:00:00.000,18:58,40.685497,-73.91771,0,0,0,0,4068,-7391,0.344
2021-04-30T00:00:00.000,17:40,40.796516,-73.93503,1,0,1,1,4079,-7393,0.36585365853658536
2021-05-01T00:00:00.000,13:30,40.74144,-74.00503,0,0,0,0,4074,-7400,0.27710843373493976
2021-05-01T00:00:00.000,17:23,40.878075,-73.83694,0,0,0,0,4087,-7383,0.3333333333333333
2021-05-01T00:00:00.000,14:25,40.86574,-73.84625,0,0,0,0,4086,-7384,0.17857142857142858
2021-05-01T00:00:00.000,17:50,40.90355,-73.854836,0,0,0,0,4090,-7385,0.42105263157894735
2021-05-01T00:00:00.000,14:00,40.624584,-74.07838,1,0,1,1,4062,-7407,0.35714285714285715
2021-05-01T00:00:00.000,15:00,40.815403,-73.93992,0,0,0,0,4081,-7393,0.32432432432432434
2021-05-01T00:00:00.000,2:54,40.69764,-73.92932,0,0,0,0,4069,-7392,0.3584905660377358
2021-05-01T00:00:00.000,18:14,40.84962,-73.91938,2,0,1,1,4084,-7391,0.32558139534883723
2021-05-01T00:00:00.000,16:29,40.74073,-73.981766,0,0,0,0,4074,-7398,0.40131578947368424
2021-04-30T00:00:00.000,9:30,40.736958,-74.00651,0,0,0,0,4073,-7400,0.2403846153846154
2021-05-01T00:00:00.000,2:30,40.69726,-73.80575,0,0,0,0,4069,-7380,0.38461538461538464
2021-05-01T00:00:00.000,9:45,40.7448,-73.953415,1,0,1,1,4074,-7395,0.35185185185185186
2021-05-01T00:00:00.000,21:15,40.81914,-73.93719,0,0,0,0,4081,-7393,0.32432432432432434
2021-05-01T00:00:00.000,11:00,40.66423,-73.919106,1,0,1,1,4066,-7391,0.3630952380952381
2021-05-01T00:00:00.000,22:55,40.63555,-73.97803,1,0,1,1,4063,-7397,0.36893203883495146
2021-05-01T00:00:00.000,0:00,40.731163,-73.99193,1,0,1,1,4073,-7399,0.423728813559322
2021-05-01T00:00:00.000,20:40,40.69177,-73.824524,2,0,1,1,4069,-7382,0.37209302325581395
2021-05-01T00:00:00.000,14:30,40.606457,-74.16699,0,0,0,0,4060,-7416,0.42857142857142855
2021-05-01T00:00:00.000,16:30,40.846527,-73.828735,0,0,0,0,4084,-7382,0.4
2021-04-30T00:00:00.000,23:34,40.696983,-73.935234,1,0,1,1,4069,-7393,0.3141025641025641
2021-05-01T00:00:00.000,15:20,40.606384,-74.00121,0,0,0,0,4060,-7400,0.24074074074074073
2021-04-27T00:00:00.000,9:00,40.658,-73.935905,1,0,1,1,4065,-7393,0.44366197183098594
2023-04-21T00:00:00.000,9:50,40.841797,-73.85903,0,0,0,0,4084,-7385,0.32727272727272727
2021-05-01T00:00:00.000,16:18,40.70198,-73.74105,0,0,0,0,4070,-7374,0.3333333333333333
2021-05-01T00:00:00.000,10:00,40.677334,-73.82548,0,0,0,0,4067,-7382,0.4186046511627907
2021-05-01T00:00:00.000,20:59,40.833286,-73.914085,2,0,1,1,4083,-7391,0.33714285714285713
2021-05-01T00:00:00.000,22:30,40.896084,-73.873184,0,0,0,0,4089,-7387,0.2
2021-04-30T00:00:00.000,11:46,40.719967,-73.95545,0,0,0,0,4071,-7395,0.36585365853658536
2021-05-01T00:00:00.000,13:14,40.759678,-73.83236,0,0,0,0,4075,-7383,0.37681159420289856
2021-05-01T00:00:00.000,9:05,40.660435,-73.94542,0,0,0,0,4066,-7394,0.36792452830188677
2021-05-01T00:00:00.000,11:39,40.588028,-73.94926,0,0,0,0,4058,-7394,0.40816326530612246
2021-05-01T00:00:00.000,19:18,40.683723,-73.96797,1,0,1,1,4068,-7396,0.42567567567567566
2021-05-01T00:00:00.000,15:00,40.711033,-73.7281,1,0,1,1,4071,-7372,0.40425531914893614
2021-05-01T00:00:00.000,22:20,40.538067,-74.1496,0,0,0,0,4053,-7414,0.3333333333333333
2021-04-30T00:00:00.000,22:00,40.83489,-73.8663,0,0,0,0,4083,-7386,0.24822695035460993
2021-04-29T00:00:00.000,16:47,40.704082,-73.81641,1,0,1,1,4070,-7381,0.3194444444444444
2021-05-01T00:00:00.000,3:00,40.75644,-73.94356,0,0,0,0,4075,-7394,0.41333333333333333
2021-04-16T00:00:00.000,17:30,40.85162,-73.82653,0,0,0,0,4085,-7382,0.45714285714285713
2021-05-01T00:00:00.000,10:12,40.797527,-73.933014,0,0,0,0,4079,-7393,0.36585365853658536
2021-05-01T00:00:00.000,6:05,40.674206,-73.85649,0,0,0,0,4067,-7385,0.26666666666666666
2021-05-01T00:00:00.000,11:20,40.667847,-73.77612,1,0,1,1,4066,-7377,0.37362637362637363
2021-05-01T00:00:00.000,19:00,40.87294,-73.84465,0,0,0,0,4087,-7384,0.47297297297297297
2021-05-01T00:00:00.000,0:52,40.636803,-74.15366,1,0,1,1,4063,-7415,0.3333333333333333
2021-05-01T00:00:00.000,15:56,40.600544,-73.94076,1,0,1,1,4060,-7394,0.5217391304347826
2021-05-01T00:00:00.000,22:30,40.847248,-73.93687,0,0,0,0,4084,-7393,0.32786885245901637
2021-05-01T00:00:00.000,14:13,40.7448,-73.953415,0,0,0,0,4074,-7395,0.35185185185185186
2021-05-01T00:00:00.000,14:50,40.814598,-73.86463,1,0,1,1,4081,-7386,0.23333333333333334
2021-05-01T00:00:00.000,22:30,40.705284,-73.90636,0,0,0,0,4070,-7390,0.37894736842105264
2021-05-01T00:00:00.000,13:20,40.551857,-74.135284,1,0,1,1,4055,-7413,0.2777777777777778
2021-05-01T00:00:00.000,13:02,40.620686,-74.11002,1,0,1,1,4062,-7411,0.5238095238095238
2021-05-01T00:00:00.000,17:40,40.860176,-73.891754,0,0,0,0,4086,-7389,0.40606060606060607
2021-04-30T00:00:00.000,15:30,40.70984,-73.78907,1,0,1,1,4070,-7378,0.34523809523809523
2021-05-01T00:00:00.000,15:00,40.681923,-73.831924,0,0,0,0,4068,-7383,0.45454545454545453
2021-05-01T00:00:00.000,1:50,40.758892,-73.86681,0,0,0,0,4075,-7386,0.33653846153846156
2021-05-01T00:00:00.000,4:19,40.69129,-73.925934,0,0,0,0,4069,-7392,0.3584905660377358
2021-05-01T00:00:00.000,0:20,40.67452,-73.736084,0,0,0,0,4067,-7373,0.46835443037974683
2021-05-01T00:00:00.000,18:34,40.87144,-73.867165,0,0,0,0,4087,-7386,0.3142857142857143
2021-05-01T00:00:00.000,17:40,40.748154,-73.85403,0,0,0,0,4074,-7385,0.35526315789473684
2021-05-01T00:00:00.000,18:00,40.693863,-73.80069,0,0,0,0,4069,-7380,0.38461538461538464
2021-05-01T00:00:00.000,17:28,40.837894,-73.88138,0,0,0,0,4083,-7388,0.26717557251908397
2021-04-30T00:00:00.000,8:58,40.827595,-73.85004,0,0,0,0,4082,-7385,0.27
2021-05-01T00:00:00.000,0:46,40.86159,-73.91295,2,0,1,1,4086,-7391,0.38016528925619836
2021-05-01T00:00:00.000,3:35,40.72593,-73.99466,0,0,0,0,4072,-7399,0.3829787234042553
2021-04-30T00:00:00.000,14:32,40.626278,-74.15202,0,0,0,0,4062,-7415,0.37037037037037035
2021-04-29T00:00:00.000,19:23,40.727486,-73.94482,0,0,0,0,4072,-7394,0.19801980198019803
2021-04-30T00:00:00.000,15:10,40.68877,-73.96088,1,0,1,1,4068,-7396,0.42567567567567566
2021-05-01T00:00:00.000,9:50,40.60247,-73.94425,0,0,0,0,4060,-7394,0.5217391304347826
2021-05-01T00:00:00.000,15:00,40.67448,-74.00202,0,0,0,0,4067,-7400,0.20967741935483872
2021-05-01T00:00:00.000,11:15,40.745308,-73.90753,0,0,0,0,4074,-7390,0.40625
2021-05-01T00:00:00.000,20:40,40.812077,-73.88681,0,0,0,0,4081,-7388,0.25471698113207547
2021-05-01T00:00:00.000,7:30,40.8518,-73.909225,2,0,1,1,4085,-7390,0.42207792207792205
2021-05-01T00:00:00.000,17:59,40.652973,-73.94401,0,0,0,0,4065,-7394,0.43137254901960786
2021-05-01T00:00:00.000,12:45,40.675312,-73.84331,0,0,0,0,4067,-7384,0.28888888888888886
2021-04-30T00:00:00.000,0:00,40.853813,-73.90734,1,0,1,1,4085,-7390,0.42207792207792205
2023-01-17T00:00:00.000,9:00,40.868385,-73.84825,0,0,0,0,4086,-7384,0.17857142857142858
2021-05-01T00:00:00.000,3:00,40.850616,-73.831184,0,0,0,0,4085,-7383,0.25
2021-05-01T00:00:00.000,16:30,40.71755,-74.01367,0,0,0,0,4071,-7401,0.3181818181818182
2021-04-08T00:00:00.000,18:00,40.663017,-73.94003,1,0,1,1,4066,-7394,0.36792452830188677
2021-05-01T00:00:00.000,0:50,40.78223,-73.77119,1,0,1,1,4078,-7377,0.5384615384615384
2021-05-01T00:00:00.000,23:45,40.811428,-73.90091,1,0,1,1,4081,-7390,0.3888888888888889
2021-05-01T00:00:00.000,15:50,40.817257,-73.91723,0,0,0,0,4081,-7391,0.47244094488188976
2021-05-01T00:00:00.000,13:30,40.90362,-73.85068,0,0,0,0,4090,-7385,0.42105263157894735
2021-05-01T00:00:00.000,15:15,40.771038,-73.83413,1,0,1,1,4077,-7383,0.25
2021-05-01T00:00:00.000,6:45,40.72558,-73.75262,2,0,1,1,4072,-7375,0.2727272727272727
2021-04-30T00:00:00.000,14:00,40.758915,-73.9997,0,0,0,0,4075,-7399,0.2830188679245283
2021-04-23T00:00:00.000,0:00,40.72118,-73.95866,0,0,0,0,4072,-7395,0.22093023255813954
2021-05-01T00:00:00.000,16:20,40.74777,-73.815994,0,0,0,0,4074,-7381,0.46153846153846156
2021-05-01T00:00:00.000,15:45,40.88518,-73.91398,0,0,0,0,4088,-7391,0.23076923076923078
2021-04-30T00:00:00.000,14:30,40.639854,-74.0122,0,0,0,0,4063,-7401,0.37777777777777777
2021-04-30T00:00:00.000,16:20,40.7192,-73.759224,0,0,0,0,4071,-7375,0.3269230769230769
2021-05-01T00:00:00.000,23:05,40.821575,-73.87077,1,0,1,1,4082,-7387,0.33544303797468356
2021-05-01T00:00:00.000,15:45,40.630814,-74.02508,0,0,0,0,4063,-7402,0.3877551020408163
2021-05-01T00:00:00.000,1:54,40.615517,-73.96052,0,0,0,0,4061,-7396,0.30666666666666664
2021-05-01T00:00:00.000,11:37,40.690357,-73.989746,0,0,0,0,4069,-7398,0.3229166666666667
2021-05-01T00:00:00.000,17:08,40.756134,-73.74047,1,0,1,1,4075,-7374,0.3333333333333333
2021-04-22T00:00:00.000,14:00,40.671803,-73.96336,1,0,1,1,4067,-7396,0.3466666666666667
2021-05-01T00:00:00.000,13:30,40.847897,-73.94523,0,0,0,0,4084,-7394,0.17543859649122806
2021-05-01T00:00:00.000,15:49,40.661377,-73.92574,0,0,0,0,4066,-7392,0.355
2021-04-29T00:00:00.000,11:46,40.824184,-73.937225,0,0,0,0,4082,-7393,0.36645962732919257
2021-05-01T00:00:00.000,9:15,40.710876,-74.01439,3,0,1,1,4071,-7401,0.3181818181818182
2021-05-01T00:00:00.000,8:30,40.72197,-73.97568,1,0,1,1,4072,-7397,0.3283582089552239
2021-05-01T00:00:00.000,23:47,40.86804,-73.879105,1,0,1,1,4086,-7387,0.34545454545454546
2021-05-01T00:00:00.000,6:40,40.89466,-73.86137,9,0,1,1,4089,-7386,0.28205128205128205
2021-05-01T00:00:00.000,17:00,40.665775,-73.85415,0,0,0,0,4066,-7385,0.3333333333333333
2021-05-01T00:00:00.000,5:27,40.875122,-73.905174,4,0,1,1,4087,-7390,0.3184713375796178
2021-05-01T00:00:00.000,2:30,40.808956,-73.94041,0,0,0,0,4080,-7394,0.41116751269035534
2021-05-01T00:00:00.000,19:30,40.67711,-73.78129,0,0,0,0,4067,-7378,0.2
2021-05-01T00:00:00.000,23:34,40.85535,-73.91836,2,0,1,1,4085,-7391,0.373134328358209
2021-05-01T00:00:00.000,16:40,40.626663,-74.07565,0,0,0,0,4062,-7407,0.35714285714285715
2021-05-01T00:00:00.000,9:00,40.753788,-73.744286,0,0,0,0,4075,-7374,0.3333333333333333
2021-04-30T00:00:00.000,9:28,40.823082,-73.86722,0,0,0,0,4082,-7386,0.3493975903614458
2021-04-28T00:00:00.000,17:00,40.678543,-73.96855,1,0,1,1,4067,-7396,0.3466666666666667
2021-05-01T00:00:00.000,21:03,40.691452,-73.733955,2,0,1,1,4069,-7373,0.36585365853658536
2021-05-01T00:00:00.000,20:37,40.853443,-73.856094,0,0,0,0,4085,-7385,0.3125
2021-05-01T00:00:00.000,14:28,40.681503,-73.904106,1,0,1,1,4068,-7390,0.4421052631578947
2021-04-27T00:00:00.000,5:00,40.729134,-73.931015,0,0,0,0,4072,-7393,0.36507936507936506
2021-05-01T00:00:00.000,18:04,40.70412,-73.85405,1,0,1,1,4070,-7385,0.39436619718309857
2021-05-01T00:00:00.000,22:20,40.854923,-73.82636,0,0,0,0,4085,-7382,0.45714285714285713
2021-09-18T00:00:00.000,19:13,40.68419,-73.8703,0,0,0,0,4068,-7387,0.24719101123595505
2021-09-18T00:00:00.000,23:10,40.82017,-73.91591,1,0,1,1,4082,-7391,0.3355263157894737
2021-04-30T00:00:00.000,4:00,40.583042,-74.096176,0,0,0,0,4058,-7409,0.15625
2021-05-01T00:00:00.000,21:55,40.838844,-73.83588,1,0,1,1,4083,-7383,0.36363636363636365
2021-05-01T00:00:00.000,23:00,40.708935,-73.77721,1,0,1,1,4070,-7377,0.2413793103448276
2021-04-30T00:00:00.000,17:13,40.815304,-73.94371,0,0,0,0,4081,-7394,0.38
2021-05-01T00:00:00.000,16:26,40.724014,-73.95562,0,0,0,0,4072,-7395,0.22093023255813954
2021-05-01T00:00:00.000,16:35,40.699512,-73.81461,2,0,1,1,4069,-7381,0.3902439024390244
2021-05-01T00:00:00.000,22:55,40.747334,-73.955055,0,0,0,0,4074,-7395,0.35185185185185186
2021-05-01T00:00:00.000,17:17,40.640995,-73.9693,1,0,1,1,4064,-7396,0.4714285714285714
2021-05-01T00:00:00.000,23:00,40.892513,-73.84543,1,0,1,1,4089,-7384,0.3333333333333333
2021-04-29T00:00:00.000,1:27,40.846237,-73.91818,1,0,1,1,4084,-7391,0.32558139534883723
2021-05-01T00:00:00.000,9:45,40.802753,-73.93358,0,0,0,0,4080,-7393,0.36312849162011174
2021-04-21T00:00:00.000,18:00,40.69382,-73.72694,0,0,0,0,4069,-7372,0.40425531914893614
2021-05-01T00:00:00.000,0:55,40.68549,-73.924255,0,0,0,0,4068,-7392,0.2542372881355932
2021-04-29T00:00:00.000,17:05,40.747375,-73.88648,1,0,1,1,4074,-7388,0.2978723404255319
2021-04-30T00:00:00.000,0:09,40.61021,-74.13326,1,0,1,1,4061,-7413,0.23076923076923078
2021-05-01T00:00:00.000,4:00,40.838238,-73.876686,0,0,0,0,4083,-7387,0.38414634146341464
2021-05-01T00:00:00.000,13:30,40.7963,-73.93829,0,0,0,0,4079,-7393,0.36585365853658536
2021-04-29T00:00:00.000,8:40,40.834423,-73.879265,1,0,1,1,4083,-7387,0.38414634146341464
2021-05-01T00:00:00.000,16:30,40.824707,-73.91552,1,0,1,1,4082,-7391,0.3355263157894737
2021-05-01T00:00:00.000,16:50,40.665997,-73.81648,2,0,1,1,4066,-7381,0.4716981132075472
2021-05-01T00:00:00.000,16:40,40.7493,-73.89758,1,0,1,1,4074,-7389,0.3203125
2021-05-01T00:00:00.000,18:37,40.590187,-73.95383,0,0,0,0,4059,-7395,0.3181818181818182
2021-04-28T00:00:00.000,22:30,40.79162,-73.94885,0,0,0,0,4079,-7394,0.3523809523809524
2021-05-01T00:00:00.000,21:25,40.575615,-74.16678,1,0,1,1,4057,-7416,0.36363636363636365
2021-05-01T00:00:00.000,17:50,40.720936,-73.993805,1,0,1,1,4072,-7399,0.3829787234042553
2021-05-01T00:00:00.000,15:30,40.68843,-73.89132,0,0,0,0,4068,-7389,0.5
2021-05-01T00:00:00.000,22:55,40.71175,-73.9558,0,0,0,0,4071,-7395,0.36585365853658536
2021-05-01T00:00:00.000,15:15,40.843903,-73.9427,0,0,0,0,4084,-7394,0.17543859649122806
2021-05-01T00:00:00.000,4:40,40.644753,-73.92493,2,0,1,1,4064,-7392,0.4077669902912621
2021-05-01T00:00:00.000,22:30,40.678257,-74.002235,2,0,1,1,4067,-7400,0.20967741935483872
2021-05-01T00:00:00.000,13:54,40.7613,-73.999435,0,0,0,0,4076,-7399,0.3275862068965517
2021-05-01T00:00:00.000,10:50,40.788895,-73.81869,0,0,0,0,4078,-7381,0.22580645161290322
2021-04-24T00:00:00.000,11:00,40.73284,-73.883835,0,0,0,0,4073,-7388,0.2777777777777778
2021-05-01T00:00:00.000,14:00,40.758705,-73.93793,0,0,0,0,4075,-7393,0.43478260869565216
2021-04-30T00:00:00.000,18:20,40.868805,-73.89055,0,0,0,0,4086,-7389,0.40606060606060607
2021-05-01T00:00:00.000,4:30,40.666286,-73.95084,1,0,1,1,4066,-7395,0.44375
2021-05-01T00:00:00.000,17:50,40.644753,-73.92493,2,0,1,1,4064,-7392,0.4077669902912621
2021-05-01T00:00:00.000,22:24,40.689827,-73.75728,1,0,1,1,4068,-7375,0.3877551020408163
2021-04-30T00:00:00.000,3:18,40.707466,-73.7887,0,0,0,0,4070,-7378,0.34523809523809523
2021-05-01T00:00:00.000,17:53,40.60567,-74.030945,2,0,1,1,4060,-7403,0.3
2021-05-01T00:00:00.000,15:30,40.78722,-73.96793,0,0,0,0,4078,-7396,0.28125
2021-05-01T00:00:00.000,23:45,40.74255,-73.93116,0,0,0,0,4074,-7393,0.3333333333333333
2021-05-01T00:00:00.000,12:00,40.61927,-73.99203,2,0,1,1,4061,-7399,0.29411764705882354
2021-05-01T00:00:00.000,13:30,40.71568,-73.94061,0,0,0,0,4071,-7394,0.3710691823899371
2021-05-01T00:00:00.000,7:10,40.69365,-73.98333,0,0,0,0,4069,-7398,0.3229166666666667
2021-05-01T00:00:00.000,22:38,40.610947,-73.953606,1,0,1,1,4061,-7395,0.4461538461538462
2021-05-01T00:00:00.000,9:00,40.66848,-73.81088,0,0,0,0,4066,-7381,0.4716981132075472
2021-09-14T00:00:00.000,16:00,40.736988,-73.8646,0,0,0,0,4073,-7386,0.3464566929133858
2021-05-01T00:00:00.000,8:39,40.83923,-73.94555,0,0,0,0,4083,-7394,0.38926174496644295
2021-05-01T00:00:00.000,13:20,40.7185,-73.73531,1,0,1,1,4071,-7373,0.25
2021-04-26T00:00:00.000,12:17,40.809227,-73.94891,0,0,0,0,4080,-7394,0.41116751269035534
2021-04-30T00:00:00.000,22:45,40.711823,-73.78786,0,0,0,0,4071,-7378,0.32653061224489793
2021-05-01T00:00:00.000,17:00,40.753056,-73.921455,1,0,1,1,4075,-7392,0.48148148148148145
2021-05-01T00:00:00.000,0:00,40.727493,-73.993484,0,0,0,0,4072,-7399,0.3829787234042553
2021-05-01T00:00:00.000,1:00,40.747375,-73.88648,0,0,0,0,4074,-7388,0.2978723404255319
2021-05-01T00:00:00.000,13:30,40.836617,-73.87377,0,0,0,0,4083,-7387,0.38414634146341464
2021-05-01T00:00:00.000,14:40,40.665794,-73.97752,0,0,0,0,4066,-7397,0.24390243902439024
2021-05-01T00:00:00.000,20:11,40.740517,-73.89236,0,0,0,0,4074,-7389,0.3203125
2021-05-01T00:00:00.000,8:15,40.640064,-74.01557,0,0,0,0,4064,-7401,0.4295774647887324
2021-04-28T00:00:00.000,21:30,40.80777,-73.94549,1,0,1,1,4080,-7394,0.41116751269035534
2021-05-01T00:00:00.000,17:30,40.67922,-73.86141,1,0,1,1,4067,-7386,0.3431372549019608
2021-05-01T00:00:00.000,12:00,40.694534,-73.74783,0,0,0,0,4069,-7374,0.46774193548387094
2021-05-01T00:00:00.000,18:40,40.725956,-73.788315,0,0,0,0,4072,-7378,0.4
2021-05-01T00:00:00.000,19:50,40.56347,-74.18102,1,0,1,1,4056,-7418,0.2
2021-05-01T00:00:00.000,19:00,40.68159,-73.74459,3,0,1,1,4068,-7374,0.29411764705882354
2021-05-01T00:00:00.000,17:00,40.743137,-73.82973,1,0,1,1,4074,-7382,0.4057971014492754
2021-05-01T00:00:00.000,11:10,40.74457,-73.731575,0,0,0,0,4074,-7373,0.4
2021-05-01T00:00:00.000,16:40,40.74044,-73.9946,1,0,1,1,4074,-7399,0.3333333333333333
2021-04-22T00:00:00.000,10:55,40.73715,-73.98859,1,0,1,1,4073,-7398,0.36942675159235666
2021-05-01T00:00:00.000,4:30,40.779182,-73.826675,0,0,0,0,4077,-7382,0.4444444444444444
2021-05-01T00:00:00.000,16:30,40.670357,-73.74291,0,0,0,0,4067,-7374,0.2619047619047619
2021-05-01T00:00:00.000,11:04,40.700024,-73.81182,0,0,0,0,4070,-7381,0.3194444444444444
2021-04-29T00:00:00.000,17:17,40.81644,-73.86695,0,0,0,0,4081,-7386,0.23333333333333334
2021-04-29T00:00:00.000,16:00,40.58664,-74.19173,0,0,0,0,4058,-7419,0.0
2021-04-28T00:00:00.000,22:20,40.82851,-73.88012,2,0,1,1,4082,-7388,0.27624309392265195
2021-05-01T00:00:00.000,17:35,40.764347,-73.82595,0,0,0,0,4076,-7382,0.2987012987012987
2021-04-29T00:00:00.000,13:50,40.78393,-73.94423,0,0,0,0,4078,-7394,0.33513513513513515
2021-05-01T00:00:00.000,11:10,40.750763,-73.97446,1,0,1,1,4075,-7397,0.375886524822695
2021-05-01T00:00:00.000,7:00,40.698963,-73.91864,0,0,0,0,4069,-7391,0.2709677419354839
2021-04-29T00:00:00.000,10:20,40.810047,-73.92515,0,0,0,0,4081,-7392,0.4714285714285714
2021-05-01T00:00:00.000,12:45,40.6894,-73.72711,0,0,0,0,4068,-7372,0.375
2021-05-01T00:00:00.000,15:00,40.832756,-73.88599,0,0,0,0,4083,-7388,0.26717557251908397
2021-04-29T00:00:00.000,22:53,40.788685,-73.94386,0,0,0,0,4078,-7394,0.33513513513513515
2021-05-01T00:00:00.000,18:20,40.826057,-73.89722,1,0,1,1,4082,-7389,0.37423312883435583
2021-05-01T00:00:00.000,12:05,40.610706,-73.99771,1,0,1,1,4061,-7399,0.29411764705882354
2021-05-01T00:00:00.000,18:30,40.7227,-73.98787,0,0,0,0,4072,-7398,0.4342105263157895
2021-05-01T00:00:00.000,8:00,40.89675,-73.85988,1,0,1,1,4089,-7385,0.3813559322033898
2021-05-01T00:00:00.000,22:46,40.705246,-73.95908,3,0,1,1,4070,-7395,0.3475177304964539
2021-05-01T00:00:00.000,11:56,40.756264,-73.823524,1,0,1,1,4075,-7382,0.4915254237288136
2021-04-25T00:00:00.000,12:25,40.734093,-73.952286,1,0,1,1,4073,-7395,0.30434782608695654
2021-04-24T00:00:00.000,5:25,40.698185,-73.9374,0,0,0,0,4069,-7393,0.3141025641025641
2021-04-30T00:00:00.000,6:45,40.596767,-74.16523,0,0,0,0,4059,-7416,0.29411764705882354
2021-05-01T00:00:00.000,20:40,40.685844,-73.94732,1,0,1,1,4068,-7394,0.4409448818897638
2021-04-30T00:00:00.000,11:21,40.812725,-73.94931,0,0,0,0,4081,-7394,0.38
2021-04-19T00:00:00.000,5:30,40.836945,-73.86342,0,0,0,0,4083,-7386,0.24822695035460993
2021-05-01T00:00:00.000,3:00,40.66737,-73.78266,1,0,1,1,4066,-7378,0.34615384615384615
2021-04-03T00:00:00.000,15:12,40.87626,-73.90395,2,0,1,1,4087,-7390,0.3184713375796178
2021-05-01T00:00:00.000,0:01,40.6224,-73.936646,0,0,0,0,4062,-7393,0.4444444444444444
2021-05-01T00:00:00.000,19:30,40.656578,-73.96009,0,0,0,0,4065,-7396,0.3939393939393939
2021-04-19T00:00:00.000,7:30,40.61313,-74.00773,0,0,0,0,4061,-7400,0.3076923076923077
2021-05-01T00:00:00.000,10:00,40.648117,-73.97135,0,0,0,0,4064,-7397,0.4095238095238095
2021-05-01T00:00:00.000,2:20,40.71142,-73.95313,0,0,0,0,4071,-7395,0.36585365853658536
2021-05-01T00:00:00.000,18:11,40.858868,-73.86952,1,0,1,1,4085,-7386,0.33766233766233766
2021-04-27T00:00:00.000,23:40,40.651546,-73.95257,1,0,1,1,4065,-7395,0.38686131386861317
2021-05-01T00:00:00.000,14:43,40.889786,-73.83487,0,0,0,0,4088,-7383,0.3448275862068966
2021-05-01T00:00:00.000,10:45,40.651108,-73.94283,2,0,1,1,4065,-7394,0.43137254901960786
2021-05-01T00:00:00.000,13:02,40.72538,-74.00011,0,0,0,0,4072,-7400,0.32926829268292684
2021-05-01T00:00:00.000,10:10,40.599525,-73.96128,0,0,0,0,4059,-7396,0.38596491228070173
2021-04-30T00:00:00.000,18:10,40.68302,-73.85604,0,0,0,0,4068,-7385,0.43103448275862066
2021-05-01T00:00:00.000,1:05,40.844917,-73.926384,0,0,0,0,4084,-7392,0.3181818181818182
2021-05-01T00:00:00.000,23:15,40.70644,-73.75973,1,0,1,1,4070,-7375,0.4117647058823529
2021-05-01T00:00:00.000,20:42,40.777874,-73.95175,1,0,1,1,4077,-7395,0.3384615384615385
2021-05-01T00:00:00.000,15:12,40.85638,-73.83799,0,0,0,0,4085,-7383,0.25
2021-05-01T00:00:00.000,17:03,40.748432,-73.982475,0,0,0,0,4074,-7398,0.40131578947368424
2021-05-01T00:00:00.000,0:00,40.81458,-73.94795,0,0,0,0,4081,-7394,0.38
2021-05-01T00:00:00.000,18:20,40.576504,-74.1037,1,0,1,1,4057,-7410,0.3877551020408163
2021-04-27T00:00:00.000,17:45,40.672688,-73.73544,1,0,1,1,4067,-7373,0.46835443037974683
2021-05-01T00:00:00.000,7:00,40.697433,-73.898605,0,0,0,0,4069,-7389,0.3709677419354839
2021-05-01T00:00:00.000,19:45,40.71906,-73.812126,1,0,1,1,4071,-7381,0.3448275862068966
2021-05-01T00:00:00.000,23:01,40.63682,-73.90218,1,0,1,1,4063,-7390,0.3561643835616438
2021-05-01T00:00:00.000,9:31,40.586475,-74.0703,0,0,0,0,4058,-7407,0.75
2021-04-30T00:00:00.000,17:20,40.6041,-74.06908,0,0,0,0,4060,-7406,0.3076923076923077
2021-05-01T00:00:00.000,23:05,40.856792,-73.91742,1,0,1,1,4085,-7391,0.373134328358209
2021-05-01T00:00:00.000,18:45,40.769737,-73.91244,4,0,1,1,4076,-7391,0.40476190476190477
2021-09-18T00:00:00.000,23:45,40.66551,-73.95315,0,0,0,0,4066,-7395,0.44375
2021-09-18T00:00:00.000,16:12,40.72709,-73.97665,1,0,1,1,4072,-7397,0.3283582089552239
2021-09-18T00:00:00.000,6:20,40.859642,-73.899826,0,0,0,0,4085,-7389,0.3353658536585366
2021-09-18T00:00:00.000,13:30,40.82129,-73.86605,0,0,0,0,4082,-7386,0.3493975903614458
2021-09-18T00:00:00.000,16:30,40.665478,-73.748795,1,0,1,1,4066,-7374,0.3698630136986301
2021-09-17T00:00:00.000,6:32,40.61334,-74.01109,0,0,0,0,4061,-7401,0.2972972972972973
2021-09-18T00:00:00.000,1:14,40.650566,-74.00462,0,0,0,0,4065,-7400,0.41509433962264153
2021-09-18T00:00:00.000,5:00,40.60779,-73.99136,0,0,0,0,4060,-7399,0.31683168316831684
2021-09-16T00:00:00.000,6:50,40.840733,-73.85304,0,0,0,0,4084,-7385,0.32727272727272727
2021-09-18T00:00:00.000,16:50,40.817795,-73.89319,1,0,1,1,4081,-7389,0.31543624161073824
2021-09-18T00:00:00.000,22:57,40.5774,-73.95404,1,0,1,1,4057,-7395,0.47368421052631576
2021-09-18T00:00:00.000,1:15,40.758743,-73.96863,1,0,1,1,4075,-7396,0.4788732394366197
2021-09-12T00:00:00.000,19:20,40.516838,-74.24085,0,0,0,0,4051,-7424,0.21428571428571427
2021-09-17T00:00:00.000,17:34,40.76838,-73.99281,1,0,1,1,4076,-7399,0.3275862068965517
2021-09-18T00:00:00.000,15:30,40.854664,-73.85707,0,0,0,0,4085,-7385,0.3125
2021-09-11T00:00:00.000,13:30,40.87296,-73.87495,0,0,0,0,4087,-7387,0.297029702970297
2021-09-17T00:00:00.000,11:40,40.616413,-74.103516,0,0,0,0,4061,-7410,0.6363636363636364
2021-09-18T00:00:00.000,18:23,40.708504,-73.81954,1,0,1,1,4070,-7381,0.3194444444444444
2021-09-18T00:00:00.000,10:30,40.70694,-74.01353,1,0,1,1,4070,-7401,0.140625
2021-09-18T00:00:00.000,6:00,40.70778,-73.79341,1,0,1,1,4070,-7379,0.3978494623655914
2021-09-18T00:00:00.000,17:16,40.8703,-73.839905,2,0,1,1,4087,-7383,0.3333333333333333
2021-09-17T00:00:00.000,9:00,40.750126,-73.86999,0,0,0,0,4075,-7386,0.33653846153846156
2021-09-18T00:00:00.000,16:10,40.609947,-73.92227,0,0,0,0,4060,-7392,0.3333333333333333
2021-09-18T00:00:00.000,1:33,40.846165,-73.929146,5,0,1,1,4084,-7392,0.3181818181818182
2021-09-09T00:00:00.000,0:40,40.54997,-74.21127,0,0,0,0,4054,-7421,0.4
2021-09-18T00:00:00.000,10:00,40.6266,-74.16119,0,0,0,0,4062,-7416,0.24444444444444444
2021-09-18T00:00:00.000,6:10,40.69993,-73.96188,1,0,1,1,4069,-7396,0.325
2021-09-11T00:00:00.000,14:10,40.829502,-73.87462,1,0,1,1,4082,-7387,0.33544303797468356
2021-09-18T00:00:00.000,4:30,40.85407,-73.89932,0,0,0,0,4085,-7389,0.3353658536585366
2021-09-18T00:00:00.000,3:43,40.873383,-73.88938,0,0,0,0,4087,-7388,0.3561643835616438
2021-09-18T00:00:00.000,23:15,40.66605,-73.81525,0,0,0,0,4066,-7381,0.4716981132075472
2021-09-18T00:00:00.000,12:30,40.850224,-73.88257,3,0,1,1,4085,-7388,0.3
2021-09-15T00:00:00.000,18:30,40.70638,-73.79998,0,0,0,0,4070,-7379,0.3978494623655914
2021-09-18T00:00:00.000,17:12,40.848118,-73.93089,0,0,0,0,4084,-7393,0.32786885245901637
2021-09-18T00:00:00.000,20:22,40.63311,-73.97217,1,0,1,1,4063,-7397,0.36893203883495146
2021-09-18T00:00:00.000,12:20,40.735023,-73.761444,0,0,0,0,4073,-7376,0.2857142857142857
2021-09-16T00:00:00.000,18:40,40.715927,-73.80889,2,0,1,1,4071,-7380,0.42105263157894735
2021-09-18T00:00:00.000,20:20,40.714825,-73.95882,1,0,1,1,4071,-7395,0.36585365853658536
2021-09-18T00:00:00.000,8:43,40.752888,-73.96374,0,0,0,0,4075,-7396,0.4788732394366197
2021-09-18T00:00:00.000,12:00,40.74549,-73.95318,0,0,0,0,4074,-7395,0.35185185185185186
2021-09-18T00:00:00.000,4:00,40.64485,-73.96002,1,0,1,1,4064,-7396,0.4714285714285714
2021-09-18T00:00:00.000,3:30,40.631283,-74.13131,0,0,0,0,4063,-7413,0.2903225806451613
2021-09-18T00:00:00.000,18:10,40.801865,-73.94136,2,0,1,1,4080,-7394,0.41116751269035534
2021-09-06T00:00:00.000,14:00,40.68644,-73.97251,0,0,0,0,4068,-7397,0.3412322274881517
2021-09-18T00:00:00.000,19:25,40.65065,-73.952866,1,0,1,1,4065,-7395,0.38686131386861317
2021-09-18T00:00:00.000,1:00,40.744587,-73.81966,0,0,0,0,4074,-7381,0.46153846153846156
2021-09-14T00:00:00.000,22:20,40.870132,-73.90161,0,0,0,0,4087,-7390,0.3184713375796178
2021-09-18T00:00:00.000,20:55,40.594738,-73.95176,0,0,0,0,4059,-7395,0.3181818181818182
2021-09-18T00:00:00.000,0:30,40.644493,-73.94698,0,0,0,0,4064,-7394,0.42342342342342343
2021-09-18T00:00:00.000,18:15,40.66005,-73.89496,1,0,1,1,4066,-7389,0.3103448275862069
2021-09-18T00:00:00.000,1:50,40.681473,-73.72776,1,0,1,1,4068,-7372,0.375
2021-09-18T00:00:00.000,12:15,40.77529,-73.953636,1,0,1,1,4077,-7395,0.3384615384615385
2021-09-18T00:00:00.000,22:23,40.770496,-73.87481,0,0,0,0,4077,-7387,0.35714285714285715
2021-09-18T00:00:00.000,19:08,40.74226,-73.89071,0,0,0,0,4074,-7389,0.3203125
2021-09-17T00:00:00.000,0:22,40.7178,-73.80358,4,0,1,1,4071,-7380,0.42105263157894735
2021-09-18T00:00:00.000,4:33,40.61944,-74.018196,0,0,0,0,4061,-7401,0.2972972972972973
2021-09-18T00:00:00.000,17:01,40.845642,-73.90211,1,0,1,1,4084,-7390,0.366120218579235
2021-09-18T00:00:00.000,23:56,40.765675,-73.97624,0,0,0,0,4076,-7397,0.37
2021-09-18T00:00:00.000,21:43,40.696938,-73.72752,1,0,1,1,4069,-7372,0.40425531914893614
2021-09-18T00:00:00.000,5:50,40.764267,-73.722946,1,0,1,1,4076,-7372,0.3333333333333333
2021-09-18T00:00:00.000,22:13,40.854588,-73.90187,1,0,1,1,4085,-7390,0.42207792207792205
2021-08-21T00:00:00.000,23:00,40.70242,-73.9867,0,0,0,0,4070,-7398,0.21568627450980393
2021-09-18T00:00:00.000,16:00,40.815872,-73.9257,0,0,0,0,4081,-7392,0.4714285714285714
2021-09-18T00:00:00.000,19:24,40.8377102,-73.845465,1,0,1,1,4083,-7384,0.22727272727272727
2021-09-18T00:00:00.000,16:00,40.709026,-73.81333,0,0,0,0,4070,-7381,0.3194444444444444
2021-08-16T00:00:00.000,8:02,40.70206,-73.99262,0,0,0,0,4070,-7399,0.21052631578947367
2021-09-17T00:00:00.000,13:33,40.786175,-73.9457,1,0,1,1,4078,-7394,0.33513513513513515
2021-09-08T00:00:00.000,17:45,40.673107,-73.99959,0,0,0,0,4067,-7399,0.3258426966292135
2021-09-18T00:00:00.000,11:09,40.73635,-73.97502,2,0,1,1,4073,-7397,0.32558139534883723
2021-09-17T00:00:00.000,23:30,40.740437,-73.87316,0,0,0,0,4074,-7387,0.25663716814159293
2021-09-18T00:00:00.000,8:45,40.719368,-73.836006,0,0,0,0,4071,-7383,0.37349397590361444
2021-09-18T00:00:00.000,22:05,40.69365,-73.98333,4,0,1,1,4069,-7398,0.3229166666666667
2021-09-16T00:00:00.000,22:15,40.814358,-73.94067,0,0,0,0,4081,-7394,0.38
2021-09-18T00:00:00.000,15:39,40.73609,-73.871765,1,0,1,1,4073,-7387,0.3140495867768595
2021-09-18T00:00:00.000,21:10,40.835873,-73.8699,0,0,0,0,4083,-7386,0.24822695035460993
2021-09-18T00:00:00.000,20:05,40.814266,-73.912964,1,0,1,1,4081,-7391,0.47244094488188976
2021-09-18T00:00:00.000,0:15,40.75763,-73.865685,0,0,0,0,4075,-7386,0.33653846153846156
2021-09-10T00:00:00.000,12:31,40.87664,-73.90139,1,0,1,1,4087,-7390,0.3184713375796178
2021-09-18T00:00:00.000,17:05,40.605377,-73.98211,1,0,1,1,4060,-7398,0.2711864406779661
2021-09-01T00:00:00.000,15:30,40.73104,-73.99961,0,0,0,0,4073,-7399,0.423728813559322
2021-09-12T00:00:00.000,20:30,40.734657,-73.86482,0,0,0,0,4073,-7386,0.3464566929133858
2021-09-15T00:00:00.000,8:00,40.563915,-74.11637,1,0,1,1,4056,-7411,0.3448275862068966
2021-09-18T00:00:00.000,14:30,40.67909,-73.90829,1,0,1,1,4067,-7390,0.3282442748091603
2021-09-01T00:00:00.000,18:55,40.671185,-73.94204,1,0,1,1,4067,-7394,0.34074074074074073
2021-09-17T00:00:00.000,9:40,40.734768,-73.87459,1,0,1,1,4073,-7387,0.3140495867768595
2021-09-18T00:00:00.000,0:50,40.619442,-73.91906,0,0,0,0,4061,-7391,0.358974358974359
2021-09-13T00:00:00.000,8:45,40.563755,-74.17759,0,0,0,0,4056,-7417,0.5
2021-09-18T00:00:00.000,21:50,40.651863,-73.86536,0,0,0,0,4065,-7386,0.36619718309859156
2021-09-18T00:00:00.000,10:55,40.87321,-73.8671,0,0,0,0,4087,-7386,0.3142857142857143
2021-09-18T00:00:00.000,16:00,40.76316,-73.8164,0,0,0,0,4076,-7381,0.4716981132075472
2021-09-18T00:00:00.000,23:35,40.780354,-73.80233,0,0,0,0,4078,-7380,0.30434782608695654
2021-09-12T00:00:00.000,11:00,40.537365,-74.21193,0,0,0,0,4053,-7421,0.0
2021-09-18T00:00:00.000,21:45,40.76803,-73.87722,1,0,1,1,4076,-7387,0.48214285714285715
2021-08-26T00:00:00.000,6:00,40.69203,-73.94565,0,0,0,0,4069,-7394,0.417910447761194
2021-09-18T00:00:00.000,9:30,40.883778,-73.89405,1,0,1,1,4088,-7389,0.4626865671641791
2021-09-10T00:00:00.000,18:15,40.69423,-73.94608,1,0,1,1,4069,-7394,0.417910447761194
2021-09-18T00:00:00.000,0:45,40.82463,-73.91059,1,0,1,1,4082,-7391,0.3355263157894737
2021-09-18T00:00:00.000,12:19,40.85543,-73.855354,0,0,0,0,4085,-7385,0.3125
2021-09-18T00:00:00.000,4:15,40.704147,-73.807594,1,0,1,1,4070,-7380,0.3877551020408163
2021-09-08T00:00:00.000,11:30,40.73619,-74.008316,0,0,0,0,4073,-7400,0.2403846153846154
2021-09-18T00:00:00.000,4:40,40.59904,-73.92951,0,0,0,0,4059,-7392,0.375
2021-09-16T00:00:00.000,20:40,40.836155,-73.87179,0,0,0,0,4083,-7387,0.38414634146341464
2021-09-18T00:00:00.000,10:45,40.8213,-73.88033,0,0,0,0,4082,-7388,0.27624309392265195
2021-09-18T00:00:00.000,13:30,40.6754,-73.9887,1,0,1,1,4067,-7398,0.3655913978494624
2021-09-17T00:00:00.000,14:24,40.69691,-73.85745,1,0,1,1,4069,-7385,0.34
2021-08-31T00:00:00.000,19:00,40.71589,-73.99631,1,0,1,1,4071,-7399,0.3263157894736842
2021-09-09T00:00:00.000,20:40,40.76167,-73.77597,0,0,0,0,4076,-7377,0.20588235294117646
2021-09-18T00:00:00.000,17:30,40.79328,-73.801544,0,0,0,0,4079,-7380,0.2
2021-09-18T00:00:00.000,19:20,40.745667,-73.792496,1,0,1,1,4074,-7379,0.1
2021-09-18T00:00:00.000,2:25,40.846825,-73.89705,1,0,1,1,4084,-7389,0.33766233766233766
2021-09-18T00:00:00.000,13:45,40.679787,-73.847694,0,0,0,0,4067,-7384,0.28888888888888886
2021-09-18T00:00:00.000,16:02,40.585163,-73.95641,0,0,0,0,4058,-7395,0.3465346534653465
2021-09-12T00:00:00.000,22:39,40.879345,-73.91238,0,0,0,0,4087,-7391,0.25925925925925924
2021-09-18T00:00:00.000,8:30,40.770283,-73.82558,0,0,0,0,4077,-7382,0.4444444444444444
2021-05-02T00:00:00.000,21:35,40.66807,-73.80789,1,0,1,1,4066,-7380,0.40789473684210525
2021-09-18T00:00:00.000,12:40,40.59654,-73.76748,0,0,0,0,4059,-7376,0.23809523809523808
2021-09-18T00:00:00.000,20:11,40.797447,-73.94671,1,0,1,1,4079,-7394,0.3523809523809524
2021-09-17T00:00:00.000,15:40,40.766087,-73.97724,1,0,1,1,4076,-7397,0.37
2021-09-18T00:00:00.000,13:00,40.624474,-74.00668,0,0,0,0,4062,-7400,0.3150684931506849
2021-09-16T00:00:00.000,0:25,40.888596,-73.89068,0,0,0,0,4088,-7389,0.4626865671641791
2021-09-18T00:00:00.000,22:20,40.780464,-73.94404,0,0,0,0,4078,-7394,0.33513513513513515
2021-09-18T00:00:00.000,2:55,40.716423,-74.00975,0,0,0,0,4071,-7400,0.25517241379310346
2021-09-18T00:00:00.000,23:00,40.66653,-73.806274,1,0,1,1,4066,-7380,0.40789473684210525
2021-09-13T00:00:00.000,12:46,40.692013,-73.98149,0,0,0,0,4069,-7398,0.3229166666666667
2021-09-18T00:00:00.000,18:54,40.64495,-73.9249,1,0,1,1,4064,-7392,0.4077669902912621
2021-09-18T00:00:00.000,15:46,40.665485,-73.75137,0,0,0,0,4066,-7375,0.3
2021-09-17T00:00:00.000,19:30,40.736267,-73.772865,0,0,0,0,4073,-7377,0.5789473684210527
2021-09-18T00:00:00.000,8:15,40.808445,-73.945,1,0,1,1,4080,-7394,0.41116751269035534
2021-09-18T00:00:00.000,15:49,40.60827,-73.94232,2,0,1,1,4060,-7394,0.5217391304347826
2021-09-18T00:00:00.000,23:37,40.712727,-73.72899,0,0,0,0,4071,-7372,0.40425531914893614
2021-09-18T00:00:00.000,21:28,40.666737,-73.78628,0,0,0,0,4066,-7378,0.34615384615384615
2021-09-18T00:00:00.000,14:30,40.73862,-73.8508,0,0,0,0,4073,-7385,0.3619047619047619
2021-09-18T00:00:00.000,15:08,40.578236,-73.99157,2,0,1,1,4057,-7399,0.32558139534883723
2021-09-18T00:00:00.000,10:04,40.605335,-73.75528,0,0,0,0,4060,-7375,0.17117117117117117
2021-09-17T00:00:00.000,14:00,40.559383,-74.15393,2,0,1,1,4055,-7415,0.3
2021-09-18T00:00:00.000,12:00,40.74128,-73.90257,3,0,1,1,4074,-7390,0.40625
2021-09-13T00:00:00.000,8:35,40.752472,-73.87818,0,0,0,0,4075,-7387,0.33884297520661155
2021-09-18T00:00:00.000,22:45,40.734314,-73.93803,2,0,1,1,4073,-7393,0.38461538461538464
2021-09-17T00:00:00.000,19:25,40.695004,-73.9525,1,0,1,1,4069,-7395,0.30952380952380953
2021-09-18T00:00:00.000,14:57,40.860237,-73.892845,1,0,1,1,4086,-7389,0.40606060606060607
2021-09-18T00:00:00.000,0:00,40.71997,-73.992905,0,0,0,0,4071,-7399,0.3263157894736842
2021-09-18T00:00:00.000,20:28,40.800507,-73.96798,2,0,1,1,4080,-7396,0.31343283582089554
2021-09-18T00:00:00.000,1:10,40.814594,-73.88588,0,0,0,0,4081,-7388,0.25471698113207547
2021-09-18T00:00:00.000,1:58,40.746883,-73.76348,2,0,1,1,4074,-7376,0.3333333333333333
2021-09-18T00:00:00.000,12:50,40.658577,-73.89063,0,0,0,0,4065,-7389,0.34965034965034963
2021-09-18T00:00:00.000,0:15,40.735664,-74.00162,1,0,1,1,4073,-7400,0.2403846153846154
2021-09-18T00:00:00.000,7:00,40.668186,-73.74111,0,0,0,0,4066,-7374,0.3698630136986301
2021-09-18T00:00:00.000,0:00,40.6333,-73.94812,1,0,1,1,4063,-7394,0.358974358974359
2021-09-13T00:00:00.000,0:01,40.64548,-74.087746,0,0,0,0,4064,-7408,0.2894736842105263
2021-09-18T00:00:00.000,14:13,40.820187,-73.890686,0,0,0,0,4082,-7389,0.37423312883435583
2021-09-18T00:00:00.000,12:00,40.700054,-73.92459,0,0,0,0,4070,-7392,0.24305555555555555
2021-09-04T00:00:00.000,5:45,40.559128,-74.16948,1,0,1,1,4055,-7416,0.5416666666666666
2021-09-18T00:00:00.000,10:09,40.694576,-73.95615,0,0,0,0,4069,-7395,0.30952380952380953
2021-09-18T00:00:00.000,15:45,40.677467,-73.86671,1,0,1,1,4067,-7386,0.3431372549019608
2021-09-18T00:00:00.000,19:50,40.73149,-73.84215,0,0,0,0,4073,-7384,0.2682926829268293
2021-09-01T00:00:00.000,16:00,40.734295,-74.00717,0,0,0,0,4073,-7400,0.2403846153846154
2021-09-18T00:00:00.000,0:00,40.878784,-73.87298,0,0,0,0,4087,-7387,0.297029702970297
2021-09-18T00:00:00.000,16:20,40.744465,-73.77179,0,0,0,0,4074,-7377,0.36363636363636365
2021-09-18T00:00:00.000,19:45,40.874485,-73.843,4,0,1,1,4087,-7384,0.47297297297297297
2021-09-04T00:00:00.000,14:45,40.62551,-74.07599,18,0,1,1,4062,-7407,0.35714285714285715
2021-09-18T00:00:00.000,9:00,40.726677,-73.90736,0,0,0,0,4072,-7390,0.2978723404255319
2021-09-18T00:00:00.000,17:22,40.778606,-73.84339,0,0,0,0,4077,-7384,0.125
2021-09-18T00:00:00.000,9:10,40.8314,-73.88783,0,0,0,0,4083,-7388,0.26717557251908397
2021-09-18T00:00:00.000,2:36,40.84497,-73.90247,1,0,1,1,4084,-7390,0.366120218579235
2021-09-18T00:00:00.000,4:50,40.71299,-73.94921,0,0,0,0,4071,-7394,0.3710691823899371
2020-09-20T00:00:00.000,9:14,40.722095,-73.77772,0,0,0,0,4072,-7377,0.375
2021-09-07T00:00:00.000,6:56,40.665154,-73.83366,1,0,1,1,4066,-7383,0.5
2021-09-14T00:00:00.000,3:00,40.879578,-73.879,0,0,0,0,4087,-7387,0.297029702970297
2021-09-10T00:00:00.000,12:00,40.694115,-73.79214,0,0,0,0,4069,-7379,0.25925925925925924
2021-09-18T00:00:00.000,2:10,40.75868,-73.87552,0,0,0,0,4075,-7387,0.33884297520661155
2021-09-13T00:00:00.000,22:55,40.821636,-73.93909,1,0,1,1,4082,-7393,0.36645962732919257
2021-09-15T00:00:00.000,18:55,40.576042,-73.99008,0,0,0,0,4057,-7399,0.32558139534883723
2021-09-18T00:00:00.000,4:52,40.59423,-73.908325,0,0,0,0,4059,-7390,0.23404255319148937
2021-09-01T00:00:00.000,19:28,40.738132,-74.008385,0,0,0,0,4073,-7400,0.2403846153846154
2021-09-18T00:00:00.000,2:43,40.685722,-73.85738,0,0,0,0,4068,-7385,0.43103448275862066
2021-09-18T00:00:00.000,20:00,40.66366,-73.90146,0,0,0,0,4066,-7390,0.2777777777777778
2021-08-27T00:00:00.000,13:00,40.692356,-73.94282,0,0,0,0,4069,-7394,0.417910447761194
2021-09-15T00:00:00.000,15:57,40.6867,-73.9982,0,0,0,0,4068,-7399,0.17857142857142858
2021-09-18T00:00:00.000,17:30,40.837246,-73.885704,0,0,0,0,4083,-7388,0.26717557251908397
2021-09-06T00:00:00.000,21:30,40.73509,-73.9956,1,0,1,1,4073,-7399,0.423728813559322
2021-09-18T00:00:00.000,20:00,40.743343,-73.97203,0,0,0,0,4074,-7397,0.4810810810810811
2021-09-18T00:00:00.000,16:38,40.865967,-73.8568,1,0,1,1,4086,-7385,0.5
2021-09-18T00:00:00.000,2:30,40.842438,-73.85377,0,0,0,0,4084,-7385,0.32727272727272727
2021-09-18T00:00:00.000,13:40,40.68488,-73.92311,0,0,0,0,4068,-7392,0.2542372881355932
2021-09-18T00:00:00.000,19:43,40.84353,-73.89401,1,0,1,1,4084,-7389,0.33766233766233766
2021-09-18T00:00:00.000,18:48,40.68962,-73.97313,2,0,1,1,4068,-7397,0.3412322274881517
2021-09-18T00:00:00.000,20:58,40.71475,-73.96105,1,0,1,1,4071,-7396,0.3218390804597701
2021-09-18T00:00:00.000,18:30,40.54977,-74.192116,1,0,1,1,4054,-7419,0.3333333333333333
2021-09-18T00:00:00.000,16:21,40.680088,-73.80177,1,0,1,1,4068,-7380,0.3829787234042553
2021-09-18T00:00:00.000,20:51,40.750317,-73.99112,0,0,0,0,4075,-7399,0.2830188679245283
2021-09-18T00:00:00.000,0:30,40.747242,-73.88766,0,0,0,0,4074,-7388,0.2978723404255319
2021-09-17T00:00:00.000,18:00,40.644127,-74.00417,0,0,0,0,4064,-7400,0.36764705882352944
2021-09-17T00:00:00.000,19:00,40.73619,-73.85806,0,0,0,0,4073,-7385,0.3619047619047619
2021-09-18T00:00:00.000,21:00,40.60853,-73.89788,0,0,0,0,4060,-7389,0.625
2021-09-16T00:00:00.000,11:00,40.882866,-73.90201,0,0,0,0,4088,-7390,0.2702702702702703
2021-09-18T00:00:00.000,10:45,40.717064,-73.944824,0,0,0,0,4071,-7394,0.3710691823899371
2021-09-18T00:00:00.000,1:00,40.556526,-74.13934,0,0,0,0,4055,-7413,0.2777777777777778
2021-09-18T00:00:00.000,0:00,40.746956,-73.890305,0,0,0,0,4074,-7389,0.3203125
2021-09-11T00:00:00.000,16:24,40.778656,-73.94764,0,0,0,0,4077,-7394,0.28
2021-09-18T00:00:00.000,14:25,40.86235,-73.89997,0,0,0,0,4086,-7389,0.40606060606060607
2021-09-18T00:00:00.000,14:05,40.868458,-73.8214,2,0,1,1,4086,-7382,0.3611111111111111
2021-12-09T00:00:00.000,14:45,40.817993,-73.93804,0,0,0,0,4081,-7393,0.32432432432432434
2021-12-08T00:00:00.000,16:38,40.79897,-73.93432,0,0,0,0,4079,-7393,0.36585365853658536
2021-12-08T00:00:00.000,12:15,40.696033,-73.984535,0,0,0,0,4069,-7398,0.3229166666666667
2021-12-08T00:00:00.000,7:00,40.694336,-73.741585,0,0,0,0,4069,-7374,0.46774193548387094
2021-12-08T00:00:00.000,18:10,40.664505,-73.90673,1,0,1,1,4066,-7390,0.2777777777777778
2021-12-10T00:00:00.000,16:15,40.751446,-74.001434,0,0,0,0,4075,-7400,0.3888888888888889
2021-12-09T00:00:00.000,16:15,40.76616,-73.82091,0,0,0,0,4076,-7382,0.2987012987012987
2021-12-08T00:00:00.000,17:00,40.7046,-73.81018,0,0,0,0,4070,-7381,0.3194444444444444
2021-12-09T00:00:00.000,13:00,40.69687,-73.799194,0,0,0,0,4069,-7379,0.25925925925925924
2024-02-02T00:00:00.000,8:40,40.651268,-73.97181,0,0,0,0,4065,-7397,0.4074074074074074
2023-08-04T00:00:00.000,1:17,40.669403,-73.94221,0,0,0,0,4066,-7394,0.36792452830188677
2024-04-27T00:00:00.000,21:00,40.82476,-73.89388,0,0,0,0,4082,-7389,0.37423312883435583
2021-05-02T00:00:00.000,10:15,40.718628,-74.00255,1,0,1,1,4071,-7400,0.25517241379310346
2021-04-17T00:00:00.000,16:20,40.62693,-74.0779,1,0,1,1,4062,-7407,0.35714285714285715
2021-04-17T00:00:00.000,22:12,40.632675,-74.116844,1,0,1,1,4063,-7411,0.20689655172413793
2021-05-02T00:00:00.000,1:15,40.663517,-73.758644,0,0,0,0,4066,-7375,0.3
2021-05-02T00:00:00.000,21:25,40.692097,-73.988976,1,0,1,1,4069,-7398,0.3229166666666667
2021-05-02T00:00:00.000,20:45,40.679005,-73.819595,1,0,1,1,4067,-7381,0.4230769230769231
2021-05-02T00:00:00.000,0:30,40.70509,-74.016464,0,0,0,0,4070,-7401,0.140625
2021-05-02T00:00:00.000,20:25,40.764988,-73.96116,1,0,1,1,4076,-7396,0.3023255813953488
2021-05-01T00:00:00.000,16:20,40.633255,-74.11196,0,0,0,0,4063,-7411,0.20689655172413793
2021-04-24T00:00:00.000,19:19,40.756264,-73.921196,0,0,0,0,4075,-7392,0.48148148148148145
2021-05-02T00:00:00.000,12:30,40.74284,-74.00028,0,0,0,0,4074,-7400,0.27710843373493976
2021-05-02T00:00:00.000,11:11,40.607857,-74.01442,0,0,0,0,4060,-7401,0.30357142857142855
2021-05-02T00:00:00.000,6:00,40.84551,-73.83422,2,0,1,1,4084,-7383,0.4318181818181818
2021-05-02T00:00:00.000,15:30,40.771347,-73.87097,2,0,1,1,4077,-7387,0.35714285714285715
2021-05-02T00:00:00.000,8:25,40.817844,-73.94185,0,0,0,0,4081,-7394,0.38
2021-05-02T00:00:00.000,12:10,40.82256,-73.87101,0,0,0,0,4082,-7387,0.33544303797468356
2021-05-02T00:00:00.000,1:30,40.623978,-73.92063,3,0,1,1,4062,-7392,0.3611111111111111
2021-05-02T00:00:00.000,6:39,40.691917,-73.75042,0,0,0,0,4069,-7375,0.3584905660377358
2021-05-02T00:00:00.000,3:23,40.63987,-73.950325,0,0,0,0,4063,-7395,0.48484848484848486
2021-05-02T00:00:00.000,14:40,40.63173,-74.1249,1,0,1,1,4063,-7412,0.36363636363636365
2021-05-01T00:00:00.000,21:35,40.82403,-73.94476,0,0,0,0,4082,-7394,0.3812154696132597
2021-05-02T00:00:00.000,18:00,40.668976,-73.90668,3,0,1,1,4066,-7390,0.2777777777777778
2021-05-02T00:00:00.000,18:15,40.73845,-73.8863,0,0,0,0,4073,-7388,0.2777777777777778
2021-05-02T00:00:00.000,2:40,40.758595,-73.87452,0,0,0,0,4075,-7387,0.33884297520661155
2021-05-02T00:00:00.000,15:06,40.788795,-73.93755,0,0,0,0,4078,-7393,0.4444444444444444
2021-05-02T00:00:00.000,23:05,40.636154,-73.9123,0,0,0,0,4063,-7391,0.5
2021-05-02T00:00:00.000,15:25,40.773006,-73.96033,0,0,0,0,4077,-7396,0.3695652173913043
2021-05-02T00:00:00.000,23:55,40.663204,-73.92247,0,0,0,0,4066,-7392,0.355
2021-05-02T00:00:00.000,16:22,40.751102,-73.8912,1,0,1,1,4075,-7389,0.4805194805194805
2021-05-02T00:00:00.000,23:28,40.83351,-73.85809,0,0,0,0,4083,-7385,0.30158730158730157
2021-05-02T00:00:00.000,10:25,40.6103,-73.959526,1,0,1,1,4061,-7395,0.4461538461538462
2021-05-02T00:00:00.000,12:30,40.686085,-73.982666,0,0,0,0,4068,-7398,0.3873239436619718
2021-05-02T00:00:00.000,2:10,40.69065,-73.81033,0,0,0,0,4069,-7381,0.3902439024390244
2021-05-02T00:00:00.000,10:40,40.689934,-73.842545,0,0,0,0,4068,-7384,0.3333333333333333
2021-04-25T00:00:00.000,18:45,40.561077,-74.16984,2,0,1,1,4056,-7416,0.35
2021-05-02T00:00:00.000,6:18,40.677753,-73.93028,1,0,1,1,4067,-7393,0.3755868544600939
2021-05-02T00:00:00.000,20:32,40.75108,-73.98686,1,0,1,1,4075,-7398,0.3170731707317073
2021-04-29T00:00:00.000,16:17,40.760403,-73.98748,1,0,1,1,4076,-7398,0.3081761006289308
2021-05-02T00:00:00.000,15:05,40.741993,-73.807304,0,0,0,0,4074,-7380,0.35294117647058826
2021-05-02T00:00:00.000,15:45,40.682148,-73.982864,1,0,1,1,4068,-7398,0.3873239436619718
2021-05-02T00:00:00.000,12:15,40.810024,-73.93754,0,0,0,0,4081,-7393,0.32432432432432434
2021-05-02T00:00:00.000,18:31,40.86241,-73.9225,2,0,1,1,4086,-7392,0.359375
2021-05-02T00:00:00.000,19:02,40.61692,-73.92152,0,0,0,0,4061,-7392,0.2982456140350877
2021-05-01T00:00:00.000,23:45,40.754986,-73.74535,0,0,0,0,4075,-7374,0.3333333333333333
2021-05-02T00:00:00.000,19:00,40.60095,-73.93716,0,0,0,0,4060,-7393,0.4117647058823529
2021-04-25T00:00:00.000,15:28,40.886395,-73.86125,0,0,0,0,4088,-7386,0.23809523809523808
2021-05-02T00:00:00.000,10:30,40.750244,-73.920135,1,0,1,1,4075,-7392,0.48148148148148145
2021-05-02T00:00:00.000,2:28,40.83096,-73.94947,0,0,0,0,4083,-7394,0.38926174496644295
2021-05-02T00:00:00.000,11:56,40.63989,-73.74272,0,0,0,0,4063,-7374,0.7142857142857143
2021-04-20T00:00:00.000,10:30,40.643017,-73.88968,0,0,0,0,4064,-7388,0.3225806451612903
2021-05-02T00:00:00.000,22:45,40.748013,-73.856834,0,0,0,0,4074,-7385,0.35526315789473684
2021-05-02T00:00:00.000,18:48,40.727722,-73.83151,3,0,1,1,4072,-7383,0.4909090909090909
2021-05-02T00:00:00.000,19:20,40.707966,-73.99975,0,0,0,0,4070,-7399,0.21052631578947367
2021-04-24T00:00:00.000,17:05,40.710117,-73.90423,0,0,0,0,4071,-7390,0.4
2021-05-02T00:00:00.000,2:20,40.787525,-73.79483,0,0,0,0,4078,-7379,0.42105263157894735
2021-04-25T00:00:00.000,12:50,40.762672,-73.97327,1,0,1,1,4076,-7397,0.37
2021-05-02T00:00:00.000,14:50,40.752415,-73.97838,0,0,0,0,4075,-7397,0.375886524822695
2021-05-02T00:00:00.000,18:57,40.667313,-73.73926,2,0,1,1,4066,-7373,0.44339622641509435
2021-04-29T00:00:00.000,11:53,40.645027,-73.91998,1,0,1,1,4064,-7391,0.39805825242718446
2021-05-02T00:00:00.000,2:50,40.828125,-73.84105,0,0,0,0,4082,-7384,0.3835616438356164
2021-04-30T00:00:00.000,12:12,40.611347,-74.08856,0,0,0,0,4061,-7408,0.30612244897959184
2021-05-02T00:00:00.000,19:00,40.70768,-73.74512,0,0,0,0,4070,-7374,0.3333333333333333
2021-05-02T00:00:00.000,21:27,40.802814,-73.90848,0,0,0,0,4080,-7390,0.36538461538461536
2021-04-24T00:00:00.000,20:15,40.75588,-73.92371,0,0,0,0,4075,-7392,0.48148148148148145
2021-05-02T00:00:00.000,16:00,40.666855,-73.75293,0,0,0,0,4066,-7375,0.3
2021-05-02T00:00:00.000,21:36,40.665398,-73.95093,3,0,1,1,4066,-7395,0.44375
2021-04-21T00:00:00.000,6:43,40.69366,-73.85217,2,0,1,1,4069,-7385,0.34
2021-05-02T00:00:00.000,16:48,40.602478,-73.96636,2,0,1,1,4060,-7396,0.5714285714285714
2021-05-01T00:00:00.000,2:25,40.762287,-73.97027,0,0,0,0,4076,-7397,0.37
2021-05-02T00:00:00.000,13:10,40.786,-73.84574,1,0,1,1,4078,-7384,0.23809523809523808
2021-05-02T00:00:00.000,11:30,40.634808,-73.94785,1,0,1,1,4063,-7394,0.358974358974359
2021-05-02T00:00:00.000,0:04,40.820305,-73.89083,0,0,0,0,4082,-7389,0.37423312883435583
2021-05-02T00:00:00.000,14:55,40.852734,-73.888084,0,0,0,0,4085,-7388,0.3
2022-09-17T00:00:00.000,0:15,40.5516,-74.190155,0,0,0,0,4055,-7419,0.36363636363636365
2021-05-02T00:00:00.000,10:50,40.721436,-73.81871,1,0,1,1,4072,-7381,0.2926829268292683
2021-05-02T00:00:00.000,16:15,40.73697,-73.980835,1,0,1,1,4073,-7398,0.36942675159235666
2021-05-02T00:00:00.000,14:50,40.62717,-73.96541,1,0,1,1,4062,-7396,0.375
2021-05-02T00:00:00.000,22:25,40.725266,-73.8266,0,0,0,0,4072,-7382,0.45454545454545453
2021-05-02T00:00:00.000,22:50,0.0,0.0,0,0,0,0,0,0,0.40425531914893614
2021-05-02T00:00:00.000,19:45,40.750416,-73.897736,3,0,1,1,4075,-7389,0.4805194805194805
2021-05-02T00:00:00.000,16:50,40.58493,-73.91434,0,0,0,0,4058,-7391,0.3888888888888889
2021-05-02T00:00:00.000,0:10,40.70313,-73.816795,0,0,0,0,4070,-7381,0.3194444444444444
2021-05-02T00:00:00.000,0:30,40.621017,-74.13181,1,0,1,1,4062,-7413,0.4074074074074074
2021-05-02T00:00:00.000,6:30,40.694065,-73.934425,0,0,0,0,4069,-7393,0.3141025641025641
2021-05-02T00:00:00.000,18:19,40.815304,-73.94371,1,0,1,1,4081,-7394,0.38
2021-05-02T00:00:00.000,2:50,40.83425,-73.82908,0,0,0,0,4083,-7382,0.44680851063829785
2021-05-02T00:00:00.000,22:00,40.828545,-73.8919,0,0,0,0,4082,-7389,0.37423312883435583
2021-04-30T00:00:00.000,14:00,40.649406,-73.97175,1,0,1,1,4064,-7397,0.4095238095238095
2021-05-02T00:00:00.000,11:30,40.78519,-73.94934,0,0,0,0,4078,-7394,0.33513513513513515
2021-04-28T00:00:00.000,11:50,40.65136,-73.86971,0,0,0,0,4065,-7386,0.36619718309859156
2021-05-02T00:00:00.000,20:23,40.85894,-73.922935,1,0,1,1,4085,-7392,0.22
2021-05-02T00:00:00.000,5:15,40.61847,-73.89746,0,0,0,0,4061,-7389,0.45454545454545453
2021-05-02T00:00:00.000,19:24,40.802498,-73.94092,1,0,1,1,4080,-7394,0.41116751269035534
2021-05-02T00:00:00.000,2:50,40.766685,-73.892136,3,0,1,1,4076,-7389,0.35185185185185186
2021-05-02T00:00:00.000,15:40,40.660175,-73.9282,0,0,0,0,4066,-7392,0.355
2021-05-02T00:00:00.000,20:15,40.62519,-73.96119,1,0,1,1,4062,-7396,0.375
2021-05-02T00:00:00.000,23:14,40.62894,-74.116196,9,0,1,1,4062,-7411,0.5238095238095238
2021-05-02T00:00:00.000,0:50,40.80655,-73.88632,0,0,0,0,4080,-7388,0.15789473684210525
2021-05-02T00:00:00.000,0:43,40.803593,-73.919785,0,0,0,0,4080,-7391,0.38961038961038963
2021-04-30T00:00:00.000,21:04,40.724308,-73.842575,0,0,0,0,4072,-7384,0.2711864406779661
2021-05-02T00:00:00.000,2:55,40.766434,-73.83767,1,0,1,1,4076,-7383,0.33695652173913043
2021-05-02T00:00:00.000,5:56,40.820095,-73.955086,0,0,0,0,4082,-7395,0.4117647058823529
2021-05-02T00:00:00.000,17:55,40.701103,-73.92239,0,0,0,0,4070,-7392,0.24305555555555555
2021-05-02T00:00:00.000,14:20,40.63682,-73.90218,1,0,1,1,4063,-7390,0.3561643835616438
2021-05-02T00:00:00.000,12:05,40.78694,-73.77558,1,0,1,1,4078,-7377,0.5384615384615384
2021-05-02T00:00:00.000,2:33,40.592636,-73.90362,0,0,0,0,4059,-7390,0.23404255319148937
2021-05-02T00:00:00.000,7:00,40.857117,-73.89907,0,0,0,0,4085,-7389,0.3353658536585366
2021-05-02T00:00:00.000,16:55,40.586716,-73.911194,0,0,0,0,4058,-7391,0.3888888888888889
2021-05-02T00:00:00.000,9:57,40.57299,-74.13636,1,0,1,1,4057,-7413,0.125
2021-05-02T00:00:00.000,15:45,40.689568,-73.98966,1,0,1,1,4068,-7398,0.3873239436619718
2021-05-02T00:00:00.000,19:15,40.786545,-73.95256,2,0,1,1,4078,-7395,0.42168674698795183
2021-05-02T00:00:00.000,7:15,40.62053,-74.0405,0,0,0,0,4062,-7404,0.5
2021-05-02T00:00:00.000,7:25,40.75415,-73.853424,1,0,1,1,4075,-7385,0.3048780487804878
2021-05-02T00:00:00.000,23:10,40.822834,-73.941925,5,0,1,1,4082,-7394,0.3812154696132597
2021-05-02T00:00:00.000,21:39,40.563915,-74.11637,0,1,2,1,4056,-7411,0.3448275862068966
2021-05-02T00:00:00.000,4:46,40.756725,-73.96,1,0,1,1,4075,-7395,0.38095238095238093
2021-05-02T00:00:00.000,12:15,40.63074,-73.973404,1,0,1,1,4063,-7397,0.36893203883495146
2021-05-02T00:00:00.000,21:12,40.763897,-73.95323,6,0,1,1,4076,-7395,0.3696969696969697
2021-05-02T00:00:00.000,15:35,40.68109,-73.90338,1,0,1,1,4068,-7390,0.4421052631578947
2021-05-02T00:00:00.000,15:46,40.607258,-73.96727,1,0,1,1,4060,-7396,0.5714285714285714
2021-04-30T00:00:00.000,19:45,40.62872,-74.16042,0,0,0,0,4062,-7416,0.24444444444444444
2021-05-02T00:00:00.000,12:00,40.585686,-73.81724,0,0,0,0,4058,-7381,0.1875
2021-05-02T00:00:00.000,22:40,40.822456,-73.88728,0,0,0,0,4082,-7388,0.27624309392265195
2021-05-02T00:00:00.000,13:30,40.676987,-73.91645,0,0,0,0,4067,-7391,0.36597938144329895
2021-05-02T00:00:00.000,19:20,40.878746,-73.84241,1,0,1,1,4087,-7384,0.47297297297297297
2021-05-02T00:00:00.000,16:20,40.73181,-73.84351,0,0,0,0,4073,-7384,0.2682926829268293
2021-04-30T00:00:00.000,17:30,40.65152,-73.909454,1,0,1,1,4065,-7390,0.375
2021-05-02T00:00:00.000,23:35,40.832863,-73.94204,1,0,1,1,4083,-7394,0.38926174496644295
2021-05-02T00:00:00.000,17:05,40.67625,-73.73627,1,0,1,1,4067,-7373,0.46835443037974683
2021-05-02T00:00:00.000,21:20,40.617924,-74.155785,1,0,1,1,4061,-7415,0.3333333333333333
2021-05-02T00:00:00.000,14:40,40.845882,-73.930435,1,0,1,1,4084,-7393,0.32786885245901637
2021-05-02T00:00:00.000,18:55,40.85927,-73.90931,1,0,1,1,4085,-7390,0.42207792207792205
2021-05-02T00:00:00.000,1:01,40.6944,-73.93066,0,0,0,0,4069,-7393,0.3141025641025641
2021-04-29T00:00:00.000,19:30,40.724136,-73.992615,0,0,0,0,4072,-7399,0.3829787234042553
2021-05-01T00:00:00.000,20:20,40.76275,-73.99692,1,0,1,1,4076,-7399,0.3275862068965517
2021-05-02T00:00:00.000,0:45,40.63137,-73.95746,0,0,0,0,4063,-7395,0.48484848484848486
2021-05-02T00:00:00.000,1:15,40.752506,-73.85593,0,0,0,0,4075,-7385,0.3048780487804878
2021-05-02T00:00:00.000,0:05,40.665916,-73.92547,1,0,1,1,4066,-7392,0.355
2021-05-02T00:00:00.000,0:00,40.866997,-73.902084,1,0,1,1,4086,-7390,0.42748091603053434
2021-05-02T00:00:00.000,20:40,40.573013,-73.993835,0,0,0,0,4057,-7399,0.32558139534883723
2021-05-02T00:00:00.000,13:55,40.666695,-73.961624,0,0,0,0,4066,-7396,0.4074074074074074
2021-05-02T00:00:00.000,19:25,40.682503,-73.82131,2,0,1,1,4068,-7382,0.41975308641975306
2021-05-02T00:00:00.000,18:00,40.68049,-73.774704,0,0,0,0,4068,-7377,0.3673469387755102
2021-05-02T00:00:00.000,18:33,40.714996,-73.81022,0,0,0,0,4071,-7381,0.3448275862068966
2021-05-02T00:00:00.000,1:40,40.836605,-73.93931,0,0,0,0,4083,-7393,0.3333333333333333
2021-05-02T00:00:00.000,0:00,40.75249,-73.85592,0,0,0,0,4075,-7385,0.3048780487804878
2021-05-02T00:00:00.000,2:31,40.746338,-73.896194,0,0,0,0,4074,-7389,0.3203125
2021-05-02T00:00:00.000,23:50,40.74005,-73.86622,2,0,1,1,4074,-7386,0.3813559322033898
2021-04-17T00:00:00.000,16:06,40.85493,-73.82617,0,0,0,0,4085,-7382,0.45714285714285713
2021-05-02T00:00:00.000,11:24,40.84969,-73.86582,0,0,0,0,4084,-7386,0.375
2021-04-27T00:00:00.000,8:32,40.808956,-73.94041,1,0,1,1,4080,-7394,0.41116751269035534
2021-05-02T00:00:00.000,3:30,40.708904,-73.95926,1,0,1,1,4070,-7395,0.3475177304964539
2021-05-02T00:00:00.000,13:10,40.824703,-73.944275,0,0,0,0,4082,-7394,0.3812154696132597
2021-05-02T00:00:00.000,17:00,40.780464,-73.94404,0,0,0,0,4078,-7394,0.33513513513513515
2021-05-02T00:00:00.000,5:00,40.70984,-73.786285,0,0,0,0,4070,-7378,0.34523809523809523
2021-05-02T00:00:00.000,6:20,40.81207,-73.93603,0,0,0,0,4081,-7393,0.32432432432432434
2021-05-01T00:00:00.000,0:45,40.73124,-73.95443,0,0,0,0,4073,-7395,0.30434782608695654
2021-05-02T00:00:00.000,17:01,40.636684,-73.74054,1,0,1,1,4063,-7374,0.7142857142857143
2024-05-01T00:00:00.000,21:40,40.82503,-73.93122,0,0,0,0,4082,-7393,0.36645962732919257
2021-05-02T00:00:00.000,15:37,40.76241,-73.95443,1,0,1,1,4076,-7395,0.3696969696969697
2021-05-02T00:00:00.000,19:00,40.71142,-73.7598,1,0,1,1,4071,-7375,0.3269230769230769
2021-05-02T00:00:00.000,12:10,40.905884,-73.85191,1,0,1,1,4090,-7385,0.42105263157894735
2021-05-02T00:00:00.000,2:29,40.74045,-73.844376,1,0,1,1,4074,-7384,0.42857142857142855
2021-05-02T00:00:00.000,12:30,40.665718,-73.95687,0,0,0,0,4066,-7395,0.44375
2021-05-02T00:00:00.000,9:00,40.746185,-73.90813,0,0,0,0,4074,-7390,0.40625
2021-05-02T00:00:00.000,16:00,40.749092,-73.88703,0,0,0,0,4074,-7388,0.2978723404255319
2021-12-17T00:00:00.000,2:15,40.671238,-73.86326,1,0,1,1,4067,-7386,0.3431372549019608
2021-05-02T00:00:00.000,9:29,40.884342,-73.886765,0,0,0,0,4088,-7388,0.42857142857142855
2021-05-01T00:00:00.000,15:35,40.830383,-73.94018,0,0,0,0,4083,-7394,0.38926174496644295
2021-05-02T00:00:00.000,16:50,40.715633,-73.99754,0,0,0,0,4071,-7399,0.3263157894736842
2021-05-02T00:00:00.000,17:00,40.84932,-73.945145,0,0,0,0,4084,-7394,0.17543859649122806
2021-05-02T00:00:00.000,10:54,40.787014,-73.9516,0,0,0,0,4078,-7395,0.42168674698795183
2021-05-02T00:00:00.000,16:15,0.0,0.0,2,0,1,1,0,0,0.40425531914893614
2021-05-02T00:00:00.000,0:00,40.674232,-73.91566,0,0,0,0,4067,-7391,0.36597938144329895
2021-05-02T00:00:00.000,22:57,40.715996,-74.0071,0,0,0,0,4071,-7400,0.25517241379310346
2021-05-02T00:00:00.000,13:55,40.72122,-73.884705,1,0,1,1,4072,-7388,0.4
2021-05-02T00:00:00.000,2:48,40.753437,-73.88783,1,0,1,1,4075,-7388,0.3402061855670103
2021-05-02T00:00:00.000,2:10,40.710888,-73.9808,1,0,1,1,4071,-7398,0.39568345323741005
2021-05-02T00:00:00.000,1:01,40.81969,-73.90161,0,0,0,0,4081,-7390,0.3888888888888889
2021-05-02T00:00:00.000,23:00,40.830658,-73.93517,2,0,1,1,4083,-7393,0.3333333333333333
2021-05-02T00:00:00.000,10:00,40.71772,-73.96202,0,0,0,0,4071,-7396,0.3218390804597701
2021-05-02T00:00:00.000,3:00,40.625294,-73.96029,0,0,0,0,4062,-7396,0.375
2021-05-01T00:00:00.000,2:50,40.60442,-73.81984,0,0,0,0,4060,-7381,0.5714285714285714
2021-05-01T00:00:00.000,11:50,40.645504,-73.955086,0,0,0,0,4064,-7395,0.4796747967479675
2021-05-02T00:00:00.000,0:06,40.583485,-73.9601,1,0,1,1,4058,-7396,0.37333333333333335
2021-05-02T00:00:00.000,15:30,40.736237,-73.810524,0,0,0,0,4073,-7381,0.3181818181818182
2021-05-02T00:00:00.000,9:00,40.691307,-73.91326,0,0,0,0,4069,-7391,0.2709677419354839
2021-05-02T00:00:00.000,5:40,40.694687,-73.91112,0,0,0,0,4069,-7391,0.2709677419354839
2021-05-02T00:00:00.000,23:00,40.7495,-73.94667,0,0,0,0,4074,-7394,0.33962264150943394
2021-05-02T00:00:00.000,14:55,40.649216,-73.94458,1,0,1,1,4064,-7394,0.42342342342342343
2021-05-02T00:00:00.000,12:40,40.776608,-73.844406,0,0,0,0,4077,-7384,0.125
2021-04-29T00:00:00.000,0:00,40.743294,-73.85829,0,0,0,0,4074,-7385,0.35526315789473684
2021-05-02T00:00:00.000,12:26,40.849407,-73.900894,3,0,1,1,4084,-7390,0.366120218579235
2021-05-02T00:00:00.000,19:00,40.83269,-73.86847,0,0,0,0,4083,-7386,0.24822695035460993
2021-05-02T00:00:00.000,6:10,40.677116,-73.92378,0,0,0,0,4067,-7392,0.39655172413793105
2021-05-02T00:00:00.000,23:48,40.822834,-73.941925,0,0,0,0,4082,-7394,0.3812154696132597
2021-05-02T00:00:00.000,18:15,40.828075,-73.840065,1,0,1,1,4082,-7384,0.3835616438356164
2021-05-02T00:00:00.000,13:45,40.769485,-73.91503,0,0,0,0,4076,-7391,0.40476190476190477
2021-05-02T00:00:00.000,0:04,40.624172,-73.94836,1,0,1,1,4062,-7394,0.41379310344827586
2024-09-23T00:00:00.000,23:33,40.699577,-73.868645,1,0,1,1,4069,-7386,0.21052631578947367
2021-05-02T00:00:00.000,19:45,40.84691,-73.93824,1,0,1,1,4084,-7393,0.32786885245901637
2021-05-02T00:00:00.000,2:30,40.803844,-73.91444,2,0,1,1,4080,-7391,0.38961038961038963
2021-05-02T00:00:00.000,16:50,40.766308,-73.8197,0,0,0,0,4076,-7381,0.4716981132075472
2021-04-28T00:00:00.000,15:35,40.72214,-73.902275,1,0,1,1,4072,-7390,0.2978723404255319
2021-04-29T00:00:00.000,20:53,40.645473,-74.09287,0,0,0,0,4064,-7409,0.3333333333333333
2021-05-02T00:00:00.000,14:00,40.88391,-73.89443,0,0,0,0,4088,-7389,0.4626865671641791
2021-04-30T00:00:00.000,17:45,40.75582,-73.93259,0,0,0,0,4075,-7393,0.43478260869565216
2021-05-02T00:00:00.000,11:03,40.659027,-73.98508,0,0,0,0,4065,-7398,0.2222222222222222
2021-05-02T00:00:00.000,22:54,40.699802,-73.773964,2,0,1,1,4069,-7377,0.35135135135135137
2021-05-02T00:00:00.000,11:00,40.758892,-73.86681,0,0,0,0,4075,-7386,0.33653846153846156
2021-05-02T00:00:00.000,16:00,40.698116,-73.977325,0,0,0,0,4069,-7397,0.3253012048192771
2021-04-30T00:00:00.000,23:30,40.77039,-73.954124,0,0,0,0,4077,-7395,0.3384615384615385
2021-05-02T00:00:00.000,1:22,40.6983,-73.77088,0,0,0,0,4069,-7377,0.35135135135135137
2021-05-02T00:00:00.000,9:30,40.71507,-73.91327,0,0,0,0,4071,-7391,0.1836734693877551
2021-05-02T00:00:00.000,20:10,40.832436,-73.86444,1,0,1,1,4083,-7386,0.24822695035460993
2021-05-02T00:00:00.000,0:00,40.83045,-73.8509,2,0,1,1,4083,-7385,0.30158730158730157
2021-05-02T00:00:00.000,12:45,40.69529,-73.94339,0,0,0,0,4069,-7394,0.417910447761194
2021-05-01T00:00:00.000,5:30,40.75207,-73.926476,0,0,0,0,4075,-7392,0.48148148148148145
2021-05-02T00:00:00.000,20:45,40.625553,-73.93224,0,0,0,0,4062,-7393,0.4444444444444444
2021-05-02T00:00:00.000,16:05,40.835926,-73.902916,1,0,1,1,4083,-7390,0.3064516129032258
2021-05-02T00:00:00.000,23:06,40.869083,-73.837395,0,0,0,0,4086,-7383,0.3448275862068966
2021-04-30T00:00:00.000,8:49,40.657906,-73.93762,0,0,0,0,4065,-7393,0.44366197183098594
2021-05-02T00:00:00.000,1:17,40.69385,-73.76643,0,0,0,0,4069,-7376,0.3392857142857143
2021-05-02T00:00:00.000,0:51,40.723217,-74.00623,0,0,0,0,4072,-7400,0.32926829268292684
2021-05-02T00:00:00.000,22:34,40.858517,-73.85204,0,0,0,0,4085,-7385,0.3125
2021-05-02T00:00:00.000,10:30,40.771374,-73.877144,0,0,0,0,4077,-7387,0.35714285714285715
2021-05-02T00:00:00.000,20:35,40.614216,-73.97742,0,0,0,0,4061,-7397,0.421875
2021-05-02T00:00:00.000,20:10,40.85391,-73.88364,0,0,0,0,4085,-7388,0.3
2021-05-02T00:00:00.000,6:59,40.835705,-73.88875,1,0,1,1,4083,-7388,0.26717557251908397
2021-05-02T00:00:00.000,5:04,40.728344,-74.00535,1,0,1,1,4072,-7400,0.32926829268292684
2021-05-02T00:00:00.000,13:07,40.746296,-73.93041,1,0,1,1,4074,-7393,0.3333333333333333
2021-05-02T00:00:00.000,7:00,40.667397,-73.73757,0,0,0,0,4066,-7373,0.44339622641509435
2021-05-02T00:00:00.000,8:00,40.80016,-73.93538,1,0,1,1,4080,-7393,0.36312849162011174
2021-05-02T00:00:00.000,14:55,40.679184,-73.941284,0,0,0,0,4067,-7394,0.34074074074074073
2021-05-02T00:00:00.000,17:42,40.654366,-73.90684,0,0,0,0,4065,-7390,0.375
2021-05-02T00:00:00.000,21:10,40.788555,-73.78234,0,0,0,0,4078,-7378,0.4375
2021-05-02T00:00:00.000,18:48,40.80907,-73.94455,1,0,1,1,4080,-7394,0.41116751269035534
2021-05-02T00:00:00.000,22:30,40.743275,-73.77572,0,0,0,0,4074,-7377,0.36363636363636365
2021-05-02T00:00:00.000,4:54,40.741985,-73.8576,0,0,0,0,4074,-7385,0.35526315789473684
2021-05-01T00:00:00.000,2:05,40.689453,-73.924034,0,0,0,0,4068,-7392,0.2542372881355932
2021-04-20T00:00:00.000,15:30,40.831978,-73.93515,0,0,0,0,4083,-7393,0.3333333333333333
2021-05-02T00:00:00.000,14:23,40.753677,-73.914474,1,0,1,1,4075,-7391,0.4777777777777778
2021-05-02T00:00:00.000,15:00,40.699993,-73.85391,0,0,0,0,4069,-7385,0.34
2021-05-01T00:00:00.000,19:21,40.827564,-73.83363,3,0,1,1,4082,-7383,0.34210526315789475
2021-05-02T00:00:00.000,7:20,40.651985,-73.929245,0,0,0,0,4065,-7392,0.35555555555555557
2021-05-02T00:00:00.000,7:40,40.602848,-73.963,2,0,1,1,4060,-7396,0.5714285714285714
2023-10-28T00:00:00.000,0:29,40.700104,-73.94726,0,0,0,0,4070,-7394,0.3956043956043956
2023-04-23T00:00:00.000,20:00,40.752865,-73.854675,0,0,0,0,4075,-7385,0.3048780487804878
2021-12-05T00:00:00.000,10:10,40.546253,-74.158875,1,0,1,1,4054,-7415,0.3125
2022-02-19T00:00:00.000,20:15,40.742653,-73.998055,0,0,0,0,4074,-7399,0.3333333333333333
2022-01-16T00:00:00.000,4:51,40.782215,-73.81686,0,0,0,0,4078,-7381,0.22580645161290322
2022-02-10T00:00:00.000,22:14,40.64213,-73.92936,0,0,0,0,4064,-7392,0.4077669902912621
2022-02-19T00:00:00.000,16:50,40.742676,-73.839516,1,0,1,1,4074,-7383,0.4067796610169492
2022-02-19T00:00:00.000,12:00,40.826893,-73.87973,0,0,0,0,4082,-7387,0.33544303797468356
2022-02-19T00:00:00.000,3:38,40.77039,-73.954124,0,0,0,0,4077,-7395,0.3384615384615385
2022-02-19T00:00:00.000,8:00,40.68265,-73.96211,0,0,0,0,4068,-7396,0.42567567567567566
2022-02-19T00:00:00.000,6:00,40.6826,-73.84018,0,0,0,0,4068,-7384,0.3333333333333333
2022-02-16T00:00:00.000,17:50,40.774433,-73.90013,0,0,0,0,4077,-7390,0.3404255319148936
2022-02-19T00:00:00.000,16:40,40.70012,-73.91161,0,0,0,0,4070,-7391,0.27450980392156865
2022-02-19T00:00:00.000,0:05,40.73392,-73.9928,0,0,0,0,4073,-7399,0.423728813559322
2022-02-19T00:00:00.000,2:10,40.633278,-74.030014,1,0,1,1,4063,-7403,0.42424242424242425
2022-02-19T00:00:00.000,18:00,40.646297,-73.91274,0,0,0,0,4064,-7391,0.39805825242718446
2022-02-19T00:00:00.000,14:30,40.83942,-73.872925,1,0,1,1,4083,-7387,0.38414634146341464
2022-02-18T00:00:00.000,18:50,40.68415,-73.8848,1,0,1,1,4068,-7388,0.36538461538461536
2022-02-19T00:00:00.000,17:45,40.789375,-73.84376,0,0,0,0,4078,-7384,0.23809523809523808
2022-02-19T00:00:00.000,7:27,40.825066,-73.866745,2,0,1,1,4082,-7386,0.3493975903614458
2022-02-15T00:00:00.000,15:00,40.64165,-73.879196,1,0,1,1,4064,-7387,0.4918032786885246
2022-02-19T00:00:00.000,12:41,40.660557,-73.94337,0,0,0,0,4066,-7394,0.36792452830188677
2022-02-19T00:00:00.000,9:44,40.625362,-74.07698,0,0,0,0,4062,-7407,0.35714285714285715
2022-02-17T00:00:00.000,16:00,40.781727,-73.78412,0,0,0,0,4078,-7378,0.4375
2022-02-19T00:00:00.000,23:49,40.807503,-73.91702,1,0,1,1,4080,-7391,0.38961038961038963
2022-02-18T00:00:00.000,1:07,40.658577,-73.89063,1,0,1,1,4065,-7389,0.34965034965034963
2022-02-10T00:00:00.000,10:00,40.657227,-73.900764,0,0,0,0,4065,-7390,0.375
2023-04-28T00:00:00.000,13:15,40.671627,-73.999664,0,0,0,0,4067,-7399,0.3258426966292135
2021-12-19T00:00:00.000,14:22,40.64077,-73.90913,0,0,0,0,4064,-7390,0.4017094017094017
2021-12-19T00:00:00.000,21:02,40.67236,-73.88036,0,0,0,0,4067,-7388,0.30434782608695654
2021-12-19T00:00:00.000,22:46,40.81241,-73.90316,2,0,1,1,4081,-7390,0.3888888888888889
2021-12-17T00:00:00.000,16:50,40.624786,-74.01798,1,0,1,1,4062,-7401,0.3829787234042553
2021-12-19T00:00:00.000,1:09,40.582756,-74.13041,1,0,1,1,4058,-7413,0.6363636363636364
2021-12-19T00:00:00.000,17:34,40.700912,-73.94116,1,0,1,1,4070,-7394,0.3956043956043956
2021-12-19T00:00:00.000,14:20,40.83383,-73.85155,0,0,0,0,4083,-7385,0.30158730158730157
2021-12-19T00:00:00.000,11:00,40.626053,-73.961555,1,0,1,1,4062,-7396,0.375
2021-12-17T00:00:00.000,14:00,40.526894,-74.16728,1,0,1,1,4052,-7416,0.6666666666666666
2021-12-13T00:00:00.000,17:03,40.709415,-73.87022,1,0,1,1,4070,-7387,0.24324324324324326
2021-12-17T00:00:00.000,8:45,40.759945,-73.8387,3,0,1,1,4075,-7383,0.37681159420289856
2021-12-19T00:00:00.000,4:00,40.744465,-73.77179,0,0,0,0,4074,-7377,0.36363636363636365
2021-12-19T00:00:00.000,13:00,40.79181,-73.9529,0,0,0,0,4079,-7395,0.42
2021-12-19T00:00:00.000,6:40,40.66851,-73.76626,0,0,0,0,4066,-7376,0.30434782608695654
2021-12-19T00:00:00.000,12:00,40.76552,-73.98004,0,0,0,0,4076,-7398,0.3081761006289308
2021-12-19T00:00:00.000,3:18,40.659485,-73.74305,0,0,0,0,4065,-7374,0.4583333333333333
2021-12-19T00:00:00.000,20:16,40.622963,-74.01184,1,0,1,1,4062,-7401,0.3829787234042553
2021-12-19T00:00:00.000,21:28,40.655785,-73.86289,0,0,0,0,4065,-7386,0.36619718309859156
2021-12-19T00:00:00.000,20:00,40.821415,-73.82185,0,0,0,0,4082,-7382,0.46153846153846156
2021-12-19T00:00:00.000,23:50,40.703163,-73.81662,1,0,1,1,4070,-7381,0.3194444444444444
2021-12-19T00:00:00.000,16:00,40.60583,-73.75779,0,0,0,0,4060,-7375,0.17117117117117117
2021-12-19T00:00:00.000,17:35,40.76027,-73.80401,0,0,0,0,4076,-7380,0.4
2021-12-19T00:00:00.000,10:47,40.60115,-73.97839,1,0,1,1,4060,-7397,0.3469387755102041
2021-12-05T00:00:00.000,2:15,40.669735,-73.93104,1,0,1,1,4066,-7393,0.38578680203045684
2021-12-07T00:00:00.000,10:30,40.65452,-73.882225,0,0,0,0,4065,-7388,0.41509433962264153
2021-12-17T00:00:00.000,19:00,40.833637,-73.94581,0,0,0,0,4083,-7394,0.38926174496644295
2021-12-19T00:00:00.000,17:30,40.71146,-73.79647,1,0,1,1,4071,-7379,0.3888888888888889
2021-12-19T00:00:00.000,12:20,40.64513,-73.948975,2,0,1,1,4064,-7394,0.42342342342342343
2021-10-31T00:00:00.000,0:40,40.82803,-73.934845,0,0,0,0,4082,-7393,0.36645962732919257
2021-12-19T00:00:00.000,4:50,40.90348,-73.85035,0,0,0,0,4090,-7385,0.42105263157894735
2021-12-19T00:00:00.000,7:45,40.73931,-73.91947,0,0,0,0,4073,-7391,0.33962264150943394
2021-12-19T00:00:00.000,12:15,40.71492,-73.998856,0,0,0,0,4071,-7399,0.3263157894736842
2021-12-19T00:00:00.000,5:47,40.68966,-74.00047,0,0,0,0,4068,-7400,0.3333333333333333
2021-12-19T00:00:00.000,18:08,40.721348,-74.00554,1,0,1,1,4072,-7400,0.32926829268292684
2021-12-19T00:00:00.000,4:50,40.653763,-73.92104,1,0,1,1,4065,-7392,0.35555555555555557
2021-12-19T00:00:00.000,14:22,40.653976,-73.952835,0,0,0,0,4065,-7395,0.38686131386861317
2021-12-19T00:00:00.000,3:50,40.55862,-74.136154,0,0,0,0,4055,-7413,0.2777777777777778
2021-12-19T00:00:00.000,9:30,40.695995,-73.96742,0,0,0,0,4069,-7396,0.325
2021-12-19T00:00:00.000,15:58,40.715916,-73.99834,0,0,0,0,4071,-7399,0.3263157894736842
2021-12-16T00:00:00.000,16:50,40.626457,-73.918,2,0,1,1,4062,-7391,0.3333333333333333
2021-12-12T00:00:00.000,14:30,40.834354,-73.82623,0,0,0,0,4083,-7382,0.44680851063829785
2021-12-19T00:00:00.000,13:40,40.79824,-73.95247,1,0,1,1,4079,-7395,0.42
2021-12-17T00:00:00.000,14:00,40.613102,-74.035736,1,0,1,1,4061,-7403,0.2777777777777778
2021-12-17T00:00:00.000,8:30,40.676292,-73.92484,1,0,1,1,4067,-7392,0.39655172413793105
2021-12-19T00:00:00.000,17:06,40.742905,-73.83932,2,0,1,1,4074,-7383,0.4067796610169492
2021-12-19T00:00:00.000,22:00,40.660633,-73.93979,0,0,0,0,4066,-7393,0.38578680203045684
2021-12-19T00:00:00.000,4:17,40.746334,-73.89633,1,0,1,1,4074,-7389,0.3203125
2021-11-28T00:00:00.000,17:41,40.868015,-73.89997,1,0,1,1,4086,-7389,0.40606060606060607
2021-12-19T00:00:00.000,14:20,40.66331,-73.92106,0,0,0,0,4066,-7392,0.355
2021-12-16T00:00:00.000,8:52,40.660362,-73.77553,1,0,1,1,4066,-7377,0.37362637362637363
2021-12-19T00:00:00.000,23:24,40.716557,-73.82869,0,0,0,0,4071,-7382,0.379746835443038
2021-12-19T00:00:00.000,16:15,40.77766,-73.79502,0,0,0,0,4077,-7379,0.5
2021-12-19T00:00:00.000,23:55,40.588562,-74.14584,1,0,1,1,4058,-7414,0.75
2021-12-19T00:00:00.000,15:16,40.591927,-73.95768,1,0,1,1,4059,-7395,0.3181818181818182
2021-12-19T00:00:00.000,17:54,40.819714,-73.894066,0,0,0,0,4081,-7389,0.31543624161073824
2021-12-17T00:00:00.000,17:00,40.646923,-74.01212,0,0,0,0,4064,-7401,0.4295774647887324
2021-12-19T00:00:00.000,0:05,40.723698,-74.00792,0,0,0,0,4072,-7400,0.32926829268292684
2021-12-19T00:00:00.000,1:58,40.812126,-73.90419,0,0,0,0,4081,-7390,0.3888888888888889
2021-12-19T00:00:00.000,2:26,40.788795,-73.93755,0,0,0,0,4078,-7393,0.4444444444444444
2021-12-19T00:00:00.000,15:45,40.682304,-73.92895,1,0,1,1,4068,-7392,0.2542372881355932
2021-12-11T00:00:00.000,4:20,40.77417,-73.82934,0,1,2,1,4077,-7382,0.4444444444444444
2021-12-19T00:00:00.000,23:00,40.765423,-73.89001,0,0,0,0,4076,-7389,0.35185185185185186
2021-12-19T00:00:00.000,8:30,40.590748,-73.94872,1,0,1,1,4059,-7394,0.275
2021-12-19T00:00:00.000,15:15,40.77421,-73.93182,0,0,0,0,4077,-7393,0.20833333333333334
2021-12-19T00:00:00.000,22:19,40.758392,-73.981544,0,0,0,0,4075,-7398,0.3170731707317073
2021-12-19T00:00:00.000,19:08,40.82092,-73.94333,1,0,1,1,4082,-7394,0.3812154696132597
2021-12-18T00:00:00.000,3:10,40.700768,-73.990944,0,0,0,0,4070,-7399,0.21052631578947367
2021-12-19T00:00:00.000,1:30,40.736145,-73.92651,0,0,0,0,4073,-7392,0.4444444444444444
2021-12-12T00:00:00.000,2:55,40.681736,-73.8051,1,0,1,1,4068,-7380,0.3829787234042553
2021-12-05T00:00:00.000,22:51,40.789116,-73.82259,0,0,0,0,4078,-7382,0.3
2021-12-15T00:00:00.000,9:55,40.77476,-73.91035,0,0,0,0,4077,-7391,0.3157894736842105
2021-12-19T00:00:00.000,1:30,40.805447,-73.963844,0,0,0,0,4080,-7396,0.31343283582089554
2021-12-03T00:00:00.000,0:00,40.75373,-73.88505,0,0,0,0,4075,-7388,0.3402061855670103
2021-12-16T00:00:00.000,0:11,40.700836,-73.99495,0,0,0,0,4070,-7399,0.21052631578947367
2021-12-19T00:00:00.000,0:44,40.79672,-73.97618,0,0,0,0,4079,-7397,0.24210526315789474
2021-12-17T00:00:00.000,21:10,40.6089,-74.03465,0,0,0,0,4060,-7403,0.3
2021-12-19T00:00:00.000,19:30,40.684147,-73.922966,2,0,1,1,4068,-7392,0.2542372881355932
2021-12-19T00:00:00.000,17:00,40.890423,-73.84139,0,0,0,0,4089,-7384,0.3333333333333333
2021-12-19T00:00:00.000,7:40,40.682583,-73.788864,0,0,0,0,4068,-7378,0.3384615384615385
2021-12-19T00:00:00.000,10:38,40.75391,-73.9253,0,0,0,0,4075,-7392,0.48148148148148145
2021-12-19T00:00:00.000,0:02,40.831398,-73.83097,0,0,0,0,4083,-7383,0.36363636363636365
2021-12-18T00:00:00.000,14:43,40.89341,-73.85737,0,0,0,0,4089,-7385,0.3813559322033898
2021-12-19T00:00:00.000,12:20,40.713085,-73.94415,0,0,0,0,4071,-7394,0.3710691823899371
2021-12-19T00:00:00.000,20:56,40.57981,-73.837204,1,0,1,1,4057,-7383,0.25
2021-12-11T00:00:00.000,4:51,40.86804,-73.879105,0,0,0,0,4086,-7387,0.34545454545454546
2021-12-19T00:00:00.000,13:31,40.696198,-73.98877,1,0,1,1,4069,-7398,0.3229166666666667
2021-12-19T00:00:00.000,1:06,40.703434,-73.9248,1,0,1,1,4070,-7392,0.24305555555555555
2021-12-19T00:00:00.000,17:30,40.836407,-73.94852,0,0,0,0,4083,-7394,0.38926174496644295
2021-12-18T00:00:00.000,1:42,40.715553,-73.82617,0,0,0,0,4071,-7382,0.379746835443038
2021-12-19T00:00:00.000,17:34,40.752056,-74.00099,0,0,0,0,4075,-7400,0.3888888888888889
2021-12-18T00:00:00.000,22:06,40.851936,-73.91078,1,0,1,1,4085,-7391,0.373134328358209
2021-12-19T00:00:00.000,17:30,40.657757,-73.89654,0,0,0,0,4065,-7389,0.34965034965034963
2021-12-19T00:00:00.000,3:27,40.72136,-73.837036,1,0,1,1,4072,-7383,0.4909090909090909
2021-12-19T00:00:00.000,12:50,40.645134,-73.90232,0,0,0,0,4064,-7390,0.4017094017094017
2021-12-19T00:00:00.000,2:00,40.763546,-73.969345,0,0,0,0,4076,-7396,0.3023255813953488
2021-12-17T00:00:00.000,9:10,40.69952,-73.989815,1,0,1,1,4069,-7398,0.3229166666666667
2021-12-18T00:00:00.000,0:25,40.69116,-73.98994,1,0,1,1,4069,-7398,0.3229166666666667
2021-12-15T00:00:00.000,9:30,40.639645,-74.008835,0,0,0,0,4063,-7400,0.3068181818181818
2021-12-19T00:00:00.000,3:29,40.69365,-73.98333,0,0,0,0,4069,-7398,0.3229166666666667
2021-12-19T00:00:00.000,13:54,40.794975,-73.93296,2,0,1,1,4079,-7393,0.36585365853658536
2021-12-13T00:00:00.000,6:00,40.77913,-73.95474,0,0,0,0,4077,-7395,0.3384615384615385
2021-12-12T00:00:00.000,17:50,40.676743,-73.93316,0,0,0,0,4067,-7393,0.3755868544600939
2021-12-07T00:00:00.000,9:32,40.828445,-73.94155,1,0,1,1,4082,-7394,0.3812154696132597
2021-12-16T00:00:00.000,18:15,40.576252,-74.16978,0,0,0,0,4057,-7416,0.36363636363636365
2021-12-19T00:00:00.000,21:00,40.850475,-73.915436,0,0,0,0,4085,-7391,0.373134328358209
2021-12-19T00:00:00.000,2:05,40.626976,-73.914024,0,0,0,0,4062,-7391,0.3333333333333333
2021-12-14T00:00:00.000,16:35,40.83852,-73.92619,0,0,0,0,4083,-7392,0.310126582278481
2021-12-19T00:00:00.000,20:45,40.665733,-73.755585,0,0,0,0,4066,-7375,0.3
2021-12-19T00:00:00.000,22:40,40.602432,-73.961525,0,0,0,0,4060,-7396,0.5714285714285714
2025-04-07T00:00:00.000,12:40,40.868706,-73.88471,0,0,0,0,4086,-7388,0.23943661971830985
2021-12-19T00:00:00.000,15:00,40.659412,-73.8708,0,0,0,0,4065,-7387,0.2857142857142857
2021-12-19T00:00:00.000,2:42,40.675117,-74.00962,0,0,0,0,4067,-7400,0.20967741935483872
2021-12-18T00:00:00.000,6:50,40.78057,-73.95817,1,0,1,1,4078,-7395,0.42168674698795183
2021-12-19T00:00:00.000,20:05,40.87793,-73.8703,0,0,0,0,4087,-7387,0.297029702970297
2021-12-19T00:00:00.000,11:50,40.725594,-73.999916,0,0,0,0,4072,-7399,0.3829787234042553
2021-12-16T00:00:00.000,14:24,40.691456,-73.9178,1,0,1,1,4069,-7391,0.2709677419354839
2021-12-19T00:00:00.000,14:00,40.72621,-73.920525,0,0,0,0,4072,-7392,0.4
2021-12-13T00:00:00.000,21:25,40.650448,-73.91111,0,0,0,0,4065,-7391,0.425
2021-12-18T00:00:00.000,17:53,40.542427,-74.14591,0,0,0,0,4054,-7414,0.2631578947368421
2021-12-19T00:00:00.000,23:45,40.801125,-73.92988,0,0,0,0,4080,-7392,0.3141025641025641
2021-12-19T00:00:00.000,22:00,40.703163,-73.81662,1,0,1,1,4070,-7381,0.3194444444444444
2021-12-19T00:00:00.000,4:30,40.73556,-73.915054,0,0,0,0,4073,-7391,0.33962264150943394
2021-12-19T00:00:00.000,22:30,40.753956,-73.82772,0,0,0,0,4075,-7382,0.4915254237288136
2021-12-19T00:00:00.000,17:05,40.770428,-73.79198,0,0,0,0,4077,-7379,0.5
2021-12-19T00:00:00.000,16:40,40.604424,-74.1229,0,0,0,0,4060,-7412,0.2608695652173913
2021-12-19T00:00:00.000,14:25,40.73542,-73.91552,1,0,1,1,4073,-7391,0.33962264150943394
2021-12-19T00:00:00.000,17:00,40.63797,-74.00604,0,0,0,0,4063,-7400,0.3068181818181818
2021-12-17T00:00:00.000,22:03,40.707306,-73.75122,1,0,1,1,4070,-7375,0.4117647058823529
2021-12-19T00:00:00.000,22:20,40.801125,-73.92988,0,0,0,0,4080,-7392,0.3141025641025641
2021-12-19T00:00:00.000,2:20,40.731983,-73.91912,0,0,0,0,4073,-7391,0.33962264150943394
2021-12-19T00:00:00.000,5:30,40.682404,-73.75181,1,0,1,1,4068,-7375,0.3877551020408163
2021-12-16T00:00:00.000,1:00,40.76771,-73.93247,0,0,0,0,4076,-7393,0.44680851063829785
2021-12-19T00:00:00.000,3:58,40.664993,-73.80229,2,0,1,1,4066,-7380,0.40789473684210525
2021-12-11T00:00:00.000,0:00,40.684277,-73.78302,0,0,0,0,4068,-7378,0.3384615384615385
2021-12-19T00:00:00.000,13:45,40.76137,-73.72905,0,0,0,0,4076,-7372,0.3333333333333333
2021-12-19T00:00:00.000,12:30,40.57702,-73.9642,0,0,0,0,4057,-7396,0.3191489361702128
2025-04-07T00:00:00.000,6:00,40.8751,-73.91171,0,0,0,0,4087,-7391,0.25925925925925924
2021-12-19T00:00:00.000,17:04,40.641266,-73.904366,0,0,0,0,4064,-7390,0.4017094017094017
2021-12-19T00:00:00.000,3:00,40.8221,-73.92063,0,0,0,0,4082,-7392,0.3333333333333333
2021-11-22T00:00:00.000,20:57,40.67002,-73.78312,0,0,0,0,4067,-7378,0.2
2021-12-19T00:00:00.000,16:00,40.586872,-73.971436,0,0,0,0,4058,-7397,0.2727272727272727
2021-12-19T00:00:00.000,20:14,40.833096,-73.94066,1,0,1,1,4083,-7394,0.38926174496644295
2021-12-18T00:00:00.000,17:20,40.79507,-73.93919,1,0,1,1,4079,-7393,0.36585365853658536
2021-12-19T00:00:00.000,21:53,40.69457,-73.99068,0,0,0,0,4069,-7399,0.29473684210526313
2021-12-19T00:00:00.000,4:40,40.67989,-73.94034,1,0,1,1,4067,-7394,0.34074074074074073
2021-12-19T00:00:00.000,4:40,40.70041,-73.81553,1,0,1,1,4070,-7381,0.3194444444444444
2021-12-19T00:00:00.000,7:00,40.757362,-73.8857,0,0,0,0,4075,-7388,0.3402061855670103
2021-12-19T00:00:00.000,19:15,40.820747,-73.906006,2,0,1,1,4082,-7390,0.3025210084033613
2021-12-19T00:00:00.000,10:32,40.73398,-73.98991,1,0,1,1,4073,-7398,0.36942675159235666
2021-12-19T00:00:00.000,5:03,40.845177,-73.91417,0,0,0,0,4084,-7391,0.32558139534883723
2021-12-19T00:00:00.000,9:00,40.763844,-73.769455,0,0,0,0,4076,-7376,0.21739130434782608
2021-12-19T00:00:00.000,11:25,40.81328,-73.89749,3,0,1,1,4081,-7389,0.31543624161073824
2021-12-19T00:00:00.000,2:24,40.671032,-73.93927,2,0,1,1,4067,-7393,0.3755868544600939
2021-12-19T00:00:00.000,19:00,40.741524,-73.88061,1,0,1,1,4074,-7388,0.2978723404255319
2021-12-19T00:00:00.000,19:34,40.742657,-73.846214,1,0,1,1,4074,-7384,0.42857142857142855
2021-12-19T00:00:00.000,2:25,40.788795,-73.93755,0,0,0,0,4078,-7393,0.4444444444444444
2021-12-18T00:00:00.000,3:00,40.688473,-73.80857,0,0,0,0,4068,-7380,0.3829787234042553
2021-11-22T00:00:00.000,9:30,0.0,0.0,0,0,0,0,0,0,0.40425531914893614
2021-12-19T00:00:00.000,13:15,40.747574,-73.76147,2,0,1,1,4074,-7376,0.3333333333333333
2021-12-19T00:00:00.000,22:49,40.745293,-73.9985,0,0,0,0,4074,-7399,0.3333333333333333
2021-12-19T00:00:00.000,0:05,40.651604,-73.933304,0,0,0,0,4065,-7393,0.44366197183098594
2021-12-19T00:00:00.000,17:57,40.747097,-73.98345,0,0,0,0,4074,-7398,0.40131578947368424
2021-12-19T00:00:00.000,2:15,40.65945,-73.89847,1,0,1,1,4065,-7389,0.34965034965034963
2021-12-19T00:00:00.000,12:54,40.63552,-74.0167,1,0,1,1,4063,-7401,0.37777777777777777
2021-12-17T00:00:00.000,1:15,40.667213,-73.73707,3,0,1,1,4066,-7373,0.44339622641509435
2021-12-19T00:00:00.000,8:25,40.744465,-73.77179,0,0,0,0,4074,-7377,0.36363636363636365
2021-12-19T00:00:00.000,10:31,40.705074,-73.758965,0,0,0,0,4070,-7375,0.4117647058823529
2021-12-19T00:00:00.000,1:00,40.668648,-73.92835,1,0,1,1,4066,-7392,0.355
2021-12-19T00:00:00.000,0:00,40.856434,-73.886826,0,0,0,0,4085,-7388,0.3
2021-12-19T00:00:00.000,12:00,40.58845,-73.96326,0,0,0,0,4058,-7396,0.37333333333333335
2021-12-12T00:00:00.000,0:52,40.88337,-73.85956,1,0,1,1,4088,-7385,0.36619718309859156
2021-12-19T00:00:00.000,5:00,40.846012,-73.8305,0,0,0,0,4084,-7383,0.4318181818181818
2021-12-19T00:00:00.000,22:22,40.72852,-73.90573,0,0,0,0,4072,-7390,0.2978723404255319
2021-12-17T00:00:00.000,12:50,40.673107,-73.99959,1,0,1,1,4067,-7399,0.3258426966292135
2021-12-19T00:00:00.000,22:20,40.739666,-73.898834,2,0,1,1,4073,-7389,0.2857142857142857
2021-12-19T00:00:00.000,4:55,40.739197,-73.99924,1,0,1,1,4073,-7399,0.423728813559322
2021-12-18T00:00:00.000,19:30,40.63006,-74.138756,0,0,0,0,4063,-7413,0.2903225806451613
2021-12-19T00:00:00.000,4:04,40.701958,-73.9239,0,0,0,0,4070,-7392,0.24305555555555555
2021-12-19T00:00:00.000,16:16,40.71539,-73.99785,0,0,0,0,4071,-7399,0.3263157894736842
2021-12-19T00:00:00.000,17:25,40.815105,-73.94897,1,0,1,1,4081,-7394,0.38
2021-12-16T00:00:00.000,11:19,40.75327,-73.92803,1,0,1,1,4075,-7392,0.48148148148148145
2021-12-19T00:00:00.000,2:40,40.616707,-73.97846,2,0,1,1,4061,-7397,0.421875
2021-09-01T00:00:00.000,2:10,40.70651,-73.95239,1,0,1,1,4070,-7395,0.3475177304964539
2021-12-19T00:00:00.000,13:20,40.658577,-73.89063,0,0,0,0,4065,-7389,0.34965034965034963
2023-04-27T00:00:00.000,1:25,40.818172,-73.95649,0,0,0,0,4081,-7395,0.3509933774834437
2021-09-17T00:00:00.000,16:50,40.85814,-73.895744,0,0,0,0,4085,-7389,0.3353658536585366
2021-08-29T00:00:00.000,20:56,40.728767,-73.984436,1,0,1,1,4072,-7398,0.4342105263157895
2021-09-18T00:00:00.000,2:45,40.606102,-74.07983,1,0,1,1,4060,-7407,0.25
2021-09-19T00:00:00.000,15:55,40.578938,-73.98522,1,0,1,1,4057,-7398,0.36904761904761907
2021-09-13T00:00:00.000,1:45,40.856358,-73.826515,0,0,0,0,4085,-7382,0.45714285714285713
2021-09-07T00:00:00.000,12:59,40.667522,-73.78063,7,0,1,1,4066,-7378,0.34615384615384615
2021-09-19T00:00:00.000,15:55,40.71909,-73.949234,0,0,0,0,4071,-7394,0.3710691823899371
2021-08-31T00:00:00.000,16:25,40.728092,-73.98494,1,0,1,1,4072,-7398,0.4342105263157895
2021-09-16T00:00:00.000,17:50,40.586212,-73.990585,0,0,0,0,4058,-7399,0.23076923076923078
2021-12-08T00:00:00.000,15:40,40.69613,-73.987114,1,0,1,1,4069,-7398,0.3229166666666667
2021-12-09T00:00:00.000,6:50,40.685772,-73.81819,0,0,0,0,4068,-7381,0.4117647058823529
2021-12-06T00:00:00.000,15:18,40.661907,-73.99284,0,0,0,0,4066,-7399,0.40540540540540543
2021-12-08T00:00:00.000,17:13,40.676445,-73.92762,1,0,1,1,4067,-7392,0.39655172413793105
2021-12-05T00:00:00.000,21:36,40.63413,-73.928505,0,0,0,0,4063,-7392,0.4036697247706422
2021-12-10T00:00:00.000,13:39,40.764885,-73.8656,1,0,1,1,4076,-7386,0.40298507462686567
2021-12-10T00:00:00.000,5:30,40.805367,-73.9219,2,0,1,1,4080,-7392,0.3141025641025641
2021-12-09T00:00:00.000,22:25,40.737537,-73.881516,1,0,1,1,4073,-7388,0.2777777777777778
2021-12-09T00:00:00.000,16:28,40.757946,-73.9099,0,0,0,0,4075,-7390,0.37254901960784315
2021-12-03T00:00:00.000,9:00,40.772606,-73.91813,0,0,0,0,4077,-7391,0.3157894736842105
2021-12-19T00:00:00.000,12:35,40.686726,-73.99047,1,0,1,1,4068,-7399,0.17857142857142858
2021-12-18T00:00:00.000,1:30,40.72469,-73.7541,0,0,0,0,4072,-7375,0.2727272727272727
2021-12-17T00:00:00.000,8:13,40.745754,-73.73044,1,0,1,1,4074,-7373,0.4
2021-12-19T00:00:00.000,16:30,40.700104,-73.94726,1,0,1,1,4070,-7394,0.3956043956043956
2021-12-12T00:00:00.000,5:23,40.717175,-74.01288,0,0,0,0,4071,-7401,0.3181818181818182
2021-12-19T00:00:00.000,16:30,40.68736,-73.99788,0,0,0,0,4068,-7399,0.17857142857142858
2021-12-17T00:00:00.000,23:18,40.712307,-73.99437,1,0,1,1,4071,-7399,0.3263157894736842
2021-09-19T00:00:00.000,0:43,40.622612,-73.98667,0,0,0,0,4062,-7398,0.38
2021-09-19T00:00:00.000,17:10,40.802074,-73.93407,1,0,1,1,4080,-7393,0.36312849162011174
2021-09-13T00:00:00.000,18:00,40.768234,-73.90709,1,0,1,1,4076,-7390,0.3055555555555556
2021-09-19T00:00:00.000,1:03,40.665497,-73.75573,0,0,0,0,4066,-7375,0.3
2021-09-19T00:00:00.000,20:15,40.575634,-73.848816,1,0,1,1,4057,-7384,0.8
2021-09-19T00:00:00.000,22:41,40.81314,-73.93861,0,0,0,0,4081,-7393,0.32432432432432434
2021-09-19T00:00:00.000,8:00,40.66936,-73.974464,0,0,0,0,4066,-7397,0.24390243902439024
2021-09-05T00:00:00.000,14:31,40.72248,-73.90781,0,0,0,0,4072,-7390,0.2978723404255319
2021-09-17T00:00:00.000,0:00,40.605766,-73.99705,0,0,0,0,4060,-7399,0.31683168316831684
2021-09-19T00:00:00.000,0:15,40.69613,-73.987114,5,0,1,1,4069,-7398,0.3229166666666667
2021-09-19T00:00:00.000,22:53,40.794353,-73.97836,0,0,0,0,4079,-7397,0.24210526315789474
2021-09-19T00:00:00.000,22:00,40.885307,-73.860466,0,0,0,0,4088,-7386,0.23809523809523808
2021-09-15T00:00:00.000,16:02,40.764286,-73.95562,0,0,0,0,4076,-7395,0.3696969696969697
2021-09-19T00:00:00.000,15:04,40.608776,-74.09113,1,0,1,1,4060,-7409,0.36363636363636365
2021-09-19T00:00:00.000,1:40,40.67581,-73.739555,0,0,0,0,4067,-7373,0.46835443037974683
2021-09-19T00:00:00.000,16:44,40.6087,-73.97404,1,0,1,1,4060,-7397,0.3469387755102041
2021-09-19T00:00:00.000,15:39,40.817673,-73.91704,0,0,0,0,4081,-7391,0.47244094488188976
2021-09-19T00:00:00.000,20:00,40.8355,-73.90123,0,0,0,0,4083,-7390,0.3064516129032258
2021-09-19T00:00:00.000,19:07,40.63739,-73.91038,1,0,1,1,4063,-7391,0.5
2021-09-19T00:00:00.000,13:50,0.0,0.0,0,0,0,0,0,0,0.40425531914893614
2021-09-19T00:00:00.000,4:15,40.82615,-73.87766,0,0,0,0,4082,-7387,0.33544303797468356
2021-09-17T00:00:00.000,11:00,40.75618,-73.7804,0,0,0,0,4075,-7378,0.18518518518518517
2021-09-03T00:00:00.000,23:42,40.740913,-73.95226,0,0,0,0,4074,-7395,0.35185185185185186
2021-09-19T00:00:00.000,0:57,40.68909,-73.92566,1,0,1,1,4068,-7392,0.2542372881355932
2021-09-19T00:00:00.000,7:40,40.602905,-74.00003,0,0,0,0,4060,-7400,0.24074074074074073
2021-09-19T00:00:00.000,20:48,40.872494,-73.88147,0,0,0,0,4087,-7388,0.3561643835616438
2021-09-19T00:00:00.000,16:25,40.88598,-73.90545,0,0,0,0,4088,-7390,0.2702702702702703
2021-09-19T00:00:00.000,10:17,40.82523,-73.94761,1,0,1,1,4082,-7394,0.3812154696132597
2021-09-19T00:00:00.000,23:30,40.64479,-74.01433,0,0,0,0,4064,-7401,0.4295774647887324
2021-09-19T00:00:00.000,16:00,40.655216,-73.96194,1,0,1,1,4065,-7396,0.3939393939393939
2021-09-19T00:00:00.000,2:00,40.598377,-73.94086,0,0,0,0,4059,-7394,0.275
2021-09-19T00:00:00.000,0:00,40.668358,-73.95592,2,0,1,1,4066,-7395,0.44375
2021-09-19T00:00:00.000,17:45,40.702557,-73.76233,0,0,0,0,4070,-7376,0.43902439024390244
2021-09-19T00:00:00.000,15:00,40.67875,-73.794,0,0,0,0,4067,-7379,0.4264705882352941
2021-09-19T00:00:00.000,3:40,40.795322,-73.929825,2,0,1,1,4079,-7392,0.4
2021-09-19T00:00:00.000,0:08,40.524612,-74.230446,0,0,0,0,4052,-7423,0.3333333333333333
2021-09-15T00:00:00.000,18:55,40.69133,-73.95177,3,0,1,1,4069,-7395,0.30952380952380953
2021-09-19T00:00:00.000,19:39,40.820095,-73.81086,0,0,0,0,4082,-7381,0.17647058823529413
2021-09-17T00:00:00.000,22:41,40.773205,-73.927,0,0,0,0,4077,-7392,0.3269230769230769
2021-09-19T00:00:00.000,13:25,40.665718,-73.95687,1,0,1,1,4066,-7395,0.44375
2021-09-19T00:00:00.000,3:30,40.646378,-73.97085,0,0,0,0,4064,-7397,0.4095238095238095
2021-09-19T00:00:00.000,19:12,40.7925,-73.84077,0,0,0,0,4079,-7384,0.125
2021-09-17T00:00:00.000,14:25,40.76975,-73.96061,0,0,0,0,4076,-7396,0.3023255813953488
2021-09-19T00:00:00.000,11:09,40.680447,-73.85872,0,0,0,0,4068,-7385,0.43103448275862066
2021-09-19T00:00:00.000,22:35,40.75927,-73.980896,1,0,1,1,4075,-7398,0.3170731707317073
2021-09-19T00:00:00.000,15:15,40.738415,-73.84899,0,0,0,0,4073,-7384,0.2682926829268293
2021-09-19T00:00:00.000,19:00,40.66774,-73.892815,0,0,0,0,4066,-7389,0.3103448275862069
2021-09-19T00:00:00.000,19:21,40.59651,-73.90788,0,0,0,0,4059,-7390,0.23404255319148937
2021-09-14T00:00:00.000,2:00,40.841175,-73.8701,0,0,0,0,4084,-7387,0.48333333333333334
2021-09-19T00:00:00.000,19:50,40.700817,-73.727684,1,0,1,1,4070,-7372,0.4
2021-09-19T00:00:00.000,3:00,40.75399,-73.90031,0,0,0,0,4075,-7390,0.37254901960784315
2021-09-19T00:00:00.000,20:20,40.706142,-73.83177,1,0,1,1,4070,-7383,0.3541666666666667
2021-09-19T00:00:00.000,0:00,40.90336,-73.845085,1,0,1,1,4090,-7384,0.28205128205128205
2021-09-19T00:00:00.000,0:40,40.728695,-73.95158,0,0,0,0,4072,-7395,0.22093023255813954
2021-09-13T00:00:00.000,0:30,40.86848,-73.918564,0,0,0,0,4086,-7391,0.38016528925619836
2021-09-19T00:00:00.000,15:15,40.68872,-73.92389,1,0,1,1,4068,-7392,0.2542372881355932
2021-09-19T00:00:00.000,12:19,40.605484,-73.75597,0,0,0,0,4060,-7375,0.17117117117117117
2021-09-12T00:00:00.000,23:30,40.833588,-73.91498,0,0,0,0,4083,-7391,0.33714285714285713
2021-09-19T00:00:00.000,19:28,40.762226,-73.96819,0,0,0,0,4076,-7396,0.3023255813953488
2021-09-19T00:00:00.000,16:19,40.76635,-73.95103,0,0,0,0,4076,-7395,0.3696969696969697
2021-09-19T00:00:00.000,10:30,40.68854,-73.82294,1,0,1,1,4068,-7382,0.41975308641975306
2021-09-13T00:00:00.000,11:51,40.673916,-73.893456,0,0,0,0,4067,-7389,0.33852140077821014
2021-09-15T00:00:00.000,7:45,40.82705,-73.87104,0,0,0,0,4082,-7387,0.33544303797468356
2021-09-19T00:00:00.000,5:00,40.787506,-73.9383,2,0,1,1,4078,-7393,0.4444444444444444
2021-09-19T00:00:00.000,18:30,40.665485,-73.75374,0,0,0,0,4066,-7375,0.3
2021-09-19T00:00:00.000,11:56,40.68643,-74.00006,0,0,0,0,4068,-7400,0.3333333333333333
2021-09-14T00:00:00.000,0:00,40.754696,-73.97002,0,0,0,0,4075,-7397,0.375886524822695
2021-09-12T00:00:00.000,11:00,40.77864,-73.91204,0,0,0,0,4077,-7391,0.3157894736842105
2021-09-19T00:00:00.000,2:07,40.84398,-73.92296,0,0,0,0,4084,-7392,0.3181818181818182
2021-09-14T00:00:00.000,9:17,40.73656,-74.0011,2,0,1,1,4073,-7400,0.2403846153846154
2021-09-19T00:00:00.000,10:55,40.70447,-73.94274,1,0,1,1,4070,-7394,0.3956043956043956
2021-09-13T00:00:00.000,22:00,40.864426,-73.906815,0,0,0,0,4086,-7390,0.42748091603053434
2021-09-19T00:00:00.000,14:20,40.657867,-73.938156,1,0,1,1,4065,-7393,0.44366197183098594
2021-09-19T00:00:00.000,6:13,40.605335,-73.75528,0,0,0,0,4060,-7375,0.17117117117117117
2021-09-19T00:00:00.000,11:15,40.72301,-73.98576,1,0,1,1,4072,-7398,0.4342105263157895
2021-09-13T00:00:00.000,19:15,40.704082,-73.81641,1,0,1,1,4070,-7381,0.3194444444444444
2021-09-19T00:00:00.000,10:26,40.64422,-73.965706,0,0,0,0,4064,-7396,0.4714285714285714
2021-09-19T00:00:00.000,12:45,40.66309,-73.962395,0,0,0,0,4066,-7396,0.4074074074074074
2021-09-19T00:00:00.000,22:10,40.759617,-73.86478,0,0,0,0,4075,-7386,0.33653846153846156
2021-09-16T00:00:00.000,16:08,40.763897,-73.95323,1,0,1,1,4076,-7395,0.3696969696969697
2021-09-19T00:00:00.000,14:42,40.60553,-73.92917,0,0,0,0,4060,-7392,0.3333333333333333
2021-09-19T00:00:00.000,6:08,40.52348,-74.21603,1,0,1,1,4052,-7421,0.4444444444444444
2021-09-19T00:00:00.000,19:32,40.82406,-73.87034,1,0,1,1,4082,-7387,0.33544303797468356
2021-09-19T00:00:00.000,0:29,40.79149,-73.93577,1,0,1,1,4079,-7393,0.36585365853658536
2021-09-19T00:00:00.000,4:09,40.84541,-73.891136,4,0,1,1,4084,-7389,0.33766233766233766
2021-09-19T00:00:00.000,13:00,40.741234,-73.84573,0,0,0,0,4074,-7384,0.42857142857142855
2021-09-19T00:00:00.000,0:57,40.674652,-73.909164,1,0,1,1,4067,-7390,0.3282442748091603
2021-12-19T00:00:00.000,18:20,40.61037,-73.75352,0,0,0,0,4061,-7375,0.0
2021-09-19T00:00:00.000,6:00,40.752563,-73.91044,0,0,0,0,4075,-7391,0.4777777777777778
2021-09-18T00:00:00.000,11:25,40.842175,-73.85601,3,0,1,1,4084,-7385,0.32727272727272727
2021-09-19T00:00:00.000,16:30,40.73866,-74.00551,0,0,0,0,4073,-7400,0.2403846153846154
2021-09-19T00:00:00.000,14:00,40.712055,-73.96615,0,0,0,0,4071,-7396,0.3218390804597701
2021-09-19T00:00:00.000,22:58,40.7375,-73.93385,2,0,1,1,4073,-7393,0.38461538461538464
2021-09-19T00:00:00.000,15:55,40.624245,-74.02008,1,0,1,1,4062,-7402,0.3625
2021-09-17T00:00:00.000,18:03,40.83609,-73.87039,0,0,0,0,4083,-7387,0.38414634146341464
2022-02-19T00:00:00.000,0:00,40.8837,-73.79406,1,0,1,1,4088,-7379,1.0
2021-03-30T00:00:00.000,13:09,40.77437,-73.963554,0,1,2,1,4077,-7396,0.3695652173913043
2021-04-03T00:00:00.000,23:30,40.813957,-73.93134,2,0,1,1,4081,-7393,0.32432432432432434
2021-05-02T00:00:00.000,6:35,40.745834,-73.8618,0,0,0,0,4074,-7386,0.3813559322033898
2021-05-03T00:00:00.000,14:16,40.622204,-73.91645,0,0,0,0,4062,-7391,0.3333333333333333
2021-04-29T00:00:00.000,18:17,40.627415,-74.15788,0,0,0,0,4062,-7415,0.37037037037037035
2021-05-03T00:00:00.000,19:00,40.743057,-73.93566,0,0,0,0,4074,-7393,0.3333333333333333
2021-05-02T00:00:00.000,16:00,40.81847,-73.9414,0,0,0,0,4081,-7394,0.38
2021-05-01T00:00:00.000,8:00,40.841385,-73.88636,0,0,0,0,4084,-7388,0.390625
2021-05-02T00:00:00.000,18:35,40.65923,-73.89329,0,0,0,0,4065,-7389,0.34965034965034963
2021-05-02T00:00:00.000,18:20,40.670624,-73.895546,0,0,0,0,4067,-7389,0.33852140077821014
2021-05-03T00:00:00.000,6:49,40.6472,-73.90311,0,0,0,0,4064,-7390,0.4017094017094017
2021-09-06T00:00:00.000,19:06,40.718403,-73.949036,0,0,0,0,4071,-7394,0.3710691823899371
2021-05-03T00:00:00.000,23:10,40.68775,-73.79039,0,1,2,1,4068,-7379,0.35
2021-05-03T00:00:00.000,17:50,40.673237,-73.91402,0,0,0,0,4067,-7391,0.36597938144329895
2021-04-30T00:00:00.000,23:30,40.66854,-73.88378,0,0,0,0,4066,-7388,0.37012987012987014
2021-04-27T00:00:00.000,10:10,40.830555,-73.832664,0,0,0,0,4083,-7383,0.36363636363636365
2021-05-03T00:00:00.000,6:45,40.708183,-74.0078,0,0,0,0,4070,-7400,0.2542372881355932
2021-05-03T00:00:00.000,13:40,40.820198,-73.921486,1,0,1,1,4082,-7392,0.3333333333333333
2021-05-02T00:00:00.000,6:30,40.675785,-73.90269,0,0,0,0,4067,-7390,0.3282442748091603
2021-05-03T00:00:00.000,11:00,40.646988,-73.969315,0,0,0,0,4064,-7396,0.4714285714285714
2021-04-30T00:00:00.000,21:15,40.82941,-73.861145,1,0,1,1,4082,-7386,0.3493975903614458
2021-04-30T00:00:00.000,17:37,40.755764,-73.93372,0,0,0,0,4075,-7393,0.43478260869565216
2021-05-03T00:00:00.000,6:20,40.727608,-73.91211,0,0,0,0,4072,-7391,0.36
2021-04-22T00:00:00.000,14:00,40.671627,-73.96263,1,0,1,1,4067,-7396,0.3466666666666667
2021-04-23T00:00:00.000,20:50,40.67752,-73.972725,0,0,0,0,4067,-7397,0.2818181818181818
2021-05-03T00:00:00.000,0:11,40.697433,-73.93123,1,0,1,1,4069,-7393,0.3141025641025641
2021-05-03T00:00:00.000,16:12,40.81094,-73.94318,1,0,1,1,4081,-7394,0.38
2021-09-19T00:00:00.000,16:40,40.676598,-73.795944,2,0,1,1,4067,-7379,0.4264705882352941
2021-05-03T00:00:00.000,20:37,40.686085,-73.982666,0,0,0,0,4068,-7398,0.3873239436619718
2021-05-03T00:00:00.000,21:00,40.74768,-73.88085,0,0,0,0,4074,-7388,0.2978723404255319
2021-05-03T00:00:00.000,21:40,40.76529,-73.86487,2,0,1,1,4076,-7386,0.40298507462686567
2021-05-03T00:00:00.000,8:15,40.87054,-73.9059,0,0,0,0,4087,-7390,0.3184713375796178
2021-04-24T00:00:00.000,16:45,40.824844,-73.84938,1,0,1,1,4082,-7384,0.3835616438356164
2021-05-03T00:00:00.000,8:26,40.87582,-73.8327,0,0,0,0,4087,-7383,0.3333333333333333
2021-04-25T00:00:00.000,14:15,40.69529,-73.94339,0,0,0,0,4069,-7394,0.417910447761194
2021-04-28T00:00:00.000,23:53,40.655895,-74.00591,0,0,0,0,4065,-7400,0.41509433962264153
2021-05-03T00:00:00.000,18:10,40.80322,-73.95253,1,0,1,1,4080,-7395,0.381294964028777
2021-05-03T00:00:00.000,9:00,40.743782,-73.97352,1,0,1,1,4074,-7397,0.4810810810810811
2021-05-03T00:00:00.000,8:47,40.84334,-73.82515,0,0,0,0,4084,-7382,0.4
2021-04-28T00:00:00.000,22:30,40.600952,-73.75095,0,0,0,0,4060,-7375,0.17117117117117117
2021-04-29T00:00:00.000,16:30,40.82513,-73.931076,0,0,0,0,4082,-7393,0.36645962732919257
2021-05-03T00:00:00.000,11:25,40.701256,-73.95495,0,0,0,0,4070,-7395,0.3475177304964539
2021-05-03T00:00:00.000,13:18,40.74506,-73.86403,1,0,1,1,4074,-7386,0.3813559322033898
2021-05-03T00:00:00.000,12:45,40.673813,-73.99238,1,0,1,1,4067,-7399,0.3258426966292135
2021-05-01T00:00:00.000,17:35,40.861195,-73.821785,0,0,0,0,4086,-7382,0.3611111111111111
2021-09-19T00:00:00.000,6:00,40.636112,-73.7403,2,0,1,1,4063,-7374,0.7142857142857143
2021-05-03T00:00:00.000,20:30,40.575256,-74.0053,0,0,0,0,4057,-7400,0.3157894736842105
2021-05-03T00:00:00.000,14:05,40.739258,-73.991264,0,0,0,0,4073,-7399,0.423728813559322
2021-05-03T00:00:00.000,11:00,40.58525,-73.98728,2,0,1,1,4058,-7398,0.4
2021-05-03T00:00:00.000,12:55,40.82325,-73.88277,0,0,0,0,4082,-7388,0.27624309392265195
2021-05-03T00:00:00.000,16:47,40.616905,-74.01097,0,0,0,0,4061,-7401,0.2972972972972973
2021-04-30T00:00:00.000,21:40,40.74406,-74.00682,1,0,1,1,4074,-7400,0.27710843373493976
2021-04-08T00:00:00.000,11:35,40.60985,-73.97211,0,0,0,0,4060,-7397,0.3469387755102041
2021-05-03T00:00:00.000,20:46,40.696198,-73.98869,0,0,0,0,4069,-7398,0.3229166666666667
2021-05-01T00:00:00.000,23:54,40.675793,-73.88707,0,0,0,0,4067,-7388,0.30434782608695654
2021-04-25T00:00:00.000,20:58,40.680717,-73.9463,1,0,1,1,4068,-7394,0.4409448818897638
2021-05-02T00:00:00.000,10:05,40.812008,-73.951515,0,0,0,0,4081,-7395,0.3509933774834437
2021-05-03T00:00:00.000,21:50,40.784943,-73.946594,1,0,1,1,4078,-7394,0.33513513513513515
2021-05-03T00:00:00.000,7:15,40.746174,-73.82473,0,0,0,0,4074,-7382,0.4057971014492754
2021-05-03T00:00:00.000,12:30,40.640976,-73.982346,0,0,0,0,4064,-7398,0.40425531914893614
2021-05-03T00:00:00.000,12:30,40.74273,-73.95412,0,0,0,0,4074,-7395,0.35185185185185186
2021-04-30T00:00:00.000,23:49,40.666595,-73.87176,3,0,1,1,4066,-7387,0.38461538461538464
2021-05-03T00:00:00.000,16:30,40.662052,-73.93149,1,0,1,1,4066,-7393,0.38578680203045684
2021-05-03T00:00:00.000,19:49,40.628117,-73.956856,1,0,1,1,4062,-7395,0.4444444444444444
2021-04-27T00:00:00.000,19:25,40.80918,-73.94819,0,0,0,0,4080,-7394,0.41116751269035534
2021-04-28T00:00:00.000,16:50,40.67859,-73.99049,0,0,0,0,4067,-7399,0.3258426966292135
2021-05-02T00:00:00.000,18:56,40.662247,-73.86671,2,0,1,1,4066,-7386,0.35
2021-05-03T00:00:00.000,20:10,40.681355,-73.88022,1,0,1,1,4068,-7388,0.36538461538461536
2021-05-03T00:00:00.000,2:55,40.65753,-73.89797,0,0,0,0,4065,-7389,0.34965034965034963
2021-05-03T00:00:00.000,10:45,40.817387,-73.92277,1,0,1,1,4081,-7392,0.4714285714285714
2021-05-03T00:00:00.000,1:05,40.671032,-73.93927,4,0,1,1,4067,-7393,0.3755868544600939
2021-05-03T00:00:00.000,20:50,40.685947,-73.95943,0,0,0,0,4068,-7395,0.38571428571428573
2021-04-28T00:00:00.000,21:05,40.670486,-73.93652,2,0,1,1,4067,-7393,0.3755868544600939
2021-05-03T00:00:00.000,14:50,40.597786,-73.75305,0,0,0,0,4059,-7375,0.17777777777777778
2021-05-03T00:00:00.000,16:40,40.59514,-73.754,2,0,1,1,4059,-7375,0.17777777777777778
2021-05-03T00:00:00.000,12:21,40.75544,-73.72199,2,0,1,1,4075,-7372,0.2857142857142857
2021-05-01T00:00:00.000,14:40,40.66156,-73.89375,1,0,1,1,4066,-7389,0.3103448275862069
2021-05-01T00:00:00.000,19:50,40.73392,-73.9928,0,0,0,0,4073,-7399,0.423728813559322
2021-05-03T00:00:00.000,21:39,40.853683,-73.86917,0,0,0,0,4085,-7386,0.33766233766233766
2021-05-03T00:00:00.000,12:30,40.740547,-73.78812,0,0,0,0,4074,-7378,0.43478260869565216
2021-05-03T00:00:00.000,17:00,40.73988,-73.92431,1,0,1,1,4073,-7392,0.4444444444444444
2021-05-03T00:00:00.000,17:59,40.861862,-73.91282,2,0,1,1,4086,-7391,0.38016528925619836
2021-04-30T00:00:00.000,20:30,40.67974,-73.87839,0,0,0,0,4067,-7387,0.30344827586206896
2021-05-03T00:00:00.000,0:00,40.86268,-73.90905,2,0,1,1,4086,-7390,0.42748091603053434
2021-04-07T00:00:00.000,14:25,40.62772,-73.986084,1,0,1,1,4062,-7398,0.38
2021-05-03T00:00:00.000,14:20,40.78228,-73.80861,2,0,1,1,4078,-7380,0.30434782608695654
2021-05-02T00:00:00.000,23:45,40.78202,-73.91703,0,0,0,0,4078,-7391,0.2777777777777778
2021-05-03T00:00:00.000,8:07,40.829,-73.83642,1,0,1,1,4082,-7383,0.34210526315789475
2021-05-02T00:00:00.000,12:31,40.73384,-74.00121,1,0,1,1,4073,-7400,0.2403846153846154
2021-05-02T00:00:00.000,17:16,40.669037,-73.86569,0,0,0,0,4066,-7386,0.35
2021-05-03T00:00:00.000,3:15,40.851936,-73.91078,0,0,0,0,4085,-7391,0.373134328358209
2021-05-02T00:00:00.000,0:00,40.662827,-73.888405,0,0,0,0,4066,-7388,0.37012987012987014
2021-05-03T00:00:00.000,15:48,40.75923,-73.88604,3,0,1,1,4075,-7388,0.3402061855670103
2021-05-03T00:00:00.000,21:15,40.82802,-73.93122,0,0,0,0,4082,-7393,0.36645962732919257
2021-05-03T00:00:00.000,7:50,40.80853,-73.92155,1,0,1,1,4080,-7392,0.3141025641025641
2021-05-03T00:00:00.000,7:50,40.84937,-73.89858,0,0,0,0,4084,-7389,0.33766233766233766
2021-05-03T00:00:00.000,0:01,40.69912,-73.73604,0,0,0,0,4069,-7373,0.36585365853658536
2021-05-03T00:00:00.000,13:35,40.757233,-73.9898,0,0,0,0,4075,-7398,0.3170731707317073
2021-05-02T00:00:00.000,12:21,40.833633,-73.92615,0,0,0,0,4083,-7392,0.310126582278481
2021-05-01T00:00:00.000,8:30,40.680653,-73.87309,0,0,0,0,4068,-7387,0.24719101123595505
2021-05-03T00:00:00.000,15:35,40.717022,-73.94913,1,0,1,1,4071,-7394,0.3710691823899371
2021-05-03T00:00:00.000,17:00,40.739674,-73.934586,0,0,0,0,4073,-7393,0.38461538461538464
2021-05-02T00:00:00.000,14:31,40.852802,-73.8883,1,0,1,1,4085,-7388,0.3
2021-05-03T00:00:00.000,18:15,40.86751,-73.83567,0,0,0,0,4086,-7383,0.3448275862068966
2021-05-03T00:00:00.000,17:20,40.633278,-73.983185,0,0,0,0,4063,-7398,0.4827586206896552
2021-04-28T00:00:00.000,11:45,40.696934,-73.80358,0,0,0,0,4069,-7380,0.38461538461538464
2021-05-03T00:00:00.000,11:08,40.684383,-73.823265,0,0,0,0,4068,-7382,0.41975308641975306
2021-05-03T00:00:00.000,5:15,40.652588,-73.93049,1,0,1,1,4065,-7393,0.44366197183098594
2021-05-03T00:00:00.000,17:07,40.81636,-73.891815,0,0,0,0,4081,-7389,0.31543624161073824
2021-05-01T00:00:00.000,4:20,40.86758,-73.91842,1,0,1,1,4086,-7391,0.38016528925619836
2021-05-03T00:00:00.000,6:40,40.72707,-73.75457,0,0,0,0,4072,-7375,0.2727272727272727
2021-05-03T00:00:00.000,15:17,40.77054,-73.93205,0,0,0,0,4077,-7393,0.20833333333333334
2021-05-03T00:00:00.000,5:00,40.540833,-74.17738,1,0,1,1,4054,-7417,0.4444444444444444
2021-05-03T00:00:00.000,9:00,40.824207,-73.87529,0,0,0,0,4082,-7387,0.33544303797468356
2021-05-03T00:00:00.000,10:28,40.715157,-74.01018,0,0,0,0,4071,-7401,0.3181818181818182
2021-05-03T00:00:00.000,14:40,40.574463,-74.092606,0,0,0,0,4057,-7409,0.1111111111111111
2021-05-03T00:00:00.000,0:45,40.65801,-73.92078,0,0,0,0,4065,-7392,0.35555555555555557
2021-05-03T00:00:00.000,18:11,40.62284,-74.00121,0,0,0,0,4062,-7400,0.3150684931506849
2021-05-02T00:00:00.000,2:54,40.679676,-73.87863,0,0,0,0,4067,-7387,0.30344827586206896
2021-05-02T00:00:00.000,13:30,40.668587,-73.877556,0,0,0,0,4066,-7387,0.38461538461538464
2021-05-03T00:00:00.000,16:10,40.751408,-73.93757,1,0,1,1,4075,-7393,0.43478260869565216
2021-05-02T00:00:00.000,13:30,40.746784,-73.78546,0,0,0,0,4074,-7378,0.43478260869565216
2021-05-03T00:00:00.000,13:50,40.648823,-73.971565,0,0,0,0,4064,-7397,0.4095238095238095
2021-05-03T00:00:00.000,15:30,40.741028,-73.93432,0,0,0,0,4074,-7393,0.3333333333333333
2021-05-03T00:00:00.000,21:36,40.84227,-73.88196,0,0,0,0,4084,-7388,0.390625
2021-05-01T00:00:00.000,10:35,40.871475,-73.91857,1,0,1,1,4087,-7391,0.25925925925925924
2021-05-01T00:00:00.000,21:50,40.675606,-73.870575,1,0,1,1,4067,-7387,0.30344827586206896
2021-05-01T00:00:00.000,19:46,40.807087,-73.94178,0,0,0,0,4080,-7394,0.41116751269035534
2021-05-03T00:00:00.000,11:00,40.81575,-73.88708,0,0,0,0,4081,-7388,0.25471698113207547
2021-05-03T00:00:00.000,8:30,40.717033,-73.8221,0,0,0,0,4071,-7382,0.379746835443038
2021-05-03T00:00:00.000,10:50,40.768547,-73.90464,0,0,0,0,4076,-7390,0.3055555555555556
2021-05-03T00:00:00.000,23:00,40.845108,-73.913025,0,0,0,0,4084,-7391,0.32558139534883723
2021-05-03T00:00:00.000,14:50,40.693436,-73.97586,0,0,0,0,4069,-7397,0.3253012048192771
2021-05-03T00:00:00.000,17:00,40.702934,-73.811615,0,0,0,0,4070,-7381,0.3194444444444444
2021-05-03T00:00:00.000,19:30,40.556496,-74.138306,0,0,0,0,4055,-7413,0.2777777777777778
2021-05-01T00:00:00.000,14:41,40.856743,-73.89527,0,0,0,0,4085,-7389,0.3353658536585366
2021-05-03T00:00:00.000,23:00,40.66849,-73.88645,0,0,0,0,4066,-7388,0.37012987012987014
2021-05-03T00:00:00.000,10:10,40.67871,-73.98019,0,0,0,0,4067,-7398,0.3655913978494624
2021-05-02T00:00:00.000,0:00,40.674397,-73.896515,0,0,0,0,4067,-7389,0.33852140077821014
2021-05-03T00:00:00.000,7:00,40.764435,-73.72269,0,0,0,0,4076,-7372,0.3333333333333333
2021-05-02T00:00:00.000,21:23,40.672337,-73.87508,0,0,0,0,4067,-7387,0.30344827586206896
2021-05-03T00:00:00.000,0:40,40.68348,-73.966896,0,0,0,0,4068,-7396,0.42567567567567566
2021-09-19T00:00:00.000,23:05,40.665474,-73.74751,2,0,1,1,4066,-7374,0.3698630136986301
2021-05-03T00:00:00.000,12:22,40.86235,-73.89997,0,0,0,0,4086,-7389,0.40606060606060607
2021-05-02T00:00:00.000,16:30,40.591305,-73.994545,0,0,0,0,4059,-7399,0.3076923076923077
2021-05-03T00:00:00.000,23:01,40.738495,-73.90274,1,0,1,1,4073,-7390,0.42424242424242425
2021-05-03T00:00:00.000,7:00,40.76289,-73.805534,0,0,0,0,4076,-7380,0.4
2021-05-03T00:00:00.000,10:30,40.711037,-73.96059,1,0,1,1,4071,-7396,0.3218390804597701
2021-04-23T00:00:00.000,15:10,40.703033,-73.797134,0,0,0,0,4070,-7379,0.3978494623655914
2021-05-02T00:00:00.000,23:55,40.65414,-73.88732,2,0,1,1,4065,-7388,0.41509433962264153
2021-05-03T00:00:00.000,15:00,40.774612,-73.92399,1,0,1,1,4077,-7392,0.3269230769230769
2021-05-01T00:00:00.000,20:20,40.68193,-73.87827,0,0,0,0,4068,-7387,0.24719101123595505
2021-05-03T00:00:00.000,1:28,40.862755,-73.901085,1,0,1,1,4086,-7390,0.42748091603053434
2021-05-01T00:00:00.000,15:20,40.608105,-73.75414,0,0,0,0,4060,-7375,0.17117117117117117
2021-05-03T00:00:00.000,2:00,40.667305,-73.93126,0,0,0,0,4066,-7393,0.38578680203045684
2021-05-02T00:00:00.000,23:20,40.77039,-73.91771,2,0,1,1,4077,-7391,0.3157894736842105
2021-05-03T00:00:00.000,17:20,40.878056,-73.83482,4,0,1,1,4087,-7383,0.3333333333333333
2021-05-03T00:00:00.000,20:40,40.79398,-73.97229,0,0,0,0,4079,-7397,0.24210526315789474
2021-05-03T00:00:00.000,7:50,40.751434,-73.94725,2,0,1,1,4075,-7394,0.41333333333333333
2021-05-03T00:00:00.000,1:23,40.66059,-73.931335,0,0,0,0,4066,-7393,0.38578680203045684
2021-05-03T00:00:00.000,8:30,40.708252,-73.781456,1,0,1,1,4070,-7378,0.34523809523809523
2021-05-03T00:00:00.000,16:50,40.605335,-73.75528,1,0,1,1,4060,-7375,0.17117117117117117
2021-05-02T00:00:00.000,15:56,40.746788,-73.98846,1,0,1,1,4074,-7398,0.40131578947368424
2021-05-03T00:00:00.000,11:45,40.665916,-73.81528,2,0,1,1,4066,-7381,0.4716981132075472
2021-05-03T00:00:00.000,19:00,40.83521,-73.85498,0,0,0,0,4083,-7385,0.30158730158730157
2021-05-02T00:00:00.000,18:20,40.844105,-73.898,0,0,0,0,4084,-7389,0.33766233766233766
2021-05-03T00:00:00.000,18:30,40.673798,-73.73179,0,0,0,0,4067,-7373,0.46835443037974683
2021-05-03T00:00:00.000,10:26,40.711643,-73.94392,2,0,1,1,4071,-7394,0.3710691823899371
2021-04-27T00:00:00.000,16:13,40.87823,-73.84438,0,0,0,0,4087,-7384,0.47297297297297297
2021-05-03T00:00:00.000,9:10,40.695282,-73.84114,1,0,1,1,4069,-7384,0.26666666666666666
2021-05-03T00:00:00.000,11:24,40.65636,-73.93479,0,0,0,0,4065,-7393,0.44366197183098594
2021-04-28T00:00:00.000,20:15,40.6742,-73.99984,0,0,0,0,4067,-7399,0.3258426966292135
2021-09-19T00:00:00.000,10:50,40.66208,-73.92121,2,0,1,1,4066,-7392,0.355
2021-05-03T00:00:00.000,8:20,40.86155,-73.92472,3,0,1,1,4086,-7392,0.359375
2021-05-03T00:00:00.000,9:42,40.700768,-73.990944,1,0,1,1,4070,-7399,0.21052631578947367
2021-05-03T00:00:00.000,16:40,40.846657,-73.89619,1,0,1,1,4084,-7389,0.33766233766233766
2021-04-27T00:00:00.000,10:50,40.675053,-73.87436,1,0,1,1,4067,-7387,0.30344827586206896
2021-05-03T00:00:00.000,13:00,40.654957,-74.007034,1,0,1,1,4065,-7400,0.41509433962264153
2021-05-03T00:00:00.000,8:59,40.81457,-73.931,1,0,1,1,4081,-7393,0.32432432432432434
2021-05-02T00:00:00.000,1:15,40.77421,-73.93182,1,0,1,1,4077,-7393,0.20833333333333334
2021-05-02T00:00:00.000,14:30,40.68109,-73.90338,1,0,1,1,4068,-7390,0.4421052631578947
2021-05-03T00:00:00.000,7:58,40.707096,-73.834984,0,0,0,0,4070,-7383,0.3541666666666667
2021-05-03T00:00:00.000,14:30,40.781685,-73.845024,0,0,0,0,4078,-7384,0.23809523809523808
2021-05-03T00:00:00.000,17:54,40.85935,-73.90117,1,0,1,1,4085,-7390,0.42207792207792205
2021-05-03T00:00:00.000,1:26,40.8451,-73.91878,0,0,0,0,4084,-7391,0.32558139534883723
2021-04-26T00:00:00.000,15:10,40.83694,-73.927124,0,0,0,0,4083,-7392,0.310126582278481
2021-05-03T00:00:00.000,14:30,40.851967,-73.897095,1,0,1,1,4085,-7389,0.3353658536585366
2021-05-03T00:00:00.000,6:30,40.690926,-73.92066,0,0,0,0,4069,-7392,0.3584905660377358
2021-05-03T00:00:00.000,19:01,40.80698,-73.95351,0,0,0,0,4080,-7395,0.381294964028777
2021-05-03T00:00:00.000,17:30,40.624523,-74.11702,4,0,1,1,4062,-7411,0.5238095238095238
2021-05-03T00:00:00.000,4:44,40.690907,-73.95542,3,0,1,1,4069,-7395,0.30952380952380953
2021-05-03T00:00:00.000,18:33,40.841354,-73.88033,0,0,0,0,4084,-7388,0.390625
2021-05-03T00:00:00.000,0:32,40.6468,-73.88496,0,0,0,0,4064,-7388,0.3225806451612903
2021-05-01T00:00:00.000,10:35,40.69726,-73.80575,1,0,1,1,4069,-7380,0.38461538461538464
2021-05-03T00:00:00.000,9:30,40.660557,-73.94337,0,0,0,0,4066,-7394,0.36792452830188677
2021-05-03T00:00:00.000,18:52,40.82681,-73.889984,0,0,0,0,4082,-7388,0.27624309392265195
2021-05-03T00:00:00.000,11:20,40.584564,-73.97194,0,0,0,0,4058,-7397,0.2727272727272727
2021-05-03T00:00:00.000,9:20,40.743275,-73.77572,1,0,1,1,4074,-7377,0.36363636363636365
2021-05-03T00:00:00.000,14:53,40.866047,-73.882744,1,0,1,1,4086,-7388,0.23943661971830985
2021-05-01T00:00:00.000,8:15,40.65851,-73.89081,0,0,0,0,4065,-7389,0.34965034965034963
2021-04-28T00:00:00.000,22:15,40.655895,-74.00591,0,0,0,0,4065,-7400,0.41509433962264153
2021-05-03T00:00:00.000,16:02,40.743538,-73.83374,0,0,0,0,4074,-7383,0.4067796610169492
2021-05-03T00:00:00.000,14:50,40.68736,-73.99788,0,0,0,0,4068,-7399,0.17857142857142858
2021-04-30T00:00:00.000,18:50,40.667507,-73.88007,0,0,0,0,4066,-7388,0.37012987012987014
2021-05-03T00:00:00.000,2:00,40.588,-73.80729,0,0,0,0,4058,-7380,0.4
2021-05-03T00:00:00.000,13:52,40.789116,-73.82259,1,0,1,1,4078,-7382,0.3
2021-05-03T00:00:00.000,1:10,40.652866,-73.7293,1,0,1,1,4065,-7372,0.26666666666666666
2021-05-01T00:00:00.000,21:00,40.687492,-73.87789,0,0,0,0,4068,-7387,0.24719101123595505
2021-05-02T00:00:00.000,23:35,40.807545,-73.95681,0,0,0,0,4080,-7395,0.381294964028777
2021-05-03T00:00:00.000,11:30,40.658836,-73.92365,0,0,0,0,4065,-7392,0.35555555555555557
2021-05-03T00:00:00.000,18:30,40.85493,-73.82617,6,0,1,1,4085,-7382,0.45714285714285713
2021-04-28T00:00:00.000,17:45,40.650806,-73.94958,1,0,1,1,4065,-7394,0.43137254901960786
2021-05-02T00:00:00.000,11:05,40.87356,-73.81853,1,0,1,1,4087,-7381,0.5
2021-05-01T00:00:00.000,23:11,40.666885,-73.98159,1,0,1,1,4066,-7398,0.421875
2021-04-19T00:00:00.000,19:02,40.673588,-73.96296,0,0,0,0,4067,-7396,0.3466666666666667
2021-05-01T00:00:00.000,16:00,40.69108,-73.98439,0,0,0,0,4069,-7398,0.3229166666666667
2021-05-03T00:00:00.000,18:20,40.72277,-73.83625,1,0,1,1,4072,-7383,0.4909090909090909
2021-09-19T00:00:00.000,1:30,40.81853,-73.8989,0,0,0,0,4081,-7389,0.31543624161073824
2021-05-03T00:00:00.000,16:10,40.576378,-74.10383,1,0,1,1,4057,-7410,0.3877551020408163
2021-05-03T00:00:00.000,21:00,40.666134,-73.88492,1,0,1,1,4066,-7388,0.37012987012987014
2021-05-03T00:00:00.000,1:00,40.669403,-73.94221,0,0,0,0,4066,-7394,0.36792452830188677
2021-05-03T00:00:00.000,17:45,40.681835,-73.97584,0,0,0,0,4068,-7397,0.3412322274881517
2021-05-03T00:00:00.000,4:40,40.662735,-73.888336,0,0,0,0,4066,-7388,0.37012987012987014
2021-05-03T00:00:00.000,15:08,40.669476,-73.870476,0,0,0,0,4066,-7387,0.38461538461538464
2021-05-03T00:00:00.000,2:59,40.82193,-73.88844,0,0,0,0,4082,-7388,0.27624309392265195
2021-04-25T00:00:00.000,17:25,40.75705,-73.91283,0,0,0,0,4075,-7391,0.4777777777777778
2021-05-03T00:00:00.000,12:00,40.6724,-73.811584,0,0,0,0,4067,-7381,0.4230769230769231
2021-05-03T00:00:00.000,4:58,40.855156,-73.8892,0,0,0,0,4085,-7388,0.3
2021-05-03T00:00:00.000,9:00,40.862614,-73.835175,0,0,0,0,4086,-7383,0.3448275862068966
2021-05-03T00:00:00.000,15:05,40.845108,-73.89051,1,0,1,1,4084,-7389,0.33766233766233766
2021-04-30T00:00:00.000,15:23,40.657665,-73.89705,1,0,1,1,4065,-7389,0.34965034965034963
2021-05-03T00:00:00.000,16:54,40.87111,-73.83741,2,0,1,1,4087,-7383,0.3333333333333333
2021-09-19T00:00:00.000,16:00,40.828278,-73.907036,3,0,1,1,4082,-7390,0.3025210084033613
2021-05-03T00:00:00.000,8:10,40.78294,-73.948044,0,0,0,0,4078,-7394,0.33513513513513515
2021-04-30T00:00:00.000,20:20,40.661385,-73.8841,0,0,0,0,4066,-7388,0.37012987012987014
2021-05-03T00:00:00.000,3:44,40.803555,-73.91184,1,0,1,1,4080,-7391,0.38961038961038963
2021-05-02T00:00:00.000,16:00,40.83801,-73.87329,1,0,1,1,4083,-7387,0.38414634146341464
2021-05-03T00:00:00.000,18:30,40.679478,-73.893936,3,0,1,1,4067,-7389,0.33852140077821014
2021-05-03T00:00:00.000,8:50,40.764603,-73.819305,0,0,0,0,4076,-7381,0.4716981132075472
2021-05-03T00:00:00.000,4:10,40.648308,-73.91363,1,0,1,1,4064,-7391,0.39805825242718446
2021-05-03T00:00:00.000,13:25,40.830563,-73.92727,1,0,1,1,4083,-7392,0.310126582278481
2021-05-03T00:00:00.000,12:00,40.65911,-73.89922,1,0,1,1,4065,-7389,0.34965034965034963
2021-04-30T00:00:00.000,22:30,40.677155,-73.88773,0,0,0,0,4067,-7388,0.30434782608695654
2021-05-03T00:00:00.000,14:45,40.73995,-73.84553,0,0,0,0,4073,-7384,0.2682926829268293
2021-05-02T00:00:00.000,19:45,40.747967,-74.00485,0,0,0,0,4074,-7400,0.27710843373493976
2021-05-03T00:00:00.000,9:40,40.670193,-73.97793,0,0,0,0,4067,-7397,0.2818181818181818
2021-05-03T00:00:00.000,13:15,40.577118,-74.001114,0,0,0,0,4057,-7400,0.3157894736842105
2021-05-03T00:00:00.000,15:00,0.0,0.0,1,0,1,1,0,0,0.40425531914893614
2021-05-03T00:00:00.000,1:15,40.694363,-73.958,0,0,0,0,4069,-7395,0.30952380952380953
2021-05-03T00:00:00.000,14:14,40.62452,-73.99749,0,0,0,0,4062,-7399,0.3835616438356164
2021-05-03T00:00:00.000,14:50,40.732254,-73.99636,0,0,0,0,4073,-7399,0.423728813559322
2021-05-03T00:00:00.000,7:40,40.84519,-73.9112,0,0,0,0,4084,-7391,0.32558139534883723
2021-05-02T00:00:00.000,21:00,40.72823,-73.83313,1,0,1,1,4072,-7383,0.4909090909090909
2021-05-03T00:00:00.000,20:00,40.651966,-73.929245,1,0,1,1,4065,-7392,0.35555555555555557
2021-05-03T00:00:00.000,5:49,40.719025,-73.98978,1,0,1,1,4071,-7398,0.39568345323741005
2021-05-03T00:00:00.000,9:26,40.862392,-73.91802,0,0,0,0,4086,-7391,0.38016528925619836
2021-05-02T00:00:00.000,20:41,40.617287,-73.97786,1,0,1,1,4061,-7397,0.421875
2021-05-02T00:00:00.000,15:32,40.840446,-73.86692,0,0,0,0,4084,-7386,0.375
2021-05-03T00:00:00.000,4:10,40.691948,-73.939835,1,0,1,1,4069,-7393,0.3141025641025641
2021-05-03T00:00:00.000,12:15,40.615795,-73.93937,2,0,1,1,4061,-7393,0.34285714285714286
2021-04-28T00:00:00.000,10:50,0.0,0.0,1,0,1,1,0,0,0.40425531914893614
2021-05-03T00:00:00.000,9:00,40.629253,-73.957054,0,0,0,0,4062,-7395,0.4444444444444444
2021-05-03T00:00:00.000,11:10,40.763466,-73.99477,0,0,0,0,4076,-7399,0.3275862068965517
2021-05-03T00:00:00.000,20:40,40.85407,-73.88421,0,0,0,0,4085,-7388,0.3
2021-05-03T00:00:00.000,5:50,40.839626,-73.940834,0,0,0,0,4083,-7394,0.38926174496644295
2021-05-02T00:00:00.000,20:30,40.83511,-73.91945,1,0,1,1,4083,-7391,0.33714285714285713
2021-05-03T00:00:00.000,17:15,40.710876,-74.01439,0,0,0,0,4071,-7401,0.3181818181818182
2021-04-30T00:00:00.000,16:35,40.608215,-73.99809,0,0,0,0,4060,-7399,0.31683168316831684
2021-05-03T00:00:00.000,7:53,40.810764,-73.9526,1,0,1,1,4081,-7395,0.3509933774834437
2021-05-03T00:00:00.000,8:00,40.74447,-73.911514,0,0,0,0,4074,-7391,0.38333333333333336
2024-09-28T00:00:00.000,21:58,40.584366,-73.9271,0,0,0,0,4058,-7392,0.375
2021-05-03T00:00:00.000,9:00,40.853622,-73.88766,0,0,0,0,4085,-7388,0.3
2021-05-03T00:00:00.000,12:15,40.692715,-73.98873,1,0,1,1,4069,-7398,0.3229166666666667
2021-05-03T00:00:00.000,2:15,40.830658,-73.93517,0,0,0,0,4083,-7393,0.3333333333333333
2021-05-03T00:00:00.000,18:20,40.62872,-73.938545,0,0,0,0,4062,-7393,0.4444444444444444
2021-05-03T00:00:00.000,21:38,40.76555,-73.83911,1,0,1,1,4076,-7383,0.33695652173913043
2021-04-28T00:00:00.000,6:00,40.84018,-73.92647,0,0,0,0,4084,-7392,0.3181818181818182
2021-05-01T00:00:00.000,12:00,40.803215,-73.9465,0,0,0,0,4080,-7394,0.41116751269035534
2021-05-03T00:00:00.000,16:34,40.815235,-73.93756,0,0,0,0,4081,-7393,0.32432432432432434
2021-05-03T00:00:00.000,8:00,40.690372,-73.99481,0,0,0,0,4069,-7399,0.29473684210526313
2021-05-02T00:00:00.000,22:30,40.676594,-73.89038,0,0,0,0,4067,-7389,0.33852140077821014
2021-05-02T00:00:00.000,11:30,40.666996,-73.86789,3,0,1,1,4066,-7386,0.35
2021-05-03T00:00:00.000,22:40,40.85208,-73.82685,1,0,1,1,4085,-7382,0.45714285714285713
2021-05-01T00:00:00.000,18:45,40.592907,-73.79516,2,0,1,1,4059,-7379,0.2692307692307692
2021-05-03T00:00:00.000,12:23,40.64305,-73.89722,1,0,1,1,4064,-7389,0.43478260869565216
2021-04-30T00:00:00.000,15:00,40.63062,-73.99574,1,0,1,1,4063,-7399,0.47692307692307695
2021-05-01T00:00:00.000,1:45,40.675224,-73.89097,0,0,0,0,4067,-7389,0.33852140077821014
2021-05-03T00:00:00.000,23:00,40.65616,-73.76736,1,0,1,1,4065,-7376,0.35714285714285715
2021-04-23T00:00:00.000,19:15,40.827774,-73.945755,0,0,0,0,4082,-7394,0.3812154696132597
2021-05-03T00:00:00.000,17:55,40.80249,-73.95082,1,0,1,1,4080,-7395,0.381294964028777
2021-05-03T00:00:00.000,10:50,40.652954,-73.920166,0,0,0,0,4065,-7392,0.35555555555555557
2021-05-03T00:00:00.000,16:20,40.876183,-73.854454,2,0,1,1,4087,-7385,0.37681159420289856
2021-05-03T00:00:00.000,6:50,40.732716,-73.95807,2,0,1,1,4073,-7395,0.30434782608695654
2021-05-03T00:00:00.000,0:00,40.82161,-73.891716,0,0,0,0,4082,-7389,0.37423312883435583
2021-05-02T00:00:00.000,19:00,40.677917,-73.93861,2,0,1,1,4067,-7393,0.3755868544600939
2021-05-02T00:00:00.000,4:39,40.844604,-73.90348,1,0,1,1,4084,-7390,0.366120218579235
2021-05-03T00:00:00.000,13:43,40.593388,-73.77881,2,0,1,1,4059,-7377,0.2692307692307692
2021-05-03T00:00:00.000,22:31,40.75504,-73.97278,0,0,0,0,4075,-7397,0.375886524822695
2021-05-03T00:00:00.000,20:00,40.62284,-74.00121,2,0,1,1,4062,-7400,0.3150684931506849
2021-05-03T00:00:00.000,5:45,40.85078,-73.91222,0,0,0,0,4085,-7391,0.373134328358209
2021-05-03T00:00:00.000,2:11,40.582756,-74.13041,1,0,1,1,4058,-7413,0.6363636363636364
2021-05-03T00:00:00.000,17:00,40.629852,-73.93868,0,0,0,0,4062,-7393,0.4444444444444444
2021-05-02T00:00:00.000,0:00,40.661232,-73.91051,0,0,0,0,4066,-7391,0.3630952380952381
2021-05-03T00:00:00.000,9:25,40.818157,-73.90625,0,0,0,0,4081,-7390,0.3888888888888889
2021-05-03T00:00:00.000,14:30,40.666046,-73.929794,0,0,0,0,4066,-7392,0.355
2021-05-03T00:00:00.000,16:50,40.691933,-73.7582,1,0,1,1,4069,-7375,0.3584905660377358
2021-05-02T00:00:00.000,14:15,40.675735,-73.89686,0,0,0,0,4067,-7389,0.33852140077821014
2021-05-03T00:00:00.000,14:48,40.824398,-73.909706,1,0,1,1,4082,-7390,0.3025210084033613
2021-05-01T00:00:00.000,13:00,40.60098,-73.75555,0,0,0,0,4060,-7375,0.17117117117117117
2021-09-19T00:00:00.000,19:30,40.665348,-73.72986,0,0,0,0,4066,-7372,0.6190476190476191
2021-04-29T00:00:00.000,5:08,40.677624,-73.93308,2,0,1,1,4067,-7393,0.3755868544600939
2021-05-03T00:00:00.000,13:30,40.75829,-73.83431,0,0,0,0,4075,-7383,0.37681159420289856
2021-04-23T00:00:00.000,1:20,40.703434,-73.91181,0,0,0,0,4070,-7391,0.27450980392156865
2021-05-01T00:00:00.000,3:01,40.832886,-73.94402,0,0,0,0,4083,-7394,0.38926174496644295
2021-05-03T00:00:00.000,8:52,40.704178,-73.88953,1,0,1,1,4070,-7388,0.3448275862068966
2021-05-02T00:00:00.000,19:08,40.641003,-73.94755,0,0,0,0,4064,-7394,0.42342342342342343
2021-05-01T00:00:00.000,4:50,40.80003,-73.954865,1,0,1,1,4080,-7395,0.381294964028777
2021-05-03T00:00:00.000,11:40,40.79094,-73.947235,0,0,0,0,4079,-7394,0.3523809523809524
2021-05-03T00:00:00.000,6:19,40.83718,-73.942604,2,0,1,1,4083,-7394,0.38926174496644295
2021-05-03T00:00:00.000,21:30,40.683514,-73.84064,0,0,0,0,4068,-7384,0.3333333333333333
2021-05-03T00:00:00.000,10:30,40.64464,-74.01757,1,0,1,1,4064,-7401,0.4295774647887324
2021-05-03T00:00:00.000,2:07,40.879307,-73.90295,2,0,1,1,4087,-7390,0.3184713375796178
2021-05-03T00:00:00.000,6:15,40.758175,-73.91729,0,0,0,0,4075,-7391,0.4777777777777778
2021-05-03T00:00:00.000,21:30,40.750717,-73.85877,1,0,1,1,4075,-7385,0.3048780487804878
2021-05-03T00:00:00.000,0:41,40.61533,-73.97115,0,0,0,0,4061,-7397,0.421875
2021-05-03T00:00:00.000,7:45,40.534096,-74.1863,0,0,0,0,4053,-7418,0.0
2021-05-03T00:00:00.000,17:33,40.884876,-73.82686,0,0,0,0,4088,-7382,0.2765957446808511
2021-05-01T00:00:00.000,0:40,40.669186,-73.87479,0,0,0,0,4066,-7387,0.38461538461538464
2021-05-03T00:00:00.000,11:48,40.880947,-73.85456,1,0,1,1,4088,-7385,0.36619718309859156
2021-05-03T00:00:00.000,17:00,40.675404,-73.80365,0,0,0,0,4067,-7380,0.24615384615384617
2021-05-03T00:00:00.000,6:17,40.664246,-73.88625,0,0,0,0,4066,-7388,0.37012987012987014
2021-05-03T00:00:00.000,12:52,40.64254,-73.87652,0,0,0,0,4064,-7387,0.4918032786885246
2021-05-03T00:00:00.000,1:02,40.70403,-73.966934,0,0,0,0,4070,-7396,0.3431372549019608
2021-05-02T00:00:00.000,20:30,40.72983,-74.010666,1,0,1,1,4072,-7401,0.4
2021-05-03T00:00:00.000,21:20,40.706604,-74.00841,1,0,1,1,4070,-7400,0.2542372881355932
2021-04-28T00:00:00.000,13:00,40.74955,-73.88618,0,0,0,0,4074,-7388,0.2978723404255319
2021-04-28T00:00:00.000,15:14,40.819,-73.86432,0,0,0,0,4081,-7386,0.23333333333333334
2021-04-28T00:00:00.000,16:45,40.818386,-73.95632,0,0,0,0,4081,-7395,0.3509933774834437
2021-05-03T00:00:00.000,8:34,40.76848,-73.809494,1,0,1,1,4076,-7380,0.4
2021-05-03T00:00:00.000,17:25,40.772682,-73.92746,0,0,0,0,4077,-7392,0.3269230769230769
2021-09-19T00:00:00.000,15:15,40.67297,-73.97162,1,0,1,1,4067,-7397,0.2818181818181818
2021-05-03T00:00:00.000,17:41,40.857548,-73.85638,0,0,0,0,4085,-7385,0.3125
2021-05-03T00:00:00.000,11:00,40.680477,-73.951164,0,0,0,0,4068,-7395,0.38571428571428573
2021-05-03T00:00:00.000,1:13,40.71016,-73.98854,3,0,1,1,4071,-7398,0.39568345323741005
2021-05-03T00:00:00.000,21:00,40.72311,-73.98923,1,0,1,1,4072,-7398,0.4342105263157895
2021-05-03T00:00:00.000,7:40,40.69819,-73.96191,0,0,0,0,4069,-7396,0.325
2021-05-03T00:00:00.000,18:10,40.705235,-73.883316,0,0,0,0,4070,-7388,0.3448275862068966
2021-05-03T00:00:00.000,12:20,40.608204,-73.920715,0,0,0,0,4060,-7392,0.3333333333333333
2021-05-03T00:00:00.000,16:00,40.888058,-73.90754,0,0,0,0,4088,-7390,0.2702702702702703
2021-05-02T00:00:00.000,17:50,40.68986,-73.95147,1,0,1,1,4068,-7395,0.38571428571428573
2021-05-03T00:00:00.000,1:10,40.736927,-73.8648,0,0,0,0,4073,-7386,0.3464566929133858
2021-05-03T00:00:00.000,19:40,40.59052,-73.805336,0,0,0,0,4059,-7380,0.5
2021-05-03T00:00:00.000,13:40,40.7406,-73.879326,1,0,1,1,4074,-7387,0.25663716814159293
2021-05-03T00:00:00.000,19:45,40.674812,-73.86363,0,0,0,0,4067,-7386,0.3431372549019608
2021-04-30T00:00:00.000,14:30,40.671635,-73.868935,0,0,0,0,4067,-7386,0.3431372549019608
2021-04-28T00:00:00.000,20:00,40.801666,-73.95677,0,0,0,0,4080,-7395,0.381294964028777
2021-05-02T00:00:00.000,23:01,40.70318,-73.86058,0,0,0,0,4070,-7386,0.38235294117647056
2021-05-03T00:00:00.000,15:25,40.761173,-73.95789,0,0,0,0,4076,-7395,0.3696969696969697
2021-05-03T00:00:00.000,19:00,40.70318,-73.81327,0,0,0,0,4070,-7381,0.3194444444444444
2021-05-03T00:00:00.000,7:30,40.768883,-73.841286,0,0,0,0,4076,-7384,0.0
2021-05-01T00:00:00.000,14:36,40.85959,-73.86521,0,0,0,0,4085,-7386,0.33766233766233766
2021-04-28T00:00:00.000,19:45,40.667168,-73.88087,0,0,0,0,4066,-7388,0.37012987012987014
2021-05-01T00:00:00.000,12:28,40.65047,-73.885475,0,0,0,0,4065,-7388,0.41509433962264153
2021-05-02T00:00:00.000,13:35,40.665474,-73.86752,4,0,1,1,4066,-7386,0.35
2021-05-03T00:00:00.000,13:59,0.0,0.0,1,0,1,1,0,0,0.40425531914893614
2021-05-03T00:00:00.000,7:05,40.65217,-73.96141,1,0,1,1,4065,-7396,0.3939393939393939
2021-04-28T00:00:00.000,18:50,40.76502,-73.9174,2,0,1,1,4076,-7391,0.40476190476190477
2021-09-19T00:00:00.000,18:40,40.6072,-73.75444,0,0,0,0,4060,-7375,0.17117117117117117
2021-09-19T00:00:00.000,15:28,40.83406,-73.944885,1,0,1,1,4083,-7394,0.38926174496644295
2021-09-19T00:00:00.000,18:40,40.712284,-73.78536,1,0,1,1,4071,-7378,0.32653061224489793
2021-09-19T00:00:00.000,12:54,40.680214,-73.94628,3,0,1,1,4068,-7394,0.4409448818897638
2021-09-19T00:00:00.000,0:00,40.63311,-73.97217,2,0,1,1,4063,-7397,0.36893203883495146
2021-09-19T00:00:00.000,13:00,40.734028,-73.84408,1,0,1,1,4073,-7384,0.2682926829268293
2021-09-19T00:00:00.000,8:16,40.8295,-73.94595,1,0,1,1,4082,-7394,0.3812154696132597
2021-09-19T00:00:00.000,21:31,40.785297,-73.955574,0,0,0,0,4078,-7395,0.42168674698795183
2021-09-19T00:00:00.000,14:30,40.760807,-73.78371,1,0,1,1,4076,-7378,0.4
2021-09-19T00:00:00.000,21:00,40.839767,-73.905396,0,0,0,0,4083,-7390,0.3064516129032258
2021-09-19T00:00:00.000,17:50,40.6664,-73.74011,1,0,1,1,4066,-7374,0.3698630136986301
2021-09-14T00:00:00.000,17:12,40.758102,-73.94196,0,0,0,0,4075,-7394,0.41333333333333333
2021-09-19T00:00:00.000,5:20,40.74137,-73.978355,0,0,0,0,4074,-7397,0.4810810810810811
2021-12-19T00:00:00.000,23:50,40.703083,-73.85766,0,0,0,0,4070,-7385,0.39436619718309857
2021-09-19T00:00:00.000,2:50,40.657642,-73.8749,0,0,0,0,4065,-7387,0.2857142857142857
2021-09-13T00:00:00.000,18:20,40.797993,-73.936066,0,0,0,0,4079,-7393,0.36585365853658536
2021-09-19T00:00:00.000,23:18,40.55141,-74.15041,0,0,0,0,4055,-7415,0.3
2021-09-15T00:00:00.000,7:56,40.616825,-73.992516,1,0,1,1,4061,-7399,0.29411764705882354
2021-09-14T00:00:00.000,21:00,40.665257,-73.735344,0,0,0,0,4066,-7373,0.44339622641509435
2021-09-19T00:00:00.000,21:15,40.830906,-73.8736,1,0,1,1,4083,-7387,0.38414634146341464
2021-09-19T00:00:00.000,0:00,40.69546,-73.85271,0,0,0,0,4069,-7385,0.34
2021-09-19T00:00:00.000,4:51,40.850807,-73.86781,0,0,0,0,4085,-7386,0.33766233766233766
2021-08-19T00:00:00.000,9:40,40.639706,-74.01961,0,0,0,0,4063,-7401,0.37777777777777777
2021-09-19T00:00:00.000,4:10,40.76407,-73.80914,1,0,1,1,4076,-7380,0.4
2021-09-19T00:00:00.000,22:00,40.770496,-73.87481,2,0,1,1,4077,-7387,0.35714285714285715
2021-09-14T00:00:00.000,16:46,40.693966,-73.96151,0,0,0,0,4069,-7396,0.325
2021-09-19T00:00:00.000,18:59,40.648045,-74.00009,1,0,1,1,4064,-7400,0.36764705882352944
2021-09-19T00:00:00.000,17:55,40.653854,-73.877754,2,0,1,1,4065,-7387,0.2857142857142857
2021-09-19T00:00:00.000,11:25,40.765648,-73.72392,0,0,0,0,4076,-7372,0.3333333333333333
2021-09-19T00:00:00.000,14:11,40.868546,-73.85859,2,0,1,1,4086,-7385,0.5
2021-09-19T00:00:00.000,1:40,40.7406,-73.879326,0,0,0,0,4074,-7387,0.25663716814159293
2021-09-19T00:00:00.000,7:05,40.525803,-74.22559,0,0,0,0,4052,-7422,0.125
2021-09-19T00:00:00.000,11:00,40.815006,-73.84525,0,0,0,0,4081,-7384,0.3333333333333333
2021-09-19T00:00:00.000,0:20,40.769955,-73.836426,0,0,0,0,4076,-7383,0.33695652173913043
2021-09-14T00:00:00.000,10:15,40.70066,-73.98775,0,0,0,0,4070,-7398,0.21568627450980393
2021-09-19T00:00:00.000,17:05,40.66999,-73.73733,1,0,1,1,4066,-7373,0.44339622641509435
2021-09-19T00:00:00.000,23:00,40.67544,-73.85322,1,0,1,1,4067,-7385,0.26666666666666666
2021-09-14T00:00:00.000,8:00,40.87056,-73.918465,0,0,0,0,4087,-7391,0.25925925925925924
2021-09-19T00:00:00.000,6:05,40.541847,-74.14779,0,0,0,0,4054,-7414,0.2631578947368421
2021-09-06T00:00:00.000,20:06,40.884014,-73.8791,0,0,0,0,4088,-7387,0.14583333333333334
2021-09-19T00:00:00.000,14:00,40.694504,-73.849144,0,0,0,0,4069,-7384,0.26666666666666666
2021-09-19T00:00:00.000,17:09,40.617325,-74.0177,0,0,0,0,4061,-7401,0.2972972972972973
2021-09-19T00:00:00.000,5:40,40.634884,-74.165146,0,0,0,0,4063,-7416,0.3333333333333333
2021-09-19T00:00:00.000,3:30,40.70049,-73.90134,0,0,0,0,4070,-7390,0.37894736842105264
2021-09-12T00:00:00.000,19:02,40.833626,-73.92615,0,0,0,0,4083,-7392,0.310126582278481
2021-09-19T00:00:00.000,21:00,40.870605,-73.8465,1,0,1,1,4087,-7384,0.47297297297297297
2021-09-19T00:00:00.000,0:00,40.671738,-73.86815,0,0,0,0,4067,-7386,0.3431372549019608
2021-09-18T00:00:00.000,1:40,40.775604,-73.90515,0,0,0,0,4077,-7390,0.3404255319148936
2021-09-19T00:00:00.000,19:35,40.683754,-73.88565,0,0,0,0,4068,-7388,0.36538461538461536
2021-09-19T00:00:00.000,0:00,40.704304,-73.92981,1,0,1,1,4070,-7392,0.24305555555555555
2021-09-19T00:00:00.000,0:00,40.713284,-73.7358,0,0,0,0,4071,-7373,0.25
2021-09-19T00:00:00.000,17:40,40.679226,-74.01291,0,0,0,0,4067,-7401,0.32142857142857145
2021-09-19T00:00:00.000,19:00,40.68698,-73.81398,0,0,0,0,4068,-7381,0.4117647058823529
2021-09-19T00:00:00.000,17:07,40.630463,-73.98911,0,0,0,0,4063,-7398,0.4827586206896552
2021-09-06T00:00:00.000,13:45,40.818386,-73.824196,0,0,0,0,4081,-7382,0.07142857142857142
2021-09-19T00:00:00.000,21:00,40.763126,-73.83125,0,0,0,0,4076,-7383,0.33695652173913043
2021-09-12T00:00:00.000,2:20,40.83609,-73.87039,1,0,1,1,4083,-7387,0.38414634146341464
2021-09-19T00:00:00.000,6:24,40.7179,-73.83202,0,0,0,0,4071,-7383,0.37349397590361444
2021-09-14T00:00:00.000,21:37,40.71868,-73.96056,1,0,1,1,4071,-7396,0.3218390804597701
2021-09-19T00:00:00.000,14:45,40.677025,-73.95268,0,0,0,0,4067,-7395,0.3695652173913043
2021-09-19T00:00:00.000,16:25,40.821445,-73.950386,0,0,0,0,4082,-7395,0.4117647058823529
2021-09-17T00:00:00.000,8:59,40.697716,-73.967735,1,0,1,1,4069,-7396,0.325
2021-08-07T00:00:00.000,12:10,40.704697,-73.79681,1,0,1,1,4070,-7379,0.3978494623655914
2021-09-19T00:00:00.000,18:00,40.87384,-73.90892,0,0,0,0,4087,-7390,0.3184713375796178
2021-09-19T00:00:00.000,12:30,40.725048,-73.99402,0,0,0,0,4072,-7399,0.3829787234042553
2021-09-19T00:00:00.000,22:30,40.808773,-73.92426,0,0,0,0,4080,-7392,0.3141025641025641
2021-09-19T00:00:00.000,4:15,40.761425,-73.99419,0,0,0,0,4076,-7399,0.3275862068965517
2021-11-25T00:00:00.000,16:07,40.828346,-73.94906,1,0,1,1,4082,-7394,0.3812154696132597
2021-09-19T00:00:00.000,17:15,40.700123,-73.947136,1,0,1,1,4070,-7394,0.3956043956043956
2021-09-19T00:00:00.000,15:00,40.776546,-73.92377,0,0,0,0,4077,-7392,0.3269230769230769
2021-09-14T00:00:00.000,15:00,40.597588,-74.07697,0,0,0,0,4059,-7407,0.23076923076923078
2021-09-19T00:00:00.000,15:30,40.70174,-73.76545,0,0,0,0,4070,-7376,0.43902439024390244
2021-09-19T00:00:00.000,15:45,40.7476,-73.97858,2,0,1,1,4074,-7397,0.4810810810810811
2021-09-19T00:00:00.000,17:45,40.696373,-73.74525,0,0,0,0,4069,-7374,0.46774193548387094
2021-09-19T00:00:00.000,21:44,40.844368,-73.88902,0,0,0,0,4084,-7388,0.390625
2021-09-18T00:00:00.000,11:30,40.721863,-73.893074,0,0,0,0,4072,-7389,0.41379310344827586
2021-09-07T00:00:00.000,12:25,40.834625,-73.84201,1,0,1,1,4083,-7384,0.22727272727272727
2021-09-18T00:00:00.000,2:15,40.693253,-73.97272,1,0,1,1,4069,-7397,0.3253012048192771
2021-09-19T00:00:00.000,15:50,40.825577,-73.918465,1,0,1,1,4082,-7391,0.3355263157894737
2021-09-18T00:00:00.000,14:00,40.649982,-73.91183,0,0,0,0,4064,-7391,0.39805825242718446
2021-09-11T00:00:00.000,3:00,40.76181,-73.8683,1,0,1,1,4076,-7386,0.40298507462686567
2021-09-19T00:00:00.000,1:40,40.6997,-73.94425,0,0,0,0,4069,-7394,0.417910447761194
2021-09-14T00:00:00.000,15:00,40.798912,-73.93418,0,0,0,0,4079,-7393,0.36585365853658536
2021-09-16T00:00:00.000,18:15,40.89004,-73.85584,0,0,0,0,4089,-7385,0.3813559322033898
2021-09-19T00:00:00.000,15:30,40.76893,-73.8897,0,0,0,0,4076,-7388,0.43283582089552236
2021-09-19T00:00:00.000,3:00,40.75819,-73.82318,0,0,0,0,4075,-7382,0.4915254237288136
2021-09-19T00:00:00.000,21:29,40.835117,-73.87391,0,0,0,0,4083,-7387,0.38414634146341464
2021-09-19T00:00:00.000,15:01,40.744644,-73.731186,0,0,0,0,4074,-7373,0.4
2021-09-19T00:00:00.000,19:15,40.697407,-73.93601,0,0,0,0,4069,-7393,0.3141025641025641
2021-09-19T00:00:00.000,0:51,40.72028,-73.86548,1,0,1,1,4072,-7386,0.42424242424242425
2021-09-19T00:00:00.000,0:55,40.75348,-73.980896,0,0,0,0,4075,-7398,0.3170731707317073
2021-09-19T00:00:00.000,16:57,40.80417,-73.966705,0,0,0,0,4080,-7396,0.31343283582089554
2021-09-19T00:00:00.000,12:12,40.672768,-73.98672,1,0,1,1,4067,-7398,0.3655913978494624
2021-09-19T00:00:00.000,12:19,40.69357,-73.81053,0,0,0,0,4069,-7381,0.3902439024390244
2021-09-19T00:00:00.000,21:50,40.87123,-73.85604,2,0,1,1,4087,-7385,0.37681159420289856
2021-09-19T00:00:00.000,9:50,40.66707,-73.88606,0,0,0,0,4066,-7388,0.37012987012987014
2021-09-19T00:00:00.000,11:30,40.605145,-73.92977,0,0,0,0,4060,-7392,0.3333333333333333
2021-09-17T00:00:00.000,10:15,40.673695,-73.9672,0,0,0,0,4067,-7396,0.3466666666666667
2021-09-19T00:00:00.000,6:15,40.668083,-73.95929,1,0,1,1,4066,-7395,0.44375
2021-09-17T00:00:00.000,7:15,40.850773,-73.93543,0,0,0,0,4085,-7393,0.36585365853658536
2021-09-19T00:00:00.000,9:00,40.85159,-73.867805,0,0,0,0,4085,-7386,0.33766233766233766
2021-09-19T00:00:00.000,22:31,40.66082,-73.98013,0,0,0,0,4066,-7398,0.421875
2021-09-08T00:00:00.000,14:40,40.77981,-73.95035,0,0,0,0,4077,-7395,0.3384615384615385
2021-12-17T00:00:00.000,14:50,40.810863,-73.967224,2,0,1,1,4081,-7396,0.2222222222222222
2021-09-19T00:00:00.000,12:35,40.68966,-74.00047,1,0,1,1,4068,-7400,0.3333333333333333
2021-09-19T00:00:00.000,1:20,40.820137,-73.89029,1,0,1,1,4082,-7389,0.37423312883435583
2021-09-19T00:00:00.000,4:14,40.63744,-74.08033,0,0,0,0,4063,-7408,0.2653061224489796
2021-09-19T00:00:00.000,22:00,40.74763,-73.88394,1,0,1,1,4074,-7388,0.2978723404255319
2021-09-19T00:00:00.000,20:40,40.683132,-73.88259,0,0,0,0,4068,-7388,0.36538461538461536
2021-09-19T00:00:00.000,5:30,40.63603,-73.892166,0,0,0,0,4063,-7389,0.41818181818181815
2021-09-19T00:00:00.000,11:45,40.60612,-73.96565,0,0,0,0,4060,-7396,0.5714285714285714
2021-09-19T00:00:00.000,6:27,40.680676,-73.91404,0,0,0,0,4068,-7391,0.344
2021-09-19T00:00:00.000,19:30,40.699158,-73.927055,0,0,0,0,4069,-7392,0.3584905660377358
2021-09-19T00:00:00.000,3:03,40.667736,-73.75442,3,0,1,1,4066,-7375,0.3
2021-09-19T00:00:00.000,9:17,40.62798,-73.91439,0,0,0,0,4062,-7391,0.3333333333333333
2021-09-19T00:00:00.000,17:33,40.80959,-73.95193,0,0,0,0,4080,-7395,0.381294964028777
2021-09-17T00:00:00.000,4:49,40.84197,-73.90417,2,0,1,1,4084,-7390,0.366120218579235
2021-09-19T00:00:00.000,16:30,40.81698,-73.91625,0,0,0,0,4081,-7391,0.47244094488188976
2021-09-19T00:00:00.000,9:45,40.746815,-73.826164,0,0,0,0,4074,-7382,0.4057971014492754
2021-09-17T00:00:00.000,2:40,40.55154,-74.16011,0,0,0,0,4055,-7416,0.5416666666666666
2021-09-19T00:00:00.000,19:35,40.825954,-73.94337,1,0,1,1,4082,-7394,0.3812154696132597
2021-09-19T00:00:00.000,19:56,40.865543,-73.8368,0,0,0,0,4086,-7383,0.3448275862068966
2021-09-19T00:00:00.000,17:41,40.580574,-74.10728,0,0,0,0,4058,-7410,0.3076923076923077
2021-09-19T00:00:00.000,12:10,40.668648,-73.92835,1,0,1,1,4066,-7392,0.355
2021-09-19T00:00:00.000,8:30,40.852486,-73.927704,1,0,1,1,4085,-7392,0.22
2021-08-13T00:00:00.000,6:31,40.714813,-73.94273,1,0,1,1,4071,-7394,0.3710691823899371
2021-09-19T00:00:00.000,18:10,40.69363,-73.91332,1,0,1,1,4069,-7391,0.2709677419354839
2021-09-19T00:00:00.000,18:45,40.715347,-73.74845,1,0,1,1,4071,-7374,0.23404255319148937
2021-09-19T00:00:00.000,15:59,40.62508,-73.962326,1,0,1,1,4062,-7396,0.375
2021-09-19T00:00:00.000,12:40,40.681923,-73.831924,0,0,0,0,4068,-7383,0.45454545454545453
2021-09-19T00:00:00.000,11:00,40.747242,-73.87798,0,0,0,0,4074,-7387,0.25663716814159293
2021-09-19T00:00:00.000,21:06,40.804585,-73.91213,0,0,0,0,4080,-7391,0.38961038961038963
2021-09-19T00:00:00.000,2:10,40.836384,-73.87039,0,0,0,0,4083,-7387,0.38414634146341464
2021-09-19T00:00:00.000,2:40,40.575302,-73.98453,0,0,0,0,4057,-7398,0.36904761904761907
2021-09-19T00:00:00.000,11:00,40.691563,-73.96953,0,0,0,0,4069,-7396,0.325
2021-09-16T00:00:00.000,19:53,40.70722,-73.78957,0,0,0,0,4070,-7378,0.34523809523809523
2021-09-19T00:00:00.000,13:24,40.686058,-73.82488,0,0,0,0,4068,-7382,0.41975308641975306
2021-09-19T00:00:00.000,15:55,40.67138,-73.732124,2,0,1,1,4067,-7373,0.46835443037974683
2021-09-12T00:00:00.000,21:20,40.765423,-73.89001,0,0,0,0,4076,-7389,0.35185185185185186
2021-09-17T00:00:00.000,10:50,40.899174,-73.85826,0,0,0,0,4089,-7385,0.3813559322033898
2021-09-19T00:00:00.000,4:55,40.875,-73.87471,0,0,0,0,4087,-7387,0.297029702970297
2021-09-19T00:00:00.000,7:00,40.75451,-73.827156,0,0,0,0,4075,-7382,0.4915254237288136
2021-09-19T00:00:00.000,2:40,40.76233,-73.96846,0,0,0,0,4076,-7396,0.3023255813953488
2021-09-16T00:00:00.000,14:10,40.692764,-73.94579,0,0,0,0,4069,-7394,0.417910447761194
2021-09-19T00:00:00.000,20:30,40.82908,-73.837135,0,0,0,0,4082,-7383,0.34210526315789475
2021-09-17T00:00:00.000,12:12,40.615936,-73.962494,0,0,0,0,4061,-7396,0.30666666666666664
2021-09-19T00:00:00.000,2:45,40.676647,-73.91647,0,0,0,0,4067,-7391,0.36597938144329895
2021-09-19T00:00:00.000,3:05,40.815662,-73.88702,1,0,1,1,4081,-7388,0.25471698113207547
2021-09-09T00:00:00.000,6:43,40.850166,-73.93576,2,0,1,1,4085,-7393,0.36585365853658536
2021-09-19T00:00:00.000,19:40,40.724262,-73.93745,0,0,0,0,4072,-7393,0.36507936507936506
2021-09-19T00:00:00.000,4:13,40.65864,-73.91374,1,0,1,1,4065,-7391,0.425
2021-09-19T00:00:00.000,13:00,40.603874,-73.99544,0,0,0,0,4060,-7399,0.31683168316831684
2021-09-19T00:00:00.000,20:00,40.748913,-73.9374,0,0,0,0,4074,-7393,0.3333333333333333
2021-09-19T00:00:00.000,0:20,40.79149,-73.93577,2,0,1,1,4079,-7393,0.36585365853658536
2021-09-16T00:00:00.000,15:58,40.661385,-73.8841,0,0,0,0,4066,-7388,0.37012987012987014
2021-09-19T00:00:00.000,10:10,40.855556,-73.92918,0,0,0,0,4085,-7392,0.22
2021-09-19T00:00:00.000,3:40,40.585228,-73.94155,2,0,1,1,4058,-7394,0.40816326530612246
2021-09-19T00:00:00.000,20:50,40.664356,-73.734535,3,0,1,1,4066,-7373,0.44339622641509435
2021-09-19T00:00:00.000,13:05,40.753643,-73.90767,0,0,0,0,4075,-7390,0.37254901960784315
2021-09-19T00:00:00.000,19:45,40.678146,-73.86688,0,0,0,0,4067,-7386,0.3431372549019608
2021-09-19T00:00:00.000,5:40,40.748993,-73.89687,0,0,0,0,4074,-7389,0.3203125
2021-09-19T00:00:00.000,16:00,40.8362,-73.923355,0,0,0,0,4083,-7392,0.310126582278481
2021-09-19T00:00:00.000,21:03,40.617897,-74.02931,0,0,0,0,4061,-7402,0.4090909090909091
2021-09-19T00:00:00.000,23:17,40.751892,-73.9676,0,1,2,1,4075,-7396,0.4788732394366197
2021-09-19T00:00:00.000,8:00,40.68682,-73.91918,1,0,1,1,4068,-7391,0.344
2021-09-19T00:00:00.000,18:35,40.731594,-73.9948,0,0,0,0,4073,-7399,0.423728813559322
2021-09-19T00:00:00.000,21:10,40.6674,-73.773636,0,0,0,0,4066,-7377,0.37362637362637363
2021-09-17T00:00:00.000,16:30,40.855606,-73.93793,0,0,0,0,4085,-7393,0.36585365853658536
2021-09-19T00:00:00.000,15:00,40.77402,-73.95457,0,0,0,0,4077,-7395,0.3384615384615385
2021-09-19T00:00:00.000,10:22,40.67398,-73.899315,1,0,1,1,4067,-7389,0.33852140077821014
2021-09-19T00:00:00.000,10:22,40.61324,-73.93898,1,0,1,1,4061,-7393,0.34285714285714286
2021-09-19T00:00:00.000,3:00,40.640125,-74.08562,0,0,0,0,4064,-7408,0.2894736842105263
2021-09-19T00:00:00.000,1:55,40.862747,-73.90494,0,0,0,0,4086,-7390,0.42748091603053434
2021-09-19T00:00:00.000,8:30,40.693054,-73.9367,0,0,0,0,4069,-7393,0.3141025641025641
2021-09-19T00:00:00.000,23:09,40.67252,-73.862755,0,0,0,0,4067,-7386,0.3431372549019608
2021-09-19T00:00:00.000,10:30,40.71757,-73.874405,1,0,1,1,4071,-7387,0.5652173913043478
2021-09-19T00:00:00.000,20:12,40.654984,-74.00711,0,0,0,0,4065,-7400,0.41509433962264153
2021-09-19T00:00:00.000,23:45,40.721485,-73.86658,1,0,1,1,4072,-7386,0.42424242424242425
2021-09-18T00:00:00.000,22:30,40.856327,-73.84392,0,0,0,0,4085,-7384,0.32432432432432434
2021-09-19T00:00:00.000,11:40,40.680023,-73.97451,1,0,1,1,4068,-7397,0.3412322274881517
2021-09-19T00:00:00.000,20:40,40.68078,-73.93761,0,0,0,0,4068,-7393,0.3619047619047619
2021-09-19T00:00:00.000,21:45,40.764435,-73.72269,1,0,1,1,4076,-7372,0.3333333333333333
2021-09-19T00:00:00.000,10:30,40.762123,-73.99157,0,0,0,0,4076,-7399,0.3275862068965517
2021-09-19T00:00:00.000,21:56,40.790627,-73.942444,2,0,1,1,4079,-7394,0.3523809523809524
2021-09-19T00:00:00.000,19:30,40.8448,-73.92264,1,0,1,1,4084,-7392,0.3181818181818182
2022-02-19T00:00:00.000,15:30,40.829376,-73.88562,0,0,0,0,4082,-7388,0.27624309392265195
2021-09-19T00:00:00.000,22:34,40.73764,-73.93502,2,0,1,1,4073,-7393,0.38461538461538464
2021-12-08T00:00:00.000,15:00,40.6931,-73.95489,0,0,0,0,4069,-7395,0.30952380952380953
2021-12-03T00:00:00.000,16:30,40.643467,-74.02277,1,0,1,1,4064,-7402,0.41379310344827586
2021-12-10T00:00:00.000,7:07,40.663574,-73.929405,0,0,0,0,4066,-7392,0.355
2021-12-09T00:00:00.000,1:31,40.701397,-73.95808,0,0,0,0,4070,-7395,0.3475177304964539
2021-12-06T00:00:00.000,21:00,40.71594,-73.94462,1,0,1,1,4071,-7394,0.3710691823899371
2021-12-08T00:00:00.000,6:07,40.825443,-73.91808,0,0,0,0,4082,-7391,0.3355263157894737
2021-12-08T00:00:00.000,19:30,40.707462,-74.01713,0,0,0,0,4070,-7401,0.140625
2021-12-09T00:00:00.000,12:21,40.84664,-73.90469,0,0,0,0,4084,-7390,0.366120218579235
2021-12-09T00:00:00.000,12:10,40.656826,-73.90357,1,0,1,1,4065,-7390,0.375
2021-12-06T00:00:00.000,22:13,40.758816,-73.90128,0,0,0,0,4075,-7390,0.37254901960784315
2021-12-10T00:00:00.000,21:00,40.723946,-73.75192,0,0,0,0,4072,-7375,0.2727272727272727
2021-12-06T00:00:00.000,0:30,40.68892,-73.99915,0,0,0,0,4068,-7399,0.17857142857142858
2021-12-10T00:00:00.000,15:20,40.76731,-73.882774,1,0,1,1,4076,-7388,0.43283582089552236
2021-12-08T00:00:00.000,17:45,40.792362,-73.96418,0,0,0,0,4079,-7396,0.25
2021-12-08T00:00:00.000,15:39,40.68405,-73.97746,0,0,0,0,4068,-7397,0.3412322274881517
2021-12-09T00:00:00.000,3:15,40.635185,-73.92862,1,0,1,1,4063,-7392,0.4036697247706422
2021-12-08T00:00:00.000,17:19,40.75352,-73.98499,0,0,0,0,4075,-7398,0.3170731707317073
2021-12-07T00:00:00.000,7:25,40.72641,-73.90604,1,0,1,1,4072,-7390,0.2978723404255319
2021-12-08T00:00:00.000,11:25,40.766167,-73.954254,0,0,0,0,4076,-7395,0.3696969696969697
2021-12-08T00:00:00.000,11:29,40.852375,-73.86582,0,0,0,0,4085,-7386,0.33766233766233766
2021-12-08T00:00:00.000,12:07,40.742912,-73.988594,0,0,0,0,4074,-7398,0.40131578947368424
2021-12-19T00:00:00.000,17:23,40.602734,-74.16307,1,0,1,1,4060,-7416,0.42857142857142855
2021-12-13T00:00:00.000,18:20,40.66626,-73.884026,0,0,0,0,4066,-7388,0.37012987012987014
2021-12-16T00:00:00.000,14:00,40.693264,-73.91268,1,0,1,1,4069,-7391,0.2709677419354839
2021-12-19T00:00:00.000,0:00,40.699993,-73.99099,0,0,0,0,4069,-7399,0.29473684210526313
2021-12-19T00:00:00.000,22:15,40.703865,-73.765076,0,0,0,0,4070,-7376,0.43902439024390244
2021-12-18T00:00:00.000,0:00,40.69314,-73.74486,0,0,0,0,4069,-7374,0.46774193548387094
2021-12-19T00:00:00.000,18:50,40.739674,-73.934586,0,0,0,0,4073,-7393,0.38461538461538464
2021-12-19T00:00:00.000,16:30,40.72229,-73.86732,0,0,0,0,4072,-7386,0.42424242424242425
2021-12-19T00:00:00.000,16:57,40.753464,-73.79142,0,0,0,0,4075,-7379,0.38461538461538464
2021-12-19T00:00:00.000,11:00,40.640553,-74.0043,1,0,1,1,4064,-7400,0.36764705882352944
2021-12-15T00:00:00.000,16:45,40.561092,-74.16984,0,0,0,0,4056,-7416,0.35
2021-12-19T00:00:00.000,5:30,40.740894,-73.89961,1,0,1,1,4074,-7389,0.3203125
2021-12-19T00:00:00.000,4:00,40.603313,-73.75714,0,0,0,0,4060,-7375,0.17117117117117117
2021-12-19T00:00:00.000,23:08,40.656784,-73.91379,2,0,1,1,4065,-7391,0.425
2021-12-19T00:00:00.000,7:48,40.655495,-73.88833,0,0,0,0,4065,-7388,0.41509433962264153
2021-12-19T00:00:00.000,19:00,40.74105,-73.72587,0,0,0,0,4074,-7372,0.375
2021-12-19T00:00:00.000,20:37,40.73769,-73.76846,2,0,1,1,4073,-7376,0.2857142857142857
2021-12-17T00:00:00.000,17:00,40.709896,-73.83941,1,0,1,1,4070,-7383,0.3541666666666667
2021-12-19T00:00:00.000,5:30,40.754612,-73.87667,0,0,0,0,4075,-7387,0.33884297520661155
2021-12-16T00:00:00.000,11:40,40.676598,-73.93039,0,0,0,0,4067,-7393,0.3755868544600939
2021-12-19T00:00:00.000,20:09,40.81296,-73.925804,1,0,1,1,4081,-7392,0.4714285714285714
2021-12-19T00:00:00.000,1:30,40.80916,-73.93698,0,0,0,0,4080,-7393,0.36312849162011174
2021-12-08T00:00:00.000,12:30,40.693565,-73.91574,0,0,0,0,4069,-7391,0.2709677419354839
2021-12-17T00:00:00.000,12:50,40.726444,-73.76579,1,0,1,1,4072,-7376,0.5
2021-12-19T00:00:00.000,12:10,40.6256,-74.03608,0,0,0,0,4062,-7403,0.15
2022-02-15T00:00:00.000,8:45,40.62802,-73.94713,0,0,0,0,4062,-7394,0.41379310344827586
2021-12-19T00:00:00.000,18:20,40.630928,-73.92818,0,0,0,0,4063,-7392,0.4036697247706422
2021-12-19T00:00:00.000,21:40,40.82472,-73.87147,0,0,0,0,4082,-7387,0.33544303797468356
2021-12-19T00:00:00.000,19:00,40.62374,-73.92448,0,0,0,0,4062,-7392,0.3611111111111111
2021-12-19T00:00:00.000,23:50,40.716557,-73.82869,0,0,0,0,4071,-7382,0.379746835443038
2021-12-19T00:00:00.000,3:15,40.85062,-73.85163,1,0,1,1,4085,-7385,0.3125
2021-12-19T00:00:00.000,2:45,40.75458,-73.99915,0,0,0,0,4075,-7399,0.2830188679245283
2021-12-19T00:00:00.000,9:45,40.668797,-73.93113,0,0,0,0,4066,-7393,0.38578680203045684
2021-12-19T00:00:00.000,1:15,40.680595,-73.980896,0,0,0,0,4068,-7398,0.3873239436619718
2021-12-19T00:00:00.000,21:00,40.673573,-73.79258,1,0,1,1,4067,-7379,0.4264705882352941
2021-12-19T00:00:00.000,23:45,40.703163,-73.81662,1,0,1,1,4070,-7381,0.3194444444444444
2021-12-19T00:00:00.000,10:00,40.543118,-74.15149,0,0,0,0,4054,-7415,0.3125
2021-12-19T00:00:00.000,21:55,40.650772,-73.884796,0,0,0,0,4065,-7388,0.41509433962264153
2021-12-19T00:00:00.000,18:08,40.676937,-73.92183,1,0,1,1,4067,-7392,0.39655172413793105
2021-12-16T00:00:00.000,15:00,40.69246,-73.83364,1,0,1,1,4069,-7383,0.35555555555555557
2021-12-17T00:00:00.000,13:30,0.0,0.0,0,0,0,0,0,0,0.40425531914893614
2021-12-19T00:00:00.000,16:17,40.764362,-73.96162,1,0,1,1,4076,-7396,0.3023255813953488
2021-12-19T00:00:00.000,17:25,40.724335,-73.72464,1,0,1,1,4072,-7372,0.3793103448275862
2021-12-16T00:00:00.000,22:24,40.82092,-73.94333,4,0,1,1,4082,-7394,0.3812154696132597
2021-12-07T00:00:00.000,11:15,40.67968,-73.97826,1,0,1,1,4067,-7397,0.2818181818181818
2021-12-19T00:00:00.000,16:51,40.625435,-73.99135,1,0,1,1,4062,-7399,0.3835616438356164
2021-12-19T00:00:00.000,18:30,40.6043,-74.16349,3,0,1,1,4060,-7416,0.42857142857142855
2021-12-19T00:00:00.000,16:48,40.69889,-73.91753,0,0,0,0,4069,-7391,0.2709677419354839
2021-12-17T00:00:00.000,19:35,40.806114,-73.95937,1,0,1,1,4080,-7395,0.381294964028777
2021-12-19T00:00:00.000,11:00,40.742455,-73.86424,0,0,0,0,4074,-7386,0.3813559322033898
2021-11-20T00:00:00.000,15:04,0.0,0.0,1,0,1,1,0,0,0.40425531914893614
2021-12-19T00:00:00.000,22:50,40.659855,-73.92009,1,0,1,1,4065,-7392,0.35555555555555557
2021-12-19T00:00:00.000,11:52,40.803272,-73.918884,1,0,1,1,4080,-7391,0.38961038961038963
2021-12-19T00:00:00.000,18:50,40.68961,-73.97264,0,0,0,0,4068,-7397,0.3412322274881517
2021-12-19T00:00:00.000,13:00,40.677258,-73.81873,0,0,0,0,4067,-7381,0.4230769230769231
2021-12-19T00:00:00.000,22:53,40.702034,-73.87979,0,0,0,0,4070,-7387,0.24324324324324326
2021-12-19T00:00:00.000,6:30,40.672882,-73.89808,0,0,0,0,4067,-7389,0.33852140077821014
2021-12-19T00:00:00.000,11:00,40.741722,-73.86741,0,0,0,0,4074,-7386,0.3813559322033898
2021-12-19T00:00:00.000,0:00,40.673992,-73.73508,1,0,1,1,4067,-7373,0.46835443037974683
2021-12-19T00:00:00.000,19:41,40.74456,-73.93076,0,0,0,0,4074,-7393,0.3333333333333333
2021-12-15T00:00:00.000,11:30,40.751205,-73.88647,1,0,1,1,4075,-7388,0.3402061855670103
2021-12-19T00:00:00.000,10:30,40.739494,-73.97663,0,0,0,0,4073,-7397,0.32558139534883723
2021-12-19T00:00:00.000,18:00,40.735115,-73.87524,0,0,0,0,4073,-7387,0.3140495867768595
2021-12-17T00:00:00.000,17:38,40.654133,-73.91234,0,0,0,0,4065,-7391,0.425
2021-12-18T00:00:00.000,1:20,40.69024,-73.99437,1,0,1,1,4069,-7399,0.29473684210526313
2021-12-09T00:00:00.000,14:19,40.75869,-73.9115,1,0,1,1,4075,-7391,0.4777777777777778
2021-12-16T00:00:00.000,17:16,40.64721,-73.970436,0,0,0,0,4064,-7397,0.4095238095238095
2021-12-19T00:00:00.000,22:00,40.7259,-73.736694,0,0,0,0,4072,-7373,0.4642857142857143
2021-12-14T00:00:00.000,10:00,40.611427,-74.116844,0,0,0,0,4061,-7411,0.36
2021-12-19T00:00:00.000,10:45,40.760494,-73.8614,0,0,0,0,4076,-7386,0.40298507462686567
2021-12-19T00:00:00.000,12:05,40.79847,-73.96901,0,0,0,0,4079,-7396,0.25
2021-12-18T00:00:00.000,21:00,40.771038,-73.83413,2,0,1,1,4077,-7383,0.25
2021-12-19T00:00:00.000,13:45,40.716297,-73.7559,1,0,1,1,4071,-7375,0.3269230769230769
2021-12-19T00:00:00.000,6:01,40.73195,-73.863434,0,0,0,0,4073,-7386,0.3464566929133858
2021-12-14T00:00:00.000,10:00,40.88471,-73.83131,0,0,0,0,4088,-7383,0.3448275862068966
2021-12-19T00:00:00.000,22:56,40.646446,-73.87392,1,0,1,1,4064,-7387,0.4918032786885246
2021-12-19T00:00:00.000,9:00,40.699993,-73.89938,0,0,0,0,4069,-7389,0.3709677419354839
2021-12-19T00:00:00.000,17:45,40.617153,-74.033104,0,0,0,0,4061,-7403,0.2777777777777778
2021-12-17T00:00:00.000,21:00,40.84434,-73.91475,0,0,0,0,4084,-7391,0.32558139534883723
2021-12-19T00:00:00.000,17:25,40.76524,-73.95788,0,0,0,0,4076,-7395,0.3696969696969697
2021-12-19T00:00:00.000,4:00,40.76276,-73.88953,1,0,1,1,4076,-7388,0.43283582089552236
2021-12-14T00:00:00.000,0:00,40.760105,-73.77013,0,0,0,0,4076,-7377,0.20588235294117646
2021-12-18T00:00:00.000,9:00,40.666386,-73.80178,0,0,0,0,4066,-7380,0.40789473684210525
2021-12-02T00:00:00.000,13:45,0.0,0.0,0,0,0,0,0,0,0.40425531914893614
2021-12-17T00:00:00.000,3:15,40.72735,-73.72408,0,0,0,0,4072,-7372,0.3793103448275862
2021-12-16T00:00:00.000,13:00,40.722927,-73.75346,0,0,0,0,4072,-7375,0.2727272727272727
2021-12-19T00:00:00.000,20:45,40.709827,-73.83983,0,0,0,0,4070,-7383,0.3541666666666667
2021-12-19T00:00:00.000,19:00,40.74462,-74.0027,0,0,0,0,4074,-7400,0.27710843373493976
2021-12-19T00:00:00.000,12:28,40.660652,-73.86577,0,0,0,0,4066,-7386,0.35
2021-12-19T00:00:00.000,20:00,40.746937,-73.89862,0,0,0,0,4074,-7389,0.3203125
2021-12-19T00:00:00.000,20:20,40.650288,-73.9273,1,0,1,1,4065,-7392,0.35555555555555557
2021-12-19T00:00:00.000,6:50,40.754745,-73.9879,0,0,0,0,4075,-7398,0.3170731707317073
2021-12-06T00:00:00.000,20:15,40.681767,-73.96754,0,0,0,0,4068,-7396,0.42567567567567566
2021-12-19T00:00:00.000,1:24,40.640568,-74.118,1,0,1,1,4064,-7411,0.42857142857142855
2021-12-19T00:00:00.000,18:00,40.66462,-73.75292,1,0,1,1,4066,-7375,0.3
2021-12-19T00:00:00.000,1:20,40.845787,-73.8681,0,0,0,0,4084,-7386,0.375
2021-12-19T00:00:00.000,17:00,40.673996,-73.92785,0,0,0,0,4067,-7392,0.39655172413793105
2021-12-06T00:00:00.000,7:00,40.58833,-73.80431,1,0,1,1,4058,-7380,0.4
2021-04-09T00:00:00.000,19:45,40.59662,-74.00231,1,1,2,1,4059,-7400,0.2962962962962963
2021-05-01T00:00:00.000,1:49,40.64513,-73.948975,2,0,1,1,4064,-7394,0.42342342342342343
2021-04-30T00:00:00.000,22:54,40.696384,-73.81704,5,0,1,1,4069,-7381,0.3902439024390244
2021-05-04T00:00:00.000,20:15,40.74425,-73.7334,2,0,1,1,4074,-7373,0.4
2021-05-04T00:00:00.000,4:00,40.822456,-73.92692,0,0,0,0,4082,-7392,0.3333333333333333
2021-05-04T00:00:00.000,18:53,40.809563,-73.92923,1,0,1,1,4080,-7392,0.3141025641025641
2021-04-12T00:00:00.000,15:40,40.674885,-73.927765,0,0,0,0,4067,-7392,0.39655172413793105
2021-05-02T00:00:00.000,11:55,40.69152,-73.74708,1,0,1,1,4069,-7374,0.46774193548387094
2021-05-04T00:00:00.000,15:04,40.732323,-73.810776,0,0,0,0,4073,-7381,0.3181818181818182
2021-05-04T00:00:00.000,0:09,40.74278,-73.82817,0,0,0,0,4074,-7382,0.4057971014492754
2021-05-04T00:00:00.000,17:54,40.58846,-73.960434,0,0,0,0,4058,-7396,0.37333333333333335
2021-04-11T00:00:00.000,19:00,40.677483,-73.93033,0,0,0,0,4067,-7393,0.3755868544600939
2021-05-04T00:00:00.000,12:00,40.635582,-73.99155,0,0,0,0,4063,-7399,0.47692307692307695
2021-05-04T00:00:00.000,14:45,40.62549,-74.151955,0,0,0,0,4062,-7415,0.37037037037037035
2021-05-04T00:00:00.000,8:00,40.57529,-73.97655,0,0,0,0,4057,-7397,0.2619047619047619
2021-05-04T00:00:00.000,17:43,40.60307,-74.01667,0,0,0,0,4060,-7401,0.30357142857142855
2021-05-01T00:00:00.000,16:50,40.690693,-73.95728,1,0,1,1,4069,-7395,0.30952380952380953
2021-05-04T00:00:00.000,5:55,40.847286,-73.861145,0,0,0,0,4084,-7386,0.375
2021-05-04T00:00:00.000,18:47,40.764904,-73.97446,1,0,1,1,4076,-7397,0.37
2021-05-04T00:00:00.000,8:40,40.62894,-74.116196,0,0,0,0,4062,-7411,0.5238095238095238
2021-05-04T00:00:00.000,19:00,40.86455,-73.85776,0,0,0,0,4086,-7385,0.5
2021-05-04T00:00:00.000,1:05,40.69168,-73.999344,1,0,1,1,4069,-7399,0.29473684210526313
2021-05-04T00:00:00.000,10:05,40.749336,-73.81035,1,0,1,1,4074,-7381,0.46153846153846156
2021-05-04T00:00:00.000,22:00,40.77215,-73.929,1,0,1,1,4077,-7392,0.3269230769230769
2021-05-02T00:00:00.000,23:10,40.786366,-73.97598,1,0,1,1,4078,-7397,0.3434343434343434
2021-05-04T00:00:00.000,5:00,40.599503,-73.754074,0,0,0,0,4059,-7375,0.17777777777777778
2021-05-04T00:00:00.000,12:57,40.637894,-73.99838,0,0,0,0,4063,-7399,0.47692307692307695
2021-05-04T00:00:00.000,14:40,40.80994,-73.85545,0,0,0,0,4080,-7385,0.125
2021-05-04T00:00:00.000,19:05,40.59703,-74.09337,0,0,0,0,4059,-7409,0.42857142857142855
2021-05-04T00:00:00.000,2:25,40.822212,-73.85092,0,0,0,0,4082,-7385,0.27
2021-05-04T00:00:00.000,9:20,40.692776,-73.95769,0,0,0,0,4069,-7395,0.30952380952380953
2021-05-04T00:00:00.000,18:59,40.75353,-73.90478,0,0,0,0,4075,-7390,0.37254901960784315
2021-05-04T00:00:00.000,16:00,40.60386,-74.00979,0,0,0,0,4060,-7400,0.24074074074074073
2021-05-04T00:00:00.000,7:15,40.7397,-73.99649,0,0,0,0,4073,-7399,0.423728813559322
2021-05-04T00:00:00.000,16:05,40.770313,-73.99141,0,0,0,0,4077,-7399,0.4166666666666667
2021-05-04T00:00:00.000,19:35,40.620483,-74.00008,1,0,1,1,4062,-7400,0.3150684931506849
2021-05-04T00:00:00.000,9:38,40.721096,-74.00658,0,0,0,0,4072,-7400,0.32926829268292684
2021-05-04T00:00:00.000,0:00,40.54988,-74.16743,1,0,1,1,4054,-7416,0.42857142857142855
2021-05-04T00:00:00.000,5:00,40.610416,-74.16015,0,0,0,0,4061,-7416,0.2727272727272727
2021-05-04T00:00:00.000,7:55,40.771076,-73.94676,2,0,1,1,4077,-7394,0.28
2021-05-03T00:00:00.000,11:20,40.772243,-73.990005,1,0,1,1,4077,-7399,0.4166666666666667
2021-05-02T00:00:00.000,18:53,40.74424,-73.77618,0,0,0,0,4074,-7377,0.36363636363636365
2021-05-04T00:00:00.000,10:30,40.691563,-73.86563,0,0,0,0,4069,-7386,0.21052631578947367
2021-05-04T00:00:00.000,9:30,40.649113,-73.88516,0,0,0,0,4064,-7388,0.3225806451612903
2021-05-04T00:00:00.000,11:32,40.746536,-73.985954,1,0,1,1,4074,-7398,0.40131578947368424
2021-05-04T00:00:00.000,13:00,40.702538,-73.99071,0,0,0,0,4070,-7399,0.21052631578947367
2021-05-04T00:00:00.000,12:50,40.695908,-73.98322,0,0,0,0,4069,-7398,0.3229166666666667
2021-05-04T00:00:00.000,17:58,40.865925,-73.88594,0,0,0,0,4086,-7388,0.23943661971830985
2021-12-19T00:00:00.000,17:35,40.715263,-73.976326,1,0,1,1,4071,-7397,0.41509433962264153
2021-04-30T00:00:00.000,16:30,40.768322,-73.9551,0,0,0,0,4076,-7395,0.3696969696969697
2021-05-04T00:00:00.000,19:06,40.679874,-73.89122,1,0,1,1,4067,-7389,0.33852140077821014
2021-05-04T00:00:00.000,18:20,40.669704,-73.94774,0,0,0,0,4066,-7394,0.36792452830188677
2021-04-30T00:00:00.000,11:37,40.72652,-73.95235,0,0,0,0,4072,-7395,0.22093023255813954
2021-05-04T00:00:00.000,9:04,40.714104,-73.95322,0,0,0,0,4071,-7395,0.36585365853658536
2021-05-03T00:00:00.000,13:50,40.616055,-73.96063,0,0,0,0,4061,-7396,0.30666666666666664
2021-05-04T00:00:00.000,19:19,40.641468,-73.95938,0,0,0,0,4064,-7395,0.4796747967479675
2021-05-04T00:00:00.000,1:11,40.79333,-73.97964,1,0,1,1,4079,-7397,0.24210526315789474
2021-05-04T00:00:00.000,22:10,40.831493,-73.85444,5,0,1,1,4083,-7385,0.30158730158730157
2021-05-04T00:00:00.000,14:29,40.814255,-73.94716,0,0,0,0,4081,-7394,0.38
2021-05-04T00:00:00.000,1:20,40.841026,-73.887245,0,0,0,0,4084,-7388,0.390625
2021-05-04T00:00:00.000,23:00,40.741394,-73.82303,0,0,0,0,4074,-7382,0.4057971014492754
2021-05-04T00:00:00.000,9:00,40.65616,-73.76736,1,0,1,1,4065,-7376,0.35714285714285715
2021-05-04T00:00:00.000,19:00,40.75612,-73.86238,0,0,0,0,4075,-7386,0.33653846153846156
2021-12-19T00:00:00.000,20:08,40.769188,-73.8009,3,0,1,1,4076,-7380,0.4
2021-05-04T00:00:00.000,15:01,40.637997,-74.02136,0,0,0,0,4063,-7402,0.3877551020408163
2021-04-29T00:00:00.000,10:00,40.673912,-73.95546,0,0,0,0,4067,-7395,0.3695652173913043
2021-05-04T00:00:00.000,20:20,40.84121,-73.84484,3,0,1,1,4084,-7384,0.4222222222222222
2021-05-04T00:00:00.000,19:35,40.74217,-73.804436,1,0,1,1,4074,-7380,0.35294117647058826
2021-05-04T00:00:00.000,18:42,40.86769,-73.92122,0,0,0,0,4086,-7392,0.359375
2021-05-01T00:00:00.000,14:35,40.714542,-74.00758,0,0,0,0,4071,-7400,0.25517241379310346
2021-05-04T00:00:00.000,6:16,40.583057,-73.973114,1,0,1,1,4058,-7397,0.2727272727272727
2021-05-04T00:00:00.000,12:05,40.588223,-73.97168,1,0,1,1,4058,-7397,0.2727272727272727
2021-05-04T00:00:00.000,16:45,40.629055,-74.16575,0,0,0,0,4062,-7416,0.24444444444444444
2021-05-04T00:00:00.000,22:45,40.74925,-73.739685,0,0,0,0,4074,-7373,0.4
2021-04-30T00:00:00.000,8:15,40.692062,-73.95191,0,0,0,0,4069,-7395,0.30952380952380953
2021-05-04T00:00:00.000,13:10,40.659775,-73.85356,0,0,0,0,4065,-7385,0.4
2021-05-04T00:00:00.000,8:30,40.71747,-73.908516,0,0,0,0,4071,-7390,0.4
2021-04-26T00:00:00.000,11:40,40.67994,-73.941216,0,0,0,0,4067,-7394,0.34074074074074073
2021-05-03T00:00:00.000,3:05,40.843296,-73.88685,0,0,0,0,4084,-7388,0.390625
2021-05-04T00:00:00.000,0:10,40.702293,-73.79117,0,0,0,0,4070,-7379,0.3978494623655914
2021-05-04T00:00:00.000,5:10,40.74594,-73.90006,1,0,1,1,4074,-7390,0.40625
2021-05-04T00:00:00.000,5:53,40.608913,-74.15308,2,0,1,1,4060,-7415,0.3076923076923077
2021-05-04T00:00:00.000,21:30,40.60747,-74.16022,0,0,0,0,4060,-7416,0.42857142857142855
2021-05-04T00:00:00.000,7:50,40.63079,-73.94552,0,0,0,0,4063,-7394,0.358974358974359
2021-05-04T00:00:00.000,19:08,40.667114,-73.834656,1,0,1,1,4066,-7383,0.5
2021-05-04T00:00:00.000,11:16,40.725918,-73.89535,1,0,1,1,4072,-7389,0.41379310344827586
2021-04-30T00:00:00.000,17:00,40.836437,-73.91842,0,0,0,0,4083,-7391,0.33714285714285713
2021-05-04T00:00:00.000,22:00,40.828075,-73.88543,1,0,1,1,4082,-7388,0.27624309392265195
2021-04-30T00:00:00.000,20:50,40.69488,-73.94042,0,0,0,0,4069,-7394,0.417910447761194
2021-05-02T00:00:00.000,16:45,40.69822,-73.943954,0,0,0,0,4069,-7394,0.417910447761194
2021-05-04T00:00:00.000,19:39,40.68114,-73.7812,0,0,0,0,4068,-7378,0.3384615384615385
2021-05-03T00:00:00.000,22:00,40.675354,-73.952774,0,0,0,0,4067,-7395,0.3695652173913043
2021-05-04T00:00:00.000,19:43,40.711845,-73.859764,0,0,0,0,4071,-7385,0.4418604651162791
2021-05-04T00:00:00.000,21:21,40.676746,-73.89713,0,0,0,0,4067,-7389,0.33852140077821014
2021-04-23T00:00:00.000,11:15,40.724693,-73.7541,0,0,0,0,4072,-7375,0.2727272727272727
2021-05-04T00:00:00.000,13:45,40.640583,-73.91515,0,0,0,0,4064,-7391,0.39805825242718446
2021-05-04T00:00:00.000,17:30,40.641182,-73.9712,0,0,0,0,4064,-7397,0.4095238095238095
2021-05-02T00:00:00.000,13:15,40.618732,-74.17606,0,0,0,0,4061,-7417,0.6666666666666666
2021-05-04T00:00:00.000,0:00,40.651512,-73.93521,0,0,0,0,4065,-7393,0.44366197183098594
2021-05-04T00:00:00.000,18:14,40.583534,-73.984184,1,0,1,1,4058,-7398,0.4
2021-05-04T00:00:00.000,10:30,40.65886,-73.866,0,0,0,0,4065,-7386,0.36619718309859156
2021-05-04T00:00:00.000,16:00,40.79465,-73.971794,0,0,0,0,4079,-7397,0.24210526315789474
2021-05-04T00:00:00.000,22:30,40.743916,-73.92519,0,0,0,0,4074,-7392,0.3709677419354839
2021-05-04T00:00:00.000,9:15,40.71042,-73.85964,1,0,1,1,4071,-7385,0.4418604651162791
2021-05-04T00:00:00.000,11:10,40.84797,-73.85836,0,0,0,0,4084,-7385,0.32727272727272727
2021-05-03T00:00:00.000,20:50,40.833286,-73.914085,0,0,0,0,4083,-7391,0.33714285714285713
2021-05-04T00:00:00.000,17:00,40.654003,-73.979935,1,0,1,1,4065,-7397,0.4074074074074074
2021-05-04T00:00:00.000,22:55,40.81084,-73.92764,0,0,0,0,4081,-7392,0.4714285714285714
2021-05-03T00:00:00.000,13:40,40.68603,-73.93268,2,0,1,1,4068,-7393,0.3619047619047619
2021-05-02T00:00:00.000,13:40,40.825745,-73.94886,1,0,1,1,4082,-7394,0.3812154696132597
2021-05-04T00:00:00.000,19:35,40.825912,-73.857124,0,0,0,0,4082,-7385,0.27
2021-12-19T00:00:00.000,18:52,40.68039,-73.94956,0,0,0,0,4068,-7394,0.4409448818897638
2021-05-04T00:00:00.000,16:05,40.650764,-73.88481,1,0,1,1,4065,-7388,0.41509433962264153
2021-05-04T00:00:00.000,7:20,40.717678,-74.00578,0,0,0,0,4071,-7400,0.25517241379310346
2021-05-04T00:00:00.000,23:15,40.6957,-73.81477,2,0,1,1,4069,-7381,0.3902439024390244
2021-05-04T00:00:00.000,19:16,40.593525,-73.99628,0,0,0,0,4059,-7399,0.3076923076923077
2021-04-23T00:00:00.000,15:00,40.73573,-73.89324,0,0,0,0,4073,-7389,0.2857142857142857
2021-05-04T00:00:00.000,15:59,40.739384,-74.00968,0,0,0,0,4073,-7400,0.2403846153846154
2021-05-04T00:00:00.000,11:37,40.602535,-73.99321,0,0,0,0,4060,-7399,0.31683168316831684
2021-05-04T00:00:00.000,14:00,40.791084,-73.953445,0,0,0,0,4079,-7395,0.42
2021-05-04T00:00:00.000,15:25,40.768803,-73.95837,1,0,1,1,4076,-7395,0.3696969696969697
2021-05-04T00:00:00.000,14:00,40.69132,-73.83142,0,0,0,0,4069,-7383,0.35555555555555557
2021-05-03T00:00:00.000,14:32,40.58107,-74.00174,0,0,0,0,4058,-7400,0.0
2021-05-04T00:00:00.000,10:15,40.722576,-73.94049,0,0,0,0,4072,-7394,0.19801980198019803
2021-05-04T00:00:00.000,19:40,40.66003,-73.92179,3,0,1,1,4066,-7392,0.355
2021-05-04T00:00:00.000,6:40,40.8623,-73.92943,0,0,0,0,4086,-7392,0.359375
2021-05-04T00:00:00.000,18:40,40.811398,-73.90777,0,0,0,0,4081,-7390,0.3888888888888889
2021-05-04T00:00:00.000,16:25,40.7968,-73.929375,3,0,1,1,4079,-7392,0.4
2021-05-04T00:00:00.000,8:50,40.770306,-73.91901,0,0,0,0,4077,-7391,0.3157894736842105
2021-05-04T00:00:00.000,19:40,40.56786,-74.11241,0,0,0,0,4056,-7411,0.3448275862068966
2021-05-04T00:00:00.000,23:00,40.76496,-73.90532,1,0,1,1,4076,-7390,0.3055555555555556
2021-05-04T00:00:00.000,4:30,40.58425,-73.9638,1,0,1,1,4058,-7396,0.37333333333333335
2021-05-01T00:00:00.000,11:14,40.78178,-73.98508,1,0,1,1,4078,-7398,0.42105263157894735
2021-05-04T00:00:00.000,12:40,40.73005,-73.86208,0,0,0,0,4073,-7386,0.3464566929133858
2022-02-03T00:00:00.000,18:51,40.763428,-73.99271,1,0,1,1,4076,-7399,0.3275862068965517
2021-05-04T00:00:00.000,20:55,40.73626,-73.74221,1,0,1,1,4073,-7374,0.21428571428571427
2021-05-04T00:00:00.000,3:30,40.86157,-73.913185,0,0,0,0,4086,-7391,0.38016528925619836
2021-05-04T00:00:00.000,17:10,40.59337,-73.75318,0,0,0,0,4059,-7375,0.17777777777777778
2021-04-30T00:00:00.000,19:37,40.726788,-73.94768,0,0,0,0,4072,-7394,0.19801980198019803
2021-05-04T00:00:00.000,20:00,40.696175,-73.942345,0,0,0,0,4069,-7394,0.417910447761194
2021-05-03T00:00:00.000,5:00,40.840668,-73.853584,0,0,0,0,4084,-7385,0.32727272727272727
2021-05-04T00:00:00.000,19:45,40.695583,-73.92078,0,0,0,0,4069,-7392,0.3584905660377358
2021-05-04T00:00:00.000,14:35,40.717392,-73.97515,1,0,1,1,4071,-7397,0.41509433962264153
2021-05-04T00:00:00.000,14:50,40.744347,-73.92891,0,0,0,0,4074,-7392,0.3709677419354839
2021-05-04T00:00:00.000,11:30,40.687504,-73.91465,1,0,1,1,4068,-7391,0.344
2021-05-04T00:00:00.000,14:14,40.843006,-73.91714,0,0,0,0,4084,-7391,0.32558139534883723
2021-05-04T00:00:00.000,17:30,40.674458,-73.98189,0,0,0,0,4067,-7398,0.3655913978494624
2021-05-04T00:00:00.000,21:25,40.664856,-73.88023,3,0,1,1,4066,-7388,0.37012987012987014
2021-05-04T00:00:00.000,8:40,40.61327,-73.95623,0,0,0,0,4061,-7395,0.4461538461538462
2021-05-04T00:00:00.000,8:00,40.759396,-73.79941,0,0,0,0,4075,-7379,0.38461538461538464
2021-05-04T00:00:00.000,23:38,40.83045,-73.8509,2,0,1,1,4083,-7385,0.30158730158730157
2021-05-03T00:00:00.000,17:25,40.83885,-73.860916,1,0,1,1,4083,-7386,0.24822695035460993
2021-05-04T00:00:00.000,8:09,40.64417,-73.92506,2,0,1,1,4064,-7392,0.4077669902912621
2021-05-04T00:00:00.000,21:55,40.606655,-73.762886,1,0,1,1,4060,-7376,0.19230769230769232
2021-05-04T00:00:00.000,17:45,40.82403,-73.94476,1,0,1,1,4082,-7394,0.3812154696132597
2021-05-04T00:00:00.000,9:29,40.78587,-73.95305,1,0,1,1,4078,-7395,0.42168674698795183
2021-05-04T00:00:00.000,3:35,40.740467,-73.97295,2,0,1,1,4074,-7397,0.4810810810810811
2021-05-04T00:00:00.000,8:32,40.67517,-73.98471,1,0,1,1,4067,-7398,0.3655913978494624
2021-05-04T00:00:00.000,15:50,40.75819,-73.82318,0,0,0,0,4075,-7382,0.4915254237288136
2021-05-04T00:00:00.000,16:08,40.75744,-73.978,1,0,1,1,4075,-7397,0.375886524822695
2021-04-02T00:00:00.000,13:30,40.697678,-73.916374,0,0,0,0,4069,-7391,0.2709677419354839
2021-05-04T00:00:00.000,22:00,40.697536,-73.87106,2,0,1,1,4069,-7387,0.5
2021-05-04T00:00:00.000,18:27,40.67819,-73.80144,0,0,0,0,4067,-7380,0.24615384615384617
2021-05-04T00:00:00.000,14:08,40.87626,-73.90395,0,0,0,0,4087,-7390,0.3184713375796178
2021-05-04T00:00:00.000,22:50,40.644917,-73.894325,2,0,1,1,4064,-7389,0.43478260869565216
2021-05-04T00:00:00.000,6:19,40.633015,-74.01592,0,0,0,0,4063,-7401,0.37777777777777777
2021-05-04T00:00:00.000,8:21,40.74206,-73.82453,1,0,1,1,4074,-7382,0.4057971014492754
2021-05-03T00:00:00.000,15:55,40.65067,-73.952286,0,0,0,0,4065,-7395,0.38686131386861317
2021-05-04T00:00:00.000,14:34,40.831383,-73.906845,0,0,0,0,4083,-7390,0.3064516129032258
2021-05-04T00:00:00.000,19:45,40.769318,-73.8666,3,0,1,1,4076,-7386,0.40298507462686567
2021-05-04T00:00:00.000,23:45,40.743244,-73.73154,0,0,0,0,4074,-7373,0.4
2021-05-04T00:00:00.000,15:05,40.854424,-73.86435,0,0,0,0,4085,-7386,0.33766233766233766
2021-04-09T00:00:00.000,17:18,40.672394,-73.96566,0,0,0,0,4067,-7396,0.3466666666666667
2021-05-04T00:00:00.000,7:05,40.60547,-73.95258,0,0,0,0,4060,-7395,0.4791666666666667
2021-05-04T00:00:00.000,15:30,40.669094,-73.89711,0,0,0,0,4066,-7389,0.3103448275862069
2021-05-04T00:00:00.000,16:14,40.684204,-73.85858,1,0,1,1,4068,-7385,0.43103448275862066
2021-05-04T00:00:00.000,12:44,40.637444,-73.9727,0,0,0,0,4063,-7397,0.36893203883495146
2021-05-04T00:00:00.000,17:40,40.794212,-73.97282,0,0,0,0,4079,-7397,0.24210526315789474
2021-05-04T00:00:00.000,1:05,40.683094,-73.80596,0,0,0,0,4068,-7380,0.3829787234042553
2021-05-04T00:00:00.000,10:35,40.712284,-73.78536,2,0,1,1,4071,-7378,0.32653061224489793
2021-05-04T00:00:00.000,19:00,40.557434,-74.17127,0,0,0,0,4055,-7417,0.25
2021-05-02T00:00:00.000,20:10,40.83511,-73.91945,1,0,1,1,4083,-7391,0.33714285714285713
2021-05-04T00:00:00.000,7:00,40.72065,-73.94085,0,0,0,0,4072,-7394,0.19801980198019803
2021-05-04T00:00:00.000,3:35,40.689648,-73.9184,1,0,1,1,4068,-7391,0.344
2021-05-04T00:00:00.000,5:55,40.632236,-74.120445,0,0,0,0,4063,-7412,0.36363636363636365
2021-05-04T00:00:00.000,16:47,40.71187,-73.87265,1,0,1,1,4071,-7387,0.5652173913043478
2021-05-04T00:00:00.000,16:15,40.680115,-73.75324,0,0,0,0,4068,-7375,0.3877551020408163
2021-05-04T00:00:00.000,17:55,40.86235,-73.894066,1,0,1,1,4086,-7389,0.40606060606060607
2021-05-04T00:00:00.000,18:12,40.69954,-73.95216,0,0,0,0,4069,-7395,0.30952380952380953
2021-04-26T00:00:00.000,11:15,40.7314,-73.926094,0,0,0,0,4073,-7392,0.4444444444444444
2021-05-04T00:00:00.000,19:00,40.640083,-73.93304,0,0,0,0,4064,-7393,0.3333333333333333
2021-05-04T00:00:00.000,22:20,40.610126,-73.97529,1,0,1,1,4061,-7397,0.421875
2021-04-29T00:00:00.000,12:17,40.75871,-73.96386,0,0,0,0,4075,-7396,0.4788732394366197
2021-05-04T00:00:00.000,23:00,40.748463,-73.98673,0,0,0,0,4074,-7398,0.40131578947368424
2021-05-04T00:00:00.000,13:40,40.75461,-73.78159,0,0,0,0,4075,-7378,0.18518518518518517
2021-05-04T00:00:00.000,9:56,40.67385,-73.90024,0,0,0,0,4067,-7390,0.3282442748091603
2021-05-04T00:00:00.000,6:39,40.839993,-73.86998,0,0,0,0,4083,-7386,0.24822695035460993
2021-05-04T00:00:00.000,8:15,40.703854,-73.95128,0,0,0,0,4070,-7395,0.3475177304964539
2021-04-28T00:00:00.000,16:00,40.70871,-73.77905,0,0,0,0,4070,-7377,0.2413793103448276
2021-05-04T00:00:00.000,6:30,40.58153,-73.96195,0,0,0,0,4058,-7396,0.37333333333333335
2021-04-28T00:00:00.000,14:50,40.61439,-74.15767,0,0,0,0,4061,-7415,0.3333333333333333
2021-05-04T00:00:00.000,7:45,40.847908,-73.90357,0,0,0,0,4084,-7390,0.366120218579235
2021-05-04T00:00:00.000,12:55,40.678722,-73.952995,1,0,1,1,4067,-7395,0.3695652173913043
2021-05-04T00:00:00.000,12:25,40.587265,-73.983475,2,0,1,1,4058,-7398,0.4
2021-04-23T00:00:00.000,23:15,40.726543,-73.89541,0,0,0,0,4072,-7389,0.41379310344827586
2021-05-04T00:00:00.000,14:30,40.757145,-73.99357,0,0,0,0,4075,-7399,0.2830188679245283
2021-05-04T00:00:00.000,1:28,40.655895,-73.90435,0,0,0,0,4065,-7390,0.375
2021-04-30T00:00:00.000,12:30,40.669216,-73.97964,0,0,0,0,4066,-7397,0.24390243902439024
2021-05-04T00:00:00.000,9:17,40.756687,-73.785545,0,0,0,0,4075,-7378,0.18518518518518517
2021-05-04T00:00:00.000,8:00,40.721935,-73.817055,0,0,0,0,4072,-7381,0.2926829268292683
2021-05-04T00:00:00.000,13:10,40.85406,-73.91936,1,0,1,1,4085,-7391,0.373134328358209
2021-05-04T00:00:00.000,18:15,40.72229,-73.86732,1,0,1,1,4072,-7386,0.42424242424242425
2021-05-04T00:00:00.000,23:50,40.67809,-73.8842,0,0,0,0,4067,-7388,0.30434782608695654
2021-05-04T00:00:00.000,0:00,40.712795,-73.98826,0,0,0,0,4071,-7398,0.39568345323741005
2021-05-04T00:00:00.000,15:22,40.893284,-73.84193,0,0,0,0,4089,-7384,0.3333333333333333
2021-05-04T00:00:00.000,1:00,40.633957,-74.13328,0,0,0,0,4063,-7413,0.2903225806451613
2021-12-19T00:00:00.000,19:42,40.686646,-73.849075,0,0,0,0,4068,-7384,0.3333333333333333
2021-05-04T00:00:00.000,16:10,40.753326,-73.8718,1,0,1,1,4075,-7387,0.33884297520661155
2021-04-07T00:00:00.000,17:00,40.677574,-73.95548,0,0,0,0,4067,-7395,0.3695652173913043
2021-05-04T00:00:00.000,19:50,40.654327,-73.9221,0,0,0,0,4065,-7392,0.35555555555555557
2021-05-04T00:00:00.000,17:00,40.822525,-73.90046,0,0,0,0,4082,-7390,0.3025210084033613
2021-05-04T00:00:00.000,16:10,40.68305,-73.98107,0,0,0,0,4068,-7398,0.3873239436619718
2021-05-04T00:00:00.000,12:00,40.75539,-73.828285,0,0,0,0,4075,-7382,0.4915254237288136
2021-05-03T00:00:00.000,16:30,40.666077,-73.995224,0,0,0,0,4066,-7399,0.40540540540540543
2021-05-04T00:00:00.000,11:08,40.73664,-73.86584,0,0,0,0,4073,-7386,0.3464566929133858
2021-05-03T00:00:00.000,22:30,40.821415,-73.88933,4,0,1,1,4082,-7388,0.27624309392265195
2021-05-04T00:00:00.000,20:00,40.7491,-73.984085,0,0,0,0,4074,-7398,0.40131578947368424
2021-04-27T00:00:00.000,14:04,40.615437,-73.96117,1,0,1,1,4061,-7396,0.30666666666666664
2021-05-04T00:00:00.000,23:00,40.85315,-73.90561,1,0,1,1,4085,-7390,0.42207792207792205
2021-05-04T00:00:00.000,14:08,40.75847,-73.87818,0,0,0,0,4075,-7387,0.33884297520661155
2021-05-04T00:00:00.000,23:16,40.72696,-73.841385,0,0,0,0,4072,-7384,0.2711864406779661
2021-05-04T00:00:00.000,13:23,40.847378,-73.86827,0,0,0,0,4084,-7386,0.375
2021-05-04T00:00:00.000,15:12,40.833588,-73.8615,0,0,0,0,4083,-7386,0.24822695035460993
2021-05-04T00:00:00.000,13:30,40.832012,-73.85621,0,0,0,0,4083,-7385,0.30158730158730157
2021-04-13T00:00:00.000,12:00,40.70161,-73.79161,0,0,0,0,4070,-7379,0.3978494623655914
2021-05-04T00:00:00.000,10:00,40.735657,-73.9096,0,0,0,0,4073,-7390,0.42424242424242425
2021-05-04T00:00:00.000,1:03,40.749897,-73.93782,1,0,1,1,4074,-7393,0.3333333333333333
2021-05-04T00:00:00.000,14:40,40.66021,-73.768906,0,0,0,0,4066,-7376,0.30434782608695654
2021-05-02T00:00:00.000,15:40,40.72393,-73.95029,0,0,0,0,4072,-7395,0.22093023255813954
2021-05-04T00:00:00.000,8:28,40.62186,-74.00686,0,0,0,0,4062,-7400,0.3150684931506849
2021-04-29T00:00:00.000,10:43,40.575695,-73.99327,0,0,0,0,4057,-7399,0.32558139534883723
2021-05-04T00:00:00.000,10:00,40.682484,-73.89029,0,0,0,0,4068,-7389,0.5
2021-05-04T00:00:00.000,8:10,40.555454,-74.1639,0,0,0,0,4055,-7416,0.5416666666666666
2021-05-04T00:00:00.000,22:19,40.630577,-73.88591,0,0,0,0,4063,-7388,0.3835616438356164
2021-05-04T00:00:00.000,14:20,40.634163,-74.00736,0,0,0,0,4063,-7400,0.3068181818181818
2021-04-30T00:00:00.000,12:15,40.645027,-73.91998,0,0,0,0,4064,-7391,0.39805825242718446
2021-05-04T00:00:00.000,5:43,40.75149,-73.88748,1,0,1,1,4075,-7388,0.3402061855670103
2021-05-04T00:00:00.000,19:59,40.628445,-73.98421,1,0,1,1,4062,-7398,0.38
2021-05-04T00:00:00.000,8:45,40.7406,-73.879326,1,0,1,1,4074,-7387,0.25663716814159293
2021-04-30T00:00:00.000,9:05,40.843372,-73.904945,1,0,1,1,4084,-7390,0.366120218579235
2021-05-04T00:00:00.000,17:30,40.700478,-73.902145,0,0,0,0,4070,-7390,0.37894736842105264
2021-05-04T00:00:00.000,18:15,40.86857,-73.93093,1,0,1,1,4086,-7393,0.3333333333333333
2021-05-04T00:00:00.000,10:18,40.638878,-73.95405,0,0,0,0,4063,-7395,0.48484848484848486
2021-05-04T00:00:00.000,15:08,40.691353,-73.92142,2,0,1,1,4069,-7392,0.3584905660377358
2022-02-19T00:00:00.000,1:15,40.71702,-73.830505,0,0,0,0,4071,-7383,0.37349397590361444
2021-05-04T00:00:00.000,19:04,40.680115,-73.75324,0,0,0,0,4068,-7375,0.3877551020408163
2021-04-21T00:00:00.000,0:00,40.884144,-73.91502,0,0,0,0,4088,-7391,0.23076923076923078
2021-05-04T00:00:00.000,9:00,40.751747,-73.97081,0,0,0,0,4075,-7397,0.375886524822695
2021-05-04T00:00:00.000,14:13,40.682274,-73.99349,0,0,0,0,4068,-7399,0.17857142857142858
2021-05-04T00:00:00.000,9:00,40.66896,-73.87462,0,0,0,0,4066,-7387,0.38461538461538464
2021-04-13T00:00:00.000,9:44,40.675186,-73.933304,0,0,0,0,4067,-7393,0.3755868544600939
2021-05-04T00:00:00.000,8:30,40.731174,-73.959236,0,0,0,0,4073,-7395,0.30434782608695654
2021-05-04T00:00:00.000,20:45,40.761745,-73.81353,0,0,0,0,4076,-7381,0.4716981132075472
2021-05-04T00:00:00.000,11:47,40.636124,-74.15919,0,0,0,0,4063,-7415,0.3333333333333333
2021-05-04T00:00:00.000,8:50,40.636875,-74.005745,0,0,0,0,4063,-7400,0.3068181818181818
2021-05-04T00:00:00.000,23:54,40.856792,-73.91742,0,0,0,0,4085,-7391,0.373134328358209
2021-05-04T00:00:00.000,5:10,40.7495,-73.94667,0,0,0,0,4074,-7394,0.33962264150943394
2021-05-04T00:00:00.000,23:35,40.630577,-73.88591,2,0,1,1,4063,-7388,0.3835616438356164
2021-05-04T00:00:00.000,17:25,40.825855,-73.825615,0,0,0,0,4082,-7382,0.46153846153846156
2021-05-04T00:00:00.000,17:30,40.783245,-73.94473,0,0,0,0,4078,-7394,0.33513513513513515
2021-05-04T00:00:00.000,15:25,40.769955,-73.836426,0,0,0,0,4076,-7383,0.33695652173913043
2021-05-04T00:00:00.000,12:08,40.699802,-73.78272,0,0,0,0,4069,-7378,0.29310344827586204
2021-05-04T00:00:00.000,18:24,40.63845,-74.08755,0,0,0,0,4063,-7408,0.2653061224489796
2021-05-04T00:00:00.000,17:45,40.810173,-73.95117,1,0,1,1,4081,-7395,0.3509933774834437
2021-04-06T00:00:00.000,8:10,40.668373,-73.92264,0,0,0,0,4066,-7392,0.355
2021-05-04T00:00:00.000,16:00,40.71582,-73.80799,0,0,0,0,4071,-7380,0.42105263157894735
2021-05-04T00:00:00.000,10:11,40.684395,-73.97835,1,0,1,1,4068,-7397,0.3412322274881517
2021-05-04T00:00:00.000,19:39,40.821613,-73.89688,0,0,0,0,4082,-7389,0.37423312883435583
2021-05-04T00:00:00.000,11:03,40.661835,-73.89311,0,0,0,0,4066,-7389,0.3103448275862069
2021-05-04T00:00:00.000,14:00,40.781387,-73.95213,0,0,0,0,4078,-7395,0.42168674698795183
2021-05-04T00:00:00.000,14:22,40.644306,-73.95179,1,0,1,1,4064,-7395,0.4796747967479675
2021-05-04T00:00:00.000,13:53,40.816902,-73.88926,1,0,1,1,4081,-7388,0.25471698113207547
2021-05-04T00:00:00.000,16:15,40.632576,-73.98393,0,0,0,0,4063,-7398,0.4827586206896552
2021-05-04T00:00:00.000,14:26,40.848877,-73.91615,0,0,0,0,4084,-7391,0.32558139534883723
2021-05-04T00:00:00.000,18:30,40.604782,-73.754005,1,0,1,1,4060,-7375,0.17117117117117117
2021-05-04T00:00:00.000,3:15,40.841953,-73.898544,0,0,0,0,4084,-7389,0.33766233766233766
2021-05-04T00:00:00.000,8:00,40.711838,-73.917496,0,0,0,0,4071,-7391,0.1836734693877551
2021-05-04T00:00:00.000,7:00,40.873196,-73.90427,0,0,0,0,4087,-7390,0.3184713375796178
2021-05-04T00:00:00.000,12:50,40.660984,-73.90879,0,0,0,0,4066,-7390,0.2777777777777778
2021-05-04T00:00:00.000,20:10,40.561512,-74.171844,1,0,1,1,4056,-7417,0.5
2021-05-04T00:00:00.000,1:09,40.84518,-73.91417,0,0,0,0,4084,-7391,0.32558139534883723
2021-05-03T00:00:00.000,18:36,40.60595,-74.07601,0,0,0,0,4060,-7407,0.25
2021-12-19T00:00:00.000,3:39,40.679317,-74.003334,0,0,0,0,4067,-7400,0.20967741935483872
2021-05-04T00:00:00.000,6:00,40.84921,-73.90011,0,0,0,0,4084,-7390,0.366120218579235
2021-05-02T00:00:00.000,23:30,40.678963,-73.94965,0,0,0,0,4067,-7394,0.34074074074074073
2021-05-04T00:00:00.000,15:50,40.633995,-73.94778,1,0,1,1,4063,-7394,0.358974358974359
2021-05-04T00:00:00.000,15:15,40.76838,-73.99281,0,0,0,0,4076,-7399,0.3275862068965517
2021-05-04T00:00:00.000,8:40,40.74172,-73.75547,1,0,1,1,4074,-7375,0.16666666666666666
2021-05-04T00:00:00.000,2:55,40.81608,-73.917694,0,0,0,0,4081,-7391,0.47244094488188976
2021-04-23T00:00:00.000,13:00,40.875233,-73.859726,1,0,1,1,4087,-7385,0.37681159420289856
2021-05-04T00:00:00.000,9:30,40.761234,-73.96389,0,0,0,0,4076,-7396,0.3023255813953488
2021-05-04T00:00:00.000,15:30,40.578236,-73.99157,1,0,1,1,4057,-7399,0.32558139534883723
2021-05-04T00:00:00.000,13:05,40.784534,-73.9736,0,0,0,0,4078,-7397,0.3434343434343434
2021-04-28T00:00:00.000,10:55,40.713184,-73.82393,2,0,1,1,4071,-7382,0.379746835443038
2021-05-01T00:00:00.000,12:45,40.58493,-73.95269,0,0,0,0,4058,-7395,0.3465346534653465
2021-05-04T00:00:00.000,0:10,40.725147,-73.81031,0,0,0,0,4072,-7381,0.2926829268292683
2021-05-04T00:00:00.000,22:40,40.642384,-73.92539,1,0,1,1,4064,-7392,0.4077669902912621
2021-05-04T00:00:00.000,11:15,40.81836,-73.93053,0,0,0,0,4081,-7393,0.32432432432432434
2021-05-02T00:00:00.000,13:45,40.608208,-74.13322,0,0,0,0,4060,-7413,0.41935483870967744
2021-05-04T00:00:00.000,19:30,40.675198,-73.789894,0,0,0,0,4067,-7378,0.2
2021-05-04T00:00:00.000,11:50,40.713577,-73.99607,1,0,1,1,4071,-7399,0.3263157894736842
2021-05-04T00:00:00.000,15:10,40.70066,-73.98775,0,0,0,0,4070,-7398,0.21568627450980393
2021-05-04T00:00:00.000,12:05,40.714832,-74.00621,0,0,0,0,4071,-7400,0.25517241379310346
2021-05-04T00:00:00.000,14:19,40.658577,-73.89063,0,0,0,0,4065,-7389,0.34965034965034963
2021-05-04T00:00:00.000,17:10,40.843086,-73.86583,1,0,1,1,4084,-7386,0.375
2021-05-04T00:00:00.000,17:55,40.74351,-73.717415,0,0,0,0,4074,-7371,0.38095238095238093
2021-05-04T00:00:00.000,14:45,40.767498,-73.83302,0,0,0,0,4076,-7383,0.33695652173913043
2021-05-04T00:00:00.000,18:00,40.8307,-73.84446,0,0,0,0,4083,-7384,0.22727272727272727
2021-05-02T00:00:00.000,14:25,40.6361,-74.13796,1,0,1,1,4063,-7413,0.2903225806451613
2021-05-04T00:00:00.000,10:00,40.71777,-73.9838,0,0,0,0,4071,-7398,0.39568345323741005
2021-05-04T00:00:00.000,19:45,40.855556,-73.92918,0,0,0,0,4085,-7392,0.22
2021-04-24T00:00:00.000,7:15,0.0,0.0,0,0,0,0,0,0,0.40425531914893614
2021-04-30T00:00:00.000,19:05,40.578,-74.00583,0,0,0,0,4057,-7400,0.3157894736842105
2021-05-04T00:00:00.000,1:25,40.766155,-73.89226,0,0,0,0,4076,-7389,0.35185185185185186
2021-04-30T00:00:00.000,9:15,40.67657,-73.94431,1,0,1,1,4067,-7394,0.34074074074074073
2021-05-04T00:00:00.000,11:17,40.76401,-73.881165,0,0,0,0,4076,-7388,0.43283582089552236
2021-05-04T00:00:00.000,22:36,40.880825,-73.85158,0,0,0,0,4088,-7385,0.36619718309859156
2021-05-04T00:00:00.000,11:10,40.75326,-73.864456,0,0,0,0,4075,-7386,0.33653846153846156
2021-05-02T00:00:00.000,10:30,40.83501,-73.91206,0,0,0,0,4083,-7391,0.33714285714285713
2021-05-04T00:00:00.000,19:09,40.646755,-74.010056,2,0,1,1,4064,-7401,0.4295774647887324
2021-05-04T00:00:00.000,17:15,40.733967,-73.87177,0,0,0,0,4073,-7387,0.3140495867768595
2021-05-04T00:00:00.000,22:41,40.585934,-73.9519,1,0,1,1,4058,-7395,0.3465346534653465
2021-12-18T00:00:00.000,19:36,40.65079,-73.903366,1,0,1,1,4065,-7390,0.375
2021-12-17T00:00:00.000,2:30,40.69835,-73.92275,2,0,1,1,4069,-7392,0.3584905660377358
2021-12-19T00:00:00.000,17:12,40.83445,-73.940865,1,0,1,1,4083,-7394,0.38926174496644295
2021-12-19T00:00:00.000,22:01,40.723625,-74.00479,1,0,1,1,4072,-7400,0.32926829268292684
2022-02-19T00:00:00.000,2:02,40.630943,-73.889244,0,0,0,0,4063,-7388,0.3835616438356164
2021-12-19T00:00:00.000,6:00,40.682663,-73.77589,1,0,1,1,4068,-7377,0.3673469387755102
2021-12-18T00:00:00.000,22:35,40.725994,-73.75815,0,0,0,0,4072,-7375,0.2727272727272727
2021-12-18T00:00:00.000,1:30,40.629353,-73.884766,2,0,1,1,4062,-7388,0.5714285714285714
2021-12-14T00:00:00.000,15:59,40.82804,-73.94251,0,0,0,0,4082,-7394,0.3812154696132597
2021-12-17T00:00:00.000,11:45,40.704494,-73.92929,0,0,0,0,4070,-7392,0.24305555555555555
2021-12-19T00:00:00.000,21:20,40.820187,-73.890686,0,0,0,0,4082,-7389,0.37423312883435583
2022-02-19T00:00:00.000,18:00,40.76348,-73.870636,0,0,0,0,4076,-7387,0.48214285714285715
2022-02-19T00:00:00.000,10:00,40.700268,-73.84281,0,0,0,0,4070,-7384,0.43333333333333335
2022-02-19T00:00:00.000,3:40,40.670555,-73.874176,2,0,1,1,4067,-7387,0.30344827586206896
2022-02-19T00:00:00.000,23:48,40.63795,-74.14479,0,0,0,0,4063,-7414,0.5769230769230769
2022-02-19T00:00:00.000,12:00,40.826046,-73.93777,0,0,0,0,4082,-7393,0.36645962732919257
2022-02-17T00:00:00.000,21:30,40.664856,-73.88023,3,0,1,1,4066,-7388,0.37012987012987014
2022-02-12T00:00:00.000,0:06,0.0,0.0,0,0,0,0,0,0,0.40425531914893614
2022-02-19T00:00:00.000,17:01,40.843185,-73.92157,0,0,0,0,4084,-7392,0.3181818181818182
2022-02-19T00:00:00.000,7:30,40.576916,-73.85178,0,0,0,0,4057,-7385,0.25
2022-02-14T00:00:00.000,15:29,40.80568,-73.91484,0,0,0,0,4080,-7391,0.38961038961038963
2022-02-19T00:00:00.000,19:30,40.674976,-73.94599,0,0,0,0,4067,-7394,0.34074074074074073
2022-02-19T00:00:00.000,2:02,40.65463,-73.92201,0,0,0,0,4065,-7392,0.35555555555555557
2022-02-19T00:00:00.000,14:48,40.614025,-74.08479,0,0,0,0,4061,-7408,0.30612244897959184
2022-02-18T00:00:00.000,6:20,40.660797,-73.87183,0,0,0,0,4066,-7387,0.38461538461538464
2023-04-26T00:00:00.000,18:10,40.690357,-73.989746,0,0,0,0,4069,-7398,0.3229166666666667
2022-02-19T00:00:00.000,19:00,40.63796,-73.93667,0,0,0,0,4063,-7393,0.46153846153846156
2022-02-19T00:00:00.000,0:40,40.74888,-73.89247,0,0,0,0,4074,-7389,0.3203125
2022-02-19T00:00:00.000,19:50,40.812737,-73.93762,0,0,0,0,4081,-7393,0.32432432432432434
2022-02-19T00:00:00.000,14:00,40.80261,-73.94469,0,0,0,0,4080,-7394,0.41116751269035534
2021-11-30T00:00:00.000,15:30,40.716644,-73.99582,0,0,0,0,4071,-7399,0.3263157894736842
2023-07-30T00:00:00.000,13:50,40.67973,-73.9374,0,0,0,0,4067,-7393,0.3755868544600939
2021-12-20T00:00:00.000,15:20,40.79465,-73.97179,1,0,1,1,4079,-7397,0.24210526315789474
2022-03-24T00:00:00.000,20:21,40.84474,-73.922585,3,0,1,1,4084,-7392,0.3181818181818182
2022-03-28T00:00:00.000,17:40,40.82038,-73.926956,0,0,0,0,4082,-7392,0.3333333333333333
2022-03-24T00:00:00.000,7:52,40.669544,-73.917145,1,0,1,1,4066,-7391,0.3630952380952381
2022-02-13T00:00:00.000,0:20,40.673256,-73.9307,0,0,0,0,4067,-7393,0.3755868544600939
2022-03-23T00:00:00.000,19:34,40.61623,-73.96066,0,0,0,0,4061,-7396,0.30666666666666664
2022-03-28T00:00:00.000,20:30,40.707474,-73.94494,0,0,0,0,4070,-7394,0.3956043956043956
2022-03-19T00:00:00.000,19:10,40.685112,-73.94717,0,0,0,0,4068,-7394,0.4409448818897638
2022-03-18T00:00:00.000,0:10,40.788555,-73.78234,0,0,0,0,4078,-7378,0.4375
2022-04-14T00:00:00.000,10:27,40.87892,-73.90479,0,0,0,0,4087,-7390,0.3184713375796178
2022-04-24T00:00:00.000,10:57,40.80879,-73.91619,1,0,1,1,4080,-7391,0.38961038961038963
2022-04-24T00:00:00.000,15:00,0.0,0.0,0,0,0,0,0,0,0.40425531914893614
2022-04-20T00:00:00.000,21:22,40.838234,-73.86364,0,0,0,0,4083,-7386,0.24822695035460993
2022-04-14T00:00:00.000,13:00,40.731544,-73.9992,1,0,1,1,4073,-7399,0.423728813559322
2022-04-24T00:00:00.000,11:24,40.833046,-73.89648,0,0,0,0,4083,-7389,0.3333333333333333
2022-04-24T00:00:00.000,3:49,0.0,0.0,0,0,0,0,0,0,0.40425531914893614
2022-04-24T00:00:00.000,15:00,40.607864,-74.179184,0,0,0,0,4060,-7417,0.5
2022-04-16T00:00:00.000,23:48,40.80333,-73.94873,0,0,0,0,4080,-7394,0.41116751269035534
2021-12-20T00:00:00.000,17:40,40.853477,-73.82622,0,0,0,0,4085,-7382,0.45714285714285713
2022-03-28T00:00:00.000,14:08,40.626324,-73.960686,0,0,0,0,4062,-7396,0.375
2022-03-28T00:00:00.000,16:15,40.80717,-73.917244,0,0,0,0,4080,-7391,0.38961038961038963
2022-03-28T00:00:00.000,15:50,40.61834,-74.03018,1,0,1,1,4061,-7403,0.2777777777777778
2022-03-25T00:00:00.000,21:09,40.665447,-73.81571,1,1,2,1,4066,-7381,0.4716981132075472
2022-03-28T00:00:00.000,18:00,40.88051,-73.9007,0,0,0,0,4088,-7390,0.2702702702702703
2022-03-28T00:00:00.000,14:45,40.66773,-73.81594,0,0,0,0,4066,-7381,0.4716981132075472
2022-03-28T00:00:00.000,18:42,40.669094,-73.8864,2,0,1,1,4066,-7388,0.37012987012987014
2022-03-28T00:00:00.000,16:29,40.6481,-73.91474,0,0,0,0,4064,-7391,0.39805825242718446
2022-03-28T00:00:00.000,4:55,40.67784,-73.780266,0,0,0,0,4067,-7378,0.2
2022-03-28T00:00:00.000,15:19,40.72065,-74.012115,0,0,0,0,4072,-7401,0.4
2022-03-28T00:00:00.000,14:30,0.0,0.0,1,0,1,1,0,0,0.40425531914893614
2022-03-27T00:00:00.000,15:30,40.61847,-73.89746,0,0,0,0,4061,-7389,0.45454545454545453
2022-03-28T00:00:00.000,8:10,40.76203,-73.812416,0,0,0,0,4076,-7381,0.4716981132075472
2022-03-28T00:00:00.000,14:40,40.66546,-73.74246,2,0,1,1,4066,-7374,0.3698630136986301
2022-03-28T00:00:00.000,11:07,40.863632,-73.87168,0,0,0,0,4086,-7387,0.34545454545454546
2022-03-28T00:00:00.000,8:12,40.766556,-73.96294,0,0,0,0,4076,-7396,0.3023255813953488
2022-03-28T00:00:00.000,14:10,40.677265,-73.778625,0,0,0,0,4067,-7377,0.32608695652173914
2022-03-28T00:00:00.000,9:02,40.631783,-74.12426,0,0,0,0,4063,-7412,0.36363636363636365
2022-03-28T00:00:00.000,7:22,40.8086,-73.909775,2,0,1,1,4080,-7390,0.36538461538461536
2022-03-28T00:00:00.000,11:49,40.75892,-73.999695,1,0,1,1,4075,-7399,0.2830188679245283
2022-03-28T00:00:00.000,1:00,40.74111,-73.89842,0,0,0,0,4074,-7389,0.3203125
2022-03-27T00:00:00.000,15:43,40.651333,-74.00751,1,0,1,1,4065,-7400,0.41509433962264153
2022-03-28T00:00:00.000,8:11,40.69613,-73.987114,1,0,1,1,4069,-7398,0.3229166666666667
2022-03-28T00:00:00.000,3:00,40.74833,-73.896095,1,0,1,1,4074,-7389,0.3203125
2022-03-28T00:00:00.000,2:20,40.699883,-73.90831,1,0,1,1,4069,-7390,0.29591836734693877
2021-09-19T00:00:00.000,21:45,40.768234,-73.90709,0,0,0,0,4076,-7390,0.3055555555555556
2022-03-28T00:00:00.000,12:30,40.82245,-73.90183,1,0,1,1,4082,-7390,0.3025210084033613
2022-03-28T00:00:00.000,2:30,40.69612,-73.746185,1,0,1,1,4069,-7374,0.46774193548387094
2022-03-28T00:00:00.000,17:00,40.81663,-73.89592,0,0,0,0,4081,-7389,0.31543624161073824
2022-03-28T00:00:00.000,18:14,40.82548,-73.87042,0,0,0,0,4082,-7387,0.33544303797468356
2022-03-28T00:00:00.000,7:12,40.66381,-73.91117,0,0,0,0,4066,-7391,0.3630952380952381
2022-03-28T00:00:00.000,11:55,40.744778,-73.97589,0,0,0,0,4074,-7397,0.4810810810810811
2022-03-28T00:00:00.000,21:50,40.68662,-73.82319,1,0,1,1,4068,-7382,0.41975308641975306
2022-03-28T00:00:00.000,20:10,40.716324,-73.77009,0,0,0,0,4071,-7377,0.20967741935483872
2022-03-14T00:00:00.000,10:00,40.673843,-73.92509,1,0,1,1,4067,-7392,0.39655172413793105
2022-03-28T00:00:00.000,16:29,40.786934,-73.808334,0,0,0,0,4078,-7380,0.30434782608695654
2022-03-22T00:00:00.000,20:58,40.7791,-73.95463,0,0,0,0,4077,-7395,0.3384615384615385
2022-03-28T00:00:00.000,7:16,40.881073,-73.878494,0,0,0,0,4088,-7387,0.14583333333333334
2022-03-26T00:00:00.000,1:24,40.739674,-73.99095,1,0,1,1,4073,-7399,0.423728813559322
2022-03-28T00:00:00.000,11:15,40.883465,-73.91699,0,0,0,0,4088,-7391,0.23076923076923078
2022-03-28T00:00:00.000,11:00,40.584137,-73.96386,0,0,0,0,4058,-7396,0.37333333333333335
2022-03-27T00:00:00.000,11:00,40.722652,-73.99599,0,0,0,0,4072,-7399,0.3829787234042553
2022-03-28T00:00:00.000,13:57,40.659695,-73.99218,0,0,0,0,4065,-7399,0.4117647058823529
2022-03-28T00:00:00.000,17:19,40.611954,-73.96817,3,0,1,1,4061,-7396,0.30666666666666664
2022-03-17T00:00:00.000,17:30,40.84408,-73.894485,0,0,0,0,4084,-7389,0.33766233766233766
2022-03-28T00:00:00.000,23:50,40.723118,-74.00624,0,0,0,0,4072,-7400,0.32926829268292684
2022-03-28T00:00:00.000,18:27,40.615337,-73.94008,1,0,1,1,4061,-7394,0.48484848484848486
2022-03-28T00:00:00.000,9:26,40.73003,-73.99109,1,0,1,1,4073,-7399,0.423728813559322
2022-03-28T00:00:00.000,8:20,40.715706,-73.81023,1,0,1,1,4071,-7381,0.3448275862068966
2022-03-27T00:00:00.000,9:00,40.683655,-73.78266,0,0,0,0,4068,-7378,0.3384615384615385
2022-03-28T00:00:00.000,22:30,40.62284,-74.00121,1,0,1,1,4062,-7400,0.3150684931506849
2022-03-28T00:00:00.000,22:50,40.67335,-73.82582,0,0,0,0,4067,-7382,0.4186046511627907
2022-03-28T00:00:00.000,0:00,40.601486,-74.167305,1,0,1,1,4060,-7416,0.42857142857142855
2022-03-21T00:00:00.000,19:55,40.72293,-73.98865,0,0,0,0,4072,-7398,0.4342105263157895
2022-03-28T00:00:00.000,0:30,40.831768,-73.90803,0,0,0,0,4083,-7390,0.3064516129032258
2022-03-26T00:00:00.000,10:15,40.82647,-73.944885,0,0,0,0,4082,-7394,0.3812154696132597
2022-03-24T00:00:00.000,7:52,40.678528,-73.91525,0,0,0,0,4067,-7391,0.36597938144329895
2022-03-28T00:00:00.000,1:20,40.64439,-73.94987,1,0,1,1,4064,-7394,0.42342342342342343
2022-03-26T00:00:00.000,13:50,40.634136,-74.002716,0,0,0,0,4063,-7400,0.3068181818181818
2022-03-28T00:00:00.000,10:33,40.716824,-73.82019,0,0,0,0,4071,-7382,0.379746835443038
2022-03-28T00:00:00.000,9:00,40.716908,-73.95626,0,0,0,0,4071,-7395,0.36585365853658536
2022-03-24T00:00:00.000,16:05,40.63043,-73.88593,0,0,0,0,4063,-7388,0.3835616438356164
2022-03-28T00:00:00.000,20:15,40.68628,-73.77701,1,0,1,1,4068,-7377,0.3673469387755102
2022-03-28T00:00:00.000,8:50,40.641815,-73.99582,1,0,1,1,4064,-7399,0.3442622950819672
2022-03-28T00:00:00.000,13:06,40.62564,-73.91302,0,0,0,0,4062,-7391,0.3333333333333333
2022-03-28T00:00:00.000,9:15,40.817738,-73.924164,0,0,0,0,4081,-7392,0.4714285714285714
2022-03-28T00:00:00.000,12:55,40.62916,-74.01144,0,0,0,0,4062,-7401,0.3829787234042553
2022-03-28T00:00:00.000,17:25,40.81987,-73.81987,0,0,0,0,4081,-7381,0.25
2022-03-28T00:00:00.000,13:23,40.748466,-73.97296,2,0,1,1,4074,-7397,0.4810810810810811
2022-03-28T00:00:00.000,5:30,40.84869,-73.90329,0,0,0,0,4084,-7390,0.366120218579235
2022-03-28T00:00:00.000,18:12,40.695705,-73.94637,1,0,1,1,4069,-7394,0.417910447761194
2022-03-28T00:00:00.000,14:35,40.877106,-73.90616,0,0,0,0,4087,-7390,0.3184713375796178
2022-03-28T00:00:00.000,9:30,40.70564,-73.75048,1,0,1,1,4070,-7375,0.4117647058823529
2022-03-28T00:00:00.000,12:40,40.698677,-73.95886,4,0,1,1,4069,-7395,0.30952380952380953
2022-03-28T00:00:00.000,8:25,40.820435,-73.93623,2,1,2,1,4082,-7393,0.36645962732919257
2023-01-10T00:00:00.000,14:00,40.77496,-73.9589,0,0,0,0,4077,-7395,0.3384615384615385
2023-01-17T00:00:00.000,16:43,40.6577,-73.94058,0,0,0,0,4065,-7394,0.43137254901960786
2021-09-20T00:00:00.000,20:00,40.74184,-73.88101,0,0,0,0,4074,-7388,0.2978723404255319
2021-12-10T00:00:00.000,14:01,40.750763,-73.97445,1,0,1,1,4075,-7397,0.375886524822695
2021-12-10T00:00:00.000,23:00,40.816376,-73.948364,0,0,0,0,4081,-7394,0.38
2021-12-10T00:00:00.000,0:10,40.852818,-73.90476,0,0,0,0,4085,-7390,0.42207792207792205
2021-12-09T00:00:00.000,20:45,40.69654,-73.72828,0,0,0,0,4069,-7372,0.40425531914893614
2021-12-09T00:00:00.000,8:30,40.582497,-73.95738,1,0,1,1,4058,-7395,0.3465346534653465
2021-12-07T00:00:00.000,16:37,40.74084,-73.72681,1,0,1,1,4074,-7372,0.375
2021-12-09T00:00:00.000,19:30,40.688675,-73.84123,0,0,0,0,4068,-7384,0.3333333333333333
2021-12-09T00:00:00.000,21:45,40.591686,-73.94021,0,0,0,0,4059,-7394,0.275
2021-12-08T00:00:00.000,22:51,40.70197,-73.80977,0,0,0,0,4070,-7380,0.3877551020408163
2021-12-09T00:00:00.000,22:49,40.798443,-73.97089,1,0,1,1,4079,-7397,0.24210526315789474
2021-12-08T00:00:00.000,13:25,40.845352,-73.92821,1,0,1,1,4084,-7392,0.3181818181818182
2021-12-10T00:00:00.000,0:05,40.705784,-73.80959,1,0,1,1,4070,-7380,0.3877551020408163
2021-12-08T00:00:00.000,7:57,40.641945,-73.916626,0,0,0,0,4064,-7391,0.39805825242718446
2021-12-08T00:00:00.000,7:19,40.72015,-73.93783,0,0,0,0,4072,-7393,0.36507936507936506
2021-12-09T00:00:00.000,9:25,40.836937,-73.927124,2,0,1,1,4083,-7392,0.310126582278481
2021-12-08T00:00:00.000,16:49,40.635525,-73.99487,1,0,1,1,4063,-7399,0.47692307692307695
2021-12-08T00:00:00.000,12:40,40.623554,-73.953995,2,0,1,1,4062,-7395,0.4444444444444444
2021-12-09T00:00:00.000,20:20,40.644337,-74.00754,1,0,1,1,4064,-7400,0.36764705882352944
2021-12-06T00:00:00.000,12:10,40.762074,-73.91869,0,0,0,0,4076,-7391,0.40476190476190477
2021-12-09T00:00:00.000,14:24,40.872494,-73.88147,1,0,1,1,4087,-7388,0.3561643835616438
2021-12-09T00:00:00.000,17:10,40.550434,-74.13608,1,0,1,1,4055,-7413,0.2777777777777778
2021-12-08T00:00:00.000,17:55,40.676025,-73.80905,1,0,1,1,4067,-7380,0.24615384615384617
2021-12-09T00:00:00.000,13:52,40.738796,-73.97716,1,0,1,1,4073,-7397,0.32558139534883723
2021-12-10T00:00:00.000,20:31,40.7609,-73.87018,1,0,1,1,4076,-7387,0.48214285714285715
2021-12-10T00:00:00.000,18:30,40.758022,-73.981804,0,0,0,0,4075,-7398,0.3170731707317073
2021-09-20T00:00:00.000,9:14,40.7712,-73.83345,0,0,0,0,4077,-7383,0.25
2021-09-20T00:00:00.000,22:37,40.605335,-73.75528,0,0,0,0,4060,-7375,0.17117117117117117
2021-09-20T00:00:00.000,3:00,40.680695,-74.002975,2,0,1,1,4068,-7400,0.3333333333333333
2021-09-13T00:00:00.000,21:00,40.624813,-73.917816,0,0,0,0,4062,-7391,0.3333333333333333
2021-09-18T00:00:00.000,21:32,40.6294,-73.99949,0,0,0,0,4062,-7399,0.3835616438356164
2021-09-20T00:00:00.000,7:30,40.671825,-73.774506,1,0,1,1,4067,-7377,0.32608695652173914
2021-09-20T00:00:00.000,0:33,40.74594,-73.90006,0,0,0,0,4074,-7390,0.40625
2021-09-20T00:00:00.000,20:44,40.6462,-73.93175,1,0,1,1,4064,-7393,0.3333333333333333
2021-08-24T00:00:00.000,17:00,40.693195,-73.92859,1,0,1,1,4069,-7392,0.3584905660377358
2022-03-28T00:00:00.000,1:40,40.828743,-73.843994,0,0,0,0,4082,-7384,0.3835616438356164
2021-09-20T00:00:00.000,21:48,40.68261,-73.97642,0,0,0,0,4068,-7397,0.3412322274881517
2021-09-11T00:00:00.000,6:13,40.82325,-73.88277,0,0,0,0,4082,-7388,0.27624309392265195
2021-08-14T00:00:00.000,22:01,40.686516,-73.9675,1,0,1,1,4068,-7396,0.42567567567567566
2021-08-30T00:00:00.000,13:47,40.67887,-73.92165,1,0,1,1,4067,-7392,0.39655172413793105
2021-09-20T00:00:00.000,4:20,40.749844,-73.883385,0,0,0,0,4074,-7388,0.2978723404255319
2021-09-20T00:00:00.000,21:32,40.81419,-73.92689,0,0,0,0,4081,-7392,0.4714285714285714
2021-09-18T00:00:00.000,16:12,40.638794,-73.97075,0,0,0,0,4063,-7397,0.36893203883495146
2021-09-20T00:00:00.000,15:14,40.73332,-73.79114,0,0,0,0,4073,-7379,0.4
2021-09-20T00:00:00.000,6:40,40.82178,-73.82087,0,0,0,0,4082,-7382,0.46153846153846156
2021-09-20T00:00:00.000,5:00,40.8316,-73.87892,0,0,0,0,4083,-7387,0.38414634146341464
2021-09-20T00:00:00.000,9:09,40.871128,-73.90449,0,0,0,0,4087,-7390,0.3184713375796178
2021-09-20T00:00:00.000,8:07,40.680218,-73.775505,1,0,1,1,4068,-7377,0.3673469387755102
2021-09-10T00:00:00.000,5:01,40.686577,-73.947464,0,0,0,0,4068,-7394,0.4409448818897638
2021-09-20T00:00:00.000,14:45,40.71769,-73.831406,1,0,1,1,4071,-7383,0.37349397590361444
2021-09-20T00:00:00.000,8:56,40.856743,-73.917625,1,0,1,1,4085,-7391,0.373134328358209
2021-09-20T00:00:00.000,8:45,40.71801,-73.76514,1,0,1,1,4071,-7376,0.37142857142857144
2021-09-20T00:00:00.000,10:45,40.529453,-74.211006,1,0,1,1,4052,-7421,0.4444444444444444
2021-09-16T00:00:00.000,14:35,40.757385,-73.98226,1,0,1,1,4075,-7398,0.3170731707317073
2021-09-20T00:00:00.000,13:01,40.718666,-73.9635,1,0,1,1,4071,-7396,0.3218390804597701
2021-09-17T00:00:00.000,6:40,40.692314,-73.88268,0,0,0,0,4069,-7388,0.4375
2021-09-20T00:00:00.000,11:05,40.824028,-73.873665,0,0,0,0,4082,-7387,0.33544303797468356
2021-09-20T00:00:00.000,10:03,40.772045,-73.87623,3,0,1,1,4077,-7387,0.35714285714285715
2021-09-20T00:00:00.000,17:20,40.56444,-74.12676,0,0,0,0,4056,-7412,0.2222222222222222
2021-09-20T00:00:00.000,0:45,40.73675,-73.87945,0,0,0,0,4073,-7387,0.3140495867768595
2021-09-20T00:00:00.000,23:43,40.66645,-73.75764,0,0,0,0,4066,-7375,0.3
2021-09-19T00:00:00.000,1:30,40.639256,-73.968796,0,0,0,0,4063,-7396,0.34615384615384615
2021-09-20T00:00:00.000,17:00,40.77099,-73.99092,1,0,1,1,4077,-7399,0.4166666666666667
2021-09-20T00:00:00.000,20:30,40.724655,-73.935585,1,0,1,1,4072,-7393,0.36507936507936506
2021-09-14T00:00:00.000,15:24,40.65319,-73.96622,1,0,1,1,4065,-7396,0.3939393939393939
2021-09-20T00:00:00.000,12:45,40.73635,-73.993385,0,0,0,0,4073,-7399,0.423728813559322
2021-09-20T00:00:00.000,8:48,40.649128,-73.87967,0,0,0,0,4064,-7387,0.4918032786885246
2021-09-20T00:00:00.000,10:30,40.75247,-73.96456,0,1,2,1,4075,-7396,0.4788732394366197
2021-09-20T00:00:00.000,12:51,40.615364,-73.94575,1,0,1,1,4061,-7394,0.48484848484848486
2022-03-28T00:00:00.000,17:30,40.766556,-73.96294,1,0,1,1,4076,-7396,0.3023255813953488
2021-09-20T00:00:00.000,11:04,40.679073,-73.92527,1,0,1,1,4067,-7392,0.39655172413793105
2021-09-20T00:00:00.000,10:36,40.878464,-73.82828,1,0,1,1,4087,-7382,0.3333333333333333
2021-09-20T00:00:00.000,1:10,40.834354,-73.94096,1,0,1,1,4083,-7394,0.38926174496644295
2021-09-19T00:00:00.000,12:31,40.868797,-73.90232,0,0,0,0,4086,-7390,0.42748091603053434
2021-09-20T00:00:00.000,13:10,40.746243,-73.75979,0,0,0,0,4074,-7375,0.16666666666666666
2021-08-03T00:00:00.000,16:49,40.718693,-73.87414,1,0,1,1,4071,-7387,0.5652173913043478
2021-09-20T00:00:00.000,19:53,40.76095,-73.832756,1,0,1,1,4076,-7383,0.33695652173913043
2021-09-10T00:00:00.000,9:08,40.787003,-73.97552,0,0,0,0,4078,-7397,0.3434343434343434
2021-09-20T00:00:00.000,12:41,40.69035,-73.84108,1,0,1,1,4069,-7384,0.26666666666666666
2021-09-20T00:00:00.000,16:33,40.815205,-73.947495,2,0,1,1,4081,-7394,0.38
2021-09-20T00:00:00.000,16:46,40.734768,-73.99064,1,0,1,1,4073,-7399,0.423728813559322
2021-09-20T00:00:00.000,14:00,40.60729,-74.14086,2,0,1,1,4060,-7414,0.4074074074074074
2021-09-11T00:00:00.000,14:00,40.69469,-73.90252,0,0,0,0,4069,-7390,0.29591836734693877
2021-09-19T00:00:00.000,9:06,40.84271,-73.885666,1,0,1,1,4084,-7388,0.390625
2021-09-20T00:00:00.000,17:40,40.70717,-73.94491,0,0,0,0,4070,-7394,0.3956043956043956
2021-09-19T00:00:00.000,13:42,40.636425,-74.00501,0,0,0,0,4063,-7400,0.3068181818181818
2021-09-20T00:00:00.000,17:54,40.818558,-73.92732,0,0,0,0,4081,-7392,0.4714285714285714
2022-03-28T00:00:00.000,16:10,40.820503,-73.8881,1,0,1,1,4082,-7388,0.27624309392265195
2021-09-20T00:00:00.000,15:53,40.667835,-73.89484,0,0,0,0,4066,-7389,0.3103448275862069
2021-09-20T00:00:00.000,11:10,40.774357,-73.908195,0,0,0,0,4077,-7390,0.3404255319148936
2021-09-14T00:00:00.000,16:58,40.888596,-73.89068,2,0,1,1,4088,-7389,0.4626865671641791
2021-09-20T00:00:00.000,16:40,40.864143,-73.89858,0,0,0,0,4086,-7389,0.40606060606060607
2021-09-04T00:00:00.000,7:02,40.713806,-73.88424,0,0,0,0,4071,-7388,0.10344827586206896
2021-09-20T00:00:00.000,14:25,40.872494,-73.88147,1,0,1,1,4087,-7388,0.3561643835616438
2021-09-20T00:00:00.000,22:40,40.667915,-73.77523,2,0,1,1,4066,-7377,0.37362637362637363
2021-09-20T00:00:00.000,0:23,40.656765,-73.91815,1,0,1,1,4065,-7391,0.425
2021-09-20T00:00:00.000,16:08,40.671825,-73.774506,1,0,1,1,4067,-7377,0.32608695652173914
2021-09-20T00:00:00.000,8:00,40.594982,-73.94953,0,0,0,0,4059,-7394,0.275
2021-09-18T00:00:00.000,14:15,40.713055,-73.782196,0,0,0,0,4071,-7378,0.32653061224489793
2021-09-20T00:00:00.000,1:45,40.665054,-73.81581,0,0,0,0,4066,-7381,0.4716981132075472
2021-09-19T00:00:00.000,19:00,40.62368,-74.10426,0,0,0,0,4062,-7410,0.0
2021-09-07T00:00:00.000,1:00,40.82928,-73.87538,0,0,0,0,4082,-7387,0.33544303797468356
2021-09-20T00:00:00.000,13:56,40.72802,-73.86368,1,0,1,1,4072,-7386,0.42424242424242425
2021-09-10T00:00:00.000,11:44,40.704594,-73.90826,1,0,1,1,4070,-7390,0.37894736842105264
2021-09-15T00:00:00.000,7:50,40.903957,-73.90306,0,0,0,0,4090,-7390,0.11764705882352941
2021-09-20T00:00:00.000,16:12,40.817795,-73.89319,1,0,1,1,4081,-7389,0.31543624161073824
2021-09-20T00:00:00.000,3:08,40.762276,-73.89134,1,0,1,1,4076,-7389,0.35185185185185186
2021-09-20T00:00:00.000,14:50,40.869545,-73.87972,0,0,0,0,4086,-7387,0.34545454545454546
2021-09-20T00:00:00.000,12:50,40.8216,-73.91211,0,0,0,0,4082,-7391,0.3355263157894737
2021-09-14T00:00:00.000,14:00,40.718887,-73.8416,0,0,0,0,4071,-7384,0.4
2021-09-20T00:00:00.000,17:30,40.638966,-73.94251,3,0,1,1,4063,-7394,0.358974358974359
2021-09-16T00:00:00.000,5:53,40.817196,-73.93637,0,0,0,0,4081,-7393,0.32432432432432434
2021-08-08T00:00:00.000,3:30,40.73929,-73.85288,0,0,0,0,4073,-7385,0.3619047619047619
2021-09-20T00:00:00.000,15:10,40.672886,-73.99922,0,0,0,0,4067,-7399,0.3258426966292135
2021-09-20T00:00:00.000,13:31,40.685146,-73.96724,2,0,1,1,4068,-7396,0.42567567567567566
2021-09-19T00:00:00.000,16:45,40.688564,-73.93019,1,0,1,1,4068,-7393,0.3619047619047619
2021-09-18T00:00:00.000,19:09,40.778606,-73.98163,1,0,1,1,4077,-7398,0.38028169014084506
2021-09-20T00:00:00.000,16:28,40.692562,-73.92799,0,0,0,0,4069,-7392,0.3584905660377358
2021-09-20T00:00:00.000,8:50,40.68981,-73.85808,0,0,0,0,4068,-7385,0.43103448275862066
2021-09-20T00:00:00.000,10:25,40.565235,-74.181404,0,0,0,0,4056,-7418,0.2
2021-09-18T00:00:00.000,19:45,40.68005,-73.94327,0,0,0,0,4068,-7394,0.4409448818897638
2021-09-20T00:00:00.000,20:00,40.74854,-73.94964,1,0,1,1,4074,-7394,0.33962264150943394
2021-09-20T00:00:00.000,1:02,40.867012,-73.92312,0,0,0,0,4086,-7392,0.359375
2021-07-21T00:00:00.000,0:00,40.69515,-73.96248,0,0,0,0,4069,-7396,0.325
2021-09-20T00:00:00.000,4:21,40.7535,-73.90492,1,0,1,1,4075,-7390,0.37254901960784315
2021-09-20T00:00:00.000,11:44,40.741512,-73.89056,0,0,0,0,4074,-7389,0.3203125
2021-09-20T00:00:00.000,7:45,40.723602,-73.731766,1,0,1,1,4072,-7373,0.4642857142857143
2021-09-20T00:00:00.000,7:25,40.632492,-73.97344,3,0,1,1,4063,-7397,0.36893203883495146
2021-09-17T00:00:00.000,10:00,40.796524,-73.94848,0,0,0,0,4079,-7394,0.3523809523809524
2021-09-13T00:00:00.000,1:26,40.78809,-73.98271,2,0,1,1,4078,-7398,0.42105263157894735
2021-09-20T00:00:00.000,15:55,40.77678,-73.95124,0,0,0,0,4077,-7395,0.3384615384615385
2021-09-13T00:00:00.000,16:47,40.723484,-73.95165,0,0,0,0,4072,-7395,0.22093023255813954
2021-09-20T00:00:00.000,17:00,40.63082,-73.88636,0,0,0,0,4063,-7388,0.3835616438356164
2021-09-20T00:00:00.000,23:25,40.775646,-73.78627,1,0,1,1,4077,-7378,0.4444444444444444
2021-09-13T00:00:00.000,17:25,40.678116,-73.92172,1,0,1,1,4067,-7392,0.39655172413793105
2021-09-06T00:00:00.000,13:44,40.710117,-73.87514,0,0,0,0,4071,-7387,0.5652173913043478
2021-09-18T00:00:00.000,4:00,40.884045,-73.910446,0,0,0,0,4088,-7391,0.23076923076923078
2021-09-20T00:00:00.000,22:30,40.838127,-73.946526,1,0,1,1,4083,-7394,0.38926174496644295
2021-08-27T00:00:00.000,2:50,40.710728,-73.91863,0,0,0,0,4071,-7391,0.1836734693877551
2021-09-20T00:00:00.000,16:10,40.83238,-73.89271,0,0,0,0,4083,-7389,0.3333333333333333
2021-09-20T00:00:00.000,5:30,40.837482,-73.86823,0,0,0,0,4083,-7386,0.24822695035460993
2021-09-20T00:00:00.000,19:46,40.646626,-73.90399,1,0,1,1,4064,-7390,0.4017094017094017
2021-09-20T00:00:00.000,16:26,40.80087,-73.94098,0,0,0,0,4080,-7394,0.41116751269035534
2021-09-20T00:00:00.000,7:15,40.64759,-74.01142,0,0,0,0,4064,-7401,0.4295774647887324
2021-09-20T00:00:00.000,15:20,40.68676,-73.78449,0,0,0,0,4068,-7378,0.3384615384615385
2021-09-20T00:00:00.000,21:13,40.76229,-73.986115,1,0,1,1,4076,-7398,0.3081761006289308
2021-09-20T00:00:00.000,18:25,40.72433,-74.0094,0,0,0,0,4072,-7400,0.32926829268292684
2021-09-09T00:00:00.000,15:50,40.78818,-73.98287,0,0,0,0,4078,-7398,0.42105263157894735
2021-09-20T00:00:00.000,20:15,40.727097,-73.95269,1,0,1,1,4072,-7395,0.22093023255813954
2021-09-20T00:00:00.000,15:20,40.83923,-73.94555,1,0,1,1,4083,-7394,0.38926174496644295
2021-09-10T00:00:00.000,0:43,40.685112,-73.94717,0,0,0,0,4068,-7394,0.4409448818897638
2021-09-20T00:00:00.000,19:30,40.622086,-74.02865,0,0,0,0,4062,-7402,0.3625
2021-09-20T00:00:00.000,16:38,40.817047,-73.96078,1,0,1,1,4081,-7396,0.2222222222222222
2021-09-19T00:00:00.000,17:15,40.848396,-73.90605,2,0,1,1,4084,-7390,0.366120218579235
2021-09-20T00:00:00.000,15:50,40.726837,-73.71356,0,0,0,0,4072,-7371,0.2857142857142857
2021-09-20T00:00:00.000,7:18,40.821926,-73.853065,0,0,0,0,4082,-7385,0.27
2021-09-20T00:00:00.000,14:00,40.57563,-73.96395,0,0,0,0,4057,-7396,0.3191489361702128
2021-09-20T00:00:00.000,10:00,40.708405,-73.7679,1,0,1,1,4070,-7376,0.43902439024390244
2021-09-20T00:00:00.000,12:04,40.641815,-73.99582,0,0,0,0,4064,-7399,0.3442622950819672
2021-09-20T00:00:00.000,7:47,40.873695,-73.824394,0,0,0,0,4087,-7382,0.3333333333333333
2021-09-20T00:00:00.000,7:27,40.72837,-73.87114,1,0,1,1,4072,-7387,0.5714285714285714
2021-09-20T00:00:00.000,15:30,40.715443,-73.95185,1,0,1,1,4071,-7395,0.36585365853658536
2021-09-20T00:00:00.000,14:55,40.646126,-73.959206,1,0,1,1,4064,-7395,0.4796747967479675
2021-09-20T00:00:00.000,16:10,40.714104,-73.95322,0,0,0,0,4071,-7395,0.36585365853658536
2021-09-17T00:00:00.000,18:36,40.617382,-73.965744,1,0,1,1,4061,-7396,0.30666666666666664
2021-09-20T00:00:00.000,0:00,40.666573,-73.82016,0,0,0,0,4066,-7382,0.43103448275862066
2021-09-08T00:00:00.000,5:35,40.831924,-73.85104,1,0,1,1,4083,-7385,0.30158730158730157
2021-09-20T00:00:00.000,15:00,40.790543,-73.94437,0,0,0,0,4079,-7394,0.3523809523809524
2021-09-17T00:00:00.000,13:25,40.73226,-74.003586,0,0,0,0,4073,-7400,0.2403846153846154
2021-09-03T00:00:00.000,12:43,40.83022,-73.86371,1,0,1,1,4083,-7386,0.24822695035460993
2021-09-19T00:00:00.000,2:25,40.684734,-73.950455,0,0,0,0,4068,-7395,0.38571428571428573
2021-09-20T00:00:00.000,20:25,40.729572,-73.83383,0,0,0,0,4072,-7383,0.4909090909090909
2021-09-20T00:00:00.000,9:06,40.683594,-73.80345,1,0,1,1,4068,-7380,0.3829787234042553
2021-09-20T00:00:00.000,8:04,40.66952,-73.94456,0,0,0,0,4066,-7394,0.36792452830188677
2021-09-20T00:00:00.000,21:00,40.677296,-73.87682,1,0,1,1,4067,-7387,0.30344827586206896
2021-09-18T00:00:00.000,18:45,40.623055,-74.11327,1,0,1,1,4062,-7411,0.5238095238095238
2021-09-20T00:00:00.000,10:10,40.734795,-73.80115,0,0,0,0,4073,-7380,0.34285714285714286
2021-09-20T00:00:00.000,12:00,40.691433,-73.89063,1,0,1,1,4069,-7389,0.3709677419354839
2021-09-20T00:00:00.000,9:20,40.585976,-73.93791,0,0,0,0,4058,-7393,0.24324324324324326
2021-09-20T00:00:00.000,17:15,40.58839,-74.16793,0,0,0,0,4058,-7416,0.3
2021-09-11T00:00:00.000,21:45,40.689022,-73.93925,1,0,1,1,4068,-7393,0.3619047619047619
2021-09-20T00:00:00.000,7:40,40.66478,-73.8939,0,0,0,0,4066,-7389,0.3103448275862069
2021-09-20T00:00:00.000,23:00,40.903996,-73.84214,0,0,0,0,4090,-7384,0.28205128205128205
2021-09-20T00:00:00.000,9:43,40.68748,-74.00054,0,0,0,0,4068,-7400,0.3333333333333333
2021-09-20T00:00:00.000,7:58,40.689735,-73.97611,1,0,1,1,4068,-7397,0.3412322274881517
2021-09-20T00:00:00.000,7:45,40.640625,-74.014984,0,0,0,0,4064,-7401,0.4295774647887324
2021-09-20T00:00:00.000,8:49,40.75582,-73.970764,0,0,0,0,4075,-7397,0.375886524822695
2021-09-18T00:00:00.000,16:28,40.878,-73.90408,0,0,0,0,4087,-7390,0.3184713375796178
2021-09-19T00:00:00.000,17:40,40.874638,-73.909744,1,0,1,1,4087,-7390,0.3184713375796178
2021-09-20T00:00:00.000,4:30,40.870316,-73.90269,0,0,0,0,4087,-7390,0.3184713375796178
2021-09-13T00:00:00.000,17:05,40.875122,-73.905174,0,0,0,0,4087,-7390,0.3184713375796178
2021-09-04T00:00:00.000,22:40,40.707394,-73.92418,0,0,0,0,4070,-7392,0.24305555555555555
2021-09-20T00:00:00.000,21:30,40.69942,-73.86878,0,0,0,0,4069,-7386,0.21052631578947367
2021-09-20T00:00:00.000,1:45,40.757755,-73.79304,1,0,1,1,4075,-7379,0.38461538461538464
2021-09-20T00:00:00.000,19:33,40.73781,-73.929245,0,0,0,0,4073,-7392,0.4444444444444444
2021-09-20T00:00:00.000,9:20,40.640392,-74.131516,0,0,0,0,4064,-7413,0.0
2021-09-20T00:00:00.000,8:34,40.69599,-73.98322,0,0,0,0,4069,-7398,0.3229166666666667
2021-09-11T00:00:00.000,14:00,40.834137,-73.8658,0,0,0,0,4083,-7386,0.24822695035460993
2021-09-20T00:00:00.000,15:12,40.675873,-73.97498,0,0,0,0,4067,-7397,0.2818181818181818
2021-09-20T00:00:00.000,10:45,40.74594,-73.90006,1,0,1,1,4074,-7390,0.40625
2021-09-17T00:00:00.000,18:13,40.751896,-73.79221,0,0,0,0,4075,-7379,0.38461538461538464
2021-09-17T00:00:00.000,12:41,40.63837,-73.997665,0,0,0,0,4063,-7399,0.47692307692307695
2021-09-20T00:00:00.000,17:00,40.561092,-74.16984,0,0,0,0,4056,-7416,0.35
2021-09-19T00:00:00.000,15:45,40.69149,-73.92557,0,0,0,0,4069,-7392,0.3584905660377358
2021-09-20T00:00:00.000,17:00,40.678303,-73.87289,0,0,0,0,4067,-7387,0.30344827586206896
2021-09-20T00:00:00.000,2:22,40.855595,-73.92733,0,0,0,0,4085,-7392,0.22
2021-09-20T00:00:00.000,15:00,40.661118,-73.770706,0,0,0,0,4066,-7377,0.37362637362637363
2021-09-20T00:00:00.000,9:30,40.79913,-73.94076,0,0,0,0,4079,-7394,0.3523809523809524
2021-09-20T00:00:00.000,20:11,40.69749,-73.92008,0,0,0,0,4069,-7392,0.3584905660377358
2021-09-20T00:00:00.000,9:25,40.800663,-73.946465,0,0,0,0,4080,-7394,0.41116751269035534
2021-09-20T00:00:00.000,22:24,40.643158,-74.11252,1,0,1,1,4064,-7411,0.42857142857142855
2021-09-20T00:00:00.000,15:10,40.669926,-73.89149,1,0,1,1,4066,-7389,0.3103448275862069
2021-09-02T00:00:00.000,17:20,40.822407,-73.8364,0,0,0,0,4082,-7383,0.34210526315789475
2021-09-18T00:00:00.000,7:15,40.772156,-73.94541,1,0,1,1,4077,-7394,0.28
2021-09-20T00:00:00.000,17:35,40.66173,-73.96078,0,0,0,0,4066,-7396,0.4074074074074074
2021-09-20T00:00:00.000,9:05,40.745785,-73.889336,0,0,0,0,4074,-7388,0.2978723404255319
2021-09-17T00:00:00.000,23:30,40.641388,-73.989075,1,0,1,1,4064,-7398,0.40425531914893614
2021-08-21T00:00:00.000,13:00,40.705444,-73.867775,0,0,0,0,4070,-7386,0.38235294117647056
2021-09-20T00:00:00.000,13:15,40.79525,-73.97321,0,0,0,0,4079,-7397,0.24210526315789474
2021-09-20T00:00:00.000,14:55,40.609116,-74.15714,0,0,0,0,4060,-7415,0.3076923076923077
2021-09-20T00:00:00.000,22:49,40.723843,-73.99636,2,0,1,1,4072,-7399,0.3829787234042553
2021-09-20T00:00:00.000,16:44,40.71521,-73.98427,3,0,1,1,4071,-7398,0.39568345323741005
2021-09-19T00:00:00.000,0:43,40.666306,-73.79171,0,0,0,0,4066,-7379,0.3870967741935484
2021-09-20T00:00:00.000,17:00,40.67932,-73.992714,0,0,0,0,4067,-7399,0.3258426966292135
2021-08-18T00:00:00.000,19:49,40.71009,-73.91453,0,0,0,0,4071,-7391,0.1836734693877551
2021-09-20T00:00:00.000,11:43,40.61493,-74.00471,0,0,0,0,4061,-7400,0.3076923076923077
2021-09-19T00:00:00.000,12:44,40.82032,-73.93804,1,0,1,1,4082,-7393,0.36645962732919257
2021-09-20T00:00:00.000,17:51,40.624073,-73.94928,1,0,1,1,4062,-7394,0.41379310344827586
2021-09-20T00:00:00.000,16:25,40.755657,-73.884445,1,0,1,1,4075,-7388,0.3402061855670103
2021-09-20T00:00:00.000,12:17,40.733147,-74.00587,0,0,0,0,4073,-7400,0.2403846153846154
2021-09-11T00:00:00.000,23:20,40.709305,-73.907005,1,0,1,1,4070,-7390,0.37894736842105264
2021-09-20T00:00:00.000,0:00,40.682446,-73.911674,0,0,0,0,4068,-7391,0.344
2021-09-20T00:00:00.000,17:00,40.814144,-73.919205,1,0,1,1,4081,-7391,0.47244094488188976
2021-09-20T00:00:00.000,21:30,40.770412,-73.987625,0,0,0,0,4077,-7398,0.38028169014084506
2021-09-15T00:00:00.000,22:00,40.69217,-73.93149,0,0,0,0,4069,-7393,0.3141025641025641
2021-09-20T00:00:00.000,20:01,40.58379,-73.98282,1,0,1,1,4058,-7398,0.4
2021-09-01T00:00:00.000,17:38,40.698,-73.97479,1,0,1,1,4069,-7397,0.3253012048192771
2021-09-13T00:00:00.000,9:57,40.674747,-73.9417,0,0,0,0,4067,-7394,0.34074074074074073
2021-09-20T00:00:00.000,23:20,40.697205,-73.81334,1,0,1,1,4069,-7381,0.3902439024390244
2021-09-20T00:00:00.000,15:50,40.79672,-73.94499,0,0,0,0,4079,-7394,0.3523809523809524
2021-09-13T00:00:00.000,4:30,40.69603,-73.943535,0,0,0,0,4069,-7394,0.417910447761194
2021-09-14T00:00:00.000,12:15,40.849373,-73.86317,0,0,0,0,4084,-7386,0.375
2021-09-20T00:00:00.000,4:20,40.72936,-73.92856,1,0,1,1,4072,-7392,0.4
2021-09-15T00:00:00.000,15:57,40.779804,-73.98448,0,0,0,0,4077,-7398,0.38028169014084506
2021-09-15T00:00:00.000,10:30,40.625973,-73.97624,2,0,1,1,4062,-7397,0.38666666666666666
2021-09-20T00:00:00.000,20:15,40.749825,-73.972206,0,0,0,0,4074,-7397,0.4810810810810811
2021-09-20T00:00:00.000,9:40,40.71463,-73.751335,1,0,1,1,4071,-7375,0.3269230769230769
2021-09-20T00:00:00.000,7:00,40.693703,-73.90505,0,0,0,0,4069,-7390,0.29591836734693877
2021-09-20T00:00:00.000,13:35,40.70688,-73.90831,0,0,0,0,4070,-7390,0.37894736842105264
2021-09-20T00:00:00.000,12:00,40.69212,-73.90661,0,0,0,0,4069,-7390,0.29591836734693877
2021-07-07T00:00:00.000,22:50,40.644615,-73.962166,1,0,1,1,4064,-7396,0.4714285714285714
2021-09-20T00:00:00.000,13:49,40.794178,-73.95118,1,0,1,1,4079,-7395,0.42
2021-09-13T00:00:00.000,16:40,40.660576,-73.99065,0,0,0,0,4066,-7399,0.40540540540540543
2021-09-20T00:00:00.000,19:17,40.63432,-74.13587,0,0,0,0,4063,-7413,0.2903225806451613
2022-03-28T00:00:00.000,14:20,40.785927,-73.818405,0,0,0,0,4078,-7381,0.22580645161290322
2021-09-20T00:00:00.000,15:30,40.710346,-73.76904,0,0,0,0,4071,-7376,0.37142857142857144
2021-09-10T00:00:00.000,19:36,40.68005,-73.94327,2,0,1,1,4068,-7394,0.4409448818897638
2021-09-20T00:00:00.000,8:05,40.677357,-73.88687,1,0,1,1,4067,-7388,0.30434782608695654
2022-03-28T00:00:00.000,16:45,40.761246,-73.76294,0,0,0,0,4076,-7376,0.21739130434782608
2021-09-20T00:00:00.000,21:15,40.744305,-73.974785,1,0,1,1,4074,-7397,0.4810810810810811
2021-09-19T00:00:00.000,22:30,40.68716,-73.93588,0,0,0,0,4068,-7393,0.3619047619047619
2021-09-17T00:00:00.000,17:30,40.613586,-74.08267,0,0,0,0,4061,-7408,0.30612244897959184
2021-09-20T00:00:00.000,20:00,40.726624,-73.906456,0,0,0,0,4072,-7390,0.2978723404255319
2021-09-20T00:00:00.000,16:30,40.71906,-73.812126,0,0,0,0,4071,-7381,0.3448275862068966
2021-09-20T00:00:00.000,15:49,40.632954,-73.90416,1,0,1,1,4063,-7390,0.3561643835616438
2021-09-20T00:00:00.000,17:33,40.715145,-73.958466,0,0,0,0,4071,-7395,0.36585365853658536
2021-09-20T00:00:00.000,10:31,40.674404,-73.86976,2,0,1,1,4067,-7386,0.3431372549019608
2021-09-20T00:00:00.000,11:07,40.723736,-73.901215,0,0,0,0,4072,-7390,0.2978723404255319
2021-07-17T00:00:00.000,13:55,40.676937,-73.92183,1,0,1,1,4067,-7392,0.39655172413793105
2021-09-17T00:00:00.000,8:45,40.64122,-73.9833,6,0,1,1,4064,-7398,0.40425531914893614
2021-09-20T00:00:00.000,8:56,40.85406,-73.91936,1,0,1,1,4085,-7391,0.373134328358209
2021-09-01T00:00:00.000,12:54,40.69645,-73.946495,0,0,0,0,4069,-7394,0.417910447761194
2021-09-19T00:00:00.000,22:20,40.667076,-73.99508,1,0,1,1,4066,-7399,0.40540540540540543
2021-09-20T00:00:00.000,13:00,40.657772,-73.76883,0,0,0,0,4065,-7376,0.35714285714285715
2021-09-16T00:00:00.000,20:06,40.720016,-73.77598,1,0,1,1,4072,-7377,0.375
2021-09-20T00:00:00.000,15:30,40.904552,-73.847824,1,0,1,1,4090,-7384,0.28205128205128205
2021-09-20T00:00:00.000,4:30,40.741432,-73.86677,0,0,0,0,4074,-7386,0.3813559322033898
2021-09-20T00:00:00.000,11:45,40.736732,-73.85451,1,0,1,1,4073,-7385,0.3619047619047619
2021-09-20T00:00:00.000,22:52,40.730278,-73.74399,0,0,0,0,4073,-7374,0.21428571428571427
2021-09-03T00:00:00.000,12:00,40.69168,-73.999344,0,0,0,0,4069,-7399,0.29473684210526313
2021-09-20T00:00:00.000,16:00,40.849167,-73.92393,2,0,1,1,4084,-7392,0.3181818181818182
2021-09-20T00:00:00.000,12:00,40.758743,-73.89069,1,0,1,1,4075,-7389,0.4805194805194805
2021-09-01T00:00:00.000,23:42,40.652626,-74.00617,1,0,1,1,4065,-7400,0.41509433962264153
2021-09-20T00:00:00.000,12:41,40.793488,-73.94328,1,0,1,1,4079,-7394,0.3523809523809524
2021-09-20T00:00:00.000,12:20,40.827557,-73.914764,0,0,0,0,4082,-7391,0.3355263157894737
2021-05-03T00:00:00.000,14:00,40.667522,-73.78063,0,0,0,0,4066,-7378,0.34615384615384615
2021-09-20T00:00:00.000,19:09,40.6635,-73.89569,1,0,1,1,4066,-7389,0.3103448275862069
2021-09-20T00:00:00.000,12:20,40.845875,-73.88619,0,0,0,0,4084,-7388,0.390625
2021-09-20T00:00:00.000,17:30,40.851185,-73.92152,0,0,0,0,4085,-7392,0.22
2021-09-05T00:00:00.000,2:12,40.69193,-73.91031,0,0,0,0,4069,-7391,0.2709677419354839
2021-09-12T00:00:00.000,6:30,40.712875,-73.90519,0,0,0,0,4071,-7390,0.4
2021-09-20T00:00:00.000,8:10,40.707714,-73.802795,0,0,0,0,4070,-7380,0.3877551020408163
2021-09-20T00:00:00.000,15:35,40.619606,-73.945526,0,0,0,0,4061,-7394,0.48484848484848486
2021-09-20T00:00:00.000,12:25,40.65771,-73.76757,3,0,1,1,4065,-7376,0.35714285714285715
2021-09-06T00:00:00.000,1:55,40.702732,-73.85535,0,0,0,0,4070,-7385,0.39436619718309857
2021-09-20T00:00:00.000,13:30,40.840042,-73.863945,1,0,1,1,4084,-7386,0.375
2021-08-25T00:00:00.000,12:25,40.676857,-73.92013,0,0,0,0,4067,-7392,0.39655172413793105
2021-09-20T00:00:00.000,15:00,40.7606,-73.964325,1,0,1,1,4076,-7396,0.3023255813953488
2021-09-20T00:00:00.000,9:25,40.574413,-74.115524,1,0,1,1,4057,-7411,0.37142857142857144
2021-09-20T00:00:00.000,14:50,40.66374,-73.97852,0,0,0,0,4066,-7397,0.24390243902439024
2021-09-20T00:00:00.000,8:20,40.800793,-73.93492,0,0,0,0,4080,-7393,0.36312849162011174
2021-09-20T00:00:00.000,19:45,40.726814,-73.83846,1,0,1,1,4072,-7383,0.4909090909090909
2021-09-20T00:00:00.000,8:20,40.631084,-74.03812,0,0,0,0,4063,-7403,0.42424242424242425
2021-09-20T00:00:00.000,8:00,40.755066,-73.84419,0,0,0,0,4075,-7384,0.25
2021-09-20T00:00:00.000,19:00,40.617752,-73.934074,0,0,0,0,4061,-7393,0.34285714285714286
2021-09-20T00:00:00.000,14:42,40.74816,-73.9927,0,0,0,0,4074,-7399,0.3333333333333333
2021-09-20T00:00:00.000,4:30,40.820686,-73.91514,0,0,0,0,4082,-7391,0.3355263157894737
2021-09-20T00:00:00.000,16:30,40.57296,-74.1065,0,0,0,0,4057,-7410,0.3877551020408163
2021-08-26T00:00:00.000,14:07,40.72958,-73.99327,1,0,1,1,4072,-7399,0.3829787234042553
2021-09-19T00:00:00.000,18:01,40.683067,-73.91181,0,0,0,0,4068,-7391,0.344
2022-03-17T00:00:00.000,20:08,40.82663,-73.9543,0,0,0,0,4082,-7395,0.4117647058823529
2021-09-20T00:00:00.000,0:46,40.619743,-74.085915,0,0,0,0,4061,-7408,0.30612244897959184
2021-09-17T00:00:00.000,8:45,40.721107,-73.98499,0,0,0,0,4072,-7398,0.4342105263157895
2021-09-20T00:00:00.000,17:20,40.65565,-73.93082,0,0,0,0,4065,-7393,0.44366197183098594
2021-09-12T00:00:00.000,8:00,40.82574,-73.93705,0,0,0,0,4082,-7393,0.36645962732919257
2021-09-18T00:00:00.000,19:20,40.87023,-73.90061,0,0,0,0,4087,-7390,0.3184713375796178
2021-09-20T00:00:00.000,9:40,40.876015,-73.85151,1,0,1,1,4087,-7385,0.37681159420289856
2021-09-17T00:00:00.000,4:10,40.693497,-73.94594,0,0,0,0,4069,-7394,0.417910447761194
2021-09-17T00:00:00.000,17:40,40.62368,-73.99772,1,0,1,1,4062,-7399,0.3835616438356164
2021-09-20T00:00:00.000,12:30,40.68251,-73.976326,0,0,0,0,4068,-7397,0.3412322274881517
2021-09-20T00:00:00.000,15:20,40.66874,-73.99668,2,0,1,1,4066,-7399,0.40540540540540543
2021-09-20T00:00:00.000,16:50,40.75962,-73.92041,1,0,1,1,4075,-7392,0.48148148148148145
2021-09-20T00:00:00.000,10:30,40.7171,-73.9986,1,0,1,1,4071,-7399,0.3263157894736842
2021-09-20T00:00:00.000,0:35,40.619816,-73.943596,0,0,0,0,4061,-7394,0.48484848484848486
2021-09-20T00:00:00.000,22:38,40.663605,-73.934395,0,0,0,0,4066,-7393,0.38578680203045684
2021-09-20T00:00:00.000,9:04,40.64844,-73.88242,1,0,1,1,4064,-7388,0.3225806451612903
2021-07-15T00:00:00.000,0:00,40.81417,-73.93431,1,0,1,1,4081,-7393,0.32432432432432434
2021-09-12T00:00:00.000,19:20,40.74539,-73.90559,1,0,1,1,4074,-7390,0.40625
2021-08-06T00:00:00.000,23:15,40.68234,-73.92261,0,0,0,0,4068,-7392,0.2542372881355932
2021-09-20T00:00:00.000,19:50,40.66708,-73.81033,0,0,0,0,4066,-7381,0.4716981132075472
2021-09-18T00:00:00.000,21:52,40.76037,-73.98542,0,0,0,0,4076,-7398,0.3081761006289308
2021-09-20T00:00:00.000,11:32,40.664833,-73.92026,0,0,0,0,4066,-7392,0.355
2021-09-20T00:00:00.000,6:21,40.688778,-73.786446,1,0,1,1,4068,-7378,0.3384615384615385
2021-09-19T00:00:00.000,4:00,40.860775,-73.91072,0,0,0,0,4086,-7391,0.38016528925619836
2021-09-20T00:00:00.000,10:39,40.583412,-73.9713,0,0,0,0,4058,-7397,0.2727272727272727
2021-09-20T00:00:00.000,0:30,40.6031,-73.75076,0,0,0,0,4060,-7375,0.17117117117117117
2021-09-14T00:00:00.000,14:00,40.716393,-73.98454,0,0,0,0,4071,-7398,0.39568345323741005
2021-09-13T00:00:00.000,4:18,40.665245,-73.80204,1,0,1,1,4066,-7380,0.40789473684210525
2021-09-20T00:00:00.000,7:45,40.700104,-73.94726,1,0,1,1,4070,-7394,0.3956043956043956
2021-09-20T00:00:00.000,23:43,40.6231,-73.946175,0,0,0,0,4062,-7394,0.41379310344827586
2021-09-20T00:00:00.000,13:55,40.623554,-73.953995,0,0,0,0,4062,-7395,0.4444444444444444
2021-09-17T00:00:00.000,21:38,40.68821,-73.96583,1,0,1,1,4068,-7396,0.42567567567567566
2021-09-20T00:00:00.000,4:00,40.63324,-74.02898,0,0,0,0,4063,-7402,0.3877551020408163
2021-09-20T00:00:00.000,5:13,40.68818,-73.78869,3,0,1,1,4068,-7378,0.3384615384615385
2021-09-20T00:00:00.000,5:50,40.746403,-73.97973,1,0,1,1,4074,-7397,0.4810810810810811
2021-09-20T00:00:00.000,7:40,40.84023,-73.880104,0,0,0,0,4084,-7388,0.390625
2021-09-20T00:00:00.000,14:20,40.73803,-73.7949,0,0,0,0,4073,-7379,0.4
2021-09-20T00:00:00.000,16:33,40.722496,-73.940414,2,0,1,1,4072,-7394,0.19801980198019803
2021-09-20T00:00:00.000,10:20,40.753006,-73.8326,0,0,0,0,4075,-7383,0.37681159420289856
2021-09-20T00:00:00.000,12:40,40.753906,-73.99357,0,0,0,0,4075,-7399,0.2830188679245283
2021-09-20T00:00:00.000,13:48,40.630486,-74.14595,1,0,1,1,4063,-7414,0.5769230769230769
2021-08-21T00:00:00.000,14:05,40.683414,-73.966545,1,0,1,1,4068,-7396,0.42567567567567566
2021-09-20T00:00:00.000,12:30,40.75148,-73.97617,0,0,0,0,4075,-7397,0.375886524822695
2021-09-20T00:00:00.000,9:20,40.685028,-73.94135,1,0,1,1,4068,-7394,0.4409448818897638
2021-09-20T00:00:00.000,10:10,40.694687,-73.91112,0,0,0,0,4069,-7391,0.2709677419354839
2021-09-15T00:00:00.000,20:50,40.700493,-73.90142,0,0,0,0,4070,-7390,0.37894736842105264
2021-09-20T00:00:00.000,16:58,40.721714,-73.88633,0,0,0,0,4072,-7388,0.4
2021-09-19T00:00:00.000,18:45,40.68603,-73.93268,1,0,1,1,4068,-7393,0.3619047619047619
2021-09-20T00:00:00.000,16:55,40.812893,-73.92013,1,0,1,1,4081,-7392,0.4714285714285714
2021-09-20T00:00:00.000,19:22,40.697884,-73.97182,1,0,1,1,4069,-7397,0.3253012048192771
2021-09-20T00:00:00.000,22:30,40.745266,-73.85596,0,0,0,0,4074,-7385,0.35526315789473684
2021-09-14T00:00:00.000,15:40,40.832912,-73.87638,0,0,0,0,4083,-7387,0.38414634146341464
2021-09-18T00:00:00.000,1:00,40.824757,-73.94052,0,0,0,0,4082,-7394,0.3812154696132597
2021-08-31T00:00:00.000,23:20,40.699436,-73.91229,0,0,0,0,4069,-7391,0.2709677419354839
2021-08-15T00:00:00.000,2:48,40.84126,-73.92805,0,0,0,0,4084,-7392,0.3181818181818182
2021-09-20T00:00:00.000,7:00,40.82385,-73.88862,0,0,0,0,4082,-7388,0.27624309392265195
2021-09-20T00:00:00.000,18:00,40.678253,-74.00273,0,0,0,0,4067,-7400,0.20967741935483872
2021-12-02T00:00:00.000,10:00,40.81872,-73.9035,0,0,0,0,4081,-7390,0.3888888888888889
2021-12-07T00:00:00.000,14:50,40.740192,-73.85335,1,0,1,1,4074,-7385,0.35526315789473684
2021-12-04T00:00:00.000,8:30,40.85099,-73.82743,0,0,0,0,4085,-7382,0.45714285714285713
2021-12-03T00:00:00.000,15:14,40.59307,-73.79233,1,0,1,1,4059,-7379,0.2692307692307692
2021-12-10T00:00:00.000,19:55,40.687782,-73.91907,0,0,0,0,4068,-7391,0.344
2021-12-10T00:00:00.000,13:06,40.81339,-73.95627,1,0,1,1,4081,-7395,0.3509933774834437
2021-12-09T00:00:00.000,15:10,40.863163,-73.91988,1,0,1,1,4086,-7391,0.38016528925619836
2021-12-08T00:00:00.000,16:30,40.725243,-73.94631,0,0,0,0,4072,-7394,0.19801980198019803
2021-12-09T00:00:00.000,11:21,40.778282,-73.77728,0,0,0,0,4077,-7377,0.25
2021-12-10T00:00:00.000,19:30,40.764988,-73.82067,1,0,1,1,4076,-7382,0.2987012987012987
2021-12-06T00:00:00.000,2:50,40.864525,-73.92663,0,0,0,0,4086,-7392,0.359375
2021-12-10T00:00:00.000,10:30,40.654377,-73.90684,0,0,0,0,4065,-7390,0.375
2021-12-04T00:00:00.000,18:55,40.612026,-73.99414,0,0,0,0,4061,-7399,0.29411764705882354
2021-12-10T00:00:00.000,5:46,40.813786,-73.89132,1,0,1,1,4081,-7389,0.31543624161073824
2021-12-09T00:00:00.000,16:30,40.743942,-73.983635,1,0,1,1,4074,-7398,0.40131578947368424
2021-12-10T00:00:00.000,14:20,40.790684,-73.94666,0,0,0,0,4079,-7394,0.3523809523809524
2021-12-10T00:00:00.000,21:50,40.671947,-73.74191,0,0,0,0,4067,-7374,0.2619047619047619
2021-12-09T00:00:00.000,13:30,40.574802,-73.97353,1,0,1,1,4057,-7397,0.2619047619047619
2021-12-10T00:00:00.000,2:01,40.685642,-73.764404,2,0,1,1,4068,-7376,0.35714285714285715
2021-12-10T00:00:00.000,12:20,40.67544,-73.78086,0,0,0,0,4067,-7378,0.2
2021-12-10T00:00:00.000,3:45,40.697712,-73.929405,0,0,0,0,4069,-7392,0.3584905660377358
2021-12-09T00:00:00.000,18:00,40.849144,-73.93548,0,0,0,0,4084,-7393,0.32786885245901637
2022-03-28T00:00:00.000,13:09,40.833443,-73.858864,0,0,0,0,4083,-7385,0.30158730158730157
2022-03-28T00:00:00.000,2:00,40.723118,-74.00624,0,0,0,0,4072,-7400,0.32926829268292684
2022-03-28T00:00:00.000,11:34,40.63993,-74.08195,0,0,0,0,4063,-7408,0.2653061224489796
2022-03-28T00:00:00.000,18:55,40.67798,-73.872116,0,0,0,0,4067,-7387,0.30344827586206896
2022-03-28T00:00:00.000,3:24,40.672432,-73.97367,0,0,0,0,4067,-7397,0.2818181818181818
2022-03-28T00:00:00.000,15:31,40.77202,-73.956024,0,0,0,0,4077,-7395,0.3384615384615385
2022-03-27T00:00:00.000,4:30,40.757095,-73.915016,0,0,0,0,4075,-7391,0.4777777777777778
2022-03-28T00:00:00.000,10:16,40.812035,-73.92855,2,0,1,1,4081,-7392,0.4714285714285714
2022-03-27T00:00:00.000,7:30,40.678192,-73.94463,1,0,1,1,4067,-7394,0.34074074074074073
2022-03-28T00:00:00.000,18:29,40.76738,-73.759735,1,0,1,1,4076,-7375,0.3409090909090909
2022-03-28T00:00:00.000,8:30,40.743782,-73.97352,0,0,0,0,4074,-7397,0.4810810810810811
2022-03-06T00:00:00.000,3:45,40.83091,-73.92047,0,0,0,0,4083,-7392,0.310126582278481
2022-03-28T00:00:00.000,22:30,40.666893,-73.80546,0,0,0,0,4066,-7380,0.40789473684210525
2022-03-28T00:00:00.000,8:47,40.511734,-74.21044,2,0,1,1,4051,-7421,1.0
2022-03-28T00:00:00.000,7:20,40.699764,-73.78285,0,0,0,0,4069,-7378,0.29310344827586204
2022-03-28T00:00:00.000,13:38,40.623894,-74.16741,1,0,1,1,4062,-7416,0.24444444444444444
2022-03-28T00:00:00.000,16:37,40.667915,-73.77523,1,0,1,1,4066,-7377,0.37362637362637363
2022-03-28T00:00:00.000,22:40,40.69216,-73.914764,0,0,0,0,4069,-7391,0.2709677419354839
2022-03-22T00:00:00.000,7:00,40.617245,-73.99772,0,0,0,0,4061,-7399,0.29411764705882354
2022-03-28T00:00:00.000,17:15,40.63406,-74.00411,0,0,0,0,4063,-7400,0.3068181818181818
2022-03-24T00:00:00.000,13:05,40.753624,-73.96944,1,0,1,1,4075,-7396,0.4788732394366197
2022-03-28T00:00:00.000,3:30,40.727684,-73.98833,0,0,0,0,4072,-7398,0.4342105263157895
2022-03-28T00:00:00.000,15:35,40.87626,-73.90395,0,0,0,0,4087,-7390,0.3184713375796178
2022-03-28T00:00:00.000,8:32,40.714863,-74.00628,0,0,0,0,4071,-7400,0.25517241379310346
2022-03-28T00:00:00.000,8:00,40.692783,-73.74511,1,0,1,1,4069,-7374,0.46774193548387094
2022-03-28T00:00:00.000,15:30,40.659046,-73.875916,0,0,0,0,4065,-7387,0.2857142857142857
2022-03-28T00:00:00.000,10:03,40.759983,-73.964806,1,0,1,1,4075,-7396,0.4788732394366197
2022-03-28T00:00:00.000,11:50,40.841187,-73.88597,1,0,1,1,4084,-7388,0.390625
2022-03-28T00:00:00.000,7:09,40.593426,-73.93477,0,0,0,0,4059,-7393,0.47058823529411764
2022-03-28T00:00:00.000,18:30,40.71364,-73.91789,0,0,0,0,4071,-7391,0.1836734693877551
2022-03-28T00:00:00.000,9:10,40.69955,-73.747734,0,0,0,0,4069,-7374,0.46774193548387094
2022-03-28T00:00:00.000,7:45,40.8639,-73.83385,0,0,0,0,4086,-7383,0.3448275862068966
2022-03-28T00:00:00.000,15:50,40.694794,-73.98246,0,0,0,0,4069,-7398,0.3229166666666667
2022-03-28T00:00:00.000,9:00,40.714085,-73.807236,0,0,0,0,4071,-7380,0.42105263157894735
2022-03-28T00:00:00.000,7:37,40.827423,-73.86823,0,0,0,0,4082,-7386,0.3493975903614458
2022-03-28T00:00:00.000,9:18,40.74036,-73.97318,1,0,1,1,4074,-7397,0.4810810810810811
2022-03-28T00:00:00.000,15:00,40.7266,-73.789116,0,0,0,0,4072,-7378,0.4
2022-03-28T00:00:00.000,16:00,40.7067,-74.01605,0,0,0,0,4070,-7401,0.140625
2022-03-25T00:00:00.000,22:15,40.651974,-73.86542,0,0,0,0,4065,-7386,0.36619718309859156
2022-03-26T00:00:00.000,1:45,40.635258,-73.92745,0,0,0,0,4063,-7392,0.4036697247706422
2022-03-28T00:00:00.000,0:27,40.71598,-73.97579,0,0,0,0,4071,-7397,0.41509433962264153
2022-03-28T00:00:00.000,15:56,40.631493,-73.971855,0,0,0,0,4063,-7397,0.36893203883495146
2022-03-28T00:00:00.000,8:00,40.714695,-73.77531,1,0,1,1,4071,-7377,0.20967741935483872
2022-03-28T00:00:00.000,22:30,40.85396,-73.90944,0,0,0,0,4085,-7390,0.42207792207792205
2022-03-28T00:00:00.000,0:00,40.590084,-73.99363,0,0,0,0,4059,-7399,0.3076923076923077
2022-03-28T00:00:00.000,17:50,40.58061,-73.98565,0,0,0,0,4058,-7398,0.4
2022-03-28T00:00:00.000,23:30,40.88756,-73.866394,0,0,0,0,4088,-7386,0.23809523809523808
2022-03-28T00:00:00.000,6:36,40.84672,-73.896484,1,0,1,1,4084,-7389,0.33766233766233766
2022-03-28T00:00:00.000,18:00,40.623524,-74.083015,0,0,0,0,4062,-7408,0.2
2022-03-28T00:00:00.000,8:39,40.842857,-73.83881,1,0,1,1,4084,-7383,0.4318181818181818
2022-03-28T00:00:00.000,16:39,40.763344,-73.94163,1,0,1,1,4076,-7394,0.4583333333333333
2022-03-28T00:00:00.000,11:50,40.845432,-73.93658,0,0,0,0,4084,-7393,0.32786885245901637
2022-03-28T00:00:00.000,16:45,40.709827,-73.83983,0,0,0,0,4070,-7383,0.3541666666666667
2022-03-27T00:00:00.000,18:40,40.75707,-73.85605,0,0,0,0,4075,-7385,0.3048780487804878
2022-03-28T00:00:00.000,20:38,40.72648,-73.89442,0,0,0,0,4072,-7389,0.41379310344827586
2022-03-28T00:00:00.000,5:55,40.762672,-73.9821,1,0,1,1,4076,-7398,0.3081761006289308
2022-03-28T00:00:00.000,14:50,40.68046,-73.96136,2,0,1,1,4068,-7396,0.42567567567567566
2022-03-28T00:00:00.000,8:30,40.804615,-73.90666,0,0,0,0,4080,-7390,0.36538461538461536
2022-03-28T00:00:00.000,14:41,40.815754,-73.89529,0,0,0,0,4081,-7389,0.31543624161073824
2022-03-28T00:00:00.000,18:15,40.640915,-73.97365,2,0,1,1,4064,-7397,0.4095238095238095
2022-03-28T00:00:00.000,16:06,40.671906,-73.98668,0,0,0,0,4067,-7398,0.3655913978494624
2022-03-21T00:00:00.000,9:00,40.828728,-73.914734,0,0,0,0,4082,-7391,0.3355263157894737
2022-03-28T00:00:00.000,8:00,40.707523,-73.96115,1,0,1,1,4070,-7396,0.3431372549019608
2022-03-28T00:00:00.000,17:15,40.789314,-73.84188,0,0,0,0,4078,-7384,0.23809523809523808
2022-03-24T00:00:00.000,8:22,40.57741,-73.96237,0,0,0,0,4057,-7396,0.3191489361702128
2022-03-25T00:00:00.000,18:56,40.823658,-73.836426,0,0,0,0,4082,-7383,0.34210526315789475
2022-03-28T00:00:00.000,10:30,40.856323,-73.883896,0,0,0,0,4085,-7388,0.3
2022-03-28T00:00:00.000,11:11,40.641815,-73.99582,1,0,1,1,4064,-7399,0.3442622950819672
2022-03-28T00:00:00.000,9:30,40.826492,-73.907745,0,0,0,0,4082,-7390,0.3025210084033613
2022-03-28T00:00:00.000,23:30,40.599827,-74.17823,0,0,0,0,4059,-7417,0.25
2021-12-19T00:00:00.000,22:10,40.83406,-73.944885,0,0,0,0,4083,-7394,0.38926174496644295
2022-03-28T00:00:00.000,2:50,40.678455,-73.949684,2,0,1,1,4067,-7394,0.34074074074074073
2022-03-28T00:00:00.000,7:40,40.740467,-73.97295,1,0,1,1,4074,-7397,0.4810810810810811
2022-03-28T00:00:00.000,1:03,40.74767,-73.8754,0,0,0,0,4074,-7387,0.25663716814159293
2022-03-28T00:00:00.000,12:40,40.760853,-73.92408,1,0,1,1,4076,-7392,0.42105263157894735
2022-03-28T00:00:00.000,5:40,40.738724,-73.8488,0,0,0,0,4073,-7384,0.2682926829268293
2022-03-28T00:00:00.000,11:18,40.741055,-73.99786,0,0,0,0,4074,-7399,0.3333333333333333
2022-03-28T00:00:00.000,19:30,40.588604,-73.80641,1,0,1,1,4058,-7380,0.4
2022-03-18T00:00:00.000,19:33,40.754864,-73.85255,1,0,1,1,4075,-7385,0.3048780487804878
2022-03-24T00:00:00.000,17:00,40.640553,-74.0043,0,0,0,0,4064,-7400,0.36764705882352944
2022-03-28T00:00:00.000,12:35,40.879818,-73.880226,0,0,0,0,4087,-7388,0.3561643835616438
2022-03-28T00:00:00.000,17:55,40.678364,-73.77949,0,0,0,0,4067,-7377,0.32608695652173914
2022-03-28T00:00:00.000,6:49,40.817207,-73.88432,1,0,1,1,4081,-7388,0.25471698113207547
2022-03-28T00:00:00.000,19:59,40.84908,-73.90946,0,0,0,0,4084,-7390,0.366120218579235
2022-03-28T00:00:00.000,7:28,40.657654,-73.87917,1,0,1,1,4065,-7387,0.2857142857142857
2022-03-28T00:00:00.000,8:25,40.714283,-73.8102,1,0,1,1,4071,-7381,0.3448275862068966
2022-03-28T00:00:00.000,19:28,40.843475,-73.85102,0,0,0,0,4084,-7385,0.32727272727272727
2022-03-28T00:00:00.000,17:00,40.666393,-73.849976,0,0,0,0,4066,-7384,0.5925925925925926
2022-03-27T00:00:00.000,17:30,40.71423,-73.81633,1,0,1,1,4071,-7381,0.3448275862068966
2022-03-28T00:00:00.000,7:50,40.71302,-73.90831,0,0,0,0,4071,-7390,0.4
2022-03-28T00:00:00.000,16:07,40.745327,-73.833435,1,0,1,1,4074,-7383,0.4067796610169492
2022-03-28T00:00:00.000,11:00,40.70792,-73.9541,0,0,0,0,4070,-7395,0.3475177304964539
2022-03-28T00:00:00.000,15:25,40.676292,-73.92484,0,0,0,0,4067,-7392,0.39655172413793105
2022-03-28T00:00:00.000,14:15,40.5774,-73.95404,0,0,0,0,4057,-7395,0.47368421052631576
2022-03-28T00:00:00.000,8:17,40.733303,-73.773186,1,0,1,1,4073,-7377,0.5789473684210527
2022-03-28T00:00:00.000,10:00,40.702686,-73.92084,0,0,0,0,4070,-7392,0.24305555555555555
2022-03-28T00:00:00.000,6:20,40.72416,-73.754974,0,0,0,0,4072,-7375,0.2727272727272727
2022-03-28T00:00:00.000,7:45,40.754677,-73.975815,0,0,0,0,4075,-7397,0.375886524822695
2022-03-28T00:00:00.000,8:00,40.697495,-73.78904,0,0,0,0,4069,-7378,0.29310344827586204
2021-12-07T00:00:00.000,19:00,40.604935,-73.96684,0,0,0,0,4060,-7396,0.5714285714285714
2021-12-15T00:00:00.000,17:14,40.841682,-73.88832,1,0,1,1,4084,-7388,0.390625
2021-12-17T00:00:00.000,23:20,40.60216,-73.94707,0,0,0,0,4060,-7394,0.5217391304347826
2021-12-18T00:00:00.000,18:50,40.65407,-73.97821,0,0,0,0,4065,-7397,0.4074074074074074
2021-12-20T00:00:00.000,8:30,40.6665,-73.9962,0,0,0,0,4066,-7399,0.40540540540540543
2021-12-16T00:00:00.000,19:20,40.671585,-73.99843,1,0,1,1,4067,-7399,0.3258426966292135
2021-12-10T00:00:00.000,21:12,0.0,0.0,0,0,0,0,0,0,0.40425531914893614
2022-02-19T00:00:00.000,8:40,40.865208,-73.84336,1,0,1,1,4086,-7384,0.17857142857142858
2022-02-19T00:00:00.000,9:00,40.670048,-73.921364,0,0,0,0,4067,-7392,0.39655172413793105
2022-02-17T00:00:00.000,11:12,40.612022,-74.070885,0,0,0,0,4061,-7407,0.2
2022-02-19T00:00:00.000,12:00,40.67398,-73.911156,3,0,1,1,4067,-7391,0.36597938144329895
2022-02-19T00:00:00.000,22:00,40.605057,-73.999,0,0,0,0,4060,-7399,0.31683168316831684
2022-02-19T00:00:00.000,17:30,40.681797,-73.97681,1,0,1,1,4068,-7397,0.3412322274881517
2022-02-19T00:00:00.000,22:55,40.75607,-73.88059,0,0,0,0,4075,-7388,0.3402061855670103
2022-02-19T00:00:00.000,21:59,40.736202,-73.878876,0,0,0,0,4073,-7387,0.3140495867768595
2022-02-19T00:00:00.000,20:55,40.686504,-73.874954,0,0,0,0,4068,-7387,0.24719101123595505
2022-02-13T00:00:00.000,20:30,40.754158,-73.898636,1,0,1,1,4075,-7389,0.4805194805194805
2022-02-19T00:00:00.000,18:22,40.63084,-73.903076,5,0,1,1,4063,-7390,0.3561643835616438
2022-02-19T00:00:00.000,12:30,40.713253,-73.97759,0,0,0,0,4071,-7397,0.41509433962264153
2022-02-17T00:00:00.000,15:31,40.8278,-73.865425,1,0,1,1,4082,-7386,0.3493975903614458
2022-02-06T00:00:00.000,17:40,40.726624,-73.906456,0,0,0,0,4072,-7390,0.2978723404255319
2022-02-19T00:00:00.000,15:42,40.76434,-73.98834,0,0,0,0,4076,-7398,0.3081761006289308
2022-02-19T00:00:00.000,3:05,40.650814,-73.837814,0,0,0,0,4065,-7383,0.38095238095238093
2022-02-17T00:00:00.000,17:00,40.577003,-74.00217,1,0,1,1,4057,-7400,0.3157894736842105
2022-02-19T00:00:00.000,5:00,40.8283,-73.88296,1,0,1,1,4082,-7388,0.27624309392265195
2022-02-19T00:00:00.000,0:24,40.7606,-73.964325,0,0,0,0,4076,-7396,0.3023255813953488
2021-12-20T00:00:00.000,15:30,40.67619,-73.9081,1,0,1,1,4067,-7390,0.3282442748091603
2021-12-20T00:00:00.000,7:00,40.729557,-73.98994,1,0,1,1,4072,-7398,0.4342105263157895
2021-12-20T00:00:00.000,12:00,40.701958,-73.9239,0,0,0,0,4070,-7392,0.24305555555555555
2021-12-17T00:00:00.000,13:15,40.638268,-74.0788,0,0,0,0,4063,-7407,0.4444444444444444
2021-12-16T00:00:00.000,17:00,40.754974,-73.89095,0,0,0,0,4075,-7389,0.4805194805194805
2021-12-20T00:00:00.000,16:30,40.66496,-73.82226,1,0,1,1,4066,-7382,0.43103448275862066
2021-12-20T00:00:00.000,9:56,40.676598,-73.89038,0,0,0,0,4067,-7389,0.33852140077821014
2021-12-20T00:00:00.000,9:18,40.858387,-73.90279,0,0,0,0,4085,-7390,0.42207792207792205
2021-12-20T00:00:00.000,21:00,40.728294,-73.75037,0,0,0,0,4072,-7375,0.2727272727272727
2021-12-20T00:00:00.000,22:14,40.669476,-73.919975,1,0,1,1,4066,-7391,0.3630952380952381
2021-12-20T00:00:00.000,4:50,40.690983,-73.99706,0,0,0,0,4069,-7399,0.29473684210526313
2021-12-20T00:00:00.000,15:15,40.831375,-73.863396,0,0,0,0,4083,-7386,0.24822695035460993
2021-12-16T00:00:00.000,15:20,40.619717,-74.07949,0,0,0,0,4061,-7407,0.2
2021-12-20T00:00:00.000,17:00,40.748398,-73.889824,0,0,0,0,4074,-7388,0.2978723404255319
2021-12-14T00:00:00.000,8:49,40.841278,-73.86359,0,0,0,0,4084,-7386,0.375
2021-12-20T00:00:00.000,8:55,40.674397,-73.896515,0,0,0,0,4067,-7389,0.33852140077821014
2021-12-20T00:00:00.000,13:30,40.74074,-73.90779,0,0,0,0,4074,-7390,0.40625
2021-12-20T00:00:00.000,11:30,40.75941,-73.99562,0,0,0,0,4075,-7399,0.2830188679245283
2021-12-20T00:00:00.000,15:30,40.692352,-73.762436,0,0,0,0,4069,-7376,0.3392857142857143
2021-12-20T00:00:00.000,16:45,40.5867,-73.81704,2,0,1,1,4058,-7381,0.1875
2021-12-20T00:00:00.000,17:40,40.61743,-74.135765,0,0,0,0,4061,-7413,0.23076923076923078
2021-12-20T00:00:00.000,11:09,40.872765,-73.88864,0,0,0,0,4087,-7388,0.3561643835616438
2021-12-20T00:00:00.000,9:38,40.73239,-73.81116,0,0,0,0,4073,-7381,0.3181818181818182
2021-11-16T00:00:00.000,13:10,40.656063,-73.93957,0,0,0,0,4065,-7393,0.44366197183098594
2021-12-18T00:00:00.000,4:15,40.58227,-73.98612,0,0,0,0,4058,-7398,0.4
2021-12-20T00:00:00.000,5:41,40.58359,-73.98721,0,0,0,0,4058,-7398,0.4
2021-12-20T00:00:00.000,8:49,40.63582,-74.1712,0,0,0,0,4063,-7417,0.0
2021-08-03T00:00:00.000,14:00,40.572548,-74.16997,1,0,1,1,4057,-7416,0.36363636363636365
2021-12-20T00:00:00.000,8:00,40.71027,-73.765236,0,0,0,0,4071,-7376,0.37142857142857144
2021-12-20T00:00:00.000,4:23,40.65418,-73.91072,0,0,0,0,4065,-7391,0.425
2021-12-20T00:00:00.000,11:30,40.60716,-74.13194,1,0,1,1,4060,-7413,0.41935483870967744
2021-12-20T00:00:00.000,2:00,40.842247,-73.91403,0,0,0,0,4084,-7391,0.32558139534883723
2021-05-02T00:00:00.000,23:30,40.661777,-73.85069,1,0,1,1,4066,-7385,0.3333333333333333
2021-05-07T00:00:00.000,6:08,40.67094,-73.92124,0,0,0,0,4067,-7392,0.39655172413793105
2021-05-05T00:00:00.000,17:00,40.75399,-73.90031,1,0,1,1,4075,-7390,0.37254901960784315
2021-05-07T00:00:00.000,5:10,40.663227,-73.93159,0,0,0,0,4066,-7393,0.38578680203045684
2021-05-07T00:00:00.000,9:00,40.65878,-73.960526,1,0,1,1,4065,-7396,0.3939393939393939
2021-05-05T00:00:00.000,22:00,40.72508,-73.997086,1,0,1,1,4072,-7399,0.3829787234042553
2021-05-05T00:00:00.000,14:30,40.83185,-73.910904,0,0,0,0,4083,-7391,0.33714285714285713
2021-05-06T00:00:00.000,6:30,40.592636,-73.90362,1,0,1,1,4059,-7390,0.23404255319148937
2021-05-05T00:00:00.000,21:29,40.67978,-73.823875,1,0,1,1,4067,-7382,0.4186046511627907
2021-05-06T00:00:00.000,16:50,40.83801,-73.87329,1,0,1,1,4083,-7387,0.38414634146341464
2021-05-07T00:00:00.000,11:50,40.866383,-73.88515,1,0,1,1,4086,-7388,0.23943661971830985
2021-05-07T00:00:00.000,12:10,40.819847,-73.885994,0,0,0,0,4081,-7388,0.25471698113207547
2021-05-06T00:00:00.000,20:06,40.5896,-73.959236,0,0,0,0,4058,-7395,0.3465346534653465
2021-05-07T00:00:00.000,17:30,40.741074,-73.7258,0,0,0,0,4074,-7372,0.375
2021-05-06T00:00:00.000,14:05,40.757008,-73.96388,0,0,0,0,4075,-7396,0.4788732394366197
2021-04-27T00:00:00.000,21:40,40.829628,-73.92118,3,0,1,1,4082,-7392,0.3333333333333333
2021-05-07T00:00:00.000,16:24,40.758205,-73.777405,0,0,0,0,4075,-7377,0.24
2021-05-06T00:00:00.000,13:37,40.759624,-73.99548,0,0,0,0,4075,-7399,0.2830188679245283
2021-05-05T00:00:00.000,0:00,40.75924,-73.967255,0,0,0,0,4075,-7396,0.4788732394366197
2021-05-07T00:00:00.000,9:20,40.749283,-73.756645,0,0,0,0,4074,-7375,0.16666666666666666
2021-05-06T00:00:00.000,12:50,40.856743,-73.89527,0,0,0,0,4085,-7389,0.3353658536585366
2021-05-05T00:00:00.000,18:39,40.60459,-74.02212,0,0,0,0,4060,-7402,0.42105263157894735
2021-05-07T00:00:00.000,6:28,40.67812,-74.016914,0,0,0,0,4067,-7401,0.32142857142857145
2021-05-04T00:00:00.000,23:22,40.614227,-73.924446,2,0,1,1,4061,-7392,0.2982456140350877
2021-05-06T00:00:00.000,12:00,40.849613,-73.83491,0,0,0,0,4084,-7383,0.4318181818181818
2021-05-05T00:00:00.000,13:15,40.890507,-73.8611,0,0,0,0,4089,-7386,0.28205128205128205
2021-05-06T00:00:00.000,10:13,40.713707,-73.919,0,0,0,0,4071,-7391,0.1836734693877551
2021-04-28T00:00:00.000,18:39,40.616814,-73.94396,0,0,0,0,4061,-7394,0.48484848484848486
2021-05-05T00:00:00.000,21:18,40.6131,-73.97858,0,0,0,0,4061,-7397,0.421875
2021-05-06T00:00:00.000,10:50,40.87059,-73.8362,0,0,0,0,4087,-7383,0.3333333333333333
2021-05-06T00:00:00.000,12:58,40.697582,-73.94965,0,0,0,0,4069,-7394,0.417910447761194
2021-05-06T00:00:00.000,10:07,40.75069,-73.91771,0,0,0,0,4075,-7391,0.4777777777777778
2021-05-06T00:00:00.000,16:04,40.663227,-73.93159,0,0,0,0,4066,-7393,0.38578680203045684
2021-05-06T00:00:00.000,6:20,40.66535,-73.81695,2,0,1,1,4066,-7381,0.4716981132075472
2021-04-09T00:00:00.000,12:15,40.811264,-73.95782,1,0,1,1,4081,-7395,0.3509933774834437
2021-05-05T00:00:00.000,4:15,40.657555,-73.894196,0,0,0,0,4065,-7389,0.34965034965034963
2021-05-07T00:00:00.000,10:00,40.75193,-73.808914,1,0,1,1,4075,-7380,0.36363636363636365
2021-05-05T00:00:00.000,19:40,40.72247,-73.987144,1,0,1,1,4072,-7398,0.4342105263157895
2021-05-06T00:00:00.000,12:15,40.625652,-73.930534,2,0,1,1,4062,-7393,0.4444444444444444
2021-04-30T00:00:00.000,17:30,40.570877,-74.16984,0,0,0,0,4057,-7416,0.36363636363636365
2021-05-07T00:00:00.000,11:00,40.655624,-73.765724,0,0,0,0,4065,-7376,0.35714285714285715
2021-05-07T00:00:00.000,20:13,40.64333,-73.95973,0,0,0,0,4064,-7395,0.4796747967479675
2021-05-03T00:00:00.000,11:48,40.830536,-73.91571,0,0,0,0,4083,-7391,0.33714285714285713
2021-05-06T00:00:00.000,4:00,40.757515,-73.81857,0,0,0,0,4075,-7381,0.35
2021-05-06T00:00:00.000,14:55,40.783897,-73.97407,0,0,0,0,4078,-7397,0.3434343434343434
2021-04-18T00:00:00.000,17:30,40.76167,-73.79241,0,0,0,0,4076,-7379,0.2631578947368421
2021-05-05T00:00:00.000,17:50,40.763683,-73.87927,0,0,0,0,4076,-7387,0.48214285714285715
2021-05-05T00:00:00.000,8:40,40.802753,-73.93358,0,0,0,0,4080,-7393,0.36312849162011174
2021-04-23T00:00:00.000,15:04,40.807087,-73.94178,1,0,1,1,4080,-7394,0.41116751269035534
2021-05-07T00:00:00.000,13:40,40.711384,-73.8366,0,0,0,0,4071,-7383,0.37349397590361444
2021-05-05T00:00:00.000,0:00,40.660328,-73.72948,1,0,1,1,4066,-7372,0.6190476190476191
2021-04-25T00:00:00.000,8:00,40.535404,-74.193565,1,0,1,1,4053,-7419,0.2857142857142857
2021-05-06T00:00:00.000,22:15,40.54585,-74.164604,0,0,0,0,4054,-7416,0.42857142857142855
2021-05-05T00:00:00.000,14:02,40.737465,-73.919846,1,0,1,1,4073,-7391,0.33962264150943394
2021-05-06T00:00:00.000,21:10,40.59616,-73.74713,3,0,1,1,4059,-7374,0.18181818181818182
2021-05-05T00:00:00.000,15:00,40.83948,-73.93604,0,0,0,0,4083,-7393,0.3333333333333333
2021-05-05T00:00:00.000,16:30,40.62826,-73.99915,0,0,0,0,4062,-7399,0.3835616438356164
2021-05-07T00:00:00.000,21:36,40.707478,-73.8093,0,0,0,0,4070,-7380,0.3877551020408163
2021-05-07T00:00:00.000,11:39,40.777355,-73.95462,0,0,0,0,4077,-7395,0.3384615384615385
2021-05-04T00:00:00.000,6:40,40.895596,-73.85617,0,0,0,0,4089,-7385,0.3813559322033898
2021-05-03T00:00:00.000,17:00,40.671352,-73.92881,0,0,0,0,4067,-7392,0.39655172413793105
2021-05-06T00:00:00.000,12:30,40.81934,-73.93012,1,0,1,1,4081,-7393,0.32432432432432434
2021-05-05T00:00:00.000,16:30,40.854233,-73.85563,0,0,0,0,4085,-7385,0.3125
2021-05-06T00:00:00.000,8:35,40.74729,-73.92832,0,0,0,0,4074,-7392,0.3709677419354839
2021-05-07T00:00:00.000,23:40,40.818794,-73.92213,0,0,0,0,4081,-7392,0.4714285714285714
2021-05-05T00:00:00.000,23:22,40.82383,-73.87624,0,0,0,0,4082,-7387,0.33544303797468356
2021-05-03T00:00:00.000,12:54,40.822315,-73.81918,1,0,1,1,4082,-7381,0.17647058823529413
2021-05-05T00:00:00.000,19:00,40.811108,-73.92734,0,0,0,0,4081,-7392,0.4714285714285714
2021-05-05T00:00:00.000,12:10,40.83477,-73.85394,0,0,0,0,4083,-7385,0.30158730158730157
2021-05-05T00:00:00.000,0:00,40.86536,-73.87043,0,0,0,0,4086,-7387,0.34545454545454546
2021-05-05T00:00:00.000,11:42,40.722023,-73.9934,0,0,0,0,4072,-7399,0.3829787234042553
2021-05-07T00:00:00.000,12:50,40.702614,-73.96058,0,0,0,0,4070,-7396,0.3431372549019608
2021-05-07T00:00:00.000,16:05,40.73701,-73.89993,0,0,0,0,4073,-7389,0.2857142857142857
2021-05-05T00:00:00.000,11:35,40.86231,-73.909874,1,0,1,1,4086,-7390,0.42748091603053434
2021-05-06T00:00:00.000,18:22,40.743046,-73.91776,1,0,1,1,4074,-7391,0.38333333333333336
2021-05-07T00:00:00.000,0:44,40.66096,-73.731476,0,0,0,0,4066,-7373,0.44339622641509435
2021-05-05T00:00:00.000,11:30,40.70149,-73.95193,0,0,0,0,4070,-7395,0.3475177304964539
2021-05-06T00:00:00.000,22:52,40.79112,-73.97331,2,0,1,1,4079,-7397,0.24210526315789474
2021-05-07T00:00:00.000,17:28,40.70644,-73.75973,0,0,0,0,4070,-7375,0.4117647058823529
2021-05-05T00:00:00.000,10:45,40.635777,-74.02897,2,0,1,1,4063,-7402,0.3877551020408163
2021-05-05T00:00:00.000,9:50,40.646297,-73.97195,0,0,0,0,4064,-7397,0.4095238095238095
2021-05-04T00:00:00.000,18:45,40.668674,-73.90876,0,0,0,0,4066,-7390,0.2777777777777778
2021-05-06T00:00:00.000,17:10,40.686687,-73.9661,0,0,0,0,4068,-7396,0.42567567567567566
2021-05-07T00:00:00.000,0:06,40.67132,-73.9281,0,0,0,0,4067,-7392,0.39655172413793105
2021-05-05T00:00:00.000,15:30,40.60589,-73.98972,0,0,0,0,4060,-7398,0.2711864406779661
2021-05-05T00:00:00.000,5:42,40.83204,-73.85564,1,0,1,1,4083,-7385,0.30158730158730157
2021-04-28T00:00:00.000,14:15,40.67224,-73.96104,0,0,0,0,4067,-7396,0.3466666666666667
2021-05-05T00:00:00.000,17:51,40.811638,-73.9316,1,0,1,1,4081,-7393,0.32432432432432434
2021-05-05T00:00:00.000,16:46,40.68804,-73.947754,0,0,0,0,4068,-7394,0.4409448818897638
2021-05-05T00:00:00.000,15:40,40.658924,-74.00302,0,0,0,0,4065,-7400,0.41509433962264153
2021-05-06T00:00:00.000,21:30,40.691845,-74.0002,0,0,0,0,4069,-7400,0.0
2021-05-07T00:00:00.000,4:33,40.81467,-73.93623,0,0,0,0,4081,-7393,0.32432432432432434
2021-05-05T00:00:00.000,12:10,40.676243,-73.90891,0,0,0,0,4067,-7390,0.3282442748091603
2021-05-07T00:00:00.000,12:25,40.694,-73.92351,0,0,0,0,4069,-7392,0.3584905660377358
2020-05-08T00:00:00.000,4:05,40.665848,-73.74822,0,0,0,0,4066,-7374,0.3698630136986301
2021-05-03T00:00:00.000,7:00,40.817173,-73.94606,0,0,0,0,4081,-7394,0.38
2021-05-06T00:00:00.000,7:00,40.659286,-73.92029,0,0,0,0,4065,-7392,0.35555555555555557
2021-05-06T00:00:00.000,12:40,40.60188,-74.16534,0,0,0,0,4060,-7416,0.42857142857142855
2021-05-05T00:00:00.000,18:45,40.686466,-73.80156,0,0,0,0,4068,-7380,0.3829787234042553
2021-05-05T00:00:00.000,16:42,40.845078,-73.91111,0,0,0,0,4084,-7391,0.32558139534883723
2021-05-05T00:00:00.000,12:30,40.680668,-73.95774,0,0,0,0,4068,-7395,0.38571428571428573
2021-05-06T00:00:00.000,14:55,40.85611,-73.88252,2,0,1,1,4085,-7388,0.3
2021-05-07T00:00:00.000,11:30,40.76985,-73.8093,0,0,0,0,4076,-7380,0.4
2021-05-05T00:00:00.000,20:15,40.84009,-73.88036,0,0,0,0,4084,-7388,0.390625
2021-05-02T00:00:00.000,18:30,40.58591,-73.95678,1,0,1,1,4058,-7395,0.3465346534653465
2021-05-06T00:00:00.000,12:55,40.6271,-74.12514,0,0,0,0,4062,-7412,0.21739130434782608
2021-05-03T00:00:00.000,22:00,40.748863,-73.892715,0,0,0,0,4074,-7389,0.3203125
2021-05-06T00:00:00.000,11:42,40.728153,-73.95127,0,0,0,0,4072,-7395,0.22093023255813954
2021-05-05T00:00:00.000,11:30,40.845062,-73.91839,0,0,0,0,4084,-7391,0.32558139534883723
2021-05-07T00:00:00.000,14:50,40.679947,-73.84973,1,0,1,1,4067,-7384,0.28888888888888886
2021-05-05T00:00:00.000,12:10,40.906136,-73.90431,1,0,1,1,4090,-7390,0.11764705882352941
2021-05-05T00:00:00.000,13:02,40.721798,-73.94802,0,0,0,0,4072,-7394,0.19801980198019803
2021-05-06T00:00:00.000,0:00,40.608253,-73.897835,1,0,1,1,4060,-7389,0.625
2021-05-06T00:00:00.000,21:45,40.69612,-73.74619,0,0,0,0,4069,-7374,0.46774193548387094
2021-05-03T00:00:00.000,1:00,40.776897,-73.97547,0,0,0,0,4077,-7397,0.38235294117647056
2021-05-07T00:00:00.000,16:15,40.633286,-73.91674,0,0,0,0,4063,-7391,0.5
2021-05-05T00:00:00.000,14:24,40.712315,-73.96688,1,0,1,1,4071,-7396,0.3218390804597701
2021-05-05T00:00:00.000,23:40,40.71328,-73.76606,0,0,0,0,4071,-7376,0.37142857142857144
2021-05-05T00:00:00.000,18:10,40.676548,-73.96354,1,0,1,1,4067,-7396,0.3466666666666667
2021-04-09T00:00:00.000,20:15,40.60264,-73.98639,2,0,1,1,4060,-7398,0.2711864406779661
2021-05-05T00:00:00.000,16:53,40.70355,-73.781296,1,0,1,1,4070,-7378,0.34523809523809523
2021-05-06T00:00:00.000,19:45,40.633984,-73.912926,0,0,0,0,4063,-7391,0.5
2021-05-05T00:00:00.000,9:07,40.631897,-74.09716,0,0,0,0,4063,-7409,0.15384615384615385
2022-02-19T00:00:00.000,1:15,40.701763,-73.9276,1,0,1,1,4070,-7392,0.24305555555555555
2021-05-06T00:00:00.000,16:33,40.62684,-73.9219,1,0,1,1,4062,-7392,0.3611111111111111
2021-05-05T00:00:00.000,10:23,40.709373,-73.86103,1,0,1,1,4070,-7386,0.38235294117647056
2021-05-05T00:00:00.000,10:10,40.775322,-73.935295,0,0,0,0,4077,-7393,0.20833333333333334
2021-05-07T00:00:00.000,16:41,40.68112,-73.9905,0,0,0,0,4068,-7399,0.17857142857142858
2021-05-07T00:00:00.000,21:00,40.709,-73.79832,0,0,0,0,4070,-7379,0.3978494623655914
2021-05-05T00:00:00.000,13:28,40.86131,-73.92124,2,0,1,1,4086,-7392,0.359375
2021-05-06T00:00:00.000,19:30,40.664276,-73.92501,0,0,0,0,4066,-7392,0.355
2021-04-26T00:00:00.000,3:03,40.68401,-73.917694,0,0,0,0,4068,-7391,0.344
2021-05-05T00:00:00.000,19:45,40.803593,-73.919785,0,0,0,0,4080,-7391,0.38961038961038963
2021-05-07T00:00:00.000,17:20,40.701706,-73.88375,1,0,1,1,4070,-7388,0.3448275862068966
2021-05-06T00:00:00.000,18:30,40.65771,-73.76757,0,0,0,0,4065,-7376,0.35714285714285715
2021-05-06T00:00:00.000,14:06,40.817387,-73.92277,1,0,1,1,4081,-7392,0.4714285714285714
2021-05-07T00:00:00.000,10:10,40.631157,-74.14692,0,0,0,0,4063,-7414,0.5769230769230769
2021-05-06T00:00:00.000,10:55,40.790253,-73.94564,0,0,0,0,4079,-7394,0.3523809523809524
2021-05-07T00:00:00.000,0:00,40.67585,-73.91097,1,0,1,1,4067,-7391,0.36597938144329895
2021-05-07T00:00:00.000,20:47,40.72662,-73.757324,0,0,0,0,4072,-7375,0.2727272727272727
2021-05-07T00:00:00.000,8:35,40.749462,-73.86656,4,0,1,1,4074,-7386,0.3813559322033898
2021-05-05T00:00:00.000,13:20,40.732243,-73.87013,0,0,0,0,4073,-7387,0.3140495867768595
2021-05-06T00:00:00.000,12:35,40.63561,-73.95532,0,0,0,0,4063,-7395,0.48484848484848486
2021-05-05T00:00:00.000,23:35,40.716133,-73.98947,0,0,0,0,4071,-7398,0.39568345323741005
2021-05-04T00:00:00.000,17:00,40.625015,-73.94073,1,0,1,1,4062,-7394,0.41379310344827586
2021-05-07T00:00:00.000,15:30,40.60381,-73.75213,0,0,0,0,4060,-7375,0.17117117117117117
2021-05-07T00:00:00.000,17:00,40.620422,-73.98767,0,0,0,0,4062,-7398,0.38
2021-05-05T00:00:00.000,12:53,40.757183,-73.83396,0,0,0,0,4075,-7383,0.37681159420289856
2021-05-06T00:00:00.000,16:10,40.62813,-73.94713,0,0,0,0,4062,-7394,0.41379310344827586
2021-05-06T00:00:00.000,15:35,40.822323,-73.910706,0,0,0,0,4082,-7391,0.3355263157894737
2021-05-07T00:00:00.000,23:43,40.767612,-73.950005,2,0,1,1,4076,-7395,0.3696969696969697
2021-05-07T00:00:00.000,17:42,40.855595,-73.89601,3,0,1,1,4085,-7389,0.3353658536585366
2021-05-07T00:00:00.000,17:20,40.636234,-73.926506,1,0,1,1,4063,-7392,0.4036697247706422
2021-05-05T00:00:00.000,17:23,40.827656,-73.8861,2,0,1,1,4082,-7388,0.27624309392265195
2021-05-06T00:00:00.000,17:20,40.878746,-73.84241,0,0,0,0,4087,-7384,0.47297297297297297
2021-05-06T00:00:00.000,16:40,40.67736,-73.938675,0,0,0,0,4067,-7393,0.3755868544600939
2021-05-05T00:00:00.000,14:45,40.722095,-73.77772,0,0,0,0,4072,-7377,0.375
2021-04-12T00:00:00.000,4:32,40.7968,-73.929375,0,0,0,0,4079,-7392,0.4
2021-05-07T00:00:00.000,16:50,40.896152,-73.858,0,0,0,0,4089,-7385,0.3813559322033898
2021-05-05T00:00:00.000,17:00,40.708244,-73.9414,0,0,0,0,4070,-7394,0.3956043956043956
2021-05-06T00:00:00.000,10:00,40.748405,-73.97094,0,0,0,0,4074,-7397,0.4810810810810811
2021-05-06T00:00:00.000,20:55,40.88736,-73.89426,1,0,1,1,4088,-7389,0.4626865671641791
2021-05-07T00:00:00.000,9:08,40.781662,-73.818985,0,0,0,0,4078,-7381,0.22580645161290322
2021-05-05T00:00:00.000,14:30,40.85482,-73.9112,0,0,0,0,4085,-7391,0.373134328358209
2021-05-07T00:00:00.000,13:15,40.611256,-73.974525,0,0,0,0,4061,-7397,0.421875
2021-05-05T00:00:00.000,18:40,40.753944,-73.972145,1,0,1,1,4075,-7397,0.375886524822695
2021-05-05T00:00:00.000,13:55,40.824295,-73.90945,3,0,1,1,4082,-7390,0.3025210084033613
2021-05-07T00:00:00.000,12:30,40.61427,-74.08232,0,0,0,0,4061,-7408,0.30612244897959184
2021-05-05T00:00:00.000,21:25,40.657665,-73.90961,0,0,0,0,4065,-7390,0.375
2021-05-05T00:00:00.000,20:27,40.818016,-73.96043,0,0,0,0,4081,-7396,0.2222222222222222
2021-12-20T00:00:00.000,16:26,40.70794,-73.784935,0,0,0,0,4070,-7378,0.34523809523809523
2021-05-05T00:00:00.000,5:27,40.59958,-73.98997,0,0,0,0,4059,-7398,0.34146341463414637
2021-05-06T00:00:00.000,16:50,40.57858,-73.9884,0,0,0,0,4057,-7398,0.36904761904761907
2021-05-01T00:00:00.000,0:30,40.86227,-73.83102,0,0,0,0,4086,-7383,0.3448275862068966
2021-05-06T00:00:00.000,10:01,40.68085,-73.97112,1,0,1,1,4068,-7397,0.3412322274881517
2021-05-05T00:00:00.000,9:42,40.685085,-73.83512,2,0,1,1,4068,-7383,0.45454545454545453
2021-05-05T00:00:00.000,16:09,40.80297,-73.96387,2,0,1,1,4080,-7396,0.31343283582089554
2021-05-06T00:00:00.000,12:42,40.728924,-73.957436,0,0,0,0,4072,-7395,0.22093023255813954
2021-05-06T00:00:00.000,13:05,40.889927,-73.9084,0,0,0,0,4088,-7390,0.2702702702702703
2021-05-06T00:00:00.000,11:30,40.759914,-73.75207,0,0,0,0,4075,-7375,0.3333333333333333
2021-05-05T00:00:00.000,6:40,40.660217,-73.89675,0,0,0,0,4066,-7389,0.3103448275862069
2021-05-05T00:00:00.000,18:00,40.744644,-73.988846,1,0,1,1,4074,-7398,0.40131578947368424
2021-05-05T00:00:00.000,13:20,40.66675,-73.779945,0,0,0,0,4066,-7377,0.37362637362637363
2021-05-06T00:00:00.000,0:00,40.620903,-74.006805,0,0,0,0,4062,-7400,0.3150684931506849
2021-05-05T00:00:00.000,22:07,40.68614,-73.91619,1,0,1,1,4068,-7391,0.344
2021-05-03T00:00:00.000,0:31,40.84197,-73.90417,0,0,0,0,4084,-7390,0.366120218579235
2021-05-06T00:00:00.000,18:00,40.65492,-73.726395,0,0,0,0,4065,-7372,0.26666666666666666
2021-05-04T00:00:00.000,17:44,40.887497,-73.8621,0,0,0,0,4088,-7386,0.23809523809523808
2021-05-05T00:00:00.000,21:32,40.772987,-73.98208,0,0,0,0,4077,-7398,0.38028169014084506
2021-05-06T00:00:00.000,16:20,40.66115,-73.98018,1,0,1,1,4066,-7398,0.421875
2021-05-07T00:00:00.000,17:00,40.613075,-74.12257,0,0,0,0,4061,-7412,0.25
2021-04-30T00:00:00.000,18:40,40.613243,-74.155304,1,0,1,1,4061,-7415,0.3333333333333333
2021-05-07T00:00:00.000,15:03,40.846153,-73.932335,0,0,0,0,4084,-7393,0.32786885245901637
2021-05-05T00:00:00.000,9:40,40.64213,-73.92936,1,0,1,1,4064,-7392,0.4077669902912621
2021-05-05T00:00:00.000,18:18,40.61782,-73.94309,0,0,0,0,4061,-7394,0.48484848484848486
2021-05-07T00:00:00.000,18:19,40.83968,-73.929276,0,0,0,0,4083,-7392,0.310126582278481
2021-05-07T00:00:00.000,9:18,40.619633,-74.025856,0,0,0,0,4061,-7402,0.4090909090909091
2021-05-06T00:00:00.000,7:05,40.75457,-73.97169,0,0,0,0,4075,-7397,0.375886524822695
2021-05-06T00:00:00.000,7:27,40.72486,-74.00595,2,0,1,1,4072,-7400,0.32926829268292684
2021-04-13T00:00:00.000,7:50,40.511875,-74.24958,0,0,0,0,4051,-7424,0.21428571428571427
2021-05-05T00:00:00.000,19:58,40.862537,-73.90945,0,0,0,0,4086,-7390,0.42748091603053434
2021-05-02T00:00:00.000,20:35,40.639378,-73.985725,1,0,1,1,4063,-7398,0.4827586206896552
2021-05-07T00:00:00.000,13:34,40.843655,-73.93065,0,0,0,0,4084,-7393,0.32786885245901637
2021-05-06T00:00:00.000,19:30,40.58562,-73.95486,0,0,0,0,4058,-7395,0.3465346534653465
2021-04-27T00:00:00.000,18:30,40.736584,-73.99498,1,0,1,1,4073,-7399,0.423728813559322
2021-05-06T00:00:00.000,18:07,40.824806,-73.91352,0,0,0,0,4082,-7391,0.3355263157894737
2021-05-07T00:00:00.000,9:30,40.701397,-73.90533,0,0,0,0,4070,-7390,0.37894736842105264
2021-05-07T00:00:00.000,0:20,40.69382,-73.72694,0,0,0,0,4069,-7372,0.40425531914893614
2021-05-06T00:00:00.000,15:30,40.60459,-74.02212,0,0,0,0,4060,-7402,0.42105263157894735
2021-05-05T00:00:00.000,22:43,40.62194,-73.91753,0,0,0,0,4062,-7391,0.3333333333333333
2021-05-05T00:00:00.000,12:30,40.86832,-73.83317,1,0,1,1,4086,-7383,0.3448275862068966
2021-05-06T00:00:00.000,18:05,40.695847,-73.908806,1,0,1,1,4069,-7390,0.29591836734693877
2021-05-05T00:00:00.000,15:05,40.628845,-73.99855,0,0,0,0,4062,-7399,0.3835616438356164
2021-05-07T00:00:00.000,9:00,40.75228,-73.93562,0,0,0,0,4075,-7393,0.43478260869565216
2021-05-01T00:00:00.000,13:30,40.780693,-73.9466,0,0,0,0,4078,-7394,0.33513513513513515
2021-05-06T00:00:00.000,21:52,40.629036,-74.16538,0,0,0,0,4062,-7416,0.24444444444444444
2021-05-06T00:00:00.000,17:45,40.714012,-73.990776,0,0,0,0,4071,-7399,0.3263157894736842
2021-12-19T00:00:00.000,19:55,40.611427,-74.116844,1,0,1,1,4061,-7411,0.36
2021-05-06T00:00:00.000,7:52,40.8451,-73.90931,0,0,0,0,4084,-7390,0.366120218579235
2021-05-05T00:00:00.000,13:32,40.828125,-73.84105,2,0,1,1,4082,-7384,0.3835616438356164
2021-05-07T00:00:00.000,8:28,40.880947,-73.85456,0,0,0,0,4088,-7385,0.36619718309859156
2021-05-07T00:00:00.000,20:35,40.76316,-73.8164,0,0,0,0,4076,-7381,0.4716981132075472
2021-05-07T00:00:00.000,18:10,40.740784,-73.89893,0,0,0,0,4074,-7389,0.3203125
2021-05-05T00:00:00.000,16:35,40.663124,-73.9509,0,0,0,0,4066,-7395,0.44375
2021-05-07T00:00:00.000,16:30,40.678726,-73.91906,1,0,1,1,4067,-7391,0.36597938144329895
2021-05-05T00:00:00.000,5:48,40.72839,-73.83302,2,0,1,1,4072,-7383,0.4909090909090909
2021-05-06T00:00:00.000,0:36,40.651783,-73.962364,1,0,1,1,4065,-7396,0.3939393939393939
2021-05-06T00:00:00.000,5:38,40.664413,-73.81504,0,0,0,0,4066,-7381,0.4716981132075472
2021-04-29T00:00:00.000,10:00,40.782307,-73.95042,0,0,0,0,4078,-7395,0.42168674698795183
2021-05-06T00:00:00.000,7:51,40.689228,-73.957,0,0,0,0,4068,-7395,0.38571428571428573
2021-05-05T00:00:00.000,10:15,40.677834,-73.98826,1,0,1,1,4067,-7398,0.3655913978494624
2021-05-05T00:00:00.000,4:50,40.678993,-73.7298,0,0,0,0,4067,-7372,0.3888888888888889
2021-05-07T00:00:00.000,21:19,40.7216,-73.75868,0,0,0,0,4072,-7375,0.2727272727272727
2021-05-06T00:00:00.000,10:28,40.848022,-73.90859,0,0,0,0,4084,-7390,0.366120218579235
2021-05-07T00:00:00.000,19:25,40.757572,-73.9866,0,0,0,0,4075,-7398,0.3170731707317073
2021-05-05T00:00:00.000,15:24,40.81194,-73.94244,0,0,0,0,4081,-7394,0.38
2021-05-06T00:00:00.000,3:00,40.740837,-73.78656,0,0,0,0,4074,-7378,0.43478260869565216
2021-05-06T00:00:00.000,12:55,40.695995,-73.782776,4,0,1,1,4069,-7378,0.29310344827586204
2021-05-06T00:00:00.000,1:48,40.75791,-73.85857,1,0,1,1,4075,-7385,0.3048780487804878
2021-05-07T00:00:00.000,6:40,40.597286,-73.96192,0,0,0,0,4059,-7396,0.38596491228070173
2021-05-05T00:00:00.000,16:45,40.90535,-73.89646,0,0,0,0,4090,-7389,0.2727272727272727
2021-05-05T00:00:00.000,17:30,40.714584,-73.84831,2,0,1,1,4071,-7384,0.4
2021-12-20T00:00:00.000,12:50,40.82481,-73.93679,0,0,0,0,4082,-7393,0.36645962732919257
2021-05-07T00:00:00.000,5:19,40.69968,-73.79864,0,0,0,0,4069,-7379,0.25925925925925924
2021-05-05T00:00:00.000,20:00,40.879215,-73.885284,1,0,1,1,4087,-7388,0.3561643835616438
2021-12-20T00:00:00.000,18:06,40.587616,-73.93656,0,0,0,0,4058,-7393,0.24324324324324326
2021-05-07T00:00:00.000,22:08,40.85493,-73.82617,2,0,1,1,4085,-7382,0.45714285714285713
2021-04-06T00:00:00.000,11:25,40.703484,-73.85915,0,0,0,0,4070,-7385,0.39436619718309857
2021-05-05T00:00:00.000,14:36,40.72293,-73.95333,1,0,1,1,4072,-7395,0.22093023255813954
2021-05-07T00:00:00.000,20:50,40.633957,-74.02886,1,0,1,1,4063,-7402,0.3877551020408163
2021-05-07T00:00:00.000,20:20,40.647995,-73.952774,2,0,1,1,4064,-7395,0.4796747967479675
2021-05-06T00:00:00.000,1:31,40.8869,-73.83336,1,0,1,1,4088,-7383,0.3448275862068966
2021-05-07T00:00:00.000,16:52,40.861862,-73.91282,0,0,0,0,4086,-7391,0.38016528925619836
2021-05-06T00:00:00.000,15:20,40.72703,-73.85392,1,0,1,1,4072,-7385,0.4418604651162791
2021-05-06T00:00:00.000,16:00,40.767998,-73.830864,0,0,0,0,4076,-7383,0.33695652173913043
2021-05-06T00:00:00.000,12:48,40.64872,-73.96491,1,0,1,1,4064,-7396,0.4714285714285714
2021-05-06T00:00:00.000,17:20,40.80757,-73.91696,0,0,0,0,4080,-7391,0.38961038961038963
2021-05-05T00:00:00.000,11:20,40.671787,-73.95311,0,0,0,0,4067,-7395,0.3695652173913043
2021-05-05T00:00:00.000,21:04,40.638786,-73.94538,3,0,1,1,4063,-7394,0.358974358974359
2021-04-26T00:00:00.000,14:45,40.8297,-73.91932,0,0,0,0,4082,-7391,0.3355263157894737
2021-05-07T00:00:00.000,11:45,40.811367,-73.95402,1,0,1,1,4081,-7395,0.3509933774834437
2021-05-07T00:00:00.000,12:00,40.84961,-73.89799,0,0,0,0,4084,-7389,0.33766233766233766
2021-05-04T00:00:00.000,8:00,40.89675,-73.85988,1,0,1,1,4089,-7385,0.3813559322033898
2021-05-06T00:00:00.000,17:40,40.87345,-73.88096,0,0,0,0,4087,-7388,0.3561643835616438
2021-05-06T00:00:00.000,17:20,40.67538,-73.9082,1,0,1,1,4067,-7390,0.3282442748091603
2021-05-05T00:00:00.000,23:17,40.702904,-73.81882,0,0,0,0,4070,-7381,0.3194444444444444
2021-12-20T00:00:00.000,9:25,40.8399,-73.87562,0,0,0,0,4083,-7387,0.38414634146341464
2021-05-07T00:00:00.000,18:23,40.679337,-73.94405,0,0,0,0,4067,-7394,0.34074074074074073
2021-05-05T00:00:00.000,7:47,40.800648,-73.938034,1,0,1,1,4080,-7393,0.36312849162011174
2021-05-06T00:00:00.000,10:00,40.67472,-73.85839,2,0,1,1,4067,-7385,0.26666666666666666
2021-05-07T00:00:00.000,9:20,40.671875,-73.963585,0,0,0,0,4067,-7396,0.3466666666666667
2021-05-05T00:00:00.000,12:14,40.67172,-73.93524,1,0,1,1,4067,-7393,0.3755868544600939
2021-05-06T00:00:00.000,14:55,40.592636,-73.90362,0,0,0,0,4059,-7390,0.23404255319148937
2021-05-05T00:00:00.000,9:30,40.656147,-73.97732,0,0,0,0,4065,-7397,0.4074074074074074
2021-04-28T00:00:00.000,8:55,40.69324,-73.92865,1,0,1,1,4069,-7392,0.3584905660377358
2021-05-05T00:00:00.000,20:29,40.855385,-73.9181,1,0,1,1,4085,-7391,0.373134328358209
2021-05-07T00:00:00.000,12:00,40.726036,-73.80858,0,0,0,0,4072,-7380,0.2727272727272727
2021-04-25T00:00:00.000,0:30,40.76249,-73.839584,4,0,1,1,4076,-7383,0.33695652173913043
2021-05-07T00:00:00.000,14:53,40.681988,-73.83698,0,0,0,0,4068,-7383,0.45454545454545453
2021-05-07T00:00:00.000,13:11,40.669926,-73.89149,0,0,0,0,4066,-7389,0.3103448275862069
2021-05-05T00:00:00.000,19:57,40.680035,-73.9055,1,0,1,1,4068,-7390,0.4421052631578947
2021-05-06T00:00:00.000,8:00,40.7091,-73.94009,0,0,0,0,4070,-7394,0.3956043956043956
2021-05-07T00:00:00.000,8:30,40.73319,-73.866875,1,0,1,1,4073,-7386,0.3464566929133858
2021-05-06T00:00:00.000,16:35,40.795967,-73.93249,1,0,1,1,4079,-7393,0.36585365853658536
2021-05-07T00:00:00.000,14:00,40.709023,-73.798195,0,0,0,0,4070,-7379,0.3978494623655914
2021-05-05T00:00:00.000,0:50,40.716194,-73.996086,0,0,0,0,4071,-7399,0.3263157894736842
2021-05-06T00:00:00.000,9:11,40.66851,-73.76626,0,0,0,0,4066,-7376,0.30434782608695654
2021-05-06T00:00:00.000,13:45,40.85214,-73.92071,0,0,0,0,4085,-7392,0.22
2021-05-06T00:00:00.000,17:30,40.646557,-73.92593,2,0,1,1,4064,-7392,0.4077669902912621
2021-05-05T00:00:00.000,18:00,40.761982,-73.87896,0,0,0,0,4076,-7387,0.48214285714285715
2021-05-04T00:00:00.000,5:50,40.53691,-74.22503,0,0,0,0,4053,-7422,0.2
2021-05-07T00:00:00.000,1:52,40.57858,-73.9884,0,0,0,0,4057,-7398,0.36904761904761907
2021-05-06T00:00:00.000,17:15,40.88527,-73.85511,1,0,1,1,4088,-7385,0.36619718309859156
2021-05-04T00:00:00.000,19:00,40.687824,-73.74116,1,0,1,1,4068,-7374,0.29411764705882354
2021-05-06T00:00:00.000,22:35,40.641212,-73.96444,1,0,1,1,4064,-7396,0.4714285714285714
2021-05-06T00:00:00.000,9:30,40.67855,-73.97314,0,0,0,0,4067,-7397,0.2818181818181818
2021-05-02T00:00:00.000,11:00,40.620686,-74.11002,2,0,1,1,4062,-7411,0.5238095238095238
2021-05-06T00:00:00.000,9:15,40.718426,-73.817505,0,0,0,0,4071,-7381,0.3448275862068966
2021-05-06T00:00:00.000,11:00,40.698677,-73.90954,0,0,0,0,4069,-7390,0.29591836734693877
2021-05-05T00:00:00.000,0:38,40.88851,-73.86009,0,0,0,0,4088,-7386,0.23809523809523808
2021-05-02T00:00:00.000,23:44,40.793816,-73.94012,2,0,1,1,4079,-7394,0.3523809523809524
2021-05-05T00:00:00.000,17:20,40.600883,-73.958694,0,0,0,0,4060,-7395,0.4791666666666667
2021-05-06T00:00:00.000,20:50,40.634094,-73.97206,2,0,1,1,4063,-7397,0.36893203883495146
2021-05-05T00:00:00.000,15:45,0.0,0.0,0,0,0,0,0,0,0.40425531914893614
2021-05-03T00:00:00.000,20:05,40.704742,-73.86016,1,0,1,1,4070,-7386,0.38235294117647056
2021-04-30T00:00:00.000,0:00,40.822933,-73.93813,0,0,0,0,4082,-7393,0.36645962732919257
2021-05-07T00:00:00.000,14:45,40.686646,-73.9924,0,0,0,0,4068,-7399,0.17857142857142858
2021-05-07T00:00:00.000,17:00,40.64803,-73.966675,4,0,1,1,4064,-7396,0.4714285714285714
2021-05-06T00:00:00.000,18:25,40.714466,-73.99948,1,0,1,1,4071,-7399,0.3263157894736842
2021-05-02T00:00:00.000,14:32,40.836437,-73.91842,1,0,1,1,4083,-7391,0.33714285714285713
2021-05-05T00:00:00.000,8:40,40.70854,-73.927414,0,0,0,0,4070,-7392,0.24305555555555555
2021-05-07T00:00:00.000,18:45,40.681236,-73.91142,0,0,0,0,4068,-7391,0.344
2021-05-05T00:00:00.000,17:04,40.82226,-73.84564,0,0,0,0,4082,-7384,0.3835616438356164
2021-05-06T00:00:00.000,5:00,40.6884,-73.95118,2,0,1,1,4068,-7395,0.38571428571428573
2021-05-05T00:00:00.000,4:10,40.828407,-73.84392,0,0,0,0,4082,-7384,0.3835616438356164
2021-05-05T00:00:00.000,17:50,40.688778,-73.786446,0,0,0,0,4068,-7378,0.3384615384615385
2021-04-28T00:00:00.000,0:15,40.67117,-73.92534,0,0,0,0,4067,-7392,0.39655172413793105
2021-05-05T00:00:00.000,9:20,40.82949,-73.87326,2,0,1,1,4082,-7387,0.33544303797468356
2021-05-04T00:00:00.000,15:20,40.710094,-73.90029,0,0,0,0,4071,-7390,0.4
2021-05-06T00:00:00.000,12:49,40.594845,-73.761925,0,0,0,0,4059,-7376,0.23809523809523808
2021-05-05T00:00:00.000,19:20,40.654068,-73.96177,1,0,1,1,4065,-7396,0.3939393939393939
2021-05-05T00:00:00.000,19:55,40.669113,-73.95336,0,0,0,0,4066,-7395,0.44375
2021-05-05T00:00:00.000,18:50,40.701824,-73.753494,0,0,0,0,4070,-7375,0.4117647058823529
2021-05-06T00:00:00.000,8:50,40.84434,-73.91475,0,0,0,0,4084,-7391,0.32558139534883723
2021-05-05T00:00:00.000,17:00,40.52864,-74.21685,0,0,0,0,4052,-7421,0.4444444444444444
2021-05-05T00:00:00.000,7:40,40.736057,-73.87669,0,0,0,0,4073,-7387,0.3140495867768595
2021-05-06T00:00:00.000,16:20,40.83538,-73.94219,0,0,0,0,4083,-7394,0.38926174496644295
2021-05-05T00:00:00.000,5:22,40.678276,-73.910805,0,0,0,0,4067,-7391,0.36597938144329895
2021-12-08T00:00:00.000,15:00,40.775967,-73.79927,0,0,0,0,4077,-7379,0.5
2021-05-06T00:00:00.000,18:50,40.75207,-73.86896,0,0,0,0,4075,-7386,0.33653846153846156
2021-05-07T00:00:00.000,2:00,40.598885,-73.79914,0,0,0,0,4059,-7379,0.2692307692307692
2021-05-05T00:00:00.000,12:00,40.628387,-73.92431,0,0,0,0,4062,-7392,0.3611111111111111
2021-05-06T00:00:00.000,21:23,40.62884,-74.15267,0,0,0,0,4062,-7415,0.37037037037037035
2021-05-06T00:00:00.000,10:12,40.622696,-73.961716,0,0,0,0,4062,-7396,0.375
2021-05-06T00:00:00.000,18:08,40.83611,-73.92238,0,0,0,0,4083,-7392,0.310126582278481
2021-05-06T00:00:00.000,17:30,40.666416,-73.80631,0,0,0,0,4066,-7380,0.40789473684210525
2021-05-07T00:00:00.000,7:45,40.666355,-73.80163,0,0,0,0,4066,-7380,0.40789473684210525
2021-05-07T00:00:00.000,16:16,40.63413,-73.928505,0,0,0,0,4063,-7392,0.4036697247706422
2021-05-06T00:00:00.000,7:25,40.88254,-73.826965,1,0,1,1,4088,-7382,0.2765957446808511
2021-05-06T00:00:00.000,15:14,40.76781,-73.96202,0,0,0,0,4076,-7396,0.3023255813953488
2021-04-30T00:00:00.000,8:00,40.880157,-73.848076,0,0,0,0,4088,-7384,0.4153846153846154
2021-05-07T00:00:00.000,6:15,40.66708,-73.81033,1,0,1,1,4066,-7381,0.4716981132075472
2021-05-07T00:00:00.000,23:00,40.83562,-73.927864,1,0,1,1,4083,-7392,0.310126582278481
2021-05-06T00:00:00.000,19:06,40.702595,-73.8553,3,0,1,1,4070,-7385,0.39436619718309857
2021-05-07T00:00:00.000,19:30,40.61148,-74.098595,1,0,1,1,4061,-7409,0.46153846153846156
2021-04-29T00:00:00.000,20:00,40.69024,-73.9482,0,0,0,0,4069,-7394,0.417910447761194
2021-05-06T00:00:00.000,0:40,40.69614,-73.9734,0,0,0,0,4069,-7397,0.3253012048192771
2021-05-01T00:00:00.000,20:20,40.761265,-73.87501,1,0,1,1,4076,-7387,0.48214285714285715
2021-04-25T00:00:00.000,9:35,40.655575,-73.926895,1,0,1,1,4065,-7392,0.35555555555555557
2021-05-07T00:00:00.000,21:30,40.700836,-73.99495,0,0,0,0,4070,-7399,0.21052631578947367
2021-05-07T00:00:00.000,11:42,40.822456,-73.88728,0,0,0,0,4082,-7388,0.27624309392265195
2021-05-02T00:00:00.000,13:00,40.843063,-73.90954,0,0,0,0,4084,-7390,0.366120218579235
2021-05-07T00:00:00.000,19:20,40.748985,-73.979965,0,0,0,0,4074,-7397,0.4810810810810811
2021-12-20T00:00:00.000,12:40,40.633827,-74.031456,1,0,1,1,4063,-7403,0.42424242424242425
2021-05-05T00:00:00.000,7:03,40.71754,-73.89931,0,0,0,0,4071,-7389,0.38095238095238093
2021-05-05T00:00:00.000,12:50,40.84869,-73.90329,0,0,0,0,4084,-7390,0.366120218579235
2021-05-05T00:00:00.000,14:58,40.559124,-74.15494,0,0,0,0,4055,-7415,0.3
2021-05-06T00:00:00.000,11:00,40.579826,-73.97622,0,0,0,0,4057,-7397,0.2619047619047619
2021-05-05T00:00:00.000,14:00,40.69637,-73.837906,1,0,1,1,4069,-7383,0.35555555555555557
2021-05-05T00:00:00.000,8:30,40.71755,-73.99932,0,0,0,0,4071,-7399,0.3263157894736842
2021-12-20T00:00:00.000,19:48,40.811314,-73.92759,0,0,0,0,4081,-7392,0.4714285714285714
2021-05-04T00:00:00.000,22:30,40.6746,-73.9389,1,0,1,1,4067,-7393,0.3755868544600939
2021-05-06T00:00:00.000,16:45,40.701237,-73.79465,1,0,1,1,4070,-7379,0.3978494623655914
2021-05-05T00:00:00.000,12:15,40.72584,-73.81037,0,0,0,0,4072,-7381,0.2926829268292683
2021-05-07T00:00:00.000,18:55,40.598846,-73.74898,0,0,0,0,4059,-7374,0.18181818181818182
2021-05-06T00:00:00.000,8:16,40.767803,-73.95601,0,0,0,0,4076,-7395,0.3696969696969697
2021-05-07T00:00:00.000,16:35,40.7438,-73.98373,0,0,0,0,4074,-7398,0.40131578947368424
2021-05-06T00:00:00.000,11:00,40.716976,-73.98229,0,0,0,0,4071,-7398,0.39568345323741005
2021-05-05T00:00:00.000,8:30,40.774654,-73.9541,1,0,1,1,4077,-7395,0.3384615384615385
2021-05-07T00:00:00.000,13:56,40.665257,-73.735344,0,0,0,0,4066,-7373,0.44339622641509435
2021-05-05T00:00:00.000,17:30,40.821865,-73.88936,0,0,0,0,4082,-7388,0.27624309392265195
2021-05-07T00:00:00.000,11:00,40.782833,-73.95948,1,0,1,1,4078,-7395,0.42168674698795183
2021-05-07T00:00:00.000,19:35,40.71469,-73.942696,0,0,0,0,4071,-7394,0.3710691823899371
2021-05-06T00:00:00.000,22:42,40.848114,-73.901474,1,0,1,1,4084,-7390,0.366120218579235
2021-05-07T00:00:00.000,22:50,40.712296,-73.88375,0,0,0,0,4071,-7388,0.10344827586206896
2021-05-05T00:00:00.000,15:00,40.769028,-73.92242,0,0,0,0,4076,-7392,0.42105263157894735
2021-05-07T00:00:00.000,0:20,40.70019,-73.90561,0,0,0,0,4070,-7390,0.37894736842105264
2021-05-05T00:00:00.000,18:00,40.815845,-73.89544,0,0,0,0,4081,-7389,0.31543624161073824
2021-05-07T00:00:00.000,20:10,40.892956,-73.86382,0,0,0,0,4089,-7386,0.28205128205128205
2021-05-05T00:00:00.000,19:20,40.640842,-74.01843,0,0,0,0,4064,-7401,0.4295774647887324
2021-05-07T00:00:00.000,6:00,40.872143,-73.818695,0,0,0,0,4087,-7381,0.5
2021-05-05T00:00:00.000,13:00,40.70539,-73.93333,0,0,0,0,4070,-7393,0.3300970873786408
2021-05-05T00:00:00.000,9:30,40.732037,-73.814926,0,0,0,0,4073,-7381,0.3181818181818182
2021-05-05T00:00:00.000,13:20,40.796738,-73.92925,0,0,0,0,4079,-7392,0.4
2021-05-07T00:00:00.000,8:00,40.864414,-73.82194,0,0,0,0,4086,-7382,0.3611111111111111
2021-05-06T00:00:00.000,16:00,40.77622,-73.97596,0,0,0,0,4077,-7397,0.38235294117647056
2021-05-06T00:00:00.000,15:16,40.732613,-73.925156,0,0,0,0,4073,-7392,0.4444444444444444
2021-05-06T00:00:00.000,18:53,40.7429,-73.99281,1,0,1,1,4074,-7399,0.3333333333333333
2021-05-06T00:00:00.000,17:09,40.842346,-73.89836,1,0,1,1,4084,-7389,0.33766233766233766
2021-05-07T00:00:00.000,8:26,40.8406,-73.87972,0,0,0,0,4084,-7387,0.48333333333333334
2021-05-07T00:00:00.000,13:00,40.867714,-73.88162,0,0,0,0,4086,-7388,0.23943661971830985
2021-05-07T00:00:00.000,20:00,40.84707,-73.89597,0,0,0,0,4084,-7389,0.33766233766233766
2021-05-06T00:00:00.000,15:05,40.609707,-74.011284,3,0,1,1,4060,-7401,0.30357142857142855
2021-05-05T00:00:00.000,9:16,40.714443,-73.75999,1,0,1,1,4071,-7375,0.3269230769230769
2021-05-06T00:00:00.000,6:35,40.602535,-73.99321,0,0,0,0,4060,-7399,0.31683168316831684
2021-05-06T00:00:00.000,19:30,40.741077,-73.900566,0,0,0,0,4074,-7390,0.40625
2021-05-06T00:00:00.000,19:18,40.852306,-73.89811,1,0,1,1,4085,-7389,0.3353658536585366
2021-05-06T00:00:00.000,15:00,40.614098,-74.036316,0,0,0,0,4061,-7403,0.2777777777777778
2021-12-15T00:00:00.000,17:00,40.61578,-73.99995,1,0,1,1,4061,-7399,0.29411764705882354
2021-05-06T00:00:00.000,20:08,40.649788,-73.9622,1,0,1,1,4064,-7396,0.4714285714285714
2021-05-05T00:00:00.000,11:05,40.746296,-73.78725,1,0,1,1,4074,-7378,0.43478260869565216
2021-05-03T00:00:00.000,21:00,40.67739,-73.94508,0,0,0,0,4067,-7394,0.34074074074074073
2021-05-05T00:00:00.000,9:24,40.80293,-73.96759,0,0,0,0,4080,-7396,0.31343283582089554
2021-05-07T00:00:00.000,19:20,40.63588,-73.740204,0,0,0,0,4063,-7374,0.7142857142857143
2021-05-07T00:00:00.000,11:00,40.61334,-74.01109,1,0,1,1,4061,-7401,0.2972972972972973
2021-05-07T00:00:00.000,8:34,40.794,-73.94499,0,0,0,0,4079,-7394,0.3523809523809524
2021-05-07T00:00:00.000,0:55,40.66632,-73.83481,1,0,1,1,4066,-7383,0.5
2021-05-07T00:00:00.000,21:00,40.753838,-73.805824,1,0,1,1,4075,-7380,0.36363636363636365
2021-05-03T00:00:00.000,4:24,40.68925,-73.92165,0,0,0,0,4068,-7392,0.2542372881355932
2021-05-06T00:00:00.000,14:13,40.62973,-73.99244,0,0,0,0,4062,-7399,0.3835616438356164
2021-05-05T00:00:00.000,0:34,40.67341,-73.93348,0,0,0,0,4067,-7393,0.3755868544600939
2021-05-07T00:00:00.000,13:30,40.759743,-73.71993,0,0,0,0,4075,-7371,0.0
2021-05-06T00:00:00.000,0:00,40.60536,-73.96174,1,0,1,1,4060,-7396,0.5714285714285714
2021-05-06T00:00:00.000,8:42,40.57588,-73.85486,0,0,0,0,4057,-7385,0.25
2021-05-07T00:00:00.000,16:10,40.588562,-74.14584,2,0,1,1,4058,-7414,0.75
2021-05-06T00:00:00.000,8:30,40.783993,-73.95442,0,0,0,0,4078,-7395,0.42168674698795183
2021-04-25T00:00:00.000,11:40,40.633137,-73.9905,1,0,1,1,4063,-7399,0.47692307692307695
2021-05-07T00:00:00.000,0:40,40.63147,-73.91955,0,0,0,0,4063,-7391,0.5
2021-05-05T00:00:00.000,21:58,40.724556,-73.98555,0,0,0,0,4072,-7398,0.4342105263157895
2021-05-05T00:00:00.000,16:09,40.620914,-73.9753,0,0,0,0,4062,-7397,0.38666666666666666
2021-05-07T00:00:00.000,18:00,40.884575,-73.89889,1,0,1,1,4088,-7389,0.4626865671641791
2021-05-04T00:00:00.000,16:39,40.630505,-73.92812,0,0,0,0,4063,-7392,0.4036697247706422
2021-05-05T00:00:00.000,9:34,40.64784,-73.886154,2,0,1,1,4064,-7388,0.3225806451612903
2021-05-06T00:00:00.000,8:13,40.66549,-73.819534,2,0,1,1,4066,-7381,0.4716981132075472
2021-05-07T00:00:00.000,17:15,40.829685,-73.81989,0,0,0,0,4082,-7381,0.17647058823529413
2021-05-05T00:00:00.000,15:10,40.822502,-73.84885,1,0,1,1,4082,-7384,0.3835616438356164
2021-03-26T00:00:00.000,15:05,40.804745,-73.91194,1,0,1,1,4080,-7391,0.38961038961038963
2021-05-05T00:00:00.000,23:51,40.666187,-73.916664,1,0,1,1,4066,-7391,0.3630952380952381
2021-05-05T00:00:00.000,2:05,40.90152,-73.84695,0,0,0,0,4090,-7384,0.28205128205128205
2021-05-05T00:00:00.000,7:40,40.676273,-73.9095,0,0,0,0,4067,-7390,0.3282442748091603
2021-05-06T00:00:00.000,11:05,40.8746,-73.9097,0,0,0,0,4087,-7390,0.3184713375796178
2021-05-02T00:00:00.000,12:00,40.68138,-73.95352,0,0,0,0,4068,-7395,0.38571428571428573
2021-05-07T00:00:00.000,17:05,40.67815,-73.83109,1,0,1,1,4067,-7383,0.48148148148148145
2021-04-27T00:00:00.000,17:45,40.625607,-74.14865,1,0,1,1,4062,-7414,0.20408163265306123
2021-05-06T00:00:00.000,8:45,40.72033,-73.76115,1,0,1,1,4072,-7376,0.5
2021-05-07T00:00:00.000,8:05,40.64409,-73.90525,0,0,0,0,4064,-7390,0.4017094017094017
2021-05-06T00:00:00.000,21:00,40.78322,-73.84586,0,0,0,0,4078,-7384,0.23809523809523808
2021-05-06T00:00:00.000,20:00,40.752686,-74.000534,0,0,0,0,4075,-7400,0.3888888888888889
2021-05-05T00:00:00.000,7:05,40.84782,-73.90756,1,0,1,1,4084,-7390,0.366120218579235
2021-05-06T00:00:00.000,9:00,40.686646,-73.849075,0,0,0,0,4068,-7384,0.3333333333333333
2021-05-06T00:00:00.000,14:00,40.699177,-73.9605,0,0,0,0,4069,-7396,0.325
2021-05-07T00:00:00.000,0:20,40.69382,-73.72694,0,0,0,0,4069,-7372,0.40425531914893614
2021-05-03T00:00:00.000,16:58,40.827713,-73.92223,0,0,0,0,4082,-7392,0.3333333333333333
2021-05-05T00:00:00.000,8:45,40.62418,-73.97048,1,0,1,1,4062,-7397,0.38666666666666666
2021-05-06T00:00:00.000,12:38,40.826622,-73.930984,1,0,1,1,4082,-7393,0.36645962732919257
2021-05-06T00:00:00.000,14:00,40.706615,-73.78428,0,0,0,0,4070,-7378,0.34523809523809523
2021-05-05T00:00:00.000,2:30,40.683994,-73.83895,0,0,0,0,4068,-7383,0.45454545454545453
2021-05-07T00:00:00.000,22:00,40.698357,-73.99631,0,0,0,0,4069,-7399,0.29473684210526313
2021-05-07T00:00:00.000,1:14,40.71082,-73.73179,0,0,0,0,4071,-7373,0.25
2022-02-19T00:00:00.000,16:25,40.716408,-74.00001,0,0,0,0,4071,-7400,0.25517241379310346
2021-05-06T00:00:00.000,7:00,40.74206,-73.82453,0,0,0,0,4074,-7382,0.4057971014492754
2021-05-07T00:00:00.000,12:50,40.69749,-73.92008,0,0,0,0,4069,-7392,0.3584905660377358
2021-05-06T00:00:00.000,23:15,40.676296,-73.74648,1,0,1,1,4067,-7374,0.2619047619047619
2021-05-07T00:00:00.000,19:50,40.762177,-73.96613,3,0,1,1,4076,-7396,0.3023255813953488
2021-04-30T00:00:00.000,23:30,40.755028,-73.872696,1,0,1,1,4075,-7387,0.33884297520661155
2021-05-07T00:00:00.000,20:00,40.81909,-73.90087,1,0,1,1,4081,-7390,0.3888888888888889
2021-05-07T00:00:00.000,12:44,40.847908,-73.87121,1,0,1,1,4084,-7387,0.48333333333333334
2021-05-06T00:00:00.000,5:00,40.61306,-73.92618,0,0,0,0,4061,-7392,0.2982456140350877
2021-05-05T00:00:00.000,15:55,40.843643,-73.91303,0,0,0,0,4084,-7391,0.32558139534883723
2021-05-07T00:00:00.000,8:20,40.707676,-73.92386,1,0,1,1,4070,-7392,0.24305555555555555
2021-05-05T00:00:00.000,1:15,40.7575,-73.9689,0,0,0,0,4075,-7396,0.4788732394366197
2021-05-07T00:00:00.000,3:55,40.63514,-73.92948,0,0,0,0,4063,-7392,0.4036697247706422
2021-05-07T00:00:00.000,15:11,40.592407,-73.93361,0,0,0,0,4059,-7393,0.47058823529411764
2021-05-05T00:00:00.000,8:00,40.66518,-73.83175,1,0,1,1,4066,-7383,0.5
2021-05-06T00:00:00.000,12:00,40.709988,-73.90475,0,0,0,0,4070,-7390,0.37894736842105264
2021-05-06T00:00:00.000,5:30,40.80746,-73.91347,0,0,0,0,4080,-7391,0.38961038961038963
2021-05-07T00:00:00.000,11:07,40.703674,-73.91513,0,0,0,0,4070,-7391,0.27450980392156865
2021-05-05T00:00:00.000,9:23,40.837654,-73.89997,0,0,0,0,4083,-7389,0.3333333333333333
2021-05-07T00:00:00.000,9:35,40.842556,-73.93924,0,0,0,0,4084,-7393,0.32786885245901637
2021-05-06T00:00:00.000,11:50,40.730972,-73.92204,0,0,0,0,4073,-7392,0.4444444444444444
2021-05-06T00:00:00.000,13:00,40.676685,-73.84371,0,0,0,0,4067,-7384,0.28888888888888886
2021-03-28T00:00:00.000,20:10,40.712906,-73.90598,0,0,0,0,4071,-7390,0.4
2021-05-05T00:00:00.000,19:11,40.788685,-73.9555,1,0,1,1,4078,-7395,0.42168674698795183
2021-05-07T00:00:00.000,14:06,40.757908,-73.9893,0,0,0,0,4075,-7398,0.3170731707317073
2021-04-30T00:00:00.000,11:10,40.658295,-73.93109,0,0,0,0,4065,-7393,0.44366197183098594
2021-03-20T00:00:00.000,15:30,0.0,0.0,0,0,0,0,0,0,0.40425531914893614
2021-05-05T00:00:00.000,12:00,40.633682,-73.89868,0,0,0,0,4063,-7389,0.41818181818181815
2021-05-06T00:00:00.000,13:49,40.598835,-73.95641,0,0,0,0,4059,-7395,0.3181818181818182
2021-05-06T00:00:00.000,12:40,40.675884,-73.75577,1,0,1,1,4067,-7375,0.2608695652173913
2021-05-07T00:00:00.000,12:15,40.632282,-73.9283,0,0,0,0,4063,-7392,0.4036697247706422
2021-05-07T00:00:00.000,0:04,40.586918,-73.96387,0,0,0,0,4058,-7396,0.37333333333333335
2021-05-06T00:00:00.000,2:30,40.705833,-73.81812,0,0,0,0,4070,-7381,0.3194444444444444
2021-05-05T00:00:00.000,12:35,0.0,0.0,0,0,0,0,0,0,0.40425531914893614
2021-05-05T00:00:00.000,14:40,40.733967,-73.87177,0,0,0,0,4073,-7387,0.3140495867768595
2021-05-05T00:00:00.000,19:55,40.70648,-73.96375,1,0,1,1,4070,-7396,0.3431372549019608
2021-05-04T00:00:00.000,12:00,40.896633,-73.84796,0,0,0,0,4089,-7384,0.3333333333333333
2021-05-07T00:00:00.000,6:00,40.862953,-73.89066,1,0,1,1,4086,-7389,0.40606060606060607
2021-05-05T00:00:00.000,19:24,40.693962,-73.77415,0,0,0,0,4069,-7377,0.35135135135135137
2021-12-20T00:00:00.000,12:13,40.68221,-73.77257,1,0,1,1,4068,-7377,0.3673469387755102
2021-05-05T00:00:00.000,12:50,40.632095,-73.91861,5,0,1,1,4063,-7391,0.5
2021-05-07T00:00:00.000,19:44,40.803593,-73.919785,0,0,0,0,4080,-7391,0.38961038961038963
2021-05-07T00:00:00.000,0:00,40.901535,-73.85329,0,0,0,0,4090,-7385,0.42105263157894735
2021-05-05T00:00:00.000,11:00,40.90034,-73.90591,0,0,0,0,4090,-7390,0.11764705882352941
2021-05-04T00:00:00.000,14:30,40.87122,-73.85492,0,0,0,0,4087,-7385,0.37681159420289856
2021-05-06T00:00:00.000,9:10,40.76402,-73.80901,0,0,0,0,4076,-7380,0.4
2021-05-05T00:00:00.000,15:00,40.655643,-73.920586,0,0,0,0,4065,-7392,0.35555555555555557
2021-05-05T00:00:00.000,3:30,40.84434,-73.91475,1,0,1,1,4084,-7391,0.32558139534883723
2021-05-06T00:00:00.000,22:10,40.634167,-74.02073,0,0,0,0,4063,-7402,0.3877551020408163
2021-05-05T00:00:00.000,8:50,40.653774,-73.95617,1,0,1,1,4065,-7395,0.38686131386861317
2021-05-07T00:00:00.000,5:46,40.682644,-73.97175,0,0,0,0,4068,-7397,0.3412322274881517
2021-05-06T00:00:00.000,19:04,40.759308,-73.9653,0,0,0,0,4075,-7396,0.4788732394366197
2021-05-06T00:00:00.000,11:29,40.842003,-73.88375,0,0,0,0,4084,-7388,0.390625
2021-05-05T00:00:00.000,1:14,40.831055,-73.905846,0,0,0,0,4083,-7390,0.3064516129032258
2021-05-06T00:00:00.000,18:40,40.681435,-73.96143,0,0,0,0,4068,-7396,0.42567567567567566
2021-05-07T00:00:00.000,11:15,0.0,0.0,0,0,0,0,0,0,0.40425531914893614
2021-05-06T00:00:00.000,8:15,40.60677,-73.74523,0,0,0,0,4060,-7374,0.15789473684210525
2021-05-07T00:00:00.000,17:41,40.68495,-73.748085,0,0,0,0,4068,-7374,0.29411764705882354
2021-05-01T00:00:00.000,21:30,40.70772,-73.796326,0,0,0,0,4070,-7379,0.3978494623655914
2021-05-05T00:00:00.000,21:30,40.752224,-74.00141,0,0,0,0,4075,-7400,0.3888888888888889
2021-05-05T00:00:00.000,17:40,40.826622,-73.93785,0,0,0,0,4082,-7393,0.36645962732919257
2021-05-06T00:00:00.000,16:00,40.84442,-73.92505,0,0,0,0,4084,-7392,0.3181818181818182
2021-05-06T00:00:00.000,5:30,40.65263,-74.00618,1,0,1,1,4065,-7400,0.41509433962264153
2021-05-05T00:00:00.000,12:19,40.78142,-73.96019,0,0,0,0,4078,-7396,0.28125
2021-05-06T00:00:00.000,13:44,40.665207,-73.91252,5,0,1,1,4066,-7391,0.3630952380952381
2021-05-07T00:00:00.000,10:30,40.718765,-73.98889,0,0,0,0,4071,-7398,0.39568345323741005
2021-05-07T00:00:00.000,14:30,40.666653,-73.80991,1,0,1,1,4066,-7380,0.40789473684210525
2021-05-06T00:00:00.000,17:25,40.726604,-73.789116,0,0,0,0,4072,-7378,0.4
2021-05-02T00:00:00.000,13:45,40.84569,-73.891685,1,0,1,1,4084,-7389,0.33766233766233766
2021-05-02T00:00:00.000,0:13,40.778645,-73.9892,0,0,0,0,4077,-7398,0.38028169014084506
2021-04-30T00:00:00.000,6:47,40.717102,-73.879684,0,0,0,0,4071,-7387,0.5652173913043478
2021-05-05T00:00:00.000,21:35,40.609673,-73.96523,1,0,1,1,4060,-7396,0.5714285714285714
2021-05-06T00:00:00.000,13:03,40.829647,-73.94439,1,0,1,1,4082,-7394,0.3812154696132597
2021-05-06T00:00:00.000,15:25,40.83772,-73.92763,0,0,0,0,4083,-7392,0.310126582278481
2021-05-04T00:00:00.000,21:53,40.88756,-73.866394,3,0,1,1,4088,-7386,0.23809523809523808
2021-05-07T00:00:00.000,16:30,40.82998,-73.913994,0,0,0,0,4082,-7391,0.3355263157894737
2021-05-04T00:00:00.000,14:30,40.579494,-74.07825,1,0,1,1,4057,-7407,0.6666666666666666
2021-05-05T00:00:00.000,10:03,40.725006,-73.99935,1,0,1,1,4072,-7399,0.3829787234042553
2021-05-06T00:00:00.000,8:28,40.63201,-73.90561,0,0,0,0,4063,-7390,0.3561643835616438
2021-05-05T00:00:00.000,15:28,40.67308,-73.91124,1,0,1,1,4067,-7391,0.36597938144329895
2021-05-06T00:00:00.000,8:37,40.690075,-73.91916,0,0,0,0,4069,-7391,0.2709677419354839
2021-05-06T00:00:00.000,18:06,40.732323,-73.810776,1,0,1,1,4073,-7381,0.3181818181818182
2021-05-05T00:00:00.000,15:42,40.657536,-73.902756,0,0,0,0,4065,-7390,0.375
2021-05-07T00:00:00.000,22:40,40.678543,-73.949684,3,0,1,1,4067,-7394,0.34074074074074073
2021-05-02T00:00:00.000,10:09,40.689697,-73.98296,0,0,0,0,4068,-7398,0.3873239436619718
2021-05-02T00:00:00.000,9:58,40.841103,-73.91266,0,0,0,0,4084,-7391,0.32558139534883723
2021-05-05T00:00:00.000,11:33,40.84126,-73.92805,0,0,0,0,4084,-7392,0.3181818181818182
2021-05-05T00:00:00.000,22:25,40.714035,-73.961586,0,0,0,0,4071,-7396,0.3218390804597701
2021-05-05T00:00:00.000,15:30,40.630417,-73.92118,0,0,0,0,4063,-7392,0.4036697247706422
2021-05-06T00:00:00.000,16:55,40.664375,-73.92376,0,0,0,0,4066,-7392,0.355
2021-05-06T00:00:00.000,16:53,40.84543,-73.91399,0,0,0,0,4084,-7391,0.32558139534883723
2021-05-06T00:00:00.000,15:35,40.83717,-73.90197,0,0,0,0,4083,-7390,0.3064516129032258
2021-05-07T00:00:00.000,9:00,40.75621,-73.92896,0,0,0,0,4075,-7392,0.48148148148148145
2021-05-05T00:00:00.000,17:57,40.750732,-73.89466,1,0,1,1,4075,-7389,0.4805194805194805
2021-05-05T00:00:00.000,22:25,40.78426,-73.94925,0,0,0,0,4078,-7394,0.33513513513513515
2021-05-07T00:00:00.000,12:30,40.74006,-73.87864,0,0,0,0,4074,-7387,0.25663716814159293
2021-05-05T00:00:00.000,13:57,40.760464,-73.826546,0,0,0,0,4076,-7382,0.2987012987012987
2021-05-05T00:00:00.000,23:50,40.67236,-73.97375,0,0,0,0,4067,-7397,0.2818181818181818
2021-12-20T00:00:00.000,12:00,40.661274,-73.917564,0,0,0,0,4066,-7391,0.3630952380952381
2021-05-06T00:00:00.000,15:00,40.780006,-73.95022,0,0,0,0,4078,-7395,0.42168674698795183
2021-05-07T00:00:00.000,22:30,40.84768,-73.89362,0,0,0,0,4084,-7389,0.33766233766233766
2021-05-07T00:00:00.000,14:45,40.72032,-73.99404,0,0,0,0,4072,-7399,0.3829787234042553
2021-05-07T00:00:00.000,20:57,40.891582,-73.85509,0,0,0,0,4089,-7385,0.3813559322033898
2021-05-05T00:00:00.000,18:10,40.7247,-73.80803,0,0,0,0,4072,-7380,0.2727272727272727
2021-05-07T00:00:00.000,11:44,40.628544,-74.07648,0,0,0,0,4062,-7407,0.35714285714285715
2021-05-06T00:00:00.000,20:45,40.727802,-73.80516,1,0,1,1,4072,-7380,0.2727272727272727
2021-05-05T00:00:00.000,10:00,40.767185,-73.96248,1,0,1,1,4076,-7396,0.3023255813953488
2021-05-05T00:00:00.000,22:00,40.641674,-74.00313,1,0,1,1,4064,-7400,0.36764705882352944
2021-05-06T00:00:00.000,18:45,40.743694,-73.718285,0,0,0,0,4074,-7371,0.38095238095238093
2021-05-05T00:00:00.000,23:30,40.718372,-73.96463,0,0,0,0,4071,-7396,0.3218390804597701
2021-05-06T00:00:00.000,16:45,40.63216,-73.9874,2,0,1,1,4063,-7398,0.4827586206896552
2021-05-07T00:00:00.000,10:15,40.687325,-73.976944,0,0,0,0,4068,-7397,0.3412322274881517
2021-05-05T00:00:00.000,21:05,40.71337,-73.934814,1,0,1,1,4071,-7393,0.2711864406779661
2021-05-07T00:00:00.000,22:00,40.755516,-73.961105,2,0,1,1,4075,-7396,0.4788732394366197
2021-05-06T00:00:00.000,12:12,40.65655,-73.959114,0,0,0,0,4065,-7395,0.38686131386861317
2021-05-06T00:00:00.000,14:20,40.65616,-73.76736,0,0,0,0,4065,-7376,0.35714285714285715
2021-05-06T00:00:00.000,14:46,40.866047,-73.882744,0,0,0,0,4086,-7388,0.23943661971830985
2021-05-05T00:00:00.000,15:10,40.803425,-73.93309,0,0,0,0,4080,-7393,0.36312849162011174
2021-05-05T00:00:00.000,13:49,40.6379,-73.90085,0,0,0,0,4063,-7390,0.3561643835616438
2021-05-05T00:00:00.000,22:10,40.66077,-73.91975,0,0,0,0,4066,-7391,0.3630952380952381
2021-05-02T00:00:00.000,0:00,40.769478,-73.98089,0,0,0,0,4076,-7398,0.3081761006289308
2021-05-06T00:00:00.000,8:09,40.82733,-73.8498,1,0,1,1,4082,-7384,0.3835616438356164
2021-05-07T00:00:00.000,7:10,40.83854,-73.93658,0,0,0,0,4083,-7393,0.3333333333333333
2021-05-06T00:00:00.000,0:25,40.753513,-73.98879,1,0,1,1,4075,-7398,0.3170731707317073
2021-05-06T00:00:00.000,23:50,40.58407,-73.92344,1,0,1,1,4058,-7392,0.375
2021-05-07T00:00:00.000,16:56,40.709316,-73.73441,0,0,0,0,4070,-7373,0.52
2021-05-05T00:00:00.000,9:48,40.5878,-74.16564,0,0,0,0,4058,-7416,0.3
2021-05-05T00:00:00.000,15:00,40.722977,-73.91017,0,0,0,0,4072,-7391,0.36
2021-05-06T00:00:00.000,17:23,40.723698,-74.00792,0,0,0,0,4072,-7400,0.32926829268292684
2021-05-04T00:00:00.000,0:18,40.68327,-73.95016,5,0,1,1,4068,-7395,0.38571428571428573
2021-05-06T00:00:00.000,19:30,40.823074,-73.8918,0,0,0,0,4082,-7389,0.37423312883435583
2021-05-05T00:00:00.000,10:55,40.82815,-73.93491,0,0,0,0,4082,-7393,0.36645962732919257
2021-05-06T00:00:00.000,10:20,40.75455,-73.74317,0,0,0,0,4075,-7374,0.3333333333333333
2021-12-18T00:00:00.000,20:30,40.689377,-73.99146,1,0,1,1,4068,-7399,0.17857142857142858
2021-05-06T00:00:00.000,14:35,40.73191,-73.87124,0,0,0,0,4073,-7387,0.3140495867768595
2021-05-07T00:00:00.000,19:33,40.608383,-73.95917,0,0,0,0,4060,-7395,0.4791666666666667
2021-05-07T00:00:00.000,15:30,40.74214,-73.98706,1,0,1,1,4074,-7398,0.40131578947368424
2021-05-03T00:00:00.000,19:51,40.61497,-73.92844,0,0,0,0,4061,-7392,0.2982456140350877
2021-05-06T00:00:00.000,14:45,40.648045,-73.960625,0,0,0,0,4064,-7396,0.4714285714285714
2021-05-06T00:00:00.000,13:55,40.84532,-73.888214,0,0,0,0,4084,-7388,0.390625
2021-05-05T00:00:00.000,10:50,40.602226,-73.968666,1,0,1,1,4060,-7396,0.5714285714285714
2021-05-05T00:00:00.000,19:56,40.83874,-73.913765,1,0,1,1,4083,-7391,0.33714285714285713
2021-05-06T00:00:00.000,16:00,40.71592,-73.99933,0,0,0,0,4071,-7399,0.3263157894736842
2021-05-05T00:00:00.000,19:00,40.68005,-73.91296,0,0,0,0,4068,-7391,0.344
2021-05-07T00:00:00.000,13:08,40.79074,-73.84273,0,0,0,0,4079,-7384,0.125
2021-05-05T00:00:00.000,14:15,40.855244,-73.89314,0,0,0,0,4085,-7389,0.3353658536585366
2021-05-06T00:00:00.000,21:50,40.698757,-73.91885,0,0,0,0,4069,-7391,0.2709677419354839
2021-05-04T00:00:00.000,23:26,40.6843,-73.94121,2,0,1,1,4068,-7394,0.4409448818897638
2021-05-05T00:00:00.000,18:00,40.60589,-73.98972,1,0,1,1,4060,-7398,0.2711864406779661
2021-05-05T00:00:00.000,11:00,40.715107,-73.90563,0,0,0,0,4071,-7390,0.4
2021-05-07T00:00:00.000,13:45,40.76025,-73.860374,0,0,0,0,4076,-7386,0.40298507462686567
2021-05-07T00:00:00.000,18:30,40.61696,-74.02751,1,0,1,1,4061,-7402,0.4090909090909091
2021-05-07T00:00:00.000,10:00,40.793186,-73.94057,0,0,0,0,4079,-7394,0.3523809523809524
2021-05-02T00:00:00.000,9:30,40.703045,-73.92985,0,0,0,0,4070,-7392,0.24305555555555555
2021-05-06T00:00:00.000,11:09,40.78884,-73.81381,0,0,0,0,4078,-7381,0.22580645161290322
2021-05-05T00:00:00.000,16:15,40.8494,-73.90304,0,0,0,0,4084,-7390,0.366120218579235
2021-05-06T00:00:00.000,12:10,40.83472,-73.93517,0,0,0,0,4083,-7393,0.3333333333333333
2021-05-05T00:00:00.000,14:35,40.804256,-73.9193,0,0,0,0,4080,-7391,0.38961038961038963
2021-05-06T00:00:00.000,12:45,40.81707,-73.88525,0,0,0,0,4081,-7388,0.25471698113207547
2021-05-05T00:00:00.000,20:10,40.704422,-73.792854,1,0,1,1,4070,-7379,0.3978494623655914
2021-05-07T00:00:00.000,13:56,40.765087,-73.782875,2,0,1,1,4076,-7378,0.4
2021-05-07T00:00:00.000,20:00,40.744167,-73.91248,0,0,0,0,4074,-7391,0.38333333333333336
2021-05-06T00:00:00.000,18:33,40.764706,-73.811005,0,0,0,0,4076,-7381,0.4716981132075472
2021-05-05T00:00:00.000,17:10,40.667114,-73.834656,1,0,1,1,4066,-7383,0.5
2021-05-07T00:00:00.000,8:35,40.58945,-73.960526,1,0,1,1,4058,-7396,0.37333333333333335
2021-05-07T00:00:00.000,7:40,40.76155,-73.96659,1,0,1,1,4076,-7396,0.3023255813953488
2021-05-05T00:00:00.000,18:03,40.865456,-73.86566,0,0,0,0,4086,-7386,0.4642857142857143
2021-05-05T00:00:00.000,17:19,40.636547,-74.02866,0,0,0,0,4063,-7402,0.3877551020408163
2021-05-07T00:00:00.000,9:49,40.72844,-73.87116,0,0,0,0,4072,-7387,0.5714285714285714
2021-05-07T00:00:00.000,9:30,40.581745,-73.960945,0,0,0,0,4058,-7396,0.37333333333333335
2021-05-07T00:00:00.000,2:00,40.731377,-73.973724,0,0,0,0,4073,-7397,0.32558139534883723
2021-05-03T00:00:00.000,2:00,40.681988,-73.76634,2,0,1,1,4068,-7376,0.35714285714285715
2021-04-29T00:00:00.000,3:45,40.725433,-73.872734,1,0,1,1,4072,-7387,0.5714285714285714
2021-05-07T00:00:00.000,21:00,40.809628,-73.890045,1,0,1,1,4080,-7389,0.5
2021-05-07T00:00:00.000,16:04,40.643818,-73.97964,1,0,1,1,4064,-7397,0.4095238095238095
2021-05-06T00:00:00.000,9:30,40.82725,-73.9387,0,0,0,0,4082,-7393,0.36645962732919257
2021-05-05T00:00:00.000,22:00,40.687172,-73.820625,0,0,0,0,4068,-7382,0.41975308641975306
2021-04-24T00:00:00.000,14:50,40.717186,-74.0129,0,0,0,0,4071,-7401,0.3181818181818182
2021-05-02T00:00:00.000,14:30,40.601208,-74.08057,0,0,0,0,4060,-7408,0.3235294117647059
2021-05-06T00:00:00.000,14:40,40.77447,-73.9924,1,0,1,1,4077,-7399,0.4166666666666667
2021-04-15T00:00:00.000,10:04,40.720264,-73.872826,1,0,1,1,4072,-7387,0.5714285714285714
2021-05-06T00:00:00.000,10:00,40.661743,-73.94784,0,0,0,0,4066,-7394,0.36792452830188677
2021-05-06T00:00:00.000,9:29,40.844524,-73.902725,1,0,1,1,4084,-7390,0.366120218579235
2021-05-01T00:00:00.000,12:20,40.83142,-73.92644,2,0,1,1,4083,-7392,0.310126582278481
2021-05-06T00:00:00.000,15:13,40.882164,-73.88186,0,0,0,0,4088,-7388,0.42857142857142855
2021-05-07T00:00:00.000,18:30,40.665916,-73.92547,0,0,0,0,4066,-7392,0.355
2021-05-05T00:00:00.000,10:00,40.824924,-73.86985,0,0,0,0,4082,-7386,0.3493975903614458
2021-05-06T00:00:00.000,23:40,40.66406,-73.73846,0,0,0,0,4066,-7373,0.44339622641509435
2021-05-05T00:00:00.000,12:43,40.60327,-73.75106,0,0,0,0,4060,-7375,0.17117117117117117
2021-05-06T00:00:00.000,17:30,40.625774,-74.016495,0,0,0,0,4062,-7401,0.3829787234042553
2021-05-05T00:00:00.000,16:36,40.84838,-73.82865,0,0,0,0,4084,-7382,0.4
2021-05-07T00:00:00.000,5:15,40.664948,-73.90355,0,0,0,0,4066,-7390,0.2777777777777778
2021-05-04T00:00:00.000,21:05,40.62392,-73.9216,3,0,1,1,4062,-7392,0.3611111111111111
2021-04-26T00:00:00.000,1:49,40.676598,-73.93039,0,0,0,0,4067,-7393,0.3755868544600939
2021-05-06T00:00:00.000,10:30,40.8047,-73.91243,0,0,0,0,4080,-7391,0.38961038961038963
2021-05-05T00:00:00.000,15:20,40.734768,-73.861595,0,0,0,0,4073,-7386,0.3464566929133858
2021-05-05T00:00:00.000,17:56,40.738068,-73.861046,0,0,0,0,4073,-7386,0.3464566929133858
2021-05-04T00:00:00.000,8:30,40.63267,-73.88846,0,0,0,0,4063,-7388,0.3835616438356164
2021-05-06T00:00:00.000,14:34,40.855873,-73.79149,1,0,1,1,4085,-7379,0.6666666666666666
2021-05-05T00:00:00.000,0:00,40.8913,-73.8507,0,0,0,0,4089,-7385,0.3813559322033898
2021-12-20T00:00:00.000,21:04,40.76536,-73.82787,1,0,1,1,4076,-7382,0.2987012987012987
2021-05-07T00:00:00.000,18:41,40.701565,-73.94333,3,0,1,1,4070,-7394,0.3956043956043956
2021-05-07T00:00:00.000,14:30,40.681385,-73.84748,0,0,0,0,4068,-7384,0.3333333333333333
2021-04-30T00:00:00.000,6:38,40.69253,-73.927414,0,0,0,0,4069,-7392,0.3584905660377358
2021-05-03T00:00:00.000,18:00,40.863945,-73.86452,2,0,1,1,4086,-7386,0.4642857142857143
2021-05-05T00:00:00.000,11:25,40.676132,-73.81924,1,0,1,1,4067,-7381,0.4230769230769231
2021-05-05T00:00:00.000,1:20,40.70499,-73.91736,1,0,1,1,4070,-7391,0.27450980392156865
2021-05-05T00:00:00.000,12:30,40.748783,-73.81279,0,0,0,0,4074,-7381,0.46153846153846156
2021-05-07T00:00:00.000,11:27,40.6707,-73.77366,0,0,0,0,4067,-7377,0.32608695652173914
2021-05-06T00:00:00.000,16:26,40.595097,-74.00092,0,0,0,0,4059,-7400,0.2962962962962963
2021-05-05T00:00:00.000,14:00,40.72161,-73.98904,1,0,1,1,4072,-7398,0.4342105263157895
2021-05-05T00:00:00.000,6:35,40.687508,-73.80666,0,0,0,0,4068,-7380,0.3829787234042553
2021-04-29T00:00:00.000,15:33,40.62156,-74.16849,0,0,0,0,4062,-7416,0.24444444444444444
2021-05-06T00:00:00.000,4:50,40.55247,-74.21878,1,0,1,1,4055,-7421,0.16666666666666666
2021-05-05T00:00:00.000,20:15,40.730137,-73.862366,0,0,0,0,4073,-7386,0.3464566929133858
2021-04-11T00:00:00.000,8:30,40.715687,-73.75545,0,0,0,0,4071,-7375,0.3269230769230769
2021-01-29T00:00:00.000,15:34,40.82712,-73.93116,0,0,0,0,4082,-7393,0.36645962732919257
2021-05-06T00:00:00.000,4:50,40.72025,-73.834305,0,0,0,0,4072,-7383,0.4909090909090909
2021-05-01T00:00:00.000,4:39,40.573196,-73.99278,1,0,1,1,4057,-7399,0.32558139534883723
2021-05-06T00:00:00.000,22:18,40.756763,-73.96716,0,0,0,0,4075,-7396,0.4788732394366197
2021-05-05T00:00:00.000,22:47,40.612858,-73.92862,0,0,0,0,4061,-7392,0.2982456140350877
2021-05-06T00:00:00.000,0:52,40.812138,-73.96636,0,0,0,0,4081,-7396,0.2222222222222222
2021-05-06T00:00:00.000,11:08,40.634617,-74.02353,1,0,1,1,4063,-7402,0.3877551020408163
2021-05-02T00:00:00.000,12:00,40.799168,-73.91029,0,0,0,0,4079,-7391,0.0
2021-05-05T00:00:00.000,18:00,40.902374,-73.84811,0,0,0,0,4090,-7384,0.28205128205128205
2021-05-05T00:00:00.000,16:35,40.8037,-73.93582,1,0,1,1,4080,-7393,0.36312849162011174
2021-05-06T00:00:00.000,18:24,40.577065,-74.11633,1,0,1,1,4057,-7411,0.37142857142857144
2021-04-29T00:00:00.000,20:26,40.532482,-74.2031,1,0,1,1,4053,-7420,0.5555555555555556
2021-05-05T00:00:00.000,18:40,40.734848,-73.90002,0,0,0,0,4073,-7390,0.42424242424242425
2021-05-06T00:00:00.000,0:00,40.625324,-73.974945,0,0,0,0,4062,-7397,0.38666666666666666
2021-05-05T00:00:00.000,15:00,40.583374,-73.95126,0,0,0,0,4058,-7395,0.3465346534653465
2021-05-07T00:00:00.000,11:15,40.836555,-73.94306,0,0,0,0,4083,-7394,0.38926174496644295
2021-05-06T00:00:00.000,18:40,40.745068,-73.936356,1,0,1,1,4074,-7393,0.3333333333333333
2021-05-05T00:00:00.000,7:52,40.813175,-73.89845,0,0,0,0,4081,-7389,0.31543624161073824
2021-05-06T00:00:00.000,19:05,40.74701,-73.977196,0,0,0,0,4074,-7397,0.4810810810810811
2021-05-07T00:00:00.000,8:00,40.720535,-73.75682,0,0,0,0,4072,-7375,0.2727272727272727
2021-05-04T00:00:00.000,20:10,40.63219,-73.938934,0,0,0,0,4063,-7393,0.46153846153846156
2021-05-07T00:00:00.000,15:30,40.69775,-73.81393,2,0,1,1,4069,-7381,0.3902439024390244
2021-05-06T00:00:00.000,15:35,40.674557,-73.859604,1,0,1,1,4067,-7385,0.26666666666666666
2021-05-06T00:00:00.000,23:10,40.71426,-73.77713,0,0,0,0,4071,-7377,0.20967741935483872
2021-05-02T00:00:00.000,20:33,40.81462,-73.908585,1,0,1,1,4081,-7390,0.3888888888888889
2021-05-06T00:00:00.000,23:00,40.592815,-73.90808,0,0,0,0,4059,-7390,0.23404255319148937
2021-05-05T00:00:00.000,10:10,40.885777,-73.8515,0,0,0,0,4088,-7385,0.36619718309859156
2021-05-06T00:00:00.000,8:03,40.69125,-73.85087,0,0,0,0,4069,-7385,0.34
2021-05-07T00:00:00.000,7:00,40.715702,-73.95579,0,0,0,0,4071,-7395,0.36585365853658536
2021-05-06T00:00:00.000,2:15,40.57858,-73.9884,0,0,0,0,4057,-7398,0.36904761904761907
2021-05-05T00:00:00.000,16:00,40.776867,-73.955414,0,0,0,0,4077,-7395,0.3384615384615385
2021-05-05T00:00:00.000,4:05,40.699978,-73.98779,0,0,0,0,4069,-7398,0.3229166666666667
2021-05-05T00:00:00.000,7:30,40.673103,-73.92793,0,0,0,0,4067,-7392,0.39655172413793105
2021-05-01T00:00:00.000,8:00,40.7647,-73.874535,0,0,0,0,4076,-7387,0.48214285714285715
2021-05-06T00:00:00.000,11:25,40.833263,-73.877396,0,0,0,0,4083,-7387,0.38414634146341464
2021-05-05T00:00:00.000,12:20,40.812126,-73.90419,1,0,1,1,4081,-7390,0.3888888888888889
2021-05-05T00:00:00.000,8:00,40.659336,-73.92726,0,0,0,0,4065,-7392,0.35555555555555557
2021-05-06T00:00:00.000,9:45,40.820305,-73.89083,0,0,0,0,4082,-7389,0.37423312883435583
2021-05-04T00:00:00.000,15:20,40.743336,-73.9511,1,0,1,1,4074,-7395,0.35185185185185186
2021-05-05T00:00:00.000,22:35,40.882965,-73.893875,0,0,0,0,4088,-7389,0.4626865671641791
2021-05-04T00:00:00.000,23:35,40.744644,-74.00639,1,0,1,1,4074,-7400,0.27710843373493976
2021-05-07T00:00:00.000,9:13,40.84908,-73.90946,0,0,0,0,4084,-7390,0.366120218579235
2021-05-07T00:00:00.000,6:00,40.715767,-73.92556,0,0,0,0,4071,-7392,0.2777777777777778
2021-05-06T00:00:00.000,16:00,40.62318,-74.14925,0,0,0,0,4062,-7414,0.20408163265306123
2021-05-06T00:00:00.000,23:05,40.85223,-73.87141,1,0,1,1,4085,-7387,0.375
2021-05-05T00:00:00.000,17:36,40.58489,-73.92885,0,0,0,0,4058,-7392,0.375
2021-05-05T00:00:00.000,7:50,40.709442,-73.9607,0,0,0,0,4070,-7396,0.3431372549019608
2021-05-05T00:00:00.000,12:00,40.7433,-73.83768,0,0,0,0,4074,-7383,0.4067796610169492
2021-05-06T00:00:00.000,11:50,40.741405,-73.98337,1,0,1,1,4074,-7398,0.40131578947368424
2021-05-06T00:00:00.000,13:50,40.585197,-73.95289,0,0,0,0,4058,-7395,0.3465346534653465
2021-05-05T00:00:00.000,6:30,40.823944,-73.913,0,0,0,0,4082,-7391,0.3355263157894737
2021-05-06T00:00:00.000,21:30,40.73191,-73.87124,2,0,1,1,4073,-7387,0.3140495867768595
2021-05-05T00:00:00.000,6:30,40.628647,-73.95207,1,0,1,1,4062,-7395,0.4444444444444444
2021-12-20T00:00:00.000,18:15,40.633385,-73.97552,1,0,1,1,4063,-7397,0.36893203883495146
2021-05-06T00:00:00.000,0:00,40.666397,-73.75337,1,0,1,1,4066,-7375,0.3
2021-05-05T00:00:00.000,10:49,40.671112,-73.978065,1,0,1,1,4067,-7397,0.2818181818181818
2021-05-05T00:00:00.000,19:51,40.82499,-73.91662,1,0,1,1,4082,-7391,0.3355263157894737
2021-05-06T00:00:00.000,16:03,40.813175,-73.89845,1,0,1,1,4081,-7389,0.31543624161073824
2021-12-10T00:00:00.000,11:00,40.83264,-73.86876,0,0,0,0,4083,-7386,0.24822695035460993
2021-05-06T00:00:00.000,22:24,40.618877,-73.908936,1,0,1,1,4061,-7390,0.3333333333333333
2021-05-05T00:00:00.000,9:45,40.62782,-74.12126,2,0,1,1,4062,-7412,0.21739130434782608
2021-05-06T00:00:00.000,22:40,40.718304,-73.8149,0,0,0,0,4071,-7381,0.3448275862068966
2021-05-05T00:00:00.000,0:00,40.75386,-73.892654,0,0,0,0,4075,-7389,0.4805194805194805
2021-05-07T00:00:00.000,0:02,40.720657,-73.76031,0,0,0,0,4072,-7376,0.5
2021-05-07T00:00:00.000,15:15,40.690758,-73.99624,0,0,0,0,4069,-7399,0.29473684210526313
2021-05-07T00:00:00.000,2:50,40.62788,-73.93251,0,0,0,0,4062,-7393,0.4444444444444444
2021-05-07T00:00:00.000,11:29,40.876312,-73.91195,0,0,0,0,4087,-7391,0.25925925925925924
2021-05-06T00:00:00.000,12:25,40.8266,-73.82213,0,0,0,0,4082,-7382,0.46153846153846156
2021-05-07T00:00:00.000,20:20,40.72159,-73.9458,0,0,0,0,4072,-7394,0.19801980198019803
2021-05-06T00:00:00.000,8:26,40.825283,-73.88648,2,0,1,1,4082,-7388,0.27624309392265195
2021-05-07T00:00:00.000,21:00,40.87823,-73.84438,0,0,0,0,4087,-7384,0.47297297297297297
2021-05-07T00:00:00.000,19:00,40.66929,-73.842445,1,0,1,1,4066,-7384,0.5925925925925926
2021-05-05T00:00:00.000,15:19,40.72565,-73.93205,1,0,1,1,4072,-7393,0.36507936507936506
2021-05-04T00:00:00.000,21:35,40.690483,-73.93954,1,0,1,1,4069,-7393,0.3141025641025641
2021-05-05T00:00:00.000,21:30,40.722675,-73.921425,1,0,1,1,4072,-7392,0.4
2021-05-07T00:00:00.000,14:49,40.682373,-73.96162,1,0,1,1,4068,-7396,0.42567567567567566
2021-05-07T00:00:00.000,14:24,40.851078,-73.84862,0,0,0,0,4085,-7384,0.32432432432432434
2021-05-07T00:00:00.000,23:35,40.720642,-73.943275,0,0,0,0,4072,-7394,0.19801980198019803
2021-04-30T00:00:00.000,17:14,40.680855,-73.93855,3,0,1,1,4068,-7393,0.3619047619047619
2021-05-07T00:00:00.000,13:25,40.733242,-73.98113,0,0,0,0,4073,-7398,0.36942675159235666
2021-05-07T00:00:00.000,9:48,40.76278,-73.787384,0,0,0,0,4076,-7378,0.4
2021-05-06T00:00:00.000,19:45,40.596115,-73.9393,0,0,0,0,4059,-7393,0.47058823529411764
2021-12-20T00:00:00.000,12:30,40.796665,-73.93098,0,0,0,0,4079,-7393,0.36585365853658536
2021-05-07T00:00:00.000,17:00,40.81616,-73.8944,0,0,0,0,4081,-7389,0.31543624161073824
2021-05-06T00:00:00.000,18:51,40.69941,-73.93622,0,0,0,0,4069,-7393,0.3141025641025641
2021-05-06T00:00:00.000,13:30,40.67148,-73.97775,1,0,1,1,4067,-7397,0.2818181818181818
2021-05-05T00:00:00.000,17:00,40.689144,-73.99071,0,0,0,0,4068,-7399,0.17857142857142858
2021-05-07T00:00:00.000,7:50,40.743763,-73.82463,2,0,1,1,4074,-7382,0.4057971014492754
2021-05-07T00:00:00.000,21:00,40.676456,-73.85688,0,0,0,0,4067,-7385,0.26666666666666666
2021-05-07T00:00:00.000,16:42,40.757595,-73.94603,1,0,1,1,4075,-7394,0.41333333333333333
2021-05-05T00:00:00.000,13:45,40.649136,-73.95842,0,0,0,0,4064,-7395,0.4796747967479675
2021-05-05T00:00:00.000,14:00,40.68594,-73.84686,1,0,1,1,4068,-7384,0.3333333333333333
2021-05-05T00:00:00.000,6:55,40.834522,-73.848495,0,0,0,0,4083,-7384,0.22727272727272727
2021-05-06T00:00:00.000,11:30,40.693523,-73.980316,1,0,1,1,4069,-7398,0.3229166666666667
2021-05-03T00:00:00.000,0:50,40.764744,-73.86179,3,0,1,1,4076,-7386,0.40298507462686567
2021-05-05T00:00:00.000,18:05,40.662395,-73.93735,1,0,1,1,4066,-7393,0.38578680203045684
2021-05-05T00:00:00.000,15:30,40.740276,-73.92782,0,0,0,0,4074,-7392,0.3709677419354839
2021-05-05T00:00:00.000,23:00,40.798622,-73.94163,0,0,0,0,4079,-7394,0.3523809523809524
2021-12-19T00:00:00.000,22:58,40.618484,-73.913506,0,0,0,0,4061,-7391,0.358974358974359
2021-05-07T00:00:00.000,13:40,40.69251,-73.73744,1,0,1,1,4069,-7373,0.36585365853658536
2021-05-01T00:00:00.000,14:00,40.82674,-73.8879,0,0,0,0,4082,-7388,0.27624309392265195
2021-05-05T00:00:00.000,22:52,40.726173,-74.01099,2,0,1,1,4072,-7401,0.4
2021-05-07T00:00:00.000,7:30,40.63043,-73.88593,0,0,0,0,4063,-7388,0.3835616438356164
2021-05-05T00:00:00.000,14:35,40.718716,-73.79406,0,0,0,0,4071,-7379,0.3888888888888889
2021-05-05T00:00:00.000,16:40,40.662277,-73.91078,0,0,0,0,4066,-7391,0.3630952380952381
2021-05-05T00:00:00.000,15:20,40.580727,-74.10757,2,0,1,1,4058,-7410,0.3076923076923077
2021-05-05T00:00:00.000,22:45,40.69733,-73.78456,0,0,0,0,4069,-7378,0.29310344827586204
2021-05-06T00:00:00.000,15:25,40.816902,-73.91938,0,0,0,0,4081,-7391,0.47244094488188976
2021-05-05T00:00:00.000,22:21,40.735798,-73.78212,0,0,0,0,4073,-7378,0.391304347826087
2021-05-06T00:00:00.000,20:35,40.6255,-74.152145,0,0,0,0,4062,-7415,0.37037037037037035
2021-05-05T00:00:00.000,12:47,40.83,-73.91812,0,0,0,0,4083,-7391,0.33714285714285713
2021-05-05T00:00:00.000,17:25,40.69976,-73.956665,0,0,0,0,4069,-7395,0.30952380952380953
2021-05-07T00:00:00.000,17:45,40.662415,-73.94996,1,0,1,1,4066,-7394,0.36792452830188677
2021-05-04T00:00:00.000,14:12,40.6323,-73.93702,1,0,1,1,4063,-7393,0.46153846153846156
2021-05-05T00:00:00.000,10:30,40.854473,-73.86609,0,0,0,0,4085,-7386,0.33766233766233766
2021-05-06T00:00:00.000,16:35,40.767418,-73.7906,0,0,0,0,4076,-7379,0.2631578947368421
2021-05-07T00:00:00.000,20:04,40.66607,-73.906654,0,0,0,0,4066,-7390,0.2777777777777778
2021-05-06T00:00:00.000,17:30,40.79941,-73.935555,0,0,0,0,4079,-7393,0.36585365853658536
2021-05-06T00:00:00.000,18:05,40.759716,-73.85022,0,0,0,0,4075,-7385,0.3048780487804878
2021-05-07T00:00:00.000,8:16,40.770836,-73.96322,0,0,0,0,4077,-7396,0.3695652173913043
2021-05-06T00:00:00.000,20:15,40.639572,-74.08809,0,0,0,0,4063,-7408,0.2653061224489796
2021-05-02T00:00:00.000,17:46,40.652706,-73.94873,0,0,0,0,4065,-7394,0.43137254901960786
2021-05-05T00:00:00.000,7:00,40.893623,-73.85525,0,0,0,0,4089,-7385,0.3813559322033898
2021-05-07T00:00:00.000,17:01,40.713676,-73.82232,1,0,1,1,4071,-7382,0.379746835443038
2021-05-06T00:00:00.000,13:45,40.749825,-73.972206,1,0,1,1,4074,-7397,0.4810810810810811
2021-05-01T00:00:00.000,20:00,40.693848,-73.901184,0,0,0,0,4069,-7390,0.29591836734693877
2021-05-06T00:00:00.000,18:39,40.8436,-73.94511,0,0,0,0,4084,-7394,0.17543859649122806
2021-05-07T00:00:00.000,15:41,40.787018,-73.811584,0,0,0,0,4078,-7381,0.22580645161290322
2021-04-30T00:00:00.000,17:09,40.763332,-73.864105,0,0,0,0,4076,-7386,0.40298507462686567
2021-05-07T00:00:00.000,19:25,40.618084,-73.969315,0,0,0,0,4061,-7396,0.30666666666666664
2021-05-06T00:00:00.000,10:50,40.760532,-73.753716,0,0,0,0,4076,-7375,0.3409090909090909
2021-05-05T00:00:00.000,21:45,40.671364,-73.81481,0,0,0,0,4067,-7381,0.4230769230769231
2021-05-06T00:00:00.000,10:55,40.750484,-73.93529,1,0,1,1,4075,-7393,0.43478260869565216
2021-12-20T00:00:00.000,17:57,40.58781,-73.816444,0,0,0,0,4058,-7381,0.1875
2021-12-10T00:00:00.000,18:37,40.823257,-73.94293,0,0,0,0,4082,-7394,0.3812154696132597
2021-12-20T00:00:00.000,19:30,40.60783,-74.07341,0,0,0,0,4060,-7407,0.25
2021-12-20T00:00:00.000,12:00,40.575657,-73.94791,1,0,1,1,4057,-7394,0.75
2021-12-16T00:00:00.000,20:27,40.666435,-73.7628,0,0,0,0,4066,-7376,0.30434782608695654
2021-12-20T00:00:00.000,21:38,40.820694,-73.94351,0,0,0,0,4082,-7394,0.3812154696132597
2021-12-20T00:00:00.000,11:00,40.66855,-73.990234,1,0,1,1,4066,-7399,0.40540540540540543
2021-12-18T00:00:00.000,21:45,40.6026,-74.01491,0,0,0,0,4060,-7401,0.30357142857142855
2021-12-20T00:00:00.000,15:39,40.759983,-73.964806,1,0,1,1,4075,-7396,0.4788732394366197
2021-12-13T00:00:00.000,15:40,40.63793,-74.079506,1,0,1,1,4063,-7407,0.4444444444444444
2021-12-18T00:00:00.000,17:00,40.68377,-73.92625,0,0,0,0,4068,-7392,0.2542372881355932
2021-12-20T00:00:00.000,15:19,40.8468,-73.931854,0,0,0,0,4084,-7393,0.32786885245901637
2021-12-20T00:00:00.000,18:31,40.679535,-73.83176,1,0,1,1,4067,-7383,0.48148148148148145
2021-12-20T00:00:00.000,18:10,40.853546,-73.92432,0,0,0,0,4085,-7392,0.22
2021-12-20T00:00:00.000,7:40,40.85651,-73.897316,0,0,0,0,4085,-7389,0.3353658536585366
2021-08-20T00:00:00.000,19:55,40.696594,-73.93862,1,0,1,1,4069,-7393,0.3141025641025641
2022-03-28T00:00:00.000,6:45,40.855385,-73.9181,0,0,0,0,4085,-7391,0.373134328358209
2021-12-20T00:00:00.000,6:30,40.803455,-73.96353,0,0,0,0,4080,-7396,0.31343283582089554
2021-12-20T00:00:00.000,15:00,40.651863,-73.86536,0,0,0,0,4065,-7386,0.36619718309859156
2021-12-16T00:00:00.000,14:15,40.59976,-73.903336,0,0,0,0,4059,-7390,0.23404255319148937
2021-12-19T00:00:00.000,17:00,40.679836,-73.9344,2,0,1,1,4067,-7393,0.3755868544600939
2021-12-09T00:00:00.000,1:30,40.760704,-73.858246,0,0,0,0,4076,-7385,0.2727272727272727
2021-12-20T00:00:00.000,6:15,40.64485,-73.96002,0,0,0,0,4064,-7396,0.4714285714285714
2021-12-16T00:00:00.000,15:00,40.62434,-74.09396,1,0,1,1,4062,-7409,0.3333333333333333
2021-12-20T00:00:00.000,15:58,40.750156,-73.97699,0,0,0,0,4075,-7397,0.375886524822695
2021-12-20T00:00:00.000,6:50,40.710228,-74.00668,0,0,0,0,4071,-7400,0.25517241379310346
2021-12-18T00:00:00.000,18:20,40.751423,-73.88461,0,0,0,0,4075,-7388,0.3402061855670103
2021-12-20T00:00:00.000,11:30,40.804256,-73.9193,0,0,0,0,4080,-7391,0.38961038961038963
2021-12-17T00:00:00.000,15:30,40.66743,-73.76676,0,0,0,0,4066,-7376,0.30434782608695654
2021-12-20T00:00:00.000,17:12,40.86038,-73.88889,1,0,1,1,4086,-7388,0.23943661971830985
2021-12-13T00:00:00.000,10:30,40.65763,-73.94179,0,0,0,0,4065,-7394,0.43137254901960786
2021-12-20T00:00:00.000,18:45,40.87977,-73.86729,0,0,0,0,4087,-7386,0.3142857142857143
2021-12-20T00:00:00.000,12:00,40.765137,-73.81944,0,0,0,0,4076,-7381,0.4716981132075472
2021-12-20T00:00:00.000,14:38,40.578938,-73.98522,0,0,0,0,4057,-7398,0.36904761904761907
2021-12-20T00:00:00.000,8:00,40.77132,-73.84655,0,0,0,0,4077,-7384,0.125
2021-12-16T00:00:00.000,14:15,40.685497,-73.91771,1,0,1,1,4068,-7391,0.344
2021-12-20T00:00:00.000,18:03,40.707783,-73.932076,1,0,1,1,4070,-7393,0.3300970873786408
2021-12-20T00:00:00.000,16:18,40.751442,-73.97606,1,0,1,1,4075,-7397,0.375886524822695
2021-12-04T00:00:00.000,20:00,40.6746,-73.9389,0,0,0,0,4067,-7393,0.3755868544600939
2021-12-20T00:00:00.000,6:00,40.665848,-73.74822,0,0,0,0,4066,-7374,0.3698630136986301
2021-12-20T00:00:00.000,9:40,40.694214,-73.7531,0,0,0,0,4069,-7375,0.3584905660377358
2021-12-20T00:00:00.000,6:20,40.75778,-73.884834,0,0,0,0,4075,-7388,0.3402061855670103
2021-12-20T00:00:00.000,10:40,40.82803,-73.934845,0,0,0,0,4082,-7393,0.36645962732919257
2021-12-20T00:00:00.000,18:20,40.813313,-73.92288,2,0,1,1,4081,-7392,0.4714285714285714
2021-12-15T00:00:00.000,16:20,40.62448,-73.99593,1,0,1,1,4062,-7399,0.3835616438356164
2021-12-19T00:00:00.000,22:14,40.62659,-74.07646,0,0,0,0,4062,-7407,0.35714285714285715
2021-12-18T00:00:00.000,6:00,40.8451,-73.90931,0,0,0,0,4084,-7390,0.366120218579235
2021-12-20T00:00:00.000,9:45,40.696033,-73.984535,0,0,0,0,4069,-7398,0.3229166666666667
2021-12-20T00:00:00.000,11:20,40.715706,-73.81023,1,0,1,1,4071,-7381,0.3448275862068966
2021-12-17T00:00:00.000,17:53,40.77246,-73.96705,0,0,0,0,4077,-7396,0.3695652173913043
2021-12-20T00:00:00.000,12:24,40.608078,-73.979706,0,0,0,0,4060,-7397,0.3469387755102041
2021-12-20T00:00:00.000,16:55,40.633858,-74.12596,0,0,0,0,4063,-7412,0.36363636363636365
2021-12-20T00:00:00.000,16:00,40.604977,-73.754425,1,0,1,1,4060,-7375,0.17117117117117117
2021-12-20T00:00:00.000,21:34,40.691887,-73.756256,0,0,0,0,4069,-7375,0.3584905660377358
2021-12-20T00:00:00.000,6:55,40.649616,-73.87132,1,0,1,1,4064,-7387,0.4918032786885246
2021-12-20T00:00:00.000,5:00,40.70938,-73.9371,0,0,0,0,4070,-7393,0.3300970873786408
2021-12-20T00:00:00.000,16:50,40.767372,-73.738754,2,0,1,1,4076,-7373,0.42857142857142855
2021-12-20T00:00:00.000,11:52,40.65545,-73.863335,0,0,0,0,4065,-7386,0.36619718309859156
2021-12-20T00:00:00.000,8:00,40.742943,-73.91685,1,0,1,1,4074,-7391,0.38333333333333336
2021-12-20T00:00:00.000,18:40,40.82498,-73.89132,1,0,1,1,4082,-7389,0.37423312883435583
2021-12-15T00:00:00.000,10:45,40.74629,-73.766945,0,0,0,0,4074,-7376,0.3333333333333333
2021-12-20T00:00:00.000,20:49,40.750114,-73.98859,0,0,0,0,4075,-7398,0.3170731707317073
2021-12-18T00:00:00.000,10:30,40.62016,-74.076965,0,0,0,0,4062,-7407,0.35714285714285715
2021-12-20T00:00:00.000,16:40,40.62986,-73.97904,0,0,0,0,4062,-7397,0.38666666666666666
2021-12-20T00:00:00.000,10:00,40.563915,-74.11637,0,0,0,0,4056,-7411,0.3448275862068966
2021-12-14T00:00:00.000,21:35,40.771667,-73.9867,0,0,0,0,4077,-7398,0.38028169014084506
2021-12-20T00:00:00.000,17:00,40.676693,-73.99683,1,0,1,1,4067,-7399,0.3258426966292135
2021-12-20T00:00:00.000,17:00,40.681908,-73.88519,3,0,1,1,4068,-7388,0.36538461538461536
2021-12-20T00:00:00.000,3:00,40.8382,-73.92371,0,0,0,0,4083,-7392,0.310126582278481
2021-12-20T00:00:00.000,14:00,40.758236,-73.93702,1,0,1,1,4075,-7393,0.43478260869565216
2021-12-20T00:00:00.000,17:40,40.742973,-73.814316,1,0,1,1,4074,-7381,0.46153846153846156
2021-12-20T00:00:00.000,22:48,40.85051,-73.93105,0,0,0,0,4085,-7393,0.36585365853658536
2021-12-20T00:00:00.000,17:00,40.568943,-74.1113,1,0,1,1,4056,-7411,0.3448275862068966
2021-12-04T00:00:00.000,4:49,40.61651,-74.02666,1,0,1,1,4061,-7402,0.4090909090909091
2021-12-20T00:00:00.000,8:41,40.66813,-73.93675,0,0,0,0,4066,-7393,0.38578680203045684
2021-12-08T00:00:00.000,18:00,40.60902,-74.07422,0,0,0,0,4060,-7407,0.25
2021-12-20T00:00:00.000,1:30,40.673676,-73.79376,0,0,0,0,4067,-7379,0.4264705882352941
2021-05-08T00:00:00.000,17:15,40.665813,-73.833115,0,0,0,0,4066,-7383,0.5
2021-12-20T00:00:00.000,10:10,40.813828,-73.951935,0,0,0,0,4081,-7395,0.3509933774834437
2021-12-20T00:00:00.000,12:30,40.78503,-73.94058,0,0,0,0,4078,-7394,0.33513513513513515
2021-12-17T00:00:00.000,15:00,40.64464,-74.01757,0,0,0,0,4064,-7401,0.4295774647887324
2021-11-21T00:00:00.000,20:00,40.68842,-73.92484,0,0,0,0,4068,-7392,0.2542372881355932
2021-12-20T00:00:00.000,20:48,40.68605,-73.831726,4,0,1,1,4068,-7383,0.45454545454545453
2021-12-20T00:00:00.000,0:33,40.716557,-73.82869,0,0,0,0,4071,-7382,0.379746835443038
2021-12-20T00:00:00.000,9:00,40.892475,-73.8545,0,0,0,0,4089,-7385,0.3813559322033898
2021-12-18T00:00:00.000,20:05,40.822063,-73.86699,0,0,0,0,4082,-7386,0.3493975903614458
2021-12-20T00:00:00.000,12:30,40.62834,-74.00858,0,0,0,0,4062,-7400,0.3150684931506849
2021-12-18T00:00:00.000,0:00,40.64882,-74.00288,0,0,0,0,4064,-7400,0.36764705882352944
2021-12-20T00:00:00.000,9:45,40.69613,-73.987114,0,0,0,0,4069,-7398,0.3229166666666667
2021-12-20T00:00:00.000,16:08,40.847355,-73.93518,1,0,1,1,4084,-7393,0.32786885245901637
2021-12-20T00:00:00.000,13:55,40.68854,-73.92384,1,0,1,1,4068,-7392,0.2542372881355932
2021-12-20T00:00:00.000,8:15,40.736046,-73.92673,0,0,0,0,4073,-7392,0.4444444444444444
2021-12-20T00:00:00.000,19:00,40.8956,-73.876015,0,0,0,0,4089,-7387,0.2
2021-12-20T00:00:00.000,16:55,40.701153,-73.93057,1,0,1,1,4070,-7393,0.3300970873786408
2021-12-20T00:00:00.000,8:40,40.66547,-73.75452,1,0,1,1,4066,-7375,0.3
2021-12-20T00:00:00.000,18:30,40.616966,-74.03704,0,0,0,0,4061,-7403,0.2777777777777778
2021-12-17T00:00:00.000,12:30,40.642498,-73.92358,0,0,0,0,4064,-7392,0.4077669902912621
2021-12-14T00:00:00.000,13:30,40.707714,-73.919044,0,0,0,0,4070,-7391,0.27450980392156865
2021-12-20T00:00:00.000,7:20,40.765087,-73.83704,1,0,1,1,4076,-7383,0.33695652173913043
2021-12-20T00:00:00.000,10:20,40.717995,-74.0095,0,0,0,0,4071,-7400,0.25517241379310346
2021-12-15T00:00:00.000,8:00,40.892475,-73.8545,2,0,1,1,4089,-7385,0.3813559322033898
2021-12-06T00:00:00.000,5:20,40.769638,-73.918564,0,0,0,0,4076,-7391,0.40476190476190477
2021-12-15T00:00:00.000,19:10,40.69599,-73.73665,2,0,1,1,4069,-7373,0.36585365853658536
2021-12-20T00:00:00.000,11:30,40.66564,-73.77896,0,0,0,0,4066,-7377,0.37362637362637363
2021-12-20T00:00:00.000,5:30,40.81322,-73.897835,0,0,0,0,4081,-7389,0.31543624161073824
2021-12-20T00:00:00.000,7:40,40.595135,-73.75321,2,0,1,1,4059,-7375,0.17777777777777778
2021-12-20T00:00:00.000,18:00,40.673378,-73.75316,0,0,0,0,4067,-7375,0.2608695652173913
2021-12-16T00:00:00.000,10:20,40.58273,-73.97494,0,0,0,0,4058,-7397,0.2727272727272727
2021-12-20T00:00:00.000,7:53,40.89132,-73.86105,0,0,0,0,4089,-7386,0.28205128205128205
2021-12-20T00:00:00.000,17:12,40.80111,-73.96522,0,0,0,0,4080,-7396,0.31343283582089554
2021-12-19T00:00:00.000,11:35,40.7462,-73.71354,0,0,0,0,4074,-7371,0.38095238095238093
2021-12-20T00:00:00.000,9:33,40.625908,-74.15577,1,0,1,1,4062,-7415,0.37037037037037035
2021-12-20T00:00:00.000,13:25,40.673717,-73.97358,0,0,0,0,4067,-7397,0.2818181818181818
2021-12-20T00:00:00.000,6:53,40.64572,-73.95808,1,0,1,1,4064,-7395,0.4796747967479675
2021-12-20T00:00:00.000,18:25,40.803696,-73.93792,1,0,1,1,4080,-7393,0.36312849162011174
2021-12-20T00:00:00.000,15:30,40.673332,-73.8681,1,0,1,1,4067,-7386,0.3431372549019608
2021-12-20T00:00:00.000,9:11,40.63778,-74.01794,0,0,0,0,4063,-7401,0.37777777777777777
2021-12-20T00:00:00.000,18:21,40.678703,-73.781746,2,0,1,1,4067,-7378,0.2
2021-12-17T00:00:00.000,14:00,40.6752,-73.86288,0,0,0,0,4067,-7386,0.3431372549019608
2021-12-20T00:00:00.000,0:01,40.823105,-73.89103,0,0,0,0,4082,-7389,0.37423312883435583
2021-12-20T00:00:00.000,21:56,40.60301,-74.016884,0,0,0,0,4060,-7401,0.30357142857142855
2021-12-20T00:00:00.000,1:00,40.739143,-73.90109,2,0,1,1,4073,-7390,0.42424242424242425
2021-12-14T00:00:00.000,23:00,40.636665,-74.11976,0,0,0,0,4063,-7411,0.20689655172413793
2021-12-20T00:00:00.000,17:15,40.584755,-73.94712,2,0,1,1,4058,-7394,0.40816326530612246
2021-12-20T00:00:00.000,6:05,40.68843,-73.89132,1,0,1,1,4068,-7389,0.5
2021-12-20T00:00:00.000,20:00,40.706684,-73.80936,0,0,0,0,4070,-7380,0.3877551020408163
2021-12-20T00:00:00.000,18:58,40.663754,-73.937164,0,0,0,0,4066,-7393,0.38578680203045684
2022-03-28T00:00:00.000,15:54,40.67357,-73.95294,0,0,0,0,4067,-7395,0.3695652173913043
2021-09-16T00:00:00.000,16:10,40.62751,-73.99635,2,0,1,1,4062,-7399,0.3835616438356164
2021-09-16T00:00:00.000,8:15,40.71718,-73.99548,1,0,1,1,4071,-7399,0.3263157894736842
2021-09-08T00:00:00.000,14:44,40.81447,-73.88677,0,0,0,0,4081,-7388,0.25471698113207547
2021-09-15T00:00:00.000,14:30,40.736668,-73.997345,1,0,1,1,4073,-7399,0.423728813559322
2021-09-20T00:00:00.000,10:00,40.77417,-73.961136,0,0,0,0,4077,-7396,0.3695652173913043
2021-09-20T00:00:00.000,11:51,40.7711,-73.96594,0,0,0,0,4077,-7396,0.3695652173913043
2021-09-13T00:00:00.000,8:13,40.815754,-73.89529,0,0,0,0,4081,-7389,0.31543624161073824
2021-12-08T00:00:00.000,4:00,40.635216,-74.16025,0,0,0,0,4063,-7416,0.3333333333333333
2021-12-09T00:00:00.000,10:05,40.793472,-73.93726,0,0,0,0,4079,-7393,0.36585365853658536
2021-12-09T00:00:00.000,12:32,40.711678,-74.00586,0,0,0,0,4071,-7400,0.25517241379310346
2021-12-08T00:00:00.000,22:40,40.68508,-73.83512,0,0,0,0,4068,-7383,0.45454545454545453
2021-12-08T00:00:00.000,14:00,40.575333,-74.16179,0,0,0,0,4057,-7416,0.36363636363636365
2021-12-10T00:00:00.000,14:15,40.66895,-73.9339,0,0,0,0,4066,-7393,0.38578680203045684
2021-12-10T00:00:00.000,8:45,40.692154,-73.98529,0,0,0,0,4069,-7398,0.3229166666666667
2021-12-10T00:00:00.000,14:40,40.772953,-73.92028,1,0,1,1,4077,-7392,0.3269230769230769
2021-12-03T00:00:00.000,13:32,40.845104,-73.91494,0,0,0,0,4084,-7391,0.32558139534883723
2021-12-09T00:00:00.000,17:00,40.58253,-73.95723,1,0,1,1,4058,-7395,0.3465346534653465
2021-12-08T00:00:00.000,18:01,40.607357,-73.943474,1,0,1,1,4060,-7394,0.5217391304347826
2021-12-08T00:00:00.000,18:20,40.630135,-73.978455,0,0,0,0,4063,-7397,0.36893203883495146
2021-12-09T00:00:00.000,6:20,40.74525,-73.95575,0,0,0,0,4074,-7395,0.35185185185185186
2021-12-08T00:00:00.000,14:54,40.703663,-73.90152,1,0,1,1,4070,-7390,0.37894736842105264
2021-12-10T00:00:00.000,7:45,40.688213,-73.843575,0,0,0,0,4068,-7384,0.3333333333333333
2021-12-20T00:00:00.000,15:00,40.70738,-73.91849,0,0,0,0,4070,-7391,0.27450980392156865
2021-12-20T00:00:00.000,9:36,40.791985,-73.81722,0,0,0,0,4079,-7381,0.2
2021-12-09T00:00:00.000,16:38,40.679787,-73.93844,0,0,0,0,4067,-7393,0.3755868544600939
2021-09-21T00:00:00.000,8:45,40.741493,-73.81477,1,0,1,1,4074,-7381,0.46153846153846156
2021-09-21T00:00:00.000,16:11,40.714985,-73.90044,1,0,1,1,4071,-7390,0.4
2021-09-21T00:00:00.000,17:09,40.804695,-73.92239,0,0,0,0,4080,-7392,0.3141025641025641
2021-09-21T00:00:00.000,8:45,40.72857,-73.85809,1,0,1,1,4072,-7385,0.4418604651162791
2021-09-17T00:00:00.000,12:54,40.76065,-73.89172,0,0,0,0,4076,-7389,0.35185185185185186
2021-09-08T00:00:00.000,14:40,40.665794,-73.7464,0,0,0,0,4066,-7374,0.3698630136986301
2021-09-21T00:00:00.000,17:45,40.590706,-74.165794,0,0,0,0,4059,-7416,0.29411764705882354
2021-09-21T00:00:00.000,2:09,40.68379,-73.80978,0,0,0,0,4068,-7380,0.3829787234042553
2021-09-21T00:00:00.000,17:16,40.7466,-73.76503,0,0,0,0,4074,-7376,0.3333333333333333
2021-09-17T00:00:00.000,18:40,40.75997,-73.98408,0,0,0,0,4075,-7398,0.3170731707317073
2021-09-21T00:00:00.000,0:00,40.871414,-73.89927,0,0,0,0,4087,-7389,0.3333333333333333
2021-09-21T00:00:00.000,17:30,40.54605,-74.16408,0,0,0,0,4054,-7416,0.42857142857142855
2021-09-20T00:00:00.000,8:15,40.817795,-73.89319,0,0,0,0,4081,-7389,0.31543624161073824
2021-09-19T00:00:00.000,11:40,40.770737,-73.90309,0,0,0,0,4077,-7390,0.3404255319148936
2021-09-17T00:00:00.000,22:15,40.755203,-73.74191,0,0,0,0,4075,-7374,0.3333333333333333
2021-09-21T00:00:00.000,4:00,40.752968,-73.83689,2,0,1,1,4075,-7383,0.37681159420289856
2021-09-21T00:00:00.000,15:11,40.66278,-73.88086,0,0,0,0,4066,-7388,0.37012987012987014
2021-09-11T00:00:00.000,14:21,40.6078,-73.81932,1,0,1,1,4060,-7381,0.5714285714285714
2021-09-20T00:00:00.000,0:00,40.88643,-73.895805,3,0,1,1,4088,-7389,0.4626865671641791
2021-09-21T00:00:00.000,16:00,40.74686,-73.90968,0,0,0,0,4074,-7390,0.40625
2021-09-21T00:00:00.000,9:00,40.51245,-74.25015,0,0,0,0,4051,-7425,0.0
2021-09-21T00:00:00.000,16:48,40.755745,-73.76616,1,0,1,1,4075,-7376,0.4
2021-09-21T00:00:00.000,15:36,40.850822,-73.90147,1,0,1,1,4085,-7390,0.42207792207792205
2021-09-21T00:00:00.000,15:40,40.697903,-73.9468,1,0,1,1,4069,-7394,0.417910447761194
2021-09-21T00:00:00.000,9:30,40.809593,-73.895065,0,0,0,0,4080,-7389,0.5
2021-09-21T00:00:00.000,13:27,40.881504,-73.879364,0,0,0,0,4088,-7387,0.14583333333333334
2021-09-21T00:00:00.000,16:55,40.877636,-73.8478,0,0,0,0,4087,-7384,0.47297297297297297
2021-09-21T00:00:00.000,8:00,40.696453,-73.81211,0,0,0,0,4069,-7381,0.3902439024390244
2021-09-21T00:00:00.000,9:05,40.799076,-73.93318,0,0,0,0,4079,-7393,0.36585365853658536
2021-09-21T00:00:00.000,17:10,40.73951,-73.98475,1,0,1,1,4073,-7398,0.36942675159235666
2021-07-29T00:00:00.000,22:30,40.704594,-73.90826,1,0,1,1,4070,-7390,0.37894736842105264
2021-09-13T00:00:00.000,14:15,40.66895,-73.9339,1,0,1,1,4066,-7393,0.38578680203045684
2021-09-21T00:00:00.000,13:00,40.683804,-73.833534,4,0,1,1,4068,-7383,0.45454545454545453
2021-09-21T00:00:00.000,0:00,40.701763,-73.80793,0,0,0,0,4070,-7380,0.3877551020408163
2021-09-18T00:00:00.000,13:30,40.73803,-73.7949,0,0,0,0,4073,-7379,0.4
2021-09-21T00:00:00.000,6:09,40.844883,-73.907295,0,0,0,0,4084,-7390,0.366120218579235
2021-09-21T00:00:00.000,2:00,40.749844,-73.883385,2,0,1,1,4074,-7388,0.2978723404255319
2021-09-21T00:00:00.000,9:00,40.871834,-73.86716,0,0,0,0,4087,-7386,0.3142857142857143
2021-09-21T00:00:00.000,15:57,40.714077,-73.953804,0,0,0,0,4071,-7395,0.36585365853658536
2021-09-21T00:00:00.000,16:25,40.590633,-73.788765,0,0,0,0,4059,-7378,0.14705882352941177
2021-09-21T00:00:00.000,19:29,40.724136,-73.992615,0,0,0,0,4072,-7399,0.3829787234042553
2021-09-17T00:00:00.000,0:00,40.844578,-73.902695,0,0,0,0,4084,-7390,0.366120218579235
2021-09-21T00:00:00.000,20:00,0.0,0.0,0,0,0,0,0,0,0.40425531914893614
2021-09-21T00:00:00.000,11:40,40.66772,-73.93678,0,0,0,0,4066,-7393,0.38578680203045684
2021-09-21T00:00:00.000,5:25,40.645336,-74.02287,0,0,0,0,4064,-7402,0.41379310344827586
2021-09-21T00:00:00.000,16:30,40.71333,-73.73679,0,0,0,0,4071,-7373,0.25
2021-09-21T00:00:00.000,17:00,40.591953,-73.95752,1,0,1,1,4059,-7395,0.3181818181818182
2021-09-14T00:00:00.000,19:00,40.688465,-73.963524,0,0,0,0,4068,-7396,0.42567567567567566
2021-08-19T00:00:00.000,19:13,40.678455,-73.949684,0,0,0,0,4067,-7394,0.34074074074074073
2021-09-21T00:00:00.000,9:30,40.809593,-73.895065,0,0,0,0,4080,-7389,0.5
2021-09-20T00:00:00.000,19:45,40.841877,-73.8888,2,0,1,1,4084,-7388,0.390625
2021-09-19T00:00:00.000,1:15,40.665745,-73.89816,0,0,0,0,4066,-7389,0.3103448275862069
2021-09-21T00:00:00.000,19:26,40.6313,-74.01034,0,0,0,0,4063,-7401,0.37777777777777777
2021-09-20T00:00:00.000,16:00,40.68984,-73.97863,1,0,1,1,4068,-7397,0.3412322274881517
2021-09-21T00:00:00.000,12:59,40.692924,-73.9668,0,0,0,0,4069,-7396,0.325
2021-09-16T00:00:00.000,11:59,40.771984,-73.91891,0,0,0,0,4077,-7391,0.3157894736842105
2021-09-21T00:00:00.000,9:00,40.678253,-74.00273,0,0,0,0,4067,-7400,0.20967741935483872
2021-09-21T00:00:00.000,18:35,40.815872,-73.89667,0,0,0,0,4081,-7389,0.31543624161073824
2021-09-21T00:00:00.000,15:07,40.7118,-73.94224,1,0,1,1,4071,-7394,0.3710691823899371
2021-09-21T00:00:00.000,19:50,40.61679,-73.92373,0,0,0,0,4061,-7392,0.2982456140350877
2021-07-19T00:00:00.000,19:25,40.680233,-73.96423,1,0,1,1,4068,-7396,0.42567567567567566
2021-09-21T00:00:00.000,19:43,40.74618,-73.85293,0,0,0,0,4074,-7385,0.35526315789473684
2021-09-21T00:00:00.000,11:54,40.680252,-73.9308,0,0,0,0,4068,-7393,0.3619047619047619
2021-09-21T00:00:00.000,16:40,40.76496,-73.90532,1,0,1,1,4076,-7390,0.3055555555555556
2021-09-02T00:00:00.000,16:50,40.73986,-73.79012,1,0,1,1,4073,-7379,0.4
2021-09-21T00:00:00.000,7:36,40.675053,-73.87436,1,0,1,1,4067,-7387,0.30344827586206896
2021-09-21T00:00:00.000,13:07,40.707676,-73.92386,1,0,1,1,4070,-7392,0.24305555555555555
2021-09-21T00:00:00.000,19:53,40.61467,-73.92809,1,0,1,1,4061,-7392,0.2982456140350877
2021-09-19T00:00:00.000,23:00,40.763542,-73.9852,0,0,0,0,4076,-7398,0.3081761006289308
2021-09-21T00:00:00.000,20:45,40.841152,-73.942696,0,0,0,0,4084,-7394,0.17543859649122806
2021-08-18T00:00:00.000,12:55,40.688164,-73.93312,0,0,0,0,4068,-7393,0.3619047619047619
2021-09-21T00:00:00.000,11:50,40.763588,-73.83603,0,0,0,0,4076,-7383,0.33695652173913043
2021-09-21T00:00:00.000,16:15,40.72284,-73.99144,0,0,0,0,4072,-7399,0.3829787234042553
2021-09-21T00:00:00.000,10:20,40.735584,-73.98486,0,0,0,0,4073,-7398,0.36942675159235666
2021-09-21T00:00:00.000,9:50,40.696396,-73.91412,0,0,0,0,4069,-7391,0.2709677419354839
2021-09-21T00:00:00.000,23:50,40.74457,-73.731575,0,0,0,0,4074,-7373,0.4
2021-09-21T00:00:00.000,12:11,40.73938,-74.00995,1,0,1,1,4073,-7400,0.2403846153846154
2021-09-21T00:00:00.000,10:41,40.598713,-74.06907,0,0,0,0,4059,-7406,0.29411764705882354
2021-09-19T00:00:00.000,3:36,40.68085,-73.97112,0,0,0,0,4068,-7397,0.3412322274881517
2021-09-21T00:00:00.000,1:09,40.680054,-73.82886,0,0,0,0,4068,-7382,0.41975308641975306
2021-09-21T00:00:00.000,10:00,40.649868,-73.93409,0,0,0,0,4064,-7393,0.3333333333333333
2021-09-21T00:00:00.000,13:15,40.693512,-73.93116,0,0,0,0,4069,-7393,0.3141025641025641
2021-09-21T00:00:00.000,10:15,40.738197,-73.93774,0,0,0,0,4073,-7393,0.38461538461538464
2021-09-21T00:00:00.000,7:37,40.74917,-73.86925,1,0,1,1,4074,-7386,0.3813559322033898
2021-09-16T00:00:00.000,15:53,40.683548,-73.92619,0,0,0,0,4068,-7392,0.2542372881355932
2021-07-23T00:00:00.000,12:30,40.683277,-73.93063,0,0,0,0,4068,-7393,0.3619047619047619
2021-09-15T00:00:00.000,13:20,40.73448,-74.001396,0,0,0,0,4073,-7400,0.2403846153846154
2021-09-21T00:00:00.000,7:45,40.834114,-73.86327,0,0,0,0,4083,-7386,0.24822695035460993
2021-09-19T00:00:00.000,12:20,40.614872,-73.82165,1,0,1,1,4061,-7382,0.8
2021-09-21T00:00:00.000,19:00,40.75628,-73.7211,0,0,0,0,4075,-7372,0.2857142857142857
2021-09-21T00:00:00.000,1:30,40.849964,-73.91416,1,0,1,1,4084,-7391,0.32558139534883723
2021-09-20T00:00:00.000,12:30,40.71437,-73.946075,0,0,0,0,4071,-7394,0.3710691823899371
2021-09-21T00:00:00.000,13:00,40.608215,-73.99809,0,0,0,0,4060,-7399,0.31683168316831684
2021-09-21T00:00:00.000,14:05,40.68247,-73.968765,0,0,0,0,4068,-7396,0.42567567567567566
2021-09-21T00:00:00.000,7:00,40.653522,-73.918846,0,0,0,0,4065,-7391,0.425
2021-09-21T00:00:00.000,14:45,40.817387,-73.92277,0,0,0,0,4081,-7392,0.4714285714285714
2021-09-20T00:00:00.000,23:25,40.64891,-73.89256,0,0,0,0,4064,-7389,0.43478260869565216
2021-09-11T00:00:00.000,13:45,40.705147,-73.90213,1,0,1,1,4070,-7390,0.37894736842105264
2021-09-17T00:00:00.000,8:49,40.622166,-74.141624,1,0,1,1,4062,-7414,0.20408163265306123
2021-09-18T00:00:00.000,11:17,40.772964,-73.95827,1,0,1,1,4077,-7395,0.3384615384615385
2021-09-21T00:00:00.000,9:10,40.697193,-73.72752,1,0,1,1,4069,-7372,0.40425531914893614
2021-09-21T00:00:00.000,13:45,40.662544,-73.9351,0,0,0,0,4066,-7393,0.38578680203045684
2021-09-21T00:00:00.000,19:45,40.71152,-73.7908,1,0,1,1,4071,-7379,0.3888888888888889
2021-06-17T00:00:00.000,14:05,40.677563,-73.93309,0,0,0,0,4067,-7393,0.3755868544600939
2021-09-21T00:00:00.000,14:55,40.74584,-73.82342,0,0,0,0,4074,-7382,0.4057971014492754
2021-09-21T00:00:00.000,17:35,40.69632,-73.960625,1,0,1,1,4069,-7396,0.325
2021-09-21T00:00:00.000,5:30,40.76771,-73.93247,0,0,0,0,4076,-7393,0.44680851063829785
2021-09-21T00:00:00.000,14:48,40.831825,-73.85665,0,0,0,0,4083,-7385,0.30158730158730157
2021-09-21T00:00:00.000,13:08,0.0,0.0,1,0,1,1,0,0,0.40425531914893614
2021-09-21T00:00:00.000,13:30,40.599697,-73.948524,1,0,1,1,4059,-7394,0.275
2021-09-21T00:00:00.000,18:00,40.901352,-73.89785,0,0,0,0,4090,-7389,0.2727272727272727
2021-09-18T00:00:00.000,12:38,40.70058,-73.80775,0,0,0,0,4070,-7380,0.3877551020408163
2021-09-21T00:00:00.000,20:54,40.678116,-73.92172,1,0,1,1,4067,-7392,0.39655172413793105
2021-09-15T00:00:00.000,20:00,40.849392,-73.82972,0,0,0,0,4084,-7382,0.4
2021-09-21T00:00:00.000,17:33,40.8561,-73.86763,0,0,0,0,4085,-7386,0.33766233766233766
2021-09-21T00:00:00.000,17:00,40.66929,-73.842445,0,0,0,0,4066,-7384,0.5925925925925926
2021-07-14T00:00:00.000,9:50,40.67533,-73.93609,1,0,1,1,4067,-7393,0.3755868544600939
2021-08-12T00:00:00.000,19:05,40.677574,-73.95548,0,0,0,0,4067,-7395,0.3695652173913043
2021-09-18T00:00:00.000,13:30,40.592815,-73.90808,0,0,0,0,4059,-7390,0.23404255319148937
2021-09-21T00:00:00.000,16:00,40.5974,-74.083275,0,0,0,0,4059,-7408,0.36363636363636365
2021-09-14T00:00:00.000,15:00,40.66708,-73.73319,0,0,0,0,4066,-7373,0.44339622641509435
2021-09-21T00:00:00.000,18:05,40.77074,-73.99455,0,0,0,0,4077,-7399,0.4166666666666667
2021-09-21T00:00:00.000,6:16,40.89845,-73.85431,1,0,1,1,4089,-7385,0.3813559322033898
2021-09-21T00:00:00.000,9:50,40.690125,-73.960266,2,0,1,1,4069,-7396,0.325
2021-09-21T00:00:00.000,16:40,40.781315,-73.94614,1,0,1,1,4078,-7394,0.33513513513513515
2021-12-20T00:00:00.000,15:05,40.679344,-73.859535,2,0,1,1,4067,-7385,0.26666666666666666
2021-09-21T00:00:00.000,16:24,40.888313,-73.91312,1,0,1,1,4088,-7391,0.23076923076923078
2021-09-21T00:00:00.000,9:30,40.729813,-73.874664,0,0,0,0,4072,-7387,0.5714285714285714
2021-09-21T00:00:00.000,6:10,40.811714,-73.92671,1,0,1,1,4081,-7392,0.4714285714285714
2021-05-02T00:00:00.000,18:30,40.66955,-73.94497,0,0,0,0,4066,-7394,0.36792452830188677
2021-09-21T00:00:00.000,22:12,40.597614,-74.074905,0,0,0,0,4059,-7407,0.23076923076923078
2021-09-21T00:00:00.000,16:00,40.577744,-73.95607,0,0,0,0,4057,-7395,0.47368421052631576
2021-09-20T00:00:00.000,15:15,40.5591,-74.20101,0,0,0,0,4055,-7420,0.2
2021-09-21T00:00:00.000,22:33,40.76241,-73.95443,2,0,1,1,4076,-7395,0.3696969696969697
2021-09-21T00:00:00.000,16:38,40.710697,-73.984634,0,0,0,0,4071,-7398,0.39568345323741005
2021-09-21T00:00:00.000,21:00,40.600025,-73.75741,2,0,1,1,4060,-7375,0.17117117117117117
2021-09-21T00:00:00.000,6:21,40.676003,-73.84351,0,0,0,0,4067,-7384,0.28888888888888886
2021-09-21T00:00:00.000,16:45,40.861923,-73.89357,0,0,0,0,4086,-7389,0.40606060606060607
2021-09-21T00:00:00.000,17:20,40.666008,-73.789536,1,0,1,1,4066,-7378,0.34615384615384615
2021-09-21T00:00:00.000,14:00,40.697872,-73.802376,0,0,0,0,4069,-7380,0.38461538461538464
2021-09-21T00:00:00.000,16:00,40.73507,-74.001976,0,0,0,0,4073,-7400,0.2403846153846154
2021-09-21T00:00:00.000,20:40,40.771633,-73.82468,0,0,0,0,4077,-7382,0.4444444444444444
2021-09-21T00:00:00.000,17:00,40.684277,-73.775024,0,0,0,0,4068,-7377,0.3673469387755102
2021-04-02T00:00:00.000,13:34,40.701458,-73.812515,3,0,1,1,4070,-7381,0.3194444444444444
2021-04-29T00:00:00.000,10:54,40.66551,-73.992775,1,0,1,1,4066,-7399,0.40540540540540543
2021-05-08T00:00:00.000,19:10,40.675735,-73.89686,0,0,0,0,4067,-7389,0.33852140077821014
2021-05-08T00:00:00.000,13:40,40.650764,-73.88481,1,0,1,1,4065,-7388,0.41509433962264153
2021-05-08T00:00:00.000,15:02,40.719517,-73.994385,0,0,0,0,4071,-7399,0.3263157894736842
2021-05-07T00:00:00.000,15:15,40.823887,-73.95232,1,0,1,1,4082,-7395,0.4117647058823529
2021-05-08T00:00:00.000,16:42,40.677155,-73.86887,0,0,0,0,4067,-7386,0.3431372549019608
2021-05-08T00:00:00.000,21:30,40.67559,-73.886406,0,0,0,0,4067,-7388,0.30434782608695654
2021-05-08T00:00:00.000,15:15,40.67816,-73.897484,0,0,0,0,4067,-7389,0.33852140077821014
2021-09-21T00:00:00.000,9:15,40.71739,-73.99573,0,0,0,0,4071,-7399,0.3263157894736842
2021-09-21T00:00:00.000,17:13,40.849354,-73.863075,0,0,0,0,4084,-7386,0.375
2021-09-19T00:00:00.000,10:12,40.794735,-73.93455,0,0,0,0,4079,-7393,0.36585365853658536
2021-09-19T00:00:00.000,10:54,40.66298,-73.92997,0,0,0,0,4066,-7392,0.355
2021-09-21T00:00:00.000,13:45,40.616707,-73.97846,0,0,0,0,4061,-7397,0.421875
2021-09-21T00:00:00.000,23:00,40.78739,-73.938225,1,0,1,1,4078,-7393,0.4444444444444444
2021-05-08T00:00:00.000,9:17,40.739727,-73.98924,2,0,1,1,4073,-7398,0.36942675159235666
2021-05-08T00:00:00.000,22:22,40.804585,-73.91906,0,0,0,0,4080,-7391,0.38961038961038963
2021-05-08T00:00:00.000,11:00,40.787003,-73.97552,0,0,0,0,4078,-7397,0.3434343434343434
2021-05-08T00:00:00.000,7:00,40.676403,-73.87218,0,0,0,0,4067,-7387,0.30344827586206896
2021-05-05T00:00:00.000,5:18,40.676548,-73.96354,0,0,0,0,4067,-7396,0.3466666666666667
2021-05-07T00:00:00.000,10:40,40.84301,-73.83877,0,0,0,0,4084,-7383,0.4318181818181818
2021-05-08T00:00:00.000,1:00,40.836502,-73.825165,0,0,0,0,4083,-7382,0.44680851063829785
2021-05-05T00:00:00.000,15:19,40.831875,-73.86636,0,0,0,0,4083,-7386,0.24822695035460993
2021-05-08T00:00:00.000,16:00,40.590393,-74.16611,0,0,0,0,4059,-7416,0.29411764705882354
2021-05-07T00:00:00.000,17:17,40.722927,-74.00218,0,0,0,0,4072,-7400,0.32926829268292684
2021-05-06T00:00:00.000,5:50,40.67802,-73.89744,1,0,1,1,4067,-7389,0.33852140077821014
2021-05-08T00:00:00.000,0:29,40.822105,-73.90062,1,0,1,1,4082,-7390,0.3025210084033613
2021-05-08T00:00:00.000,11:18,40.839935,-73.900925,0,0,0,0,4083,-7390,0.3064516129032258
2021-05-05T00:00:00.000,15:50,40.8746,-73.9097,1,0,1,1,4087,-7390,0.3184713375796178
2021-09-19T00:00:00.000,14:50,40.68237,-73.931946,2,0,1,1,4068,-7393,0.3619047619047619
2021-05-08T00:00:00.000,1:20,40.52128,-74.23946,0,0,0,0,4052,-7423,0.3333333333333333
2021-05-08T00:00:00.000,9:28,40.848255,-73.90976,0,0,0,0,4084,-7390,0.366120218579235
2021-05-08T00:00:00.000,17:30,40.66968,-73.91075,0,0,0,0,4066,-7391,0.3630952380952381
2021-05-08T00:00:00.000,3:42,40.72738,-73.94575,0,0,0,0,4072,-7394,0.19801980198019803
2021-05-08T00:00:00.000,12:15,40.55959,-74.16958,0,0,0,0,4055,-7416,0.5416666666666666
2021-05-07T00:00:00.000,6:45,40.837585,-73.866394,0,0,0,0,4083,-7386,0.24822695035460993
2021-05-03T00:00:00.000,15:09,40.82215,-73.86218,1,0,1,1,4082,-7386,0.3493975903614458
2021-05-08T00:00:00.000,19:45,40.62181,-74.02878,1,0,1,1,4062,-7402,0.3625
2021-05-08T00:00:00.000,16:00,40.743477,-73.73286,1,0,1,1,4074,-7373,0.4
2021-05-08T00:00:00.000,6:30,40.675117,-74.00962,0,0,0,0,4067,-7400,0.20967741935483872
2021-05-06T00:00:00.000,8:50,40.665596,-73.87431,0,0,0,0,4066,-7387,0.38461538461538464
2021-04-03T00:00:00.000,18:40,40.818226,-73.916794,1,0,1,1,4081,-7391,0.47244094488188976
2021-08-14T00:00:00.000,14:45,40.68383,-73.932236,0,0,0,0,4068,-7393,0.3619047619047619
2021-05-08T00:00:00.000,23:40,40.679863,-73.878,0,0,0,0,4067,-7387,0.30344827586206896
2021-05-08T00:00:00.000,2:00,40.641598,-73.902504,0,0,0,0,4064,-7390,0.4017094017094017
2021-05-08T00:00:00.000,18:20,40.689964,-73.796776,0,0,0,0,4068,-7379,0.35
2021-05-08T00:00:00.000,15:45,40.700512,-73.796776,0,0,0,0,4070,-7379,0.3978494623655914
2021-05-08T00:00:00.000,5:00,40.667366,-73.92274,0,0,0,0,4066,-7392,0.355
2021-05-08T00:00:00.000,9:40,40.739674,-73.934586,1,0,1,1,4073,-7393,0.38461538461538464
2021-05-08T00:00:00.000,7:00,40.832817,-73.86559,0,0,0,0,4083,-7386,0.24822695035460993
2021-05-08T00:00:00.000,17:00,40.844685,-73.9408,0,0,0,0,4084,-7394,0.17543859649122806
2021-05-08T00:00:00.000,1:12,40.76734,-73.96868,0,0,0,0,4076,-7396,0.3023255813953488
2021-05-08T00:00:00.000,23:00,40.76276,-73.88953,0,0,0,0,4076,-7388,0.43283582089552236
2021-05-08T00:00:00.000,12:14,40.828407,-73.84392,0,0,0,0,4082,-7384,0.3835616438356164
2021-05-08T00:00:00.000,5:35,40.790154,-73.93675,1,0,1,1,4079,-7393,0.36585365853658536
2021-05-08T00:00:00.000,18:30,40.717926,-73.98568,0,0,0,0,4071,-7398,0.39568345323741005
2021-05-08T00:00:00.000,18:40,40.86174,-73.846375,1,0,1,1,4086,-7384,0.17857142857142858
2021-04-30T00:00:00.000,17:20,40.658295,-73.93109,0,0,0,0,4065,-7393,0.44366197183098594
2021-05-06T00:00:00.000,23:30,40.674255,-73.89749,0,0,0,0,4067,-7389,0.33852140077821014
2021-05-08T00:00:00.000,11:37,40.576504,-74.1037,0,0,0,0,4057,-7410,0.3877551020408163
2021-05-06T00:00:00.000,0:00,40.672474,-73.88308,0,0,0,0,4067,-7388,0.30434782608695654
2021-05-08T00:00:00.000,16:41,40.683342,-74.001976,0,0,0,0,4068,-7400,0.3333333333333333
2021-05-08T00:00:00.000,20:40,40.637245,-74.12752,1,0,1,1,4063,-7412,0.36363636363636365
2021-05-07T00:00:00.000,17:30,40.689583,-73.87158,2,0,1,1,4068,-7387,0.24719101123595505
2021-05-08T00:00:00.000,23:14,40.63007,-73.982414,1,0,1,1,4063,-7398,0.4827586206896552
2021-05-08T00:00:00.000,15:57,40.65836,-73.930084,1,0,1,1,4065,-7393,0.44366197183098594
2021-05-08T00:00:00.000,16:20,40.82733,-73.8498,0,0,0,0,4082,-7384,0.3835616438356164
2021-05-07T00:00:00.000,17:22,40.726173,-74.01099,0,0,0,0,4072,-7401,0.4
2021-05-08T00:00:00.000,11:30,40.69615,-73.82668,0,0,0,0,4069,-7382,0.37209302325581395
2021-05-07T00:00:00.000,19:30,40.825966,-73.862175,2,0,1,1,4082,-7386,0.3493975903614458
2021-05-05T00:00:00.000,16:30,40.68057,-73.892334,1,0,1,1,4068,-7389,0.5
2021-05-08T00:00:00.000,16:03,40.79988,-73.93861,0,0,0,0,4079,-7393,0.36585365853658536
2021-04-06T00:00:00.000,11:55,40.68383,-73.932236,1,0,1,1,4068,-7393,0.3619047619047619
2021-05-08T00:00:00.000,16:12,40.726444,-73.76579,0,0,0,0,4072,-7376,0.5
2021-05-05T00:00:00.000,13:55,40.72886,-73.884094,0,0,0,0,4072,-7388,0.4
2021-05-08T00:00:00.000,17:10,40.8353,-73.90792,0,0,0,0,4083,-7390,0.3064516129032258
2021-05-08T00:00:00.000,17:00,40.6568,-73.85758,1,0,1,1,4065,-7385,0.4
2021-05-05T00:00:00.000,10:38,40.7709,-73.955315,0,0,0,0,4077,-7395,0.3384615384615385
2021-05-08T00:00:00.000,11:07,40.840286,-73.92147,1,0,1,1,4084,-7392,0.3181818181818182
2021-05-06T00:00:00.000,13:32,40.757286,-73.97812,2,0,1,1,4075,-7397,0.375886524822695
2021-04-30T00:00:00.000,0:25,40.607414,-74.0626,0,0,0,0,4060,-7406,0.3076923076923077
2021-05-08T00:00:00.000,13:15,40.81721,-73.916,1,0,1,1,4081,-7391,0.47244094488188976
2021-05-08T00:00:00.000,16:30,40.667114,-73.834656,0,0,0,0,4066,-7383,0.5
2021-05-08T00:00:00.000,17:50,40.858814,-73.90365,0,0,0,0,4085,-7390,0.42207792207792205
2021-05-08T00:00:00.000,0:01,40.79944,-73.975006,1,0,1,1,4079,-7397,0.24210526315789474
2021-05-06T00:00:00.000,0:00,40.67766,-73.968864,0,0,0,0,4067,-7396,0.3466666666666667
2021-05-08T00:00:00.000,4:00,40.666386,-73.785,0,0,0,0,4066,-7378,0.34615384615384615
2021-05-03T00:00:00.000,11:00,40.607323,-73.97271,0,0,0,0,4060,-7397,0.3469387755102041
2021-05-06T00:00:00.000,17:05,40.658367,-73.893715,0,0,0,0,4065,-7389,0.34965034965034963
2021-05-08T00:00:00.000,3:10,40.61701,-73.969124,0,0,0,0,4061,-7396,0.30666666666666664
2021-05-05T00:00:00.000,16:00,40.840824,-73.94597,0,0,0,0,4084,-7394,0.17543859649122806
2021-05-05T00:00:00.000,16:30,40.679535,-73.87914,1,0,1,1,4067,-7387,0.30344827586206896
2021-05-08T00:00:00.000,17:35,40.69797,-73.753784,0,0,0,0,4069,-7375,0.3584905660377358
2021-05-04T00:00:00.000,10:45,40.71491,-73.83194,0,0,0,0,4071,-7383,0.37349397590361444
2021-05-08T00:00:00.000,6:00,40.603344,-73.93684,0,0,0,0,4060,-7393,0.4117647058823529
2021-05-01T00:00:00.000,18:30,40.71871,-73.763176,0,0,0,0,4071,-7376,0.37142857142857144
2021-05-08T00:00:00.000,10:30,40.8566,-73.82646,0,0,0,0,4085,-7382,0.45714285714285713
2021-05-08T00:00:00.000,18:20,40.59113,-74.16521,0,0,0,0,4059,-7416,0.29411764705882354
2021-05-08T00:00:00.000,14:40,40.692146,-73.919464,0,0,0,0,4069,-7391,0.2709677419354839
2021-05-08T00:00:00.000,1:15,40.691628,-73.811874,0,0,0,0,4069,-7381,0.3902439024390244
2021-05-07T00:00:00.000,8:45,40.51577,-74.24355,1,0,1,1,4051,-7424,0.21428571428571427
2021-05-08T00:00:00.000,14:30,40.762966,-73.973976,1,0,1,1,4076,-7397,0.37
2021-05-08T00:00:00.000,8:30,40.74895,-73.854485,0,0,0,0,4074,-7385,0.35526315789473684
2021-05-06T00:00:00.000,9:42,40.64254,-73.87652,0,0,0,0,4064,-7387,0.4918032786885246
2021-05-08T00:00:00.000,16:30,40.67546,-73.73385,1,0,1,1,4067,-7373,0.46835443037974683
2021-05-08T00:00:00.000,13:19,40.59534,-73.80139,0,0,0,0,4059,-7380,0.5
2021-05-08T00:00:00.000,19:00,40.71493,-73.93874,0,0,0,0,4071,-7393,0.2711864406779661
2021-05-07T00:00:00.000,17:39,40.666306,-73.79171,0,0,0,0,4066,-7379,0.3870967741935484
2021-05-08T00:00:00.000,4:00,40.90348,-73.85035,0,0,0,0,4090,-7385,0.42105263157894735
2021-05-08T00:00:00.000,14:30,40.826275,-73.85971,0,0,0,0,4082,-7385,0.27
2021-05-08T00:00:00.000,8:25,40.638306,-73.8947,0,0,0,0,4063,-7389,0.41818181818181815
2021-05-08T00:00:00.000,20:50,40.75967,-73.92725,2,0,1,1,4075,-7392,0.48148148148148145
2021-05-08T00:00:00.000,12:50,40.696205,-73.85155,0,0,0,0,4069,-7385,0.34
2021-05-08T00:00:00.000,16:20,40.780437,-73.79402,0,0,0,0,4078,-7379,0.42105263157894735
2021-05-08T00:00:00.000,9:00,40.855034,-73.85625,0,0,0,0,4085,-7385,0.3125
2021-05-07T00:00:00.000,20:30,40.66725,-73.99455,0,0,0,0,4066,-7399,0.40540540540540543
2021-05-07T00:00:00.000,6:00,40.691372,-73.80989,0,0,0,0,4069,-7380,0.38461538461538464
2021-05-08T00:00:00.000,2:28,40.649986,-73.93215,1,0,1,1,4064,-7393,0.3333333333333333
2021-05-07T00:00:00.000,16:03,40.65408,-73.89162,0,0,0,0,4065,-7389,0.34965034965034963
2021-05-06T00:00:00.000,11:00,40.68035,-73.88806,0,0,0,0,4068,-7388,0.36538461538461536
2021-05-08T00:00:00.000,21:40,40.66059,-73.931335,0,0,0,0,4066,-7393,0.38578680203045684
2021-05-06T00:00:00.000,9:00,40.66725,-73.88799,0,0,0,0,4066,-7388,0.37012987012987014
2021-05-08T00:00:00.000,19:25,40.663544,-73.86949,0,0,0,0,4066,-7386,0.35
2021-05-08T00:00:00.000,23:40,40.75004,-73.88153,0,0,0,0,4075,-7388,0.3402061855670103
2021-05-08T00:00:00.000,3:55,40.64286,-73.91519,0,0,0,0,4064,-7391,0.39805825242718446
2021-05-07T00:00:00.000,16:55,40.80143,-73.93646,0,0,0,0,4080,-7393,0.36312849162011174
2021-05-08T00:00:00.000,7:00,40.619392,-73.94746,2,0,1,1,4061,-7394,0.48484848484848486
2021-05-05T00:00:00.000,9:18,40.67993,-73.90126,3,0,1,1,4067,-7390,0.3282442748091603
2021-05-08T00:00:00.000,15:15,40.820435,-73.93624,1,0,1,1,4082,-7393,0.36645962732919257
2021-05-08T00:00:00.000,20:00,40.69365,-73.98333,1,0,1,1,4069,-7398,0.3229166666666667
2021-05-07T00:00:00.000,7:20,40.651974,-73.86542,0,0,0,0,4065,-7386,0.36619718309859156
2021-05-07T00:00:00.000,20:30,40.701237,-73.79465,3,0,1,1,4070,-7379,0.3978494623655914
2021-05-08T00:00:00.000,14:50,40.585037,-73.95645,0,0,0,0,4058,-7395,0.3465346534653465
2021-03-22T00:00:00.000,10:00,40.626034,-73.98327,1,0,1,1,4062,-7398,0.38
2021-05-08T00:00:00.000,21:20,40.86032,-73.90944,0,0,0,0,4086,-7390,0.42748091603053434
2021-05-08T00:00:00.000,18:00,40.822903,-73.85754,0,0,0,0,4082,-7385,0.27
2021-05-08T00:00:00.000,14:30,40.66742,-73.897644,0,0,0,0,4066,-7389,0.3103448275862069
2021-05-08T00:00:00.000,18:00,40.648922,-73.94938,0,0,0,0,4064,-7394,0.42342342342342343
2021-09-21T00:00:00.000,11:10,40.634407,-74.11883,0,0,0,0,4063,-7411,0.20689655172413793
2021-05-08T00:00:00.000,13:30,40.763958,-73.82814,1,0,1,1,4076,-7382,0.2987012987012987
2021-05-08T00:00:00.000,18:15,40.741863,-73.90751,0,0,0,0,4074,-7390,0.40625
2021-05-08T00:00:00.000,0:27,40.807304,-73.92859,0,0,0,0,4080,-7392,0.3141025641025641
2021-05-08T00:00:00.000,20:45,40.70812,-73.999435,0,0,0,0,4070,-7399,0.21052631578947367
2021-05-08T00:00:00.000,20:45,40.83241,-73.89072,1,0,1,1,4083,-7389,0.3333333333333333
2021-05-07T00:00:00.000,19:32,40.642548,-74.016655,1,0,1,1,4064,-7401,0.4295774647887324
2021-05-07T00:00:00.000,0:40,40.676094,-73.94992,0,0,0,0,4067,-7394,0.34074074074074073
2021-05-08T00:00:00.000,5:17,40.75291,-73.90608,0,0,0,0,4075,-7390,0.37254901960784315
2021-05-02T00:00:00.000,9:50,40.671555,-73.94898,0,0,0,0,4067,-7394,0.34074074074074073
2021-05-08T00:00:00.000,16:57,40.851936,-73.91078,0,0,0,0,4085,-7391,0.373134328358209
2021-05-06T00:00:00.000,16:03,40.675735,-73.89686,0,0,0,0,4067,-7389,0.33852140077821014
2021-09-21T00:00:00.000,10:40,40.641205,-73.877205,0,0,0,0,4064,-7387,0.4918032786885246
2021-05-08T00:00:00.000,22:08,40.75858,-73.82562,1,0,1,1,4075,-7382,0.4915254237288136
2021-05-08T00:00:00.000,12:00,40.823086,-73.89143,0,0,0,0,4082,-7389,0.37423312883435583
2021-05-08T00:00:00.000,0:01,40.697582,-73.94965,0,0,0,0,4069,-7394,0.417910447761194
2021-05-08T00:00:00.000,16:30,40.71741,-73.984,0,0,0,0,4071,-7398,0.39568345323741005
2021-04-16T00:00:00.000,7:45,40.733597,-73.91062,0,0,0,0,4073,-7391,0.33962264150943394
2021-05-04T00:00:00.000,10:15,40.784042,-73.9565,0,0,0,0,4078,-7395,0.42168674698795183
2021-05-08T00:00:00.000,15:30,40.58036,-73.96761,0,0,0,0,4058,-7396,0.37333333333333335
2021-05-07T00:00:00.000,19:30,40.835873,-73.8699,1,0,1,1,4083,-7386,0.24822695035460993
2021-05-07T00:00:00.000,14:54,40.701588,-73.74865,0,0,0,0,4070,-7374,0.3333333333333333
2021-05-08T00:00:00.000,11:45,40.66534,-73.743935,3,0,1,1,4066,-7374,0.3698630136986301
2021-05-08T00:00:00.000,23:40,40.5842,-74.09472,3,0,1,1,4058,-7409,0.15625
2021-05-07T00:00:00.000,9:52,40.830902,-73.84765,0,0,0,0,4083,-7384,0.22727272727272727
2021-05-07T00:00:00.000,17:50,40.799984,-73.94275,0,0,0,0,4079,-7394,0.3523809523809524
2021-05-08T00:00:00.000,11:28,40.795403,-73.94188,1,0,1,1,4079,-7394,0.3523809523809524
2021-05-08T00:00:00.000,13:00,40.585037,-73.95645,0,0,0,0,4058,-7395,0.3465346534653465
2021-05-08T00:00:00.000,14:05,40.662006,-73.953705,0,0,0,0,4066,-7395,0.44375
2021-05-08T00:00:00.000,4:40,40.686756,-73.9938,0,0,0,0,4068,-7399,0.17857142857142858
2021-05-08T00:00:00.000,23:30,40.61617,-73.9546,1,0,1,1,4061,-7395,0.4461538461538462
2021-05-08T00:00:00.000,12:30,40.613388,-73.995995,0,0,0,0,4061,-7399,0.29411764705882354
2021-05-08T00:00:00.000,16:30,40.74967,-73.99531,1,0,1,1,4074,-7399,0.3333333333333333
2021-05-06T00:00:00.000,15:07,40.677597,-73.874794,0,0,0,0,4067,-7387,0.30344827586206896
2021-05-08T00:00:00.000,19:20,40.69401,-73.9611,0,0,0,0,4069,-7396,0.325
2021-05-08T00:00:00.000,7:50,40.903347,-73.84918,0,0,0,0,4090,-7384,0.28205128205128205
2021-05-08T00:00:00.000,8:25,40.611008,-73.98439,1,0,1,1,4061,-7398,0.3698630136986301
2021-05-08T00:00:00.000,18:30,40.670273,-73.91545,0,0,0,0,4067,-7391,0.36597938144329895
2021-05-05T00:00:00.000,14:25,40.674828,-73.86986,0,0,0,0,4067,-7386,0.3431372549019608
2021-05-08T00:00:00.000,8:50,40.820965,-73.939575,0,0,0,0,4082,-7393,0.36645962732919257
2021-05-08T00:00:00.000,10:00,40.62043,-74.08444,0,0,0,0,4062,-7408,0.2
2021-05-08T00:00:00.000,23:45,40.63932,-74.02356,0,0,0,0,4063,-7402,0.3877551020408163
2021-05-07T00:00:00.000,10:40,40.836296,-73.87369,3,0,1,1,4083,-7387,0.38414634146341464
2021-05-06T00:00:00.000,11:30,40.82682,-73.94154,0,0,0,0,4082,-7394,0.3812154696132597
2021-05-08T00:00:00.000,20:36,40.84758,-73.923195,1,0,1,1,4084,-7392,0.3181818181818182
2021-05-08T00:00:00.000,12:11,40.809704,-73.8554,0,0,0,0,4080,-7385,0.125
2021-05-06T00:00:00.000,13:36,40.852726,-73.93443,0,0,0,0,4085,-7393,0.36585365853658536
2021-05-08T00:00:00.000,22:45,40.85512,-73.872215,1,0,1,1,4085,-7387,0.375
2021-05-08T00:00:00.000,12:30,40.764736,-73.98222,1,0,1,1,4076,-7398,0.3081761006289308
2021-05-08T00:00:00.000,20:00,40.726498,-73.72582,0,0,0,0,4072,-7372,0.3793103448275862
2021-05-08T00:00:00.000,23:00,40.75783,-73.82109,0,0,0,0,4075,-7382,0.4915254237288136
2021-05-07T00:00:00.000,8:50,40.647297,-73.9803,0,0,0,0,4064,-7398,0.40425531914893614
2021-05-08T00:00:00.000,10:30,40.869087,-73.89467,0,0,0,0,4086,-7389,0.40606060606060607
2021-05-08T00:00:00.000,4:54,40.844105,-73.898,0,0,0,0,4084,-7389,0.33766233766233766
2021-05-07T00:00:00.000,0:40,40.675644,-73.94161,1,0,1,1,4067,-7394,0.34074074074074073
2021-05-08T00:00:00.000,23:50,40.683384,-73.86841,0,0,0,0,4068,-7386,0.423728813559322
2021-05-08T00:00:00.000,16:00,40.7148,-73.79291,0,0,0,0,4071,-7379,0.3888888888888889
2021-05-08T00:00:00.000,20:20,40.661366,-73.92179,0,0,0,0,4066,-7392,0.355
2021-05-05T00:00:00.000,16:30,40.668556,-73.88552,0,0,0,0,4066,-7388,0.37012987012987014
2021-05-04T00:00:00.000,20:29,40.70091,-73.926094,0,0,0,0,4070,-7392,0.24305555555555555
2021-05-06T00:00:00.000,16:30,40.747734,-73.883,0,0,0,0,4074,-7388,0.2978723404255319
2021-05-08T00:00:00.000,16:00,40.685917,-73.87071,0,0,0,0,4068,-7387,0.24719101123595505
2022-03-28T00:00:00.000,15:20,40.855667,-73.89968,0,0,0,0,4085,-7389,0.3353658536585366
2021-05-08T00:00:00.000,11:30,40.740097,-73.871346,0,0,0,0,4074,-7387,0.25663716814159293
2021-05-06T00:00:00.000,16:25,40.665905,-73.87778,0,0,0,0,4066,-7387,0.38461538461538464
2021-05-08T00:00:00.000,3:30,40.71773,-73.9432,0,0,0,0,4071,-7394,0.3710691823899371
2021-05-08T00:00:00.000,21:25,40.797943,-73.94003,0,0,0,0,4079,-7394,0.3523809523809524
2021-05-08T00:00:00.000,14:40,40.665245,-73.73757,0,0,0,0,4066,-7373,0.44339622641509435
2021-05-08T00:00:00.000,23:10,40.694256,-73.97799,0,0,0,0,4069,-7397,0.3253012048192771
2021-05-04T00:00:00.000,9:20,40.570877,-74.16984,1,0,1,1,4057,-7416,0.36363636363636365
2021-05-08T00:00:00.000,22:50,40.708176,-73.79232,0,0,0,0,4070,-7379,0.3978494623655914
2021-05-08T00:00:00.000,19:15,40.754063,-73.99388,0,0,0,0,4075,-7399,0.2830188679245283
2021-05-08T00:00:00.000,18:11,40.83629,-73.85293,1,0,1,1,4083,-7385,0.30158730158730157
2021-05-08T00:00:00.000,20:21,40.71042,-73.85964,0,0,0,0,4071,-7385,0.4418604651162791
2021-05-08T00:00:00.000,0:35,40.657665,-73.89705,0,0,0,0,4065,-7389,0.34965034965034963
2021-05-08T00:00:00.000,0:17,40.766064,-73.93089,2,0,1,1,4076,-7393,0.44680851063829785
2021-05-05T00:00:00.000,15:40,40.75179,-73.98472,0,0,0,0,4075,-7398,0.3170731707317073
2021-05-08T00:00:00.000,14:17,40.675632,-73.89878,0,0,0,0,4067,-7389,0.33852140077821014
2021-05-05T00:00:00.000,23:15,40.66394,-73.895805,0,0,0,0,4066,-7389,0.3103448275862069
2021-05-08T00:00:00.000,13:15,40.770256,-73.91586,0,0,0,0,4077,-7391,0.3157894736842105
2021-05-05T00:00:00.000,16:00,40.650764,-73.88481,0,0,0,0,4065,-7388,0.41509433962264153
2021-05-07T00:00:00.000,16:50,40.665264,-73.86463,0,0,0,0,4066,-7386,0.35
2021-05-08T00:00:00.000,0:43,40.751675,-73.96488,0,0,0,0,4075,-7396,0.4788732394366197
2021-04-25T00:00:00.000,14:40,40.68781,-73.9237,0,0,0,0,4068,-7392,0.2542372881355932
2021-05-08T00:00:00.000,18:17,40.639153,-73.99142,1,0,1,1,4063,-7399,0.47692307692307695
2021-05-05T00:00:00.000,20:03,40.867027,-73.917046,0,0,0,0,4086,-7391,0.38016528925619836
2021-05-08T00:00:00.000,19:11,40.63347,-74.02102,1,0,1,1,4063,-7402,0.3877551020408163
2021-05-06T00:00:00.000,21:34,40.691555,-73.93677,0,0,0,0,4069,-7393,0.3141025641025641
2021-05-08T00:00:00.000,20:15,40.702312,-73.78478,0,0,0,0,4070,-7378,0.34523809523809523
2021-04-18T00:00:00.000,17:00,40.753944,-73.8598,0,0,0,0,4075,-7385,0.3048780487804878
2021-05-08T00:00:00.000,17:40,40.655563,-73.87974,0,0,0,0,4065,-7387,0.2857142857142857
2021-05-08T00:00:00.000,11:37,40.762486,-73.96298,0,0,0,0,4076,-7396,0.3023255813953488
2021-05-08T00:00:00.000,9:09,40.824184,-73.937225,0,0,0,0,4082,-7393,0.36645962732919257
2021-05-08T00:00:00.000,23:35,40.716656,-73.76915,1,0,1,1,4071,-7376,0.37142857142857144
2021-05-08T00:00:00.000,13:45,40.583275,-73.982254,4,0,1,1,4058,-7398,0.4
2020-05-10T00:00:00.000,7:06,40.712288,-73.92731,1,0,1,1,4071,-7392,0.2777777777777778
2021-05-08T00:00:00.000,10:30,40.65802,-73.73975,0,0,0,0,4065,-7373,0.3
2021-05-01T00:00:00.000,0:00,40.618057,-74.02053,0,0,0,0,4061,-7402,0.4090909090909091
2021-05-08T00:00:00.000,21:50,40.570465,-74.10977,0,0,0,0,4057,-7410,0.3877551020408163
2021-05-08T00:00:00.000,16:00,40.64166,-73.93705,0,0,0,0,4064,-7393,0.3333333333333333
2021-05-07T00:00:00.000,11:45,40.67241,-73.863556,0,0,0,0,4067,-7386,0.3431372549019608
2021-05-08T00:00:00.000,14:10,40.68039,-73.94956,0,0,0,0,4068,-7394,0.4409448818897638
2021-05-06T00:00:00.000,0:00,40.680187,-73.86935,0,0,0,0,4068,-7386,0.423728813559322
2021-05-08T00:00:00.000,22:45,40.684395,-73.97835,0,0,0,0,4068,-7397,0.3412322274881517
2021-05-08T00:00:00.000,0:00,40.704803,-73.73808,3,0,1,1,4070,-7373,0.52
2021-04-30T00:00:00.000,18:00,40.61592,-74.00482,0,0,0,0,4061,-7400,0.3076923076923077
2021-05-08T00:00:00.000,10:09,40.851223,-73.8905,0,0,0,0,4085,-7389,0.3353658536585366
2021-05-07T00:00:00.000,21:35,40.823578,-73.878136,0,0,0,0,4082,-7387,0.33544303797468356
2021-09-21T00:00:00.000,13:40,40.705154,-73.85597,2,0,1,1,4070,-7385,0.39436619718309857
2021-05-08T00:00:00.000,1:15,40.745842,-73.73009,3,0,1,1,4074,-7373,0.4
2021-05-08T00:00:00.000,20:30,40.830135,-73.89088,0,0,0,0,4083,-7389,0.3333333333333333
2021-04-01T00:00:00.000,0:00,40.646927,-73.88074,1,0,1,1,4064,-7388,0.3225806451612903
2021-05-08T00:00:00.000,18:06,40.667236,-73.770004,0,0,0,0,4066,-7377,0.37362637362637363
2021-05-08T00:00:00.000,17:10,40.66216,-73.87284,0,0,0,0,4066,-7387,0.38461538461538464
2021-05-08T00:00:00.000,14:15,40.643482,-73.94491,1,0,1,1,4064,-7394,0.42342342342342343
2021-05-08T00:00:00.000,17:00,40.607304,-74.08761,0,0,0,0,4060,-7408,0.3235294117647059
2021-05-08T00:00:00.000,2:35,40.85592,-73.9172,1,0,1,1,4085,-7391,0.373134328358209
2021-05-08T00:00:00.000,23:25,40.88337,-73.85956,0,0,0,0,4088,-7385,0.36619718309859156
2021-05-07T00:00:00.000,10:45,40.830025,-73.872765,0,0,0,0,4083,-7387,0.38414634146341464
2021-05-06T00:00:00.000,13:38,40.65317,-73.866875,0,0,0,0,4065,-7386,0.36619718309859156
2021-05-08T00:00:00.000,12:58,40.814102,-73.940865,0,0,0,0,4081,-7394,0.38
2021-05-08T00:00:00.000,16:40,40.61637,-74.02547,0,0,0,0,4061,-7402,0.4090909090909091
2021-05-03T00:00:00.000,12:55,40.703865,-73.78579,0,0,0,0,4070,-7378,0.34523809523809523
2021-05-06T00:00:00.000,17:45,40.608543,-74.08886,1,0,1,1,4060,-7408,0.3235294117647059
2021-05-08T00:00:00.000,17:45,40.61232,-73.93172,3,0,1,1,4061,-7393,0.34285714285714286
2021-05-08T00:00:00.000,21:35,40.6778,-73.823845,1,0,1,1,4067,-7382,0.4186046511627907
2021-05-08T00:00:00.000,16:10,40.556923,-74.17485,0,0,0,0,4055,-7417,0.25
2021-05-06T00:00:00.000,10:30,40.664127,-73.94409,0,0,0,0,4066,-7394,0.36792452830188677
2021-05-08T00:00:00.000,22:19,40.744923,-73.83709,3,0,1,1,4074,-7383,0.4067796610169492
2021-05-08T00:00:00.000,23:50,40.658443,-73.884125,0,0,0,0,4065,-7388,0.41509433962264153
2021-05-08T00:00:00.000,21:30,40.73566,-73.91521,3,0,1,1,4073,-7391,0.33962264150943394
2021-05-05T00:00:00.000,20:42,40.644,-73.87584,0,0,0,0,4064,-7387,0.4918032786885246
2021-05-08T00:00:00.000,16:09,40.737553,-73.85089,0,0,0,0,4073,-7385,0.3619047619047619
2021-05-05T00:00:00.000,12:00,40.88742,-73.89449,2,0,1,1,4088,-7389,0.4626865671641791
2021-05-08T00:00:00.000,19:01,40.75545,-73.89671,0,0,0,0,4075,-7389,0.4805194805194805
2021-05-05T00:00:00.000,21:59,40.66071,-73.90846,2,0,1,1,4066,-7390,0.2777777777777778
2021-05-06T00:00:00.000,16:43,40.85533,-73.93332,0,0,0,0,4085,-7393,0.36585365853658536
2021-05-08T00:00:00.000,14:49,40.630127,-73.94482,3,0,1,1,4063,-7394,0.358974358974359
2021-05-08T00:00:00.000,14:40,40.627186,-74.131065,0,0,0,0,4062,-7413,0.4074074074074074
2021-05-08T00:00:00.000,22:30,40.810963,-73.909904,1,0,1,1,4081,-7390,0.3888888888888889
2021-05-08T00:00:00.000,13:45,40.786785,-73.80971,0,0,0,0,4078,-7380,0.30434782608695654
2021-05-08T00:00:00.000,3:58,40.85947,-73.915726,1,0,1,1,4085,-7391,0.373134328358209
2021-05-08T00:00:00.000,13:25,40.867695,-73.90729,0,0,0,0,4086,-7390,0.42748091603053434
2021-05-08T00:00:00.000,4:00,40.678646,-74.00384,0,0,0,0,4067,-7400,0.20967741935483872
2021-05-08T00:00:00.000,22:46,40.62051,-73.99248,1,0,1,1,4062,-7399,0.3835616438356164
2021-05-08T00:00:00.000,3:09,40.63194,-74.12307,0,0,0,0,4063,-7412,0.36363636363636365
2021-05-08T00:00:00.000,11:06,40.81373,-73.9221,0,0,0,0,4081,-7392,0.4714285714285714
2021-05-07T00:00:00.000,14:52,40.6828,-73.853065,0,0,0,0,4068,-7385,0.43103448275862066
2021-05-07T00:00:00.000,17:49,40.748802,-73.89338,0,0,0,0,4074,-7389,0.3203125
2021-05-08T00:00:00.000,0:50,40.688553,-73.91245,0,0,0,0,4068,-7391,0.344
2021-05-04T00:00:00.000,6:50,40.708763,-73.998116,0,0,0,0,4070,-7399,0.21052631578947367
2021-05-08T00:00:00.000,18:00,40.607445,-73.99531,0,0,0,0,4060,-7399,0.31683168316831684
2021-05-06T00:00:00.000,23:32,40.6783,-73.88988,0,0,0,0,4067,-7388,0.30434782608695654
2021-05-07T00:00:00.000,17:30,40.66947,-73.95684,0,0,0,0,4066,-7395,0.44375
2021-05-08T00:00:00.000,18:00,40.846783,-73.907394,0,0,0,0,4084,-7390,0.366120218579235
2021-05-06T00:00:00.000,0:51,40.65698,-73.88943,1,0,1,1,4065,-7388,0.41509433962264153
2021-05-08T00:00:00.000,19:34,40.740276,-73.92782,3,0,1,1,4074,-7392,0.3709677419354839
2021-05-05T00:00:00.000,17:10,40.704853,-73.83733,0,0,0,0,4070,-7383,0.3541666666666667
2021-05-08T00:00:00.000,10:10,40.693523,-73.9522,0,0,0,0,4069,-7395,0.30952380952380953
2021-05-08T00:00:00.000,18:10,40.85114,-73.788475,0,0,0,0,4085,-7378,0.16666666666666666
2021-05-08T00:00:00.000,20:15,40.667973,-73.750824,3,0,1,1,4066,-7375,0.3
2021-05-08T00:00:00.000,0:38,40.660034,-73.904396,1,0,1,1,4066,-7390,0.2777777777777778
2021-05-08T00:00:00.000,10:10,40.68319,-73.8663,1,0,1,1,4068,-7386,0.423728813559322
2021-05-08T00:00:00.000,2:45,40.819878,-73.85777,2,0,1,1,4081,-7385,0.30434782608695654
2021-05-08T00:00:00.000,14:10,40.662186,-73.737946,1,0,1,1,4066,-7373,0.44339622641509435
2021-05-08T00:00:00.000,19:39,40.692604,-73.92751,0,0,0,0,4069,-7392,0.3584905660377358
2021-05-05T00:00:00.000,19:30,40.658577,-73.89063,0,0,0,0,4065,-7389,0.34965034965034963
2021-05-04T00:00:00.000,17:30,40.615185,-74.10258,2,0,1,1,4061,-7410,0.6363636363636364
2021-05-06T00:00:00.000,11:39,40.660656,-73.885796,0,0,0,0,4066,-7388,0.37012987012987014
2021-05-08T00:00:00.000,20:00,40.743214,-73.907166,1,0,1,1,4074,-7390,0.40625
2021-05-07T00:00:00.000,1:30,40.6792,-73.9553,1,0,1,1,4067,-7395,0.3695652173913043
2021-05-08T00:00:00.000,4:44,40.609333,-73.996925,0,0,0,0,4060,-7399,0.31683168316831684
2021-05-04T00:00:00.000,0:00,40.858162,-73.91699,0,0,0,0,4085,-7391,0.373134328358209
2021-05-08T00:00:00.000,16:31,40.77602,-73.951454,0,0,0,0,4077,-7395,0.3384615384615385
2021-05-08T00:00:00.000,20:12,40.767647,-73.92078,1,0,1,1,4076,-7392,0.42105263157894735
2021-05-08T00:00:00.000,19:10,40.653454,-73.88466,0,0,0,0,4065,-7388,0.41509433962264153
2021-05-07T00:00:00.000,12:00,40.692974,-73.90811,1,0,1,1,4069,-7390,0.29591836734693877
2021-05-08T00:00:00.000,12:30,40.619396,-73.969574,0,0,0,0,4061,-7396,0.30666666666666664
2021-09-21T00:00:00.000,16:00,40.798176,-73.93381,0,0,0,0,4079,-7393,0.36585365853658536
2021-05-08T00:00:00.000,16:50,40.66077,-73.91975,3,0,1,1,4066,-7391,0.3630952380952381
2021-05-08T00:00:00.000,7:55,40.66931,-73.89568,1,0,1,1,4066,-7389,0.3103448275862069
2021-05-08T00:00:00.000,11:22,40.75719,-73.90828,2,0,1,1,4075,-7390,0.37254901960784315
2021-05-08T00:00:00.000,22:30,40.711033,-73.7281,0,0,0,0,4071,-7372,0.40425531914893614
2021-05-08T00:00:00.000,9:00,40.734566,-73.72269,0,0,0,0,4073,-7372,0.3333333333333333
2021-05-05T00:00:00.000,21:45,40.65904,-73.87593,2,0,1,1,4065,-7387,0.2857142857142857
2021-05-08T00:00:00.000,11:49,40.80192,-73.93417,0,0,0,0,4080,-7393,0.36312849162011174
2021-05-08T00:00:00.000,14:25,40.66457,-73.73777,0,0,0,0,4066,-7373,0.44339622641509435
2021-05-08T00:00:00.000,7:30,40.575512,-73.98241,0,0,0,0,4057,-7398,0.36904761904761907
2021-04-30T00:00:00.000,0:20,40.669273,-73.950554,2,0,1,1,4066,-7395,0.44375
2021-05-08T00:00:00.000,20:40,40.792015,-73.98051,1,0,1,1,4079,-7398,0.75
2021-05-08T00:00:00.000,18:25,40.65251,-73.921555,2,0,1,1,4065,-7392,0.35555555555555557
2021-05-08T00:00:00.000,20:36,40.70241,-73.79253,1,0,1,1,4070,-7379,0.3978494623655914
2021-05-08T00:00:00.000,23:00,40.701836,-73.82211,1,0,1,1,4070,-7382,0.4166666666666667
2021-05-06T00:00:00.000,18:30,40.672333,-73.901764,1,0,1,1,4067,-7390,0.3282442748091603
2021-05-08T00:00:00.000,18:35,40.656944,-73.88082,0,0,0,0,4065,-7388,0.41509433962264153
2021-05-08T00:00:00.000,21:46,40.59287,-73.95716,0,0,0,0,4059,-7395,0.3181818181818182
2021-05-08T00:00:00.000,12:00,40.69217,-73.95194,0,0,0,0,4069,-7395,0.30952380952380953
2021-05-06T00:00:00.000,8:20,40.660656,-73.885796,0,0,0,0,4066,-7388,0.37012987012987014
2021-05-07T00:00:00.000,11:50,40.76213,-73.97037,0,0,0,0,4076,-7397,0.37
2021-05-08T00:00:00.000,19:52,40.598392,-73.90629,0,0,0,0,4059,-7390,0.23404255319148937
2021-09-20T00:00:00.000,19:30,40.66331,-73.92106,0,0,0,0,4066,-7392,0.355
2021-09-21T00:00:00.000,9:28,40.66617,-73.988815,1,0,1,1,4066,-7398,0.421875
2021-09-21T00:00:00.000,14:17,40.734657,-73.79755,1,0,1,1,4073,-7379,0.4
2021-08-25T00:00:00.000,10:25,40.690742,-73.939575,0,0,0,0,4069,-7393,0.3141025641025641
2021-09-21T00:00:00.000,20:08,40.58566,-73.81729,1,0,1,1,4058,-7381,0.1875
2021-09-21T00:00:00.000,20:30,40.698925,-73.80273,0,0,0,0,4069,-7380,0.38461538461538464
2021-08-07T00:00:00.000,11:00,40.687496,-73.93297,0,0,0,0,4068,-7393,0.3619047619047619
2021-09-21T00:00:00.000,7:29,40.76838,-73.96727,0,0,0,0,4076,-7396,0.3023255813953488
2021-09-21T00:00:00.000,10:20,40.844685,-73.9408,0,0,0,0,4084,-7394,0.17543859649122806
2021-09-21T00:00:00.000,14:30,40.834522,-73.87183,2,0,1,1,4083,-7387,0.38414634146341464
2021-09-21T00:00:00.000,21:50,40.728977,-73.868484,1,0,1,1,4072,-7386,0.42424242424242425
2021-09-21T00:00:00.000,11:54,40.85948,-73.8872,1,0,1,1,4085,-7388,0.3
2021-09-21T00:00:00.000,8:47,40.746033,-73.9768,1,0,1,1,4074,-7397,0.4810810810810811
2021-09-17T00:00:00.000,13:15,40.60069,-74.010056,0,0,0,0,4060,-7401,0.30357142857142855
2021-07-17T00:00:00.000,22:45,40.67351,-73.871475,0,0,0,0,4067,-7387,0.30344827586206896
2021-09-21T00:00:00.000,20:50,40.63011,-74.01001,1,0,1,1,4063,-7401,0.37777777777777777
2021-09-21T00:00:00.000,15:05,40.675766,-73.887245,1,0,1,1,4067,-7388,0.30434782608695654
2021-09-21T00:00:00.000,22:50,40.79143,-73.94687,1,0,1,1,4079,-7394,0.3523809523809524
2021-09-11T00:00:00.000,1:40,40.76943,-73.91025,1,0,1,1,4076,-7391,0.40476190476190477
2021-09-21T00:00:00.000,12:47,40.753777,-73.78619,1,0,1,1,4075,-7378,0.18518518518518517
2021-09-21T00:00:00.000,20:40,40.75472,-73.81704,1,0,1,1,4075,-7381,0.35
2021-09-21T00:00:00.000,8:00,40.673855,-73.864555,0,0,0,0,4067,-7386,0.3431372549019608
2021-09-21T00:00:00.000,18:45,40.712627,-73.965,0,0,0,0,4071,-7396,0.3218390804597701
2021-09-21T00:00:00.000,16:12,40.63494,-74.07882,0,0,0,0,4063,-7407,0.4444444444444444
2021-09-21T00:00:00.000,13:05,40.63164,-74.16172,1,0,1,1,4063,-7416,0.3333333333333333
2021-09-21T00:00:00.000,12:06,40.74958,-73.97373,0,0,0,0,4074,-7397,0.4810810810810811
2021-09-21T00:00:00.000,8:30,40.60855,-74.13216,0,0,0,0,4060,-7413,0.41935483870967744
2021-09-21T00:00:00.000,21:58,40.862133,-73.8266,1,0,1,1,4086,-7382,0.3611111111111111
2021-09-19T00:00:00.000,0:00,40.816067,-73.91765,1,0,1,1,4081,-7391,0.47244094488188976
2021-09-21T00:00:00.000,15:30,40.622154,-73.99834,0,0,0,0,4062,-7399,0.3835616438356164
2021-09-21T00:00:00.000,23:20,40.71572,-73.825745,0,0,0,0,4071,-7382,0.379746835443038
2021-09-21T00:00:00.000,20:54,40.90651,-73.84889,1,0,1,1,4090,-7384,0.28205128205128205
2021-09-21T00:00:00.000,16:28,40.882835,-73.888016,1,0,1,1,4088,-7388,0.42857142857142855
2021-09-21T00:00:00.000,14:15,40.595383,-73.779945,2,0,1,1,4059,-7377,0.2692307692307692
2021-09-19T00:00:00.000,21:00,40.657482,-73.92141,0,0,0,0,4065,-7392,0.35555555555555557
2021-09-15T00:00:00.000,2:00,40.67159,-73.77981,0,0,0,0,4067,-7377,0.32608695652173914
2021-09-21T00:00:00.000,11:13,40.785763,-73.85237,0,0,0,0,4078,-7385,0.0
2021-09-21T00:00:00.000,18:10,40.845882,-73.930435,0,0,0,0,4084,-7393,0.32786885245901637
2021-09-11T00:00:00.000,11:45,40.82674,-73.8879,0,0,0,0,4082,-7388,0.27624309392265195
2021-09-21T00:00:00.000,0:25,40.677208,-73.89723,0,0,0,0,4067,-7389,0.33852140077821014
2021-09-20T00:00:00.000,17:05,40.809166,-73.94449,0,0,0,0,4080,-7394,0.41116751269035534
2021-08-04T00:00:00.000,16:15,40.69832,-73.962265,1,0,1,1,4069,-7396,0.325
2021-09-21T00:00:00.000,16:30,40.759823,-73.776115,1,0,1,1,4075,-7377,0.24
2021-09-21T00:00:00.000,17:45,40.668785,-73.80486,0,0,0,0,4066,-7380,0.40789473684210525
2021-09-16T00:00:00.000,5:25,40.703438,-73.90228,0,0,0,0,4070,-7390,0.37894736842105264
2021-09-21T00:00:00.000,15:10,40.741447,-73.84603,0,0,0,0,4074,-7384,0.42857142857142855
2021-09-21T00:00:00.000,10:50,40.71406,-73.95292,0,0,0,0,4071,-7395,0.36585365853658536
2021-08-12T00:00:00.000,18:10,40.671032,-73.93927,1,0,1,1,4067,-7393,0.3755868544600939
2021-09-21T00:00:00.000,21:39,40.705647,-73.87677,0,0,0,0,4070,-7387,0.24324324324324326
2021-09-21T00:00:00.000,19:43,40.74618,-73.85293,1,0,1,1,4074,-7385,0.35526315789473684
2021-09-21T00:00:00.000,8:00,40.595993,-73.94973,0,0,0,0,4059,-7394,0.275
2021-09-21T00:00:00.000,15:55,40.63742,-73.92401,3,0,1,1,4063,-7392,0.4036697247706422
2021-09-04T00:00:00.000,16:06,40.825047,-73.88123,0,0,0,0,4082,-7388,0.27624309392265195
2021-07-06T00:00:00.000,12:24,40.69346,-73.93327,0,0,0,0,4069,-7393,0.3141025641025641
2021-09-21T00:00:00.000,12:30,40.768448,-73.98701,1,0,1,1,4076,-7398,0.3081761006289308
2021-09-21T00:00:00.000,15:00,40.76698,-73.835266,0,0,0,0,4076,-7383,0.33695652173913043
2021-09-21T00:00:00.000,22:47,40.809227,-73.923164,0,0,0,0,4080,-7392,0.3141025641025641
2021-09-21T00:00:00.000,10:39,40.901493,-73.87894,1,1,2,1,4090,-7387,0.8
2021-09-21T00:00:00.000,16:10,40.85447,-73.91008,0,0,0,0,4085,-7391,0.373134328358209
2021-07-02T00:00:00.000,11:45,40.681767,-73.93059,0,0,0,0,4068,-7393,0.3619047619047619
2021-09-17T00:00:00.000,8:30,40.57686,-73.98266,0,0,0,0,4057,-7398,0.36904761904761907
2021-09-21T00:00:00.000,17:41,40.716812,-73.99777,0,0,0,0,4071,-7399,0.3263157894736842
2021-08-10T00:00:00.000,20:20,40.6771,-73.92479,0,0,0,0,4067,-7392,0.39655172413793105
2021-09-20T00:00:00.000,15:26,40.71997,-73.992905,1,0,1,1,4071,-7399,0.3263157894736842
2021-09-21T00:00:00.000,6:16,40.68645,-73.761185,2,0,1,1,4068,-7376,0.35714285714285715
2021-09-15T00:00:00.000,13:00,40.736668,-73.997345,0,0,0,0,4073,-7399,0.423728813559322
2021-09-21T00:00:00.000,18:11,40.705807,-73.82735,0,0,0,0,4070,-7382,0.4166666666666667
2021-09-21T00:00:00.000,20:40,40.75896,-73.82985,1,0,1,1,4075,-7382,0.4915254237288136
2021-09-21T00:00:00.000,22:10,40.620663,-74.12569,0,0,0,0,4062,-7412,0.21739130434782608
2021-09-21T00:00:00.000,13:00,40.70051,-73.89421,0,0,0,0,4070,-7389,0.2711864406779661
2021-09-21T00:00:00.000,21:00,40.769115,-73.98856,0,0,0,0,4076,-7398,0.3081761006289308
2021-09-18T00:00:00.000,2:00,40.71582,-73.81759,0,0,0,0,4071,-7381,0.3448275862068966
2021-09-21T00:00:00.000,16:43,40.74849,-73.86355,0,0,0,0,4074,-7386,0.3813559322033898
2021-09-21T00:00:00.000,22:42,40.761944,-73.76699,0,0,0,0,4076,-7376,0.21739130434782608
2021-09-19T00:00:00.000,15:04,40.688698,-73.942085,1,0,1,1,4068,-7394,0.4409448818897638
2021-09-21T00:00:00.000,22:09,40.671604,-73.86907,0,0,0,0,4067,-7386,0.3431372549019608
2021-09-21T00:00:00.000,15:51,40.653584,-73.96518,0,0,0,0,4065,-7396,0.3939393939393939
2021-09-21T00:00:00.000,12:32,40.83155,-73.94115,1,0,1,1,4083,-7394,0.38926174496644295
2021-09-21T00:00:00.000,0:00,40.75613,-73.96761,1,0,1,1,4075,-7396,0.4788732394366197
2021-09-21T00:00:00.000,14:56,40.766357,-73.7811,1,0,1,1,4076,-7378,0.4
2021-08-24T00:00:00.000,9:30,40.83636,-73.91817,0,0,0,0,4083,-7391,0.33714285714285713
2021-09-21T00:00:00.000,10:16,40.609604,-73.91378,0,0,0,0,4060,-7391,0.25
2021-09-11T00:00:00.000,8:00,40.67774,-73.936,1,0,1,1,4067,-7393,0.3755868544600939
2021-09-21T00:00:00.000,11:53,40.786175,-73.9457,1,0,1,1,4078,-7394,0.33513513513513515
2021-09-21T00:00:00.000,8:00,40.668224,-73.81868,2,0,1,1,4066,-7381,0.4716981132075472
2021-08-12T00:00:00.000,17:35,40.671185,-73.94204,1,0,1,1,4067,-7394,0.34074074074074073
2021-09-20T00:00:00.000,15:40,40.760185,-73.9147,0,0,0,0,4076,-7391,0.40476190476190477
2021-09-21T00:00:00.000,11:46,40.75613,-73.96761,0,0,0,0,4075,-7396,0.4788732394366197
2021-09-21T00:00:00.000,18:00,40.718304,-73.987404,1,0,1,1,4071,-7398,0.39568345323741005
2021-09-21T00:00:00.000,20:15,40.692062,-73.95191,0,0,0,0,4069,-7395,0.30952380952380953
2021-12-18T00:00:00.000,20:10,40.60567,-74.030945,2,0,1,1,4060,-7403,0.3
2021-08-23T00:00:00.000,9:50,40.676445,-73.92762,0,0,0,0,4067,-7392,0.39655172413793105
2021-09-21T00:00:00.000,9:10,40.71154,-73.83624,0,0,0,0,4071,-7383,0.37349397590361444
2021-09-21T00:00:00.000,11:30,40.58227,-73.98612,1,0,1,1,4058,-7398,0.4
2021-09-15T00:00:00.000,15:50,40.893425,-73.88347,0,0,0,0,4089,-7388,0.5
2021-09-07T00:00:00.000,23:40,40.868458,-73.8214,0,0,0,0,4086,-7382,0.3611111111111111
2021-09-21T00:00:00.000,10:50,40.67338,-73.89472,1,0,1,1,4067,-7389,0.33852140077821014
2021-09-21T00:00:00.000,13:50,40.84987,-73.88991,0,0,0,0,4084,-7388,0.390625
2021-09-21T00:00:00.000,1:27,40.572037,-74.144196,0,0,0,0,4057,-7414,0.2857142857142857
2021-09-21T00:00:00.000,22:00,40.759476,-73.81468,1,0,1,1,4075,-7381,0.35
2021-09-21T00:00:00.000,17:35,40.878643,-73.871605,0,0,0,0,4087,-7387,0.297029702970297
2021-09-21T00:00:00.000,16:00,40.641525,-74.0995,0,0,0,0,4064,-7409,0.3333333333333333
2021-09-21T00:00:00.000,14:10,40.800793,-73.93492,1,0,1,1,4080,-7393,0.36312849162011174
2021-09-21T00:00:00.000,16:25,40.703445,-73.79991,0,0,0,0,4070,-7379,0.3978494623655914
2021-09-21T00:00:00.000,23:10,40.75769,-73.97911,1,0,1,1,4075,-7397,0.375886524822695
2021-09-21T00:00:00.000,8:29,40.81793,-73.9053,1,0,1,1,4081,-7390,0.3888888888888889
2021-09-21T00:00:00.000,7:39,40.609196,-74.004234,1,0,1,1,4060,-7400,0.24074074074074073
2021-09-16T00:00:00.000,19:15,40.667286,-73.959915,0,0,0,0,4066,-7395,0.44375
2021-09-21T00:00:00.000,8:15,40.602295,-73.752174,0,0,0,0,4060,-7375,0.17117117117117117
2021-09-02T00:00:00.000,14:00,40.675926,-73.95608,0,0,0,0,4067,-7395,0.3695652173913043
2021-09-21T00:00:00.000,12:40,40.69603,-73.943535,1,0,1,1,4069,-7394,0.417910447761194
2021-09-12T00:00:00.000,7:15,40.677288,-73.92824,0,0,0,0,4067,-7392,0.39655172413793105
2021-09-21T00:00:00.000,13:07,40.712997,-73.936325,0,0,0,0,4071,-7393,0.2711864406779661
2021-09-15T00:00:00.000,15:00,40.811005,-73.925316,0,0,0,0,4081,-7392,0.4714285714285714
2021-09-21T00:00:00.000,20:13,40.89675,-73.85988,2,0,1,1,4089,-7385,0.3813559322033898
2021-09-21T00:00:00.000,14:14,40.699524,-73.95236,0,0,0,0,4069,-7395,0.30952380952380953
2021-09-21T00:00:00.000,9:58,40.605427,-74.0762,0,0,0,0,4060,-7407,0.25
2021-09-21T00:00:00.000,15:45,40.87391,-73.909164,0,0,0,0,4087,-7390,0.3184713375796178
2021-09-21T00:00:00.000,20:35,40.70942,-73.86966,1,0,1,1,4070,-7386,0.38235294117647056
2021-09-21T00:00:00.000,8:18,40.80601,-73.94133,0,0,0,0,4080,-7394,0.41116751269035534
2021-09-21T00:00:00.000,8:05,40.877632,-73.867386,0,0,0,0,4087,-7386,0.3142857142857143
2021-09-21T00:00:00.000,16:00,40.748913,-73.9374,1,0,1,1,4074,-7393,0.3333333333333333
2021-09-17T00:00:00.000,22:30,40.745422,-73.99291,0,0,0,0,4074,-7399,0.3333333333333333
2021-09-21T00:00:00.000,18:00,40.652367,-73.876465,0,0,0,0,4065,-7387,0.2857142857142857
2021-09-21T00:00:00.000,19:15,40.62095,-74.023705,1,0,1,1,4062,-7402,0.3625
2021-12-19T00:00:00.000,19:05,40.62894,-74.116196,1,0,1,1,4062,-7411,0.5238095238095238
2021-09-20T00:00:00.000,14:52,40.814632,-73.9442,0,0,0,0,4081,-7394,0.38
2021-09-21T00:00:00.000,14:00,40.792587,-73.94713,0,0,0,0,4079,-7394,0.3523809523809524
2021-09-04T00:00:00.000,9:30,40.686478,-73.92216,0,0,0,0,4068,-7392,0.2542372881355932
2021-09-17T00:00:00.000,16:10,40.676735,-73.90432,0,0,0,0,4067,-7390,0.3282442748091603
2021-09-21T00:00:00.000,19:00,40.68461,-73.79987,0,0,0,0,4068,-7379,0.35
2021-09-19T00:00:00.000,14:58,40.693638,-73.80195,0,0,0,0,4069,-7380,0.38461538461538464
2021-12-20T00:00:00.000,19:02,40.680374,-73.80445,0,0,0,0,4068,-7380,0.3829787234042553
2021-08-31T00:00:00.000,7:25,40.67903,-73.9246,0,0,0,0,4067,-7392,0.39655172413793105
2021-08-30T00:00:00.000,7:05,40.687748,-73.980125,0,0,0,0,4068,-7398,0.3873239436619718
2021-09-21T00:00:00.000,8:25,40.724823,-73.90621,0,0,0,0,4072,-7390,0.2978723404255319
2021-09-21T00:00:00.000,16:50,40.643776,-74.078445,0,0,0,0,4064,-7407,0.2222222222222222
2021-09-21T00:00:00.000,11:32,40.739017,-73.76432,0,0,0,0,4073,-7376,0.2857142857142857
2021-09-21T00:00:00.000,14:50,40.619026,-74.13252,0,0,0,0,4061,-7413,0.23076923076923078
2021-09-21T00:00:00.000,11:00,40.677235,-73.89709,0,0,0,0,4067,-7389,0.33852140077821014
2021-09-21T00:00:00.000,16:11,40.67726,-73.98676,0,0,0,0,4067,-7398,0.3655913978494624
2021-09-21T00:00:00.000,18:16,40.73525,-73.74959,1,0,1,1,4073,-7374,0.21428571428571427
2021-09-21T00:00:00.000,7:22,40.698536,-73.9943,1,0,1,1,4069,-7399,0.29473684210526313
2021-09-21T00:00:00.000,12:22,40.69302,-73.837364,0,0,0,0,4069,-7383,0.35555555555555557
2021-12-14T00:00:00.000,5:08,40.84487,-73.92068,0,0,0,0,4084,-7392,0.3181818181818182
2021-05-09T00:00:00.000,15:10,40.663227,-73.93159,0,0,0,0,4066,-7393,0.38578680203045684
2021-08-28T00:00:00.000,16:40,40.774204,-73.908,0,0,0,0,4077,-7390,0.3404255319148936
2021-09-18T00:00:00.000,7:20,40.69942,-73.86878,0,0,0,0,4069,-7386,0.21052631578947367
2021-09-21T00:00:00.000,22:40,40.719246,-73.95407,0,0,0,0,4071,-7395,0.36585365853658536
2021-08-25T00:00:00.000,11:00,40.673103,-73.92793,0,0,0,0,4067,-7392,0.39655172413793105
2021-09-21T00:00:00.000,16:55,40.81103,-73.92149,1,0,1,1,4081,-7392,0.4714285714285714
2021-09-18T00:00:00.000,23:00,40.692524,-73.8589,1,0,1,1,4069,-7385,0.34
2021-09-21T00:00:00.000,18:30,40.69524,-73.84045,0,0,0,0,4069,-7384,0.26666666666666666
2021-09-21T00:00:00.000,2:50,40.82677,-73.856155,0,0,0,0,4082,-7385,0.27
2021-07-23T00:00:00.000,10:40,40.677387,-73.921776,0,0,0,0,4067,-7392,0.39655172413793105
2021-09-21T00:00:00.000,14:05,40.64485,-73.96002,1,0,1,1,4064,-7396,0.4714285714285714
2021-09-21T00:00:00.000,14:00,40.83228,-73.871315,0,0,0,0,4083,-7387,0.38414634146341464
2021-09-15T00:00:00.000,21:42,40.692356,-73.94282,1,0,1,1,4069,-7394,0.417910447761194
2021-09-21T00:00:00.000,15:55,40.869118,-73.83048,0,0,0,0,4086,-7383,0.3448275862068966
2021-09-21T00:00:00.000,11:42,40.694206,-73.97312,0,0,0,0,4069,-7397,0.3253012048192771
2021-09-21T00:00:00.000,10:00,0.0,0.0,4,0,1,1,0,0,0.40425531914893614
2021-09-21T00:00:00.000,17:15,40.710327,-74.00955,0,0,0,0,4071,-7400,0.25517241379310346
2021-09-18T00:00:00.000,0:40,40.65674,-73.88128,0,0,0,0,4065,-7388,0.41509433962264153
2021-09-12T00:00:00.000,21:30,40.671474,-73.93088,1,0,1,1,4067,-7393,0.3755868544600939
2021-09-21T00:00:00.000,14:30,40.57741,-73.96237,1,0,1,1,4057,-7396,0.3191489361702128
2021-09-21T00:00:00.000,15:20,40.665726,-73.96425,4,0,1,1,4066,-7396,0.4074074074074074
2021-09-21T00:00:00.000,7:30,40.756424,-73.7403,0,0,0,0,4075,-7374,0.3333333333333333
2021-09-21T00:00:00.000,10:00,40.76889,-73.9821,1,0,1,1,4076,-7398,0.3081761006289308
2021-12-20T00:00:00.000,16:30,40.812214,-73.885895,0,0,0,0,4081,-7388,0.25471698113207547
2021-09-21T00:00:00.000,14:14,40.75362,-73.898445,1,0,1,1,4075,-7389,0.4805194805194805
2021-09-21T00:00:00.000,9:00,40.727264,-73.94572,0,0,0,0,4072,-7394,0.19801980198019803
2021-09-21T00:00:00.000,13:27,40.681877,-73.93625,0,0,0,0,4068,-7393,0.3619047619047619
2021-09-21T00:00:00.000,15:00,40.69784,-73.970604,0,0,0,0,4069,-7397,0.3253012048192771
2021-09-21T00:00:00.000,15:00,40.718616,-73.9372,0,0,0,0,4071,-7393,0.2711864406779661
2021-09-20T00:00:00.000,0:00,40.717014,-73.7994,1,0,1,1,4071,-7379,0.3888888888888889
2021-09-18T00:00:00.000,10:30,40.596146,-74.067535,0,0,0,0,4059,-7406,0.29411764705882354
2021-07-25T00:00:00.000,4:45,40.676598,-73.93039,1,0,1,1,4067,-7393,0.3755868544600939
2021-09-19T00:00:00.000,4:35,40.705826,-73.79397,1,0,1,1,4070,-7379,0.3978494623655914
2021-09-21T00:00:00.000,18:20,40.678234,-73.89753,0,0,0,0,4067,-7389,0.33852140077821014
2021-09-21T00:00:00.000,20:50,0.0,0.0,1,0,1,1,0,0,0.40425531914893614
2021-09-21T00:00:00.000,6:21,40.646626,-73.90399,0,0,0,0,4064,-7390,0.4017094017094017
2021-09-21T00:00:00.000,11:17,40.738552,-73.983345,0,0,0,0,4073,-7398,0.36942675159235666
2021-09-21T00:00:00.000,18:21,40.635086,-73.98015,0,0,0,0,4063,-7398,0.4827586206896552
2021-09-20T00:00:00.000,19:10,40.593655,-74.0809,0,0,0,0,4059,-7408,0.36363636363636365
2021-09-20T00:00:00.000,12:30,40.613506,-73.954094,0,0,0,0,4061,-7395,0.4461538461538462
2021-09-21T00:00:00.000,8:45,40.595203,-73.75603,0,0,0,0,4059,-7375,0.17777777777777778
2021-12-07T00:00:00.000,9:42,40.66405,-73.94879,1,0,1,1,4066,-7394,0.36792452830188677
2021-12-10T00:00:00.000,8:49,40.8037,-73.93582,0,0,0,0,4080,-7393,0.36312849162011174
2021-12-09T00:00:00.000,0:04,40.69069,-73.91621,1,0,1,1,4069,-7391,0.2709677419354839
2021-12-03T00:00:00.000,7:20,40.664303,-73.9573,0,0,0,0,4066,-7395,0.44375
2021-12-09T00:00:00.000,14:50,40.714043,-73.92634,1,0,1,1,4071,-7392,0.2777777777777778
2021-12-08T00:00:00.000,15:40,40.70321,-73.94626,1,0,1,1,4070,-7394,0.3956043956043956
2021-12-09T00:00:00.000,18:30,40.61489,-74.13597,0,0,0,0,4061,-7413,0.23076923076923078
2021-12-10T00:00:00.000,21:30,40.82162,-73.89589,0,0,0,0,4082,-7389,0.37423312883435583
2021-12-08T00:00:00.000,5:20,40.677773,-73.92274,0,0,0,0,4067,-7392,0.39655172413793105
2021-12-09T00:00:00.000,8:00,40.895584,-73.84564,0,0,0,0,4089,-7384,0.3333333333333333
2021-12-10T00:00:00.000,19:57,40.713284,-73.83281,0,0,0,0,4071,-7383,0.37349397590361444
2021-12-10T00:00:00.000,16:20,40.720764,-73.76715,0,0,0,0,4072,-7376,0.5
2021-12-10T00:00:00.000,20:30,40.686802,-73.82734,0,0,0,0,4068,-7382,0.41975308641975306
2021-12-19T00:00:00.000,17:20,40.68672,-73.98224,0,0,0,0,4068,-7398,0.3873239436619718
2021-12-20T00:00:00.000,17:20,40.585922,-74.10526,1,0,1,1,4058,-7410,0.3076923076923077
2021-12-20T00:00:00.000,4:37,40.60745,-74.00299,0,0,0,0,4060,-7400,0.24074074074074073
2021-12-18T00:00:00.000,17:00,40.808292,-73.94883,1,0,1,1,4080,-7394,0.41116751269035534
2021-12-12T00:00:00.000,18:30,40.66479,-73.91532,0,0,0,0,4066,-7391,0.3630952380952381
2021-12-20T00:00:00.000,17:20,40.852337,-73.92517,0,0,0,0,4085,-7392,0.22
2021-12-08T00:00:00.000,22:17,40.614086,-74.06614,1,0,1,1,4061,-7406,0.2
2021-12-11T00:00:00.000,15:15,40.69297,-73.78024,4,0,1,1,4069,-7378,0.29310344827586204
2021-12-20T00:00:00.000,0:18,40.701008,-73.9424,0,0,0,0,4070,-7394,0.3956043956043956
2021-12-11T00:00:00.000,19:13,40.734783,-73.79323,0,0,0,0,4073,-7379,0.4
2021-12-15T00:00:00.000,1:30,40.75137,-73.86247,0,0,0,0,4075,-7386,0.33653846153846156
2021-12-20T00:00:00.000,14:33,40.81707,-73.88525,0,0,0,0,4081,-7388,0.25471698113207547
2021-12-20T00:00:00.000,15:50,40.680485,-73.774704,0,0,0,0,4068,-7377,0.3673469387755102
2021-12-20T00:00:00.000,14:30,40.601734,-73.935036,0,0,0,0,4060,-7393,0.4117647058823529
2021-12-20T00:00:00.000,8:10,40.702625,-73.8794,1,0,1,1,4070,-7387,0.24324324324324326
2021-11-19T00:00:00.000,8:15,40.709873,-73.80089,0,0,0,0,4070,-7380,0.3877551020408163
2021-12-19T00:00:00.000,5:25,40.690483,-73.93954,1,0,1,1,4069,-7393,0.3141025641025641
2021-12-20T00:00:00.000,13:30,40.85132,-73.90842,0,0,0,0,4085,-7390,0.42207792207792205
2021-12-20T00:00:00.000,5:50,40.718002,-73.98659,1,0,1,1,4071,-7398,0.39568345323741005
2021-12-10T00:00:00.000,8:02,40.667015,-73.9313,0,0,0,0,4066,-7393,0.38578680203045684
2021-12-20T00:00:00.000,16:10,40.86173,-73.91182,1,0,1,1,4086,-7391,0.38016528925619836
2021-12-20T00:00:00.000,16:00,40.620323,-74.02723,1,0,1,1,4062,-7402,0.3625
2021-12-20T00:00:00.000,8:50,40.698444,-73.98497,0,0,0,0,4069,-7398,0.3229166666666667
2021-12-13T00:00:00.000,0:00,40.688507,-73.937126,0,0,0,0,4068,-7393,0.3619047619047619
2021-12-20T00:00:00.000,9:38,40.836987,-73.93902,1,0,1,1,4083,-7393,0.3333333333333333
2021-12-20T00:00:00.000,17:20,40.601948,-73.99382,1,0,1,1,4060,-7399,0.31683168316831684
2021-05-09T00:00:00.000,21:35,40.7441,-73.99565,1,0,1,1,4074,-7399,0.3333333333333333
2021-12-20T00:00:00.000,19:05,40.588627,-73.94832,0,0,0,0,4058,-7394,0.40816326530612246
2021-12-20T00:00:00.000,17:05,40.680977,-74.00498,0,0,0,0,4068,-7400,0.3333333333333333
2021-12-14T00:00:00.000,8:48,40.749844,-73.7119,1,0,1,1,4074,-7371,0.38095238095238093
2021-11-18T00:00:00.000,17:56,40.754387,-73.920525,1,0,1,1,4075,-7392,0.48148148148148145
2021-12-15T00:00:00.000,0:40,40.602673,-73.89933,1,0,1,1,4060,-7389,0.625
2021-12-20T00:00:00.000,8:49,40.630905,-73.920425,7,0,1,1,4063,-7392,0.4036697247706422
2022-03-28T00:00:00.000,0:35,40.74036,-73.97318,0,0,0,0,4074,-7397,0.4810810810810811
2021-12-20T00:00:00.000,11:25,40.849247,-73.88775,0,0,0,0,4084,-7388,0.390625
2021-12-20T00:00:00.000,17:13,40.666737,-73.78628,0,0,0,0,4066,-7378,0.34615384615384615
2021-12-20T00:00:00.000,10:20,40.572548,-74.16997,0,0,0,0,4057,-7416,0.36363636363636365
2021-12-20T00:00:00.000,5:45,40.636448,-73.94513,1,0,1,1,4063,-7394,0.358974358974359
2021-12-20T00:00:00.000,4:38,40.866806,-73.93101,0,0,0,0,4086,-7393,0.3333333333333333
2021-12-20T00:00:00.000,14:45,40.85876,-73.89736,0,0,0,0,4085,-7389,0.3353658536585366
2021-12-20T00:00:00.000,17:14,40.688362,-73.77663,2,0,1,1,4068,-7377,0.3673469387755102
2021-12-20T00:00:00.000,6:45,40.80715,-73.90821,0,0,0,0,4080,-7390,0.36538461538461536
2021-12-20T00:00:00.000,14:00,40.699413,-73.95902,0,0,0,0,4069,-7395,0.30952380952380953
2021-12-20T00:00:00.000,19:50,40.58842,-73.96326,2,0,1,1,4058,-7396,0.37333333333333335
2021-12-06T00:00:00.000,20:25,40.809105,-73.9229,1,0,1,1,4080,-7392,0.3141025641025641
2021-12-20T00:00:00.000,15:07,40.87787,-73.8701,0,0,0,0,4087,-7387,0.297029702970297
2021-12-20T00:00:00.000,18:20,40.724903,-73.99233,0,0,0,0,4072,-7399,0.3829787234042553
2021-12-18T00:00:00.000,12:30,40.735878,-73.9874,1,0,1,1,4073,-7398,0.36942675159235666
2021-12-20T00:00:00.000,10:50,40.72006,-73.761856,0,0,0,0,4072,-7376,0.5
2021-12-20T00:00:00.000,15:30,40.66858,-73.84223,1,0,1,1,4066,-7384,0.5925925925925926
2021-11-30T00:00:00.000,17:46,40.752403,-73.92442,0,0,0,0,4075,-7392,0.48148148148148145
2021-12-20T00:00:00.000,16:38,40.692776,-73.95769,0,0,0,0,4069,-7395,0.30952380952380953
2021-12-20T00:00:00.000,15:55,40.800198,-73.94133,0,0,0,0,4080,-7394,0.41116751269035534
2021-12-13T00:00:00.000,7:00,40.66494,-73.99664,0,0,0,0,4066,-7399,0.40540540540540543
2021-12-20T00:00:00.000,2:27,40.712517,-73.76267,0,0,0,0,4071,-7376,0.37142857142857144
2021-12-20T00:00:00.000,12:20,40.831707,-73.901886,1,0,1,1,4083,-7390,0.3064516129032258
2021-12-20T00:00:00.000,10:10,40.720272,-73.981544,1,0,1,1,4072,-7398,0.4342105263157895
2021-12-16T00:00:00.000,12:58,40.737873,-73.802765,0,0,0,0,4073,-7380,0.34285714285714286
2021-12-20T00:00:00.000,7:21,40.647007,-73.96262,1,0,1,1,4064,-7396,0.4714285714285714
2021-12-20T00:00:00.000,19:53,40.628662,-74.13675,1,0,1,1,4062,-7413,0.4074074074074074
2021-12-20T00:00:00.000,12:19,40.744167,-73.91248,1,0,1,1,4074,-7391,0.38333333333333336
2021-12-20T00:00:00.000,18:00,40.635723,-73.97655,1,0,1,1,4063,-7397,0.36893203883495146
2021-12-20T00:00:00.000,8:15,40.68081,-73.8849,0,0,0,0,4068,-7388,0.36538461538461536
2021-12-20T00:00:00.000,6:18,40.817795,-73.89319,0,0,0,0,4081,-7389,0.31543624161073824
2021-12-20T00:00:00.000,2:15,40.787544,-73.82394,0,0,0,0,4078,-7382,0.3
2021-12-20T00:00:00.000,19:00,40.726173,-73.86489,0,0,0,0,4072,-7386,0.42424242424242425
2021-12-14T00:00:00.000,3:00,40.697575,-73.984055,0,0,0,0,4069,-7398,0.3229166666666667
2021-03-28T00:00:00.000,0:46,40.809643,-73.947845,1,0,1,1,4080,-7394,0.41116751269035534
2021-12-07T00:00:00.000,8:01,40.70064,-73.93647,0,0,0,0,4070,-7393,0.3300970873786408
2021-12-10T00:00:00.000,21:38,40.900005,-73.87919,1,0,1,1,4090,-7387,0.8
2021-12-09T00:00:00.000,11:27,40.639286,-73.89869,2,0,1,1,4063,-7389,0.41818181818181815
2021-12-10T00:00:00.000,8:25,40.64059,-73.95429,0,0,0,0,4064,-7395,0.4796747967479675
2021-12-04T00:00:00.000,23:37,40.77694,-73.916504,0,0,0,0,4077,-7391,0.3157894736842105
2021-12-10T00:00:00.000,18:20,40.600903,-73.95169,0,0,0,0,4060,-7395,0.4791666666666667
2021-12-08T00:00:00.000,0:01,40.60783,-74.1465,1,0,1,1,4060,-7414,0.4074074074074074
2021-12-09T00:00:00.000,17:41,40.753098,-73.97788,1,0,1,1,4075,-7397,0.375886524822695
2021-12-09T00:00:00.000,0:00,40.627247,-74.01429,1,0,1,1,4062,-7401,0.3829787234042553
2021-12-08T00:00:00.000,19:10,40.75906,-73.97262,0,0,0,0,4075,-7397,0.375886524822695
2021-12-20T00:00:00.000,7:35,40.837757,-73.859795,0,0,0,0,4083,-7385,0.30158730158730157
2021-12-16T00:00:00.000,19:15,40.762856,-73.888596,0,0,0,0,4076,-7388,0.43283582089552236
2021-12-14T00:00:00.000,14:30,40.63165,-74.08762,0,0,0,0,4063,-7408,0.2653061224489796
2021-12-16T00:00:00.000,23:00,40.7124,-73.95136,1,0,1,1,4071,-7395,0.36585365853658536
2021-05-02T00:00:00.000,18:57,40.755222,-73.96135,2,0,1,1,4075,-7396,0.4788732394366197
2021-05-06T00:00:00.000,18:04,40.818768,-73.89867,0,0,0,0,4081,-7389,0.31543624161073824
2021-05-09T00:00:00.000,13:45,40.63612,-74.138245,0,0,0,0,4063,-7413,0.2903225806451613
2021-05-09T00:00:00.000,15:00,40.5731,-74.00143,0,0,0,0,4057,-7400,0.3157894736842105
2021-05-09T00:00:00.000,10:30,40.869316,-73.91674,0,0,0,0,4086,-7391,0.38016528925619836
2021-05-09T00:00:00.000,22:08,40.637794,-74.010765,2,0,1,1,4063,-7401,0.37777777777777777
2021-05-09T00:00:00.000,2:05,40.80213,-73.9073,0,0,0,0,4080,-7390,0.36538461538461536
2021-05-09T00:00:00.000,12:10,40.806873,-73.91973,1,0,1,1,4080,-7391,0.38961038961038963
2021-05-09T00:00:00.000,1:40,40.753407,-73.852356,0,0,0,0,4075,-7385,0.3048780487804878
2021-05-09T00:00:00.000,0:10,40.724136,-73.992615,1,0,1,1,4072,-7399,0.3829787234042553
2021-05-07T00:00:00.000,18:56,40.677982,-73.791214,0,0,0,0,4067,-7379,0.4264705882352941
2021-05-08T00:00:00.000,10:40,40.695335,-73.80121,1,0,1,1,4069,-7380,0.38461538461538464
2021-05-09T00:00:00.000,1:20,40.69832,-73.962265,0,0,0,0,4069,-7396,0.325
2021-05-09T00:00:00.000,15:08,40.67638,-73.911736,1,0,1,1,4067,-7391,0.36597938144329895
2021-05-06T00:00:00.000,11:25,40.65319,-73.97494,0,0,0,0,4065,-7397,0.4074074074074074
2021-05-07T00:00:00.000,21:00,40.72766,-74.001396,1,0,1,1,4072,-7400,0.32926829268292684
2021-05-09T00:00:00.000,10:29,40.666393,-73.75177,0,0,0,0,4066,-7375,0.3
2021-05-09T00:00:00.000,14:30,40.754875,-73.96853,0,0,0,0,4075,-7396,0.4788732394366197
2021-05-09T00:00:00.000,8:00,40.848545,-73.86161,1,0,1,1,4084,-7386,0.375
2021-05-09T00:00:00.000,20:00,40.688465,-73.80387,0,0,0,0,4068,-7380,0.3829787234042553
2021-05-09T00:00:00.000,11:25,40.68759,-73.87056,0,0,0,0,4068,-7387,0.24719101123595505
2021-05-07T00:00:00.000,15:50,40.640736,-73.98801,1,0,1,1,4064,-7398,0.40425531914893614
2021-05-08T00:00:00.000,16:42,40.63743,-74.11375,3,0,1,1,4063,-7411,0.20689655172413793
2021-05-09T00:00:00.000,16:00,40.737785,-73.93496,0,0,0,0,4073,-7393,0.38461538461538464
2021-05-09T00:00:00.000,13:03,40.701916,-73.72712,0,0,0,0,4070,-7372,0.4
2021-05-09T00:00:00.000,12:50,40.748863,-73.892715,0,0,0,0,4074,-7389,0.3203125
2021-05-09T00:00:00.000,13:25,40.84935,-73.8712,0,0,0,0,4084,-7387,0.48333333333333334
2021-05-09T00:00:00.000,0:01,40.64235,-73.945755,0,0,0,0,4064,-7394,0.42342342342342343
2021-05-09T00:00:00.000,15:15,40.625664,-74.15373,0,0,0,0,4062,-7415,0.37037037037037035
2021-05-09T00:00:00.000,15:47,40.66028,-73.92576,0,0,0,0,4066,-7392,0.355
2021-05-09T00:00:00.000,4:20,40.666893,-73.80546,0,0,0,0,4066,-7380,0.40789473684210525
2021-05-09T00:00:00.000,14:13,40.603615,-74.06931,1,0,1,1,4060,-7406,0.3076923076923077
2021-05-09T00:00:00.000,15:00,40.73842,-73.980095,0,0,0,0,4073,-7398,0.36942675159235666
2021-04-30T00:00:00.000,13:46,40.71697,-73.998245,0,0,0,0,4071,-7399,0.3263157894736842
2022-02-19T00:00:00.000,1:43,40.783566,-73.947586,0,0,0,0,4078,-7394,0.33513513513513515
2021-05-09T00:00:00.000,12:45,40.66584,-73.75551,0,0,0,0,4066,-7375,0.3
2021-05-09T00:00:00.000,17:25,40.829945,-73.93005,0,0,0,0,4082,-7393,0.36645962732919257
2021-05-09T00:00:00.000,20:45,40.770256,-73.91586,0,0,0,0,4077,-7391,0.3157894736842105
2021-05-09T00:00:00.000,9:40,40.71532,-73.75742,0,0,0,0,4071,-7375,0.3269230769230769
2021-04-29T00:00:00.000,13:38,40.80058,-73.914734,1,0,1,1,4080,-7391,0.38961038961038963
2021-05-08T00:00:00.000,14:30,40.665356,-73.72865,0,0,0,0,4066,-7372,0.6190476190476191
2021-05-09T00:00:00.000,0:05,40.721935,-73.74118,0,0,0,0,4072,-7374,0.44
2021-05-09T00:00:00.000,14:00,40.84229,-73.897385,0,0,0,0,4084,-7389,0.33766233766233766
2021-05-09T00:00:00.000,4:20,40.81801,-73.96149,0,0,0,0,4081,-7396,0.2222222222222222
2021-05-07T00:00:00.000,14:42,40.787064,-73.94194,1,0,1,1,4078,-7394,0.33513513513513515
2021-05-09T00:00:00.000,16:15,40.674118,-73.89839,1,0,1,1,4067,-7389,0.33852140077821014
2021-05-09T00:00:00.000,23:10,40.831085,-73.86909,0,0,0,0,4083,-7386,0.24822695035460993
2021-05-09T00:00:00.000,14:42,40.668617,-73.98515,1,0,1,1,4066,-7398,0.421875
2021-05-09T00:00:00.000,14:25,40.865612,-73.801094,0,0,0,0,4086,-7380,0.3333333333333333
2021-05-08T00:00:00.000,22:05,40.72773,-73.90674,0,0,0,0,4072,-7390,0.2978723404255319
2021-05-09T00:00:00.000,23:49,40.686497,-73.9168,0,0,0,0,4068,-7391,0.344
2021-05-09T00:00:00.000,20:14,40.744076,-73.85478,0,0,0,0,4074,-7385,0.35526315789473684
2021-05-09T00:00:00.000,5:36,40.670746,-73.950424,0,0,0,0,4067,-7395,0.3695652173913043
2021-05-09T00:00:00.000,12:00,40.672363,-73.93079,1,0,1,1,4067,-7393,0.3755868544600939
2021-05-09T00:00:00.000,22:50,40.712215,-73.945724,1,0,1,1,4071,-7394,0.3710691823899371
2021-05-05T00:00:00.000,9:21,40.756996,-73.90784,1,0,1,1,4075,-7390,0.37254901960784315
2021-05-03T00:00:00.000,5:37,40.75548,-73.74173,1,0,1,1,4075,-7374,0.3333333333333333
2021-05-09T00:00:00.000,20:55,40.640724,-73.883446,0,0,0,0,4064,-7388,0.3225806451612903
2021-05-09T00:00:00.000,15:12,40.863785,-73.90028,0,0,0,0,4086,-7390,0.42748091603053434
2021-05-09T00:00:00.000,11:20,40.636536,-73.91441,0,0,0,0,4063,-7391,0.5
2021-05-09T00:00:00.000,13:48,40.87003,-73.840744,1,0,1,1,4087,-7384,0.47297297297297297
2021-04-24T00:00:00.000,22:29,40.712696,-73.900604,1,0,1,1,4071,-7390,0.4
2021-05-06T00:00:00.000,13:59,40.839485,-73.84382,0,0,0,0,4083,-7384,0.22727272727272727
2021-05-09T00:00:00.000,0:00,40.611683,-73.94694,1,0,1,1,4061,-7394,0.48484848484848486
2021-05-08T00:00:00.000,4:15,40.714622,-73.829704,3,0,1,1,4071,-7382,0.379746835443038
2021-04-30T00:00:00.000,0:22,40.668964,-73.95059,0,0,0,0,4066,-7395,0.44375
2021-05-09T00:00:00.000,0:05,40.86832,-73.83317,0,0,0,0,4086,-7383,0.3448275862068966
2021-05-09T00:00:00.000,8:15,40.84932,-73.93374,1,0,1,1,4084,-7393,0.32786885245901637
2021-05-09T00:00:00.000,15:52,40.713615,-73.96094,0,0,0,0,4071,-7396,0.3218390804597701
2021-05-09T00:00:00.000,12:05,40.712532,-73.95798,0,0,0,0,4071,-7395,0.36585365853658536
2021-05-07T00:00:00.000,18:44,40.649746,-73.950676,2,0,1,1,4064,-7395,0.4796747967479675
2021-05-09T00:00:00.000,15:00,40.753254,-73.831955,0,0,0,0,4075,-7383,0.37681159420289856
2021-05-07T00:00:00.000,7:47,40.781593,-73.96286,0,0,0,0,4078,-7396,0.28125
2021-05-09T00:00:00.000,1:15,40.669666,-73.76561,1,0,1,1,4066,-7376,0.30434782608695654
2021-05-09T00:00:00.000,17:13,40.575413,-73.98347,0,0,0,0,4057,-7398,0.36904761904761907
2021-05-09T00:00:00.000,5:30,40.750946,-73.87292,0,0,0,0,4075,-7387,0.33884297520661155
2021-05-07T00:00:00.000,8:56,40.61074,-74.09583,0,0,0,0,4061,-7409,0.46153846153846156
2021-05-09T00:00:00.000,14:14,40.647217,-73.9492,0,0,0,0,4064,-7394,0.42342342342342343
2021-05-09T00:00:00.000,15:35,40.738514,-73.86846,2,0,1,1,4073,-7386,0.3464566929133858
2022-03-26T00:00:00.000,19:48,40.885212,-73.90104,0,0,0,0,4088,-7390,0.2702702702702703
2021-04-24T00:00:00.000,1:00,40.739185,-73.85252,0,0,0,0,4073,-7385,0.3619047619047619
2021-05-09T00:00:00.000,18:02,40.72328,-73.778046,0,0,0,0,4072,-7377,0.375
2021-05-08T00:00:00.000,12:20,40.84543,-73.91399,0,0,0,0,4084,-7391,0.32558139534883723
2021-05-03T00:00:00.000,23:40,40.704082,-73.81094,0,0,0,0,4070,-7381,0.3194444444444444
2021-05-09T00:00:00.000,12:19,40.705982,-73.73956,0,0,0,0,4070,-7373,0.52
2021-05-09T00:00:00.000,21:15,40.722584,-74.00636,0,0,0,0,4072,-7400,0.32926829268292684
2021-05-09T00:00:00.000,1:58,40.659016,-73.95673,0,0,0,0,4065,-7395,0.38686131386861317
2021-05-09T00:00:00.000,12:20,40.62374,-73.92448,2,0,1,1,4062,-7392,0.3611111111111111
2021-05-09T00:00:00.000,1:10,40.81175,-73.93144,0,0,0,0,4081,-7393,0.32432432432432434
2021-04-29T00:00:00.000,7:47,40.80684,-73.9275,0,0,0,0,4080,-7392,0.3141025641025641
2021-05-07T00:00:00.000,17:30,40.669132,-73.97745,0,0,0,0,4066,-7397,0.24390243902439024
2021-05-09T00:00:00.000,10:00,40.6029,-73.76673,0,0,0,0,4060,-7376,0.19230769230769232
2021-05-09T00:00:00.000,19:40,40.606407,-74.18937,0,0,0,0,4060,-7418,0.4
2021-05-09T00:00:00.000,12:00,40.84492,-73.90552,0,0,0,0,4084,-7390,0.366120218579235
2021-05-07T00:00:00.000,21:34,40.697773,-73.88772,2,0,1,1,4069,-7388,0.4375
2021-05-06T00:00:00.000,20:29,40.820305,-73.89083,0,0,0,0,4082,-7389,0.37423312883435583
2021-05-09T00:00:00.000,16:09,40.670277,-73.92542,0,0,0,0,4067,-7392,0.39655172413793105
2021-05-08T00:00:00.000,22:00,40.821037,-73.9552,0,0,0,0,4082,-7395,0.4117647058823529
2021-05-09T00:00:00.000,20:43,40.845325,-73.93872,0,0,0,0,4084,-7393,0.32786885245901637
2021-12-19T00:00:00.000,2:00,40.60968,-73.99298,0,0,0,0,4060,-7399,0.31683168316831684
2021-05-09T00:00:00.000,23:00,40.692764,-73.86109,0,0,0,0,4069,-7386,0.21052631578947367
2021-05-09T00:00:00.000,4:20,40.560394,-74.120056,0,0,0,0,4056,-7412,0.2222222222222222
2021-05-08T00:00:00.000,10:30,40.6687,-73.9965,0,0,0,0,4066,-7399,0.40540540540540543
2021-05-09T00:00:00.000,4:36,40.691864,-73.862076,0,0,0,0,4069,-7386,0.21052631578947367
2021-05-06T00:00:00.000,10:30,40.74428,-73.861786,1,0,1,1,4074,-7386,0.3813559322033898
2021-05-09T00:00:00.000,19:25,40.761234,-73.96389,0,0,0,0,4076,-7396,0.3023255813953488
2021-05-09T00:00:00.000,21:00,40.761692,-73.91789,1,0,1,1,4076,-7391,0.40476190476190477
2021-05-08T00:00:00.000,11:35,40.695538,-73.74831,0,0,0,0,4069,-7374,0.46774193548387094
2021-05-09T00:00:00.000,0:30,40.71786,-73.948326,1,0,1,1,4071,-7394,0.3710691823899371
2021-05-09T00:00:00.000,5:00,40.685917,-73.87071,0,0,0,0,4068,-7387,0.24719101123595505
2021-05-09T00:00:00.000,11:40,40.765873,-73.8089,0,0,0,0,4076,-7380,0.4
2021-05-09T00:00:00.000,20:20,40.63407,-74.105385,0,0,0,0,4063,-7410,0.4117647058823529
2021-05-09T00:00:00.000,21:00,40.699844,-73.991035,1,0,1,1,4069,-7399,0.29473684210526313
2021-05-09T00:00:00.000,6:57,40.82485,-73.911316,1,0,1,1,4082,-7391,0.3355263157894737
2021-05-09T00:00:00.000,20:45,40.85458,-73.9162,0,0,0,0,4085,-7391,0.373134328358209
2022-03-26T00:00:00.000,19:03,40.878,-73.90408,1,0,1,1,4087,-7390,0.3184713375796178
2021-05-06T00:00:00.000,19:44,40.648308,-74.01412,1,0,1,1,4064,-7401,0.4295774647887324
2021-05-09T00:00:00.000,2:55,40.755222,-73.96135,0,0,0,0,4075,-7396,0.4788732394366197
2021-05-06T00:00:00.000,23:00,40.757824,-73.86101,2,0,1,1,4075,-7386,0.33653846153846156
2021-05-08T00:00:00.000,15:00,40.798622,-73.94163,1,0,1,1,4079,-7394,0.3523809523809524
2021-04-15T00:00:00.000,6:50,40.7424,-73.85399,0,0,0,0,4074,-7385,0.35526315789473684
2021-05-09T00:00:00.000,21:45,40.781693,-73.82225,0,0,0,0,4078,-7382,0.3
2021-05-09T00:00:00.000,0:37,40.6229,-73.92631,4,0,1,1,4062,-7392,0.3611111111111111
2021-05-09T00:00:00.000,22:40,40.89371,-73.88558,0,0,0,0,4089,-7388,0.5
2021-05-08T00:00:00.000,20:00,40.83016,-73.94167,1,0,1,1,4083,-7394,0.38926174496644295
2021-05-09T00:00:00.000,21:00,40.744347,-73.92891,0,0,0,0,4074,-7392,0.3709677419354839
2021-05-09T00:00:00.000,12:00,40.7114,-73.741,0,0,0,0,4071,-7374,0.23404255319148937
2021-05-08T00:00:00.000,14:25,40.668495,-73.925606,0,0,0,0,4066,-7392,0.355
2021-05-09T00:00:00.000,23:47,40.661865,-73.88984,0,0,0,0,4066,-7388,0.37012987012987014
2021-05-01T00:00:00.000,1:24,40.67119,-73.8387,0,0,0,0,4067,-7383,0.48148148148148145
2021-05-09T00:00:00.000,10:33,40.75732,-73.834015,0,0,0,0,4075,-7383,0.37681159420289856
2021-05-09T00:00:00.000,23:30,40.879807,-73.906586,1,0,1,1,4087,-7390,0.3184713375796178
2021-05-09T00:00:00.000,5:00,40.685818,-73.87107,0,0,0,0,4068,-7387,0.24719101123595505
2021-05-08T00:00:00.000,21:00,40.773922,-73.9297,0,0,0,0,4077,-7392,0.3269230769230769
2021-05-09T00:00:00.000,12:36,40.747513,-73.9688,1,0,1,1,4074,-7396,0.7
2021-05-09T00:00:00.000,13:27,40.64608,-73.98445,0,0,0,0,4064,-7398,0.40425531914893614
2021-05-05T00:00:00.000,16:27,40.769188,-73.8009,0,0,0,0,4076,-7380,0.4
2021-05-06T00:00:00.000,14:00,40.669197,-73.96212,1,0,1,1,4066,-7396,0.4074074074074074
2021-05-09T00:00:00.000,16:20,40.711693,-73.95124,0,0,0,0,4071,-7395,0.36585365853658536
2021-05-09T00:00:00.000,16:10,40.84962,-73.91938,3,0,1,1,4084,-7391,0.32558139534883723
2021-05-04T00:00:00.000,8:23,40.885647,-73.84402,1,0,1,1,4088,-7384,0.4153846153846154
2021-12-20T00:00:00.000,1:09,40.80534,-73.92095,1,0,1,1,4080,-7392,0.3141025641025641
2021-05-02T00:00:00.000,1:20,40.71531,-73.826385,0,0,0,0,4071,-7382,0.379746835443038
2021-05-09T00:00:00.000,8:30,40.64663,-73.95566,0,0,0,0,4064,-7395,0.4796747967479675
2021-05-09T00:00:00.000,4:08,40.583652,-73.94356,0,0,0,0,4058,-7394,0.40816326530612246
2021-05-09T00:00:00.000,8:16,40.75667,-73.828804,1,0,1,1,4075,-7382,0.4915254237288136
2021-05-09T00:00:00.000,21:00,40.674397,-73.896515,0,0,0,0,4067,-7389,0.33852140077821014
2021-05-09T00:00:00.000,22:30,40.750782,-73.90107,3,0,1,1,4075,-7390,0.37254901960784315
2021-05-09T00:00:00.000,18:35,40.609463,-73.97419,1,0,1,1,4060,-7397,0.3469387755102041
2021-05-09T00:00:00.000,19:35,40.6603,-73.980446,0,0,0,0,4066,-7398,0.421875
2021-05-09T00:00:00.000,15:00,40.828625,-73.945854,0,0,0,0,4082,-7394,0.3812154696132597
2021-05-09T00:00:00.000,7:30,40.879032,-73.87425,0,0,0,0,4087,-7387,0.297029702970297
2021-05-09T00:00:00.000,19:29,40.69003,-73.911,0,0,0,0,4069,-7391,0.2709677419354839
2021-05-05T00:00:00.000,13:20,40.75203,-73.92915,2,0,1,1,4075,-7392,0.48148148148148145
2021-05-09T00:00:00.000,1:10,40.667385,-73.88709,1,0,1,1,4066,-7388,0.37012987012987014
2021-05-09T00:00:00.000,1:50,40.853474,-73.906456,2,0,1,1,4085,-7390,0.42207792207792205
2021-05-03T00:00:00.000,22:50,40.704082,-73.81094,0,0,0,0,4070,-7381,0.3194444444444444
2021-05-09T00:00:00.000,18:00,40.68022,-73.82121,0,0,0,0,4068,-7382,0.41975308641975306
2021-05-04T00:00:00.000,13:10,40.790417,-73.95184,0,0,0,0,4079,-7395,0.42
2021-05-09T00:00:00.000,12:05,40.596966,-73.931496,3,0,1,1,4059,-7393,0.47058823529411764
2021-05-09T00:00:00.000,0:45,40.88601,-73.85808,0,0,0,0,4088,-7385,0.36619718309859156
2021-05-02T00:00:00.000,9:15,40.72593,-73.8969,1,0,1,1,4072,-7389,0.41379310344827586
2021-05-09T00:00:00.000,18:59,40.747395,-73.853546,1,0,1,1,4074,-7385,0.35526315789473684
2021-05-09T00:00:00.000,17:00,40.723072,-73.94028,0,0,0,0,4072,-7394,0.19801980198019803
2021-04-19T00:00:00.000,7:40,40.757824,-73.86101,1,0,1,1,4075,-7386,0.33653846153846156
2021-04-09T00:00:00.000,15:00,40.66594,-73.944336,0,0,0,0,4066,-7394,0.36792452830188677
2021-05-06T00:00:00.000,22:17,40.683376,-73.76043,0,0,0,0,4068,-7376,0.35714285714285715
2021-05-09T00:00:00.000,1:30,40.87911,-73.84325,2,0,1,1,4087,-7384,0.47297297297297297
2021-05-09T00:00:00.000,4:39,40.803024,-73.93632,0,0,0,0,4080,-7393,0.36312849162011174
2021-05-08T00:00:00.000,23:28,40.797478,-73.9488,0,0,0,0,4079,-7394,0.3523809523809524
2021-05-09T00:00:00.000,22:43,40.861862,-73.91282,1,0,1,1,4086,-7391,0.38016528925619836
2021-05-09T00:00:00.000,21:39,40.616554,-73.99659,0,0,0,0,4061,-7399,0.29411764705882354
2021-05-08T00:00:00.000,10:22,40.71935,-73.91233,0,0,0,0,4071,-7391,0.1836734693877551
2021-05-08T00:00:00.000,14:30,40.67445,-73.97957,0,0,0,0,4067,-7397,0.2818181818181818
2021-05-09T00:00:00.000,16:33,40.62145,-73.99404,1,0,1,1,4062,-7399,0.3835616438356164
2021-12-20T00:00:00.000,20:34,40.696125,-73.936195,0,0,0,0,4069,-7393,0.3141025641025641
2021-05-09T00:00:00.000,6:59,40.6913,-73.9455,0,0,0,0,4069,-7394,0.417910447761194
2021-05-04T00:00:00.000,17:35,40.69133,-73.95177,0,0,0,0,4069,-7395,0.30952380952380953
2021-05-09T00:00:00.000,20:50,40.629986,-73.97157,0,0,0,0,4062,-7397,0.38666666666666666
2021-05-09T00:00:00.000,13:15,40.604885,-73.9987,0,0,0,0,4060,-7399,0.31683168316831684
2021-05-04T00:00:00.000,14:25,40.678276,-73.910805,0,0,0,0,4067,-7391,0.36597938144329895
2021-05-09T00:00:00.000,19:10,40.69103,-73.78079,0,0,0,0,4069,-7378,0.29310344827586204
2021-05-09T00:00:00.000,2:00,40.55289,-74.19154,1,0,1,1,4055,-7419,0.36363636363636365
2021-05-05T00:00:00.000,18:10,40.707516,-73.94119,1,0,1,1,4070,-7394,0.3956043956043956
2021-04-30T00:00:00.000,20:50,40.876835,-73.8585,0,0,0,0,4087,-7385,0.37681159420289856
2021-05-09T00:00:00.000,0:02,40.62973,-73.922226,2,0,1,1,4062,-7392,0.3611111111111111
2021-05-08T00:00:00.000,7:30,40.704018,-73.89795,0,0,0,0,4070,-7389,0.2711864406779661
2021-05-09T00:00:00.000,13:40,40.615364,-73.94575,0,0,0,0,4061,-7394,0.48484848484848486
2021-05-09T00:00:00.000,20:51,40.744846,-73.835686,1,0,1,1,4074,-7383,0.4067796610169492
2021-05-09T00:00:00.000,7:56,40.725777,-73.79175,0,0,0,0,4072,-7379,0.3333333333333333
2021-05-09T00:00:00.000,22:00,40.820824,-73.91562,0,0,0,0,4082,-7391,0.3355263157894737
2021-05-08T00:00:00.000,10:25,40.676006,-73.98352,0,0,0,0,4067,-7398,0.3655913978494624
2021-12-15T00:00:00.000,7:47,40.648243,-73.929,1,0,1,1,4064,-7392,0.4077669902912621
2021-05-09T00:00:00.000,14:00,40.898243,-73.858864,0,0,0,0,4089,-7385,0.3813559322033898
2021-05-09T00:00:00.000,13:00,40.67978,-73.823875,0,0,0,0,4067,-7382,0.4186046511627907
2021-05-09T00:00:00.000,2:57,40.60797,-73.754196,0,0,0,0,4060,-7375,0.17117117117117117
2021-05-09T00:00:00.000,14:40,40.83932,-73.91503,1,0,1,1,4083,-7391,0.33714285714285713
2021-05-09T00:00:00.000,19:50,40.715954,-73.986725,1,0,1,1,4071,-7398,0.39568345323741005
2021-05-09T00:00:00.000,19:11,40.65676,-73.960144,0,0,0,0,4065,-7396,0.3939393939393939
2021-05-09T00:00:00.000,12:30,40.71236,-73.95896,0,0,0,0,4071,-7395,0.36585365853658536
2021-04-30T00:00:00.000,17:54,40.69524,-73.87571,0,0,0,0,4069,-7387,0.5
2021-05-08T00:00:00.000,17:55,40.66962,-73.91112,1,0,1,1,4066,-7391,0.3630952380952381
2021-05-09T00:00:00.000,21:45,40.7453,-73.986855,0,0,0,0,4074,-7398,0.40131578947368424
2021-05-09T00:00:00.000,20:48,40.854477,-73.90125,3,0,1,1,4085,-7390,0.42207792207792205
2021-05-03T00:00:00.000,9:30,40.728947,-73.92793,0,0,0,0,4072,-7392,0.4
2021-05-09T00:00:00.000,16:15,40.666233,-73.761,0,0,0,0,4066,-7376,0.30434782608695654
2021-05-09T00:00:00.000,23:05,40.762093,-73.75691,3,0,1,1,4076,-7375,0.3409090909090909
2021-05-09T00:00:00.000,17:10,40.62824,-74.00838,0,0,0,0,4062,-7400,0.3150684931506849
2021-05-09T00:00:00.000,16:30,40.665188,-73.86939,0,0,0,0,4066,-7386,0.35
2021-05-05T00:00:00.000,22:00,40.61408,-74.072464,1,0,1,1,4061,-7407,0.2
2021-05-09T00:00:00.000,9:00,40.786797,-73.812195,0,0,0,0,4078,-7381,0.22580645161290322
2021-05-09T00:00:00.000,14:00,40.766617,-73.8389,1,0,1,1,4076,-7383,0.33695652173913043
2021-05-09T00:00:00.000,0:00,40.635258,-73.92745,1,0,1,1,4063,-7392,0.4036697247706422
2021-05-09T00:00:00.000,14:05,40.648567,-73.91781,0,0,0,0,4064,-7391,0.39805825242718446
2021-05-09T00:00:00.000,0:50,40.633224,-73.995186,0,0,0,0,4063,-7399,0.47692307692307695
2021-05-09T00:00:00.000,17:16,40.586117,-73.93604,1,0,1,1,4058,-7393,0.24324324324324326
2021-05-09T00:00:00.000,13:00,40.67772,-73.86486,0,0,0,0,4067,-7386,0.3431372549019608
2021-05-09T00:00:00.000,18:20,40.722496,-73.940414,0,0,0,0,4072,-7394,0.19801980198019803
2021-05-09T00:00:00.000,14:50,40.680214,-73.94628,1,0,1,1,4068,-7394,0.4409448818897638
2021-04-26T00:00:00.000,18:30,40.755764,-73.904106,1,0,1,1,4075,-7390,0.37254901960784315
2021-05-07T00:00:00.000,6:40,40.64554,-74.01708,0,0,0,0,4064,-7401,0.4295774647887324
2021-05-09T00:00:00.000,5:38,40.71976,-73.94476,1,0,1,1,4071,-7394,0.3710691823899371
2021-05-09T00:00:00.000,13:40,40.590393,-73.788734,0,0,0,0,4059,-7378,0.14705882352941177
2021-05-09T00:00:00.000,5:15,40.784985,-73.94345,0,0,0,0,4078,-7394,0.33513513513513515
2021-05-09T00:00:00.000,20:15,40.576374,-74.00788,0,0,0,0,4057,-7400,0.3157894736842105
2021-05-09T00:00:00.000,18:45,40.683655,-74.000404,0,0,0,0,4068,-7400,0.3333333333333333
2021-05-02T00:00:00.000,15:40,40.604755,-73.75113,0,0,0,0,4060,-7375,0.17117117117117117
2021-05-09T00:00:00.000,11:16,40.64664,-73.9246,2,0,1,1,4064,-7392,0.4077669902912621
2021-12-20T00:00:00.000,0:00,40.856613,-73.86747,0,0,0,0,4085,-7386,0.33766233766233766
2021-04-27T00:00:00.000,0:54,40.705772,-73.89997,0,0,0,0,4070,-7389,0.2711864406779661
2021-05-09T00:00:00.000,21:56,40.69742,-73.93134,0,0,0,0,4069,-7393,0.3141025641025641
2021-05-09T00:00:00.000,18:39,40.63473,-74.109764,1,0,1,1,4063,-7410,0.4117647058823529
2021-05-09T00:00:00.000,16:16,40.85187,-73.853775,0,0,0,0,4085,-7385,0.3125
2021-05-09T00:00:00.000,1:20,40.752945,-73.89248,0,0,0,0,4075,-7389,0.4805194805194805
2021-05-09T00:00:00.000,18:35,40.71453,-73.9444,0,0,0,0,4071,-7394,0.3710691823899371
2021-05-09T00:00:00.000,19:23,40.803238,-73.93475,0,0,0,0,4080,-7393,0.36312849162011174
2021-12-17T00:00:00.000,8:33,40.623585,-74.08278,0,0,0,0,4062,-7408,0.2
2021-05-09T00:00:00.000,7:30,40.76311,-73.962524,0,0,0,0,4076,-7396,0.3023255813953488
2021-05-05T00:00:00.000,14:10,40.708504,-73.81954,0,0,0,0,4070,-7381,0.3194444444444444
2021-05-09T00:00:00.000,5:58,40.676647,-73.91647,1,0,1,1,4067,-7391,0.36597938144329895
2021-05-09T00:00:00.000,23:12,40.75639,-73.859726,2,0,1,1,4075,-7385,0.3048780487804878
2021-05-09T00:00:00.000,11:20,40.645103,-74.01033,0,0,0,0,4064,-7401,0.4295774647887324
2021-05-06T00:00:00.000,13:00,40.649525,-73.98072,0,0,0,0,4064,-7398,0.40425531914893614
2021-05-04T00:00:00.000,11:00,40.683483,-73.773506,0,0,0,0,4068,-7377,0.3673469387755102
2021-05-09T00:00:00.000,19:45,40.663517,-73.957214,1,0,1,1,4066,-7395,0.44375
2021-04-23T00:00:00.000,18:39,40.70519,-73.90526,0,0,0,0,4070,-7390,0.37894736842105264
2021-05-09T00:00:00.000,3:30,40.710938,-73.77382,0,0,0,0,4071,-7377,0.20967741935483872
2021-05-07T00:00:00.000,17:30,40.70166,-73.961464,0,0,0,0,4070,-7396,0.3431372549019608
2021-05-09T00:00:00.000,14:00,40.697327,-73.89322,0,0,0,0,4069,-7389,0.3709677419354839
2021-05-09T00:00:00.000,12:50,40.66578,-73.91942,2,0,1,1,4066,-7391,0.3630952380952381
2021-05-09T00:00:00.000,2:30,40.70996,-73.989334,1,0,1,1,4070,-7398,0.21568627450980393
2021-05-09T00:00:00.000,15:23,40.80584,-73.96176,0,0,0,0,4080,-7396,0.31343283582089554
2021-05-09T00:00:00.000,18:10,40.65965,-73.773834,1,0,1,1,4065,-7377,0.3125
2021-05-09T00:00:00.000,3:42,40.891033,-73.8487,1,0,1,1,4089,-7384,0.3333333333333333
2021-05-07T00:00:00.000,20:00,40.74499,-73.89307,0,0,0,0,4074,-7389,0.3203125
2021-04-28T00:00:00.000,3:56,40.74541,-73.85549,0,0,0,0,4074,-7385,0.35526315789473684
2021-05-09T00:00:00.000,10:20,40.65492,-73.726395,1,0,1,1,4065,-7372,0.26666666666666666
2021-05-06T00:00:00.000,19:30,40.70103,-73.855,1,0,1,1,4070,-7385,0.39436619718309857
2021-05-08T00:00:00.000,20:51,40.67267,-73.770294,0,0,0,0,4067,-7377,0.32608695652173914
2021-05-09T00:00:00.000,22:30,40.649887,-73.96176,1,0,1,1,4064,-7396,0.4714285714285714
2021-04-27T00:00:00.000,8:20,40.703175,-73.88719,1,0,1,1,4070,-7388,0.3448275862068966
2020-05-10T00:00:00.000,0:51,40.84103,-73.94463,2,0,1,1,4084,-7394,0.17543859649122806
2021-05-09T00:00:00.000,1:23,40.681118,-73.90868,0,0,0,0,4068,-7390,0.4421052631578947
2021-05-05T00:00:00.000,9:00,40.663986,-73.9498,0,0,0,0,4066,-7394,0.36792452830188677
2021-05-09T00:00:00.000,12:00,40.600525,-73.94772,0,0,0,0,4060,-7394,0.5217391304347826
2021-05-09T00:00:00.000,0:00,40.848263,-73.92049,0,0,0,0,4084,-7392,0.3181818181818182
2021-05-07T00:00:00.000,16:00,40.677364,-73.90798,0,0,0,0,4067,-7390,0.3282442748091603
2021-05-09T00:00:00.000,22:57,40.65994,-73.95347,0,0,0,0,4065,-7395,0.38686131386861317
2021-05-07T00:00:00.000,6:00,40.75,-73.89924,0,0,0,0,4075,-7389,0.4805194805194805
2021-05-09T00:00:00.000,18:31,40.7672,-73.887825,1,0,1,1,4076,-7388,0.43283582089552236
2021-05-09T00:00:00.000,22:55,40.622837,-73.973526,0,0,0,0,4062,-7397,0.38666666666666666
2021-05-09T00:00:00.000,10:45,40.675423,-73.842926,0,0,0,0,4067,-7384,0.28888888888888886
2021-05-08T00:00:00.000,12:54,40.59511,-73.75955,0,0,0,0,4059,-7375,0.17777777777777778
2021-05-09T00:00:00.000,8:45,40.59691,-74.19134,0,0,0,0,4059,-7419,0.0
2021-05-09T00:00:00.000,12:45,40.713932,-73.99157,1,0,1,1,4071,-7399,0.3263157894736842
2021-05-09T00:00:00.000,22:03,40.67509,-73.89187,1,0,1,1,4067,-7389,0.33852140077821014
2021-05-09T00:00:00.000,8:28,40.71043,-73.79133,1,0,1,1,4071,-7379,0.3888888888888889
2021-05-09T00:00:00.000,22:40,40.57322,-74.106995,1,0,1,1,4057,-7410,0.3877551020408163
2021-05-08T00:00:00.000,3:50,40.677414,-73.98305,3,0,1,1,4067,-7398,0.3655913978494624
2021-05-09T00:00:00.000,21:10,40.670555,-73.85634,2,0,1,1,4067,-7385,0.26666666666666666
2021-05-05T00:00:00.000,22:50,40.680573,-73.80003,1,0,1,1,4068,-7380,0.3829787234042553
2021-05-09T00:00:00.000,6:10,40.68645,-73.761185,1,0,1,1,4068,-7376,0.35714285714285715
2021-04-22T00:00:00.000,0:00,40.704845,-73.892136,0,0,0,0,4070,-7389,0.2711864406779661
2021-05-09T00:00:00.000,13:30,40.684494,-73.83719,1,0,1,1,4068,-7383,0.45454545454545453
2021-05-04T00:00:00.000,19:00,40.644363,-74.01364,1,0,1,1,4064,-7401,0.4295774647887324
2021-12-19T00:00:00.000,22:00,40.80701,-73.91064,0,0,0,0,4080,-7391,0.38961038961038963
2021-12-20T00:00:00.000,1:50,40.72201,-73.86907,0,0,0,0,4072,-7386,0.42424242424242425
2021-12-20T00:00:00.000,17:24,40.749893,-73.76754,0,0,0,0,4074,-7376,0.3333333333333333
2021-12-14T00:00:00.000,0:40,40.83162,-73.847824,1,0,1,1,4083,-7384,0.22727272727272727
2021-12-20T00:00:00.000,14:35,40.862,-73.89099,0,0,0,0,4086,-7389,0.40606060606060607
2021-12-20T00:00:00.000,7:30,40.678417,-73.729225,0,0,0,0,4067,-7372,0.3888888888888889
2021-12-20T00:00:00.000,6:00,40.614918,-73.91468,0,0,0,0,4061,-7391,0.358974358974359
2021-12-20T00:00:00.000,8:31,40.79293,-73.94791,0,0,0,0,4079,-7394,0.3523809523809524
2021-12-20T00:00:00.000,12:40,40.59038,-74.19295,0,0,0,0,4059,-7419,0.0
2021-12-20T00:00:00.000,2:00,40.69611,-73.96406,0,0,0,0,4069,-7396,0.325
2021-12-13T00:00:00.000,12:45,40.67456,-73.88682,1,0,1,1,4067,-7388,0.30434782608695654
2021-12-16T00:00:00.000,22:30,40.83846,-73.90175,1,0,1,1,4083,-7390,0.3064516129032258
2021-12-19T00:00:00.000,18:58,40.725933,-74.003876,2,0,1,1,4072,-7400,0.32926829268292684
2021-12-20T00:00:00.000,7:00,40.853523,-73.90273,1,0,1,1,4085,-7390,0.42207792207792205
2021-12-18T00:00:00.000,7:30,40.835484,-73.9494,1,0,1,1,4083,-7394,0.38926174496644295
2021-12-17T00:00:00.000,11:55,40.744816,-73.97998,1,0,1,1,4074,-7397,0.4810810810810811
2021-12-20T00:00:00.000,2:51,40.85887,-73.835175,0,0,0,0,4085,-7383,0.25
2021-12-06T00:00:00.000,9:00,40.677414,-73.93033,0,0,0,0,4067,-7393,0.3755868544600939
2021-12-20T00:00:00.000,9:30,40.768887,-73.90691,0,0,0,0,4076,-7390,0.3055555555555556
2021-12-20T00:00:00.000,19:00,40.733498,-73.87038,0,0,0,0,4073,-7387,0.3140495867768595
2021-12-19T00:00:00.000,22:30,40.60301,-74.016884,0,0,0,0,4060,-7401,0.30357142857142855
2021-12-20T00:00:00.000,19:09,40.600082,-73.96591,0,0,0,0,4060,-7396,0.5714285714285714
2021-12-19T00:00:00.000,15:08,40.859642,-73.899826,0,0,0,0,4085,-7389,0.3353658536585366
2021-12-20T00:00:00.000,5:15,40.80623,-73.91206,1,0,1,1,4080,-7391,0.38961038961038963
2021-12-20T00:00:00.000,12:30,40.60309,-73.99262,1,0,1,1,4060,-7399,0.31683168316831684
2021-12-20T00:00:00.000,14:45,40.63073,-74.01734,0,0,0,0,4063,-7401,0.37777777777777777
2021-12-20T00:00:00.000,8:25,40.719604,-73.81323,0,0,0,0,4071,-7381,0.3448275862068966
2021-12-20T00:00:00.000,9:20,40.760612,-73.872894,0,0,0,0,4076,-7387,0.48214285714285715
2021-12-06T00:00:00.000,15:18,40.82929,-73.88029,1,0,1,1,4082,-7388,0.27624309392265195
2021-12-20T00:00:00.000,17:05,40.671684,-73.912224,0,0,0,0,4067,-7391,0.36597938144329895
2021-12-20T00:00:00.000,19:35,40.68024,-73.946754,0,0,0,0,4068,-7394,0.4409448818897638
2021-12-20T00:00:00.000,8:10,40.664265,-73.957375,0,0,0,0,4066,-7395,0.44375
2021-11-30T00:00:00.000,11:30,40.676937,-73.92183,0,0,0,0,4067,-7392,0.39655172413793105
2021-12-20T00:00:00.000,9:03,40.811623,-73.92398,1,0,1,1,4081,-7392,0.4714285714285714
2021-12-20T00:00:00.000,17:00,40.844975,-73.91877,0,0,0,0,4084,-7391,0.32558139534883723
2021-12-18T00:00:00.000,6:45,40.829147,-73.8793,0,0,0,0,4082,-7387,0.33544303797468356
2021-12-16T00:00:00.000,16:25,40.740185,-73.986374,0,0,0,0,4074,-7398,0.40131578947368424
2021-12-20T00:00:00.000,9:33,40.67911,-73.98128,1,0,1,1,4067,-7398,0.3655913978494624
2021-12-20T00:00:00.000,13:55,40.684,-73.95031,1,0,1,1,4068,-7395,0.38571428571428573
2021-12-16T00:00:00.000,12:45,40.80897,-73.94833,0,0,0,0,4080,-7394,0.41116751269035534
2021-12-20T00:00:00.000,17:19,40.741356,-73.989136,1,0,1,1,4074,-7398,0.40131578947368424
2021-12-20T00:00:00.000,11:15,40.59332,-73.77272,0,0,0,0,4059,-7377,0.2692307692307692
2022-02-19T00:00:00.000,6:15,40.742874,-73.933945,0,0,0,0,4074,-7393,0.3333333333333333
2022-03-28T00:00:00.000,21:45,40.62247,-74.0172,1,0,1,1,4062,-7401,0.3829787234042553
2022-03-28T00:00:00.000,16:00,40.71196,-73.9407,0,0,0,0,4071,-7394,0.3710691823899371
2022-03-20T00:00:00.000,13:30,40.619007,-74.04096,0,0,0,0,4061,-7404,0.0
2022-03-28T00:00:00.000,15:45,40.73378,-73.98065,0,0,0,0,4073,-7398,0.36942675159235666
2022-03-28T00:00:00.000,19:12,40.61462,-73.968666,0,0,0,0,4061,-7396,0.30666666666666664
2024-09-29T00:00:00.000,7:24,40.61047,-74.11837,0,0,0,0,4061,-7411,0.36
2022-03-28T00:00:00.000,13:40,40.618004,-74.02657,0,0,0,0,4061,-7402,0.4090909090909091
2022-03-26T00:00:00.000,23:43,40.75352,-73.93448,0,0,0,0,4075,-7393,0.43478260869565216
2022-03-28T00:00:00.000,20:35,40.831043,-73.88071,0,0,0,0,4083,-7388,0.26717557251908397
2022-03-28T00:00:00.000,10:29,40.643925,-74.09839,0,0,0,0,4064,-7409,0.3333333333333333
2022-03-28T00:00:00.000,8:00,40.68817,-73.98399,1,0,1,1,4068,-7398,0.3873239436619718
2022-03-28T00:00:00.000,19:04,40.876877,-73.9034,4,0,1,1,4087,-7390,0.3184713375796178
2022-03-28T00:00:00.000,10:05,40.694214,-73.95932,0,0,0,0,4069,-7395,0.30952380952380953
2022-03-28T00:00:00.000,6:20,40.73738,-73.7235,1,0,1,1,4073,-7372,0.3333333333333333
2022-03-28T00:00:00.000,4:20,40.843002,-73.90359,0,0,0,0,4084,-7390,0.366120218579235
2022-03-28T00:00:00.000,6:40,40.678455,-73.949684,0,0,0,0,4067,-7394,0.34074074074074073
2022-03-28T00:00:00.000,19:30,40.61204,-73.97848,0,0,0,0,4061,-7397,0.421875
2022-03-28T00:00:00.000,17:00,40.662724,-73.766594,0,0,0,0,4066,-7376,0.30434782608695654
2022-03-26T00:00:00.000,19:00,40.68063,-73.976875,0,0,0,0,4068,-7397,0.3412322274881517
2022-03-28T00:00:00.000,15:28,40.823887,-73.95232,0,0,0,0,4082,-7395,0.4117647058823529
2022-03-28T00:00:00.000,15:30,40.68357,-73.85522,0,0,0,0,4068,-7385,0.43103448275862066
2022-03-25T00:00:00.000,18:35,40.830536,-73.91571,1,0,1,1,4083,-7391,0.33714285714285713
2022-03-28T00:00:00.000,12:53,40.68414,-73.969055,0,0,0,0,4068,-7396,0.42567567567567566
2022-03-28T00:00:00.000,14:25,40.753143,-73.75645,0,0,0,0,4075,-7375,0.3333333333333333
2021-05-10T00:00:00.000,8:00,40.66478,-73.92559,0,0,0,0,4066,-7392,0.355
2022-03-28T00:00:00.000,23:15,40.811234,-73.934,0,0,0,0,4081,-7393,0.32432432432432434
2022-03-28T00:00:00.000,4:35,40.650307,-73.75696,1,0,1,1,4065,-7375,0.4166666666666667
2022-03-28T00:00:00.000,8:30,40.885086,-73.85194,0,0,0,0,4088,-7385,0.36619718309859156
2022-03-28T00:00:00.000,13:00,40.832558,-73.88538,0,0,0,0,4083,-7388,0.26717557251908397
2022-03-28T00:00:00.000,14:00,40.715534,-73.76331,0,0,0,0,4071,-7376,0.37142857142857144
2022-03-20T00:00:00.000,1:25,40.810997,-73.905846,0,0,0,0,4081,-7390,0.3888888888888889
2022-03-28T00:00:00.000,23:15,40.784245,-73.9471,1,0,1,1,4078,-7394,0.33513513513513515
2022-03-23T00:00:00.000,15:30,40.85365,-73.882744,0,0,0,0,4085,-7388,0.3
2022-03-28T00:00:00.000,19:37,40.65344,-73.97748,1,0,1,1,4065,-7397,0.4074074074074074
2022-03-28T00:00:00.000,3:18,40.74221,-73.88159,1,0,1,1,4074,-7388,0.2978723404255319
2022-03-28T00:00:00.000,9:30,40.679653,-73.77724,0,0,0,0,4067,-7377,0.32608695652173914
2022-03-28T00:00:00.000,11:45,40.694576,-73.95615,0,0,0,0,4069,-7395,0.30952380952380953
2022-03-28T00:00:00.000,14:20,40.87656,-73.90436,0,0,0,0,4087,-7390,0.3184713375796178
2022-03-28T00:00:00.000,16:57,40.820972,-73.892845,0,0,0,0,4082,-7389,0.37423312883435583
2022-03-28T00:00:00.000,19:15,40.706318,-73.953476,0,0,0,0,4070,-7395,0.3475177304964539
2022-03-28T00:00:00.000,17:23,40.715168,-74.000534,0,0,0,0,4071,-7400,0.25517241379310346
2022-03-28T00:00:00.000,14:12,40.65545,-73.863335,1,0,1,1,4065,-7386,0.36619718309859156
2022-03-28T00:00:00.000,9:44,40.7263,-73.94913,0,0,0,0,4072,-7394,0.19801980198019803
2022-03-28T00:00:00.000,23:05,40.760494,-73.87204,0,0,0,0,4076,-7387,0.48214285714285715
2022-03-28T00:00:00.000,9:07,40.855488,-73.830734,0,0,0,0,4085,-7383,0.25
2022-03-28T00:00:00.000,7:30,40.638145,-73.95874,0,0,0,0,4063,-7395,0.48484848484848486
2022-03-28T00:00:00.000,6:47,40.59609,-73.98129,0,0,0,0,4059,-7398,0.34146341463414637
2022-03-28T00:00:00.000,16:21,40.707592,-73.95555,0,0,0,0,4070,-7395,0.3475177304964539
2022-03-28T00:00:00.000,11:05,40.72521,-73.99586,0,0,0,0,4072,-7399,0.3829787234042553
2022-03-27T00:00:00.000,1:15,40.668797,-73.93113,0,0,0,0,4066,-7393,0.38578680203045684
2022-03-26T00:00:00.000,19:52,40.7087,-73.79931,1,0,1,1,4070,-7379,0.3978494623655914
2022-03-28T00:00:00.000,19:00,40.68676,-73.78449,1,0,1,1,4068,-7378,0.3384615384615385
2022-03-28T00:00:00.000,14:59,40.688786,-73.97847,0,0,0,0,4068,-7397,0.3412322274881517
2022-03-28T00:00:00.000,9:10,40.825436,-73.91593,0,0,0,0,4082,-7391,0.3355263157894737
2021-12-26T00:00:00.000,13:49,40.843147,-73.93455,1,0,1,1,4084,-7393,0.32786885245901637
2022-03-14T00:00:00.000,10:03,40.833206,-73.82797,0,0,0,0,4083,-7382,0.44680851063829785
2022-03-28T00:00:00.000,19:52,40.59863,-73.95827,1,0,1,1,4059,-7395,0.3181818181818182
2022-04-24T00:00:00.000,21:50,40.663548,-73.93319,1,0,1,1,4066,-7393,0.38578680203045684
2022-04-19T00:00:00.000,13:55,40.71039,-73.98662,0,0,0,0,4071,-7398,0.39568345323741005
2022-04-24T00:00:00.000,21:00,0.0,0.0,4,0,1,1,0,0,0.40425531914893614
2022-04-24T00:00:00.000,13:30,40.50429,-74.24434,0,0,0,0,4050,-7424,0.1
2022-04-22T00:00:00.000,15:50,40.664062,-73.90958,1,0,1,1,4066,-7390,0.2777777777777778
2022-04-08T00:00:00.000,22:14,40.870422,-73.89958,0,0,0,0,4087,-7389,0.3333333333333333
2022-04-24T00:00:00.000,6:10,0.0,0.0,2,0,1,1,0,0,0.40425531914893614
2022-04-23T00:00:00.000,2:36,40.904434,-73.87828,1,0,1,1,4090,-7387,0.8
2022-04-24T00:00:00.000,2:43,0.0,0.0,0,0,0,0,0,0,0.40425531914893614
2022-04-22T00:00:00.000,1:39,0.0,0.0,1,0,1,1,0,0,0.40425531914893614
2022-04-11T00:00:00.000,2:21,40.875122,-73.905174,1,0,1,1,4087,-7390,0.3184713375796178
2022-04-23T00:00:00.000,0:11,40.722656,-74.003555,0,0,0,0,4072,-7400,0.32926829268292684
2022-04-24T00:00:00.000,15:13,40.73938,-73.86698,0,0,0,0,4073,-7386,0.3464566929133858
2022-04-24T00:00:00.000,14:15,40.72651,-73.93055,0,0,0,0,4072,-7393,0.36507936507936506
2022-04-04T00:00:00.000,15:00,40.651974,-73.86542,0,0,0,0,4065,-7386,0.36619718309859156
2022-04-22T00:00:00.000,8:00,40.69122,-73.93969,0,0,0,0,4069,-7393,0.3141025641025641
2022-04-24T00:00:00.000,7:00,40.84483,-73.880066,0,0,0,0,4084,-7388,0.390625
2022-04-24T00:00:00.000,20:30,40.845573,-73.879585,1,0,1,1,4084,-7387,0.48333333333333334
2022-04-23T00:00:00.000,0:45,40.69299,-73.95583,0,0,0,0,4069,-7395,0.30952380952380953
2022-04-24T00:00:00.000,16:06,40.81767,-73.92381,2,0,1,1,4081,-7392,0.4714285714285714
2022-06-06T00:00:00.000,15:28,40.75303,-73.92163,1,0,1,1,4075,-7392,0.48148148148148145
2022-06-12T00:00:00.000,18:07,40.645245,-74.003006,0,0,0,0,4064,-7400,0.36764705882352944
2022-06-26T00:00:00.000,13:45,40.681114,-73.79815,0,0,0,0,4068,-7379,0.35
2022-06-28T00:00:00.000,9:10,40.84597,-73.896545,0,0,0,0,4084,-7389,0.33766233766233766
2022-07-01T00:00:00.000,17:20,40.853233,-73.89175,0,0,0,0,4085,-7389,0.3353658536585366
2022-07-10T00:00:00.000,19:20,40.682724,-73.88539,0,0,0,0,4068,-7388,0.36538461538461536
2022-07-12T00:00:00.000,18:30,40.719147,-73.955376,0,0,0,0,4071,-7395,0.36585365853658536
2022-07-12T00:00:00.000,7:50,40.652916,-73.94498,1,0,1,1,4065,-7394,0.43137254901960786
2022-07-10T00:00:00.000,20:05,40.682037,-73.87788,0,0,0,0,4068,-7387,0.24719101123595505
2022-07-04T00:00:00.000,6:02,40.843365,-73.91545,0,0,0,0,4084,-7391,0.32558139534883723
2022-07-12T00:00:00.000,11:10,40.668026,-73.77343,0,0,0,0,4066,-7377,0.37362637362637363
2022-07-12T00:00:00.000,8:57,40.727947,-74.00315,1,0,1,1,4072,-7400,0.32926829268292684
2022-07-12T00:00:00.000,16:13,40.66495,-73.993355,1,0,1,1,4066,-7399,0.40540540540540543
2022-07-12T00:00:00.000,13:30,40.67814,-73.84885,0,0,0,0,4067,-7384,0.28888888888888886
2022-07-12T00:00:00.000,16:00,40.675312,-73.840576,0,0,0,0,4067,-7384,0.28888888888888886
2022-07-11T00:00:00.000,16:36,40.861862,-73.91275,0,0,0,0,4086,-7391,0.38016528925619836
2022-07-10T00:00:00.000,12:15,40.73351,-73.75989,0,0,0,0,4073,-7375,0.125
2022-07-10T00:00:00.000,9:00,40.683567,-73.94106,0,0,0,0,4068,-7394,0.4409448818897638
2022-07-12T00:00:00.000,13:16,40.791138,-73.93898,0,0,0,0,4079,-7393,0.36585365853658536
2022-06-25T00:00:00.000,18:00,40.59833,-73.776024,0,0,0,0,4059,-7377,0.2692307692307692
2022-07-12T00:00:00.000,8:30,40.72469,-73.89763,0,0,0,0,4072,-7389,0.41379310344827586
2022-07-12T00:00:00.000,20:42,40.66748,-73.92188,0,0,0,0,4066,-7392,0.355
2021-05-11T00:00:00.000,8:00,40.867554,-73.901634,0,0,0,0,4086,-7390,0.42748091603053434
2022-06-27T00:00:00.000,13:00,40.69447,-73.95709,0,0,0,0,4069,-7395,0.30952380952380953
2022-06-30T00:00:00.000,2:28,40.79976,-73.96622,1,0,1,1,4079,-7396,0.25
2022-06-23T00:00:00.000,10:00,40.77719,-73.95225,0,0,0,0,4077,-7395,0.3384615384615385
2022-07-01T00:00:00.000,5:50,40.656708,-73.95313,1,0,1,1,4065,-7395,0.38686131386861317
2022-06-20T00:00:00.000,1:15,40.65443,-74.00912,0,0,0,0,4065,-7400,0.41509433962264153
2022-06-29T00:00:00.000,13:26,40.83872,-73.91378,0,0,0,0,4083,-7391,0.33714285714285713
2022-06-29T00:00:00.000,18:08,40.758736,-73.97961,1,0,1,1,4075,-7397,0.375886524822695
2022-06-30T00:00:00.000,17:03,40.83082,-73.87001,1,0,1,1,4083,-7387,0.38414634146341464
2022-06-30T00:00:00.000,13:50,40.723248,-74.00497,0,0,0,0,4072,-7400,0.32926829268292684
2022-06-26T00:00:00.000,15:00,40.737633,-73.937996,0,0,0,0,4073,-7393,0.38461538461538464
2022-06-30T00:00:00.000,14:40,40.655872,-73.9564,1,0,1,1,4065,-7395,0.38686131386861317
2022-06-29T00:00:00.000,18:00,40.804256,-73.9193,0,0,0,0,4080,-7391,0.38961038961038963
2022-06-25T00:00:00.000,23:30,40.703537,-73.90339,0,0,0,0,4070,-7390,0.37894736842105264
2022-07-01T00:00:00.000,0:19,40.85162,-73.8265,1,0,1,1,4085,-7382,0.45714285714285713
2022-06-30T00:00:00.000,18:39,40.76739,-73.97073,1,0,1,1,4076,-7397,0.37
2022-06-29T00:00:00.000,0:00,40.81404,-73.9367,0,0,0,0,4081,-7393,0.32432432432432434
2022-06-24T00:00:00.000,6:30,40.606102,-74.07983,0,0,0,0,4060,-7407,0.25
2022-07-01T00:00:00.000,23:15,40.597183,-73.82094,2,0,1,1,4059,-7382,0.5
2022-06-30T00:00:00.000,1:54,40.859352,-73.872345,1,0,1,1,4085,-7387,0.375
2022-07-01T00:00:00.000,19:23,40.82843,-73.88105,0,0,0,0,4082,-7388,0.27624309392265195
2022-06-15T00:00:00.000,21:09,40.821476,-73.942894,1,0,1,1,4082,-7394,0.3812154696132597
2022-06-29T00:00:00.000,18:30,40.69614,-73.9734,0,0,0,0,4069,-7397,0.3253012048192771
2022-06-27T00:00:00.000,15:40,40.77204,-73.93224,0,0,0,0,4077,-7393,0.20833333333333334
2022-03-29T00:00:00.000,18:13,40.77428,-73.957306,1,0,1,1,4077,-7395,0.3384615384615385
2022-06-23T00:00:00.000,14:50,40.584324,-73.91604,0,0,0,0,4058,-7391,0.3888888888888889
2022-07-01T00:00:00.000,10:18,40.734882,-73.95791,0,0,0,0,4073,-7395,0.30434782608695654
2022-06-29T00:00:00.000,16:15,40.710983,-74.00052,0,0,0,0,4071,-7400,0.25517241379310346
2022-06-30T00:00:00.000,5:24,40.667316,-73.93683,0,0,0,0,4066,-7393,0.38578680203045684
2022-07-01T00:00:00.000,19:50,40.593918,-74.07091,0,0,0,0,4059,-7407,0.23076923076923078
2022-06-30T00:00:00.000,7:45,40.706753,-73.91437,1,0,1,1,4070,-7391,0.27450980392156865
2022-06-26T00:00:00.000,17:52,40.829956,-73.93009,1,0,1,1,4082,-7393,0.36645962732919257
2022-06-28T00:00:00.000,20:30,40.771343,-73.905235,0,0,0,0,4077,-7390,0.3404255319148936
2022-06-30T00:00:00.000,19:30,40.68197,-73.92887,0,0,0,0,4068,-7392,0.2542372881355932
2022-07-01T00:00:00.000,17:00,40.638588,-73.92899,1,0,1,1,4063,-7392,0.4036697247706422
2022-06-29T00:00:00.000,7:38,40.73974,-73.92319,3,0,1,1,4073,-7392,0.4444444444444444
2022-06-29T00:00:00.000,10:00,40.637894,-73.99838,1,0,1,1,4063,-7399,0.47692307692307695
2022-07-01T00:00:00.000,8:45,40.617897,-74.02931,1,0,1,1,4061,-7402,0.4090909090909091
2022-06-21T00:00:00.000,16:15,40.845837,-73.8255,0,0,0,0,4084,-7382,0.4
2022-06-29T00:00:00.000,15:00,40.69757,-73.87144,0,0,0,0,4069,-7387,0.5
2022-06-25T00:00:00.000,6:30,40.681503,-73.974236,0,0,0,0,4068,-7397,0.3412322274881517
2022-06-30T00:00:00.000,22:00,40.700462,-73.83593,1,0,1,1,4070,-7383,0.3541666666666667
2022-07-01T00:00:00.000,23:30,40.638744,-74.13535,1,0,1,1,4063,-7413,0.2903225806451613
2022-06-30T00:00:00.000,8:10,40.75221,-73.90443,1,0,1,1,4075,-7390,0.37254901960784315
2022-06-27T00:00:00.000,16:45,40.678574,-73.916306,1,0,1,1,4067,-7391,0.36597938144329895
2022-06-29T00:00:00.000,0:30,40.80142,-73.93446,0,0,0,0,4080,-7393,0.36312849162011174
2022-06-30T00:00:00.000,9:44,40.894054,-73.86248,0,0,0,0,4089,-7386,0.28205128205128205
2022-07-01T00:00:00.000,10:00,40.709064,-73.924194,1,0,1,1,4070,-7392,0.24305555555555555
2022-06-29T00:00:00.000,17:15,40.666397,-73.785,2,0,1,1,4066,-7378,0.34615384615384615
2022-07-01T00:00:00.000,21:30,40.64519,-73.948,1,0,1,1,4064,-7394,0.42342342342342343
2022-06-29T00:00:00.000,16:30,40.62336,-74.00336,0,0,0,0,4062,-7400,0.3150684931506849
2022-06-29T00:00:00.000,4:20,40.69255,-73.879875,0,0,0,0,4069,-7387,0.5
2022-07-01T00:00:00.000,12:55,40.696114,-73.98652,0,0,0,0,4069,-7398,0.3229166666666667
2022-07-01T00:00:00.000,23:16,40.836555,-73.94306,3,0,1,1,4083,-7394,0.38926174496644295
2022-06-28T00:00:00.000,15:00,40.84474,-73.922585,0,0,0,0,4084,-7392,0.3181818181818182
2022-06-27T00:00:00.000,6:40,40.83806,-73.94665,2,0,1,1,4083,-7394,0.38926174496644295
2022-07-01T00:00:00.000,12:15,40.89845,-73.85431,0,0,0,0,4089,-7385,0.3813559322033898
2022-07-01T00:00:00.000,19:53,40.631493,-73.971855,1,0,1,1,4063,-7397,0.36893203883495146
2022-06-23T00:00:00.000,13:16,40.726933,-73.99992,0,0,0,0,4072,-7399,0.3829787234042553
2022-06-30T00:00:00.000,8:25,40.751602,-73.93384,0,0,0,0,4075,-7393,0.43478260869565216
2022-06-30T00:00:00.000,8:00,40.666573,-73.811775,2,0,1,1,4066,-7381,0.4716981132075472
2022-06-29T00:00:00.000,1:30,40.828594,-73.92173,0,0,0,0,4082,-7392,0.3333333333333333
2022-06-30T00:00:00.000,13:00,40.619396,-73.969574,0,0,0,0,4061,-7396,0.30666666666666664
2022-06-30T00:00:00.000,0:15,40.662468,-73.9245,0,0,0,0,4066,-7392,0.355
2022-06-30T00:00:00.000,17:05,40.58395,-73.93743,0,0,0,0,4058,-7393,0.24324324324324326
2022-06-29T00:00:00.000,22:15,40.702496,-73.81303,1,0,1,1,4070,-7381,0.3194444444444444
2022-06-29T00:00:00.000,14:03,40.72621,-73.717705,0,0,0,0,4072,-7371,0.2857142857142857
2022-06-25T00:00:00.000,15:39,40.66916,-73.93796,2,0,1,1,4066,-7393,0.38578680203045684
2022-06-30T00:00:00.000,21:20,40.632435,-73.88818,1,0,1,1,4063,-7388,0.3835616438356164
2022-06-25T00:00:00.000,20:21,40.64916,-73.94552,2,0,1,1,4064,-7394,0.42342342342342343
2022-06-29T00:00:00.000,0:20,40.721027,-74.00489,0,0,0,0,4072,-7400,0.32926829268292684
2022-06-30T00:00:00.000,15:08,40.689217,-73.917656,0,0,0,0,4068,-7391,0.344
2022-06-30T00:00:00.000,8:04,40.72496,-73.82756,0,0,0,0,4072,-7382,0.45454545454545453
2022-06-30T00:00:00.000,19:30,40.675735,-73.89686,0,0,0,0,4067,-7389,0.33852140077821014
2022-06-27T00:00:00.000,1:40,40.817116,-73.88307,0,0,0,0,4081,-7388,0.25471698113207547
2022-07-01T00:00:00.000,17:11,40.765625,-73.7244,2,0,1,1,4076,-7372,0.3333333333333333
2022-06-29T00:00:00.000,17:00,40.61226,-73.98152,1,0,1,1,4061,-7398,0.3698630136986301
2022-06-29T00:00:00.000,0:16,40.708797,-74.01086,0,0,0,0,4070,-7401,0.140625
2022-06-27T00:00:00.000,0:00,40.74373,-73.85629,0,0,0,0,4074,-7385,0.35526315789473684
2022-06-30T00:00:00.000,17:01,40.850475,-73.915436,0,0,0,0,4085,-7391,0.373134328358209
2022-06-20T00:00:00.000,8:12,40.808716,-73.88497,1,0,1,1,4080,-7388,0.15789473684210525
2022-06-29T00:00:00.000,22:30,40.751633,-73.972466,0,0,0,0,4075,-7397,0.375886524822695
2022-07-01T00:00:00.000,10:20,40.67004,-73.93658,0,0,0,0,4067,-7393,0.3755868544600939
2022-06-29T00:00:00.000,9:50,40.73222,-73.95459,0,0,0,0,4073,-7395,0.30434782608695654
2022-06-29T00:00:00.000,15:15,40.70644,-73.75973,1,0,1,1,4070,-7375,0.4117647058823529
2022-06-24T00:00:00.000,13:00,40.675053,-73.947235,0,0,0,0,4067,-7394,0.34074074074074073
2022-05-31T00:00:00.000,9:45,40.80478,-73.936325,0,0,0,0,4080,-7393,0.36312849162011174
2022-06-24T00:00:00.000,10:00,40.661568,-73.9953,0,0,0,0,4066,-7399,0.40540540540540543
2022-06-30T00:00:00.000,8:50,40.7699,-73.91608,2,0,1,1,4076,-7391,0.40476190476190477
2022-06-30T00:00:00.000,0:17,40.669792,-73.8924,1,0,1,1,4066,-7389,0.3103448275862069
2022-07-01T00:00:00.000,10:30,40.87847,-73.90363,0,0,0,0,4087,-7390,0.3184713375796178
2022-06-29T00:00:00.000,15:04,40.674095,-73.911156,0,0,0,0,4067,-7391,0.36597938144329895
2022-06-29T00:00:00.000,18:30,40.886295,-73.847916,1,0,1,1,4088,-7384,0.4153846153846154
2022-07-01T00:00:00.000,22:30,40.69985,-73.991035,1,0,1,1,4069,-7399,0.29473684210526313
2022-07-01T00:00:00.000,2:59,40.830555,-73.832664,0,0,0,0,4083,-7383,0.36363636363636365
2022-06-30T00:00:00.000,7:26,40.71394,-74.01233,0,0,0,0,4071,-7401,0.3181818181818182
2022-06-30T00:00:00.000,11:10,40.703224,-73.82055,1,0,1,1,4070,-7382,0.4166666666666667
2022-06-30T00:00:00.000,9:44,40.709393,-73.91406,0,0,0,0,4070,-7391,0.27450980392156865
2022-06-30T00:00:00.000,0:00,40.892452,-73.8435,0,0,0,0,4089,-7384,0.3333333333333333
2022-07-01T00:00:00.000,15:20,40.651405,-73.95504,0,0,0,0,4065,-7395,0.38686131386861317
2022-07-01T00:00:00.000,10:17,40.6634,-73.97785,2,0,1,1,4066,-7397,0.24390243902439024
2022-06-30T00:00:00.000,9:00,40.761234,-73.96389,0,0,0,0,4076,-7396,0.3023255813953488
2022-06-29T00:00:00.000,22:43,40.66768,-73.961815,2,0,1,1,4066,-7396,0.4074074074074074
2022-06-30T00:00:00.000,11:45,40.641987,-74.01724,0,0,0,0,4064,-7401,0.4295774647887324
2022-06-21T00:00:00.000,9:20,40.81795,-73.95664,0,0,0,0,4081,-7395,0.3509933774834437
2021-12-20T00:00:00.000,12:50,40.58571,-73.91276,0,0,0,0,4058,-7391,0.3888888888888889
2021-12-17T00:00:00.000,12:30,40.683483,-73.773506,0,0,0,0,4068,-7377,0.3673469387755102
2021-11-27T00:00:00.000,2:29,40.834114,-73.86327,0,0,0,0,4083,-7386,0.24822695035460993
2021-12-17T00:00:00.000,7:30,40.679733,-73.97432,0,0,0,0,4067,-7397,0.2818181818181818
2021-12-21T00:00:00.000,16:25,40.7242,-73.93765,1,0,1,1,4072,-7393,0.36507936507936506
2021-12-20T00:00:00.000,19:53,0.0,0.0,1,0,1,1,0,0,0.40425531914893614
2021-12-21T00:00:00.000,0:00,40.834133,-73.91665,0,0,0,0,4083,-7391,0.33714285714285713
2021-12-21T00:00:00.000,10:00,40.714687,-73.94271,0,0,0,0,4071,-7394,0.3710691823899371
2021-12-19T00:00:00.000,21:47,40.62621,-73.927666,0,0,0,0,4062,-7392,0.3611111111111111
2022-01-07T00:00:00.000,15:00,40.791653,-73.84546,0,0,0,0,4079,-7384,0.125
2022-02-17T00:00:00.000,23:43,40.661385,-73.8841,0,0,0,0,4066,-7388,0.37012987012987014
2022-02-19T00:00:00.000,8:00,40.71282,-73.90378,1,0,1,1,4071,-7390,0.4
2022-02-19T00:00:00.000,21:10,40.71709,-73.82631,0,0,0,0,4071,-7382,0.379746835443038
2022-02-14T00:00:00.000,0:55,40.80549,-73.91031,1,0,1,1,4080,-7391,0.38961038961038963
2022-02-19T00:00:00.000,18:00,40.66696,-73.97822,1,0,1,1,4066,-7397,0.24390243902439024
2022-02-19T00:00:00.000,11:49,40.66278,-73.88086,0,0,0,0,4066,-7388,0.37012987012987014
2021-11-17T00:00:00.000,6:00,40.66675,-73.779945,0,1,2,1,4066,-7377,0.37362637362637363
2022-06-29T00:00:00.000,2:20,40.70568,-73.77114,0,0,0,0,4070,-7377,0.2413793103448276
2022-06-29T00:00:00.000,10:25,40.77048,-73.83565,0,0,0,0,4077,-7383,0.25
2021-05-12T00:00:00.000,1:00,40.81899,-73.89185,1,0,1,1,4081,-7389,0.31543624161073824
2021-09-21T00:00:00.000,23:30,40.6867,-73.9982,0,0,0,0,4068,-7399,0.17857142857142858
2022-06-29T00:00:00.000,14:20,40.770245,-73.815735,1,0,1,1,4077,-7381,0.3157894736842105
2022-06-30T00:00:00.000,3:37,40.796738,-73.92925,1,0,1,1,4079,-7392,0.4
2022-03-10T00:00:00.000,22:44,40.708927,-73.77733,0,0,0,0,4070,-7377,0.2413793103448276
2022-06-26T00:00:00.000,17:53,40.87514,-73.90499,0,0,0,0,4087,-7390,0.3184713375796178
2022-03-25T00:00:00.000,22:00,40.888416,-73.909,0,0,0,0,4088,-7390,0.2702702702702703
2021-12-21T00:00:00.000,9:05,40.6742,-73.999985,0,0,0,0,4067,-7399,0.3258426966292135
2021-12-21T00:00:00.000,3:20,40.840866,-73.87281,0,0,0,0,4084,-7387,0.48333333333333334
2021-12-21T00:00:00.000,19:42,40.73664,-73.86584,1,0,1,1,4073,-7386,0.3464566929133858
2021-12-16T00:00:00.000,19:20,40.586117,-73.93604,1,0,1,1,4058,-7393,0.24324324324324326
2021-12-21T00:00:00.000,6:40,40.630924,-74.00356,1,0,1,1,4063,-7400,0.3068181818181818
2021-12-21T00:00:00.000,0:20,40.654297,-73.72629,0,0,0,0,4065,-7372,0.26666666666666666
2021-12-21T00:00:00.000,14:45,40.60786,-73.9552,0,0,0,0,4060,-7395,0.4791666666666667
2021-12-21T00:00:00.000,15:23,40.875256,-73.84342,0,0,0,0,4087,-7384,0.47297297297297297
2021-12-21T00:00:00.000,17:10,40.68259,-73.80614,0,0,0,0,4068,-7380,0.3829787234042553
2021-12-21T00:00:00.000,6:22,40.80641,-73.9502,0,0,0,0,4080,-7395,0.381294964028777
2021-12-21T00:00:00.000,3:15,40.846443,-73.826004,1,0,1,1,4084,-7382,0.4
2021-12-21T00:00:00.000,15:30,40.562134,-74.11819,0,0,0,0,4056,-7411,0.3448275862068966
2021-12-16T00:00:00.000,5:24,40.634663,-74.10253,0,0,0,0,4063,-7410,0.4117647058823529
2021-12-19T00:00:00.000,4:45,40.68424,-73.8461,0,0,0,0,4068,-7384,0.3333333333333333
2021-12-21T00:00:00.000,8:00,40.74096,-73.88145,0,0,0,0,4074,-7388,0.2978723404255319
2021-12-21T00:00:00.000,11:49,40.78322,-73.84586,1,0,1,1,4078,-7384,0.23809523809523808
2021-12-21T00:00:00.000,15:15,40.702396,-73.88593,0,0,0,0,4070,-7388,0.3448275862068966
2021-12-21T00:00:00.000,14:00,40.581055,-74.153366,0,0,0,0,4058,-7415,0.42857142857142855
2021-12-21T00:00:00.000,13:43,40.65064,-73.94475,0,0,0,0,4065,-7394,0.43137254901960786
2021-12-21T00:00:00.000,18:00,40.646515,-73.974655,0,0,0,0,4064,-7397,0.4095238095238095
2021-12-21T00:00:00.000,19:00,40.65616,-73.76736,0,0,0,0,4065,-7376,0.35714285714285715
2021-12-21T00:00:00.000,10:15,40.707966,-74.013596,0,0,0,0,4070,-7401,0.140625
2021-12-21T00:00:00.000,14:16,40.6731,-73.79572,0,0,0,0,4067,-7379,0.4264705882352941
2021-12-21T00:00:00.000,13:46,40.76023,-73.979256,1,0,1,1,4076,-7397,0.37
2021-12-14T00:00:00.000,12:00,40.726112,-73.95415,0,0,0,0,4072,-7395,0.22093023255813954
2021-12-21T00:00:00.000,9:10,40.59039,-73.99155,1,0,1,1,4059,-7399,0.3076923076923077
2021-12-21T00:00:00.000,7:10,40.66901,-73.99678,0,0,0,0,4066,-7399,0.40540540540540543
2021-12-21T00:00:00.000,13:55,40.680923,-73.83544,0,0,0,0,4068,-7383,0.45454545454545453
2021-12-21T00:00:00.000,5:06,40.669544,-73.917145,0,0,0,0,4066,-7391,0.3630952380952381
2021-12-21T00:00:00.000,6:02,40.70978,-73.82043,0,0,0,0,4070,-7382,0.4166666666666667
2021-12-19T00:00:00.000,1:33,40.76869,-73.91107,0,0,0,0,4076,-7391,0.40476190476190477
2021-12-21T00:00:00.000,14:00,40.739574,-73.79167,0,0,0,0,4073,-7379,0.4
2021-12-21T00:00:00.000,12:00,40.67385,-73.90024,0,0,0,0,4067,-7390,0.3282442748091603
2021-12-21T00:00:00.000,10:00,40.81157,-73.914215,0,0,0,0,4081,-7391,0.47244094488188976
2021-12-21T00:00:00.000,7:35,40.781715,-73.823845,1,0,1,1,4078,-7382,0.3
2021-12-20T00:00:00.000,6:13,40.827656,-73.8861,1,0,1,1,4082,-7388,0.27624309392265195
2021-12-21T00:00:00.000,0:00,40.87772,-73.84179,1,0,1,1,4087,-7384,0.47297297297297297
2021-12-17T00:00:00.000,4:08,40.60534,-74.01584,0,0,0,0,4060,-7401,0.30357142857142855
2021-12-21T00:00:00.000,15:27,40.663555,-73.93162,1,0,1,1,4066,-7393,0.38578680203045684
2021-12-21T00:00:00.000,20:30,40.68442,-73.927155,1,0,1,1,4068,-7392,0.2542372881355932
2021-12-02T00:00:00.000,22:24,40.87829,-73.87006,0,0,0,0,4087,-7387,0.297029702970297
2021-12-21T00:00:00.000,17:57,40.67478,-73.806206,1,0,1,1,4067,-7380,0.24615384615384617
2021-12-21T00:00:00.000,15:00,40.641006,-74.08308,0,0,0,0,4064,-7408,0.2894736842105263
2021-12-21T00:00:00.000,8:26,40.850483,-73.922134,0,0,0,0,4085,-7392,0.22
2021-12-21T00:00:00.000,8:45,40.699707,-73.95718,0,0,0,0,4069,-7395,0.30952380952380953
2021-12-21T00:00:00.000,0:32,40.79896,-73.95191,0,0,0,0,4079,-7395,0.42
2021-12-21T00:00:00.000,13:30,40.666733,-73.95079,0,0,0,0,4066,-7395,0.44375
2021-12-19T00:00:00.000,1:00,40.66362,-73.777176,0,0,0,0,4066,-7377,0.37362637362637363
2021-12-21T00:00:00.000,18:01,40.648243,-73.929,0,0,0,0,4064,-7392,0.4077669902912621
2022-06-30T00:00:00.000,22:28,40.862442,-73.89715,0,0,0,0,4086,-7389,0.40606060606060607
2021-12-21T00:00:00.000,19:45,40.80801,-73.88961,0,0,0,0,4080,-7388,0.15789473684210525
2021-12-21T00:00:00.000,12:30,40.66614,-73.82326,0,0,0,0,4066,-7382,0.43103448275862066
2021-12-11T00:00:00.000,10:15,40.893097,-73.85644,0,0,0,0,4089,-7385,0.3813559322033898
2021-12-21T00:00:00.000,3:20,40.7549,-73.74548,0,0,0,0,4075,-7374,0.3333333333333333
2021-12-21T00:00:00.000,19:35,40.70297,-73.91822,0,0,0,0,4070,-7391,0.27450980392156865
2021-12-14T00:00:00.000,6:45,40.83917,-73.83629,1,0,1,1,4083,-7383,0.36363636363636365
2021-12-21T00:00:00.000,22:33,40.63955,-73.974785,1,0,1,1,4063,-7397,0.36893203883495146
2021-12-15T00:00:00.000,17:30,40.704853,-73.791664,1,0,1,1,4070,-7379,0.3978494623655914
2021-12-21T00:00:00.000,14:14,40.71983,-73.98755,0,0,0,0,4071,-7398,0.39568345323741005
2021-12-21T00:00:00.000,19:35,40.678257,-73.81522,1,0,1,1,4067,-7381,0.4230769230769231
2021-12-14T00:00:00.000,17:30,40.815754,-73.89529,0,0,0,0,4081,-7389,0.31543624161073824
2021-12-21T00:00:00.000,8:09,40.705658,-73.93171,0,0,0,0,4070,-7393,0.3300970873786408
2021-12-20T00:00:00.000,12:50,40.716034,-73.80663,0,0,0,0,4071,-7380,0.42105263157894735
2021-12-17T00:00:00.000,6:00,40.587692,-73.815346,0,0,0,0,4058,-7381,0.1875
2021-12-21T00:00:00.000,12:00,40.740532,-73.87635,0,0,0,0,4074,-7387,0.25663716814159293
2021-12-19T00:00:00.000,11:45,40.71727,-73.96286,0,0,0,0,4071,-7396,0.3218390804597701
2021-12-21T00:00:00.000,18:02,40.589108,-73.80101,1,0,1,1,4058,-7380,0.4
2021-12-21T00:00:00.000,15:30,40.73613,-73.755554,0,0,0,0,4073,-7375,0.125
2021-12-21T00:00:00.000,17:00,40.603836,-73.76337,1,0,1,1,4060,-7376,0.19230769230769232
2021-12-21T00:00:00.000,13:00,40.687195,-74.00165,1,0,1,1,4068,-7400,0.3333333333333333
2021-12-18T00:00:00.000,23:59,40.652462,-73.92285,0,0,0,0,4065,-7392,0.35555555555555557
2021-12-21T00:00:00.000,16:00,40.73688,-73.90564,0,0,0,0,4073,-7390,0.42424242424242425
2021-12-21T00:00:00.000,21:00,40.71161,-73.95754,1,0,1,1,4071,-7395,0.36585365853658536
2021-12-21T00:00:00.000,10:00,40.615147,-73.98973,0,0,0,0,4061,-7398,0.3698630136986301
2021-12-21T00:00:00.000,12:10,40.7488,-73.96986,0,0,0,0,4074,-7396,0.7
2021-12-21T00:00:00.000,7:50,40.81761,-73.920746,1,0,1,1,4081,-7392,0.4714285714285714
2021-12-14T00:00:00.000,11:25,40.78389,-73.950294,0,0,0,0,4078,-7395,0.42168674698795183
2021-12-07T00:00:00.000,16:47,40.733807,-74.008514,1,0,1,1,4073,-7400,0.2403846153846154
2021-12-21T00:00:00.000,15:45,40.608562,-74.1472,0,0,0,0,4060,-7414,0.4074074074074074
2021-12-21T00:00:00.000,18:00,40.69764,-73.92932,0,0,0,0,4069,-7392,0.3584905660377358
2021-12-21T00:00:00.000,17:32,40.628002,-73.918175,1,0,1,1,4062,-7391,0.3333333333333333
2021-12-21T00:00:00.000,10:39,40.843037,-73.92167,0,0,0,0,4084,-7392,0.3181818181818182
2021-12-21T00:00:00.000,9:00,40.748203,-73.84962,1,0,1,1,4074,-7384,0.42857142857142855
2021-12-07T00:00:00.000,18:00,40.765224,-73.9317,1,0,1,1,4076,-7393,0.44680851063829785
2021-12-21T00:00:00.000,6:51,40.583656,-73.98656,0,0,0,0,4058,-7398,0.4
2021-12-21T00:00:00.000,14:00,40.88903,-73.86168,0,0,0,0,4088,-7386,0.23809523809523808
2021-12-21T00:00:00.000,8:57,40.619713,-73.94453,0,0,0,0,4061,-7394,0.48484848484848486
2021-12-21T00:00:00.000,17:45,40.74869,-73.85772,0,0,0,0,4074,-7385,0.35526315789473684
2021-12-21T00:00:00.000,23:14,40.783386,-73.77232,0,0,0,0,4078,-7377,0.5384615384615384
2021-12-21T00:00:00.000,14:30,40.656544,-73.90546,0,0,0,0,4065,-7390,0.375
2021-12-16T00:00:00.000,21:00,40.83711,-73.913734,0,0,0,0,4083,-7391,0.33714285714285713
2021-12-21T00:00:00.000,16:01,40.71401,-73.85965,0,0,0,0,4071,-7385,0.4418604651162791
2021-12-21T00:00:00.000,7:00,40.65141,-73.913414,0,0,0,0,4065,-7391,0.425
2021-12-11T00:00:00.000,13:00,40.852894,-73.93273,0,0,0,0,4085,-7393,0.36585365853658536
2021-12-21T00:00:00.000,0:00,40.68746,-73.906494,0,0,0,0,4068,-7390,0.4421052631578947
2021-12-21T00:00:00.000,7:00,40.905113,-73.85253,0,0,0,0,4090,-7385,0.42105263157894735
2021-12-21T00:00:00.000,8:30,40.875587,-73.89408,0,0,0,0,4087,-7389,0.3333333333333333
2021-12-21T00:00:00.000,19:05,40.848007,-73.88858,0,0,0,0,4084,-7388,0.390625
2021-12-21T00:00:00.000,18:29,40.713333,-73.91305,0,0,0,0,4071,-7391,0.1836734693877551
2021-12-21T00:00:00.000,8:00,40.668095,-73.90371,0,0,0,0,4066,-7390,0.2777777777777778
2021-12-21T00:00:00.000,17:59,40.85579,-73.881,0,0,0,0,4085,-7388,0.3
2021-12-20T00:00:00.000,20:35,40.624546,-73.92945,0,0,0,0,4062,-7392,0.3611111111111111
2021-12-21T00:00:00.000,23:05,40.753407,-73.852356,0,0,0,0,4075,-7385,0.3048780487804878
2021-12-19T00:00:00.000,7:25,40.6743,-73.93339,0,0,0,0,4067,-7393,0.3755868544600939
2021-12-21T00:00:00.000,5:40,40.817795,-73.89319,0,0,0,0,4081,-7389,0.31543624161073824
2021-12-18T00:00:00.000,19:11,40.728714,-73.95362,0,0,0,0,4072,-7395,0.22093023255813954
2021-12-14T00:00:00.000,11:08,40.8262,-73.821686,0,0,0,0,4082,-7382,0.46153846153846156
2021-12-21T00:00:00.000,7:05,40.606735,-73.980484,0,0,0,0,4060,-7398,0.2711864406779661
2021-12-21T00:00:00.000,10:45,40.686497,-73.854645,0,0,0,0,4068,-7385,0.43103448275862066
2021-12-21T00:00:00.000,17:10,40.797916,-73.96385,1,0,1,1,4079,-7396,0.25
2021-12-21T00:00:00.000,23:20,40.75578,-73.978455,0,0,0,0,4075,-7397,0.375886524822695
2021-12-19T00:00:00.000,17:00,40.838333,-73.9015,0,0,0,0,4083,-7390,0.3064516129032258
2021-12-21T00:00:00.000,10:15,40.67001,-73.899635,0,0,0,0,4067,-7389,0.33852140077821014
2021-12-21T00:00:00.000,10:40,40.713207,-73.76688,1,0,1,1,4071,-7376,0.37142857142857144
2021-12-21T00:00:00.000,18:20,40.844254,-73.9398,0,0,0,0,4084,-7393,0.32786885245901637
2021-12-21T00:00:00.000,23:30,40.8252,-73.91476,0,0,0,0,4082,-7391,0.3355263157894737
2021-12-21T00:00:00.000,8:22,40.86832,-73.83317,0,0,0,0,4086,-7383,0.3448275862068966
2021-12-21T00:00:00.000,16:00,40.833282,-73.82836,0,0,0,0,4083,-7382,0.44680851063829785
2021-12-21T00:00:00.000,7:30,40.64093,-73.91842,0,0,0,0,4064,-7391,0.39805825242718446
2021-12-06T00:00:00.000,0:55,40.84275,-73.924774,0,0,0,0,4084,-7392,0.3181818181818182
2021-12-21T00:00:00.000,11:00,40.84216,-73.831024,0,0,0,0,4084,-7383,0.4318181818181818
2021-12-21T00:00:00.000,7:30,40.68873,-73.87136,0,0,0,0,4068,-7387,0.24719101123595505
2021-12-21T00:00:00.000,15:49,40.75425,-73.96899,1,0,1,1,4075,-7396,0.4788732394366197
2021-12-21T00:00:00.000,23:53,40.677723,-73.849594,0,0,0,0,4067,-7384,0.28888888888888886
2021-12-17T00:00:00.000,20:00,40.72052,-73.94544,0,0,0,0,4072,-7394,0.19801980198019803
2021-12-21T00:00:00.000,17:30,40.761665,-73.97492,0,0,0,0,4076,-7397,0.37
2022-04-24T00:00:00.000,4:31,40.86369,-73.91707,1,0,1,1,4086,-7391,0.38016528925619836
2021-12-21T00:00:00.000,9:50,40.885296,-73.82733,0,0,0,0,4088,-7382,0.2765957446808511
2021-12-21T00:00:00.000,12:00,40.68024,-73.946754,1,0,1,1,4068,-7394,0.4409448818897638
2021-12-21T00:00:00.000,19:19,40.615993,-74.031136,0,0,0,0,4061,-7403,0.2777777777777778
2021-12-18T00:00:00.000,17:26,40.816803,-73.86575,1,0,1,1,4081,-7386,0.23333333333333334
2021-12-21T00:00:00.000,16:58,40.74459,-73.9968,1,0,1,1,4074,-7399,0.3333333333333333
2021-12-21T00:00:00.000,17:50,40.59609,-73.98129,0,0,0,0,4059,-7398,0.34146341463414637
2021-12-21T00:00:00.000,14:40,40.726997,-73.81219,1,0,1,1,4072,-7381,0.2926829268292683
2021-11-30T00:00:00.000,13:40,40.77392,-73.89809,0,0,0,0,4077,-7389,0.35
2021-12-21T00:00:00.000,17:30,40.606636,-74.00163,1,0,1,1,4060,-7400,0.24074074074074073
2021-12-16T00:00:00.000,10:01,40.659557,-73.95344,0,0,0,0,4065,-7395,0.38686131386861317
2021-12-21T00:00:00.000,18:10,40.68566,-73.84679,0,0,0,0,4068,-7384,0.3333333333333333
2021-12-17T00:00:00.000,8:00,40.82104,-73.82834,0,0,0,0,4082,-7382,0.46153846153846156
2021-12-21T00:00:00.000,4:35,40.712303,-73.85508,0,0,0,0,4071,-7385,0.4418604651162791
2021-12-21T00:00:00.000,3:42,40.638733,-73.98468,0,0,0,0,4063,-7398,0.4827586206896552
2021-12-15T00:00:00.000,0:29,40.82269,-73.94947,0,0,0,0,4082,-7394,0.3812154696132597
2021-12-21T00:00:00.000,11:38,40.60235,-74.189644,1,0,1,1,4060,-7418,0.4
2021-12-21T00:00:00.000,19:40,40.697678,-73.916374,1,0,1,1,4069,-7391,0.2709677419354839
2021-12-12T00:00:00.000,18:00,40.857872,-73.93219,0,0,0,0,4085,-7393,0.36585365853658536
2021-12-21T00:00:00.000,17:30,40.700768,-73.990944,0,0,0,0,4070,-7399,0.21052631578947367
2021-12-21T00:00:00.000,18:00,40.847416,-73.8448,0,0,0,0,4084,-7384,0.4222222222222222
2021-12-21T00:00:00.000,18:26,40.821358,-73.889114,0,0,0,0,4082,-7388,0.27624309392265195
2021-12-21T00:00:00.000,13:30,40.799805,-73.92992,0,0,0,0,4079,-7392,0.4
2021-12-15T00:00:00.000,16:30,40.895805,-73.89671,0,0,0,0,4089,-7389,0.5555555555555556
2021-05-11T00:00:00.000,8:35,40.65641,-73.90638,0,0,0,0,4065,-7390,0.375
2021-12-21T00:00:00.000,15:30,40.637745,-74.11082,0,0,0,0,4063,-7411,0.20689655172413793
2021-12-21T00:00:00.000,21:15,40.648254,-73.971405,1,0,1,1,4064,-7397,0.4095238095238095
2021-12-21T00:00:00.000,17:35,40.82383,-73.87624,0,0,0,0,4082,-7387,0.33544303797468356
2021-12-18T00:00:00.000,3:30,40.67221,-73.734634,0,0,0,0,4067,-7373,0.46835443037974683
2021-12-21T00:00:00.000,20:23,40.73736,-73.99685,0,0,0,0,4073,-7399,0.423728813559322
2021-12-18T00:00:00.000,15:07,40.83968,-73.929276,0,0,0,0,4083,-7392,0.310126582278481
2021-12-21T00:00:00.000,5:03,40.66552,-73.74467,1,0,1,1,4066,-7374,0.3698630136986301
2021-12-17T00:00:00.000,23:00,40.698734,-73.82374,0,0,0,0,4069,-7382,0.37209302325581395
2021-12-18T00:00:00.000,15:26,40.832363,-73.85338,0,0,0,0,4083,-7385,0.30158730158730157
2021-12-21T00:00:00.000,21:50,40.709896,-73.83941,0,0,0,0,4070,-7383,0.3541666666666667
2021-12-21T00:00:00.000,13:30,40.605328,-73.990295,0,0,0,0,4060,-7399,0.31683168316831684
2021-12-21T00:00:00.000,19:00,40.78722,-73.96793,1,0,1,1,4078,-7396,0.28125
2021-12-21T00:00:00.000,17:05,40.59359,-73.99613,0,0,0,0,4059,-7399,0.3076923076923077
2021-12-10T00:00:00.000,18:07,40.887867,-73.83236,0,0,0,0,4088,-7383,0.3448275862068966
2021-12-18T00:00:00.000,21:23,40.859325,-73.93132,1,0,1,1,4085,-7393,0.36585365853658536
2021-12-21T00:00:00.000,20:06,40.71738,-73.99131,1,0,1,1,4071,-7399,0.3263157894736842
2021-12-21T00:00:00.000,14:15,40.67759,-73.74479,0,0,0,0,4067,-7374,0.2619047619047619
2021-12-16T00:00:00.000,12:02,40.667934,-73.77507,3,0,1,1,4066,-7377,0.37362637362637363
2021-12-21T00:00:00.000,8:40,40.690483,-73.93954,0,0,0,0,4069,-7393,0.3141025641025641
2021-12-21T00:00:00.000,16:20,40.613617,-74.01317,1,0,1,1,4061,-7401,0.2972972972972973
2021-12-21T00:00:00.000,19:02,40.693893,-73.89862,0,0,0,0,4069,-7389,0.3709677419354839
2021-12-21T00:00:00.000,10:20,40.7406,-73.81025,0,0,0,0,4074,-7381,0.46153846153846156
2021-12-21T00:00:00.000,23:03,40.679855,-73.976685,1,0,1,1,4067,-7397,0.2818181818181818
2021-12-17T00:00:00.000,9:15,40.71759,-73.94995,0,0,0,0,4071,-7394,0.3710691823899371
2021-12-21T00:00:00.000,15:01,40.75244,-73.950905,0,0,0,0,4075,-7395,0.38095238095238093
2021-05-11T00:00:00.000,11:45,40.680798,-73.958405,0,0,0,0,4068,-7395,0.38571428571428573
2021-12-21T00:00:00.000,23:10,40.80275,-73.93358,0,0,0,0,4080,-7393,0.36312849162011174
2021-12-17T00:00:00.000,12:46,40.74885,-73.94711,0,0,0,0,4074,-7394,0.33962264150943394
2021-12-21T00:00:00.000,13:45,40.71231,-73.88954,0,0,0,0,4071,-7388,0.10344827586206896
2021-12-21T00:00:00.000,7:30,40.601376,-73.94206,1,0,1,1,4060,-7394,0.5217391304347826
2021-12-21T00:00:00.000,11:50,40.595566,-73.96645,0,0,0,0,4059,-7396,0.38596491228070173
2021-12-21T00:00:00.000,15:36,40.83872,-73.91378,1,0,1,1,4083,-7391,0.33714285714285713
2021-12-21T00:00:00.000,15:27,40.650772,-74.01519,0,0,0,0,4065,-7401,0.43478260869565216
2021-12-21T00:00:00.000,13:55,40.63013,-74.07675,0,0,0,0,4063,-7407,0.4444444444444444
2021-12-21T00:00:00.000,11:00,40.699326,-73.831566,0,0,0,0,4069,-7383,0.35555555555555557
2021-12-21T00:00:00.000,18:20,40.67912,-73.753975,0,0,0,0,4067,-7375,0.2608695652173913
2021-12-21T00:00:00.000,17:50,40.689228,-73.9847,1,0,1,1,4068,-7398,0.3873239436619718
2021-12-21T00:00:00.000,15:29,40.62788,-73.93251,1,0,1,1,4062,-7393,0.4444444444444444
2021-12-21T00:00:00.000,6:50,40.653454,-73.88466,0,0,0,0,4065,-7388,0.41509433962264153
2021-12-17T00:00:00.000,20:37,40.877815,-73.868126,0,0,0,0,4087,-7386,0.3142857142857143
2021-12-19T00:00:00.000,23:45,40.736145,-73.92651,1,0,1,1,4073,-7392,0.4444444444444444
2021-12-21T00:00:00.000,17:00,40.746075,-73.89003,1,0,1,1,4074,-7389,0.3203125
2021-12-21T00:00:00.000,23:35,40.71256,-73.732994,0,0,0,0,4071,-7373,0.25
2021-12-06T00:00:00.000,0:00,40.851257,-73.935196,0,0,0,0,4085,-7393,0.36585365853658536
2021-12-21T00:00:00.000,18:30,40.74975,-73.86383,0,0,0,0,4074,-7386,0.3813559322033898
2021-12-21T00:00:00.000,15:10,40.760365,-73.97377,1,0,1,1,4076,-7397,0.37
2021-12-17T00:00:00.000,12:06,40.73115,-73.95179,1,0,1,1,4073,-7395,0.30434782608695654
2021-12-21T00:00:00.000,12:25,40.729748,-73.779236,0,0,0,0,4072,-7377,0.375
2021-11-28T00:00:00.000,3:50,40.767735,-73.9185,0,0,0,0,4076,-7391,0.40476190476190477
2021-12-21T00:00:00.000,23:50,40.801914,-73.95348,0,0,0,0,4080,-7395,0.381294964028777
2021-12-21T00:00:00.000,15:25,40.890945,-73.85992,0,0,0,0,4089,-7385,0.3813559322033898
2021-12-21T00:00:00.000,14:30,40.709522,-74.00167,0,0,0,0,4070,-7400,0.2542372881355932
2021-12-21T00:00:00.000,8:33,40.86877,-73.83174,1,0,1,1,4086,-7383,0.3448275862068966
2021-12-21T00:00:00.000,6:30,40.592697,-74.07182,0,0,0,0,4059,-7407,0.23076923076923078
2021-12-21T00:00:00.000,20:35,40.60877,-73.74997,0,0,0,0,4060,-7374,0.15789473684210525
2021-12-21T00:00:00.000,0:02,40.727833,-73.752914,2,0,1,1,4072,-7375,0.2727272727272727
2021-12-18T00:00:00.000,15:51,40.819016,-73.84804,1,0,1,1,4081,-7384,0.3333333333333333
2021-12-21T00:00:00.000,21:00,40.631207,-73.90819,0,0,0,0,4063,-7390,0.3561643835616438
2021-12-18T00:00:00.000,13:47,40.847794,-73.82183,1,0,1,1,4084,-7382,0.4
2021-12-21T00:00:00.000,9:00,40.716064,-73.939026,0,0,0,0,4071,-7393,0.2711864406779661
2021-12-19T00:00:00.000,20:20,40.611084,-73.99832,0,0,0,0,4061,-7399,0.29411764705882354
2021-12-21T00:00:00.000,19:00,40.824184,-73.93723,0,0,0,0,4082,-7393,0.36645962732919257
2021-12-21T00:00:00.000,19:08,40.67484,-73.7529,1,0,1,1,4067,-7375,0.2608695652173913
2021-12-21T00:00:00.000,21:48,40.616352,-73.98245,0,0,0,0,4061,-7398,0.3698630136986301
2021-12-21T00:00:00.000,8:30,40.827927,-73.90094,0,0,0,0,4082,-7390,0.3025210084033613
2021-12-21T00:00:00.000,15:50,40.683018,-73.95885,1,0,1,1,4068,-7395,0.38571428571428573
2021-12-21T00:00:00.000,18:00,40.65477,-74.00708,0,0,0,0,4065,-7400,0.41509433962264153
2021-12-21T00:00:00.000,11:20,40.577995,-73.95964,1,0,1,1,4057,-7395,0.47368421052631576
2021-12-21T00:00:00.000,12:55,40.848927,-73.88816,0,0,0,0,4084,-7388,0.390625
2021-12-18T00:00:00.000,6:30,40.752716,-73.86418,0,0,0,0,4075,-7386,0.33653846153846156
2021-12-21T00:00:00.000,11:59,40.721806,-74.00643,2,0,1,1,4072,-7400,0.32926829268292684
2021-12-17T00:00:00.000,15:40,40.75898,-73.857086,0,0,0,0,4075,-7385,0.3048780487804878
2021-12-21T00:00:00.000,6:10,40.658443,-73.98929,0,0,0,0,4065,-7398,0.2222222222222222
2021-12-21T00:00:00.000,9:20,40.8439,-73.9117,0,0,0,0,4084,-7391,0.32558139534883723
2021-09-17T00:00:00.000,23:30,40.82723,-73.824905,0,0,0,0,4082,-7382,0.46153846153846156
2021-12-21T00:00:00.000,11:35,40.65474,-73.90693,1,0,1,1,4065,-7390,0.375
2021-12-18T00:00:00.000,9:58,40.723774,-73.93754,1,0,1,1,4072,-7393,0.36507936507936506
2021-12-19T00:00:00.000,19:00,40.755516,-73.98363,0,0,0,0,4075,-7398,0.3170731707317073
2021-12-21T00:00:00.000,17:47,40.68143,-73.978935,0,0,0,0,4068,-7397,0.3412322274881517
2021-12-21T00:00:00.000,8:00,40.661198,-73.92803,0,0,0,0,4066,-7392,0.355
2021-12-21T00:00:00.000,16:24,40.629284,-74.02271,1,0,1,1,4062,-7402,0.3625
2021-12-21T00:00:00.000,2:33,40.888325,-73.83444,1,0,1,1,4088,-7383,0.3448275862068966
2021-12-21T00:00:00.000,0:13,40.603424,-73.98869,0,0,0,0,4060,-7398,0.2711864406779661
2021-11-26T00:00:00.000,1:02,40.82803,-73.934845,1,0,1,1,4082,-7393,0.36645962732919257
2021-12-21T00:00:00.000,22:22,40.71445,-73.90111,1,0,1,1,4071,-7390,0.4
2021-12-21T00:00:00.000,9:20,40.74854,-73.97315,0,0,0,0,4074,-7397,0.4810810810810811
2021-12-21T00:00:00.000,18:15,40.6073,-73.919716,0,0,0,0,4060,-7391,0.25
2021-12-21T00:00:00.000,8:36,40.72543,-73.99678,0,0,0,0,4072,-7399,0.3829787234042553
2021-12-17T00:00:00.000,0:00,40.759983,-73.964806,1,0,1,1,4075,-7396,0.4788732394366197
2021-11-10T00:00:00.000,19:30,40.748802,-73.75655,0,0,0,0,4074,-7375,0.16666666666666666
2021-12-21T00:00:00.000,16:58,40.65104,-74.0111,0,0,0,0,4065,-7401,0.43478260869565216
2021-12-21T00:00:00.000,19:21,40.74681,-73.89176,1,1,2,1,4074,-7389,0.3203125
2021-12-17T00:00:00.000,21:15,40.60756,-73.984406,1,0,1,1,4060,-7398,0.2711864406779661
2021-12-15T00:00:00.000,23:33,40.656673,-73.76827,1,0,1,1,4065,-7376,0.35714285714285715
2021-12-13T00:00:00.000,16:43,40.647594,-73.97351,0,0,0,0,4064,-7397,0.4095238095238095
2021-12-21T00:00:00.000,14:20,40.778416,-73.95301,1,0,1,1,4077,-7395,0.3384615384615385
2022-02-19T00:00:00.000,18:15,40.673973,-73.9857,2,0,1,1,4067,-7398,0.3655913978494624
2022-02-19T00:00:00.000,15:15,40.561092,-74.16984,0,0,0,0,4056,-7416,0.35
2022-02-19T00:00:00.000,18:00,40.644974,-73.92099,0,0,0,0,4064,-7392,0.4077669902912621
2022-02-18T00:00:00.000,18:00,40.6508,-73.97568,0,0,0,0,4065,-7397,0.4074074074074074
2022-06-30T00:00:00.000,9:46,40.787117,-73.94793,0,0,0,0,4078,-7394,0.33513513513513515
2022-06-29T00:00:00.000,20:23,40.825695,-73.89913,1,0,1,1,4082,-7389,0.37423312883435583
2022-07-01T00:00:00.000,15:18,40.62615,-74.00494,1,0,1,1,4062,-7400,0.3150684931506849
2022-06-29T00:00:00.000,16:00,40.656197,-73.74646,0,0,0,0,4065,-7374,0.4583333333333333
2022-06-30T00:00:00.000,10:15,40.665024,-73.870575,0,0,0,0,4066,-7387,0.38461538461538464
2022-06-29T00:00:00.000,8:50,40.6794,-73.8586,0,0,0,0,4067,-7385,0.26666666666666666
2022-06-13T00:00:00.000,4:10,40.714622,-73.829704,2,0,1,1,4071,-7382,0.379746835443038
2022-06-29T00:00:00.000,12:10,40.742428,-73.72178,0,0,0,0,4074,-7372,0.375
2022-06-30T00:00:00.000,1:45,40.877068,-73.83638,3,0,1,1,4087,-7383,0.3333333333333333
2022-07-01T00:00:00.000,19:34,40.685226,-73.978294,1,0,1,1,4068,-7397,0.3412322274881517
2022-06-29T00:00:00.000,14:15,40.61239,-74.13296,0,0,0,0,4061,-7413,0.23076923076923078
2022-06-30T00:00:00.000,21:33,40.69728,-73.987045,1,0,1,1,4069,-7398,0.3229166666666667
2022-06-30T00:00:00.000,21:41,40.796005,-73.93542,1,0,1,1,4079,-7393,0.36585365853658536
2022-06-30T00:00:00.000,5:42,40.64359,-73.90471,1,0,1,1,4064,-7390,0.4017094017094017
2022-06-27T00:00:00.000,16:50,40.60547,-73.96074,2,0,1,1,4060,-7396,0.5714285714285714
2022-07-01T00:00:00.000,16:12,40.65965,-73.773834,1,0,1,1,4065,-7377,0.3125
2022-06-25T00:00:00.000,16:55,40.683933,-73.87119,0,0,0,0,4068,-7387,0.24719101123595505
2022-06-30T00:00:00.000,17:00,40.72179,-73.99986,1,0,1,1,4072,-7399,0.3829787234042553
2022-06-24T00:00:00.000,11:15,40.57397,-74.16992,0,0,0,0,4057,-7416,0.36363636363636365
2022-06-30T00:00:00.000,17:54,40.898113,-73.85344,1,0,1,1,4089,-7385,0.3813559322033898
2022-06-30T00:00:00.000,12:40,40.85071,-73.89408,1,0,1,1,4085,-7389,0.3353658536585366
2022-07-01T00:00:00.000,22:15,40.66563,-73.76456,1,0,1,1,4066,-7376,0.30434782608695654
2022-06-29T00:00:00.000,0:00,40.830067,-73.92915,0,0,0,0,4083,-7392,0.310126582278481
2022-03-23T00:00:00.000,7:00,40.849308,-73.93192,0,0,0,0,4084,-7393,0.32786885245901637
2022-06-29T00:00:00.000,9:58,40.677155,-73.86887,0,0,0,0,4067,-7386,0.3431372549019608
2022-06-29T00:00:00.000,18:18,40.73807,-73.93756,1,0,1,1,4073,-7393,0.38461538461538464
2022-06-27T00:00:00.000,0:00,40.721058,-73.86753,0,0,0,0,4072,-7386,0.42424242424242425
2022-06-29T00:00:00.000,13:00,40.829163,-73.93727,0,0,0,0,4082,-7393,0.36645962732919257
2022-06-12T00:00:00.000,9:30,40.882896,-73.920296,0,0,0,0,4088,-7392,0.0
2022-07-01T00:00:00.000,10:22,40.76789,-73.95835,0,0,0,0,4076,-7395,0.3696969696969697
2022-06-29T00:00:00.000,11:00,40.798615,-73.94375,1,0,1,1,4079,-7394,0.3523809523809524
2022-06-30T00:00:00.000,16:04,40.820328,-73.94191,0,0,0,0,4082,-7394,0.3812154696132597
2022-06-29T00:00:00.000,19:39,40.75665,-73.9319,0,0,0,0,4075,-7393,0.43478260869565216
2022-07-01T00:00:00.000,20:00,40.826656,-73.8739,0,0,0,0,4082,-7387,0.33544303797468356
2022-06-30T00:00:00.000,13:00,40.72493,-73.99035,1,0,1,1,4072,-7399,0.3829787234042553
2022-06-30T00:00:00.000,16:00,40.73068,-73.94923,0,0,0,0,4073,-7394,0.5
2022-06-29T00:00:00.000,7:00,40.81164,-73.903305,0,0,0,0,4081,-7390,0.3888888888888889
2022-06-30T00:00:00.000,18:55,40.643684,-73.92954,0,0,0,0,4064,-7392,0.4077669902912621
2022-06-21T00:00:00.000,19:52,40.664494,-73.93431,1,0,1,1,4066,-7393,0.38578680203045684
2022-06-29T00:00:00.000,12:30,40.822697,-73.90937,0,0,0,0,4082,-7390,0.3025210084033613
2022-06-29T00:00:00.000,12:52,40.606815,-73.98426,0,0,0,0,4060,-7398,0.2711864406779661
2022-07-01T00:00:00.000,16:35,40.684814,-73.98974,0,0,0,0,4068,-7398,0.3873239436619718
2022-06-30T00:00:00.000,15:00,40.664658,-73.9375,0,0,0,0,4066,-7393,0.38578680203045684
2022-06-30T00:00:00.000,15:50,40.730644,-73.97329,0,0,0,0,4073,-7397,0.32558139534883723
2022-06-29T00:00:00.000,23:54,40.814266,-73.912964,0,1,2,1,4081,-7391,0.47244094488188976
2022-07-01T00:00:00.000,0:05,40.76151,-73.88361,0,0,0,0,4076,-7388,0.43283582089552236
2022-06-29T00:00:00.000,17:38,40.63029,-74.08891,0,0,0,0,4063,-7408,0.2653061224489796
2022-07-01T00:00:00.000,19:27,40.63556,-73.922844,0,0,0,0,4063,-7392,0.4036697247706422
2022-07-01T00:00:00.000,13:50,40.691666,-73.76239,0,0,0,0,4069,-7376,0.3392857142857143
2022-06-29T00:00:00.000,2:00,40.670547,-73.91982,0,0,0,0,4067,-7391,0.36597938144329895
2022-03-06T00:00:00.000,8:30,40.68514,-73.8206,1,0,1,1,4068,-7382,0.41975308641975306
2022-03-14T00:00:00.000,18:15,40.69268,-73.93998,0,0,0,0,4069,-7393,0.3141025641025641
2022-03-29T00:00:00.000,17:25,40.54783,-74.13952,0,0,0,0,4054,-7413,0.5
2022-03-29T00:00:00.000,19:30,40.81881,-73.92828,1,0,1,1,4081,-7392,0.4714285714285714
2022-03-21T00:00:00.000,15:21,40.6228,-74.02836,0,0,0,0,4062,-7402,0.3625
2022-03-29T00:00:00.000,14:34,40.77202,-73.956024,0,0,0,0,4077,-7395,0.3384615384615385
2022-03-29T00:00:00.000,15:45,40.66845,-73.9212,0,0,0,0,4066,-7392,0.355
2022-03-15T00:00:00.000,14:55,40.73943,-73.88385,0,0,0,0,4073,-7388,0.2777777777777778
2022-03-23T00:00:00.000,12:15,40.66856,-73.75672,0,0,0,0,4066,-7375,0.3
2022-04-24T00:00:00.000,23:40,40.58425,-73.9638,2,0,1,1,4058,-7396,0.37333333333333335
2022-04-24T00:00:00.000,3:06,40.68836,-73.8915,2,0,1,1,4068,-7389,0.5
2022-04-24T00:00:00.000,15:40,40.73444,-74.00619,0,0,0,0,4073,-7400,0.2403846153846154
2022-04-24T00:00:00.000,8:40,0.0,0.0,1,0,1,1,0,0,0.40425531914893614
2022-04-24T00:00:00.000,23:50,40.62781,-74.02334,0,0,0,0,4062,-7402,0.3625
2022-04-20T00:00:00.000,12:35,40.823772,-73.87245,0,0,0,0,4082,-7387,0.33544303797468356
2022-04-24T00:00:00.000,17:24,40.598343,-73.98172,1,0,1,1,4059,-7398,0.34146341463414637
2022-04-24T00:00:00.000,22:27,40.696198,-73.98877,1,0,1,1,4069,-7398,0.3229166666666667
2022-04-24T00:00:00.000,14:45,0.0,0.0,1,0,1,1,0,0,0.40425531914893614
2022-04-19T00:00:00.000,10:38,40.672768,-73.98672,1,0,1,1,4067,-7398,0.3655913978494624
2022-04-24T00:00:00.000,13:00,40.73873,-73.98496,0,0,0,0,4073,-7398,0.36942675159235666
2022-04-24T00:00:00.000,10:50,0.0,0.0,0,0,0,0,0,0,0.40425531914893614
2022-04-24T00:00:00.000,18:40,0.0,0.0,0,0,0,0,0,0,0.40425531914893614
2022-04-24T00:00:00.000,3:00,40.659275,-73.889,0,0,0,0,4065,-7388,0.41509433962264153
2022-04-24T00:00:00.000,0:09,40.8781,-73.85339,0,0,0,0,4087,-7385,0.37681159420289856
2022-04-24T00:00:00.000,10:20,40.71614,-73.83357,0,0,0,0,4071,-7383,0.37349397590361444
2022-04-14T00:00:00.000,16:59,40.828396,-73.945305,0,0,0,0,4082,-7394,0.3812154696132597
2022-03-29T00:00:00.000,16:16,40.61607,-73.914604,0,0,0,0,4061,-7391,0.358974358974359
2022-03-29T00:00:00.000,19:50,40.58926,-73.98189,2,0,1,1,4058,-7398,0.4
2022-03-25T00:00:00.000,23:45,40.73555,-73.979355,0,0,0,0,4073,-7397,0.32558139534883723
2022-03-29T00:00:00.000,0:20,40.656593,-73.857635,0,0,0,0,4065,-7385,0.4
2022-03-29T00:00:00.000,16:10,40.72577,-73.95076,0,0,0,0,4072,-7395,0.22093023255813954
2022-03-18T00:00:00.000,15:39,40.846153,-73.932335,1,0,1,1,4084,-7393,0.32786885245901637
2022-03-29T00:00:00.000,8:40,40.82842,-73.86068,0,0,0,0,4082,-7386,0.3493975903614458
2022-03-23T00:00:00.000,4:40,40.761738,-73.90573,0,0,0,0,4076,-7390,0.3055555555555556
2022-03-29T00:00:00.000,8:26,40.709652,-73.75417,0,0,0,0,4070,-7375,0.4117647058823529
2022-03-29T00:00:00.000,17:28,40.83866,-73.94224,0,0,0,0,4083,-7394,0.38926174496644295
2022-03-26T00:00:00.000,19:00,40.805267,-73.95336,0,0,0,0,4080,-7395,0.381294964028777
2022-03-29T00:00:00.000,7:40,40.807903,-73.92005,1,0,1,1,4080,-7392,0.3141025641025641
2022-03-29T00:00:00.000,5:44,40.721474,-73.98383,1,0,1,1,4072,-7398,0.4342105263157895
2022-03-29T00:00:00.000,18:30,40.83045,-73.86199,0,0,0,0,4083,-7386,0.24822695035460993
2022-03-29T00:00:00.000,14:30,40.710857,-73.800255,1,0,1,1,4071,-7380,0.42105263157894735
2022-03-29T00:00:00.000,0:00,40.586025,-73.8227,0,0,0,0,4058,-7382,0.11764705882352941
2022-03-29T00:00:00.000,12:50,40.68524,-73.88002,1,0,1,1,4068,-7388,0.36538461538461536
2022-03-29T00:00:00.000,5:25,40.64333,-73.95973,1,0,1,1,4064,-7395,0.4796747967479675
2022-03-29T00:00:00.000,11:32,40.660664,-73.733635,2,0,1,1,4066,-7373,0.44339622641509435
2022-03-29T00:00:00.000,13:49,40.700836,-73.99495,0,0,0,0,4070,-7399,0.21052631578947367
2022-03-29T00:00:00.000,0:03,40.602192,-73.75523,0,0,0,0,4060,-7375,0.17117117117117117
2022-03-29T00:00:00.000,16:38,40.752098,-73.94425,1,0,1,1,4075,-7394,0.41333333333333333
2022-03-29T00:00:00.000,7:23,40.638966,-73.94251,0,0,0,0,4063,-7394,0.358974358974359
2022-03-29T00:00:00.000,10:30,40.663925,-73.89961,0,0,0,0,4066,-7389,0.3103448275862069
2022-03-29T00:00:00.000,15:00,40.596474,-73.99228,0,0,0,0,4059,-7399,0.3076923076923077
2022-04-24T00:00:00.000,7:55,40.647346,-74.007996,0,0,0,0,4064,-7400,0.36764705882352944
2022-03-29T00:00:00.000,15:34,40.84603,-73.93034,0,0,0,0,4084,-7393,0.32786885245901637
2022-03-27T00:00:00.000,22:50,40.66119,-73.933586,1,0,1,1,4066,-7393,0.38578680203045684
2022-03-29T00:00:00.000,21:21,40.748512,-73.98872,0,0,0,0,4074,-7398,0.40131578947368424
2022-03-27T00:00:00.000,1:34,40.67452,-73.878044,1,0,1,1,4067,-7387,0.30344827586206896
2022-03-29T00:00:00.000,12:25,40.74202,-73.92656,1,0,1,1,4074,-7392,0.3709677419354839
2022-03-29T00:00:00.000,17:15,40.665257,-73.739555,3,0,1,1,4066,-7373,0.44339622641509435
2022-03-29T00:00:00.000,6:25,40.843212,-73.83894,1,0,1,1,4084,-7383,0.4318181818181818
2022-03-29T00:00:00.000,18:32,40.70972,-73.80137,0,0,0,0,4070,-7380,0.3877551020408163
2022-03-29T00:00:00.000,16:46,40.754986,-73.74535,1,0,1,1,4075,-7374,0.3333333333333333
2022-03-29T00:00:00.000,17:32,40.670734,-73.93373,0,0,0,0,4067,-7393,0.3755868544600939
2022-03-29T00:00:00.000,14:42,40.657516,-73.8931,0,0,0,0,4065,-7389,0.34965034965034963
2022-03-23T00:00:00.000,2:00,40.762012,-73.911,0,0,0,0,4076,-7391,0.40476190476190477
2022-03-29T00:00:00.000,18:53,40.810993,-73.95429,0,0,0,0,4081,-7395,0.3509933774834437
2022-03-28T00:00:00.000,5:00,40.75339,-73.87146,0,0,0,0,4075,-7387,0.33884297520661155
2022-03-14T00:00:00.000,11:18,40.86357,-73.92602,0,0,0,0,4086,-7392,0.359375
2022-03-29T00:00:00.000,0:45,40.84228,-73.824554,2,0,1,1,4084,-7382,0.4
2022-03-29T00:00:00.000,11:40,40.68405,-73.98157,0,0,0,0,4068,-7398,0.3873239436619718
2022-03-29T00:00:00.000,15:00,40.69714,-73.759895,0,0,0,0,4069,-7375,0.3584905660377358
2022-03-29T00:00:00.000,11:05,40.71604,-73.80504,2,0,1,1,4071,-7380,0.42105263157894735
2022-03-29T00:00:00.000,0:00,40.758793,-73.91253,0,0,0,0,4075,-7391,0.4777777777777778
2022-03-29T00:00:00.000,19:39,40.680317,-73.996895,1,0,1,1,4068,-7399,0.17857142857142858
2022-03-29T00:00:00.000,19:56,40.669907,-73.97907,1,0,1,1,4066,-7397,0.24390243902439024
2022-03-29T00:00:00.000,16:20,40.762287,-73.972374,0,0,0,0,4076,-7397,0.37
2022-03-29T00:00:00.000,21:30,40.68087,-73.97515,3,0,1,1,4068,-7397,0.3412322274881517
2022-03-29T00:00:00.000,12:30,40.598415,-74.08239,0,0,0,0,4059,-7408,0.36363636363636365
2022-03-29T00:00:00.000,2:48,40.67674,-73.843735,0,0,0,0,4067,-7384,0.28888888888888886
2022-03-29T00:00:00.000,12:05,40.76521,-73.953896,0,0,0,0,4076,-7395,0.3696969696969697
2022-03-28T00:00:00.000,8:08,40.755997,-73.8634,1,0,1,1,4075,-7386,0.33653846153846156
2022-03-29T00:00:00.000,16:41,40.647255,-74.08046,1,0,1,1,4064,-7408,0.2894736842105263
2022-03-29T00:00:00.000,8:34,40.862717,-73.9023,1,0,1,1,4086,-7390,0.42748091603053434
2022-03-29T00:00:00.000,8:26,40.569706,-74.144394,1,0,1,1,4056,-7414,0.6666666666666666
2022-03-29T00:00:00.000,11:45,40.52809,-74.19204,0,0,0,0,4052,-7419,0.3333333333333333
2022-03-29T00:00:00.000,19:17,40.692234,-73.8392,0,0,0,0,4069,-7383,0.35555555555555557
2022-03-29T00:00:00.000,23:45,40.734604,-73.864784,0,0,0,0,4073,-7386,0.3464566929133858
2022-03-26T00:00:00.000,5:50,40.80587,-73.95281,1,0,1,1,4080,-7395,0.381294964028777
2022-03-25T00:00:00.000,7:11,40.75372,-73.931885,1,0,1,1,4075,-7393,0.43478260869565216
2022-03-29T00:00:00.000,14:38,40.70854,-73.927414,1,0,1,1,4070,-7392,0.24305555555555555
2022-03-29T00:00:00.000,0:10,40.691433,-73.89063,0,0,0,0,4069,-7389,0.3709677419354839
2022-03-29T00:00:00.000,11:26,40.637962,-74.01058,1,0,1,1,4063,-7401,0.37777777777777777
2022-03-29T00:00:00.000,8:05,40.647243,-73.96048,0,0,0,0,4064,-7396,0.4714285714285714
2022-03-29T00:00:00.000,16:45,40.6845,-73.81428,1,0,1,1,4068,-7381,0.4117647058823529
2022-03-28T00:00:00.000,23:26,40.829628,-73.92118,0,0,0,0,4082,-7392,0.3333333333333333
2022-03-29T00:00:00.000,12:30,40.69931,-73.83157,0,0,0,0,4069,-7383,0.35555555555555557
2022-03-29T00:00:00.000,18:00,40.71532,-73.99765,0,0,0,0,4071,-7399,0.3263157894736842
2022-03-29T00:00:00.000,14:40,40.63406,-73.946815,1,0,1,1,4063,-7394,0.358974358974359
2022-03-29T00:00:00.000,12:00,40.692856,-73.78531,0,0,0,0,4069,-7378,0.29310344827586204
2022-03-29T00:00:00.000,15:00,40.710587,-73.95511,0,0,0,0,4071,-7395,0.36585365853658536
2022-03-29T00:00:00.000,15:00,40.895596,-73.85617,1,0,1,1,4089,-7385,0.3813559322033898
2022-02-24T00:00:00.000,19:35,40.66255,-73.90893,0,0,0,0,4066,-7390,0.2777777777777778
2022-03-29T00:00:00.000,7:20,40.840786,-73.9232,1,0,1,1,4084,-7392,0.3181818181818182
2022-03-29T00:00:00.000,18:34,40.756287,-73.860725,0,0,0,0,4075,-7386,0.33653846153846156
2022-03-29T00:00:00.000,15:30,40.647068,-73.993935,1,0,1,1,4064,-7399,0.3442622950819672
2022-03-28T00:00:00.000,14:44,40.60719,-74.16243,1,0,1,1,4060,-7416,0.42857142857142855
2022-04-24T00:00:00.000,22:27,0.0,0.0,1,0,1,1,0,0,0.40425531914893614
2022-03-29T00:00:00.000,15:00,40.667557,-73.83726,0,0,0,0,4066,-7383,0.5
2022-03-29T00:00:00.000,8:39,40.822433,-73.85514,0,0,0,0,4082,-7385,0.27
2022-03-29T00:00:00.000,17:19,40.753036,-73.90013,0,0,0,0,4075,-7390,0.37254901960784315
2022-03-18T00:00:00.000,2:20,40.692776,-73.95769,0,0,0,0,4069,-7395,0.30952380952380953
2022-03-29T00:00:00.000,13:26,40.756207,-73.99136,1,0,1,1,4075,-7399,0.2830188679245283
2022-03-29T00:00:00.000,14:25,40.84497,-73.90247,0,0,0,0,4084,-7390,0.366120218579235
2022-03-29T00:00:00.000,15:00,40.729736,-73.833725,2,0,1,1,4072,-7383,0.4909090909090909
2022-03-29T00:00:00.000,15:30,40.838573,-73.93332,1,0,1,1,4083,-7393,0.3333333333333333
2022-03-23T00:00:00.000,1:09,40.872124,-73.8594,0,0,0,0,4087,-7385,0.37681159420289856
2022-03-29T00:00:00.000,14:45,40.77631,-73.96423,1,0,1,1,4077,-7396,0.3695652173913043
2022-03-29T00:00:00.000,19:00,40.843365,-73.91545,0,0,0,0,4084,-7391,0.32558139534883723
2022-03-29T00:00:00.000,20:44,40.88183,-73.87627,0,0,0,0,4088,-7387,0.14583333333333334
2022-03-22T00:00:00.000,13:30,40.720833,-73.84661,0,0,0,0,4072,-7384,0.2711864406779661
2022-07-01T00:00:00.000,11:00,40.857723,-73.86955,0,0,0,0,4085,-7386,0.33766233766233766
2022-03-29T00:00:00.000,23:15,40.79706,-73.935844,0,0,0,0,4079,-7393,0.36585365853658536
2022-03-29T00:00:00.000,14:54,40.718098,-74.004974,0,0,0,0,4071,-7400,0.25517241379310346
2022-03-29T00:00:00.000,15:35,40.634678,-73.90609,0,0,0,0,4063,-7390,0.3561643835616438
2022-03-29T00:00:00.000,9:40,40.6107,-73.9534,1,0,1,1,4061,-7395,0.4461538461538462
2022-03-29T00:00:00.000,18:03,40.823826,-73.86163,1,0,1,1,4082,-7386,0.3493975903614458
2022-03-23T00:00:00.000,16:46,40.634758,-73.91247,0,0,0,0,4063,-7391,0.5
2022-03-29T00:00:00.000,16:10,40.71092,-73.95142,1,0,1,1,4071,-7395,0.36585365853658536
2022-03-29T00:00:00.000,7:35,40.56878,-74.10661,1,0,1,1,4056,-7410,0.4
2022-03-29T00:00:00.000,3:45,40.807808,-73.92384,0,0,0,0,4080,-7392,0.3141025641025641
2021-12-02T00:00:00.000,23:30,40.75608,-73.8805,0,0,0,0,4075,-7388,0.3402061855670103
2022-03-22T00:00:00.000,14:00,40.64008,-73.98541,0,0,0,0,4064,-7398,0.40425531914893614
2022-03-29T00:00:00.000,14:17,40.801487,-73.936554,0,0,0,0,4080,-7393,0.36312849162011174
2021-09-03T00:00:00.000,12:42,40.597733,-74.067406,0,0,0,0,4059,-7406,0.29411764705882354
2021-09-10T00:00:00.000,15:30,40.73698,-73.89417,2,0,1,1,4073,-7389,0.2857142857142857
2021-09-17T00:00:00.000,0:00,40.707554,-73.7503,1,0,1,1,4070,-7375,0.4117647058823529
2021-08-20T00:00:00.000,5:40,40.66475,-73.89405,1,0,1,1,4066,-7389,0.3103448275862069
2021-09-12T00:00:00.000,13:30,40.612286,-73.92045,1,0,1,1,4061,-7392,0.2982456140350877
2021-09-19T00:00:00.000,20:35,40.787655,-73.977066,1,0,1,1,4078,-7397,0.3434343434343434
2021-09-20T00:00:00.000,7:50,40.686996,-73.95685,2,0,1,1,4068,-7395,0.38571428571428573
2021-09-18T00:00:00.000,0:37,40.745266,-73.85596,0,0,0,0,4074,-7385,0.35526315789473684
2021-09-07T00:00:00.000,0:23,40.720623,-73.99498,0,0,0,0,4072,-7399,0.3829787234042553
2021-09-21T00:00:00.000,17:00,40.693413,-73.940125,1,0,1,1,4069,-7394,0.417910447761194
2021-09-10T00:00:00.000,22:59,40.69423,-73.94608,1,0,1,1,4069,-7394,0.417910447761194
2021-09-11T00:00:00.000,13:57,40.679634,-73.94959,0,0,0,0,4067,-7394,0.34074074074074073
2022-03-29T00:00:00.000,9:08,40.674232,-73.948494,0,0,0,0,4067,-7394,0.34074074074074073
2022-03-29T00:00:00.000,17:46,40.751953,-73.93938,1,0,1,1,4075,-7393,0.43478260869565216
2022-03-29T00:00:00.000,6:00,40.745266,-73.85596,0,0,0,0,4074,-7385,0.35526315789473684
2022-03-29T00:00:00.000,16:51,40.62016,-74.076965,0,0,0,0,4062,-7407,0.35714285714285715
2022-03-29T00:00:00.000,8:32,40.64269,-73.95764,1,0,1,1,4064,-7395,0.4796747967479675
2022-03-29T00:00:00.000,20:20,40.659817,-73.73047,1,0,1,1,4065,-7373,0.3
2022-03-29T00:00:00.000,15:20,40.67625,-73.88405,0,0,0,0,4067,-7388,0.30434782608695654
2022-03-29T00:00:00.000,5:45,40.738598,-73.86804,0,0,0,0,4073,-7386,0.3464566929133858
2022-03-29T00:00:00.000,19:00,40.643127,-73.905426,1,0,1,1,4064,-7390,0.4017094017094017
2021-12-11T00:00:00.000,14:20,40.755505,-73.96807,1,0,1,1,4075,-7396,0.4788732394366197
2021-12-11T00:00:00.000,13:00,40.710213,-73.77152,0,0,0,0,4071,-7377,0.20967741935483872
2021-12-11T00:00:00.000,0:00,40.753624,-73.96944,1,0,1,1,4075,-7396,0.4788732394366197
2022-03-22T00:00:00.000,18:40,40.88661,-73.90704,0,0,0,0,4088,-7390,0.2702702702702703
2022-03-26T00:00:00.000,15:45,40.84065,-73.91902,0,0,0,0,4084,-7391,0.32558139534883723
2021-09-23T00:00:00.000,11:22,40.651733,-73.93039,0,0,0,0,4065,-7393,0.44366197183098594
2021-09-23T00:00:00.000,10:24,40.740402,-73.80531,0,0,0,0,4074,-7380,0.35294117647058826
2021-09-22T00:00:00.000,15:12,40.6337,-73.96719,1,0,1,1,4063,-7396,0.34615384615384615
2021-09-24T00:00:00.000,19:14,40.678596,-73.882416,3,0,1,1,4067,-7388,0.30434782608695654
2021-09-22T00:00:00.000,22:20,40.650642,-73.92161,0,0,0,0,4065,-7392,0.35555555555555557
2021-09-23T00:00:00.000,8:57,40.86885,-73.907234,1,0,1,1,4086,-7390,0.42748091603053434
2021-09-22T00:00:00.000,6:45,40.581814,-74.097725,1,0,1,1,4058,-7409,0.15625
2021-09-07T00:00:00.000,17:00,40.582634,-73.96,1,0,1,1,4058,-7395,0.3465346534653465
2021-09-23T00:00:00.000,15:58,40.596184,-74.00053,1,0,1,1,4059,-7400,0.2962962962962963
2021-09-21T00:00:00.000,18:13,40.871246,-73.89284,0,0,0,0,4087,-7389,0.3333333333333333
2021-09-19T00:00:00.000,23:15,40.579975,-73.855255,1,0,1,1,4057,-7385,0.25
2021-09-24T00:00:00.000,18:12,40.733433,-73.86418,1,0,1,1,4073,-7386,0.3464566929133858
2021-09-23T00:00:00.000,16:10,40.696823,-73.91487,0,0,0,0,4069,-7391,0.2709677419354839
2021-09-23T00:00:00.000,9:00,40.63764,-73.94336,0,0,0,0,4063,-7394,0.358974358974359
2021-09-21T00:00:00.000,17:40,40.67794,-73.96567,0,0,0,0,4067,-7396,0.3466666666666667
2021-09-17T00:00:00.000,12:41,40.767612,-73.950005,1,0,1,1,4076,-7395,0.3696969696969697
2021-09-07T00:00:00.000,16:05,40.819336,-73.9137,1,0,1,1,4081,-7391,0.47244094488188976
2021-09-04T00:00:00.000,20:25,40.703712,-73.913895,0,0,0,0,4070,-7391,0.27450980392156865
2021-09-23T00:00:00.000,10:40,40.583534,-73.984184,0,0,0,0,4058,-7398,0.4
2021-09-21T00:00:00.000,16:09,0.0,0.0,2,0,1,1,0,0,0.40425531914893614
2021-09-22T00:00:00.000,0:55,40.745632,-73.82931,1,0,1,1,4074,-7382,0.4057971014492754
2021-09-16T00:00:00.000,20:09,40.729107,-73.83022,0,0,0,0,4072,-7383,0.4909090909090909
2021-09-24T00:00:00.000,14:31,40.738472,-73.931984,0,0,0,0,4073,-7393,0.38461538461538464
2021-09-23T00:00:00.000,7:49,40.666122,-73.93139,1,0,1,1,4066,-7393,0.38578680203045684
2021-09-22T00:00:00.000,14:28,40.69193,-73.982475,0,0,0,0,4069,-7398,0.3229166666666667
2021-09-24T00:00:00.000,14:43,40.674805,-73.9784,0,0,0,0,4067,-7397,0.2818181818181818
2021-09-18T00:00:00.000,15:30,40.689365,-73.9058,1,0,1,1,4068,-7390,0.4421052631578947
2021-09-24T00:00:00.000,8:30,40.6659,-73.98475,0,0,0,0,4066,-7398,0.421875
2021-09-09T00:00:00.000,21:05,40.689392,-73.95592,0,0,0,0,4068,-7395,0.38571428571428573
2021-09-22T00:00:00.000,16:27,40.854263,-73.869385,1,0,1,1,4085,-7386,0.33766233766233766
2022-03-29T00:00:00.000,12:15,40.74089,-73.92201,0,0,0,0,4074,-7392,0.3709677419354839
2021-09-24T00:00:00.000,1:45,40.78694,-73.77558,0,0,0,0,4078,-7377,0.5384615384615384
2021-09-24T00:00:00.000,17:23,40.637756,-74.07682,1,0,1,1,4063,-7407,0.4444444444444444
2021-09-22T00:00:00.000,23:19,40.73072,-73.98906,4,0,1,1,4073,-7398,0.36942675159235666
2021-09-23T00:00:00.000,22:10,40.770382,-73.95605,0,0,0,0,4077,-7395,0.3384615384615385
2021-09-22T00:00:00.000,8:34,40.646175,-73.88953,0,0,0,0,4064,-7388,0.3225806451612903
2021-09-23T00:00:00.000,13:20,40.83942,-73.872925,0,0,0,0,4083,-7387,0.38414634146341464
2021-09-23T00:00:00.000,13:00,40.679447,-73.815796,0,0,0,0,4067,-7381,0.4230769230769231
2021-09-14T00:00:00.000,8:00,40.809063,-73.951996,0,0,0,0,4080,-7395,0.381294964028777
2021-09-22T00:00:00.000,0:00,40.745922,-73.97011,2,0,1,1,4074,-7397,0.4810810810810811
2021-08-11T00:00:00.000,22:01,40.688744,-73.90875,0,0,0,0,4068,-7390,0.4421052631578947
2021-09-24T00:00:00.000,15:08,40.707294,-73.85064,0,0,0,0,4070,-7385,0.39436619718309857
2021-09-22T00:00:00.000,0:25,40.748306,-73.87681,1,0,1,1,4074,-7387,0.25663716814159293
2021-09-23T00:00:00.000,12:07,40.71447,-73.87716,0,0,0,0,4071,-7387,0.5652173913043478
2021-09-23T00:00:00.000,23:35,40.689583,-73.9974,0,0,0,0,4068,-7399,0.17857142857142858
2021-09-02T00:00:00.000,5:35,40.691265,-73.9051,0,0,0,0,4069,-7390,0.29591836734693877
2021-09-22T00:00:00.000,7:43,40.596302,-73.93334,0,0,0,0,4059,-7393,0.47058823529411764
2021-09-24T00:00:00.000,23:10,40.763885,-73.84002,0,0,0,0,4076,-7384,0.0
2021-09-22T00:00:00.000,9:20,40.70541,-73.899826,0,0,0,0,4070,-7389,0.2711864406779661
2021-09-23T00:00:00.000,16:25,40.716816,-73.986244,1,0,1,1,4071,-7398,0.39568345323741005
2021-09-24T00:00:00.000,15:00,40.8039,-73.92054,0,0,0,0,4080,-7392,0.3141025641025641
2021-09-23T00:00:00.000,11:00,40.773926,-73.913414,1,0,1,1,4077,-7391,0.3157894736842105
2021-09-23T00:00:00.000,21:35,40.72709,-73.87472,4,0,1,1,4072,-7387,0.5714285714285714
2021-08-30T00:00:00.000,9:00,40.690144,-73.98408,0,0,0,0,4069,-7398,0.3229166666666667
2021-09-22T00:00:00.000,7:45,40.682987,-73.75459,0,0,0,0,4068,-7375,0.3877551020408163
2021-09-23T00:00:00.000,17:12,40.60084,-73.93812,1,0,1,1,4060,-7393,0.4117647058823529
2021-09-23T00:00:00.000,7:00,40.609043,-73.95643,0,0,0,0,4060,-7395,0.4791666666666667
2021-09-22T00:00:00.000,9:06,40.690758,-73.99624,1,0,1,1,4069,-7399,0.29473684210526313
2021-09-22T00:00:00.000,14:22,40.646034,-73.90742,0,0,0,0,4064,-7390,0.4017094017094017
2021-09-24T00:00:00.000,21:12,40.669476,-73.919975,1,0,1,1,4066,-7391,0.3630952380952381
2021-09-22T00:00:00.000,5:06,40.718174,-73.99495,0,0,0,0,4071,-7399,0.3263157894736842
2021-09-24T00:00:00.000,14:00,40.79766,-73.94231,0,0,0,0,4079,-7394,0.3523809523809524
2021-09-13T00:00:00.000,14:00,40.67101,-73.92239,0,0,0,0,4067,-7392,0.39655172413793105
2021-09-24T00:00:00.000,15:55,40.702152,-73.94438,1,0,1,1,4070,-7394,0.3956043956043956
2021-09-23T00:00:00.000,19:45,40.752136,-74.00115,0,0,0,0,4075,-7400,0.3888888888888889
2021-09-24T00:00:00.000,13:15,40.65727,-73.88104,0,0,0,0,4065,-7388,0.41509433962264153
2021-09-20T00:00:00.000,8:30,40.771515,-73.93128,0,0,0,0,4077,-7393,0.20833333333333334
2021-09-23T00:00:00.000,14:45,40.613415,-74.07006,0,0,0,0,4061,-7407,0.2
2021-09-24T00:00:00.000,0:00,40.644436,-73.89507,0,0,0,0,4064,-7389,0.43478260869565216
2021-09-23T00:00:00.000,20:30,40.688293,-73.83186,0,0,0,0,4068,-7383,0.45454545454545453
2021-09-24T00:00:00.000,21:00,40.616695,-74.00761,1,0,1,1,4061,-7400,0.3076923076923077
2021-09-23T00:00:00.000,2:35,40.69171,-73.864746,0,0,0,0,4069,-7386,0.21052631578947367
2022-04-24T00:00:00.000,17:53,40.704002,-73.85593,0,0,0,0,4070,-7385,0.39436619718309857
2021-09-23T00:00:00.000,18:50,40.784157,-73.98487,0,0,0,0,4078,-7398,0.42105263157894735
2021-09-21T00:00:00.000,15:05,40.68327,-73.88165,0,0,0,0,4068,-7388,0.36538461538461536
2021-09-22T00:00:00.000,15:22,40.799976,-73.94274,0,0,0,0,4079,-7394,0.3523809523809524
2021-09-24T00:00:00.000,8:50,40.709633,-73.767815,0,0,0,0,4070,-7376,0.43902439024390244
2021-09-24T00:00:00.000,19:50,40.605568,-74.03118,0,0,0,0,4060,-7403,0.3
2021-09-22T00:00:00.000,22:50,40.854763,-73.90765,0,0,0,0,4085,-7390,0.42207792207792205
2021-09-22T00:00:00.000,11:00,40.74822,-73.98892,0,0,0,0,4074,-7398,0.40131578947368424
2021-09-24T00:00:00.000,11:45,40.80435,-73.95732,0,0,0,0,4080,-7395,0.381294964028777
2021-09-24T00:00:00.000,18:05,40.723022,-73.99882,0,0,0,0,4072,-7399,0.3829787234042553
2021-09-24T00:00:00.000,23:45,40.89163,-73.85184,0,0,0,0,4089,-7385,0.3813559322033898
2021-09-18T00:00:00.000,11:40,40.848736,-73.93234,1,0,1,1,4084,-7393,0.32786885245901637
2021-09-22T00:00:00.000,8:30,40.715958,-73.78555,0,0,0,0,4071,-7378,0.32653061224489793
2021-09-22T00:00:00.000,11:00,40.851078,-73.84862,1,0,1,1,4085,-7384,0.32432432432432434
2021-09-13T00:00:00.000,21:43,40.677715,-73.93587,2,0,1,1,4067,-7393,0.3755868544600939
2021-09-23T00:00:00.000,16:10,40.642254,-73.92742,0,0,0,0,4064,-7392,0.4077669902912621
2021-09-23T00:00:00.000,14:40,40.830845,-73.947235,1,0,1,1,4083,-7394,0.38926174496644295
2021-09-22T00:00:00.000,23:28,40.644825,-73.99628,1,0,1,1,4064,-7399,0.3442622950819672
2021-09-24T00:00:00.000,12:00,40.825954,-73.94337,0,0,0,0,4082,-7394,0.3812154696132597
2021-09-22T00:00:00.000,8:30,40.765266,-73.81517,0,0,0,0,4076,-7381,0.4716981132075472
2021-09-22T00:00:00.000,7:00,40.609364,-73.93195,0,0,0,0,4060,-7393,0.4117647058823529
2021-09-24T00:00:00.000,20:30,40.64779,-73.94536,0,0,0,0,4064,-7394,0.42342342342342343
2021-09-23T00:00:00.000,14:55,40.744194,-73.97133,3,0,1,1,4074,-7397,0.4810810810810811
2021-09-22T00:00:00.000,8:00,40.76217,-73.7568,0,0,0,0,4076,-7375,0.3409090909090909
2021-09-24T00:00:00.000,18:30,40.608154,-74.13211,1,0,1,1,4060,-7413,0.41935483870967744
2021-09-22T00:00:00.000,22:40,40.75976,-73.977905,1,0,1,1,4075,-7397,0.375886524822695
2021-09-24T00:00:00.000,22:07,40.712704,-73.95233,0,0,0,0,4071,-7395,0.36585365853658536
2021-09-10T00:00:00.000,7:46,40.68609,-73.93867,0,0,0,0,4068,-7393,0.3619047619047619
2021-09-23T00:00:00.000,5:00,40.73797,-73.873505,0,0,0,0,4073,-7387,0.3140495867768595
2021-09-23T00:00:00.000,6:53,40.746887,-73.8347,1,0,1,1,4074,-7383,0.4067796610169492
2021-09-22T00:00:00.000,22:15,40.815468,-73.905334,1,0,1,1,4081,-7390,0.3888888888888889
2021-09-23T00:00:00.000,7:39,40.834522,-73.88314,0,0,0,0,4083,-7388,0.26717557251908397
2021-09-23T00:00:00.000,13:16,40.73831,-73.98775,0,0,0,0,4073,-7398,0.36942675159235666
2021-05-13T00:00:00.000,11:35,40.79423,-73.94695,0,0,0,0,4079,-7394,0.3523809523809524
2021-09-22T00:00:00.000,20:28,40.832607,-73.85752,2,0,1,1,4083,-7385,0.30158730158730157
2021-09-17T00:00:00.000,22:24,40.667713,-73.77792,0,0,0,0,4066,-7377,0.37362637362637363
2021-09-24T00:00:00.000,19:54,40.71745,-73.99914,0,0,0,0,4071,-7399,0.3263157894736842
2021-09-13T00:00:00.000,1:45,40.84487,-73.92068,0,0,0,0,4084,-7392,0.3181818181818182
2021-09-20T00:00:00.000,11:20,40.672516,-73.93356,0,0,0,0,4067,-7393,0.3755868544600939
2021-09-22T00:00:00.000,15:57,40.85071,-73.89408,0,0,0,0,4085,-7389,0.3353658536585366
2021-09-23T00:00:00.000,9:28,40.844917,-73.926384,0,0,0,0,4084,-7392,0.3181818181818182
2021-09-17T00:00:00.000,22:35,40.833588,-73.91498,0,0,0,0,4083,-7391,0.33714285714285713
2021-09-24T00:00:00.000,5:14,40.62014,-73.92119,0,0,0,0,4062,-7392,0.3611111111111111
2021-09-22T00:00:00.000,12:20,40.76705,-73.88841,1,0,1,1,4076,-7388,0.43283582089552236
2021-09-17T00:00:00.000,18:40,40.603645,-74.077324,0,0,0,0,4060,-7407,0.25
2021-09-24T00:00:00.000,19:52,40.788948,-73.94057,1,0,1,1,4078,-7394,0.33513513513513515
2021-09-22T00:00:00.000,11:49,40.674,-73.982285,1,0,1,1,4067,-7398,0.3655913978494624
2021-09-24T00:00:00.000,12:45,40.660656,-73.885796,0,0,0,0,4066,-7388,0.37012987012987014
2021-09-21T00:00:00.000,20:59,40.636383,-73.914276,1,0,1,1,4063,-7391,0.5
2021-09-24T00:00:00.000,20:20,40.735237,-73.89139,1,0,1,1,4073,-7389,0.2857142857142857
2021-09-24T00:00:00.000,10:00,40.655094,-73.92589,0,0,0,0,4065,-7392,0.35555555555555557
2021-09-19T00:00:00.000,0:00,40.581184,-73.825096,0,0,0,0,4058,-7382,0.11764705882352941
2021-09-22T00:00:00.000,14:30,40.763954,-73.98425,0,0,0,0,4076,-7398,0.3081761006289308
2021-09-22T00:00:00.000,10:15,40.783157,-73.78544,0,0,0,0,4078,-7378,0.4375
2021-09-24T00:00:00.000,7:48,40.73579,-73.98537,1,0,1,1,4073,-7398,0.36942675159235666
2021-09-22T00:00:00.000,8:30,40.708256,-73.78144,0,0,0,0,4070,-7378,0.34523809523809523
2021-08-07T00:00:00.000,13:15,40.678154,-73.94416,0,0,0,0,4067,-7394,0.34074074074074073
2021-09-22T00:00:00.000,0:00,40.74088,-73.737015,0,0,0,0,4074,-7373,0.4
2021-09-24T00:00:00.000,13:45,40.702454,-73.874466,0,0,0,0,4070,-7387,0.24324324324324326
2021-09-23T00:00:00.000,10:00,40.716644,-73.99582,0,0,0,0,4071,-7399,0.3263157894736842
2021-09-19T00:00:00.000,22:00,40.728416,-73.943085,0,0,0,0,4072,-7394,0.19801980198019803
2021-09-01T00:00:00.000,23:00,40.676743,-73.93316,0,0,0,0,4067,-7393,0.3755868544600939
2021-09-21T00:00:00.000,9:04,40.853504,-73.93955,0,0,0,0,4085,-7393,0.36585365853658536
2021-09-23T00:00:00.000,14:20,40.84054,-73.87058,1,0,1,1,4084,-7387,0.48333333333333334
2021-09-22T00:00:00.000,15:30,40.67834,-73.883316,0,0,0,0,4067,-7388,0.30434782608695654
2021-09-23T00:00:00.000,8:30,40.66366,-73.90146,0,0,0,0,4066,-7390,0.2777777777777778
2021-09-24T00:00:00.000,12:26,40.6229,-73.91762,0,0,0,0,4062,-7391,0.3333333333333333
2021-09-23T00:00:00.000,0:40,40.684856,-73.97805,0,0,0,0,4068,-7397,0.3412322274881517
2021-09-22T00:00:00.000,17:30,40.77058,-73.84303,0,0,0,0,4077,-7384,0.125
2021-09-23T00:00:00.000,14:22,40.713306,-73.95835,1,0,1,1,4071,-7395,0.36585365853658536
2021-09-22T00:00:00.000,9:30,40.742874,-73.933945,0,0,0,0,4074,-7393,0.3333333333333333
2021-09-23T00:00:00.000,9:00,40.58038,-73.967606,0,0,0,0,4058,-7396,0.37333333333333335
2022-03-29T00:00:00.000,13:41,40.688026,-73.85641,1,0,1,1,4068,-7385,0.43103448275862066
2021-09-24T00:00:00.000,14:10,40.587246,-73.94912,0,0,0,0,4058,-7394,0.40816326530612246
2021-09-21T00:00:00.000,14:24,40.767223,-73.7685,0,0,0,0,4076,-7376,0.21739130434782608
2021-09-23T00:00:00.000,5:15,40.65431,-74.004425,0,0,0,0,4065,-7400,0.41509433962264153
2021-09-24T00:00:00.000,9:00,40.629143,-74.07957,0,0,0,0,4062,-7407,0.35714285714285715
2021-09-22T00:00:00.000,20:00,40.694363,-73.958,1,0,1,1,4069,-7395,0.30952380952380953
2021-09-22T00:00:00.000,8:00,40.67819,-73.80144,0,0,0,0,4067,-7380,0.24615384615384617
2021-09-24T00:00:00.000,21:24,40.686443,-73.768295,2,0,1,1,4068,-7376,0.35714285714285715
2021-09-21T00:00:00.000,16:37,40.85908,-73.898186,1,0,1,1,4085,-7389,0.3353658536585366
2021-09-24T00:00:00.000,6:04,40.723083,-73.72817,1,0,1,1,4072,-7372,0.3793103448275862
2021-09-22T00:00:00.000,17:30,40.732887,-73.87443,0,0,0,0,4073,-7387,0.3140495867768595
2021-09-24T00:00:00.000,6:25,40.7366,-73.98185,1,0,1,1,4073,-7398,0.36942675159235666
2021-09-22T00:00:00.000,16:50,40.66768,-73.896,1,0,1,1,4066,-7389,0.3103448275862069
2021-09-23T00:00:00.000,14:17,40.65558,-73.76629,1,0,1,1,4065,-7376,0.35714285714285715
2021-09-23T00:00:00.000,14:30,40.752472,-73.87818,0,0,0,0,4075,-7387,0.33884297520661155
2021-09-23T00:00:00.000,19:35,40.89487,-73.85657,0,0,0,0,4089,-7385,0.3813559322033898
2021-09-22T00:00:00.000,21:14,40.6157,-73.94478,1,0,1,1,4061,-7394,0.48484848484848486
2021-09-23T00:00:00.000,14:54,40.658577,-73.89063,0,0,0,0,4065,-7389,0.34965034965034963
2021-09-21T00:00:00.000,8:40,0.0,0.0,1,0,1,1,0,0,0.40425531914893614
2021-09-24T00:00:00.000,22:23,40.638138,-73.889275,0,0,0,0,4063,-7388,0.3835616438356164
2021-09-24T00:00:00.000,13:45,40.67949,-73.87927,0,0,0,0,4067,-7387,0.30344827586206896
2021-09-23T00:00:00.000,6:00,40.833813,-73.86275,0,0,0,0,4083,-7386,0.24822695035460993
2021-09-20T00:00:00.000,11:00,40.81899,-73.8867,0,0,0,0,4081,-7388,0.25471698113207547
2021-09-23T00:00:00.000,14:09,40.67594,-73.94715,0,0,0,0,4067,-7394,0.34074074074074073
2021-09-18T00:00:00.000,18:45,40.67582,-73.930466,1,0,1,1,4067,-7393,0.3755868544600939
2021-09-24T00:00:00.000,12:45,40.682003,-73.9687,0,0,0,0,4068,-7396,0.42567567567567566
2021-09-23T00:00:00.000,11:30,40.70806,-73.907104,0,0,0,0,4070,-7390,0.37894736842105264
2021-09-21T00:00:00.000,19:30,40.756767,-73.98272,1,0,1,1,4075,-7398,0.3170731707317073
2021-09-22T00:00:00.000,7:00,40.73695,-74.00779,0,0,0,0,4073,-7400,0.2403846153846154
2021-09-23T00:00:00.000,19:40,40.75127,-73.85904,2,0,1,1,4075,-7385,0.3048780487804878
2021-09-24T00:00:00.000,20:38,40.77882,-73.953995,1,0,1,1,4077,-7395,0.3384615384615385
2021-09-23T00:00:00.000,21:58,40.69593,-73.96548,1,0,1,1,4069,-7396,0.325
2021-09-22T00:00:00.000,16:00,40.805576,-73.93623,0,0,0,0,4080,-7393,0.36312849162011174
2021-09-22T00:00:00.000,19:10,40.756992,-73.72966,1,0,1,1,4075,-7372,0.2857142857142857
2021-09-24T00:00:00.000,22:00,40.701103,-73.92239,1,0,1,1,4070,-7392,0.24305555555555555
2021-09-24T00:00:00.000,16:00,40.586185,-73.98328,0,0,0,0,4058,-7398,0.4
2021-09-22T00:00:00.000,8:55,40.800827,-73.937935,0,0,0,0,4080,-7393,0.36312849162011174
2021-09-23T00:00:00.000,16:16,40.625595,-73.9576,1,0,1,1,4062,-7395,0.4444444444444444
2021-09-24T00:00:00.000,15:05,40.82293,-73.94184,0,0,0,0,4082,-7394,0.3812154696132597
2021-09-20T00:00:00.000,15:28,40.74102,-73.97862,0,0,0,0,4074,-7397,0.4810810810810811
2021-09-24T00:00:00.000,8:20,40.58584,-73.93788,0,0,0,0,4058,-7393,0.24324324324324326
2021-09-16T00:00:00.000,13:58,40.72639,-73.991806,0,0,0,0,4072,-7399,0.3829787234042553
2021-09-20T00:00:00.000,14:00,40.769318,-73.8666,1,0,1,1,4076,-7386,0.40298507462686567
2021-09-22T00:00:00.000,16:00,40.751,-73.94881,0,0,0,0,4075,-7394,0.41333333333333333
2021-09-22T00:00:00.000,17:42,40.677032,-73.824684,0,0,0,0,4067,-7382,0.4186046511627907
2021-09-24T00:00:00.000,19:30,40.69554,-73.91261,1,0,1,1,4069,-7391,0.2709677419354839
2021-09-21T00:00:00.000,14:15,40.5595,-74.1667,1,0,1,1,4055,-7416,0.5416666666666666
2021-09-22T00:00:00.000,15:50,40.59663,-73.754196,0,0,0,0,4059,-7375,0.17777777777777778
2021-09-23T00:00:00.000,8:00,40.823257,-73.94293,0,0,0,0,4082,-7394,0.3812154696132597
2021-09-22T00:00:00.000,13:00,40.69453,-73.82588,0,0,0,0,4069,-7382,0.37209302325581395
2021-09-22T00:00:00.000,0:29,40.641586,-73.92548,1,0,1,1,4064,-7392,0.4077669902912621
2021-09-22T00:00:00.000,10:30,40.757034,-73.87133,2,0,1,1,4075,-7387,0.33884297520661155
2021-09-23T00:00:00.000,18:54,40.8612,-73.93497,0,0,0,0,4086,-7393,0.3333333333333333
2021-09-24T00:00:00.000,10:22,40.6791,-73.9874,1,0,1,1,4067,-7398,0.3655913978494624
2021-09-23T00:00:00.000,17:05,40.590046,-73.99302,0,0,0,0,4059,-7399,0.3076923076923077
2021-09-23T00:00:00.000,16:45,40.816067,-73.91765,1,0,1,1,4081,-7391,0.47244094488188976
2021-09-22T00:00:00.000,7:39,40.6505,-73.94375,4,0,1,1,4065,-7394,0.43137254901960786
2021-09-22T00:00:00.000,23:20,40.729736,-73.833725,2,0,1,1,4072,-7383,0.4909090909090909
2021-09-23T00:00:00.000,16:30,40.67891,-73.86037,0,0,0,0,4067,-7386,0.3431372549019608
2021-09-23T00:00:00.000,8:20,40.63174,-73.96793,0,0,0,0,4063,-7396,0.34615384615384615
2021-09-22T00:00:00.000,15:40,40.68686,-73.87772,0,0,0,0,4068,-7387,0.24719101123595505
2021-09-24T00:00:00.000,20:25,40.7099,-73.786736,0,0,0,0,4070,-7378,0.34523809523809523
2021-09-22T00:00:00.000,15:58,40.85607,-73.930405,0,0,0,0,4085,-7393,0.36585365853658536
2021-04-10T00:00:00.000,14:50,40.76503,-73.98483,1,0,1,1,4076,-7398,0.3081761006289308
2021-09-23T00:00:00.000,3:58,40.692707,-73.972755,0,0,0,0,4069,-7397,0.3253012048192771
2021-09-24T00:00:00.000,14:50,40.817795,-73.89319,0,0,0,0,4081,-7389,0.31543624161073824
2021-09-24T00:00:00.000,8:30,40.68017,-73.748436,1,0,1,1,4068,-7374,0.29411764705882354
2021-09-20T00:00:00.000,7:50,40.815975,-73.91102,0,0,0,0,4081,-7391,0.47244094488188976
2021-09-23T00:00:00.000,18:00,40.68031,-73.96793,0,0,0,0,4068,-7396,0.42567567567567566
2021-09-24T00:00:00.000,15:43,40.685375,-73.77968,0,0,0,0,4068,-7377,0.3673469387755102
2021-09-23T00:00:00.000,12:30,40.61107,-74.00131,0,0,0,0,4061,-7400,0.3076923076923077
2021-09-23T00:00:00.000,9:23,40.685112,-73.94717,0,0,0,0,4068,-7394,0.4409448818897638
2021-09-22T00:00:00.000,6:02,40.77132,-73.84655,1,0,1,1,4077,-7384,0.125
2021-09-23T00:00:00.000,10:25,40.760662,-73.93879,0,0,0,0,4076,-7393,0.44680851063829785
2021-09-20T00:00:00.000,17:45,40.655983,-73.897575,0,0,0,0,4065,-7389,0.34965034965034963
2021-09-23T00:00:00.000,10:05,40.74729,-73.86496,0,0,0,0,4074,-7386,0.3813559322033898
2021-09-23T00:00:00.000,10:00,40.67918,-74.01424,0,0,0,0,4067,-7401,0.32142857142857145
2021-09-23T00:00:00.000,15:22,40.65021,-74.01577,3,0,1,1,4065,-7401,0.43478260869565216
2021-09-24T00:00:00.000,19:24,40.698,-73.97479,0,0,0,0,4069,-7397,0.3253012048192771
2021-09-22T00:00:00.000,15:40,40.710995,-73.78741,0,0,0,0,4071,-7378,0.32653061224489793
2021-09-24T00:00:00.000,19:52,40.71875,-74.001,0,0,0,0,4071,-7400,0.25517241379310346
2021-09-14T00:00:00.000,20:00,40.670662,-73.94765,0,0,0,0,4067,-7394,0.34074074074074073
2021-09-24T00:00:00.000,16:50,40.82154,-73.94287,0,0,0,0,4082,-7394,0.3812154696132597
2021-09-23T00:00:00.000,11:42,40.676243,-73.95269,0,0,0,0,4067,-7395,0.3695652173913043
2021-09-24T00:00:00.000,23:25,40.767998,-73.830864,0,0,0,0,4076,-7383,0.33695652173913043
2021-09-23T00:00:00.000,22:43,40.729736,-73.833725,1,0,1,1,4072,-7383,0.4909090909090909
2021-09-24T00:00:00.000,22:14,40.8165,-73.946556,2,0,1,1,4081,-7394,0.38
2021-09-23T00:00:00.000,14:00,40.703396,-73.956505,0,0,0,0,4070,-7395,0.3475177304964539
2021-09-23T00:00:00.000,16:50,40.792362,-73.96418,0,0,0,0,4079,-7396,0.25
2021-09-24T00:00:00.000,0:35,40.694576,-73.95615,1,0,1,1,4069,-7395,0.30952380952380953
2021-09-23T00:00:00.000,12:12,40.6975,-73.90952,0,0,0,0,4069,-7390,0.29591836734693877
2021-09-22T00:00:00.000,7:14,40.781837,-73.979294,0,0,0,0,4078,-7397,0.3434343434343434
2021-09-22T00:00:00.000,13:00,40.69024,-73.99437,0,0,0,0,4069,-7399,0.29473684210526313
2021-09-23T00:00:00.000,8:30,40.72563,-73.89587,0,0,0,0,4072,-7389,0.41379310344827586
2021-09-22T00:00:00.000,21:30,40.811478,-73.950226,1,0,1,1,4081,-7395,0.3509933774834437
2021-09-24T00:00:00.000,19:50,40.65505,-73.95631,0,0,0,0,4065,-7395,0.38686131386861317
2021-09-23T00:00:00.000,15:38,40.826374,-73.93561,0,0,0,0,4082,-7393,0.36645962732919257
2021-09-23T00:00:00.000,18:45,40.7244,-73.84981,1,0,1,1,4072,-7384,0.2711864406779661
2021-09-22T00:00:00.000,9:40,40.643085,-73.951454,0,0,0,0,4064,-7395,0.4796747967479675
2021-09-21T00:00:00.000,13:12,40.662457,-73.92012,1,0,1,1,4066,-7392,0.355
2021-09-23T00:00:00.000,6:35,40.603344,-73.93684,0,0,0,0,4060,-7393,0.4117647058823529
2021-09-23T00:00:00.000,10:20,40.673485,-73.97296,0,0,0,0,4067,-7397,0.2818181818181818
2021-09-11T00:00:00.000,4:35,40.758144,-73.91723,0,0,0,0,4075,-7391,0.4777777777777778
2021-09-24T00:00:00.000,17:50,40.596195,-73.75412,0,0,0,0,4059,-7375,0.17777777777777778
2021-09-13T00:00:00.000,13:00,40.708942,-73.92499,0,0,0,0,4070,-7392,0.24305555555555555
2021-09-23T00:00:00.000,18:00,40.705982,-73.73956,1,0,1,1,4070,-7373,0.52
2021-09-21T00:00:00.000,7:30,40.68693,-73.95089,0,0,0,0,4068,-7395,0.38571428571428573
2021-09-22T00:00:00.000,10:22,40.662487,-73.936005,0,0,0,0,4066,-7393,0.38578680203045684
2021-09-22T00:00:00.000,20:50,40.655197,-73.91354,2,0,1,1,4065,-7391,0.425
2021-09-22T00:00:00.000,6:50,40.62925,-73.9439,0,0,0,0,4062,-7394,0.41379310344827586
2022-03-29T00:00:00.000,22:25,40.760994,-73.82443,0,0,0,0,4076,-7382,0.2987012987012987
2021-09-24T00:00:00.000,0:00,40.676167,-73.88225,0,0,0,0,4067,-7388,0.30434782608695654
2021-09-24T00:00:00.000,18:37,40.658295,-73.93109,1,0,1,1,4065,-7393,0.44366197183098594
2021-09-22T00:00:00.000,11:22,40.82458,-73.870544,0,0,0,0,4082,-7387,0.33544303797468356
2021-09-22T00:00:00.000,16:15,40.71579,-73.7522,0,0,0,0,4071,-7375,0.3269230769230769
2021-09-19T00:00:00.000,16:05,40.672382,-73.78574,0,0,0,0,4067,-7378,0.2
2021-09-23T00:00:00.000,18:50,40.695156,-73.92002,1,0,1,1,4069,-7392,0.3584905660377358
2021-09-23T00:00:00.000,11:00,40.677166,-73.87775,0,0,0,0,4067,-7387,0.30344827586206896
2021-09-23T00:00:00.000,7:30,40.86446,-73.91895,1,0,1,1,4086,-7391,0.38016528925619836
2021-09-24T00:00:00.000,15:20,40.826427,-73.950455,0,0,0,0,4082,-7395,0.4117647058823529
2021-09-24T00:00:00.000,15:02,40.584324,-73.91604,0,0,0,0,4058,-7391,0.3888888888888889
2021-09-22T00:00:00.000,16:35,40.722313,-73.74285,1,0,1,1,4072,-7374,0.44
2021-09-23T00:00:00.000,9:00,40.77226,-73.92591,0,0,0,0,4077,-7392,0.3269230769230769
2021-09-22T00:00:00.000,2:16,40.717724,-73.98577,1,0,1,1,4071,-7398,0.39568345323741005
2021-09-24T00:00:00.000,19:17,40.66361,-73.98964,1,0,1,1,4066,-7398,0.421875
2021-09-13T00:00:00.000,16:23,40.700775,-73.91334,1,0,1,1,4070,-7391,0.27450980392156865
2021-09-10T00:00:00.000,13:28,40.58046,-73.83963,0,0,0,0,4058,-7383,0.38461538461538464
2021-09-22T00:00:00.000,18:30,40.747208,-73.91601,0,0,0,0,4074,-7391,0.38333333333333336
2021-09-23T00:00:00.000,0:15,40.70071,-73.81515,2,0,1,1,4070,-7381,0.3194444444444444
2021-09-23T00:00:00.000,22:45,40.67898,-73.88107,0,0,0,0,4067,-7388,0.30434782608695654
2021-09-23T00:00:00.000,13:32,40.663216,-73.757835,0,0,0,0,4066,-7375,0.3
2021-09-24T00:00:00.000,13:30,40.72752,-73.75879,1,0,1,1,4072,-7375,0.2727272727272727
2021-09-24T00:00:00.000,16:15,40.718502,-73.73527,2,0,1,1,4071,-7373,0.25
2021-09-24T00:00:00.000,0:30,40.874702,-73.85803,2,0,1,1,4087,-7385,0.37681159420289856
2021-09-09T00:00:00.000,13:50,40.671925,-73.939186,0,0,0,0,4067,-7393,0.3755868544600939
2021-09-20T00:00:00.000,21:40,40.75649,-73.997765,0,0,0,0,4075,-7399,0.2830188679245283
2021-09-24T00:00:00.000,9:29,40.760998,-73.771675,0,0,0,0,4076,-7377,0.20588235294117646
2021-09-24T00:00:00.000,7:53,40.794132,-73.94282,2,0,1,1,4079,-7394,0.3523809523809524
2021-09-24T00:00:00.000,12:49,40.598434,-73.99263,0,0,0,0,4059,-7399,0.3076923076923077
2021-09-17T00:00:00.000,13:31,40.75578,-74.00199,1,0,1,1,4075,-7400,0.3888888888888889
2021-09-18T00:00:00.000,10:20,40.69285,-73.90355,1,0,1,1,4069,-7390,0.29591836734693877
2021-09-23T00:00:00.000,20:27,40.81532,-73.88665,1,0,1,1,4081,-7388,0.25471698113207547
2021-09-24T00:00:00.000,20:07,40.74356,-73.85574,1,0,1,1,4074,-7385,0.35526315789473684
2021-09-23T00:00:00.000,17:13,40.626156,-74.019035,0,0,0,0,4062,-7401,0.3829787234042553
2021-09-23T00:00:00.000,14:14,40.841187,-73.85459,1,0,1,1,4084,-7385,0.32727272727272727
2021-09-24T00:00:00.000,14:45,40.749607,-73.966835,0,0,0,0,4074,-7396,0.7
2021-09-24T00:00:00.000,18:45,40.86723,-73.88692,0,0,0,0,4086,-7388,0.23943661971830985
2021-09-23T00:00:00.000,11:15,40.721447,-73.997406,0,0,0,0,4072,-7399,0.3829787234042553
2021-09-22T00:00:00.000,18:00,40.70567,-73.92142,0,0,0,0,4070,-7392,0.24305555555555555
2021-09-23T00:00:00.000,0:40,40.702488,-73.98854,1,0,1,1,4070,-7398,0.21568627450980393
2021-09-24T00:00:00.000,15:25,40.64664,-73.9246,1,0,1,1,4064,-7392,0.4077669902912621
2021-09-24T00:00:00.000,15:00,40.817795,-73.89319,0,0,0,0,4081,-7389,0.31543624161073824
2021-09-22T00:00:00.000,8:50,40.690323,-73.8635,1,0,1,1,4069,-7386,0.21052631578947367
2021-09-24T00:00:00.000,4:56,40.728474,-73.882614,1,0,1,1,4072,-7388,0.4
2021-09-24T00:00:00.000,15:00,40.704113,-73.94786,1,0,1,1,4070,-7394,0.3956043956043956
2021-09-22T00:00:00.000,9:00,40.717155,-73.94924,0,0,0,0,4071,-7394,0.3710691823899371
2021-09-22T00:00:00.000,14:30,40.69375,-73.79038,0,0,0,0,4069,-7379,0.25925925925925924
2021-09-23T00:00:00.000,14:05,40.843407,-73.885544,1,0,1,1,4084,-7388,0.390625
2021-09-22T00:00:00.000,5:00,40.894028,-73.8422,0,0,0,0,4089,-7384,0.3333333333333333
2021-09-23T00:00:00.000,8:30,40.825165,-73.86699,1,0,1,1,4082,-7386,0.3493975903614458
2021-09-22T00:00:00.000,12:38,40.861294,-73.8646,0,0,0,0,4086,-7386,0.4642857142857143
2021-09-06T00:00:00.000,22:15,40.757145,-73.86452,0,0,0,0,4075,-7386,0.33653846153846156
2022-03-28T00:00:00.000,10:10,40.798832,-73.95203,1,0,1,1,4079,-7395,0.42
2021-09-22T00:00:00.000,20:55,40.65434,-73.94704,4,0,1,1,4065,-7394,0.43137254901960786
2021-09-14T00:00:00.000,9:55,40.6709,-73.95319,1,0,1,1,4067,-7395,0.3695652173913043
2021-09-24T00:00:00.000,10:26,40.868156,-73.89158,0,0,0,0,4086,-7389,0.40606060606060607
2021-09-24T00:00:00.000,0:50,40.717678,-73.81713,0,0,0,0,4071,-7381,0.3448275862068966
2021-09-21T00:00:00.000,18:50,40.79162,-73.94885,0,0,0,0,4079,-7394,0.3523809523809524
2021-09-24T00:00:00.000,10:24,40.693604,-73.99275,0,0,0,0,4069,-7399,0.29473684210526313
2021-09-22T00:00:00.000,21:45,40.809563,-73.92923,0,0,0,0,4080,-7392,0.3141025641025641
2021-09-23T00:00:00.000,22:47,40.67871,-73.86701,1,0,1,1,4067,-7386,0.3431372549019608
2021-09-23T00:00:00.000,13:35,40.753307,-74.0001,0,0,0,0,4075,-7400,0.3888888888888889
2021-09-23T00:00:00.000,13:00,40.83475,-73.85803,0,0,0,0,4083,-7385,0.30158730158730157
2021-09-18T00:00:00.000,17:00,40.67556,-73.96334,0,0,0,0,4067,-7396,0.3466666666666667
2021-09-24T00:00:00.000,13:20,40.755554,-73.885376,1,0,1,1,4075,-7388,0.3402061855670103
2021-09-22T00:00:00.000,7:43,40.599934,-73.75778,0,0,0,0,4059,-7375,0.17777777777777778
2021-09-23T00:00:00.000,10:00,40.849667,-73.90802,0,0,0,0,4084,-7390,0.366120218579235
2021-09-23T00:00:00.000,16:03,40.837673,-73.91922,0,0,0,0,4083,-7391,0.33714285714285713
2021-09-24T00:00:00.000,20:20,40.68144,-73.83865,1,0,1,1,4068,-7383,0.45454545454545453
2021-09-22T00:00:00.000,14:00,40.75763,-73.82799,1,0,1,1,4075,-7382,0.4915254237288136
2021-09-24T00:00:00.000,17:15,40.747665,-73.94506,1,0,1,1,4074,-7394,0.33962264150943394
2021-09-23T00:00:00.000,21:30,40.7576,-73.890495,0,0,0,0,4075,-7389,0.4805194805194805
2021-09-23T00:00:00.000,11:40,40.61282,-74.15896,1,0,1,1,4061,-7415,0.3333333333333333
2021-09-24T00:00:00.000,18:15,40.759308,-73.9653,1,0,1,1,4075,-7396,0.4788732394366197
2021-09-23T00:00:00.000,17:30,40.77622,-73.97596,1,0,1,1,4077,-7397,0.38235294117647056
2021-09-23T00:00:00.000,12:40,40.60567,-74.030945,1,0,1,1,4060,-7403,0.3
2021-09-24T00:00:00.000,11:30,40.781525,-73.96042,1,0,1,1,4078,-7396,0.28125
2021-09-23T00:00:00.000,18:40,40.616096,-74.00046,1,0,1,1,4061,-7400,0.3076923076923077
2021-09-23T00:00:00.000,9:45,40.639507,-73.94445,0,0,0,0,4063,-7394,0.358974358974359
2021-09-24T00:00:00.000,0:35,40.763798,-73.808235,0,0,0,0,4076,-7380,0.4
2022-04-24T00:00:00.000,21:58,0.0,0.0,1,0,1,1,0,0,0.40425531914893614
2021-09-24T00:00:00.000,15:23,40.797775,-73.94172,0,0,0,0,4079,-7394,0.3523809523809524
2021-09-13T00:00:00.000,14:00,40.750725,-73.87037,1,0,1,1,4075,-7387,0.33884297520661155
2021-09-20T00:00:00.000,0:37,40.67973,-73.76162,1,0,1,1,4067,-7376,0.23076923076923078
2021-09-24T00:00:00.000,9:55,40.81459,-73.9139,0,0,0,0,4081,-7391,0.47244094488188976
2021-09-24T00:00:00.000,2:12,40.820545,-73.89663,0,0,0,0,4082,-7389,0.37423312883435583
2021-09-24T00:00:00.000,8:52,40.60136,-73.97647,0,0,0,0,4060,-7397,0.3469387755102041
2021-09-24T00:00:00.000,14:35,40.750965,-73.94027,0,0,0,0,4075,-7394,0.41333333333333333
2021-09-23T00:00:00.000,1:35,40.699802,-73.773964,0,0,0,0,4069,-7377,0.35135135135135137
2021-09-24T00:00:00.000,23:30,40.736885,-73.978546,1,0,1,1,4073,-7397,0.32558139534883723
2021-09-24T00:00:00.000,1:00,40.883152,-73.856285,0,0,0,0,4088,-7385,0.36619718309859156
2021-09-22T00:00:00.000,7:50,40.756405,-73.85349,2,0,1,1,4075,-7385,0.3048780487804878
2021-09-16T00:00:00.000,17:45,40.70341,-73.862816,0,0,0,0,4070,-7386,0.38235294117647056
2021-09-24T00:00:00.000,15:30,40.775383,-73.923035,0,0,0,0,4077,-7392,0.3269230769230769
2021-09-16T00:00:00.000,16:00,40.837673,-73.91922,0,0,0,0,4083,-7391,0.33714285714285713
2021-09-24T00:00:00.000,22:30,40.585026,-73.958275,1,0,1,1,4058,-7395,0.3465346534653465
2021-09-24T00:00:00.000,17:07,40.85226,-73.852905,1,0,1,1,4085,-7385,0.3125
2021-09-15T00:00:00.000,13:15,40.753387,-73.99631,1,0,1,1,4075,-7399,0.2830188679245283
2021-08-26T00:00:00.000,14:00,40.68804,-73.947754,0,0,0,0,4068,-7394,0.4409448818897638
2021-09-22T00:00:00.000,4:51,40.745148,-73.98839,0,0,0,0,4074,-7398,0.40131578947368424
2021-09-22T00:00:00.000,5:40,40.754498,-73.834076,1,0,1,1,4075,-7383,0.37681159420289856
2021-09-22T00:00:00.000,10:20,40.824364,-73.89389,0,0,0,0,4082,-7389,0.37423312883435583
2021-09-24T00:00:00.000,19:45,40.601406,-74.131256,1,0,1,1,4060,-7413,0.41935483870967744
2021-09-22T00:00:00.000,9:40,40.681717,-73.74249,0,0,0,0,4068,-7374,0.29411764705882354
2021-08-29T00:00:00.000,5:10,40.713512,-73.79903,0,0,0,0,4071,-7379,0.3888888888888889
2021-09-23T00:00:00.000,19:00,40.73856,-73.85524,0,0,0,0,4073,-7385,0.3619047619047619
2021-09-23T00:00:00.000,22:00,40.756317,-73.83369,1,0,1,1,4075,-7383,0.37681159420289856
2021-09-22T00:00:00.000,14:24,40.6532,-73.92952,0,0,0,0,4065,-7392,0.35555555555555557
2021-09-22T00:00:00.000,0:00,40.66496,-73.82226,0,0,0,0,4066,-7382,0.43103448275862066
2021-09-08T00:00:00.000,17:20,40.81523,-73.920166,0,0,0,0,4081,-7392,0.4714285714285714
2021-09-22T00:00:00.000,11:45,40.73789,-73.98674,0,0,0,0,4073,-7398,0.36942675159235666
2021-09-22T00:00:00.000,14:00,40.585133,-73.954544,1,0,1,1,4058,-7395,0.3465346534653465
2021-09-23T00:00:00.000,14:10,40.67994,-73.88468,1,0,1,1,4067,-7388,0.30434782608695654
2021-07-25T00:00:00.000,15:00,40.66895,-73.9339,0,0,0,0,4066,-7393,0.38578680203045684
2021-09-22T00:00:00.000,1:05,40.788586,-73.95529,1,0,1,1,4078,-7395,0.42168674698795183
2021-09-08T00:00:00.000,19:03,40.57741,-73.96237,0,0,0,0,4057,-7396,0.3191489361702128
2021-09-23T00:00:00.000,15:08,40.74039,-73.789505,0,0,0,0,4074,-7378,0.43478260869565216
2021-09-21T00:00:00.000,19:38,40.749035,-73.75328,0,0,0,0,4074,-7375,0.16666666666666666
2021-09-23T00:00:00.000,9:30,40.691074,-73.908806,0,0,0,0,4069,-7390,0.29591836734693877
2021-09-24T00:00:00.000,9:45,40.679203,-73.9553,1,0,1,1,4067,-7395,0.3695652173913043
2021-09-22T00:00:00.000,21:35,40.686478,-73.80079,0,0,0,0,4068,-7380,0.3829787234042553
2021-09-23T00:00:00.000,0:00,40.679745,-73.98697,0,0,0,0,4067,-7398,0.3655913978494624
2021-09-23T00:00:00.000,19:15,40.804256,-73.9193,1,0,1,1,4080,-7391,0.38961038961038963
2021-09-12T00:00:00.000,6:31,40.703163,-73.81662,0,0,0,0,4070,-7381,0.3194444444444444
2021-09-24T00:00:00.000,19:30,40.79507,-73.93919,0,0,0,0,4079,-7393,0.36585365853658536
2021-08-31T00:00:00.000,16:00,40.743237,-73.88353,1,0,1,1,4074,-7388,0.2978723404255319
2021-09-24T00:00:00.000,20:20,40.74518,-73.982735,1,0,1,1,4074,-7398,0.40131578947368424
2021-09-24T00:00:00.000,7:30,40.679996,-73.97941,0,0,0,0,4067,-7397,0.2818181818181818
2021-09-24T00:00:00.000,14:50,40.746033,-73.93441,0,0,0,0,4074,-7393,0.3333333333333333
2021-09-18T00:00:00.000,21:03,40.81544,-73.91619,1,0,1,1,4081,-7391,0.47244094488188976
2021-09-24T00:00:00.000,8:00,40.665127,-73.77703,0,0,0,0,4066,-7377,0.37362637362637363
2021-09-22T00:00:00.000,15:25,40.557346,-74.16622,1,0,1,1,4055,-7416,0.5416666666666666
2021-09-24T00:00:00.000,20:30,40.717155,-73.94924,0,0,0,0,4071,-7394,0.3710691823899371
2021-09-20T00:00:00.000,16:00,40.69479,-73.954315,0,0,0,0,4069,-7395,0.30952380952380953
2021-09-24T00:00:00.000,8:00,40.8291,-73.90554,0,0,0,0,4082,-7390,0.3025210084033613
2021-09-15T00:00:00.000,18:19,40.65621,-73.914665,0,0,0,0,4065,-7391,0.425
2021-09-24T00:00:00.000,20:25,40.81371,-73.95602,0,0,0,0,4081,-7395,0.3509933774834437
2021-09-21T00:00:00.000,17:52,40.670277,-73.92542,1,0,1,1,4067,-7392,0.39655172413793105
2021-09-22T00:00:00.000,15:00,40.761272,-73.95571,2,0,1,1,4076,-7395,0.3696969696969697
2021-09-21T00:00:00.000,14:04,40.773872,-73.98223,1,0,1,1,4077,-7398,0.38028169014084506
2021-09-23T00:00:00.000,19:30,40.692783,-73.91181,3,0,1,1,4069,-7391,0.2709677419354839
2021-09-23T00:00:00.000,15:40,40.59081,-74.10723,0,0,0,0,4059,-7410,0.2
2021-09-20T00:00:00.000,3:40,40.8444,-73.90159,0,0,0,0,4084,-7390,0.366120218579235
2021-09-24T00:00:00.000,9:20,40.806816,-73.95551,0,0,0,0,4080,-7395,0.381294964028777
2021-09-24T00:00:00.000,16:05,40.723545,-73.85409,1,0,1,1,4072,-7385,0.4418604651162791
2021-09-24T00:00:00.000,12:00,40.639977,-73.92623,0,0,0,0,4063,-7392,0.4036697247706422
2021-09-22T00:00:00.000,14:45,40.710453,-73.93734,0,0,0,0,4071,-7393,0.2711864406779661
2021-09-22T00:00:00.000,10:00,40.67357,-73.95294,1,0,1,1,4067,-7395,0.3695652173913043
2021-09-23T00:00:00.000,5:05,40.664745,-73.74003,0,0,0,0,4066,-7374,0.3698630136986301
2021-09-22T00:00:00.000,8:40,40.715202,-73.801575,0,0,0,0,4071,-7380,0.42105263157894735
2021-09-22T00:00:00.000,12:40,40.737064,-74.002144,0,0,0,0,4073,-7400,0.2403846153846154
2021-09-23T00:00:00.000,11:47,40.707623,-73.962135,0,0,0,0,4070,-7396,0.3431372549019608
2021-09-24T00:00:00.000,18:00,40.847427,-73.931404,1,0,1,1,4084,-7393,0.32786885245901637
2021-09-22T00:00:00.000,13:45,40.882767,-73.8886,1,0,1,1,4088,-7388,0.42857142857142855
2022-03-29T00:00:00.000,12:09,40.855118,-73.8677,0,0,0,0,4085,-7386,0.33766233766233766
2021-09-23T00:00:00.000,10:02,40.68723,-73.941795,1,0,1,1,4068,-7394,0.4409448818897638
2021-09-22T00:00:00.000,7:45,40.72293,-73.847336,0,0,0,0,4072,-7384,0.2711864406779661
2021-09-24T00:00:00.000,22:30,40.63082,-73.88636,0,0,0,0,4063,-7388,0.3835616438356164
2021-09-23T00:00:00.000,2:52,40.629745,-74.14834,0,0,0,0,4062,-7414,0.20408163265306123
2021-09-24T00:00:00.000,17:30,40.656967,-73.90261,0,0,0,0,4065,-7390,0.375
2021-09-22T00:00:00.000,19:15,40.73294,-73.84961,1,0,1,1,4073,-7384,0.2682926829268293
2021-09-22T00:00:00.000,7:51,40.624912,-74.146706,0,0,0,0,4062,-7414,0.20408163265306123
2021-09-24T00:00:00.000,6:00,40.696033,-73.984535,0,0,0,0,4069,-7398,0.3229166666666667
2021-09-23T00:00:00.000,19:15,40.740017,-73.84565,0,0,0,0,4074,-7384,0.42857142857142855
2021-09-18T00:00:00.000,21:16,40.71617,-73.882385,1,0,1,1,4071,-7388,0.10344827586206896
2021-09-24T00:00:00.000,7:40,40.838135,-73.88731,0,0,0,0,4083,-7388,0.26717557251908397
2021-09-24T00:00:00.000,18:20,40.898876,-73.85539,1,0,1,1,4089,-7385,0.3813559322033898
2021-09-20T00:00:00.000,2:00,40.827103,-73.94996,1,0,1,1,4082,-7394,0.3812154696132597
2021-09-24T00:00:00.000,22:35,40.66367,-73.91213,0,0,0,0,4066,-7391,0.3630952380952381
2021-08-26T00:00:00.000,20:17,40.685436,-73.944336,0,0,0,0,4068,-7394,0.4409448818897638
2021-09-22T00:00:00.000,23:40,40.770424,-73.96222,2,0,1,1,4077,-7396,0.3695652173913043
2021-09-24T00:00:00.000,8:48,40.87448,-73.83393,2,0,1,1,4087,-7383,0.3333333333333333
2021-09-12T00:00:00.000,17:11,40.774254,-73.910995,1,0,1,1,4077,-7391,0.3157894736842105
2022-03-29T00:00:00.000,16:10,40.741394,-73.82303,0,0,0,0,4074,-7382,0.4057971014492754
2021-09-22T00:00:00.000,19:42,40.678375,-73.97334,1,0,1,1,4067,-7397,0.2818181818181818
2021-09-22T00:00:00.000,13:15,40.826138,-73.88344,0,0,0,0,4082,-7388,0.27624309392265195
2021-09-16T00:00:00.000,13:00,40.638462,-74.12141,0,0,0,0,4063,-7412,0.36363636363636365
2021-09-24T00:00:00.000,17:45,40.721977,-73.959946,0,0,0,0,4072,-7395,0.22093023255813954
2021-09-23T00:00:00.000,23:11,40.62313,-74.01525,0,0,0,0,4062,-7401,0.3829787234042553
2021-09-17T00:00:00.000,18:00,40.877937,-73.88057,0,0,0,0,4087,-7388,0.3561643835616438
2021-09-17T00:00:00.000,13:34,40.742588,-73.980415,1,0,1,1,4074,-7398,0.40131578947368424
2021-09-24T00:00:00.000,1:25,40.771084,-73.80443,0,0,0,0,4077,-7380,0.25
2021-09-24T00:00:00.000,18:30,40.76132,-73.9171,0,0,0,0,4076,-7391,0.40476190476190477
2021-05-14T00:00:00.000,22:30,40.725685,-73.980774,1,0,1,1,4072,-7398,0.4342105263157895
2021-09-23T00:00:00.000,12:00,40.827168,-73.870125,0,0,0,0,4082,-7387,0.33544303797468356
2021-09-23T00:00:00.000,11:08,40.6127,-73.953926,1,0,1,1,4061,-7395,0.4461538461538462
2021-09-22T00:00:00.000,19:30,40.81151,-73.94649,1,0,1,1,4081,-7394,0.38
2021-09-23T00:00:00.000,0:55,40.748985,-73.979965,0,0,0,0,4074,-7397,0.4810810810810811
2021-09-22T00:00:00.000,10:43,40.71997,-73.992905,1,0,1,1,4071,-7399,0.3263157894736842
2021-09-23T00:00:00.000,9:00,40.757042,-73.91488,0,0,0,0,4075,-7391,0.4777777777777778
2021-09-24T00:00:00.000,8:50,40.597267,-73.998665,0,0,0,0,4059,-7399,0.3076923076923077
2021-09-23T00:00:00.000,15:02,40.71312,-73.83376,1,0,1,1,4071,-7383,0.37349397590361444
2021-09-22T00:00:00.000,9:54,40.830727,-73.83756,0,0,0,0,4083,-7383,0.36363636363636365
2021-09-23T00:00:00.000,19:30,40.808006,-73.946075,1,0,1,1,4080,-7394,0.41116751269035534
2021-09-23T00:00:00.000,17:20,40.65463,-73.92201,0,0,0,0,4065,-7392,0.35555555555555557
2021-09-22T00:00:00.000,17:49,40.61868,-73.93143,3,0,1,1,4061,-7393,0.34285714285714286
2021-09-22T00:00:00.000,0:00,40.851654,-73.89611,0,0,0,0,4085,-7389,0.3353658536585366
2021-09-22T00:00:00.000,5:15,40.84506,-73.916855,0,0,0,0,4084,-7391,0.32558139534883723
2021-09-24T00:00:00.000,12:10,40.786594,-73.96839,0,0,0,0,4078,-7396,0.28125
2021-09-22T00:00:00.000,3:47,40.60642,-74.120316,0,0,0,0,4060,-7412,0.2608695652173913
2021-09-24T00:00:00.000,8:23,40.74198,-73.86119,1,0,1,1,4074,-7386,0.3813559322033898
2021-09-22T00:00:00.000,18:00,40.75462,-73.97374,0,0,0,0,4075,-7397,0.375886524822695
2021-09-24T00:00:00.000,19:10,40.74273,-73.91499,1,0,1,1,4074,-7391,0.38333333333333336
2021-09-24T00:00:00.000,20:18,40.87627,-73.888084,1,0,1,1,4087,-7388,0.3561643835616438
2021-09-20T00:00:00.000,15:20,40.687668,-73.951035,0,0,0,0,4068,-7395,0.38571428571428573
2021-09-22T00:00:00.000,15:00,40.840744,-73.94286,1,0,1,1,4084,-7394,0.17543859649122806
2021-09-23T00:00:00.000,0:00,40.79293,-73.94791,0,0,0,0,4079,-7394,0.3523809523809524
2021-09-22T00:00:00.000,10:50,40.7139,-73.90881,0,0,0,0,4071,-7390,0.4
2021-09-23T00:00:00.000,7:35,40.760822,-73.99832,0,0,0,0,4076,-7399,0.3275862068965517
2021-09-23T00:00:00.000,20:20,40.832855,-73.909294,0,0,0,0,4083,-7390,0.3064516129032258
2021-09-23T00:00:00.000,0:00,40.706345,-73.78921,1,0,1,1,4070,-7378,0.34523809523809523
2021-09-24T00:00:00.000,23:45,40.693787,-73.81173,1,0,1,1,4069,-7381,0.3902439024390244
2021-09-24T00:00:00.000,18:10,40.67556,-73.96334,0,0,0,0,4067,-7396,0.3466666666666667
2021-09-23T00:00:00.000,8:25,40.607628,-74.15947,2,0,1,1,4060,-7415,0.3076923076923077
2021-09-24T00:00:00.000,10:55,40.566494,-74.11377,0,0,0,0,4056,-7411,0.3448275862068966
2021-09-23T00:00:00.000,9:18,40.66536,-73.956985,2,0,1,1,4066,-7395,0.44375
2021-09-23T00:00:00.000,14:20,40.79167,-73.95093,0,0,0,0,4079,-7395,0.42
2021-09-22T00:00:00.000,16:02,40.6715,-73.91505,2,0,1,1,4067,-7391,0.36597938144329895
2021-09-23T00:00:00.000,5:50,40.762676,-73.954346,1,0,1,1,4076,-7395,0.3696969696969697
2021-09-24T00:00:00.000,7:40,40.809696,-73.92428,0,0,0,0,4080,-7392,0.3141025641025641
2021-09-24T00:00:00.000,22:27,40.7522,-73.99348,1,0,1,1,4075,-7399,0.2830188679245283
2021-09-24T00:00:00.000,0:05,40.70444,-73.89374,0,0,0,0,4070,-7389,0.2711864406779661
2021-09-23T00:00:00.000,7:07,40.685623,-73.80654,1,0,1,1,4068,-7380,0.3829787234042553
2021-09-09T00:00:00.000,15:11,40.672516,-73.93356,0,0,0,0,4067,-7393,0.3755868544600939
2021-09-23T00:00:00.000,7:24,40.798485,-73.93668,1,0,1,1,4079,-7393,0.36585365853658536
2021-09-24T00:00:00.000,16:46,40.874714,-73.84512,1,0,1,1,4087,-7384,0.47297297297297297
2021-09-22T00:00:00.000,10:00,40.760586,-73.84592,0,0,0,0,4076,-7384,0.0
2021-09-24T00:00:00.000,23:00,40.816166,-73.914246,0,0,0,0,4081,-7391,0.47244094488188976
2021-09-23T00:00:00.000,11:30,40.677998,-74.00415,0,0,0,0,4067,-7400,0.20967741935483872
2021-09-23T00:00:00.000,15:15,40.71122,-73.72827,0,0,0,0,4071,-7372,0.40425531914893614
2021-09-12T00:00:00.000,22:00,40.700104,-73.94726,4,0,1,1,4070,-7394,0.3956043956043956
2021-09-24T00:00:00.000,8:00,40.815754,-73.89529,0,0,0,0,4081,-7389,0.31543624161073824
2021-09-22T00:00:00.000,7:00,40.683304,-73.917274,0,0,0,0,4068,-7391,0.344
2021-09-24T00:00:00.000,17:25,40.586983,-73.98538,0,0,0,0,4058,-7398,0.4
2021-09-23T00:00:00.000,21:55,40.682056,-73.990875,0,0,0,0,4068,-7399,0.17857142857142858
2021-09-22T00:00:00.000,6:39,40.652683,-73.87684,0,0,0,0,4065,-7387,0.2857142857142857
2021-09-24T00:00:00.000,1:50,40.757233,-73.9898,0,0,0,0,4075,-7398,0.3170731707317073
2021-09-17T00:00:00.000,11:30,40.75469,-73.99536,1,0,1,1,4075,-7399,0.2830188679245283
2021-09-22T00:00:00.000,16:23,40.78108,-73.985374,0,0,0,0,4078,-7398,0.42105263157894735
2021-09-23T00:00:00.000,22:06,40.696205,-73.91782,0,0,0,0,4069,-7391,0.2709677419354839
2021-09-22T00:00:00.000,4:15,40.570465,-74.10977,0,0,0,0,4057,-7410,0.3877551020408163
2021-09-23T00:00:00.000,14:25,40.677208,-73.89723,0,0,0,0,4067,-7389,0.33852140077821014
2021-09-24T00:00:00.000,13:15,40.836937,-73.927124,1,0,1,1,4083,-7392,0.310126582278481
2021-09-23T00:00:00.000,8:00,40.632366,-73.987724,1,0,1,1,4063,-7398,0.4827586206896552
2021-09-21T00:00:00.000,12:45,40.749725,-73.98363,1,0,1,1,4074,-7398,0.40131578947368424
2021-08-27T00:00:00.000,16:05,40.67828,-73.958855,0,0,0,0,4067,-7395,0.3695652173913043
2021-09-22T00:00:00.000,11:45,40.754314,-73.98687,1,0,1,1,4075,-7398,0.3170731707317073
2021-09-23T00:00:00.000,11:12,40.643425,-73.94588,0,0,0,0,4064,-7394,0.42342342342342343
2021-09-18T00:00:00.000,16:19,40.747135,-73.89242,1,0,1,1,4074,-7389,0.3203125
2021-09-22T00:00:00.000,19:45,40.644035,-73.95765,0,0,0,0,4064,-7395,0.4796747967479675
2021-09-21T00:00:00.000,21:10,40.72656,-73.83802,0,0,0,0,4072,-7383,0.4909090909090909
2021-09-23T00:00:00.000,14:07,40.659172,-73.839874,1,0,1,1,4065,-7383,0.38095238095238093
2021-09-22T00:00:00.000,20:06,40.60981,-73.92251,1,0,1,1,4060,-7392,0.3333333333333333
2021-09-23T00:00:00.000,11:28,40.720867,-73.94333,0,0,0,0,4072,-7394,0.19801980198019803
2021-09-02T00:00:00.000,18:00,40.722237,-73.90133,0,0,0,0,4072,-7390,0.2978723404255319
2021-09-24T00:00:00.000,6:40,40.68773,-73.95699,0,0,0,0,4068,-7395,0.38571428571428573
2021-09-01T00:00:00.000,8:00,40.67297,-73.96745,0,0,0,0,4067,-7396,0.3466666666666667
2021-09-23T00:00:00.000,19:25,40.61879,-73.99426,0,0,0,0,4061,-7399,0.29411764705882354
2021-09-24T00:00:00.000,22:20,40.68195,-73.89652,4,0,1,1,4068,-7389,0.5
2021-08-19T00:00:00.000,20:30,40.812332,-73.904686,1,0,1,1,4081,-7390,0.3888888888888889
2021-09-24T00:00:00.000,15:52,40.611004,-73.91053,1,0,1,1,4061,-7391,0.358974358974359
2021-09-24T00:00:00.000,17:46,40.702286,-73.82796,0,0,0,0,4070,-7382,0.4166666666666667
2021-09-24T00:00:00.000,15:15,40.744358,-73.88597,0,0,0,0,4074,-7388,0.2978723404255319
2021-09-23T00:00:00.000,14:10,40.692356,-73.911064,0,0,0,0,4069,-7391,0.2709677419354839
2021-09-24T00:00:00.000,6:20,40.871334,-73.86139,1,0,1,1,4087,-7386,0.3142857142857143
2021-09-23T00:00:00.000,8:00,40.645096,-74.003174,0,0,0,0,4064,-7400,0.36764705882352944
2021-09-24T00:00:00.000,14:34,40.6715,-73.91505,1,0,1,1,4067,-7391,0.36597938144329895
2021-09-24T00:00:00.000,0:00,40.712,-73.95652,0,0,0,0,4071,-7395,0.36585365853658536
2021-09-02T00:00:00.000,16:48,40.88221,-73.84658,3,0,1,1,4088,-7384,0.4153846153846154
2021-09-22T00:00:00.000,15:17,40.699287,-73.80408,0,0,0,0,4069,-7380,0.38461538461538464
2021-09-19T00:00:00.000,3:20,40.862225,-73.91116,0,0,0,0,4086,-7391,0.38016528925619836
2021-09-23T00:00:00.000,18:38,40.7956,-73.97111,0,0,0,0,4079,-7397,0.24210526315789474
2021-09-24T00:00:00.000,18:30,40.771305,-73.87664,1,0,1,1,4077,-7387,0.35714285714285715
2021-09-22T00:00:00.000,7:12,40.57477,-74.097626,0,0,0,0,4057,-7409,0.1111111111111111
2021-09-14T00:00:00.000,20:25,40.675663,-73.9277,0,0,0,0,4067,-7392,0.39655172413793105
2021-09-22T00:00:00.000,16:53,40.65802,-73.88248,0,0,0,0,4065,-7388,0.41509433962264153
2021-09-24T00:00:00.000,13:06,40.712914,-73.93667,0,0,0,0,4071,-7393,0.2711864406779661
2021-09-23T00:00:00.000,20:50,40.74087,-73.98799,0,0,0,0,4074,-7398,0.40131578947368424
2021-09-22T00:00:00.000,22:30,40.68966,-74.00047,3,0,1,1,4068,-7400,0.3333333333333333
2021-09-24T00:00:00.000,14:20,40.58839,-74.16793,0,0,0,0,4058,-7416,0.3
2021-09-24T00:00:00.000,0:59,40.8468,-73.931854,0,0,0,0,4084,-7393,0.32786885245901637
2021-09-24T00:00:00.000,13:25,40.759438,-73.91309,0,0,0,0,4075,-7391,0.4777777777777778
2021-09-24T00:00:00.000,16:40,40.682404,-73.75181,0,0,0,0,4068,-7375,0.3877551020408163
2021-09-22T00:00:00.000,23:50,40.688667,-73.87548,0,0,0,0,4068,-7387,0.24719101123595505
2021-09-01T00:00:00.000,19:09,40.668507,-73.92561,1,0,1,1,4066,-7392,0.355
2021-09-24T00:00:00.000,11:20,40.8464,-73.89338,0,0,0,0,4084,-7389,0.33766233766233766
2021-09-24T00:00:00.000,16:20,40.650967,-73.97698,1,0,1,1,4065,-7397,0.4074074074074074
2021-09-11T00:00:00.000,0:00,40.723648,-73.99103,0,0,0,0,4072,-7399,0.3829787234042553
2021-09-24T00:00:00.000,15:54,40.72165,-73.94196,0,0,0,0,4072,-7394,0.19801980198019803
2021-09-24T00:00:00.000,14:22,40.602135,-74.114876,0,0,0,0,4060,-7411,0.35714285714285715
2021-09-22T00:00:00.000,10:50,40.671177,-73.9747,0,0,0,0,4067,-7397,0.2818181818181818
2021-09-22T00:00:00.000,16:30,40.76652,-73.92059,1,0,1,1,4076,-7392,0.42105263157894735
2021-09-24T00:00:00.000,6:18,40.670326,-73.88878,0,0,0,0,4067,-7388,0.30434782608695654
2021-09-21T00:00:00.000,10:48,40.75596,-73.99814,1,0,1,1,4075,-7399,0.2830188679245283
2021-09-24T00:00:00.000,21:05,40.666332,-73.81056,0,0,0,0,4066,-7381,0.4716981132075472
2021-09-18T00:00:00.000,23:19,40.67417,-73.95671,1,0,1,1,4067,-7395,0.3695652173913043
2021-09-24T00:00:00.000,6:35,40.779064,-73.956665,1,0,1,1,4077,-7395,0.3384615384615385
2021-09-24T00:00:00.000,17:59,40.69597,-73.7766,1,0,1,1,4069,-7377,0.35135135135135137
2021-09-23T00:00:00.000,6:05,40.814438,-73.89308,0,0,0,0,4081,-7389,0.31543624161073824
2021-09-20T00:00:00.000,21:30,40.770226,-73.87062,0,0,0,0,4077,-7387,0.35714285714285715
2020-09-24T00:00:00.000,22:00,40.824757,-73.94052,0,0,0,0,4082,-7394,0.3812154696132597
2021-09-23T00:00:00.000,18:19,40.752327,-73.987465,1,0,1,1,4075,-7398,0.3170731707317073
2021-09-19T00:00:00.000,13:30,40.87336,-73.85157,0,0,0,0,4087,-7385,0.37681159420289856
2021-09-24T00:00:00.000,8:00,40.80751,-73.93413,0,0,0,0,4080,-7393,0.36312849162011174
2021-09-17T00:00:00.000,5:00,40.771297,-73.90934,0,0,0,0,4077,-7390,0.3404255319148936
2021-09-23T00:00:00.000,6:40,40.531425,-74.21779,0,0,0,0,4053,-7421,0.0
2021-09-24T00:00:00.000,18:59,40.699112,-73.93771,0,0,0,0,4069,-7393,0.3141025641025641
2021-09-13T00:00:00.000,8:00,40.712597,-73.79304,1,0,1,1,4071,-7379,0.3888888888888889
2021-09-18T00:00:00.000,20:05,40.758305,-74.000145,1,0,1,1,4075,-7400,0.3888888888888889
2021-09-03T00:00:00.000,14:30,40.676895,-73.93593,0,0,0,0,4067,-7393,0.3755868544600939
2021-09-23T00:00:00.000,13:24,40.607433,-73.95295,0,0,0,0,4060,-7395,0.4791666666666667
2021-09-24T00:00:00.000,14:36,40.86187,-73.89178,0,0,0,0,4086,-7389,0.40606060606060607
2021-09-23T00:00:00.000,20:08,40.67036,-73.77779,1,0,1,1,4067,-7377,0.32608695652173914
2021-09-22T00:00:00.000,23:29,40.68811,-73.819336,0,0,0,0,4068,-7381,0.4117647058823529
2021-09-22T00:00:00.000,20:05,40.667164,-73.93407,1,0,1,1,4066,-7393,0.38578680203045684
2021-09-21T00:00:00.000,19:27,40.83022,-73.94769,1,0,1,1,4083,-7394,0.38926174496644295
2021-09-23T00:00:00.000,0:30,40.662254,-73.94559,1,0,1,1,4066,-7394,0.36792452830188677
2021-09-23T00:00:00.000,12:56,40.690456,-73.85379,0,0,0,0,4069,-7385,0.34
2021-09-22T00:00:00.000,5:10,40.68843,-73.89132,0,0,0,0,4068,-7389,0.5
2021-09-23T00:00:00.000,14:20,40.7194,-73.76336,1,0,1,1,4071,-7376,0.37142857142857144
2021-09-14T00:00:00.000,11:00,40.597466,-73.80037,0,0,0,0,4059,-7380,0.5
2021-09-22T00:00:00.000,8:40,40.79147,-73.94684,0,0,0,0,4079,-7394,0.3523809523809524
2021-09-24T00:00:00.000,8:30,40.590305,-73.95265,0,0,0,0,4059,-7395,0.3181818181818182
2021-09-24T00:00:00.000,7:45,40.702713,-73.937325,0,0,0,0,4070,-7393,0.3300970873786408
2021-09-23T00:00:00.000,9:15,40.672657,-73.8848,0,0,0,0,4067,-7388,0.30434782608695654
2021-09-22T00:00:00.000,12:28,40.68781,-73.9237,0,0,0,0,4068,-7392,0.2542372881355932
2021-09-23T00:00:00.000,6:00,40.726067,-73.9089,1,0,1,1,4072,-7390,0.2978723404255319
2021-09-24T00:00:00.000,21:56,40.679085,-73.82634,0,0,0,0,4067,-7382,0.4186046511627907
2021-09-23T00:00:00.000,8:54,40.85482,-73.9112,0,0,0,0,4085,-7391,0.373134328358209
2021-09-22T00:00:00.000,8:40,40.63396,-74.01476,0,0,0,0,4063,-7401,0.37777777777777777
2021-09-24T00:00:00.000,19:30,40.743298,-73.861374,0,0,0,0,4074,-7386,0.3813559322033898
2021-09-23T00:00:00.000,16:30,40.752644,-74.00428,1,0,1,1,4075,-7400,0.3888888888888889
2021-09-24T00:00:00.000,15:00,40.64242,-73.961754,1,0,1,1,4064,-7396,0.4714285714285714
2021-09-17T00:00:00.000,13:22,40.66319,-73.93727,2,0,1,1,4066,-7393,0.38578680203045684
2021-09-19T00:00:00.000,0:00,40.813663,-73.931244,1,0,1,1,4081,-7393,0.32432432432432434
2021-09-24T00:00:00.000,9:40,40.62436,-74.15627,1,0,1,1,4062,-7415,0.37037037037037035
2021-04-19T00:00:00.000,0:00,40.659485,-73.918304,3,0,1,1,4065,-7391,0.425
2021-04-26T00:00:00.000,18:19,40.77691,-73.95748,0,0,0,0,4077,-7395,0.3384615384615385
2021-09-22T00:00:00.000,15:26,40.860516,-73.9146,0,0,0,0,4086,-7391,0.38016528925619836
2021-04-30T00:00:00.000,6:02,40.815685,-73.9583,3,0,1,1,4081,-7395,0.3509933774834437
2021-05-04T00:00:00.000,11:15,40.824085,-73.87622,0,0,0,0,4082,-7387,0.33544303797468356
2021-05-05T00:00:00.000,6:55,40.705128,-73.7466,0,0,0,0,4070,-7374,0.3333333333333333
2021-05-07T00:00:00.000,23:45,40.7712,-73.83345,3,0,1,1,4077,-7383,0.25
2021-05-09T00:00:00.000,11:20,40.694546,-73.73828,0,0,0,0,4069,-7373,0.36585365853658536
2021-05-02T00:00:00.000,15:55,40.579197,-73.98195,0,0,0,0,4057,-7398,0.36904761904761907
2021-05-12T00:00:00.000,2:00,40.72025,-74.003746,0,0,0,0,4072,-7400,0.32926829268292684
2021-05-10T00:00:00.000,7:30,40.78944,-73.82045,0,0,0,0,4078,-7382,0.3
2021-05-12T00:00:00.000,18:19,40.607765,-73.98255,1,0,1,1,4060,-7398,0.2711864406779661
2021-05-14T00:00:00.000,7:32,40.861347,-73.897736,2,0,1,1,4086,-7389,0.40606060606060607
2021-05-12T00:00:00.000,13:35,40.640274,-73.99025,0,0,0,0,4064,-7399,0.3442622950819672
2021-05-14T00:00:00.000,19:36,40.68836,-73.8915,1,0,1,1,4068,-7389,0.5
2021-05-12T00:00:00.000,6:11,40.639297,-73.91749,0,0,0,0,4063,-7391,0.5
2021-05-13T00:00:00.000,21:20,40.722298,-73.99713,1,0,1,1,4072,-7399,0.3829787234042553
2021-05-05T00:00:00.000,15:20,40.697002,-73.95461,0,0,0,0,4069,-7395,0.30952380952380953
2021-05-12T00:00:00.000,14:50,40.74613,-73.83605,0,0,0,0,4074,-7383,0.4067796610169492
2021-05-09T00:00:00.000,17:40,40.837864,-73.9114,0,0,0,0,4083,-7391,0.33714285714285713
2021-05-12T00:00:00.000,13:15,40.6772,-73.94147,0,0,0,0,4067,-7394,0.34074074074074073
2021-05-11T00:00:00.000,11:50,40.69969,-73.91557,1,0,1,1,4069,-7391,0.2709677419354839
2021-05-13T00:00:00.000,12:22,40.77039,-73.91771,1,0,1,1,4077,-7391,0.3157894736842105
2021-05-14T00:00:00.000,14:46,40.73725,-73.91799,0,0,0,0,4073,-7391,0.33962264150943394
2021-05-14T00:00:00.000,15:19,40.699043,-73.73812,0,0,0,0,4069,-7373,0.36585365853658536
2021-05-12T00:00:00.000,23:15,40.68476,-73.78742,0,0,0,0,4068,-7378,0.3384615384615385
2021-05-10T00:00:00.000,14:00,40.574593,-73.98764,0,0,0,0,4057,-7398,0.36904761904761907
2021-05-14T00:00:00.000,19:26,40.64491,-73.92192,0,0,0,0,4064,-7392,0.4077669902912621
2021-05-10T00:00:00.000,18:35,40.873234,-73.86821,1,0,1,1,4087,-7386,0.3142857142857143
2021-05-11T00:00:00.000,11:40,40.72225,-74.00592,0,0,0,0,4072,-7400,0.32926829268292684
2021-05-13T00:00:00.000,8:00,40.660755,-73.87611,0,0,0,0,4066,-7387,0.38461538461538464
2021-05-10T00:00:00.000,13:30,40.839832,-73.92392,0,0,0,0,4083,-7392,0.310126582278481
2021-05-12T00:00:00.000,22:28,40.64404,-73.877525,0,0,0,0,4064,-7387,0.4918032786885246
2021-05-13T00:00:00.000,20:35,40.66422,-73.95846,0,0,0,0,4066,-7395,0.44375
2021-05-11T00:00:00.000,0:00,40.76296,-73.887665,2,0,1,1,4076,-7388,0.43283582089552236
2021-05-13T00:00:00.000,2:37,40.754986,-73.74535,0,0,0,0,4075,-7374,0.3333333333333333
2021-05-10T00:00:00.000,18:30,40.588684,-74.09021,0,0,0,0,4058,-7409,0.15625
2021-05-13T00:00:00.000,16:25,40.71426,-73.77713,1,0,1,1,4071,-7377,0.20967741935483872
2021-09-24T00:00:00.000,8:30,40.720535,-73.75682,0,0,0,0,4072,-7375,0.2727272727272727
2021-05-10T00:00:00.000,18:00,40.645924,-74.08603,0,0,0,0,4064,-7408,0.2894736842105263
2021-05-13T00:00:00.000,7:00,40.777874,-73.95175,1,0,1,1,4077,-7395,0.3384615384615385
2021-09-24T00:00:00.000,17:15,40.572754,-74.11404,1,0,1,1,4057,-7411,0.37142857142857144
2021-05-11T00:00:00.000,12:13,40.70058,-73.80775,2,0,1,1,4070,-7380,0.3877551020408163
2021-05-13T00:00:00.000,17:30,40.861988,-73.90285,0,0,0,0,4086,-7390,0.42748091603053434
2021-05-10T00:00:00.000,0:03,40.83027,-73.94393,0,0,0,0,4083,-7394,0.38926174496644295
2021-09-24T00:00:00.000,16:40,40.73296,-73.80127,0,0,0,0,4073,-7380,0.34285714285714286
2021-04-30T00:00:00.000,12:00,40.816555,-73.91677,0,0,0,0,4081,-7391,0.47244094488188976
2021-05-12T00:00:00.000,18:15,40.74359,-73.92242,0,0,0,0,4074,-7392,0.3709677419354839
2021-05-11T00:00:00.000,17:57,40.820095,-73.955086,1,0,1,1,4082,-7395,0.4117647058823529
2021-05-14T00:00:00.000,23:25,40.75829,-73.83431,0,0,0,0,4075,-7383,0.37681159420289856
2021-05-10T00:00:00.000,20:35,40.75372,-73.83283,0,0,0,0,4075,-7383,0.37681159420289856
2021-05-06T00:00:00.000,11:50,40.826492,-73.907745,1,0,1,1,4082,-7390,0.3025210084033613
2021-05-14T00:00:00.000,16:30,40.825428,-73.93631,1,0,1,1,4082,-7393,0.36645962732919257
2021-05-14T00:00:00.000,11:47,40.778362,-73.955,1,0,1,1,4077,-7395,0.3384615384615385
2021-05-11T00:00:00.000,0:00,40.871765,-73.891,1,0,1,1,4087,-7389,0.3333333333333333
2021-05-13T00:00:00.000,22:27,40.828316,-73.93118,1,0,1,1,4082,-7393,0.36645962732919257
2021-05-12T00:00:00.000,1:17,40.873222,-73.83747,0,0,0,0,4087,-7383,0.3333333333333333
2021-05-09T00:00:00.000,2:39,40.848625,-73.93425,0,0,0,0,4084,-7393,0.32786885245901637
2021-05-11T00:00:00.000,16:34,40.828804,-73.88686,0,0,0,0,4082,-7388,0.27624309392265195
2021-05-13T00:00:00.000,13:35,40.82244,-73.90199,0,0,0,0,4082,-7390,0.3025210084033613
2021-05-14T00:00:00.000,22:47,40.641407,-73.91229,1,0,1,1,4064,-7391,0.39805825242718446
2021-05-12T00:00:00.000,2:45,40.87351,-73.904076,0,0,0,0,4087,-7390,0.3184713375796178
2021-05-14T00:00:00.000,17:05,40.65835,-73.76471,0,0,0,0,4065,-7376,0.35714285714285715
2021-05-10T00:00:00.000,16:56,40.68372,-73.78468,1,0,1,1,4068,-7378,0.3384615384615385
2021-05-11T00:00:00.000,18:49,40.63612,-74.138245,0,0,0,0,4063,-7413,0.2903225806451613
2021-05-13T00:00:00.000,14:00,40.727867,-73.99315,1,0,1,1,4072,-7399,0.3829787234042553
2021-05-10T00:00:00.000,9:20,40.619083,-73.950264,1,0,1,1,4061,-7395,0.4461538461538462
2021-05-05T00:00:00.000,12:21,40.723938,-73.94136,0,0,0,0,4072,-7394,0.19801980198019803
2021-05-13T00:00:00.000,0:32,40.82193,-73.88844,1,0,1,1,4082,-7388,0.27624309392265195
2021-04-29T00:00:00.000,17:09,40.76532,-73.771904,0,0,0,0,4076,-7377,0.20588235294117646
2021-05-11T00:00:00.000,14:40,40.78944,-73.82045,0,0,0,0,4078,-7382,0.3
2021-05-13T00:00:00.000,17:00,40.661594,-73.979355,0,0,0,0,4066,-7397,0.24390243902439024
2021-04-20T00:00:00.000,13:50,40.69006,-73.923615,0,0,0,0,4069,-7392,0.3584905660377358
2021-05-14T00:00:00.000,17:30,40.72908,-73.88134,2,0,1,1,4072,-7388,0.4
2021-05-13T00:00:00.000,13:40,40.60679,-73.97151,1,0,1,1,4060,-7397,0.3469387755102041
2021-05-13T00:00:00.000,15:55,40.744984,-73.98992,1,0,1,1,4074,-7398,0.40131578947368424
2021-05-11T00:00:00.000,17:39,40.86558,-73.89888,1,0,1,1,4086,-7389,0.40606060606060607
2021-05-14T00:00:00.000,14:12,40.64165,-73.879196,0,0,0,0,4064,-7387,0.4918032786885246
2021-05-12T00:00:00.000,16:25,40.59589,-74.085884,0,0,0,0,4059,-7408,0.36363636363636365
2021-05-14T00:00:00.000,8:00,40.79525,-73.97321,0,0,0,0,4079,-7397,0.24210526315789474
2021-05-12T00:00:00.000,0:05,40.68213,-73.865,2,0,1,1,4068,-7386,0.423728813559322
2021-05-10T00:00:00.000,1:45,40.86067,-73.90681,0,0,0,0,4086,-7390,0.42748091603053434
2021-05-12T00:00:00.000,12:46,40.80238,-73.954605,0,0,0,0,4080,-7395,0.381294964028777
2021-05-06T00:00:00.000,0:15,40.610725,-74.08635,4,0,1,1,4061,-7408,0.30612244897959184
2021-05-10T00:00:00.000,18:40,40.656258,-73.87813,3,0,1,1,4065,-7387,0.2857142857142857
2021-05-11T00:00:00.000,15:48,40.78961,-73.97362,0,0,0,0,4078,-7397,0.3434343434343434
2021-05-13T00:00:00.000,16:26,40.711845,-73.859764,0,0,0,0,4071,-7385,0.4418604651162791
2021-05-08T00:00:00.000,11:20,40.65799,-73.996925,0,0,0,0,4065,-7399,0.4117647058823529
2021-05-14T00:00:00.000,20:35,40.80934,-73.91248,1,0,1,1,4080,-7391,0.38961038961038963
2021-09-24T00:00:00.000,17:10,40.810738,-73.92665,0,0,0,0,4081,-7392,0.4714285714285714
2021-05-11T00:00:00.000,8:50,40.75687,-73.89034,0,0,0,0,4075,-7389,0.4805194805194805
2021-05-12T00:00:00.000,10:00,40.70911,-73.93707,0,0,0,0,4070,-7393,0.3300970873786408
2021-05-13T00:00:00.000,20:30,40.83634,-73.94001,0,0,0,0,4083,-7394,0.38926174496644295
2021-05-11T00:00:00.000,17:41,40.636288,-74.005165,0,0,0,0,4063,-7400,0.3068181818181818
2021-05-11T00:00:00.000,0:00,40.69441,-73.97606,0,0,0,0,4069,-7397,0.3253012048192771
2021-05-12T00:00:00.000,14:45,40.648643,-73.96075,1,0,1,1,4064,-7396,0.4714285714285714
2021-05-11T00:00:00.000,7:25,40.646572,-73.89617,1,0,1,1,4064,-7389,0.43478260869565216
2021-05-11T00:00:00.000,11:15,40.740875,-73.89962,0,0,0,0,4074,-7389,0.3203125
2021-05-12T00:00:00.000,22:30,40.666233,-73.761,0,0,0,0,4066,-7376,0.30434782608695654
2021-05-13T00:00:00.000,14:30,40.696983,-73.935234,1,0,1,1,4069,-7393,0.3141025641025641
2021-05-13T00:00:00.000,23:50,40.841522,-73.87885,1,0,1,1,4084,-7387,0.48333333333333334
2021-05-13T00:00:00.000,4:20,40.664375,-73.92376,0,0,0,0,4066,-7392,0.355
2021-05-13T00:00:00.000,14:50,40.723625,-74.00479,0,0,0,0,4072,-7400,0.32926829268292684
2021-04-26T00:00:00.000,23:20,40.8073,-73.9444,1,0,1,1,4080,-7394,0.41116751269035534
2021-05-14T00:00:00.000,8:25,40.746735,-73.74947,0,0,0,0,4074,-7374,0.0
2021-05-10T00:00:00.000,0:50,40.867424,-73.89182,1,0,1,1,4086,-7389,0.40606060606060607
2021-05-10T00:00:00.000,0:05,40.669857,-73.95051,1,0,1,1,4066,-7395,0.44375
2021-05-07T00:00:00.000,10:30,40.689693,-73.92679,0,0,0,0,4068,-7392,0.2542372881355932
2021-05-11T00:00:00.000,22:08,40.74147,-73.985435,0,0,0,0,4074,-7398,0.40131578947368424
2021-04-19T00:00:00.000,18:00,40.57666,-73.965836,0,0,0,0,4057,-7396,0.3191489361702128
2021-09-24T00:00:00.000,8:12,40.644344,-73.950806,1,0,1,1,4064,-7395,0.4796747967479675
2021-05-13T00:00:00.000,11:52,40.615932,-73.95673,1,0,1,1,4061,-7395,0.4461538461538462
2021-05-11T00:00:00.000,23:00,40.874474,-73.90031,0,0,0,0,4087,-7390,0.3184713375796178
2021-05-12T00:00:00.000,17:20,40.611324,-74.00602,1,0,1,1,4061,-7400,0.3076923076923077
2021-05-10T00:00:00.000,0:00,40.737785,-73.93496,1,0,1,1,4073,-7393,0.38461538461538464
2021-05-13T00:00:00.000,22:30,40.74091,-73.83727,0,0,0,0,4074,-7383,0.4067796610169492
2021-05-11T00:00:00.000,14:40,40.82523,-73.94761,1,0,1,1,4082,-7394,0.3812154696132597
2021-05-13T00:00:00.000,0:03,40.730553,-74.010376,0,0,0,0,4073,-7401,0.42857142857142855
2021-05-13T00:00:00.000,18:30,40.810047,-73.92515,0,0,0,0,4081,-7392,0.4714285714285714
2021-05-03T00:00:00.000,12:00,40.895912,-73.84863,0,0,0,0,4089,-7384,0.3333333333333333
2021-05-13T00:00:00.000,18:00,40.83988,-73.916794,0,0,0,0,4083,-7391,0.33714285714285713
2021-05-14T00:00:00.000,15:30,40.605556,-73.99369,0,0,0,0,4060,-7399,0.31683168316831684
2021-05-14T00:00:00.000,7:10,40.677505,-73.99979,0,0,0,0,4067,-7399,0.3258426966292135
2021-05-14T00:00:00.000,14:00,40.755997,-73.9944,0,0,0,0,4075,-7399,0.2830188679245283
2021-05-13T00:00:00.000,20:40,40.800964,-73.971016,2,0,1,1,4080,-7397,0.375
2021-05-13T00:00:00.000,13:15,40.804745,-73.91194,0,0,0,0,4080,-7391,0.38961038961038963
2021-05-13T00:00:00.000,17:45,40.681522,-73.983284,1,0,1,1,4068,-7398,0.3873239436619718
2021-05-12T00:00:00.000,14:00,40.668568,-73.94437,0,0,0,0,4066,-7394,0.36792452830188677
2021-05-14T00:00:00.000,14:30,40.82463,-73.91059,0,0,0,0,4082,-7391,0.3355263157894737
2021-05-11T00:00:00.000,8:13,40.86946,-73.87987,0,0,0,0,4086,-7387,0.34545454545454546
2021-05-14T00:00:00.000,17:38,40.8421,-73.92624,0,0,0,0,4084,-7392,0.3181818181818182
2021-05-14T00:00:00.000,0:00,40.806416,-73.887245,0,0,0,0,4080,-7388,0.15789473684210525
2021-05-14T00:00:00.000,0:15,40.862495,-73.9342,1,0,1,1,4086,-7393,0.3333333333333333
2021-05-12T00:00:00.000,22:20,40.679035,-73.83351,1,0,1,1,4067,-7383,0.48148148148148145
2021-05-14T00:00:00.000,11:36,40.655334,-73.93077,2,0,1,1,4065,-7393,0.44366197183098594
2021-05-12T00:00:00.000,19:30,40.66837,-73.80892,0,0,0,0,4066,-7380,0.40789473684210525
2021-05-11T00:00:00.000,13:13,40.671165,-73.895676,0,0,0,0,4067,-7389,0.33852140077821014
2021-05-14T00:00:00.000,0:07,40.713398,-73.7704,0,0,0,0,4071,-7377,0.20967741935483872
2021-05-10T00:00:00.000,12:00,40.746155,-73.751595,0,0,0,0,4074,-7375,0.16666666666666666
2021-05-14T00:00:00.000,21:45,40.71758,-73.738625,0,0,0,0,4071,-7373,0.25
2021-05-13T00:00:00.000,18:10,40.692616,-73.74447,0,0,0,0,4069,-7374,0.46774193548387094
2021-05-10T00:00:00.000,20:00,40.675236,-73.97106,3,0,1,1,4067,-7397,0.2818181818181818
2021-05-13T00:00:00.000,20:45,40.785866,-73.950935,1,0,1,1,4078,-7395,0.42168674698795183
2022-06-29T00:00:00.000,11:24,40.611683,-73.94694,0,0,0,0,4061,-7394,0.48484848484848486
2021-05-14T00:00:00.000,12:45,40.63532,-74.02324,0,0,0,0,4063,-7402,0.3877551020408163
2021-05-10T00:00:00.000,0:00,40.82325,-73.88277,0,0,0,0,4082,-7388,0.27624309392265195
2021-05-10T00:00:00.000,18:00,40.646564,-74.08356,0,0,0,0,4064,-7408,0.2894736842105263
2021-05-09T00:00:00.000,0:30,40.828484,-73.83764,0,0,0,0,4082,-7383,0.34210526315789475
2021-05-09T00:00:00.000,7:20,40.821438,-73.91807,1,0,1,1,4082,-7391,0.3355263157894737
2021-04-29T00:00:00.000,9:30,40.6835,-73.93516,0,0,0,0,4068,-7393,0.3619047619047619
2021-05-11T00:00:00.000,23:30,40.63413,-73.928505,0,0,0,0,4063,-7392,0.4036697247706422
2021-05-11T00:00:00.000,21:17,40.661835,-73.89311,0,0,0,0,4066,-7389,0.3103448275862069
2021-05-06T00:00:00.000,16:00,40.74463,-73.99898,0,0,0,0,4074,-7399,0.3333333333333333
2021-05-10T00:00:00.000,0:00,40.823193,-73.90018,0,0,0,0,4082,-7390,0.3025210084033613
2021-05-13T00:00:00.000,23:25,40.850494,-73.91546,0,0,0,0,4085,-7391,0.373134328358209
2021-05-13T00:00:00.000,8:50,40.711628,-73.729385,0,0,0,0,4071,-7372,0.40425531914893614
2021-05-14T00:00:00.000,9:10,40.744465,-73.77179,0,0,0,0,4074,-7377,0.36363636363636365
2021-05-11T00:00:00.000,23:06,40.731102,-73.78809,0,0,0,0,4073,-7378,0.391304347826087
2021-05-10T00:00:00.000,17:49,40.90244,-73.842735,0,0,0,0,4090,-7384,0.28205128205128205
2021-05-13T00:00:00.000,19:20,40.626556,-73.99018,1,0,1,1,4062,-7399,0.3835616438356164
2021-05-11T00:00:00.000,17:35,40.673676,-73.81698,1,0,1,1,4067,-7381,0.4230769230769231
2021-05-11T00:00:00.000,18:55,40.58036,-73.96761,1,0,1,1,4058,-7396,0.37333333333333335
2021-05-11T00:00:00.000,16:00,40.816246,-73.918304,0,0,0,0,4081,-7391,0.47244094488188976
2021-05-12T00:00:00.000,21:03,40.654312,-73.90974,0,0,0,0,4065,-7390,0.375
2021-05-14T00:00:00.000,21:46,40.640034,-73.877945,0,0,0,0,4064,-7387,0.4918032786885246
2021-05-10T00:00:00.000,18:00,40.727844,-73.98223,1,0,1,1,4072,-7398,0.4342105263157895
2021-05-14T00:00:00.000,17:15,40.820404,-73.81482,0,0,0,0,4082,-7381,0.17647058823529413
2021-05-14T00:00:00.000,12:00,40.81768,-73.92975,2,0,1,1,4081,-7392,0.4714285714285714
2021-05-14T00:00:00.000,18:45,40.66796,-73.77155,0,0,0,0,4066,-7377,0.37362637362637363
2021-05-14T00:00:00.000,20:56,40.803894,-73.95204,0,0,0,0,4080,-7395,0.381294964028777
2021-05-10T00:00:00.000,0:08,40.515064,-74.242805,0,0,0,0,4051,-7424,0.21428571428571427
2021-05-14T00:00:00.000,9:30,40.829422,-73.9319,2,0,1,1,4082,-7393,0.36645962732919257
2021-05-07T00:00:00.000,18:03,40.843388,-73.82692,0,0,0,0,4084,-7382,0.4
2021-05-11T00:00:00.000,16:49,40.710938,-73.76654,1,0,1,1,4071,-7376,0.37142857142857144
2021-05-11T00:00:00.000,15:00,40.799717,-73.92991,1,0,1,1,4079,-7392,0.4
2021-05-10T00:00:00.000,10:30,40.71148,-73.76418,0,0,0,0,4071,-7376,0.37142857142857144
2021-05-14T00:00:00.000,10:30,40.666866,-73.97829,1,0,1,1,4066,-7397,0.24390243902439024
2021-05-11T00:00:00.000,13:11,40.605595,-73.98404,1,0,1,1,4060,-7398,0.2711864406779661
2021-05-13T00:00:00.000,7:09,40.824158,-73.87462,0,0,0,0,4082,-7387,0.33544303797468356
2021-05-14T00:00:00.000,18:45,40.842148,-73.87186,1,0,1,1,4084,-7387,0.48333333333333334
2021-09-23T00:00:00.000,17:30,40.68085,-73.97746,0,0,0,0,4068,-7397,0.3412322274881517
2021-05-12T00:00:00.000,19:00,40.663727,-73.95386,1,0,1,1,4066,-7395,0.44375
2021-05-14T00:00:00.000,16:50,40.542603,-74.20835,1,0,1,1,4054,-7420,0.5555555555555556
2021-05-10T00:00:00.000,10:10,40.893333,-73.861786,0,0,0,0,4089,-7386,0.28205128205128205
2021-05-14T00:00:00.000,0:00,40.78417,-73.84675,0,0,0,0,4078,-7384,0.23809523809523808
2021-05-12T00:00:00.000,17:30,40.824432,-73.873604,0,0,0,0,4082,-7387,0.33544303797468356
2021-05-13T00:00:00.000,7:05,40.66551,-73.992775,0,0,0,0,4066,-7399,0.40540540540540543
2021-05-11T00:00:00.000,12:25,40.867382,-73.926414,0,0,0,0,4086,-7392,0.359375
2021-05-10T00:00:00.000,0:57,40.80322,-73.95253,0,0,0,0,4080,-7395,0.381294964028777
2021-05-10T00:00:00.000,18:00,40.767918,-73.985725,0,0,0,0,4076,-7398,0.3081761006289308
2021-05-14T00:00:00.000,19:31,40.596703,-73.99803,0,0,0,0,4059,-7399,0.3076923076923077
2021-05-14T00:00:00.000,9:55,40.712135,-74.0009,0,0,0,0,4071,-7400,0.25517241379310346
2021-05-11T00:00:00.000,16:45,40.756035,-73.98695,0,0,0,0,4075,-7398,0.3170731707317073
2021-04-29T00:00:00.000,9:14,40.59813,-74.005,0,0,0,0,4059,-7400,0.2962962962962963
2021-05-12T00:00:00.000,12:25,40.619736,-73.98958,1,0,1,1,4061,-7398,0.3698630136986301
2021-05-11T00:00:00.000,22:30,40.59412,-73.78899,0,0,0,0,4059,-7378,0.14705882352941177
2021-05-13T00:00:00.000,13:50,40.705994,-73.943,0,0,0,0,4070,-7394,0.3956043956043956
2021-05-09T00:00:00.000,22:30,40.591755,-73.9083,1,0,1,1,4059,-7390,0.23404255319148937
2021-04-30T00:00:00.000,8:39,40.66939,-73.89502,0,0,0,0,4066,-7389,0.3103448275862069
2021-05-12T00:00:00.000,19:30,40.698746,-73.89856,0,0,0,0,4069,-7389,0.3709677419354839
2021-05-10T00:00:00.000,9:00,40.664192,-73.87759,1,0,1,1,4066,-7387,0.38461538461538464
2021-05-11T00:00:00.000,20:30,40.708305,-73.948425,1,0,1,1,4070,-7394,0.3956043956043956
2021-05-12T00:00:00.000,1:12,40.62646,-73.94973,1,0,1,1,4062,-7394,0.41379310344827586
2021-05-13T00:00:00.000,21:40,40.80562,-73.97069,0,0,0,0,4080,-7397,0.375
2021-09-23T00:00:00.000,11:42,40.74929,-73.86817,1,0,1,1,4074,-7386,0.3813559322033898
2021-04-27T00:00:00.000,23:00,40.677143,-73.96192,0,0,0,0,4067,-7396,0.3466666666666667
2021-05-13T00:00:00.000,23:00,40.665558,-73.72985,1,0,1,1,4066,-7372,0.6190476190476191
2021-05-08T00:00:00.000,14:30,40.684982,-73.79062,0,0,0,0,4068,-7379,0.35
2021-05-14T00:00:00.000,12:00,40.750637,-73.94283,0,0,0,0,4075,-7394,0.41333333333333333
2021-05-11T00:00:00.000,11:05,40.60855,-74.13216,0,0,0,0,4060,-7413,0.41935483870967744
2021-05-12T00:00:00.000,21:29,40.78858,-73.955284,3,0,1,1,4078,-7395,0.42168674698795183
2021-05-13T00:00:00.000,22:00,40.674,-73.982285,0,0,0,0,4067,-7398,0.3655913978494624
2021-05-05T00:00:00.000,22:56,40.685413,-73.975105,0,0,0,0,4068,-7397,0.3412322274881517
2021-05-14T00:00:00.000,0:12,40.675827,-73.817276,0,0,0,0,4067,-7381,0.4230769230769231
2021-05-12T00:00:00.000,4:15,40.72106,-73.75945,1,0,1,1,4072,-7375,0.2727272727272727
2021-05-12T00:00:00.000,9:30,40.787075,-73.94503,0,0,0,0,4078,-7394,0.33513513513513515
2021-05-10T00:00:00.000,22:50,40.844864,-73.92256,0,0,0,0,4084,-7392,0.3181818181818182
2021-05-14T00:00:00.000,16:05,40.794052,-73.970375,0,0,0,0,4079,-7397,0.24210526315789474
2021-05-13T00:00:00.000,10:00,40.818386,-73.95632,0,0,0,0,4081,-7395,0.3509933774834437
2021-05-13T00:00:00.000,13:45,40.742874,-73.933945,0,0,0,0,4074,-7393,0.3333333333333333
2021-05-12T00:00:00.000,12:37,40.632633,-74.01254,0,0,0,0,4063,-7401,0.37777777777777777
2021-05-06T00:00:00.000,20:00,40.76548,-73.913704,0,0,0,0,4076,-7391,0.40476190476190477
2021-05-13T00:00:00.000,8:20,40.658226,-73.8893,0,0,0,0,4065,-7388,0.41509433962264153
2021-05-14T00:00:00.000,22:43,40.817543,-73.95694,2,0,1,1,4081,-7395,0.3509933774834437
2021-04-21T00:00:00.000,1:21,40.821636,-73.93909,2,0,1,1,4082,-7393,0.36645962732919257
2021-05-14T00:00:00.000,20:33,40.67619,-73.9081,0,0,0,0,4067,-7390,0.3282442748091603
2021-05-10T00:00:00.000,17:00,40.66878,-73.9785,0,0,0,0,4066,-7397,0.24390243902439024
2021-05-10T00:00:00.000,3:55,40.823772,-73.87245,1,0,1,1,4082,-7387,0.33544303797468356
2021-05-14T00:00:00.000,20:11,40.677864,-73.99808,0,0,0,0,4067,-7399,0.3258426966292135
2021-05-14T00:00:00.000,16:30,40.633232,-73.95466,0,0,0,0,4063,-7395,0.48484848484848486
2021-05-03T00:00:00.000,23:00,40.83363,-73.867744,0,0,0,0,4083,-7386,0.24822695035460993
2021-05-12T00:00:00.000,19:05,40.798523,-73.94926,0,0,0,0,4079,-7394,0.3523809523809524
2021-05-10T00:00:00.000,12:00,40.603874,-73.99544,0,0,0,0,4060,-7399,0.31683168316831684
2021-05-14T00:00:00.000,3:15,40.763504,-73.97931,0,0,0,0,4076,-7397,0.37
2021-05-10T00:00:00.000,4:20,40.75809,-73.795815,0,0,0,0,4075,-7379,0.38461538461538464
2021-05-07T00:00:00.000,12:40,40.63524,-73.967636,0,0,0,0,4063,-7396,0.34615384615384615
2021-05-14T00:00:00.000,19:22,40.681885,-73.896645,1,0,1,1,4068,-7389,0.5
2021-05-13T00:00:00.000,22:32,40.674953,-73.80205,0,0,0,0,4067,-7380,0.24615384615384617
2021-05-11T00:00:00.000,19:20,40.73468,-73.81062,0,0,0,0,4073,-7381,0.3181818181818182
2021-05-08T00:00:00.000,2:11,40.848625,-73.93425,3,0,1,1,4084,-7393,0.32786885245901637
2021-05-14T00:00:00.000,13:40,40.627384,-74.10955,0,0,0,0,4062,-7410,0.0
2021-05-13T00:00:00.000,5:00,40.664043,-73.75019,0,0,0,0,4066,-7375,0.3
2021-05-12T00:00:00.000,8:50,40.720432,-74.00675,0,0,0,0,4072,-7400,0.32926829268292684
2021-05-14T00:00:00.000,12:13,40.751,-73.82571,1,0,1,1,4075,-7382,0.4915254237288136
2021-05-10T00:00:00.000,19:30,40.811737,-73.936264,0,0,0,0,4081,-7393,0.32432432432432434
2021-05-14T00:00:00.000,2:15,40.840755,-73.876915,0,0,0,0,4084,-7387,0.48333333333333334
2021-05-11T00:00:00.000,23:22,40.732033,-73.91893,1,0,1,1,4073,-7391,0.33962264150943394
2021-05-10T00:00:00.000,20:11,40.634274,-74.086296,0,0,0,0,4063,-7408,0.2653061224489796
2021-04-09T00:00:00.000,9:20,40.80333,-73.94873,1,0,1,1,4080,-7394,0.41116751269035534
2021-05-10T00:00:00.000,11:00,40.68218,-73.94659,0,0,0,0,4068,-7394,0.4409448818897638
2021-05-11T00:00:00.000,15:50,40.818558,-73.92732,1,0,1,1,4081,-7392,0.4714285714285714
2021-05-13T00:00:00.000,8:30,40.890648,-73.84875,0,0,0,0,4089,-7384,0.3333333333333333
2021-05-10T00:00:00.000,15:00,40.737255,-73.76269,0,0,0,0,4073,-7376,0.2857142857142857
2021-05-14T00:00:00.000,12:20,40.738853,-73.952736,1,0,1,1,4073,-7395,0.30434782608695654
2021-05-11T00:00:00.000,0:43,40.66214,-73.98224,1,0,1,1,4066,-7398,0.421875
2021-05-13T00:00:00.000,9:28,40.844883,-73.91028,0,0,0,0,4084,-7391,0.32558139534883723
2021-05-10T00:00:00.000,10:53,40.753925,-73.8721,0,0,0,0,4075,-7387,0.33884297520661155
2021-05-10T00:00:00.000,7:23,40.66684,-73.78941,3,0,1,1,4066,-7378,0.34615384615384615
2021-05-14T00:00:00.000,14:53,40.797672,-73.94929,0,0,0,0,4079,-7394,0.3523809523809524
2021-05-12T00:00:00.000,6:25,40.678722,-73.952995,1,0,1,1,4067,-7395,0.3695652173913043
2021-05-07T00:00:00.000,8:54,40.80455,-73.95276,0,0,0,0,4080,-7395,0.381294964028777
2021-05-13T00:00:00.000,16:49,40.611767,-73.97638,0,0,0,0,4061,-7397,0.421875
2021-05-12T00:00:00.000,7:55,40.590714,-73.963684,0,0,0,0,4059,-7396,0.38596491228070173
2021-05-11T00:00:00.000,9:07,40.745438,-73.923,0,0,0,0,4074,-7392,0.3709677419354839
2021-05-14T00:00:00.000,9:20,40.66283,-73.92615,2,0,1,1,4066,-7392,0.355
2021-05-13T00:00:00.000,11:59,40.74643,-73.80336,0,0,0,0,4074,-7380,0.35294117647058826
2021-05-12T00:00:00.000,17:15,40.77006,-73.99078,0,0,0,0,4077,-7399,0.4166666666666667
2021-05-12T00:00:00.000,19:45,40.800583,-73.960075,0,0,0,0,4080,-7396,0.31343283582089554
2021-05-11T00:00:00.000,10:22,40.799786,-73.94031,0,0,0,0,4079,-7394,0.3523809523809524
2021-05-14T00:00:00.000,10:30,40.64433,-73.919914,0,0,0,0,4064,-7391,0.39805825242718446
2021-05-11T00:00:00.000,10:50,40.766357,-73.7811,1,0,1,1,4076,-7378,0.4
2021-05-14T00:00:00.000,11:00,40.75529,-73.94603,0,0,0,0,4075,-7394,0.41333333333333333
2021-05-13T00:00:00.000,12:40,40.71558,-73.960144,0,0,0,0,4071,-7396,0.3218390804597701
2021-05-14T00:00:00.000,11:30,40.768803,-73.95837,1,0,1,1,4076,-7395,0.3696969696969697
2021-05-11T00:00:00.000,15:50,40.586002,-73.97221,0,0,0,0,4058,-7397,0.2727272727272727
2021-05-11T00:00:00.000,18:23,40.8541,-73.919106,0,0,0,0,4085,-7391,0.373134328358209
2021-05-13T00:00:00.000,14:14,40.60567,-74.030945,0,0,0,0,4060,-7403,0.3
2021-05-12T00:00:00.000,15:25,40.748066,-73.8574,1,0,1,1,4074,-7385,0.35526315789473684
2021-05-14T00:00:00.000,16:10,40.71467,-73.98234,1,0,1,1,4071,-7398,0.39568345323741005
2021-05-10T00:00:00.000,14:16,40.62389,-74.024025,0,0,0,0,4062,-7402,0.3625
2021-05-10T00:00:00.000,21:57,40.773205,-73.92334,0,0,0,0,4077,-7392,0.3269230769230769
2021-05-10T00:00:00.000,20:00,40.63033,-73.93103,2,0,1,1,4063,-7393,0.46153846153846156
2021-05-12T00:00:00.000,9:10,40.89481,-73.86183,1,0,1,1,4089,-7386,0.28205128205128205
2021-05-14T00:00:00.000,4:09,40.586143,-74.07057,3,0,1,1,4058,-7407,0.75
2021-05-12T00:00:00.000,19:00,40.658577,-73.89063,0,0,0,0,4065,-7389,0.34965034965034963
2021-05-10T00:00:00.000,16:00,40.67983,-74.00353,0,0,0,0,4067,-7400,0.20967741935483872
2021-05-11T00:00:00.000,11:40,40.872456,-73.90185,0,0,0,0,4087,-7390,0.3184713375796178
2021-05-10T00:00:00.000,22:15,40.68022,-73.87121,0,0,0,0,4068,-7387,0.24719101123595505
2021-05-12T00:00:00.000,10:26,40.681602,-73.922485,2,0,1,1,4068,-7392,0.2542372881355932
2021-05-14T00:00:00.000,12:15,40.749393,-73.708244,0,0,0,0,4074,-7370,0.375
2021-05-13T00:00:00.000,23:50,40.694317,-73.737526,3,0,1,1,4069,-7373,0.36585365853658536
2021-05-12T00:00:00.000,18:30,40.636932,-73.97939,1,0,1,1,4063,-7397,0.36893203883495146
2021-05-11T00:00:00.000,23:00,40.86221,-73.89965,2,0,1,1,4086,-7389,0.40606060606060607
2021-05-11T00:00:00.000,18:03,40.630306,-73.90389,0,0,0,0,4063,-7390,0.3561643835616438
2021-04-30T00:00:00.000,8:00,40.703423,-73.87488,0,0,0,0,4070,-7387,0.24324324324324326
2021-05-11T00:00:00.000,0:15,40.66675,-73.779945,1,0,1,1,4066,-7377,0.37362637362637363
2021-05-14T00:00:00.000,10:00,40.730473,-73.95885,0,0,0,0,4073,-7395,0.30434782608695654
2021-05-12T00:00:00.000,5:40,40.81099,-73.88652,0,0,0,0,4081,-7388,0.25471698113207547
2021-05-14T00:00:00.000,4:25,40.702526,-73.95934,1,0,1,1,4070,-7395,0.3475177304964539
2021-05-14T00:00:00.000,15:00,40.622414,-73.896484,0,0,0,0,4062,-7389,0.3333333333333333
2021-05-14T00:00:00.000,19:15,40.73556,-73.915054,0,0,0,0,4073,-7391,0.33962264150943394
2021-05-11T00:00:00.000,17:30,40.84734,-73.88493,0,0,0,0,4084,-7388,0.390625
2021-05-11T00:00:00.000,23:55,40.817593,-73.95319,1,0,1,1,4081,-7395,0.3509933774834437
2021-05-13T00:00:00.000,19:00,40.634563,-74.014114,0,0,0,0,4063,-7401,0.37777777777777777
2021-05-10T00:00:00.000,15:00,40.8825,-73.847244,0,0,0,0,4088,-7384,0.4153846153846154
2021-05-13T00:00:00.000,0:55,40.719215,-73.742256,0,0,0,0,4071,-7374,0.23404255319148937
2021-05-14T00:00:00.000,0:24,40.83722,-73.859955,0,0,0,0,4083,-7385,0.30158730158730157
2021-05-13T00:00:00.000,9:48,40.826656,-73.8739,2,0,1,1,4082,-7387,0.33544303797468356
2021-05-10T00:00:00.000,14:45,40.609108,-73.74685,0,0,0,0,4060,-7374,0.15789473684210525
2021-05-14T00:00:00.000,17:22,40.70722,-73.78957,1,0,1,1,4070,-7378,0.34523809523809523
2021-05-12T00:00:00.000,0:30,40.831875,-73.86636,0,0,0,0,4083,-7386,0.24822695035460993
2021-05-12T00:00:00.000,11:10,40.72821,-73.94933,0,0,0,0,4072,-7394,0.19801980198019803
2021-05-14T00:00:00.000,18:45,40.760822,-73.921906,0,0,0,0,4076,-7392,0.42105263157894735
2021-05-11T00:00:00.000,20:30,40.743336,-73.9511,0,0,0,0,4074,-7395,0.35185185185185186
2021-04-27T00:00:00.000,14:55,40.76396,-73.98233,0,0,0,0,4076,-7398,0.3081761006289308
2021-05-10T00:00:00.000,14:51,40.78288,-73.971664,0,0,0,0,4078,-7397,0.3434343434343434
2021-05-09T00:00:00.000,15:40,40.80886,-73.95213,0,0,0,0,4080,-7395,0.381294964028777
2021-05-12T00:00:00.000,11:10,40.720764,-73.99063,0,0,0,0,4072,-7399,0.3829787234042553
2021-05-13T00:00:00.000,7:56,40.76301,-73.87532,2,0,1,1,4076,-7387,0.48214285714285715
2021-05-10T00:00:00.000,9:10,40.847385,-73.88948,0,0,0,0,4084,-7388,0.390625
2021-05-13T00:00:00.000,6:35,40.634293,-73.942986,1,0,1,1,4063,-7394,0.358974358974359
2021-05-11T00:00:00.000,13:50,40.760384,-73.76846,0,0,0,0,4076,-7376,0.21739130434782608
2021-05-10T00:00:00.000,10:00,40.67671,-74.00477,0,0,0,0,4067,-7400,0.20967741935483872
2021-05-12T00:00:00.000,10:06,40.623917,-74.00011,0,0,0,0,4062,-7400,0.3150684931506849
2021-05-05T00:00:00.000,12:30,40.6229,-74.14943,0,0,0,0,4062,-7414,0.20408163265306123
2021-05-05T00:00:00.000,14:41,40.802696,-73.949196,0,0,0,0,4080,-7394,0.41116751269035534
2021-05-05T00:00:00.000,13:20,40.744034,-74.00313,1,0,1,1,4074,-7400,0.27710843373493976
2021-05-10T00:00:00.000,16:00,40.676826,-73.900185,0,0,0,0,4067,-7390,0.3282442748091603
2021-05-12T00:00:00.000,23:40,40.849106,-73.89495,1,0,1,1,4084,-7389,0.33766233766233766
2021-05-05T00:00:00.000,17:50,40.73447,-73.989944,1,0,1,1,4073,-7398,0.36942675159235666
2021-05-11T00:00:00.000,16:30,40.821228,-73.8707,0,0,0,0,4082,-7387,0.33544303797468356
2021-05-13T00:00:00.000,14:00,40.663956,-73.95032,0,0,0,0,4066,-7395,0.44375
2021-05-10T00:00:00.000,22:28,40.611034,-73.95258,0,0,0,0,4061,-7395,0.4461538461538462
2021-05-14T00:00:00.000,23:29,40.86248,-73.90958,1,0,1,1,4086,-7390,0.42748091603053434
2021-05-10T00:00:00.000,23:11,40.676495,-73.913704,0,0,0,0,4067,-7391,0.36597938144329895
2021-05-12T00:00:00.000,18:49,40.87044,-73.83101,0,0,0,0,4087,-7383,0.3333333333333333
2021-05-13T00:00:00.000,13:05,40.58987,-73.93699,0,0,0,0,4058,-7393,0.24324324324324326
2021-05-06T00:00:00.000,18:00,40.85429,-73.90027,0,0,0,0,4085,-7390,0.42207792207792205
2021-09-23T00:00:00.000,11:50,40.76889,-73.9821,0,0,0,0,4076,-7398,0.3081761006289308
2021-05-13T00:00:00.000,14:24,40.603344,-73.93684,1,0,1,1,4060,-7393,0.4117647058823529
2021-05-10T00:00:00.000,15:20,40.62573,-73.9564,0,0,0,0,4062,-7395,0.4444444444444444
2021-05-14T00:00:00.000,12:54,40.691544,-73.9685,0,0,0,0,4069,-7396,0.325
2021-05-13T00:00:00.000,23:42,40.650703,-74.00449,0,0,0,0,4065,-7400,0.41509433962264153
2021-05-10T00:00:00.000,1:10,40.70904,-73.84146,3,0,1,1,4070,-7384,0.43333333333333335
2021-05-14T00:00:00.000,9:10,40.664192,-73.87759,1,0,1,1,4066,-7387,0.38461538461538464
2021-05-14T00:00:00.000,19:20,40.56805,-73.86334,0,0,0,0,4056,-7386,0.0
2021-05-11T00:00:00.000,14:30,40.583622,-74.09544,0,0,0,0,4058,-7409,0.15625
2021-05-13T00:00:00.000,9:52,40.661385,-73.8841,0,0,0,0,4066,-7388,0.37012987012987014
2021-05-10T00:00:00.000,12:58,40.698036,-73.962845,0,0,0,0,4069,-7396,0.325
2021-05-12T00:00:00.000,9:23,40.74089,-73.89581,0,0,0,0,4074,-7389,0.3203125
2021-05-11T00:00:00.000,16:45,40.740993,-73.882835,0,0,0,0,4074,-7388,0.2978723404255319
2021-05-10T00:00:00.000,20:10,40.653515,-73.9632,0,0,0,0,4065,-7396,0.3939393939393939
2021-05-02T00:00:00.000,15:30,40.657665,-73.89705,0,0,0,0,4065,-7389,0.34965034965034963
2021-05-11T00:00:00.000,15:47,40.863556,-73.90755,0,0,0,0,4086,-7390,0.42748091603053434
2021-05-13T00:00:00.000,14:40,40.864113,-73.92126,0,0,0,0,4086,-7392,0.359375
2021-05-11T00:00:00.000,17:10,40.663517,-73.758644,0,0,0,0,4066,-7375,0.3
2021-05-10T00:00:00.000,16:50,40.66551,-73.992775,1,0,1,1,4066,-7399,0.40540540540540543
2021-05-11T00:00:00.000,11:45,40.73635,-73.97502,0,0,0,0,4073,-7397,0.32558139534883723
2021-05-12T00:00:00.000,11:20,40.688778,-73.786446,0,0,0,0,4068,-7378,0.3384615384615385
2021-05-10T00:00:00.000,4:40,40.86723,-73.88692,0,0,0,0,4086,-7388,0.23943661971830985
2021-05-13T00:00:00.000,20:45,40.709393,-73.9219,0,0,0,0,4070,-7392,0.24305555555555555
2021-05-10T00:00:00.000,13:25,40.59589,-74.085884,0,0,0,0,4059,-7408,0.36363636363636365
2021-05-10T00:00:00.000,12:40,40.68871,-73.95499,1,0,1,1,4068,-7395,0.38571428571428573
2021-05-11T00:00:00.000,19:15,40.644806,-74.00226,0,0,0,0,4064,-7400,0.36764705882352944
2021-05-10T00:00:00.000,16:00,40.678123,-73.87608,0,0,0,0,4067,-7387,0.30344827586206896
2021-04-29T00:00:00.000,17:05,40.676342,-73.910934,1,0,1,1,4067,-7391,0.36597938144329895
2021-05-05T00:00:00.000,20:19,40.808178,-73.93073,0,0,0,0,4080,-7393,0.36312849162011174
2021-05-11T00:00:00.000,13:25,40.748352,-73.89174,0,0,0,0,4074,-7389,0.3203125
2021-05-12T00:00:00.000,15:44,40.618206,-73.96103,0,0,0,0,4061,-7396,0.30666666666666664
2021-05-11T00:00:00.000,16:30,40.766357,-73.7811,1,0,1,1,4076,-7378,0.4
2021-05-12T00:00:00.000,12:33,40.66899,-73.99641,2,0,1,1,4066,-7399,0.40540540540540543
2021-05-14T00:00:00.000,0:35,40.65454,-73.93363,1,0,1,1,4065,-7393,0.44366197183098594
2021-05-12T00:00:00.000,17:12,40.767532,-73.953255,0,0,0,0,4076,-7395,0.3696969696969697
2021-05-08T00:00:00.000,21:15,40.809574,-73.96805,2,0,1,1,4080,-7396,0.31343283582089554
2021-05-13T00:00:00.000,8:50,40.579197,-73.98195,0,0,0,0,4057,-7398,0.36904761904761907
2021-05-13T00:00:00.000,16:30,40.606842,-74.0155,1,0,1,1,4060,-7401,0.30357142857142855
2021-05-10T00:00:00.000,15:00,40.620434,-74.024475,0,0,0,0,4062,-7402,0.3625
2021-05-13T00:00:00.000,15:52,40.63329,-73.97644,0,0,0,0,4063,-7397,0.36893203883495146
2021-05-11T00:00:00.000,10:25,40.774612,-73.92399,0,0,0,0,4077,-7392,0.3269230769230769
2021-05-14T00:00:00.000,18:40,40.655422,-73.95007,1,0,1,1,4065,-7395,0.38686131386861317
2021-04-28T00:00:00.000,15:00,40.77428,-73.97738,0,0,0,0,4077,-7397,0.38235294117647056
2021-05-06T00:00:00.000,17:30,40.69577,-73.74746,0,0,0,0,4069,-7374,0.46774193548387094
2021-05-14T00:00:00.000,3:10,40.71997,-73.992905,1,0,1,1,4071,-7399,0.3263157894736842
2021-05-11T00:00:00.000,5:55,40.836502,-73.825165,0,0,0,0,4083,-7382,0.44680851063829785
2021-05-09T00:00:00.000,21:15,40.582977,-73.98042,1,0,1,1,4058,-7398,0.4
2021-05-10T00:00:00.000,19:08,40.843994,-73.89752,0,0,0,0,4084,-7389,0.33766233766233766
2021-05-11T00:00:00.000,14:30,40.707027,-73.9236,0,0,0,0,4070,-7392,0.24305555555555555
2021-05-12T00:00:00.000,17:15,40.618618,-73.96205,0,0,0,0,4061,-7396,0.30666666666666664
2021-05-12T00:00:00.000,14:23,40.878284,-73.90803,1,0,1,1,4087,-7390,0.3184713375796178
2021-05-10T00:00:00.000,20:50,40.829037,-73.889015,1,0,1,1,4082,-7388,0.27624309392265195
2021-05-12T00:00:00.000,13:01,40.669594,-73.979355,0,0,0,0,4066,-7397,0.24390243902439024
2021-05-08T00:00:00.000,15:00,40.72543,-73.99678,0,0,0,0,4072,-7399,0.3829787234042553
2021-05-06T00:00:00.000,20:40,40.698433,-73.903366,1,0,1,1,4069,-7390,0.29591836734693877
2021-04-06T00:00:00.000,13:00,40.760494,-73.8614,0,0,0,0,4076,-7386,0.40298507462686567
2021-05-13T00:00:00.000,22:56,40.714935,-73.81636,0,0,0,0,4071,-7381,0.3448275862068966
2021-05-14T00:00:00.000,15:45,40.812473,-73.90542,0,0,0,0,4081,-7390,0.3888888888888889
2021-05-11T00:00:00.000,16:00,40.757935,-73.98557,0,0,0,0,4075,-7398,0.3170731707317073
2021-05-11T00:00:00.000,20:00,40.74982,-73.94129,0,0,0,0,4074,-7394,0.33962264150943394
2021-05-10T00:00:00.000,16:30,40.76624,-73.960236,0,0,0,0,4076,-7396,0.3023255813953488
2021-05-14T00:00:00.000,13:45,40.82351,-73.89418,0,0,0,0,4082,-7389,0.37423312883435583
2021-05-13T00:00:00.000,18:57,40.696117,-73.970436,1,0,1,1,4069,-7397,0.3253012048192771
2021-05-12T00:00:00.000,14:30,40.67818,-73.870705,1,0,1,1,4067,-7387,0.30344827586206896
2021-05-12T00:00:00.000,9:05,40.88671,-73.81529,0,0,0,0,4088,-7381,0.4444444444444444
2021-05-13T00:00:00.000,10:30,40.694794,-73.98246,0,0,0,0,4069,-7398,0.3229166666666667
2021-05-14T00:00:00.000,9:20,40.669704,-73.94774,0,0,0,0,4066,-7394,0.36792452830188677
2021-05-13T00:00:00.000,11:04,40.82317,-73.9275,0,0,0,0,4082,-7392,0.3333333333333333
2021-05-13T00:00:00.000,5:00,40.81006,-73.90313,2,0,1,1,4081,-7390,0.3888888888888889
2021-05-13T00:00:00.000,19:29,40.84067,-73.88938,0,0,0,0,4084,-7388,0.390625
2021-05-10T00:00:00.000,12:30,40.802933,-73.9123,0,0,0,0,4080,-7391,0.38961038961038963
2021-05-07T00:00:00.000,8:15,40.787506,-73.9383,0,0,0,0,4078,-7393,0.4444444444444444
2021-05-14T00:00:00.000,3:40,40.857365,-73.84657,0,0,0,0,4085,-7384,0.32432432432432434
2021-05-13T00:00:00.000,7:54,40.71406,-73.95292,0,0,0,0,4071,-7395,0.36585365853658536
2021-05-12T00:00:00.000,11:27,40.84497,-73.9092,1,0,1,1,4084,-7390,0.366120218579235
2021-05-10T00:00:00.000,14:29,40.844234,-73.92363,0,0,0,0,4084,-7392,0.3181818181818182
2021-05-11T00:00:00.000,18:58,40.65684,-73.96222,2,0,1,1,4065,-7396,0.3939393939393939
2021-05-13T00:00:00.000,23:51,40.675785,-73.90269,1,0,1,1,4067,-7390,0.3282442748091603
2021-05-13T00:00:00.000,10:00,40.658836,-73.92046,0,0,0,0,4065,-7392,0.35555555555555557
2021-05-11T00:00:00.000,15:10,40.582542,-73.957214,1,0,1,1,4058,-7395,0.3465346534653465
2021-05-14T00:00:00.000,16:36,40.652477,-73.86798,0,0,0,0,4065,-7386,0.36619718309859156
2021-05-14T00:00:00.000,10:25,40.71411,-74.00955,0,0,0,0,4071,-7400,0.25517241379310346
2021-05-10T00:00:00.000,9:58,40.579826,-73.97622,2,0,1,1,4057,-7397,0.2619047619047619
2021-05-10T00:00:00.000,14:22,40.76283,-73.78473,0,0,0,0,4076,-7378,0.4
2021-05-06T00:00:00.000,11:36,40.764572,-73.98072,0,0,0,0,4076,-7398,0.3081761006289308
2021-05-11T00:00:00.000,23:15,40.686077,-74.00038,1,0,1,1,4068,-7400,0.3333333333333333
2021-05-10T00:00:00.000,6:43,40.736546,-73.98905,0,0,0,0,4073,-7398,0.36942675159235666
2021-05-13T00:00:00.000,9:00,40.783897,-73.97407,0,0,0,0,4078,-7397,0.3434343434343434
2021-05-07T00:00:00.000,15:05,40.791046,-73.95138,1,0,1,1,4079,-7395,0.42
2021-05-12T00:00:00.000,15:30,40.880398,-73.897606,0,0,0,0,4088,-7389,0.4626865671641791
2021-05-11T00:00:00.000,17:37,40.688652,-73.84709,2,0,1,1,4068,-7384,0.3333333333333333
2021-04-28T00:00:00.000,0:30,40.799217,-73.952965,0,0,0,0,4079,-7395,0.42
2021-05-11T00:00:00.000,14:46,40.66708,-73.81033,1,0,1,1,4066,-7381,0.4716981132075472
2021-05-10T00:00:00.000,15:30,40.822697,-73.87001,0,0,0,0,4082,-7387,0.33544303797468356
2021-05-12T00:00:00.000,6:50,40.73986,-73.79012,1,0,1,1,4073,-7379,0.4
2021-05-10T00:00:00.000,12:00,40.607555,-74.08711,0,0,0,0,4060,-7408,0.3235294117647059
2021-09-22T00:00:00.000,6:00,40.735085,-73.89692,0,0,0,0,4073,-7389,0.2857142857142857
2021-05-13T00:00:00.000,0:13,40.861347,-73.897736,3,0,1,1,4086,-7389,0.40606060606060607
2021-05-12T00:00:00.000,12:20,40.803677,-73.92209,0,0,0,0,4080,-7392,0.3141025641025641
2021-05-06T00:00:00.000,18:21,40.741394,-73.82303,0,0,0,0,4074,-7382,0.4057971014492754
2021-05-10T00:00:00.000,19:10,40.720844,-73.75927,0,0,0,0,4072,-7375,0.2727272727272727
2021-05-13T00:00:00.000,6:40,40.764435,-73.72269,1,0,1,1,4076,-7372,0.3333333333333333
2021-05-10T00:00:00.000,6:27,40.824066,-73.908714,0,0,0,0,4082,-7390,0.3025210084033613
2021-05-14T00:00:00.000,8:45,40.769485,-73.91503,1,0,1,1,4076,-7391,0.40476190476190477
2021-05-10T00:00:00.000,11:58,40.631863,-74.07734,0,0,0,0,4063,-7407,0.4444444444444444
2021-05-11T00:00:00.000,7:40,40.827354,-73.868706,0,0,0,0,4082,-7386,0.3493975903614458
2021-05-12T00:00:00.000,15:11,40.822254,-73.88703,0,0,0,0,4082,-7388,0.27624309392265195
2021-05-10T00:00:00.000,11:07,40.71406,-73.95292,1,0,1,1,4071,-7395,0.36585365853658536
2021-05-14T00:00:00.000,18:00,40.725796,-73.99762,0,0,0,0,4072,-7399,0.3829787234042553
2021-05-13T00:00:00.000,15:40,40.748154,-73.85403,1,0,1,1,4074,-7385,0.35526315789473684
2021-05-13T00:00:00.000,11:46,40.701637,-73.942276,1,0,1,1,4070,-7394,0.3956043956043956
2021-05-12T00:00:00.000,17:30,40.673252,-73.87773,2,0,1,1,4067,-7387,0.30344827586206896
2021-09-22T00:00:00.000,1:33,40.81722,-73.95228,0,0,0,0,4081,-7395,0.3509933774834437
2021-05-12T00:00:00.000,7:43,40.666397,-73.73857,1,0,1,1,4066,-7373,0.44339622641509435
2021-05-12T00:00:00.000,17:50,40.8375,-73.91061,0,0,0,0,4083,-7391,0.33714285714285713
2021-05-11T00:00:00.000,14:05,40.638596,-73.992,3,0,1,1,4063,-7399,0.47692307692307695
2021-05-11T00:00:00.000,8:24,40.75694,-73.93464,1,0,1,1,4075,-7393,0.43478260869565216
2021-05-04T00:00:00.000,8:20,40.66645,-73.75764,1,0,1,1,4066,-7375,0.3
2021-05-12T00:00:00.000,8:01,40.774357,-73.908195,1,0,1,1,4077,-7390,0.3404255319148936
2021-05-10T00:00:00.000,15:33,40.666187,-73.79176,1,0,1,1,4066,-7379,0.3870967741935484
2021-05-11T00:00:00.000,21:30,40.6199,-74.08571,0,0,0,0,4061,-7408,0.30612244897959184
2021-05-09T00:00:00.000,20:54,40.80761,-73.95305,0,0,0,0,4080,-7395,0.381294964028777
2021-05-09T00:00:00.000,16:15,40.758377,-73.994385,0,0,0,0,4075,-7399,0.2830188679245283
2021-05-10T00:00:00.000,22:45,40.673622,-73.9209,0,0,0,0,4067,-7392,0.39655172413793105
2021-05-11T00:00:00.000,13:30,40.702614,-73.96058,0,0,0,0,4070,-7396,0.3431372549019608
2021-05-14T00:00:00.000,17:23,40.696033,-73.98453,0,0,0,0,4069,-7398,0.3229166666666667
2021-05-06T00:00:00.000,8:00,40.78168,-73.83857,0,0,0,0,4078,-7383,0.2727272727272727
2021-05-12T00:00:00.000,20:33,40.845467,-73.92813,0,0,0,0,4084,-7392,0.3181818181818182
2021-05-14T00:00:00.000,7:15,40.652737,-73.94783,0,0,0,0,4065,-7394,0.43137254901960786
2021-04-29T00:00:00.000,18:00,40.672707,-73.758156,0,0,0,0,4067,-7375,0.2608695652173913
2021-05-11T00:00:00.000,21:42,40.668495,-73.86925,0,0,0,0,4066,-7386,0.35
2021-05-12T00:00:00.000,21:13,40.674797,-73.867,2,0,1,1,4067,-7386,0.3431372549019608
2021-05-12T00:00:00.000,0:00,40.77929,-73.98114,1,0,1,1,4077,-7398,0.38028169014084506
2021-05-10T00:00:00.000,11:40,40.722572,-73.851364,1,0,1,1,4072,-7385,0.4418604651162791
2021-05-12T00:00:00.000,9:30,40.59779,-73.946236,3,0,1,1,4059,-7394,0.275
2021-05-14T00:00:00.000,8:20,40.606503,-73.75467,0,0,0,0,4060,-7375,0.17117117117117117
2021-05-13T00:00:00.000,5:30,40.66573,-73.9404,0,0,0,0,4066,-7394,0.36792452830188677
2021-05-11T00:00:00.000,18:23,40.819035,-73.92711,0,0,0,0,4081,-7392,0.4714285714285714
2021-05-12T00:00:00.000,21:10,40.758392,-73.981544,0,0,0,0,4075,-7398,0.3170731707317073
2021-05-12T00:00:00.000,16:23,40.61891,-73.96116,0,0,0,0,4061,-7396,0.30666666666666664
2021-05-14T00:00:00.000,2:15,40.68867,-73.73138,0,0,0,0,4068,-7373,0.29411764705882354
2021-05-13T00:00:00.000,23:12,40.723118,-73.98806,1,0,1,1,4072,-7398,0.4342105263157895
2021-05-12T00:00:00.000,16:00,40.714355,-73.82388,1,0,1,1,4071,-7382,0.379746835443038
2021-05-14T00:00:00.000,10:45,40.61696,-74.02751,0,0,0,0,4061,-7402,0.4090909090909091
2021-05-14T00:00:00.000,18:00,40.6575,-73.839455,3,0,1,1,4065,-7383,0.38095238095238093
2021-05-13T00:00:00.000,14:15,40.613075,-74.12257,0,0,0,0,4061,-7412,0.25
2021-05-13T00:00:00.000,6:22,40.617382,-73.943474,0,0,0,0,4061,-7394,0.48484848484848486
2021-03-22T00:00:00.000,19:10,40.716007,-73.77948,1,0,1,1,4071,-7377,0.20967741935483872
2021-05-12T00:00:00.000,0:15,40.669067,-73.86555,1,0,1,1,4066,-7386,0.35
2021-05-11T00:00:00.000,19:56,40.812828,-73.88894,0,0,0,0,4081,-7388,0.25471698113207547
2021-05-14T00:00:00.000,23:36,40.67944,-73.89714,0,0,0,0,4067,-7389,0.33852140077821014
2021-05-13T00:00:00.000,23:29,40.86327,-73.87047,0,0,0,0,4086,-7387,0.34545454545454546
2021-05-13T00:00:00.000,19:10,40.671085,-73.77617,0,0,0,0,4067,-7377,0.32608695652173914
2021-05-11T00:00:00.000,18:19,40.726357,-73.76388,0,0,0,0,4072,-7376,0.5
2021-05-11T00:00:00.000,11:30,40.76318,-73.876335,0,0,0,0,4076,-7387,0.48214285714285715
2021-05-14T00:00:00.000,13:00,40.792698,-73.97508,0,0,0,0,4079,-7397,0.24210526315789474
2021-05-09T00:00:00.000,15:10,40.72721,-73.99528,1,0,1,1,4072,-7399,0.3829787234042553
2021-05-07T00:00:00.000,17:45,40.879524,-73.86053,0,0,0,0,4087,-7386,0.3142857142857143
2021-05-14T00:00:00.000,19:00,40.828587,-73.891304,0,0,0,0,4082,-7389,0.37423312883435583
2021-05-12T00:00:00.000,2:25,40.668976,-73.90668,2,0,1,1,4066,-7390,0.2777777777777778
2021-05-13T00:00:00.000,7:15,40.57089,-74.1479,1,0,1,1,4057,-7414,0.2857142857142857
2021-04-27T00:00:00.000,6:50,40.64332,-74.01945,0,0,0,0,4064,-7401,0.4295774647887324
2021-05-13T00:00:00.000,3:35,40.84768,-73.91237,3,0,1,1,4084,-7391,0.32558139534883723
2021-05-14T00:00:00.000,2:15,40.81275,-73.94558,2,0,1,1,4081,-7394,0.38
2021-05-14T00:00:00.000,13:50,40.830536,-73.91571,1,0,1,1,4083,-7391,0.33714285714285713
2021-05-14T00:00:00.000,23:30,40.73715,-73.930824,0,0,0,0,4073,-7393,0.38461538461538464
2021-05-11T00:00:00.000,16:51,40.801235,-73.947845,0,0,0,0,4080,-7394,0.41116751269035534
2021-05-14T00:00:00.000,13:40,40.724236,-73.997795,1,0,1,1,4072,-7399,0.3829787234042553
2021-09-23T00:00:00.000,13:30,40.758648,-73.89162,1,0,1,1,4075,-7389,0.4805194805194805
2021-05-11T00:00:00.000,15:33,40.80871,-73.92193,0,0,0,0,4080,-7392,0.3141025641025641
2021-05-05T00:00:00.000,12:00,40.767807,-73.89424,0,0,0,0,4076,-7389,0.35185185185185186
2021-05-14T00:00:00.000,0:35,40.8047,-73.91243,0,0,0,0,4080,-7391,0.38961038961038963
2021-05-14T00:00:00.000,19:15,40.84554,-73.93278,0,0,0,0,4084,-7393,0.32786885245901637
2021-05-08T00:00:00.000,16:49,40.667076,-73.78266,0,0,0,0,4066,-7378,0.34615384615384615
2021-05-10T00:00:00.000,0:10,40.74223,-73.9933,0,0,0,0,4074,-7399,0.3333333333333333
2021-05-11T00:00:00.000,11:00,40.642685,-73.99122,0,0,0,0,4064,-7399,0.3442622950819672
2021-05-12T00:00:00.000,13:15,40.610786,-73.976364,0,0,0,0,4061,-7397,0.421875
2021-05-14T00:00:00.000,18:05,40.761597,-73.9246,1,0,1,1,4076,-7392,0.42105263157894735
2021-05-14T00:00:00.000,9:00,40.720078,-73.95688,0,0,0,0,4072,-7395,0.22093023255813954
2021-05-13T00:00:00.000,20:35,40.662407,-73.96516,1,0,1,1,4066,-7396,0.4074074074074074
2021-05-13T00:00:00.000,7:03,40.76221,-73.9601,0,0,0,0,4076,-7396,0.3023255813953488
2021-05-08T00:00:00.000,6:45,40.73002,-73.98355,0,0,0,0,4073,-7398,0.36942675159235666
2021-05-10T00:00:00.000,0:00,40.689686,-73.89029,0,0,0,0,4068,-7389,0.5
2021-05-14T00:00:00.000,0:00,40.831333,-73.92167,1,0,1,1,4083,-7392,0.310126582278481
2021-05-10T00:00:00.000,3:40,40.88893,-73.86579,0,0,0,0,4088,-7386,0.23809523809523808
2021-05-12T00:00:00.000,10:51,40.725433,-73.951744,0,0,0,0,4072,-7395,0.22093023255813954
2021-04-17T00:00:00.000,1:10,40.747158,-73.86286,1,0,1,1,4074,-7386,0.3813559322033898
2021-05-14T00:00:00.000,8:35,40.712006,-73.75811,1,0,1,1,4071,-7375,0.3269230769230769
2021-05-10T00:00:00.000,9:41,40.669987,-73.9932,0,0,0,0,4066,-7399,0.40540540540540543
2021-05-12T00:00:00.000,7:02,40.74892,-73.9779,0,0,0,0,4074,-7397,0.4810810810810811
2021-05-14T00:00:00.000,8:00,40.688988,-73.84591,0,0,0,0,4068,-7384,0.3333333333333333
2021-05-04T00:00:00.000,17:55,40.79991,-73.93255,2,0,1,1,4079,-7393,0.36585365853658536
2021-05-10T00:00:00.000,14:00,40.680504,-73.92857,0,0,0,0,4068,-7392,0.2542372881355932
2021-05-13T00:00:00.000,16:00,40.564972,-74.13048,0,0,0,0,4056,-7413,0.46153846153846156
2021-05-10T00:00:00.000,5:54,40.821415,-73.88933,1,0,1,1,4082,-7388,0.27624309392265195
2021-05-10T00:00:00.000,8:31,40.791557,-73.93866,1,0,1,1,4079,-7393,0.36585365853658536
2021-05-12T00:00:00.000,15:45,40.754986,-73.74535,0,0,0,0,4075,-7374,0.3333333333333333
2021-05-11T00:00:00.000,5:20,40.764248,-73.92763,0,0,0,0,4076,-7392,0.42105263157894735
2021-05-13T00:00:00.000,11:45,40.7179,-73.83202,0,0,0,0,4071,-7383,0.37349397590361444
2021-05-12T00:00:00.000,8:45,40.646378,-73.97085,1,0,1,1,4064,-7397,0.4095238095238095
2021-05-12T00:00:00.000,14:50,40.818672,-73.910835,2,0,1,1,4081,-7391,0.47244094488188976
2021-05-12T00:00:00.000,9:17,40.775425,-73.951965,0,0,0,0,4077,-7395,0.3384615384615385
2021-05-09T00:00:00.000,17:27,40.665348,-73.922325,2,0,1,1,4066,-7392,0.355
2021-05-14T00:00:00.000,4:49,40.6072,-73.74747,0,0,0,0,4060,-7374,0.15789473684210525
2021-05-12T00:00:00.000,20:00,40.656784,-73.91379,1,0,1,1,4065,-7391,0.425
2021-05-07T00:00:00.000,22:13,40.727676,-73.98737,0,0,0,0,4072,-7398,0.4342105263157895
2021-05-10T00:00:00.000,15:20,40.85185,-73.902725,0,0,0,0,4085,-7390,0.42207792207792205
2021-05-11T00:00:00.000,20:26,40.63962,-73.95477,1,0,1,1,4063,-7395,0.48484848484848486
2021-05-12T00:00:00.000,23:38,40.857258,-73.88173,0,0,0,0,4085,-7388,0.3
2021-09-22T00:00:00.000,4:40,40.739082,-73.88954,0,0,0,0,4073,-7388,0.2777777777777778
2021-05-10T00:00:00.000,14:30,40.651512,-74.00734,2,0,1,1,4065,-7400,0.41509433962264153
2021-05-11T00:00:00.000,0:00,40.80763,-73.94304,0,0,0,0,4080,-7394,0.41116751269035534
2021-05-08T00:00:00.000,16:40,40.799458,-73.95154,1,0,1,1,4079,-7395,0.42
2021-05-14T00:00:00.000,8:00,40.60242,-73.99459,0,0,0,0,4060,-7399,0.31683168316831684
2021-05-13T00:00:00.000,9:00,40.779922,-73.98068,0,0,0,0,4077,-7398,0.38028169014084506
2021-05-08T00:00:00.000,5:19,40.833916,-73.92702,0,0,0,0,4083,-7392,0.310126582278481
2021-05-14T00:00:00.000,8:45,40.66747,-73.9396,1,0,1,1,4066,-7393,0.38578680203045684
2021-05-07T00:00:00.000,22:00,40.6811,-73.9224,1,0,1,1,4068,-7392,0.2542372881355932
2021-05-12T00:00:00.000,19:11,40.870388,-73.8461,2,0,1,1,4087,-7384,0.47297297297297297
2021-05-10T00:00:00.000,8:00,40.67247,-73.90084,0,0,0,0,4067,-7390,0.3282442748091603
2021-05-11T00:00:00.000,14:00,40.75646,-73.856865,0,0,0,0,4075,-7385,0.3048780487804878
2021-05-11T00:00:00.000,23:33,40.765625,-73.98369,0,0,0,0,4076,-7398,0.3081761006289308
2021-05-13T00:00:00.000,15:30,40.769493,-73.844315,0,0,0,0,4076,-7384,0.0
2021-05-12T00:00:00.000,6:30,40.67983,-73.9583,1,0,1,1,4067,-7395,0.3695652173913043
2021-05-10T00:00:00.000,16:30,40.726463,-73.85943,0,0,0,0,4072,-7385,0.4418604651162791
2021-05-12T00:00:00.000,17:50,40.597923,-73.9872,0,0,0,0,4059,-7398,0.34146341463414637
2021-05-14T00:00:00.000,19:20,40.71527,-73.85857,0,0,0,0,4071,-7385,0.4418604651162791
2021-05-10T00:00:00.000,18:15,40.586006,-74.16839,0,0,0,0,4058,-7416,0.3
2022-03-29T00:00:00.000,9:00,40.78643,-73.793274,0,0,0,0,4078,-7379,0.42105263157894735
2021-05-12T00:00:00.000,17:30,40.65764,-73.94162,0,0,0,0,4065,-7394,0.43137254901960786
2021-05-12T00:00:00.000,19:50,40.611168,-74.1598,0,0,0,0,4061,-7415,0.3333333333333333
2021-05-07T00:00:00.000,18:45,40.714005,-73.99749,0,0,0,0,4071,-7399,0.3263157894736842
2021-05-14T00:00:00.000,10:22,40.596935,-74.162254,1,0,1,1,4059,-7416,0.29411764705882354
2021-05-06T00:00:00.000,14:12,40.805836,-73.94691,0,0,0,0,4080,-7394,0.41116751269035534
2021-05-14T00:00:00.000,12:00,40.735657,-73.85996,0,0,0,0,4073,-7385,0.3619047619047619
2021-09-24T00:00:00.000,17:36,40.63127,-74.002556,0,0,0,0,4063,-7400,0.3068181818181818
2021-05-14T00:00:00.000,15:10,40.693413,-73.940125,1,0,1,1,4069,-7394,0.417910447761194
2021-05-12T00:00:00.000,14:19,40.87684,-73.906334,0,0,0,0,4087,-7390,0.3184713375796178
2021-05-12T00:00:00.000,16:00,40.799255,-73.91206,0,0,0,0,4079,-7391,0.0
2021-05-14T00:00:00.000,15:28,40.81488,-73.95444,0,0,0,0,4081,-7395,0.3509933774834437
2021-05-10T00:00:00.000,17:43,40.685234,-73.92654,0,0,0,0,4068,-7392,0.2542372881355932
2021-05-14T00:00:00.000,7:25,40.62707,-74.01865,0,0,0,0,4062,-7401,0.3829787234042553
2021-05-13T00:00:00.000,15:00,40.741863,-73.97677,0,0,0,0,4074,-7397,0.4810810810810811
2021-05-13T00:00:00.000,17:40,40.6878,-73.78949,0,0,0,0,4068,-7378,0.3384615384615385
2021-05-14T00:00:00.000,21:25,40.660225,-73.99459,1,0,1,1,4066,-7399,0.40540540540540543
2021-05-11T00:00:00.000,8:15,40.757397,-73.72264,0,0,0,0,4075,-7372,0.2857142857142857
2021-05-12T00:00:00.000,7:05,40.61617,-73.9546,1,0,1,1,4061,-7395,0.4461538461538462
2021-05-13T00:00:00.000,10:50,40.84219,-73.89411,1,0,1,1,4084,-7389,0.33766233766233766
2021-05-13T00:00:00.000,18:05,40.73664,-73.86584,0,0,0,0,4073,-7386,0.3464566929133858
2021-05-14T00:00:00.000,11:00,40.65804,-73.737915,0,0,0,0,4065,-7373,0.3
2021-05-10T00:00:00.000,8:18,40.813374,-73.956276,0,0,0,0,4081,-7395,0.3509933774834437
2021-05-11T00:00:00.000,0:57,40.88923,-73.83517,0,0,0,0,4088,-7383,0.3448275862068966
2021-05-11T00:00:00.000,11:00,40.609264,-73.93209,2,0,1,1,4060,-7393,0.4117647058823529
2021-05-10T00:00:00.000,16:55,40.75895,-73.83192,0,0,0,0,4075,-7383,0.37681159420289856
2021-05-12T00:00:00.000,23:00,40.68731,-73.94761,0,0,0,0,4068,-7394,0.4409448818897638
2021-05-12T00:00:00.000,12:30,40.75013,-73.85509,0,0,0,0,4075,-7385,0.3048780487804878
2021-05-12T00:00:00.000,18:20,40.689293,-73.86979,0,0,0,0,4068,-7386,0.423728813559322
2021-05-13T00:00:00.000,10:05,40.61483,-73.99838,0,0,0,0,4061,-7399,0.29411764705882354
2021-05-12T00:00:00.000,7:45,40.79926,-73.97489,0,0,0,0,4079,-7397,0.24210526315789474
2021-05-14T00:00:00.000,10:45,40.683567,-73.96488,1,0,1,1,4068,-7396,0.42567567567567566
2021-05-12T00:00:00.000,12:00,40.586124,-73.990715,0,0,0,0,4058,-7399,0.23076923076923078
2021-05-13T00:00:00.000,17:35,40.60567,-74.030945,0,0,0,0,4060,-7403,0.3
2021-05-13T00:00:00.000,9:30,40.583652,-73.94356,2,0,1,1,4058,-7394,0.40816326530612246
2021-05-10T00:00:00.000,9:30,40.733376,-73.86665,0,0,0,0,4073,-7386,0.3464566929133858
2021-05-13T00:00:00.000,10:59,40.70742,-73.79716,0,0,0,0,4070,-7379,0.3978494623655914
2021-05-13T00:00:00.000,14:15,0.0,0.0,0,0,0,0,0,0,0.40425531914893614
2021-05-09T00:00:00.000,21:30,40.63611,-73.926796,0,0,0,0,4063,-7392,0.4036697247706422
2021-05-10T00:00:00.000,15:00,40.67824,-73.91029,0,0,0,0,4067,-7391,0.36597938144329895
2021-05-12T00:00:00.000,13:50,40.658203,-73.75397,0,0,0,0,4065,-7375,0.4166666666666667
2021-04-23T00:00:00.000,18:00,40.802902,-73.94965,0,0,0,0,4080,-7394,0.41116751269035534
2021-05-14T00:00:00.000,23:15,40.799786,-73.968216,1,0,1,1,4079,-7396,0.25
2021-05-13T00:00:00.000,0:00,40.782444,-73.776535,1,0,1,1,4078,-7377,0.5384615384615384
2021-05-14T00:00:00.000,11:40,40.642742,-73.92242,1,0,1,1,4064,-7392,0.4077669902912621
2021-05-12T00:00:00.000,15:20,40.577984,-74.100525,0,0,0,0,4057,-7410,0.3877551020408163
2021-05-14T00:00:00.000,0:00,40.877068,-73.906105,0,0,0,0,4087,-7390,0.3184713375796178
2021-05-07T00:00:00.000,13:30,40.739307,-73.98427,0,0,0,0,4073,-7398,0.36942675159235666
2021-05-07T00:00:00.000,22:10,40.67342,-73.95017,0,0,0,0,4067,-7395,0.3695652173913043
2021-05-14T00:00:00.000,19:35,40.900486,-73.85411,0,0,0,0,4090,-7385,0.42105263157894735
2021-05-07T00:00:00.000,5:00,40.802814,-73.90848,0,0,0,0,4080,-7390,0.36538461538461536
2021-05-14T00:00:00.000,22:04,40.67405,-73.79793,0,0,0,0,4067,-7379,0.4264705882352941
2021-05-11T00:00:00.000,23:34,40.667915,-73.77523,1,0,1,1,4066,-7377,0.37362637362637363
2021-05-12T00:00:00.000,15:45,40.715305,-74.0088,0,0,0,0,4071,-7400,0.25517241379310346
2020-05-16T00:00:00.000,18:17,40.774166,-73.9031,1,0,1,1,4077,-7390,0.3404255319148936
2021-05-13T00:00:00.000,12:00,40.74538,-73.90131,0,0,0,0,4074,-7390,0.40625
2021-05-12T00:00:00.000,10:00,40.755917,-73.87317,0,0,0,0,4075,-7387,0.33884297520661155
2021-05-13T00:00:00.000,16:40,40.623367,-73.989494,1,0,1,1,4062,-7398,0.38
2021-05-11T00:00:00.000,16:36,40.728935,-73.87455,0,0,0,0,4072,-7387,0.5714285714285714
2021-05-14T00:00:00.000,6:15,40.738605,-73.796425,0,0,0,0,4073,-7379,0.4
2021-05-11T00:00:00.000,6:53,40.830143,-73.92858,0,0,0,0,4083,-7392,0.310126582278481
2021-05-13T00:00:00.000,14:05,40.77067,-73.7355,0,0,0,0,4077,-7373,0.2857142857142857
2021-05-11T00:00:00.000,11:40,40.737865,-74.00019,0,0,0,0,4073,-7400,0.2403846153846154
2021-05-10T00:00:00.000,7:25,40.78944,-73.82045,0,0,0,0,4078,-7382,0.3
2021-05-10T00:00:00.000,15:40,40.672604,-73.87312,1,0,1,1,4067,-7387,0.30344827586206896
2021-05-09T00:00:00.000,6:10,40.715176,-73.951965,0,1,2,1,4071,-7395,0.36585365853658536
2021-05-12T00:00:00.000,21:35,40.529728,-74.20477,0,0,0,0,4052,-7420,0.0
2021-05-14T00:00:00.000,16:30,40.677605,-74.002754,0,0,0,0,4067,-7400,0.20967741935483872
2021-05-10T00:00:00.000,13:41,40.83789,-73.86322,1,0,1,1,4083,-7386,0.24822695035460993
2021-05-04T00:00:00.000,15:50,40.852104,-73.88998,0,0,0,0,4085,-7388,0.3
2021-05-12T00:00:00.000,1:30,40.85999,-73.89686,0,0,0,0,4085,-7389,0.3353658536585366
2021-05-05T00:00:00.000,18:35,40.734695,-73.984566,0,0,0,0,4073,-7398,0.36942675159235666
2021-05-11T00:00:00.000,5:15,40.608906,-74.03452,1,0,1,1,4060,-7403,0.3
2021-05-09T00:00:00.000,1:34,40.637745,-74.11082,0,0,0,0,4063,-7411,0.20689655172413793
2021-05-13T00:00:00.000,11:35,40.696785,-73.95659,0,0,0,0,4069,-7395,0.30952380952380953
2021-05-10T00:00:00.000,22:20,40.683094,-73.80576,0,0,0,0,4068,-7380,0.3829787234042553
2021-05-14T00:00:00.000,3:00,40.61403,-73.974,0,0,0,0,4061,-7397,0.421875
2021-04-27T00:00:00.000,22:19,40.65692,-73.926094,0,0,0,0,4065,-7392,0.35555555555555557
2021-05-10T00:00:00.000,19:10,40.651863,-73.86536,0,0,0,0,4065,-7386,0.36619718309859156
2021-05-11T00:00:00.000,18:06,40.84707,-73.902054,0,0,0,0,4084,-7390,0.366120218579235
2021-05-10T00:00:00.000,17:35,40.619247,-73.97094,1,0,1,1,4061,-7397,0.421875
2021-05-10T00:00:00.000,18:30,40.683655,-74.000404,0,0,0,0,4068,-7400,0.3333333333333333
2021-05-14T00:00:00.000,8:41,40.647903,-74.007416,1,0,1,1,4064,-7400,0.36764705882352944
2021-05-13T00:00:00.000,8:30,40.580482,-73.95984,0,0,0,0,4058,-7395,0.3465346534653465
2021-05-10T00:00:00.000,0:12,40.716652,-73.8259,0,0,0,0,4071,-7382,0.379746835443038
2021-05-13T00:00:00.000,17:30,40.819637,-73.93432,0,0,0,0,4081,-7393,0.32432432432432434
2021-05-14T00:00:00.000,0:20,40.737785,-73.93496,1,0,1,1,4073,-7393,0.38461538461538464
2021-05-13T00:00:00.000,15:57,40.68111,-73.761185,1,0,1,1,4068,-7376,0.35714285714285715
2021-05-11T00:00:00.000,11:46,40.662174,-73.953705,1,0,1,1,4066,-7395,0.44375
2021-05-02T00:00:00.000,8:30,40.7591,-73.94022,0,0,0,0,4075,-7394,0.41333333333333333
2021-05-11T00:00:00.000,12:27,40.69733,-73.76202,0,0,0,0,4069,-7376,0.3392857142857143
2021-05-10T00:00:00.000,0:20,40.70362,-73.85628,0,0,0,0,4070,-7385,0.39436619718309857
2021-05-11T00:00:00.000,10:19,40.714478,-74.01354,0,0,0,0,4071,-7401,0.3181818181818182
2021-05-12T00:00:00.000,12:45,40.74059,-73.94433,4,0,1,1,4074,-7394,0.33962264150943394
2021-05-11T00:00:00.000,9:20,40.741234,-73.84573,0,0,0,0,4074,-7384,0.42857142857142855
2021-05-13T00:00:00.000,11:45,40.70636,-73.95192,1,0,1,1,4070,-7395,0.3475177304964539
2021-05-11T00:00:00.000,18:07,40.666393,-73.75177,4,0,1,1,4066,-7375,0.3
2021-05-08T00:00:00.000,23:33,40.90304,-73.849556,6,0,1,1,4090,-7384,0.28205128205128205
2021-05-12T00:00:00.000,16:50,40.827866,-73.823586,1,0,1,1,4082,-7382,0.46153846153846156
2021-05-12T00:00:00.000,23:20,40.684452,-73.80662,0,0,0,0,4068,-7380,0.3829787234042553
2021-05-13T00:00:00.000,11:09,40.856743,-73.89527,1,0,1,1,4085,-7389,0.3353658536585366
2021-05-10T00:00:00.000,11:45,40.848846,-73.90831,1,0,1,1,4084,-7390,0.366120218579235
2021-05-13T00:00:00.000,13:00,40.789066,-73.94285,0,0,0,0,4078,-7394,0.33513513513513515
2021-05-12T00:00:00.000,8:35,40.639446,-74.02696,1,0,1,1,4063,-7402,0.3877551020408163
2021-05-14T00:00:00.000,11:23,40.737785,-73.93496,0,0,0,0,4073,-7393,0.38461538461538464
2021-05-14T00:00:00.000,15:25,40.790928,-73.96893,0,0,0,0,4079,-7396,0.25
2021-09-17T00:00:00.000,18:08,40.73093,-73.864586,0,0,0,0,4073,-7386,0.3464566929133858
2021-05-13T00:00:00.000,18:05,40.82802,-73.93122,1,0,1,1,4082,-7393,0.36645962732919257
2021-05-14T00:00:00.000,16:13,40.71146,-73.79647,1,0,1,1,4071,-7379,0.3888888888888889
2021-05-07T00:00:00.000,22:45,40.80723,-73.92055,0,0,0,0,4080,-7392,0.3141025641025641
2021-05-14T00:00:00.000,18:42,40.635506,-73.913284,1,0,1,1,4063,-7391,0.5
2021-05-12T00:00:00.000,9:45,40.84764,-73.901,0,0,0,0,4084,-7390,0.366120218579235
2021-05-13T00:00:00.000,8:00,40.70083,-73.82635,0,0,0,0,4070,-7382,0.4166666666666667
2021-05-09T00:00:00.000,20:55,40.7491,-73.984085,1,0,1,1,4074,-7398,0.40131578947368424
2021-05-10T00:00:00.000,11:35,40.74026,-74.005875,0,0,0,0,4074,-7400,0.27710843373493976
2021-05-06T00:00:00.000,17:00,40.789635,-73.94609,1,0,1,1,4078,-7394,0.33513513513513515
2021-05-13T00:00:00.000,22:19,40.616913,-73.98187,1,0,1,1,4061,-7398,0.3698630136986301
2021-05-13T00:00:00.000,21:36,40.673588,-73.73351,4,0,1,1,4067,-7373,0.46835443037974683
2021-05-10T00:00:00.000,15:26,40.814266,-73.912964,0,0,0,0,4081,-7391,0.47244094488188976
2021-05-11T00:00:00.000,16:30,40.679546,-73.82471,0,0,0,0,4067,-7382,0.4186046511627907
2021-05-13T00:00:00.000,14:49,40.569565,-74.11624,0,0,0,0,4056,-7411,0.3448275862068966
2021-05-11T00:00:00.000,13:30,40.71552,-74.00925,0,0,0,0,4071,-7400,0.25517241379310346
2021-05-12T00:00:00.000,18:55,40.79573,-73.93267,0,0,0,0,4079,-7393,0.36585365853658536
2021-05-11T00:00:00.000,21:15,40.59307,-73.79233,2,0,1,1,4059,-7379,0.2692307692307692
2021-05-14T00:00:00.000,7:00,40.83923,-73.92579,0,0,0,0,4083,-7392,0.310126582278481
2021-05-12T00:00:00.000,6:30,40.613075,-74.12257,0,0,0,0,4061,-7412,0.25
2021-05-08T00:00:00.000,12:15,40.722343,-73.77717,1,0,1,1,4072,-7377,0.375
2021-05-12T00:00:00.000,9:00,40.727028,-74.007385,0,0,0,0,4072,-7400,0.32926829268292684
2021-05-12T00:00:00.000,10:00,40.61837,-74.00586,0,0,0,0,4061,-7400,0.3076923076923077
2021-05-13T00:00:00.000,20:54,40.67185,-73.8873,4,0,1,1,4067,-7388,0.30434782608695654
2021-05-14T00:00:00.000,2:54,40.821865,-73.897385,0,0,0,0,4082,-7389,0.37423312883435583
2021-05-13T00:00:00.000,9:00,40.71314,-73.78179,0,0,0,0,4071,-7378,0.32653061224489793
2021-09-09T00:00:00.000,14:06,40.833847,-73.91594,0,0,0,0,4083,-7391,0.33714285714285713
2021-04-23T00:00:00.000,18:58,40.80587,-73.95281,0,0,0,0,4080,-7395,0.381294964028777
2021-05-10T00:00:00.000,9:35,40.812267,-73.90843,1,0,1,1,4081,-7390,0.3888888888888889
2021-05-10T00:00:00.000,12:30,40.714554,-73.83147,1,0,1,1,4071,-7383,0.37349397590361444
2021-05-14T00:00:00.000,13:50,40.814934,-73.91496,0,0,0,0,4081,-7391,0.47244094488188976
2021-05-11T00:00:00.000,8:00,40.69519,-73.84296,0,0,0,0,4069,-7384,0.26666666666666666
2021-05-11T00:00:00.000,0:00,40.693783,-73.987206,1,0,1,1,4069,-7398,0.3229166666666667
2021-05-14T00:00:00.000,15:35,40.706387,-73.832634,0,0,0,0,4070,-7383,0.3541666666666667
2021-05-10T00:00:00.000,11:45,40.59771,-73.96653,0,0,0,0,4059,-7396,0.38596491228070173
2021-05-13T00:00:00.000,12:53,40.601654,-74.01087,0,0,0,0,4060,-7401,0.30357142857142855
2021-05-11T00:00:00.000,0:25,40.828804,-73.84686,0,0,0,0,4082,-7384,0.3835616438356164
2021-09-18T00:00:00.000,17:54,40.58061,-73.98565,0,0,0,0,4058,-7398,0.4
2021-05-11T00:00:00.000,5:19,40.737785,-73.93496,0,0,0,0,4073,-7393,0.38461538461538464
2021-05-14T00:00:00.000,22:45,40.785156,-73.84122,2,0,1,1,4078,-7384,0.23809523809523808
2021-05-12T00:00:00.000,20:30,40.618465,-74.02009,0,0,0,0,4061,-7402,0.4090909090909091
2021-05-10T00:00:00.000,9:34,40.683464,-73.97569,0,0,0,0,4068,-7397,0.3412322274881517
2021-05-10T00:00:00.000,18:07,40.716194,-73.996086,0,0,0,0,4071,-7399,0.3263157894736842
2021-05-11T00:00:00.000,11:36,40.66614,-73.82326,2,0,1,1,4066,-7382,0.43103448275862066
2021-05-10T00:00:00.000,5:10,40.60316,-73.98169,1,0,1,1,4060,-7398,0.2711864406779661
2021-05-03T00:00:00.000,11:15,40.715736,-73.77181,1,0,1,1,4071,-7377,0.20967741935483872
2021-05-14T00:00:00.000,12:35,40.75546,-73.92279,1,0,1,1,4075,-7392,0.48148148148148145
2021-05-10T00:00:00.000,15:45,40.705833,-73.81812,0,0,0,0,4070,-7381,0.3194444444444444
2021-05-08T00:00:00.000,1:20,40.757847,-73.876305,0,0,0,0,4075,-7387,0.33884297520661155
2021-05-12T00:00:00.000,18:40,40.654163,-73.72637,2,0,1,1,4065,-7372,0.26666666666666666
2021-05-12T00:00:00.000,18:35,40.75591,-73.99448,0,0,0,0,4075,-7399,0.2830188679245283
2021-04-29T00:00:00.000,0:00,40.665363,-73.73102,0,0,0,0,4066,-7373,0.44339622641509435
2021-05-13T00:00:00.000,12:50,40.722298,-73.99713,1,0,1,1,4072,-7399,0.3829787234042553
2021-05-12T00:00:00.000,9:15,40.781662,-73.833664,0,0,0,0,4078,-7383,0.2727272727272727
2021-05-13T00:00:00.000,18:20,40.705772,-73.863205,0,0,0,0,4070,-7386,0.38235294117647056
2021-05-08T00:00:00.000,10:33,40.729523,-73.95098,0,0,0,0,4072,-7395,0.22093023255813954
2021-05-11T00:00:00.000,7:04,40.764107,-73.96682,0,0,0,0,4076,-7396,0.3023255813953488
2021-05-11T00:00:00.000,13:00,40.625423,-74.15136,1,0,1,1,4062,-7415,0.37037037037037035
2021-05-13T00:00:00.000,1:50,40.759377,-73.87266,0,0,0,0,4075,-7387,0.33884297520661155
2021-05-10T00:00:00.000,14:00,40.882084,-73.83669,0,0,0,0,4088,-7383,0.3448275862068966
2021-04-29T00:00:00.000,11:37,40.72525,-73.97607,0,0,0,0,4072,-7397,0.3283582089552239
2021-05-11T00:00:00.000,14:00,40.716434,-74.00978,1,0,1,1,4071,-7400,0.25517241379310346
2021-05-10T00:00:00.000,8:00,40.833122,-73.86238,0,0,0,0,4083,-7386,0.24822695035460993
2021-05-14T00:00:00.000,18:40,40.639256,-73.968796,0,0,0,0,4063,-7396,0.34615384615384615
2021-05-10T00:00:00.000,9:30,40.79021,-73.97504,0,0,0,0,4079,-7397,0.24210526315789474
2021-05-12T00:00:00.000,2:30,40.665245,-73.87513,3,0,1,1,4066,-7387,0.38461538461538464
2021-05-14T00:00:00.000,13:25,40.67734,-73.89909,1,0,1,1,4067,-7389,0.33852140077821014
2021-05-10T00:00:00.000,20:00,40.712284,-73.78536,1,0,1,1,4071,-7378,0.32653061224489793
2021-05-14T00:00:00.000,19:00,40.74662,-73.99193,0,0,0,0,4074,-7399,0.3333333333333333
2021-05-12T00:00:00.000,16:05,40.68265,-73.8402,0,0,0,0,4068,-7384,0.3333333333333333
2021-05-11T00:00:00.000,8:45,40.80629,-73.95773,2,0,1,1,4080,-7395,0.381294964028777
2021-05-12T00:00:00.000,13:30,40.59727,-73.99868,0,0,0,0,4059,-7399,0.3076923076923077
2021-05-12T00:00:00.000,19:10,40.649895,-73.90762,0,0,0,0,4064,-7390,0.4017094017094017
2021-05-12T00:00:00.000,17:32,40.846485,-73.89434,0,0,0,0,4084,-7389,0.33766233766233766
2021-05-07T00:00:00.000,11:30,40.650146,-74.00508,1,0,1,1,4065,-7400,0.41509433962264153
2021-05-12T00:00:00.000,0:00,40.725266,-73.7212,1,0,1,1,4072,-7372,0.3793103448275862
2021-05-14T00:00:00.000,12:40,40.875042,-73.91228,0,0,0,0,4087,-7391,0.25925925925925924
2021-09-23T00:00:00.000,17:42,40.858788,-73.883835,0,0,0,0,4085,-7388,0.3
2021-05-10T00:00:00.000,14:00,40.63995,-73.94915,0,0,0,0,4063,-7394,0.358974358974359
2021-05-10T00:00:00.000,10:00,40.658577,-73.89063,0,0,0,0,4065,-7389,0.34965034965034963
2021-04-26T00:00:00.000,20:40,40.693577,-73.96453,0,0,0,0,4069,-7396,0.325
2021-05-13T00:00:00.000,11:00,40.665596,-73.87431,0,0,0,0,4066,-7387,0.38461538461538464
2021-05-11T00:00:00.000,9:45,40.751328,-73.94109,0,0,0,0,4075,-7394,0.41333333333333333
2021-05-11T00:00:00.000,1:05,40.845108,-73.913025,0,0,0,0,4084,-7391,0.32558139534883723
2021-05-13T00:00:00.000,16:30,40.66684,-73.78941,0,0,0,0,4066,-7378,0.34615384615384615
2021-05-08T00:00:00.000,14:25,40.8018,-73.96108,0,0,0,0,4080,-7396,0.31343283582089554
2021-05-14T00:00:00.000,20:50,40.805027,-73.95277,1,0,1,1,4080,-7395,0.381294964028777
2021-05-11T00:00:00.000,19:43,40.73376,-73.93743,0,0,0,0,4073,-7393,0.38461538461538464
2021-05-12T00:00:00.000,6:12,40.721966,-74.00824,0,0,0,0,4072,-7400,0.32926829268292684
2021-05-09T00:00:00.000,18:15,40.761623,-73.93144,1,0,1,1,4076,-7393,0.44680851063829785
2021-05-14T00:00:00.000,22:20,40.74841,-73.864914,0,0,0,0,4074,-7386,0.3813559322033898
2021-05-10T00:00:00.000,13:26,40.673588,-73.73351,0,0,0,0,4067,-7373,0.46835443037974683
2021-05-10T00:00:00.000,9:30,40.636242,-74.01237,0,0,0,0,4063,-7401,0.37777777777777777
2021-05-13T00:00:00.000,22:00,40.603832,-74.06895,0,0,0,0,4060,-7406,0.3076923076923077
2021-05-13T00:00:00.000,10:22,40.785732,-73.97645,0,0,0,0,4078,-7397,0.3434343434343434
2021-05-10T00:00:00.000,2:00,40.76616,-73.82091,0,0,0,0,4076,-7382,0.2987012987012987
2021-05-12T00:00:00.000,10:00,40.70971,-74.01285,0,0,0,0,4070,-7401,0.140625
2021-05-10T00:00:00.000,22:00,40.84482,-73.837,1,0,1,1,4084,-7383,0.4318181818181818
2021-05-10T00:00:00.000,1:00,40.710762,-73.75855,2,0,1,1,4071,-7375,0.3269230769230769
2021-05-12T00:00:00.000,11:25,40.637466,-74.02829,1,0,1,1,4063,-7402,0.3877551020408163
2021-05-10T00:00:00.000,22:40,40.843136,-73.91097,0,0,0,0,4084,-7391,0.32558139534883723
2021-05-14T00:00:00.000,9:50,40.818954,-73.91404,0,0,0,0,4081,-7391,0.47244094488188976
2021-05-13T00:00:00.000,9:50,40.87683,-73.86472,0,0,0,0,4087,-7386,0.3142857142857143
2021-05-14T00:00:00.000,10:21,40.628357,-73.95476,0,0,0,0,4062,-7395,0.4444444444444444
2021-05-04T00:00:00.000,18:00,40.642204,-73.973595,0,0,0,0,4064,-7397,0.4095238095238095
2021-05-10T00:00:00.000,13:50,40.74593,-73.988335,0,0,0,0,4074,-7398,0.40131578947368424
2021-05-10T00:00:00.000,9:00,40.634617,-74.02353,1,0,1,1,4063,-7402,0.3877551020408163
2021-05-07T00:00:00.000,16:30,40.728065,-73.99896,0,0,0,0,4072,-7399,0.3829787234042553
2021-05-12T00:00:00.000,11:59,40.701576,-74.01215,0,0,0,0,4070,-7401,0.140625
2021-05-14T00:00:00.000,9:01,40.743774,-73.886215,1,0,1,1,4074,-7388,0.2978723404255319
2021-05-14T00:00:00.000,20:59,40.674934,-73.80186,0,0,0,0,4067,-7380,0.24615384615384617
2021-05-13T00:00:00.000,19:17,40.60144,-74.00155,3,0,1,1,4060,-7400,0.24074074074074073
2021-05-10T00:00:00.000,14:20,40.691246,-73.98438,0,0,0,0,4069,-7398,0.3229166666666667
2021-05-11T00:00:00.000,16:00,40.639324,-74.17128,0,0,0,0,4063,-7417,0.0
2021-05-13T00:00:00.000,21:35,40.87043,-73.915115,0,0,0,0,4087,-7391,0.25925925925925924
2021-05-11T00:00:00.000,18:30,40.76099,-73.99077,0,0,0,0,4076,-7399,0.3275862068965517
2021-05-13T00:00:00.000,15:00,40.854084,-73.94109,0,0,0,0,4085,-7394,0.2727272727272727
2021-05-11T00:00:00.000,13:29,40.667595,-73.90245,0,0,0,0,4066,-7390,0.2777777777777778
2021-05-13T00:00:00.000,16:17,40.704563,-73.94867,2,0,1,1,4070,-7394,0.3956043956043956
2021-05-10T00:00:00.000,9:33,40.79162,-73.94885,0,0,0,0,4079,-7394,0.3523809523809524
2021-05-10T00:00:00.000,5:00,0.0,0.0,0,0,0,0,0,0,0.40425531914893614
2021-05-10T00:00:00.000,0:05,40.62344,-73.92932,0,0,0,0,4062,-7392,0.3611111111111111
2021-05-07T00:00:00.000,21:25,40.67704,-73.92241,1,0,1,1,4067,-7392,0.39655172413793105
2021-05-14T00:00:00.000,7:11,40.821415,-73.88933,1,0,1,1,4082,-7388,0.27624309392265195
2021-05-13T00:00:00.000,20:30,40.839478,-73.883896,1,0,1,1,4083,-7388,0.26717557251908397
2021-05-09T00:00:00.000,1:15,40.695644,-73.9661,0,0,0,0,4069,-7396,0.325
2021-05-12T00:00:00.000,8:30,40.7499,-73.72802,0,0,0,0,4074,-7372,0.375
2021-05-10T00:00:00.000,14:00,40.697243,-73.967636,0,0,0,0,4069,-7396,0.325
2021-09-22T00:00:00.000,6:00,40.741455,-73.84258,1,0,1,1,4074,-7384,0.42857142857142855
2021-05-11T00:00:00.000,21:09,40.723454,-73.94033,0,0,0,0,4072,-7394,0.19801980198019803
2021-05-07T00:00:00.000,5:00,40.692524,-73.76355,0,0,0,0,4069,-7376,0.3392857142857143
2021-05-13T00:00:00.000,15:38,40.821228,-73.8707,1,0,1,1,4082,-7387,0.33544303797468356
2021-05-10T00:00:00.000,15:35,40.646515,-73.974655,0,0,0,0,4064,-7397,0.4095238095238095
2021-05-14T00:00:00.000,9:00,40.604618,-74.02771,0,0,0,0,4060,-7402,0.42105263157894735
2021-05-11T00:00:00.000,11:11,40.71314,-73.78179,3,0,1,1,4071,-7378,0.32653061224489793
2021-05-13T00:00:00.000,9:09,40.70978,-73.82043,0,0,0,0,4070,-7382,0.4166666666666667
2021-05-13T00:00:00.000,6:30,40.71606,-73.82334,0,0,0,0,4071,-7382,0.379746835443038
2021-05-12T00:00:00.000,6:28,40.72823,-73.83313,1,0,1,1,4072,-7383,0.4909090909090909
2021-05-10T00:00:00.000,16:45,40.704494,-73.81743,0,0,0,0,4070,-7381,0.3194444444444444
2021-05-12T00:00:00.000,10:50,40.65478,-73.889984,1,0,1,1,4065,-7388,0.41509433962264153
2021-05-12T00:00:00.000,15:05,40.601723,-73.74904,0,0,0,0,4060,-7374,0.15789473684210525
2021-05-14T00:00:00.000,19:00,40.66496,-73.82226,2,0,1,1,4066,-7382,0.43103448275862066
2021-05-11T00:00:00.000,11:30,40.690918,-73.846855,0,0,0,0,4069,-7384,0.26666666666666666
2021-05-11T00:00:00.000,8:30,40.667236,-73.770004,3,0,1,1,4066,-7377,0.37362637362637363
2021-05-07T00:00:00.000,15:40,40.754807,-73.99966,1,0,1,1,4075,-7399,0.2830188679245283
2021-05-14T00:00:00.000,8:55,40.70715,-73.79299,1,0,1,1,4070,-7379,0.3978494623655914
2021-05-14T00:00:00.000,23:55,40.66278,-73.88086,1,0,1,1,4066,-7388,0.37012987012987014
2021-05-13T00:00:00.000,15:50,40.69225,-73.76669,0,0,0,0,4069,-7376,0.3392857142857143
2021-05-12T00:00:00.000,0:45,40.738064,-73.83657,0,0,0,0,4073,-7383,0.36363636363636365
2021-05-10T00:00:00.000,20:00,40.748924,-73.937386,0,0,0,0,4074,-7393,0.3333333333333333
2021-05-12T00:00:00.000,17:30,40.696785,-73.95659,0,0,0,0,4069,-7395,0.30952380952380953
2021-05-07T00:00:00.000,18:50,40.683777,-73.76975,0,0,0,0,4068,-7376,0.35714285714285715
2021-05-03T00:00:00.000,7:30,40.752472,-73.87818,0,0,0,0,4075,-7387,0.33884297520661155
2021-05-14T00:00:00.000,18:45,40.828075,-73.840065,0,0,0,0,4082,-7384,0.3835616438356164
2021-05-12T00:00:00.000,5:05,40.85102,-73.934105,0,0,0,0,4085,-7393,0.36585365853658536
2021-05-14T00:00:00.000,1:30,40.825455,-73.91317,0,0,0,0,4082,-7391,0.3355263157894737
2021-05-08T00:00:00.000,16:42,40.789032,-73.95241,0,0,0,0,4078,-7395,0.42168674698795183
2021-05-07T00:00:00.000,20:30,40.807148,-73.943985,0,0,0,0,4080,-7394,0.41116751269035534
2021-05-11T00:00:00.000,14:10,40.817173,-73.861725,0,0,0,0,4081,-7386,0.23333333333333334
2021-05-13T00:00:00.000,23:40,40.745712,-73.9277,0,0,0,0,4074,-7392,0.3709677419354839
2021-05-12T00:00:00.000,7:30,40.701588,-73.7544,0,0,0,0,4070,-7375,0.4117647058823529
2021-05-11T00:00:00.000,14:30,40.66895,-73.9339,1,0,1,1,4066,-7393,0.38578680203045684
2021-05-10T00:00:00.000,16:10,40.727108,-73.859024,0,0,0,0,4072,-7385,0.4418604651162791
2021-05-10T00:00:00.000,1:00,40.86804,-73.879105,0,0,0,0,4086,-7387,0.34545454545454546
2021-05-12T00:00:00.000,7:20,40.72015,-73.923164,1,0,1,1,4072,-7392,0.4
2021-05-11T00:00:00.000,9:44,40.595257,-74.062836,2,0,1,1,4059,-7406,0.29411764705882354
2021-05-08T00:00:00.000,18:10,40.846657,-73.89619,0,0,0,0,4084,-7389,0.33766233766233766
2021-05-11T00:00:00.000,17:28,40.680477,-73.7921,1,0,1,1,4068,-7379,0.35
2021-05-12T00:00:00.000,14:00,0.0,0.0,0,0,0,0,0,0,0.40425531914893614
2021-05-10T00:00:00.000,16:43,40.801666,-73.95677,0,0,0,0,4080,-7395,0.381294964028777
2021-05-10T00:00:00.000,12:10,40.600945,-73.82037,1,0,1,1,4060,-7382,0.75
2021-05-12T00:00:00.000,18:27,40.76663,-73.89605,3,0,1,1,4076,-7389,0.35185185185185186
2021-05-14T00:00:00.000,6:22,40.717033,-73.95644,0,0,0,0,4071,-7395,0.36585365853658536
2021-05-09T00:00:00.000,2:30,40.7441,-73.99565,0,0,0,0,4074,-7399,0.3333333333333333
2021-05-12T00:00:00.000,8:40,40.636703,-73.99038,1,0,1,1,4063,-7399,0.47692307692307695
2021-05-10T00:00:00.000,3:10,40.841133,-73.924,0,0,0,0,4084,-7392,0.3181818181818182
2021-05-14T00:00:00.000,0:00,40.68732,-73.87105,0,0,0,0,4068,-7387,0.24719101123595505
2021-05-11T00:00:00.000,20:49,40.61579,-74.025246,2,0,1,1,4061,-7402,0.4090909090909091
2021-05-11T00:00:00.000,10:30,40.828617,-73.84217,0,0,0,0,4082,-7384,0.3835616438356164
2021-05-13T00:00:00.000,20:00,40.672688,-73.86935,0,0,0,0,4067,-7386,0.3431372549019608
2021-05-10T00:00:00.000,9:45,40.638767,-74.02162,0,0,0,0,4063,-7402,0.3877551020408163
2021-05-14T00:00:00.000,17:35,40.75308,-73.93718,2,0,1,1,4075,-7393,0.43478260869565216
2021-05-14T00:00:00.000,18:15,40.68665,-73.920746,1,0,1,1,4068,-7392,0.2542372881355932
2021-05-14T00:00:00.000,15:50,40.711643,-73.94392,1,0,1,1,4071,-7394,0.3710691823899371
2021-05-13T00:00:00.000,1:16,40.64213,-73.92936,2,0,1,1,4064,-7392,0.4077669902912621
2021-05-14T00:00:00.000,13:42,40.71552,-74.00925,1,0,1,1,4071,-7400,0.25517241379310346
2021-05-13T00:00:00.000,16:25,40.754177,-73.984604,1,0,1,1,4075,-7398,0.3170731707317073
2021-05-11T00:00:00.000,14:00,40.706177,-73.75735,0,0,0,0,4070,-7375,0.4117647058823529
2021-05-13T00:00:00.000,8:46,40.86268,-73.90905,1,0,1,1,4086,-7390,0.42748091603053434
2021-05-12T00:00:00.000,3:00,40.856358,-73.826515,1,0,1,1,4085,-7382,0.45714285714285713
2021-05-14T00:00:00.000,20:30,40.67145,-73.93037,0,0,0,0,4067,-7393,0.3755868544600939
2021-05-12T00:00:00.000,12:00,40.59846,-73.95987,1,0,1,1,4059,-7395,0.3181818181818182
2021-05-12T00:00:00.000,14:00,40.665375,-73.95052,0,0,0,0,4066,-7395,0.44375
2021-05-12T00:00:00.000,8:28,40.80705,-73.91734,1,0,1,1,4080,-7391,0.38961038961038963
2021-05-08T00:00:00.000,14:20,40.665245,-73.80204,0,0,0,0,4066,-7380,0.40789473684210525
2021-05-13T00:00:00.000,14:12,40.618385,-73.95669,1,0,1,1,4061,-7395,0.4461538461538462
2021-05-12T00:00:00.000,0:32,40.70109,-73.94502,0,0,0,0,4070,-7394,0.3956043956043956
2021-05-12T00:00:00.000,17:39,40.662544,-73.92023,1,0,1,1,4066,-7392,0.355
2021-05-11T00:00:00.000,14:26,40.700356,-73.912575,1,0,1,1,4070,-7391,0.27450980392156865
2021-05-13T00:00:00.000,14:25,40.824814,-73.93677,0,0,0,0,4082,-7393,0.36645962732919257
2021-05-12T00:00:00.000,16:05,40.733128,-73.783035,1,0,1,1,4073,-7378,0.391304347826087
2021-05-12T00:00:00.000,17:30,40.87993,-73.89786,0,0,0,0,4087,-7389,0.3333333333333333
2021-05-11T00:00:00.000,8:40,40.680294,-73.76282,4,0,1,1,4068,-7376,0.35714285714285715
2021-05-10T00:00:00.000,11:35,40.823334,-73.90574,0,0,0,0,4082,-7390,0.3025210084033613
2021-05-11T00:00:00.000,11:25,40.63395,-73.99184,0,0,0,0,4063,-7399,0.47692307692307695
2021-05-11T00:00:00.000,16:40,40.733536,-73.87035,0,0,0,0,4073,-7387,0.3140495867768595
2021-05-12T00:00:00.000,12:00,40.71062,-73.98534,0,0,0,0,4071,-7398,0.39568345323741005
2021-05-10T00:00:00.000,21:28,40.77392,-73.89809,1,0,1,1,4077,-7389,0.35
2021-05-11T00:00:00.000,10:30,40.648777,-73.92039,0,0,0,0,4064,-7392,0.4077669902912621
2021-05-13T00:00:00.000,12:15,40.784534,-73.9736,1,0,1,1,4078,-7397,0.3434343434343434
2021-05-13T00:00:00.000,1:16,40.67538,-73.9082,0,0,0,0,4067,-7390,0.3282442748091603
2021-05-12T00:00:00.000,22:55,40.868385,-73.89416,0,0,0,0,4086,-7389,0.40606060606060607
2021-05-11T00:00:00.000,1:20,40.58375,-73.92345,3,0,1,1,4058,-7392,0.375
2021-05-11T00:00:00.000,5:30,40.681744,-73.91976,0,0,0,0,4068,-7391,0.344
2021-05-13T00:00:00.000,0:30,40.670467,-73.8659,0,0,0,0,4067,-7386,0.3431372549019608
2021-05-12T00:00:00.000,14:35,40.745724,-73.97813,1,0,1,1,4074,-7397,0.4810810810810811
2021-05-10T00:00:00.000,10:30,40.695282,-73.92576,1,0,1,1,4069,-7392,0.3584905660377358
2021-05-11T00:00:00.000,16:00,40.803757,-73.939995,0,0,0,0,4080,-7393,0.36312849162011174
2021-05-11T00:00:00.000,16:00,40.7749,-73.803894,0,0,0,0,4077,-7380,0.25
2021-05-13T00:00:00.000,15:00,40.597664,-73.97672,0,0,0,0,4059,-7397,0.3191489361702128
2021-05-13T00:00:00.000,9:40,0.0,0.0,0,0,0,0,0,0,0.40425531914893614
2021-05-11T00:00:00.000,15:50,40.57981,-73.837204,1,0,1,1,4057,-7383,0.25
2021-05-14T00:00:00.000,7:30,40.662277,-73.91078,0,0,0,0,4066,-7391,0.3630952380952381
2021-05-13T00:00:00.000,12:20,40.765846,-73.97668,0,0,0,0,4076,-7397,0.37
2021-05-07T00:00:00.000,9:09,40.755756,-73.96479,0,0,0,0,4075,-7396,0.4788732394366197
2021-05-13T00:00:00.000,14:00,40.700214,-73.94632,0,0,0,0,4070,-7394,0.3956043956043956
2021-05-09T00:00:00.000,23:40,40.66523,-73.931465,0,0,0,0,4066,-7393,0.38578680203045684
2021-05-14T00:00:00.000,14:51,40.815693,-73.948685,1,0,1,1,4081,-7394,0.38
2021-05-13T00:00:00.000,9:10,40.79973,-73.94427,0,0,0,0,4079,-7394,0.3523809523809524
2021-04-07T00:00:00.000,8:23,40.676094,-73.94992,1,0,1,1,4067,-7394,0.34074074074074073
2021-05-10T00:00:00.000,14:50,40.818794,-73.92213,2,0,1,1,4081,-7392,0.4714285714285714
2021-05-09T00:00:00.000,1:45,40.84091,-73.904755,0,0,0,0,4084,-7390,0.366120218579235
2021-05-14T00:00:00.000,11:00,40.76315,-73.81261,0,0,0,0,4076,-7381,0.4716981132075472
2021-04-19T00:00:00.000,16:53,40.68943,-73.99688,0,0,0,0,4068,-7399,0.17857142857142858
2021-05-10T00:00:00.000,12:18,40.72135,-74.00465,0,0,0,0,4072,-7400,0.32926829268292684
2021-05-14T00:00:00.000,21:30,40.776146,-73.904724,0,0,0,0,4077,-7390,0.3404255319148936
2021-09-24T00:00:00.000,7:21,40.73204,-73.87034,0,0,0,0,4073,-7387,0.3140495867768595
2021-05-11T00:00:00.000,23:22,40.623657,-73.95306,2,0,1,1,4062,-7395,0.4444444444444444
2021-05-11T00:00:00.000,10:30,40.711823,-73.83612,4,0,1,1,4071,-7383,0.37349397590361444
2021-05-12T00:00:00.000,7:00,40.689674,-73.96614,2,0,1,1,4068,-7396,0.42567567567567566
2021-04-20T00:00:00.000,13:50,40.761143,-73.86434,0,0,0,0,4076,-7386,0.40298507462686567
2021-05-14T00:00:00.000,13:39,40.86661,-73.90121,0,0,0,0,4086,-7390,0.42748091603053434
2021-05-13T00:00:00.000,19:30,40.702484,-73.85981,0,0,0,0,4070,-7385,0.39436619718309857
2021-05-12T00:00:00.000,22:50,40.768276,-73.86524,2,0,1,1,4076,-7386,0.40298507462686567
2021-05-12T00:00:00.000,16:15,40.787163,-73.97169,0,0,0,0,4078,-7397,0.3434343434343434
2021-05-14T00:00:00.000,4:35,40.83389,-73.85466,0,0,0,0,4083,-7385,0.30158730158730157
2021-05-13T00:00:00.000,0:00,40.657425,-73.96231,0,0,0,0,4065,-7396,0.3939393939393939
2021-05-10T00:00:00.000,17:30,40.666595,-73.87176,0,0,0,0,4066,-7387,0.38461538461538464
2021-05-14T00:00:00.000,0:00,40.624912,-74.12549,0,0,0,0,4062,-7412,0.21739130434782608
2021-05-10T00:00:00.000,13:40,40.69558,-73.83949,1,0,1,1,4069,-7383,0.35555555555555557
2021-05-11T00:00:00.000,20:37,40.70075,-73.98599,3,0,1,1,4070,-7398,0.21568627450980393
2021-09-13T00:00:00.000,18:30,40.757824,-73.86101,1,0,1,1,4075,-7386,0.33653846153846156
2021-05-13T00:00:00.000,8:22,40.787983,-73.955986,1,0,1,1,4078,-7395,0.42168674698795183
2021-05-12T00:00:00.000,12:12,40.67624,-73.866104,1,0,1,1,4067,-7386,0.3431372549019608
2021-05-06T00:00:00.000,12:40,40.768562,-73.89328,0,0,0,0,4076,-7389,0.35185185185185186
2021-05-13T00:00:00.000,21:30,40.852787,-73.89663,2,0,1,1,4085,-7389,0.3353658536585366
2021-05-10T00:00:00.000,16:14,40.712307,-73.99437,1,0,1,1,4071,-7399,0.3263157894736842
2021-05-13T00:00:00.000,7:30,40.849922,-73.905624,0,0,0,0,4084,-7390,0.366120218579235
2021-09-22T00:00:00.000,17:45,40.61696,-74.00505,0,0,0,0,4061,-7400,0.3076923076923077
2021-05-14T00:00:00.000,16:00,40.65432,-73.91788,0,0,0,0,4065,-7391,0.425
2021-05-13T00:00:00.000,15:50,40.87892,-73.90479,1,0,1,1,4087,-7390,0.3184713375796178
2021-05-13T00:00:00.000,10:00,40.72703,-73.85392,0,0,0,0,4072,-7385,0.4418604651162791
2021-05-11T00:00:00.000,0:00,40.84827,-73.88312,1,0,1,1,4084,-7388,0.390625
2021-05-12T00:00:00.000,10:10,40.813385,-73.94511,1,0,1,1,4081,-7394,0.38
2021-05-08T00:00:00.000,15:55,40.803528,-73.95323,0,0,0,0,4080,-7395,0.381294964028777
2021-05-13T00:00:00.000,16:15,40.582287,-74.16907,0,0,0,0,4058,-7416,0.3
2021-05-14T00:00:00.000,14:00,40.710102,-74.0075,0,0,0,0,4071,-7400,0.25517241379310346
2021-05-10T00:00:00.000,18:58,40.760746,-73.862434,1,0,1,1,4076,-7386,0.40298507462686567
2021-05-11T00:00:00.000,17:20,40.636703,-73.99038,0,0,0,0,4063,-7399,0.47692307692307695
2021-09-22T00:00:00.000,8:00,40.814934,-73.89765,2,0,1,1,4081,-7389,0.31543624161073824
2021-05-13T00:00:00.000,10:53,40.828278,-73.907036,0,0,0,0,4082,-7390,0.3025210084033613
2021-05-11T00:00:00.000,12:50,40.812622,-73.92934,0,0,0,0,4081,-7392,0.4714285714285714
2021-05-14T00:00:00.000,5:48,40.830154,-73.93964,1,0,1,1,4083,-7393,0.3333333333333333
2021-05-12T00:00:00.000,10:18,40.743366,-73.82765,2,0,1,1,4074,-7382,0.4057971014492754
2021-05-14T00:00:00.000,6:28,40.7959,-73.938576,1,0,1,1,4079,-7393,0.36585365853658536
2021-05-13T00:00:00.000,12:00,40.639378,-73.93586,0,0,0,0,4063,-7393,0.46153846153846156
2021-05-11T00:00:00.000,22:30,40.87419,-73.88035,0,0,0,0,4087,-7388,0.3561643835616438
2021-05-14T00:00:00.000,21:30,40.67058,-73.93096,0,0,0,0,4067,-7393,0.3755868544600939
2021-05-11T00:00:00.000,13:50,40.89466,-73.86137,0,0,0,0,4089,-7386,0.28205128205128205
2021-05-10T00:00:00.000,2:05,40.73883,-73.983154,0,0,0,0,4073,-7398,0.36942675159235666
2021-05-01T00:00:00.000,14:30,40.76909,-73.91521,0,0,0,0,4076,-7391,0.40476190476190477
2021-05-14T00:00:00.000,23:25,40.680477,-73.7921,0,0,0,0,4068,-7379,0.35
2021-05-13T00:00:00.000,2:58,40.678444,-73.92764,0,0,0,0,4067,-7392,0.39655172413793105
2021-05-11T00:00:00.000,10:45,40.682693,-73.96317,0,0,0,0,4068,-7396,0.42567567567567566
2021-05-12T00:00:00.000,11:25,40.674255,-73.89749,0,0,0,0,4067,-7389,0.33852140077821014
2021-05-14T00:00:00.000,7:25,40.64254,-73.87652,0,0,0,0,4064,-7387,0.4918032786885246
2021-05-12T00:00:00.000,7:00,40.735596,-73.89901,0,0,0,0,4073,-7389,0.2857142857142857
2021-05-04T00:00:00.000,12:30,40.75326,-73.864456,0,0,0,0,4075,-7386,0.33653846153846156
2021-05-08T00:00:00.000,15:15,40.753387,-73.99631,0,0,0,0,4075,-7399,0.2830188679245283
2021-05-11T00:00:00.000,13:00,40.567455,-74.11279,0,0,0,0,4056,-7411,0.3448275862068966
2021-05-10T00:00:00.000,14:05,40.726406,-73.908485,0,0,0,0,4072,-7390,0.2978723404255319
2021-05-12T00:00:00.000,13:50,40.864464,-73.8245,0,0,0,0,4086,-7382,0.3611111111111111
2021-05-12T00:00:00.000,10:55,40.65543,-74.003265,0,0,0,0,4065,-7400,0.41509433962264153
2021-05-10T00:00:00.000,18:48,40.816593,-73.90042,3,0,1,1,4081,-7390,0.3888888888888889
2021-05-10T00:00:00.000,11:00,40.753788,-73.744286,0,0,0,0,4075,-7374,0.3333333333333333
2021-05-12T00:00:00.000,11:30,40.70904,-73.94063,0,0,0,0,4070,-7394,0.3956043956043956
2021-05-09T00:00:00.000,5:30,40.901062,-73.86157,2,0,1,1,4090,-7386,0.5
2021-05-07T00:00:00.000,19:50,40.68804,-73.947754,1,0,1,1,4068,-7394,0.4409448818897638
2021-05-03T00:00:00.000,11:24,40.656494,-73.93271,0,0,0,0,4065,-7393,0.44366197183098594
2021-05-10T00:00:00.000,11:50,40.828075,-73.88543,0,0,0,0,4082,-7388,0.27624309392265195
2021-05-13T00:00:00.000,20:45,40.837425,-73.92037,1,0,1,1,4083,-7392,0.310126582278481
2021-05-12T00:00:00.000,12:43,40.684788,-73.93037,0,0,0,0,4068,-7393,0.3619047619047619
2021-05-11T00:00:00.000,16:10,40.719566,-73.94561,1,0,1,1,4071,-7394,0.3710691823899371
2021-09-19T00:00:00.000,5:00,40.75702,-74.00494,1,0,1,1,4075,-7400,0.3888888888888889
2021-05-14T00:00:00.000,22:45,40.741947,-73.82119,0,0,0,0,4074,-7382,0.4057971014492754
2021-05-11T00:00:00.000,21:28,40.67216,-73.98721,4,0,1,1,4067,-7398,0.3655913978494624
2021-05-07T00:00:00.000,20:28,40.705414,-73.78035,1,0,1,1,4070,-7378,0.34523809523809523
2021-05-14T00:00:00.000,7:45,40.883976,-73.88029,0,0,0,0,4088,-7388,0.42857142857142855
2021-05-05T00:00:00.000,13:30,40.847794,-73.82671,0,0,0,0,4084,-7382,0.4
2021-05-12T00:00:00.000,17:58,40.75529,-73.99493,0,0,0,0,4075,-7399,0.2830188679245283
2021-05-11T00:00:00.000,3:00,40.833332,-73.86962,0,0,0,0,4083,-7386,0.24822695035460993
2021-05-12T00:00:00.000,14:45,40.685375,-73.97556,0,0,0,0,4068,-7397,0.3412322274881517
2021-05-13T00:00:00.000,17:20,40.810352,-73.91761,4,0,1,1,4081,-7391,0.47244094488188976
2021-05-14T00:00:00.000,8:30,0.0,0.0,0,0,0,0,0,0,0.40425531914893614
2021-05-12T00:00:00.000,18:13,40.793606,-73.94952,1,0,1,1,4079,-7394,0.3523809523809524
2021-05-12T00:00:00.000,22:35,40.72757,-73.95499,0,0,0,0,4072,-7395,0.22093023255813954
2021-05-12T00:00:00.000,12:00,40.70224,-73.94236,0,0,0,0,4070,-7394,0.3956043956043956
2021-05-10T00:00:00.000,19:05,40.80704,-73.9698,0,0,0,0,4080,-7396,0.31343283582089554
2022-06-29T00:00:00.000,14:40,40.76217,-73.7568,4,0,1,1,4076,-7375,0.3409090909090909
2021-05-12T00:00:00.000,16:45,40.6433,-73.99427,0,0,0,0,4064,-7399,0.3442622950819672
2021-05-13T00:00:00.000,23:03,40.605568,-74.03118,1,0,1,1,4060,-7403,0.3
2021-05-11T00:00:00.000,21:00,40.582195,-74.1103,0,0,0,0,4058,-7411,0.5
2021-05-11T00:00:00.000,18:15,40.71799,-73.87144,1,0,1,1,4071,-7387,0.5652173913043478
2021-05-14T00:00:00.000,8:40,40.808437,-73.91296,0,0,0,0,4080,-7391,0.38961038961038963
2021-05-13T00:00:00.000,17:00,40.53635,-74.151596,0,0,0,0,4053,-7415,0.2222222222222222
2021-05-11T00:00:00.000,11:00,40.655533,-73.90518,0,0,0,0,4065,-7390,0.375
2021-04-30T00:00:00.000,12:00,40.72048,-73.83657,0,0,0,0,4072,-7383,0.4909090909090909
2021-05-10T00:00:00.000,9:30,40.70472,-73.940285,0,0,0,0,4070,-7394,0.3956043956043956
2021-04-21T00:00:00.000,9:20,40.7056,-73.85822,0,0,0,0,4070,-7385,0.39436619718309857
2021-05-14T00:00:00.000,11:00,40.84177,-73.92549,0,0,0,0,4084,-7392,0.3181818181818182
2021-05-12T00:00:00.000,13:37,40.670124,-73.95528,1,0,1,1,4067,-7395,0.3695652173913043
2021-05-12T00:00:00.000,15:30,40.80119,-73.93003,0,0,0,0,4080,-7393,0.36312849162011174
2021-05-11T00:00:00.000,19:50,40.637585,-74.119934,0,0,0,0,4063,-7411,0.20689655172413793
2021-05-10T00:00:00.000,12:01,40.80647,-73.94644,1,0,1,1,4080,-7394,0.41116751269035534
2021-05-13T00:00:00.000,13:54,40.864326,-73.90661,0,0,0,0,4086,-7390,0.42748091603053434
2021-05-14T00:00:00.000,11:30,40.760353,-73.99124,1,0,1,1,4076,-7399,0.3275862068965517
2021-05-11T00:00:00.000,13:35,40.699177,-73.955376,0,0,0,0,4069,-7395,0.30952380952380953
2021-05-10T00:00:00.000,6:55,40.676594,-73.89038,1,0,1,1,4067,-7389,0.33852140077821014
2021-05-13T00:00:00.000,20:30,40.579185,-73.96401,0,0,0,0,4057,-7396,0.3191489361702128
2021-05-12T00:00:00.000,7:30,40.731358,-73.89918,0,0,0,0,4073,-7389,0.2857142857142857
2021-05-13T00:00:00.000,16:37,40.586765,-74.14617,4,0,1,1,4058,-7414,0.75
2021-05-10T00:00:00.000,3:00,40.823483,-73.90005,0,0,0,0,4082,-7390,0.3025210084033613
2021-05-12T00:00:00.000,0:16,40.85415,-73.88447,0,0,0,0,4085,-7388,0.3
2021-05-12T00:00:00.000,18:20,40.724716,-73.79972,0,0,0,0,4072,-7379,0.3333333333333333
2021-05-14T00:00:00.000,0:37,40.77226,-73.99364,1,0,1,1,4077,-7399,0.4166666666666667
2021-05-07T00:00:00.000,14:35,40.788532,-73.95322,0,0,0,0,4078,-7395,0.42168674698795183
2021-05-14T00:00:00.000,18:00,40.71614,-73.83357,0,0,0,0,4071,-7383,0.37349397590361444
2021-05-13T00:00:00.000,10:35,40.826275,-73.85971,0,0,0,0,4082,-7385,0.27
2021-05-13T00:00:00.000,0:32,40.683243,-73.88672,2,0,1,1,4068,-7388,0.36538461538461536
2021-05-14T00:00:00.000,23:33,40.761173,-73.95789,0,0,0,0,4076,-7395,0.3696969696969697
2021-05-11T00:00:00.000,10:28,40.77077,-73.91727,1,0,1,1,4077,-7391,0.3157894736842105
2021-05-10T00:00:00.000,16:40,40.70752,-73.806435,0,0,0,0,4070,-7380,0.3877551020408163
2021-05-13T00:00:00.000,22:35,40.666737,-73.78628,2,0,1,1,4066,-7378,0.34615384615384615
2021-05-14T00:00:00.000,22:30,40.69219,-73.82709,1,0,1,1,4069,-7382,0.37209302325581395
2021-05-12T00:00:00.000,12:40,40.836617,-73.87377,0,0,0,0,4083,-7387,0.38414634146341464
2021-05-10T00:00:00.000,13:50,40.672363,-73.93079,0,0,0,0,4067,-7393,0.3755868544600939
2021-05-12T00:00:00.000,16:35,40.63905,-73.92593,1,0,1,1,4063,-7392,0.4036697247706422
2021-05-06T00:00:00.000,16:20,40.73656,-74.0011,0,0,0,0,4073,-7400,0.2403846153846154
2021-05-11T00:00:00.000,9:30,40.815113,-73.95501,0,0,0,0,4081,-7395,0.3509933774834437
2021-05-12T00:00:00.000,20:20,40.699207,-73.823,1,0,1,1,4069,-7382,0.37209302325581395
2021-05-12T00:00:00.000,22:22,40.74217,-73.804436,0,0,0,0,4074,-7380,0.35294117647058826
2021-05-01T00:00:00.000,11:40,40.680893,-73.871376,0,0,0,0,4068,-7387,0.24719101123595505
2021-05-12T00:00:00.000,9:50,40.831818,-73.942825,0,0,0,0,4083,-7394,0.38926174496644295
2021-05-14T00:00:00.000,14:19,40.673237,-73.91402,2,0,1,1,4067,-7391,0.36597938144329895
2021-05-10T00:00:00.000,16:20,40.726376,-73.76624,1,0,1,1,4072,-7376,0.5
2021-05-07T00:00:00.000,22:20,40.769035,-73.905334,2,0,1,1,4076,-7390,0.3055555555555556
2021-05-06T00:00:00.000,8:00,40.830536,-73.91571,0,0,0,0,4083,-7391,0.33714285714285713
2021-05-11T00:00:00.000,18:10,40.580166,-73.95254,0,0,0,0,4058,-7395,0.3465346534653465
2021-05-10T00:00:00.000,9:00,40.762913,-73.96981,0,0,0,0,4076,-7396,0.3023255813953488
2021-05-14T00:00:00.000,10:30,40.74478,-73.93262,1,0,1,1,4074,-7393,0.3333333333333333
2021-05-11T00:00:00.000,19:39,40.807037,-73.949745,2,0,1,1,4080,-7394,0.41116751269035534
2021-05-10T00:00:00.000,16:40,40.618813,-73.93272,1,0,1,1,4061,-7393,0.34285714285714286
2021-05-11T00:00:00.000,23:34,40.667915,-73.77523,1,0,1,1,4066,-7377,0.37362637362637363
2021-05-14T00:00:00.000,15:50,40.667576,-73.72951,2,0,1,1,4066,-7372,0.6190476190476191
2021-05-14T00:00:00.000,19:54,40.583504,-73.95745,1,0,1,1,4058,-7395,0.3465346534653465
2021-05-10T00:00:00.000,16:40,40.797943,-73.94003,0,0,0,0,4079,-7394,0.3523809523809524
2021-05-14T00:00:00.000,11:59,40.742237,-73.97961,0,0,0,0,4074,-7397,0.4810810810810811
2021-05-11T00:00:00.000,15:00,40.605072,-73.92988,1,0,1,1,4060,-7392,0.3333333333333333
2021-05-05T00:00:00.000,13:55,40.809692,-73.950066,0,0,0,0,4080,-7395,0.381294964028777
2021-05-12T00:00:00.000,8:20,40.675518,-73.81088,0,0,0,0,4067,-7381,0.4230769230769231
2021-05-10T00:00:00.000,17:35,40.742096,-73.86748,0,0,0,0,4074,-7386,0.3813559322033898
2021-05-10T00:00:00.000,18:20,40.68354,-73.81065,5,0,1,1,4068,-7381,0.4117647058823529
2021-05-14T00:00:00.000,23:00,40.681427,-73.886955,0,0,0,0,4068,-7388,0.36538461538461536
2021-05-11T00:00:00.000,15:45,40.610504,-73.95767,0,0,0,0,4061,-7395,0.4461538461538462
2021-05-08T00:00:00.000,0:15,40.81175,-73.93144,0,0,0,0,4081,-7393,0.32432432432432434
2021-05-14T00:00:00.000,13:22,40.835297,-73.91291,1,0,1,1,4083,-7391,0.33714285714285713
2021-05-12T00:00:00.000,22:40,40.755642,-73.93596,2,0,1,1,4075,-7393,0.43478260869565216
2021-05-14T00:00:00.000,16:20,40.805016,-73.92109,1,0,1,1,4080,-7392,0.3141025641025641
2021-05-10T00:00:00.000,12:40,40.719933,-73.97876,1,0,1,1,4071,-7397,0.41509433962264153
2021-05-14T00:00:00.000,19:25,40.691803,-73.76375,0,0,0,0,4069,-7376,0.3392857142857143
2021-05-10T00:00:00.000,14:35,40.807667,-73.94929,0,0,0,0,4080,-7394,0.41116751269035534
2021-05-11T00:00:00.000,16:35,40.63333,-73.89467,0,0,0,0,4063,-7389,0.41818181818181815
2021-05-13T00:00:00.000,17:30,40.70618,-73.786064,0,0,0,0,4070,-7378,0.34523809523809523
2021-05-11T00:00:00.000,23:10,40.745697,-73.88642,1,0,1,1,4074,-7388,0.2978723404255319
2021-05-13T00:00:00.000,0:00,40.585167,-73.958496,0,0,0,0,4058,-7395,0.3465346534653465
2021-05-14T00:00:00.000,2:50,40.884396,-73.87998,1,0,1,1,4088,-7387,0.14583333333333334
2021-04-23T00:00:00.000,13:50,40.72762,-73.879074,0,0,0,0,4072,-7387,0.5714285714285714
2021-05-10T00:00:00.000,3:00,40.77452,-73.84824,0,0,0,0,4077,-7384,0.125
2021-05-11T00:00:00.000,12:52,40.733204,-73.88838,0,0,0,0,4073,-7388,0.2777777777777778
2021-05-12T00:00:00.000,14:10,40.673374,-73.8565,1,0,1,1,4067,-7385,0.26666666666666666
2021-05-14T00:00:00.000,6:25,40.636627,-73.94226,0,0,0,0,4063,-7394,0.358974358974359
2021-05-14T00:00:00.000,20:19,40.784916,-73.84213,0,0,0,0,4078,-7384,0.23809523809523808
2021-05-12T00:00:00.000,21:10,40.65661,-73.93091,2,0,1,1,4065,-7393,0.44366197183098594
2021-05-11T00:00:00.000,8:50,40.703625,-73.87016,0,0,0,0,4070,-7387,0.24324324324324326
2021-05-13T00:00:00.000,8:59,40.867496,-73.907425,0,0,0,0,4086,-7390,0.42748091603053434
2021-05-10T00:00:00.000,11:33,40.671955,-73.98153,0,0,0,0,4067,-7398,0.3655913978494624
2021-05-11T00:00:00.000,12:11,40.76325,-73.88488,1,0,1,1,4076,-7388,0.43283582089552236
2022-03-29T00:00:00.000,0:05,40.6372,-74.125656,0,0,0,0,4063,-7412,0.36363636363636365
2021-05-14T00:00:00.000,19:00,40.71234,-73.788605,0,0,0,0,4071,-7378,0.32653061224489793
2021-05-11T00:00:00.000,13:36,40.764915,-73.88599,1,0,1,1,4076,-7388,0.43283582089552236
2021-05-13T00:00:00.000,16:30,40.797802,-73.94015,1,0,1,1,4079,-7394,0.3523809523809524
2021-05-11T00:00:00.000,7:00,40.7528,-73.979294,0,0,0,0,4075,-7397,0.375886524822695
2021-05-11T00:00:00.000,8:00,40.848736,-73.93234,0,0,0,0,4084,-7393,0.32786885245901637
2021-05-10T00:00:00.000,15:01,40.73739,-74.00104,0,0,0,0,4073,-7400,0.2403846153846154
2021-05-12T00:00:00.000,10:15,40.749676,-73.94372,0,0,0,0,4074,-7394,0.33962264150943394
2021-04-23T00:00:00.000,10:15,40.66302,-73.869125,0,0,0,0,4066,-7386,0.35
2021-05-14T00:00:00.000,11:00,40.806923,-73.88392,0,0,0,0,4080,-7388,0.15789473684210525
2021-05-11T00:00:00.000,14:40,40.651268,-73.93033,1,0,1,1,4065,-7393,0.44366197183098594
2021-05-10T00:00:00.000,18:23,40.67091,-73.89364,1,0,1,1,4067,-7389,0.33852140077821014
2021-05-14T00:00:00.000,15:20,40.63228,-73.97391,1,0,1,1,4063,-7397,0.36893203883495146
2021-05-12T00:00:00.000,10:00,40.817787,-73.86237,0,0,0,0,4081,-7386,0.23333333333333334
2021-05-12T00:00:00.000,18:30,40.747845,-73.98111,1,0,1,1,4074,-7398,0.40131578947368424
2021-05-12T00:00:00.000,16:28,40.63747,-73.91918,2,0,1,1,4063,-7391,0.5
2021-05-13T00:00:00.000,19:10,40.812046,-73.910255,0,0,0,0,4081,-7391,0.47244094488188976
2021-05-12T00:00:00.000,19:04,40.709198,-73.87815,0,0,0,0,4070,-7387,0.24324324324324326
2021-05-05T00:00:00.000,10:00,40.684856,-73.764046,0,0,0,0,4068,-7376,0.35714285714285715
2021-05-14T00:00:00.000,15:00,40.74357,-73.976715,1,0,1,1,4074,-7397,0.4810810810810811
2021-05-11T00:00:00.000,23:20,40.675507,-74.00075,0,0,0,0,4067,-7400,0.20967741935483872
2021-05-14T00:00:00.000,20:05,40.737682,-73.85206,1,0,1,1,4073,-7385,0.3619047619047619
2021-05-11T00:00:00.000,18:30,40.824688,-73.95227,0,0,0,0,4082,-7395,0.4117647058823529
2021-05-11T00:00:00.000,15:42,40.774994,-73.93428,0,0,0,0,4077,-7393,0.20833333333333334
2021-05-14T00:00:00.000,16:40,40.82102,-73.88725,0,0,0,0,4082,-7388,0.27624309392265195
2021-05-10T00:00:00.000,12:30,40.819885,-73.90726,0,0,0,0,4081,-7390,0.3888888888888889
2021-05-13T00:00:00.000,12:30,40.73072,-73.98906,0,0,0,0,4073,-7398,0.36942675159235666
2021-05-13T00:00:00.000,11:25,40.897175,-73.84293,1,0,1,1,4089,-7384,0.3333333333333333
2021-05-12T00:00:00.000,17:55,40.745865,-73.99206,0,0,0,0,4074,-7399,0.3333333333333333
2021-05-05T00:00:00.000,0:10,40.65761,-73.76756,0,0,0,0,4065,-7376,0.35714285714285715
2021-09-24T00:00:00.000,11:39,40.764084,-73.83336,0,0,0,0,4076,-7383,0.33695652173913043
2021-05-11T00:00:00.000,17:00,40.842773,-73.922806,2,0,1,1,4084,-7392,0.3181818181818182
2021-05-10T00:00:00.000,0:26,40.62621,-73.927666,0,0,0,0,4062,-7392,0.3611111111111111
2021-05-13T00:00:00.000,17:44,40.702778,-73.89457,0,0,0,0,4070,-7389,0.2711864406779661
2021-05-12T00:00:00.000,21:20,40.702614,-73.96058,1,0,1,1,4070,-7396,0.3431372549019608
2021-05-13T00:00:00.000,2:30,40.845352,-73.92821,0,0,0,0,4084,-7392,0.3181818181818182
2021-05-11T00:00:00.000,9:25,40.640865,-73.9852,0,0,0,0,4064,-7398,0.40425531914893614
2021-05-13T00:00:00.000,19:31,40.820305,-73.89083,2,0,1,1,4082,-7389,0.37423312883435583
2021-05-11T00:00:00.000,4:05,40.796738,-73.92925,0,0,0,0,4079,-7392,0.4
2021-05-12T00:00:00.000,18:30,40.65144,-73.89539,0,0,0,0,4065,-7389,0.34965034965034963
2021-05-14T00:00:00.000,8:22,40.83086,-73.88745,0,0,0,0,4083,-7388,0.26717557251908397
2021-05-12T00:00:00.000,14:00,40.733093,-73.7387,0,0,0,0,4073,-7373,0.3
2021-04-27T00:00:00.000,16:28,40.80521,-73.94736,1,0,1,1,4080,-7394,0.41116751269035534
2021-05-13T00:00:00.000,18:30,40.879337,-73.87429,0,0,0,0,4087,-7387,0.297029702970297
2021-05-14T00:00:00.000,10:00,40.82317,-73.9275,0,0,0,0,4082,-7392,0.3333333333333333
2021-05-08T00:00:00.000,14:20,40.6228,-74.02836,1,0,1,1,4062,-7402,0.3625
2021-09-03T00:00:00.000,14:40,40.692192,-73.98628,2,0,1,1,4069,-7398,0.3229166666666667
2021-05-14T00:00:00.000,21:20,40.54653,-74.180435,0,0,0,0,4054,-7418,0.1875
2021-05-13T00:00:00.000,10:30,40.785492,-73.984116,0,0,0,0,4078,-7398,0.42105263157894735
2021-05-12T00:00:00.000,0:00,40.82914,-73.90811,0,0,0,0,4082,-7390,0.3025210084033613
2021-05-10T00:00:00.000,17:30,40.67546,-73.73385,3,0,1,1,4067,-7373,0.46835443037974683
2021-05-14T00:00:00.000,22:10,40.76663,-73.89605,3,0,1,1,4076,-7389,0.35185185185185186
2021-05-10T00:00:00.000,10:39,40.84103,-73.94463,0,0,0,0,4084,-7394,0.17543859649122806
2021-05-14T00:00:00.000,6:50,40.633644,-73.907425,0,0,0,0,4063,-7390,0.3561643835616438
2021-05-13T00:00:00.000,13:28,40.824158,-73.87462,0,0,0,0,4082,-7387,0.33544303797468356
2021-05-13T00:00:00.000,15:55,40.582195,-74.1103,0,0,0,0,4058,-7411,0.5
2021-05-12T00:00:00.000,17:09,40.686207,-73.85569,1,0,1,1,4068,-7385,0.43103448275862066
2021-05-11T00:00:00.000,2:47,40.664993,-73.80229,0,1,2,1,4066,-7380,0.40789473684210525
2021-05-10T00:00:00.000,17:20,40.762962,-73.97188,1,0,1,1,4076,-7397,0.37
2021-05-14T00:00:00.000,15:40,40.87467,-73.8392,0,0,0,0,4087,-7383,0.3333333333333333
2021-05-12T00:00:00.000,17:50,40.640034,-73.877945,0,0,0,0,4064,-7387,0.4918032786885246
2021-05-13T00:00:00.000,21:00,40.808662,-73.921875,0,0,0,0,4080,-7392,0.3141025641025641
2021-05-11T00:00:00.000,8:00,40.638954,-73.98355,2,0,1,1,4063,-7398,0.4827586206896552
2021-09-23T00:00:00.000,5:32,40.70806,-73.8073,0,0,0,0,4070,-7380,0.3877551020408163
2021-05-11T00:00:00.000,19:20,40.616413,-74.103516,1,0,1,1,4061,-7410,0.6363636363636364
2021-05-10T00:00:00.000,16:30,40.807205,-73.94412,0,0,0,0,4080,-7394,0.41116751269035534
2021-05-12T00:00:00.000,16:30,40.66186,-73.9344,0,0,0,0,4066,-7393,0.38578680203045684
2021-05-14T00:00:00.000,20:20,40.721996,-74.00298,1,0,1,1,4072,-7400,0.32926829268292684
2021-05-13T00:00:00.000,13:41,40.586754,-73.95806,0,0,0,0,4058,-7395,0.3465346534653465
2021-05-12T00:00:00.000,14:12,40.659515,-73.89135,0,0,0,0,4065,-7389,0.34965034965034963
2021-05-13T00:00:00.000,13:22,40.62418,-73.97048,0,0,0,0,4062,-7397,0.38666666666666666
2021-05-11T00:00:00.000,15:10,40.62368,-73.99772,0,0,0,0,4062,-7399,0.3835616438356164
2021-05-11T00:00:00.000,15:30,40.570877,-74.16984,0,0,0,0,4057,-7416,0.36363636363636365
2021-05-11T00:00:00.000,12:45,40.84768,-73.91237,0,0,0,0,4084,-7391,0.32558139534883723
2021-05-12T00:00:00.000,19:34,40.741764,-73.8809,0,0,0,0,4074,-7388,0.2978723404255319
2021-04-12T00:00:00.000,10:40,40.708405,-73.797806,0,0,0,0,4070,-7379,0.3978494623655914
2021-05-02T00:00:00.000,22:26,40.671585,-73.95312,1,0,1,1,4067,-7395,0.3695652173913043
2021-05-10T00:00:00.000,12:40,40.83462,-73.90186,0,0,0,0,4083,-7390,0.3064516129032258
2021-05-14T00:00:00.000,18:30,40.728474,-73.85174,0,0,0,0,4072,-7385,0.4418604651162791
2021-05-12T00:00:00.000,0:29,40.684483,-73.7726,0,0,0,0,4068,-7377,0.3673469387755102
2021-05-11T00:00:00.000,10:00,40.654133,-74.01169,0,0,0,0,4065,-7401,0.43478260869565216
2021-05-13T00:00:00.000,20:18,40.68435,-73.97404,0,0,0,0,4068,-7397,0.3412322274881517
2021-05-11T00:00:00.000,21:42,40.729557,-73.740814,1,0,1,1,4072,-7374,0.44
2021-05-11T00:00:00.000,4:21,40.685543,-73.97132,0,0,0,0,4068,-7397,0.3412322274881517
2021-05-10T00:00:00.000,18:30,40.689674,-73.96614,0,0,0,0,4068,-7396,0.42567567567567566
2021-05-12T00:00:00.000,6:30,40.709713,-73.73027,1,0,1,1,4070,-7373,0.52
2021-05-11T00:00:00.000,8:20,40.786476,-73.81628,0,0,0,0,4078,-7381,0.22580645161290322
2021-05-14T00:00:00.000,16:50,40.661198,-73.770966,0,0,0,0,4066,-7377,0.37362637362637363
2021-05-14T00:00:00.000,0:00,0.0,0.0,0,0,0,0,0,0,0.40425531914893614
2021-05-13T00:00:00.000,8:24,40.832672,-73.90939,1,0,1,1,4083,-7390,0.3064516129032258
2021-05-12T00:00:00.000,21:00,40.748653,-73.888985,0,0,0,0,4074,-7388,0.2978723404255319
2021-05-13T00:00:00.000,6:20,40.72773,-73.90674,0,0,0,0,4072,-7390,0.2978723404255319
2021-05-12T00:00:00.000,16:45,40.762093,-73.75691,0,0,0,0,4076,-7375,0.3409090909090909
2021-04-28T00:00:00.000,7:00,40.656708,-74.00537,0,0,0,0,4065,-7400,0.41509433962264153
2021-05-11T00:00:00.000,16:30,40.69291,-73.93704,0,0,0,0,4069,-7393,0.3141025641025641
2021-05-07T00:00:00.000,19:30,0.0,0.0,0,0,0,0,0,0,0.40425531914893614
2021-05-13T00:00:00.000,18:40,40.65418,-73.91068,0,0,0,0,4065,-7391,0.425
2021-05-09T00:00:00.000,2:00,40.667778,-73.780846,1,0,1,1,4066,-7378,0.34615384615384615
2021-05-06T00:00:00.000,4:30,40.75718,-73.97399,0,0,0,0,4075,-7397,0.375886524822695
2021-05-11T00:00:00.000,14:40,40.58056,-73.83459,0,0,0,0,4058,-7383,0.38461538461538464
2021-05-11T00:00:00.000,8:15,40.70313,-73.816795,1,0,1,1,4070,-7381,0.3194444444444444
2021-05-14T00:00:00.000,14:25,40.732384,-73.86805,0,0,0,0,4073,-7386,0.3464566929133858
2021-05-14T00:00:00.000,21:30,40.79676,-73.9451,0,0,0,0,4079,-7394,0.3523809523809524
2021-05-11T00:00:00.000,1:16,40.623672,-73.8956,0,0,0,0,4062,-7389,0.3333333333333333
2021-05-07T00:00:00.000,20:43,40.720554,-73.73604,0,0,0,0,4072,-7373,0.4642857142857143
2021-05-08T00:00:00.000,18:45,40.700565,-73.76411,0,0,0,0,4070,-7376,0.43902439024390244
2021-05-13T00:00:00.000,10:49,40.6371,-74.00788,1,0,1,1,4063,-7400,0.3068181818181818
2021-05-13T00:00:00.000,0:00,40.857826,-73.88688,0,0,0,0,4085,-7388,0.3
2021-04-29T00:00:00.000,14:00,40.6397,-74.019615,0,0,0,0,4063,-7401,0.37777777777777777
2021-09-22T00:00:00.000,8:25,40.809162,-73.90377,0,0,0,0,4080,-7390,0.36538461538461536
2021-05-12T00:00:00.000,0:00,40.66471,-73.89426,2,0,1,1,4066,-7389,0.3103448275862069
2021-05-13T00:00:00.000,15:00,40.65974,-73.9293,0,0,0,0,4065,-7392,0.35555555555555557
2021-05-11T00:00:00.000,8:00,40.84219,-73.89411,0,0,0,0,4084,-7389,0.33766233766233766
2021-05-14T00:00:00.000,10:25,40.845238,-73.900894,0,0,0,0,4084,-7390,0.366120218579235
2021-05-14T00:00:00.000,2:00,40.820824,-73.91562,0,0,0,0,4082,-7391,0.3355263157894737
2021-09-24T00:00:00.000,14:55,40.842808,-73.942024,1,0,1,1,4084,-7394,0.17543859649122806
2021-05-12T00:00:00.000,11:08,40.692696,-73.99198,0,0,0,0,4069,-7399,0.29473684210526313
2021-05-14T00:00:00.000,10:03,40.84434,-73.91475,0,0,0,0,4084,-7391,0.32558139534883723
2021-05-11T00:00:00.000,13:50,40.603832,-74.06895,1,0,1,1,4060,-7406,0.3076923076923077
2021-05-11T00:00:00.000,11:11,40.72096,-73.84698,1,0,1,1,4072,-7384,0.2711864406779661
2021-05-11T00:00:00.000,22:22,40.69632,-73.960625,1,0,1,1,4069,-7396,0.325
2021-05-05T00:00:00.000,22:12,40.76849,-73.95157,0,0,0,0,4076,-7395,0.3696969696969697
2021-05-09T00:00:00.000,23:25,40.606853,-74.06744,1,0,1,1,4060,-7406,0.3076923076923077
2021-05-11T00:00:00.000,11:00,40.740017,-73.84565,0,0,0,0,4074,-7384,0.42857142857142855
2021-05-14T00:00:00.000,10:51,40.67312,-73.96072,0,0,0,0,4067,-7396,0.3466666666666667
2021-05-13T00:00:00.000,16:40,40.65487,-73.96191,1,0,1,1,4065,-7396,0.3939393939393939
2021-05-13T00:00:00.000,11:30,40.73366,-73.76652,0,0,0,0,4073,-7376,0.2857142857142857
2021-05-12T00:00:00.000,16:30,0.0,0.0,2,0,1,1,0,0,0.40425531914893614
2021-05-10T00:00:00.000,13:40,40.678314,-73.91358,1,0,1,1,4067,-7391,0.36597938144329895
2021-05-10T00:00:00.000,23:03,40.84518,-73.91417,0,0,0,0,4084,-7391,0.32558139534883723
2021-05-13T00:00:00.000,0:00,40.75232,-73.86796,0,0,0,0,4075,-7386,0.33653846153846156
2021-05-10T00:00:00.000,8:04,40.80417,-73.966705,0,0,0,0,4080,-7396,0.31343283582089554
2021-05-13T00:00:00.000,18:25,40.757908,-73.9893,0,0,0,0,4075,-7398,0.3170731707317073
2021-05-13T00:00:00.000,22:57,40.80824,-73.95259,1,0,1,1,4080,-7395,0.381294964028777
2021-05-14T00:00:00.000,0:10,40.66852,-73.890175,0,0,0,0,4066,-7389,0.3103448275862069
2021-05-11T00:00:00.000,15:50,40.673546,-73.99537,1,0,1,1,4067,-7399,0.3258426966292135
2021-05-10T00:00:00.000,21:10,40.79226,-73.96427,0,0,0,0,4079,-7396,0.25
2021-05-05T00:00:00.000,14:00,40.836502,-73.825165,0,0,0,0,4083,-7382,0.44680851063829785
2021-05-08T00:00:00.000,2:54,40.866024,-73.92588,1,0,1,1,4086,-7392,0.359375
2021-05-11T00:00:00.000,8:45,40.69942,-73.86878,3,0,1,1,4069,-7386,0.21052631578947367
2021-05-10T00:00:00.000,5:45,40.678722,-73.952995,0,0,0,0,4067,-7395,0.3695652173913043
2021-05-13T00:00:00.000,22:53,40.76023,-73.961525,1,0,1,1,4076,-7396,0.3023255813953488
2022-06-30T00:00:00.000,17:30,40.869156,-73.884,0,0,0,0,4086,-7388,0.23943661971830985
2021-05-10T00:00:00.000,11:57,40.70774,-73.95361,1,0,1,1,4070,-7395,0.3475177304964539
2021-09-22T00:00:00.000,16:30,40.697906,-73.80722,0,0,0,0,4069,-7380,0.38461538461538464
2021-05-11T00:00:00.000,18:40,40.852673,-73.919106,0,0,0,0,4085,-7391,0.373134328358209
2021-05-10T00:00:00.000,18:05,40.753284,-73.92049,0,0,0,0,4075,-7392,0.48148148148148145
2021-05-08T00:00:00.000,22:20,40.666122,-73.93139,0,0,0,0,4066,-7393,0.38578680203045684
2021-05-06T00:00:00.000,21:30,40.691833,-73.92785,1,0,1,1,4069,-7392,0.3584905660377358
2021-05-12T00:00:00.000,17:10,40.826786,-73.892944,0,0,0,0,4082,-7389,0.37423312883435583
2021-05-05T00:00:00.000,23:58,40.758915,-73.9997,0,0,0,0,4075,-7399,0.2830188679245283
2021-05-13T00:00:00.000,0:11,40.666306,-73.79171,2,0,1,1,4066,-7379,0.3870967741935484
2021-09-24T00:00:00.000,17:24,40.78884,-73.81381,1,0,1,1,4078,-7381,0.22580645161290322
2021-05-10T00:00:00.000,8:31,40.82084,-73.87266,0,0,0,0,4082,-7387,0.33544303797468356
2021-05-12T00:00:00.000,21:54,40.78843,-73.94907,3,0,1,1,4078,-7394,0.33513513513513515
2021-05-14T00:00:00.000,17:39,40.822933,-73.93813,1,0,1,1,4082,-7393,0.36645962732919257
2021-05-10T00:00:00.000,0:56,40.903305,-73.8529,0,0,0,0,4090,-7385,0.42105263157894735
2021-05-10T00:00:00.000,12:01,40.77178,-73.9792,1,0,1,1,4077,-7397,0.38235294117647056
2021-05-13T00:00:00.000,17:33,40.83988,-73.916794,0,0,0,0,4083,-7391,0.33714285714285713
2021-05-07T00:00:00.000,19:40,40.799805,-73.956154,1,0,1,1,4079,-7395,0.42
2021-05-12T00:00:00.000,21:30,40.788986,-73.97407,2,0,1,1,4078,-7397,0.3434343434343434
2021-05-11T00:00:00.000,8:45,40.68993,-73.98148,0,0,0,0,4068,-7398,0.3873239436619718
2021-05-10T00:00:00.000,10:20,40.673573,-73.902084,2,0,1,1,4067,-7390,0.3282442748091603
2021-05-10T00:00:00.000,0:01,40.637146,-73.94713,0,0,0,0,4063,-7394,0.358974358974359
2021-05-13T00:00:00.000,15:16,40.637997,-74.02136,1,0,1,1,4063,-7402,0.3877551020408163
2021-05-11T00:00:00.000,17:05,40.85111,-73.93061,1,0,1,1,4085,-7393,0.36585365853658536
2021-05-11T00:00:00.000,1:20,40.697556,-73.80498,0,0,0,0,4069,-7380,0.38461538461538464
2021-05-11T00:00:00.000,16:45,40.830975,-73.85267,0,0,0,0,4083,-7385,0.30158730158730157
2021-05-08T00:00:00.000,16:23,40.741222,-74.006004,1,0,1,1,4074,-7400,0.27710843373493976
2021-05-12T00:00:00.000,0:25,40.671608,-73.91695,0,0,0,0,4067,-7391,0.36597938144329895
2021-05-11T00:00:00.000,11:20,40.66905,-73.91506,0,0,0,0,4066,-7391,0.3630952380952381
2021-05-12T00:00:00.000,17:15,40.632164,-74.166336,0,0,0,0,4063,-7416,0.3333333333333333
2021-05-14T00:00:00.000,17:10,40.780193,-73.80034,0,0,0,0,4078,-7380,0.30434782608695654
2021-04-09T00:00:00.000,8:45,40.679565,-73.93436,0,0,0,0,4067,-7393,0.3755868544600939
2021-05-13T00:00:00.000,18:00,40.889927,-73.9084,0,0,0,0,4088,-7390,0.2702702702702703
2021-05-14T00:00:00.000,16:50,40.706047,-73.94129,0,0,0,0,4070,-7394,0.3956043956043956
2021-09-12T00:00:00.000,13:00,40.721733,-73.99114,0,0,0,0,4072,-7399,0.3829787234042553
2021-05-13T00:00:00.000,9:25,40.669403,-73.94221,0,0,0,0,4066,-7394,0.36792452830188677
2021-05-11T00:00:00.000,12:48,40.873222,-73.83747,0,0,0,0,4087,-7383,0.3333333333333333
2021-05-14T00:00:00.000,9:19,40.60638,-73.754715,0,0,0,0,4060,-7375,0.17117117117117117
2021-05-10T00:00:00.000,16:15,40.805737,-73.94065,0,0,0,0,4080,-7394,0.41116751269035534
2021-05-11T00:00:00.000,15:37,40.69832,-73.962265,0,0,0,0,4069,-7396,0.325
2021-05-12T00:00:00.000,9:04,40.617123,-73.98524,0,0,0,0,4061,-7398,0.3698630136986301
2021-05-14T00:00:00.000,21:11,40.662556,-73.91963,0,0,0,0,4066,-7391,0.3630952380952381
2021-05-11T00:00:00.000,17:15,40.68319,-73.8663,4,0,1,1,4068,-7386,0.423728813559322
2021-05-12T00:00:00.000,22:33,40.715473,-73.95185,0,0,0,0,4071,-7395,0.36585365853658536
2021-05-11T00:00:00.000,11:40,40.707848,-73.956276,0,0,0,0,4070,-7395,0.3475177304964539
2021-05-10T00:00:00.000,21:10,40.817543,-73.95694,0,0,0,0,4081,-7395,0.3509933774834437
2021-04-15T00:00:00.000,17:36,40.642048,-74.07533,0,0,0,0,4064,-7407,0.2222222222222222
2021-05-13T00:00:00.000,13:15,40.686836,-73.923515,0,0,0,0,4068,-7392,0.2542372881355932
2021-05-11T00:00:00.000,21:15,40.875122,-73.905174,3,0,1,1,4087,-7390,0.3184713375796178
2021-05-10T00:00:00.000,15:00,40.73223,-73.70934,0,0,0,0,4073,-7370,0.23529411764705882
2021-05-11T00:00:00.000,18:50,40.757145,-73.99357,0,0,0,0,4075,-7399,0.2830188679245283
2021-05-04T00:00:00.000,23:45,40.734562,-74.00543,0,0,0,0,4073,-7400,0.2403846153846154
2021-05-10T00:00:00.000,13:18,40.64439,-73.94987,1,0,1,1,4064,-7394,0.42342342342342343
2021-05-11T00:00:00.000,21:57,40.781666,-73.986694,0,0,0,0,4078,-7398,0.42105263157894735
2021-05-11T00:00:00.000,19:49,40.71982,-73.90345,1,0,1,1,4071,-7390,0.4
2021-05-07T00:00:00.000,13:00,40.68866,-73.97096,0,0,0,0,4068,-7397,0.3412322274881517
2021-05-10T00:00:00.000,19:00,40.708324,-73.84314,0,0,0,0,4070,-7384,0.43333333333333335
2021-05-12T00:00:00.000,1:13,40.8281,-73.92021,0,0,0,0,4082,-7392,0.3333333333333333
2021-05-14T00:00:00.000,11:25,40.865574,-73.82314,1,0,1,1,4086,-7382,0.3611111111111111
2021-05-11T00:00:00.000,16:10,40.704033,-73.81711,1,0,1,1,4070,-7381,0.3194444444444444
2021-05-12T00:00:00.000,22:20,40.87294,-73.88534,1,0,1,1,4087,-7388,0.3561643835616438
2021-05-12T00:00:00.000,21:54,40.76713,-73.99373,0,0,0,0,4076,-7399,0.3275862068965517
2021-05-13T00:00:00.000,7:28,40.67655,-73.91484,0,0,0,0,4067,-7391,0.36597938144329895
2021-05-11T00:00:00.000,15:26,40.61572,-74.09624,0,0,0,0,4061,-7409,0.46153846153846156
2021-05-11T00:00:00.000,12:00,40.585026,-73.958275,1,0,1,1,4058,-7395,0.3465346534653465
2021-05-05T00:00:00.000,15:45,40.68969,-73.99237,0,0,0,0,4068,-7399,0.17857142857142858
2021-05-10T00:00:00.000,11:59,40.71906,-73.812126,1,0,1,1,4071,-7381,0.3448275862068966
2021-05-12T00:00:00.000,12:00,40.66684,-73.899414,0,0,0,0,4066,-7389,0.3103448275862069
2021-05-11T00:00:00.000,0:50,40.732346,-73.98495,3,0,1,1,4073,-7398,0.36942675159235666
2021-05-10T00:00:00.000,5:45,40.73572,-73.93677,0,0,0,0,4073,-7393,0.38461538461538464
2021-05-13T00:00:00.000,17:45,40.768436,-73.98906,0,0,0,0,4076,-7398,0.3081761006289308
2021-05-08T00:00:00.000,19:10,40.680313,-73.842026,0,0,0,0,4068,-7384,0.3333333333333333
2021-05-14T00:00:00.000,11:00,40.710114,-73.77859,0,0,0,0,4071,-7377,0.20967741935483872
2021-05-10T00:00:00.000,6:00,40.68074,-73.76963,2,0,1,1,4068,-7376,0.35714285714285715
2021-05-12T00:00:00.000,20:15,40.67961,-73.89831,0,0,0,0,4067,-7389,0.33852140077821014
2021-05-10T00:00:00.000,16:47,40.6587,-73.999855,1,0,1,1,4065,-7399,0.4117647058823529
2021-05-10T00:00:00.000,8:55,40.602592,-73.74969,0,0,0,0,4060,-7374,0.15789473684210525
2021-05-10T00:00:00.000,9:30,40.851395,-73.94129,0,0,0,0,4085,-7394,0.2727272727272727
2021-05-14T00:00:00.000,21:55,40.706345,-73.85159,3,0,1,1,4070,-7385,0.39436619718309857
2021-09-24T00:00:00.000,22:30,40.745235,-73.937706,0,0,0,0,4074,-7393,0.3333333333333333
2021-05-10T00:00:00.000,11:17,40.81503,-73.815125,0,0,0,0,4081,-7381,0.25
2021-09-23T00:00:00.000,18:00,40.832413,-73.880844,0,0,0,0,4083,-7388,0.26717557251908397
2021-09-24T00:00:00.000,10:48,40.862923,-73.92777,1,0,1,1,4086,-7392,0.359375
2021-05-14T00:00:00.000,23:40,40.75967,-73.92725,1,0,1,1,4075,-7392,0.48148148148148145
2021-05-11T00:00:00.000,8:45,40.832214,-73.90344,0,0,0,0,4083,-7390,0.3064516129032258
2021-05-12T00:00:00.000,17:00,40.66494,-73.87382,0,0,0,0,4066,-7387,0.38461538461538464
2021-05-11T00:00:00.000,9:30,40.607864,-74.179184,2,0,1,1,4060,-7417,0.5
2021-05-12T00:00:00.000,11:00,40.769096,-73.833664,0,0,0,0,4076,-7383,0.33695652173913043
2021-05-14T00:00:00.000,23:47,40.691536,-73.99912,0,0,0,0,4069,-7399,0.29473684210526313
2021-05-10T00:00:00.000,9:00,40.904957,-73.85371,1,0,1,1,4090,-7385,0.42105263157894735
2021-05-10T00:00:00.000,0:30,40.83265,-73.86366,0,0,0,0,4083,-7386,0.24822695035460993
2021-05-13T00:00:00.000,12:05,40.662613,-73.908455,1,0,1,1,4066,-7390,0.2777777777777778
2021-05-12T00:00:00.000,7:00,40.721977,-73.75972,0,0,0,0,4072,-7375,0.2727272727272727
2021-05-14T00:00:00.000,16:00,40.872128,-73.88248,0,0,0,0,4087,-7388,0.3561643835616438
2021-05-08T00:00:00.000,15:19,40.86879,-73.83168,0,0,0,0,4086,-7383,0.3448275862068966
2021-05-08T00:00:00.000,16:00,40.69924,-73.80632,0,0,0,0,4069,-7380,0.38461538461538464
2021-05-11T00:00:00.000,16:25,40.66561,-73.73568,0,0,0,0,4066,-7373,0.44339622641509435
2021-05-03T00:00:00.000,20:00,40.62284,-74.00121,2,0,1,1,4062,-7400,0.3150684931506849
2021-05-06T00:00:00.000,18:20,40.810505,-73.95092,1,0,1,1,4081,-7395,0.3509933774834437
2021-05-11T00:00:00.000,20:41,40.86177,-73.89868,1,0,1,1,4086,-7389,0.40606060606060607
2021-05-10T00:00:00.000,6:00,40.58274,-73.97858,0,0,0,0,4058,-7397,0.2727272727272727
2021-05-07T00:00:00.000,12:50,40.75595,-73.88165,0,0,0,0,4075,-7388,0.3402061855670103
2021-05-12T00:00:00.000,16:13,40.683712,-73.913765,0,0,0,0,4068,-7391,0.344
2021-05-14T00:00:00.000,19:37,40.653774,-73.95617,0,0,0,0,4065,-7395,0.38686131386861317
2021-05-10T00:00:00.000,21:25,40.90195,-73.85043,1,0,1,1,4090,-7385,0.42105263157894735
2021-09-23T00:00:00.000,17:55,40.58897,-73.90895,1,0,1,1,4058,-7390,1.0
2021-05-11T00:00:00.000,20:00,40.706635,-74.015785,0,0,0,0,4070,-7401,0.140625
2021-05-10T00:00:00.000,16:30,40.74096,-73.88145,0,0,0,0,4074,-7388,0.2978723404255319
2021-05-11T00:00:00.000,8:00,40.869274,-73.90135,0,0,0,0,4086,-7390,0.42748091603053434
2021-05-11T00:00:00.000,0:00,40.83521,-73.85498,0,0,0,0,4083,-7385,0.30158730158730157
2021-05-10T00:00:00.000,2:00,40.595955,-73.93326,0,0,0,0,4059,-7393,0.47058823529411764
2021-05-12T00:00:00.000,2:55,40.752777,-73.70743,0,0,0,0,4075,-7370,0.4166666666666667
2021-05-10T00:00:00.000,14:55,40.658577,-73.89063,1,0,1,1,4065,-7389,0.34965034965034963
2021-05-13T00:00:00.000,15:55,40.714703,-73.96182,0,0,0,0,4071,-7396,0.3218390804597701
2021-05-12T00:00:00.000,8:40,40.695156,-73.89862,1,0,1,1,4069,-7389,0.3709677419354839
2021-05-10T00:00:00.000,8:42,40.65822,-73.90588,1,0,1,1,4065,-7390,0.375
2021-05-11T00:00:00.000,16:55,40.759884,-73.9368,0,0,0,0,4075,-7393,0.43478260869565216
2021-05-13T00:00:00.000,21:45,40.58394,-73.91784,0,0,0,0,4058,-7391,0.3888888888888889
2021-05-11T00:00:00.000,20:37,40.842945,-73.849205,2,0,1,1,4084,-7384,0.4222222222222222
2021-05-04T00:00:00.000,17:00,40.69012,-73.92318,1,0,1,1,4069,-7392,0.3584905660377358
2021-05-12T00:00:00.000,8:17,40.74473,-73.93359,0,0,0,0,4074,-7393,0.3333333333333333
2021-05-11T00:00:00.000,16:00,40.76397,-73.72479,0,0,0,0,4076,-7372,0.3333333333333333
2021-05-10T00:00:00.000,13:10,40.685776,-73.76095,0,0,0,0,4068,-7376,0.35714285714285715
2021-05-10T00:00:00.000,16:20,40.810402,-73.92196,1,0,1,1,4081,-7392,0.4714285714285714
2021-05-13T00:00:00.000,12:32,40.703632,-73.85587,2,0,1,1,4070,-7385,0.39436619718309857
2021-05-11T00:00:00.000,8:50,40.742123,-73.92745,2,0,1,1,4074,-7392,0.3709677419354839
2021-05-11T00:00:00.000,10:00,40.766705,-73.89024,0,0,0,0,4076,-7389,0.35185185185185186
2021-05-14T00:00:00.000,10:50,40.712288,-73.92731,0,0,0,0,4071,-7392,0.2777777777777778
2021-05-14T00:00:00.000,12:50,40.71165,-74.01039,0,0,0,0,4071,-7401,0.3181818181818182
2021-05-13T00:00:00.000,11:45,40.704082,-73.81641,0,0,0,0,4070,-7381,0.3194444444444444
2021-05-13T00:00:00.000,10:08,40.697582,-73.94965,0,0,0,0,4069,-7394,0.417910447761194
2021-05-12T00:00:00.000,14:15,40.631462,-74.0278,0,0,0,0,4063,-7402,0.3877551020408163
2021-05-12T00:00:00.000,18:35,40.70739,-73.95054,0,0,0,0,4070,-7395,0.3475177304964539
2021-05-12T00:00:00.000,17:45,40.84479,-73.91587,0,0,0,0,4084,-7391,0.32558139534883723
2021-05-09T00:00:00.000,14:30,40.83887,-73.87811,1,0,1,1,4083,-7387,0.38414634146341464
2021-05-14T00:00:00.000,22:50,40.63621,-73.74036,5,0,1,1,4063,-7374,0.7142857142857143
2021-05-13T00:00:00.000,0:00,40.725204,-74.01005,0,0,0,0,4072,-7401,0.4
2021-05-11T00:00:00.000,4:50,40.678394,-74.01169,1,0,1,1,4067,-7401,0.32142857142857145
2021-05-12T00:00:00.000,12:10,40.805557,-73.91047,1,0,1,1,4080,-7391,0.38961038961038963
2021-05-14T00:00:00.000,0:00,40.574142,-73.997314,0,0,0,0,4057,-7399,0.32558139534883723
2021-05-12T00:00:00.000,11:20,40.66112,-73.920135,0,0,0,0,4066,-7392,0.355
2021-05-14T00:00:00.000,8:10,40.756355,-73.87511,0,0,0,0,4075,-7387,0.33884297520661155
2021-05-12T00:00:00.000,14:05,40.6872,-73.84245,3,0,1,1,4068,-7384,0.3333333333333333
2021-05-11T00:00:00.000,18:20,40.854267,-73.869385,0,0,0,0,4085,-7386,0.33766233766233766
2021-05-07T00:00:00.000,20:15,40.699802,-73.773964,1,0,1,1,4069,-7377,0.35135135135135137
2021-05-13T00:00:00.000,22:41,40.66496,-73.82226,0,0,0,0,4066,-7382,0.43103448275862066
2021-05-10T00:00:00.000,18:10,40.761166,-73.82938,1,0,1,1,4076,-7382,0.2987012987012987
2021-05-13T00:00:00.000,7:20,40.652424,-73.83821,0,0,0,0,4065,-7383,0.38095238095238093
2021-05-13T00:00:00.000,12:35,40.683224,-73.72587,0,0,0,0,4068,-7372,0.375
2021-05-14T00:00:00.000,0:57,40.738194,-73.8492,1,0,1,1,4073,-7384,0.2682926829268293
2021-05-12T00:00:00.000,9:00,40.68595,-73.82571,0,0,0,0,4068,-7382,0.41975308641975306
2021-05-14T00:00:00.000,9:30,40.719864,-73.94486,1,0,1,1,4071,-7394,0.3710691823899371
2021-05-09T00:00:00.000,2:15,40.83302,-73.862724,1,0,1,1,4083,-7386,0.24822695035460993
2021-05-12T00:00:00.000,7:02,40.62795,-74.090645,0,0,0,0,4062,-7409,0.3333333333333333
2021-05-11T00:00:00.000,14:10,40.663094,-73.88431,0,0,0,0,4066,-7388,0.37012987012987014
2021-05-12T00:00:00.000,15:34,40.855755,-73.88544,0,0,0,0,4085,-7388,0.3
2021-05-12T00:00:00.000,14:10,40.682106,-73.84584,1,0,1,1,4068,-7384,0.3333333333333333
2021-05-13T00:00:00.000,9:50,40.600536,-73.9409,1,0,1,1,4060,-7394,0.5217391304347826
2021-05-14T00:00:00.000,21:45,40.826675,-73.90023,3,0,1,1,4082,-7390,0.3025210084033613
2021-05-11T00:00:00.000,7:00,40.751102,-73.8912,0,0,0,0,4075,-7389,0.4805194805194805
2021-05-14T00:00:00.000,14:53,40.622234,-74.00901,2,0,1,1,4062,-7400,0.3150684931506849
2021-05-14T00:00:00.000,19:10,40.67681,-73.79405,0,0,0,0,4067,-7379,0.4264705882352941
2021-05-14T00:00:00.000,18:46,40.81307,-73.91998,1,0,1,1,4081,-7391,0.47244094488188976
2021-05-10T00:00:00.000,17:30,40.63561,-73.9084,0,0,0,0,4063,-7390,0.3561643835616438
2021-09-22T00:00:00.000,18:40,40.823658,-73.91206,0,0,0,0,4082,-7391,0.3355263157894737
2021-05-07T00:00:00.000,21:48,40.757294,-73.99719,0,0,0,0,4075,-7399,0.2830188679245283
2021-05-09T00:00:00.000,22:44,40.690804,-73.98348,0,0,0,0,4069,-7398,0.3229166666666667
2021-05-12T00:00:00.000,22:59,40.657486,-73.92389,0,0,0,0,4065,-7392,0.35555555555555557
2021-05-14T00:00:00.000,17:29,40.642483,-73.97425,0,0,0,0,4064,-7397,0.4095238095238095
2021-05-13T00:00:00.000,21:00,40.76229,-73.75711,0,0,0,0,4076,-7375,0.3409090909090909
2021-05-10T00:00:00.000,4:28,40.64188,-73.894684,0,0,0,0,4064,-7389,0.43478260869565216
2021-05-14T00:00:00.000,18:30,40.772953,-73.92028,0,0,0,0,4077,-7392,0.3269230769230769
2021-05-14T00:00:00.000,21:05,40.808296,-73.96889,1,0,1,1,4080,-7396,0.31343283582089554
2021-05-07T00:00:00.000,14:24,40.835598,-73.9138,0,0,0,0,4083,-7391,0.33714285714285713
2021-05-02T00:00:00.000,11:20,40.57848,-73.98946,0,0,0,0,4057,-7398,0.36904761904761907
2021-05-14T00:00:00.000,18:00,40.776318,-73.962135,1,0,1,1,4077,-7396,0.3695652173913043
2021-05-14T00:00:00.000,19:49,40.827904,-73.91218,0,0,0,0,4082,-7391,0.3355263157894737
2021-05-12T00:00:00.000,10:30,40.72145,-73.84399,0,0,0,0,4072,-7384,0.2711864406779661
2021-05-13T00:00:00.000,4:53,40.740875,-73.89962,2,0,1,1,4074,-7389,0.3203125
2021-05-09T00:00:00.000,3:00,40.725693,-73.892586,0,0,0,0,4072,-7389,0.41379310344827586
2021-04-29T00:00:00.000,15:15,40.811264,-73.95782,1,0,1,1,4081,-7395,0.3509933774834437
2021-05-11T00:00:00.000,0:00,40.675632,-73.89878,0,0,0,0,4067,-7389,0.33852140077821014
2021-05-10T00:00:00.000,11:10,40.670277,-73.92542,1,0,1,1,4067,-7392,0.39655172413793105
2021-05-10T00:00:00.000,8:25,40.720535,-73.776215,1,0,1,1,4072,-7377,0.375
2021-09-18T00:00:00.000,12:10,40.631287,-73.945564,0,0,0,0,4063,-7394,0.358974358974359
2021-05-10T00:00:00.000,23:20,40.850166,-73.93576,1,0,1,1,4085,-7393,0.36585365853658536
2021-05-12T00:00:00.000,22:10,40.810093,-73.95309,0,0,0,0,4081,-7395,0.3509933774834437
2021-05-10T00:00:00.000,17:30,40.784702,-73.824615,0,0,0,0,4078,-7382,0.3
2021-05-14T00:00:00.000,2:45,40.822235,-73.85088,0,0,0,0,4082,-7385,0.27
2021-05-10T00:00:00.000,13:30,40.82864,-73.85344,1,0,1,1,4082,-7385,0.27
2021-05-13T00:00:00.000,16:30,40.74695,-73.99079,0,0,0,0,4074,-7399,0.3333333333333333
2021-05-11T00:00:00.000,11:56,40.726185,-73.87022,0,0,0,0,4072,-7387,0.5714285714285714
2021-05-14T00:00:00.000,22:55,40.782597,-73.82168,1,0,1,1,4078,-7382,0.3
2021-05-11T00:00:00.000,20:06,40.763344,-73.75791,0,0,0,0,4076,-7375,0.3409090909090909
2021-05-12T00:00:00.000,19:30,40.70153,-73.82341,0,0,0,0,4070,-7382,0.4166666666666667
2021-05-12T00:00:00.000,8:15,40.602135,-74.114876,0,0,0,0,4060,-7411,0.35714285714285715
2021-05-13T00:00:00.000,14:20,40.829002,-73.859825,1,0,1,1,4082,-7385,0.27
2021-05-14T00:00:00.000,21:50,40.77958,-73.98183,0,0,0,0,4077,-7398,0.38028169014084506
2021-05-14T00:00:00.000,20:15,40.619415,-74.09428,0,0,0,0,4061,-7409,0.46153846153846156
2021-05-14T00:00:00.000,9:00,40.652714,-73.8906,0,0,0,0,4065,-7389,0.34965034965034963
2021-05-12T00:00:00.000,8:35,40.74198,-73.94643,0,0,0,0,4074,-7394,0.33962264150943394
2021-05-11T00:00:00.000,10:40,40.61932,-73.97819,0,0,0,0,4061,-7397,0.421875
2021-05-10T00:00:00.000,22:55,40.58396,-73.9253,0,0,0,0,4058,-7392,0.375
2021-05-10T00:00:00.000,9:50,40.708492,-73.93887,0,0,0,0,4070,-7393,0.3300970873786408
2021-05-10T00:00:00.000,5:27,40.7418,-73.72815,0,0,0,0,4074,-7372,0.375
2021-05-12T00:00:00.000,10:27,40.829453,-73.90658,1,0,1,1,4082,-7390,0.3025210084033613
2021-05-10T00:00:00.000,8:00,40.651054,-74.01112,0,0,0,0,4065,-7401,0.43478260869565216
2021-05-11T00:00:00.000,14:00,40.711617,-74.00752,0,0,0,0,4071,-7400,0.25517241379310346
2021-05-11T00:00:00.000,7:03,40.81633,-73.91865,1,0,1,1,4081,-7391,0.47244094488188976
2021-05-12T00:00:00.000,13:25,40.73247,-73.86167,1,0,1,1,4073,-7386,0.3464566929133858
2021-05-11T00:00:00.000,22:55,40.71244,-73.89403,1,0,1,1,4071,-7389,0.38095238095238093
2021-05-14T00:00:00.000,16:34,40.757988,-73.969185,0,0,0,0,4075,-7396,0.4788732394366197
2021-05-11T00:00:00.000,5:40,40.659275,-73.889,0,0,0,0,4065,-7388,0.41509433962264153
2021-05-12T00:00:00.000,7:36,40.668606,-73.78168,0,0,0,0,4066,-7378,0.34615384615384615
2021-05-08T00:00:00.000,11:50,40.7614,-73.91149,0,0,0,0,4076,-7391,0.40476190476190477
2021-05-13T00:00:00.000,0:00,40.865303,-73.89006,0,0,0,0,4086,-7389,0.40606060606060607
2021-05-07T00:00:00.000,15:26,40.80816,-73.88866,2,0,1,1,4080,-7388,0.15789473684210525
2021-05-11T00:00:00.000,1:30,40.665257,-73.73926,1,0,1,1,4066,-7373,0.44339622641509435
2021-05-08T00:00:00.000,11:20,40.620247,-74.14188,0,0,0,0,4062,-7414,0.20408163265306123
2021-05-14T00:00:00.000,1:19,40.74525,-73.95575,0,0,0,0,4074,-7395,0.35185185185185186
2021-05-14T00:00:00.000,0:00,40.741074,-73.7258,0,0,0,0,4074,-7372,0.375
2021-05-11T00:00:00.000,14:19,40.803844,-73.91444,0,0,0,0,4080,-7391,0.38961038961038963
2021-05-12T00:00:00.000,10:20,40.677917,-73.93861,2,0,1,1,4067,-7393,0.3755868544600939
2021-05-14T00:00:00.000,15:45,40.667118,-73.88889,2,0,1,1,4066,-7388,0.37012987012987014
2021-05-12T00:00:00.000,12:30,40.705765,-73.74181,0,0,0,0,4070,-7374,0.3333333333333333
2021-05-10T00:00:00.000,16:40,40.867767,-73.92593,0,0,0,0,4086,-7392,0.359375
2021-05-01T00:00:00.000,9:40,40.800537,-73.94836,0,0,0,0,4080,-7394,0.41116751269035534
2021-05-13T00:00:00.000,18:16,40.79793,-73.934,0,0,0,0,4079,-7393,0.36585365853658536
2021-05-10T00:00:00.000,14:15,40.839848,-73.874435,0,0,0,0,4083,-7387,0.38414634146341464
2021-05-12T00:00:00.000,15:45,40.766357,-73.7811,0,0,0,0,4076,-7378,0.4
2021-05-12T00:00:00.000,15:10,40.83945,-73.88393,1,0,1,1,4083,-7388,0.26717557251908397
2021-05-12T00:00:00.000,18:16,40.811638,-73.9316,0,0,0,0,4081,-7393,0.32432432432432434
2021-05-12T00:00:00.000,13:40,40.76701,-73.98637,0,0,0,0,4076,-7398,0.3081761006289308
2021-05-12T00:00:00.000,15:05,40.670628,-73.84742,1,0,1,1,4067,-7384,0.28888888888888886
2021-05-12T00:00:00.000,14:00,40.835648,-73.855545,0,0,0,0,4083,-7385,0.30158730158730157
2021-05-14T00:00:00.000,7:00,40.820965,-73.939575,0,0,0,0,4082,-7393,0.36645962732919257
2021-05-14T00:00:00.000,16:02,40.8617,-73.89139,1,0,1,1,4086,-7389,0.40606060606060607
2021-05-14T00:00:00.000,15:46,40.61978,-74.10793,1,0,1,1,4061,-7410,0.6363636363636364
2021-05-10T00:00:00.000,11:45,40.84717,-73.89882,1,0,1,1,4084,-7389,0.33766233766233766
2021-05-12T00:00:00.000,14:30,40.74724,-73.73696,0,0,0,0,4074,-7373,0.4
2021-05-12T00:00:00.000,9:40,40.668495,-73.925606,1,0,1,1,4066,-7392,0.355
2021-05-11T00:00:00.000,7:30,40.59951,-73.749794,0,0,0,0,4059,-7374,0.18181818181818182
2021-05-14T00:00:00.000,9:40,40.665863,-73.98122,0,0,0,0,4066,-7398,0.421875
2021-04-17T00:00:00.000,0:03,40.700977,-73.91782,0,0,0,0,4070,-7391,0.27450980392156865
2021-05-12T00:00:00.000,14:23,40.619545,-73.91727,0,0,0,0,4061,-7391,0.358974358974359
2021-05-11T00:00:00.000,10:30,40.713745,-73.82613,0,0,0,0,4071,-7382,0.379746835443038
2021-05-08T00:00:00.000,13:07,40.80886,-73.95213,0,0,0,0,4080,-7395,0.381294964028777
2021-05-13T00:00:00.000,12:15,40.595062,-74.15969,1,0,1,1,4059,-7415,0.5
2021-05-11T00:00:00.000,9:00,40.6931,-73.95489,0,0,0,0,4069,-7395,0.30952380952380953
2021-05-14T00:00:00.000,2:06,40.85814,-73.895744,1,0,1,1,4085,-7389,0.3353658536585366
2021-09-23T00:00:00.000,19:35,40.636208,-73.94899,0,0,0,0,4063,-7394,0.358974358974359
2021-09-22T00:00:00.000,9:00,40.844162,-73.93958,0,0,0,0,4084,-7393,0.32786885245901637
2021-09-24T00:00:00.000,20:20,40.68836,-73.91615,0,0,0,0,4068,-7391,0.344
2021-09-24T00:00:00.000,16:15,40.77215,-73.929,1,0,1,1,4077,-7392,0.3269230769230769
2021-09-23T00:00:00.000,23:02,40.664173,-73.9449,1,0,1,1,4066,-7394,0.36792452830188677
2021-09-22T00:00:00.000,18:35,40.62867,-74.1498,0,0,0,0,4062,-7414,0.20408163265306123
2021-09-24T00:00:00.000,20:20,40.76943,-73.91025,0,0,0,0,4076,-7391,0.40476190476190477
2021-09-24T00:00:00.000,22:00,40.827763,-73.8683,0,0,0,0,4082,-7386,0.3493975903614458
2021-09-24T00:00:00.000,9:23,40.789886,-73.9684,0,0,0,0,4078,-7396,0.28125
2021-08-19T00:00:00.000,8:00,40.698074,-73.94685,0,0,0,0,4069,-7394,0.417910447761194
2021-09-22T00:00:00.000,17:57,40.635483,-74.01113,1,0,1,1,4063,-7401,0.37777777777777777
2021-09-23T00:00:00.000,20:00,40.673817,-73.86485,0,0,0,0,4067,-7386,0.3431372549019608
2021-09-24T00:00:00.000,20:00,40.827633,-73.93577,1,0,1,1,4082,-7393,0.36645962732919257
2021-09-22T00:00:00.000,19:40,40.65654,-73.90931,0,0,0,0,4065,-7390,0.375
2021-09-23T00:00:00.000,16:30,40.576504,-74.1037,0,0,0,0,4057,-7410,0.3877551020408163
2021-09-23T00:00:00.000,12:00,40.88185,-73.87024,0,0,0,0,4088,-7387,0.14583333333333334
2021-09-22T00:00:00.000,17:25,40.670937,-73.73544,1,0,1,1,4067,-7373,0.46835443037974683
2021-09-22T00:00:00.000,7:48,40.662533,-73.92706,0,0,0,0,4066,-7392,0.355
2021-09-23T00:00:00.000,9:00,40.819355,-73.9307,3,0,1,1,4081,-7393,0.32432432432432434
2021-09-23T00:00:00.000,6:43,40.753944,-73.972145,0,0,0,0,4075,-7397,0.375886524822695
2021-07-27T00:00:00.000,10:57,40.67132,-73.9281,0,0,0,0,4067,-7392,0.39655172413793105
2021-09-23T00:00:00.000,9:52,40.592403,-73.9954,0,0,0,0,4059,-7399,0.3076923076923077
2021-09-23T00:00:00.000,15:18,40.674503,-73.83773,0,0,0,0,4067,-7383,0.48148148148148145
2021-09-24T00:00:00.000,12:10,40.753128,-73.968254,0,0,0,0,4075,-7396,0.4788732394366197
2021-09-22T00:00:00.000,7:45,40.735657,-73.9096,0,0,0,0,4073,-7390,0.42424242424242425
2021-09-24T00:00:00.000,7:53,40.840744,-73.89933,1,0,1,1,4084,-7389,0.33766233766233766
2021-09-23T00:00:00.000,23:50,40.63932,-74.02356,0,0,0,0,4063,-7402,0.3877551020408163
2021-09-24T00:00:00.000,11:20,40.807335,-73.9644,0,0,0,0,4080,-7396,0.31343283582089554
2021-09-23T00:00:00.000,18:31,40.78935,-73.94928,0,0,0,0,4078,-7394,0.33513513513513515
2021-09-24T00:00:00.000,16:00,40.886185,-73.866974,0,0,0,0,4088,-7386,0.23809523809523808
2021-09-22T00:00:00.000,21:40,40.760822,-73.99832,0,0,0,0,4076,-7399,0.3275862068965517
2021-09-22T00:00:00.000,11:57,40.64138,-73.969406,0,0,0,0,4064,-7396,0.4714285714285714
2021-09-23T00:00:00.000,19:20,40.830463,-73.891815,1,0,1,1,4083,-7389,0.3333333333333333
2021-09-23T00:00:00.000,12:10,40.7441,-73.99565,1,0,1,1,4074,-7399,0.3333333333333333
2021-09-20T00:00:00.000,21:33,40.68815,-73.72963,2,0,1,1,4068,-7372,0.375
2021-09-24T00:00:00.000,15:00,40.822643,-73.88606,0,0,0,0,4082,-7388,0.27624309392265195
2021-09-24T00:00:00.000,10:00,40.646214,-73.876114,0,0,0,0,4064,-7387,0.4918032786885246
2021-09-22T00:00:00.000,13:00,40.6915,-73.90956,0,0,0,0,4069,-7390,0.29591836734693877
2021-09-24T00:00:00.000,7:40,40.632072,-73.940796,3,0,1,1,4063,-7394,0.358974358974359
2021-09-24T00:00:00.000,14:08,40.608353,-73.99078,0,0,0,0,4060,-7399,0.31683168316831684
2021-09-20T00:00:00.000,15:00,40.77954,-73.988,0,0,0,0,4077,-7398,0.38028169014084506
2021-09-24T00:00:00.000,21:22,40.86634,-73.90059,0,0,0,0,4086,-7390,0.42748091603053434
2025-01-31T00:00:00.000,8:19,40.720375,-73.85551,1,0,1,1,4072,-7385,0.4418604651162791
2021-09-23T00:00:00.000,17:00,40.702873,-73.817055,0,0,0,0,4070,-7381,0.3194444444444444
2021-09-24T00:00:00.000,14:00,40.761124,-73.9236,0,0,0,0,4076,-7392,0.42105263157894735
2021-09-21T00:00:00.000,17:35,40.736652,-73.88754,0,0,0,0,4073,-7388,0.2777777777777778
2021-09-24T00:00:00.000,19:40,40.878853,-73.87349,2,0,1,1,4087,-7387,0.297029702970297
2021-09-22T00:00:00.000,6:15,40.708374,-73.84271,1,0,1,1,4070,-7384,0.43333333333333335
2021-09-23T00:00:00.000,21:25,40.72702,-73.90765,1,0,1,1,4072,-7390,0.2978723404255319
2021-09-22T00:00:00.000,9:10,40.741127,-73.99065,0,0,0,0,4074,-7399,0.3333333333333333
2021-09-24T00:00:00.000,14:25,40.702713,-73.937325,1,0,1,1,4070,-7393,0.3300970873786408
2021-09-22T00:00:00.000,9:20,40.875343,-73.83859,0,0,0,0,4087,-7383,0.3333333333333333
2021-09-23T00:00:00.000,9:05,40.673992,-73.73508,0,0,0,0,4067,-7373,0.46835443037974683
2021-09-24T00:00:00.000,5:48,40.630283,-74.01635,1,0,1,1,4063,-7401,0.37777777777777777
2021-09-23T00:00:00.000,14:30,40.77716,-73.94794,0,0,0,0,4077,-7394,0.28
2021-09-23T00:00:00.000,11:50,40.690464,-73.857376,1,0,1,1,4069,-7385,0.34
2021-09-21T00:00:00.000,13:40,40.67447,-74.001976,1,0,1,1,4067,-7400,0.20967741935483872
2021-09-24T00:00:00.000,16:29,40.854874,-73.916794,1,0,1,1,4085,-7391,0.373134328358209
2021-09-24T00:00:00.000,16:05,40.878853,-73.87349,0,0,0,0,4087,-7387,0.297029702970297
2021-09-22T00:00:00.000,17:20,40.721573,-73.99735,0,0,0,0,4072,-7399,0.3829787234042553
2021-09-23T00:00:00.000,12:35,40.75727,-73.74765,0,0,0,0,4075,-7374,0.3333333333333333
2021-09-22T00:00:00.000,8:12,40.73036,-73.952515,0,0,0,0,4073,-7395,0.30434782608695654
2021-09-15T00:00:00.000,21:53,40.668797,-73.93113,1,0,1,1,4066,-7393,0.38578680203045684
2021-09-24T00:00:00.000,16:10,40.639378,-73.93586,0,0,0,0,4063,-7393,0.46153846153846156
2021-09-22T00:00:00.000,12:45,40.640053,-74.08018,4,0,1,1,4064,-7408,0.2894736842105263
2021-09-23T00:00:00.000,2:30,40.760155,-73.9988,0,0,0,0,4076,-7399,0.3275862068965517
2021-09-22T00:00:00.000,16:50,40.680664,-73.902626,1,0,1,1,4068,-7390,0.4421052631578947
2021-09-24T00:00:00.000,22:25,40.646793,-74.013145,0,0,0,0,4064,-7401,0.4295774647887324
2021-09-23T00:00:00.000,0:00,40.665257,-73.739555,1,0,1,1,4066,-7373,0.44339622641509435
2021-09-23T00:00:00.000,11:00,40.70911,-73.776054,0,0,0,0,4070,-7377,0.2413793103448276
2021-09-24T00:00:00.000,1:07,40.72621,-73.920525,0,0,0,0,4072,-7392,0.4
2021-09-24T00:00:00.000,15:00,40.6557,-73.74486,1,0,1,1,4065,-7374,0.4583333333333333
2021-09-24T00:00:00.000,18:37,40.64059,-73.95429,1,0,1,1,4064,-7395,0.4796747967479675
2021-09-22T00:00:00.000,4:26,40.68945,-73.96809,1,0,1,1,4068,-7396,0.42567567567567566
2021-09-17T00:00:00.000,19:40,40.593155,-74.16262,1,0,1,1,4059,-7416,0.29411764705882354
2021-09-23T00:00:00.000,10:49,40.81969,-73.90161,1,0,1,1,4081,-7390,0.3888888888888889
2021-09-24T00:00:00.000,18:00,40.655853,-73.910126,0,0,0,0,4065,-7391,0.425
2021-09-13T00:00:00.000,16:05,0.0,0.0,0,0,0,0,0,0,0.40425531914893614
2021-09-24T00:00:00.000,16:56,40.77846,-73.809135,0,0,0,0,4077,-7380,0.25
2021-09-24T00:00:00.000,11:15,40.763622,-73.786964,0,0,0,0,4076,-7378,0.4
2021-09-24T00:00:00.000,21:30,40.73602,-73.87954,1,0,1,1,4073,-7387,0.3140495867768595
2021-09-24T00:00:00.000,16:00,40.77045,-73.83421,0,0,0,0,4077,-7383,0.25
2021-09-23T00:00:00.000,10:19,40.826878,-73.91176,1,0,1,1,4082,-7391,0.3355263157894737
2021-09-22T00:00:00.000,16:30,40.865997,-73.88802,0,0,0,0,4086,-7388,0.23943661971830985
2021-09-21T00:00:00.000,11:56,40.62665,-74.08222,1,0,1,1,4062,-7408,0.2
2021-09-07T00:00:00.000,12:15,40.73569,-73.95696,0,0,0,0,4073,-7395,0.30434782608695654
2021-09-20T00:00:00.000,14:00,40.767014,-73.934944,0,0,0,0,4076,-7393,0.44680851063829785
2021-09-23T00:00:00.000,9:30,40.820545,-73.91452,0,0,0,0,4082,-7391,0.3355263157894737
2021-09-24T00:00:00.000,16:00,40.68192,-73.86603,3,0,1,1,4068,-7386,0.423728813559322
2021-09-24T00:00:00.000,18:15,40.820187,-73.890686,2,0,1,1,4082,-7389,0.37423312883435583
2021-09-24T00:00:00.000,6:30,40.85947,-73.915726,0,0,0,0,4085,-7391,0.373134328358209
2021-09-22T00:00:00.000,18:30,40.620304,-73.966286,0,0,0,0,4062,-7396,0.375
2021-09-20T00:00:00.000,18:00,40.672516,-73.93356,0,0,0,0,4067,-7393,0.3755868544600939
2021-09-22T00:00:00.000,19:30,40.647297,-73.9803,1,0,1,1,4064,-7398,0.40425531914893614
2021-09-22T00:00:00.000,3:15,40.861828,-73.89286,0,0,0,0,4086,-7389,0.40606060606060607
2021-09-23T00:00:00.000,9:20,40.680325,-73.82898,0,0,0,0,4068,-7382,0.41975308641975306
2021-09-22T00:00:00.000,7:00,40.640015,-73.92575,0,0,0,0,4064,-7392,0.4077669902912621
2021-09-23T00:00:00.000,15:40,40.608776,-74.090805,1,0,1,1,4060,-7409,0.36363636363636365
2021-09-23T00:00:00.000,18:00,40.744728,-73.97579,0,0,0,0,4074,-7397,0.4810810810810811
2021-09-22T00:00:00.000,15:00,40.67947,-73.98469,0,0,0,0,4067,-7398,0.3655913978494624
2022-03-29T00:00:00.000,2:54,40.709305,-73.907005,0,0,0,0,4070,-7390,0.37894736842105264
2021-09-22T00:00:00.000,14:45,40.847855,-73.895584,1,0,1,1,4084,-7389,0.33766233766233766
2021-09-23T00:00:00.000,21:23,40.858303,-73.892784,2,0,1,1,4085,-7389,0.3353658536585366
2021-09-23T00:00:00.000,8:00,40.85525,-73.91277,0,0,0,0,4085,-7391,0.373134328358209
2021-09-22T00:00:00.000,16:18,40.87091,-73.881,0,0,0,0,4087,-7388,0.3561643835616438
2021-09-22T00:00:00.000,21:07,40.72059,-73.974884,1,0,1,1,4072,-7397,0.3283582089552239
2021-09-24T00:00:00.000,20:20,40.79732,-73.929306,0,0,0,0,4079,-7392,0.4
2021-09-19T00:00:00.000,10:29,40.76542,-73.86467,0,0,0,0,4076,-7386,0.40298507462686567
2021-05-15T00:00:00.000,10:40,40.768955,-73.82669,0,0,0,0,4076,-7382,0.2987012987012987
2021-09-22T00:00:00.000,16:00,40.845776,-73.863464,0,0,0,0,4084,-7386,0.375
2021-09-22T00:00:00.000,21:30,40.654537,-73.943726,0,0,0,0,4065,-7394,0.43137254901960786
2021-09-22T00:00:00.000,1:48,40.844746,-73.84586,0,0,0,0,4084,-7384,0.4222222222222222
2021-09-24T00:00:00.000,10:15,40.764053,-73.96476,0,0,0,0,4076,-7396,0.3023255813953488
2021-09-11T00:00:00.000,16:45,40.69268,-73.93998,0,0,0,0,4069,-7393,0.3141025641025641
2021-09-19T00:00:00.000,2:00,40.74035,-73.788345,0,0,0,0,4074,-7378,0.43478260869565216
2021-09-22T00:00:00.000,1:04,40.719177,-73.79223,0,0,0,0,4071,-7379,0.3888888888888889
2021-09-22T00:00:00.000,2:39,40.666958,-73.860245,0,0,0,0,4066,-7386,0.35
2021-09-22T00:00:00.000,18:34,40.76985,-73.8093,0,0,0,0,4076,-7380,0.4
2021-09-24T00:00:00.000,16:16,40.696198,-73.98877,2,0,1,1,4069,-7398,0.3229166666666667
2021-09-23T00:00:00.000,16:46,40.673985,-73.90697,1,0,1,1,4067,-7390,0.3282442748091603
2021-09-22T00:00:00.000,23:35,40.74592,-73.986404,1,0,1,1,4074,-7398,0.40131578947368424
2021-09-22T00:00:00.000,11:30,40.77873,-73.977844,0,0,0,0,4077,-7397,0.38235294117647056
2021-09-23T00:00:00.000,12:28,40.72375,-73.97806,0,0,0,0,4072,-7397,0.3283582089552239
2021-09-24T00:00:00.000,0:01,40.743793,-73.88472,1,0,1,1,4074,-7388,0.2978723404255319
2021-09-23T00:00:00.000,6:45,40.583057,-73.973114,0,0,0,0,4058,-7397,0.2727272727272727
2021-09-23T00:00:00.000,7:58,40.69599,-73.98322,0,0,0,0,4069,-7398,0.3229166666666667
2021-09-22T00:00:00.000,6:00,40.73863,-73.90833,0,0,0,0,4073,-7390,0.42424242424242425
2021-09-24T00:00:00.000,0:40,40.71664,-73.97561,0,0,0,0,4071,-7397,0.41509433962264153
2021-09-23T00:00:00.000,12:00,40.86226,-73.89589,0,0,0,0,4086,-7389,0.40606060606060607
2021-09-22T00:00:00.000,22:55,40.711258,-73.989685,1,0,1,1,4071,-7398,0.39568345323741005
2021-01-23T00:00:00.000,18:53,40.668293,-73.97924,0,0,0,0,4066,-7397,0.24390243902439024
2021-09-23T00:00:00.000,15:50,40.62058,-73.9964,1,0,1,1,4062,-7399,0.3835616438356164
2021-09-23T00:00:00.000,20:05,40.63155,-74.09493,1,0,1,1,4063,-7409,0.15384615384615385
2021-09-23T00:00:00.000,1:53,40.651268,-73.97181,0,0,0,0,4065,-7397,0.4074074074074074
2022-03-29T00:00:00.000,17:33,40.671085,-73.736275,0,0,0,0,4067,-7373,0.46835443037974683
2021-09-22T00:00:00.000,15:00,40.68733,-73.98183,0,0,0,0,4068,-7398,0.3873239436619718
2021-09-22T00:00:00.000,13:55,40.8753,-73.86813,0,0,0,0,4087,-7386,0.3142857142857143
2021-09-24T00:00:00.000,20:37,40.76786,-73.96408,0,0,0,0,4076,-7396,0.3023255813953488
2021-09-23T00:00:00.000,17:12,40.87397,-73.878876,0,0,0,0,4087,-7387,0.297029702970297
2021-09-20T00:00:00.000,8:51,40.781193,-73.96187,0,0,0,0,4078,-7396,0.28125
2021-09-24T00:00:00.000,18:15,40.701008,-73.9424,0,0,0,0,4070,-7394,0.3956043956043956
2021-09-22T00:00:00.000,20:15,40.70973,-74.00626,1,0,1,1,4070,-7400,0.2542372881355932
2021-09-23T00:00:00.000,19:15,40.58855,-74.14629,1,0,1,1,4058,-7414,0.75
2021-09-18T00:00:00.000,0:32,40.67058,-73.93096,0,0,0,0,4067,-7393,0.3755868544600939
2021-09-23T00:00:00.000,17:15,40.76542,-73.98383,1,0,1,1,4076,-7398,0.3081761006289308
2021-09-22T00:00:00.000,14:20,40.837673,-73.86548,0,0,0,0,4083,-7386,0.24822695035460993
2021-09-20T00:00:00.000,7:06,40.733425,-73.97447,0,0,0,0,4073,-7397,0.32558139534883723
2021-09-24T00:00:00.000,7:12,40.68957,-73.912605,0,0,0,0,4068,-7391,0.344
2021-09-23T00:00:00.000,8:10,40.764683,-73.99179,0,0,0,0,4076,-7399,0.3275862068965517
2021-09-24T00:00:00.000,10:28,40.70621,-73.939606,0,0,0,0,4070,-7393,0.3300970873786408
2021-09-11T00:00:00.000,15:50,40.89696,-73.854355,1,0,1,1,4089,-7385,0.3813559322033898
2021-09-22T00:00:00.000,8:34,40.75902,-73.82012,0,0,0,0,4075,-7382,0.4915254237288136
2021-09-24T00:00:00.000,18:52,40.69603,-73.943535,1,0,1,1,4069,-7394,0.417910447761194
2021-09-24T00:00:00.000,6:50,40.627975,-73.97753,1,0,1,1,4062,-7397,0.38666666666666666
2021-09-22T00:00:00.000,13:00,40.843212,-73.83894,0,0,0,0,4084,-7383,0.4318181818181818
2021-09-22T00:00:00.000,11:00,40.886448,-73.86663,0,0,0,0,4088,-7386,0.23809523809523808
2021-09-23T00:00:00.000,20:30,40.702614,-73.96058,0,0,0,0,4070,-7396,0.3431372549019608
2021-09-22T00:00:00.000,9:20,40.82083,-73.9222,0,0,0,0,4082,-7392,0.3333333333333333
2021-09-22T00:00:00.000,8:20,40.82282,-73.8691,1,0,1,1,4082,-7386,0.3493975903614458
2021-09-24T00:00:00.000,23:27,40.66829,-73.8763,1,0,1,1,4066,-7387,0.38461538461538464
2021-09-23T00:00:00.000,15:10,40.667774,-73.77702,0,0,0,0,4066,-7377,0.37362637362637363
2021-09-24T00:00:00.000,1:25,40.859325,-73.93132,0,0,0,0,4085,-7393,0.36585365853658536
2021-09-23T00:00:00.000,6:55,40.590984,-73.97569,0,0,0,0,4059,-7397,0.3191489361702128
2021-09-23T00:00:00.000,7:45,40.833702,-73.85631,0,0,0,0,4083,-7385,0.30158730158730157
2021-09-22T00:00:00.000,0:20,40.790905,-73.93914,0,0,0,0,4079,-7393,0.36585365853658536
2021-09-24T00:00:00.000,8:56,40.833282,-73.82836,2,0,1,1,4083,-7382,0.44680851063829785
2021-09-23T00:00:00.000,12:50,40.694363,-73.958,1,0,1,1,4069,-7395,0.30952380952380953
2021-09-24T00:00:00.000,12:35,40.686203,-73.950745,0,0,0,0,4068,-7395,0.38571428571428573
2021-09-21T00:00:00.000,21:50,40.735764,-73.97491,1,0,1,1,4073,-7397,0.32558139534883723
2021-09-23T00:00:00.000,0:00,40.73447,-73.86316,3,0,1,1,4073,-7386,0.3464566929133858
2021-09-24T00:00:00.000,5:45,40.72425,-73.894455,0,0,0,0,4072,-7389,0.41379310344827586
2021-09-24T00:00:00.000,19:25,40.842793,-73.84749,0,0,0,0,4084,-7384,0.4222222222222222
2021-09-23T00:00:00.000,22:00,40.670403,-73.85629,0,0,0,0,4067,-7385,0.26666666666666666
2021-09-23T00:00:00.000,5:50,40.78566,-73.855095,0,0,0,0,4078,-7385,0.0
2021-09-23T00:00:00.000,16:49,40.6646,-73.89502,0,0,0,0,4066,-7389,0.3103448275862069
2021-09-22T00:00:00.000,12:45,40.734886,-73.98995,0,0,0,0,4073,-7398,0.36942675159235666
2021-09-23T00:00:00.000,13:30,40.661385,-73.8841,2,0,1,1,4066,-7388,0.37012987012987014
2021-09-22T00:00:00.000,2:00,40.740894,-73.89961,0,0,0,0,4074,-7389,0.3203125
2021-09-23T00:00:00.000,21:40,40.64944,-73.96308,0,0,0,0,4064,-7396,0.4714285714285714
2021-09-22T00:00:00.000,7:00,40.70694,-73.91774,0,0,0,0,4070,-7391,0.27450980392156865
2021-09-18T00:00:00.000,10:00,40.673588,-73.96296,0,0,0,0,4067,-7396,0.3466666666666667
2021-09-22T00:00:00.000,13:08,40.567627,-74.11262,1,0,1,1,4056,-7411,0.3448275862068966
2021-09-23T00:00:00.000,20:55,40.795017,-73.97151,0,0,0,0,4079,-7397,0.24210526315789474
2021-09-22T00:00:00.000,20:00,40.610664,-73.93239,0,0,0,0,4061,-7393,0.34285714285714286
2022-03-21T00:00:00.000,19:00,40.695637,-73.80372,1,0,1,1,4069,-7380,0.38461538461538464
2021-09-23T00:00:00.000,14:50,40.867764,-73.89039,0,0,0,0,4086,-7389,0.40606060606060607
2021-09-22T00:00:00.000,10:53,40.69482,-73.934425,1,0,1,1,4069,-7393,0.3141025641025641
2021-09-18T00:00:00.000,15:30,40.67425,-73.88885,1,0,1,1,4067,-7388,0.30434782608695654
2021-09-22T00:00:00.000,6:18,40.756474,-73.94727,1,0,1,1,4075,-7394,0.41333333333333333
2021-09-23T00:00:00.000,23:25,40.67775,-73.75434,1,0,1,1,4067,-7375,0.2608695652173913
2021-09-21T00:00:00.000,7:45,40.692123,-73.98904,1,0,1,1,4069,-7398,0.3229166666666667
2021-09-23T00:00:00.000,22:32,40.596542,-74.00247,0,0,0,0,4059,-7400,0.2962962962962963
2021-09-24T00:00:00.000,3:10,40.751175,-73.98706,0,0,0,0,4075,-7398,0.3170731707317073
2021-09-23T00:00:00.000,13:30,40.71958,-73.98483,0,0,0,0,4071,-7398,0.39568345323741005
2021-09-21T00:00:00.000,16:20,40.771305,-73.87664,1,0,1,1,4077,-7387,0.35714285714285715
2021-09-21T00:00:00.000,8:50,40.895374,-73.86356,0,0,0,0,4089,-7386,0.28205128205128205
2021-09-19T00:00:00.000,7:00,40.820553,-73.914604,0,0,0,0,4082,-7391,0.3355263157894737
2025-02-02T00:00:00.000,20:36,40.613235,-74.17861,3,0,1,1,4061,-7417,0.6666666666666666
2021-09-24T00:00:00.000,16:19,40.64359,-73.90471,1,0,1,1,4064,-7390,0.4017094017094017
2021-09-24T00:00:00.000,22:51,40.811203,-73.96158,0,0,0,0,4081,-7396,0.2222222222222222
2021-09-22T00:00:00.000,7:05,40.653854,-74.00817,1,0,1,1,4065,-7400,0.41509433962264153
2021-08-26T00:00:00.000,23:30,40.67019,-73.93935,0,0,0,0,4067,-7393,0.3755868544600939
2021-09-19T00:00:00.000,20:00,40.67828,-73.958855,0,0,0,0,4067,-7395,0.3695652173913043
2021-09-24T00:00:00.000,22:27,40.764732,-73.96637,1,0,1,1,4076,-7396,0.3023255813953488
2021-09-24T00:00:00.000,10:48,40.770565,-73.835495,0,0,0,0,4077,-7383,0.25
2021-09-24T00:00:00.000,3:15,40.672844,-73.76405,0,0,0,0,4067,-7376,0.23076923076923078
2021-09-24T00:00:00.000,16:50,40.595863,-73.74822,0,0,0,0,4059,-7374,0.18181818181818182
2012-09-25T00:00:00.000,12:36,40.700005,-73.90296,0,0,0,0,4070,-7390,0.37894736842105264
2022-03-29T00:00:00.000,18:40,40.679737,-73.878395,0,0,0,0,4067,-7387,0.30344827586206896
2021-09-23T00:00:00.000,19:54,40.674576,-73.92206,0,0,0,0,4067,-7392,0.39655172413793105
2021-09-24T00:00:00.000,11:00,40.70299,-73.82519,0,0,0,0,4070,-7382,0.4166666666666667
2021-09-23T00:00:00.000,23:45,40.829376,-73.88562,2,0,1,1,4082,-7388,0.27624309392265195
2021-09-05T00:00:00.000,22:50,40.68561,-73.75027,2,0,1,1,4068,-7375,0.3877551020408163
2021-09-23T00:00:00.000,15:07,40.82767,-73.82937,1,0,1,1,4082,-7382,0.46153846153846156
2021-09-24T00:00:00.000,20:15,40.675926,-73.95608,1,0,1,1,4067,-7395,0.3695652173913043
2021-09-24T00:00:00.000,21:55,40.799976,-73.958626,1,0,1,1,4079,-7395,0.42
2021-09-24T00:00:00.000,16:30,40.681118,-73.96443,0,0,0,0,4068,-7396,0.42567567567567566
2021-09-23T00:00:00.000,23:10,40.74425,-73.90142,0,0,0,0,4074,-7390,0.40625
2021-09-20T00:00:00.000,11:00,40.75587,-73.99822,1,0,1,1,4075,-7399,0.2830188679245283
2021-09-24T00:00:00.000,16:00,40.653183,-73.915016,0,0,0,0,4065,-7391,0.425
2021-09-17T00:00:00.000,9:49,40.654457,-73.960785,0,0,0,0,4065,-7396,0.3939393939393939
2021-09-23T00:00:00.000,15:00,40.880535,-73.83212,0,0,0,0,4088,-7383,0.3448275862068966
2021-09-22T00:00:00.000,9:50,0.0,0.0,0,0,0,0,0,0,0.40425531914893614
2021-09-22T00:00:00.000,13:20,40.70722,-73.78957,1,0,1,1,4070,-7378,0.34523809523809523
2021-09-22T00:00:00.000,7:22,40.70064,-73.93647,1,0,1,1,4070,-7393,0.3300970873786408
2021-09-22T00:00:00.000,18:40,40.861862,-73.91275,0,0,0,0,4086,-7391,0.38016528925619836
2021-09-23T00:00:00.000,9:10,40.770042,-73.93057,0,0,0,0,4077,-7393,0.20833333333333334
2021-09-22T00:00:00.000,12:45,40.63144,-73.97027,0,0,0,0,4063,-7397,0.36893203883495146
2021-09-22T00:00:00.000,15:30,40.67393,-73.999954,0,0,0,0,4067,-7399,0.3258426966292135
2021-09-23T00:00:00.000,8:29,40.845642,-73.90211,7,0,1,1,4084,-7390,0.366120218579235
2021-09-23T00:00:00.000,16:15,40.631615,-74.01698,0,0,0,0,4063,-7401,0.37777777777777777
2021-09-23T00:00:00.000,9:16,40.761635,-73.90552,0,0,0,0,4076,-7390,0.3055555555555556
2021-09-22T00:00:00.000,8:58,40.74285,-73.97721,0,0,0,0,4074,-7397,0.4810810810810811
2021-09-24T00:00:00.000,9:30,40.69603,-73.943535,1,0,1,1,4069,-7394,0.417910447761194
2021-09-23T00:00:00.000,11:15,40.771854,-73.83179,2,0,1,1,4077,-7383,0.25
2021-09-23T00:00:00.000,6:15,40.65477,-74.00708,0,0,0,0,4065,-7400,0.41509433962264153
2021-09-18T00:00:00.000,2:54,40.729053,-73.90024,1,0,1,1,4072,-7390,0.2978723404255319
2021-09-22T00:00:00.000,16:00,40.723125,-73.92046,0,0,0,0,4072,-7392,0.4
2021-09-22T00:00:00.000,12:48,40.767612,-73.950005,0,0,0,0,4076,-7395,0.3696969696969697
2021-09-22T00:00:00.000,14:40,40.63196,-74.1228,0,0,0,0,4063,-7412,0.36363636363636365
2021-09-22T00:00:00.000,13:36,40.670624,-73.895546,1,0,1,1,4067,-7389,0.33852140077821014
2021-09-23T00:00:00.000,23:59,40.646557,-73.92593,3,0,1,1,4064,-7392,0.4077669902912621
2021-09-21T00:00:00.000,11:50,40.663853,-73.95194,0,0,0,0,4066,-7395,0.44375
2021-09-22T00:00:00.000,8:00,40.668507,-73.92561,2,0,1,1,4066,-7392,0.355
2021-09-23T00:00:00.000,17:10,40.69366,-73.85217,0,0,0,0,4069,-7385,0.34
2021-09-24T00:00:00.000,11:48,40.701195,-73.91409,0,0,0,0,4070,-7391,0.27450980392156865
2021-09-13T00:00:00.000,14:45,40.56094,-74.100815,0,0,0,0,4056,-7410,0.4
2021-09-21T00:00:00.000,9:10,40.657997,-73.93591,0,0,0,0,4065,-7393,0.44366197183098594
2021-09-22T00:00:00.000,18:05,40.78665,-73.8264,0,0,0,0,4078,-7382,0.3
2021-09-24T00:00:00.000,12:19,40.815754,-73.89529,0,0,0,0,4081,-7389,0.31543624161073824
2021-09-24T00:00:00.000,10:45,40.67801,-73.84975,0,0,0,0,4067,-7384,0.28888888888888886
2021-09-23T00:00:00.000,21:21,40.667118,-73.811165,1,0,1,1,4066,-7381,0.4716981132075472
2021-09-24T00:00:00.000,15:30,40.74662,-73.89359,0,0,0,0,4074,-7389,0.3203125
2021-09-24T00:00:00.000,6:00,40.611607,-73.99916,0,0,0,0,4061,-7399,0.29411764705882354
2021-09-07T00:00:00.000,11:05,40.730564,-73.99052,0,0,0,0,4073,-7399,0.423728813559322
2021-09-24T00:00:00.000,21:30,40.698814,-73.89215,0,0,0,0,4069,-7389,0.3709677419354839
2021-09-24T00:00:00.000,17:48,40.81417,-73.93431,0,0,0,0,4081,-7393,0.32432432432432434
2021-09-24T00:00:00.000,7:10,40.608063,-74.06171,0,0,0,0,4060,-7406,0.3076923076923077
2021-09-24T00:00:00.000,12:05,40.81572,-73.925064,1,0,1,1,4081,-7392,0.4714285714285714
2021-09-24T00:00:00.000,15:07,40.62877,-73.91825,1,0,1,1,4062,-7391,0.3333333333333333
2021-09-22T00:00:00.000,10:00,40.771515,-73.93128,0,0,0,0,4077,-7393,0.20833333333333334
2021-09-13T00:00:00.000,1:00,40.748775,-73.89348,0,0,0,0,4074,-7389,0.3203125
2021-09-23T00:00:00.000,16:40,40.691536,-73.99912,0,0,0,0,4069,-7399,0.29473684210526313
2021-09-24T00:00:00.000,15:15,40.753994,-73.94244,1,0,1,1,4075,-7394,0.41333333333333333
2021-09-22T00:00:00.000,16:55,40.66278,-73.88086,1,0,1,1,4066,-7388,0.37012987012987014
2021-09-15T00:00:00.000,2:40,40.67342,-73.95017,0,0,0,0,4067,-7395,0.3695652173913043
2021-09-22T00:00:00.000,20:30,40.713974,-73.953094,0,0,0,0,4071,-7395,0.36585365853658536
2021-09-24T00:00:00.000,15:00,40.815662,-73.88702,0,0,0,0,4081,-7388,0.25471698113207547
2022-03-29T00:00:00.000,17:30,40.73619,-73.85806,1,0,1,1,4073,-7385,0.3619047619047619
2022-03-29T00:00:00.000,12:00,40.744965,-73.883705,0,0,0,0,4074,-7388,0.2978723404255319
2022-03-29T00:00:00.000,23:06,40.581604,-73.83077,0,0,0,0,4058,-7383,0.38461538461538464
2022-03-29T00:00:00.000,17:02,40.863163,-73.8942,1,0,1,1,4086,-7389,0.40606060606060607
2022-03-25T00:00:00.000,4:10,40.768528,-73.912346,1,0,1,1,4076,-7391,0.40476190476190477
2022-03-29T00:00:00.000,14:04,40.835716,-73.89205,1,0,1,1,4083,-7389,0.3333333333333333
2022-03-27T00:00:00.000,19:20,40.636818,-74.15794,2,0,1,1,4063,-7415,0.3333333333333333
2022-03-29T00:00:00.000,18:42,40.580982,-73.954834,0,0,0,0,4058,-7395,0.3465346534653465
2022-03-29T00:00:00.000,6:55,40.823177,-73.88322,0,0,0,0,4082,-7388,0.27624309392265195
2022-03-24T00:00:00.000,10:00,40.641994,-74.07886,0,0,0,0,4064,-7407,0.2222222222222222
2022-03-29T00:00:00.000,11:50,40.73988,-73.99872,0,0,0,0,4073,-7399,0.423728813559322
2022-03-29T00:00:00.000,15:47,40.85063,-73.91527,1,0,1,1,4085,-7391,0.373134328358209
2022-03-29T00:00:00.000,16:00,40.781025,-73.981316,0,0,0,0,4078,-7398,0.42105263157894735
2022-03-29T00:00:00.000,21:20,40.847794,-73.82671,0,0,0,0,4084,-7382,0.4
2022-03-29T00:00:00.000,5:10,40.587303,-73.96036,1,0,1,1,4058,-7396,0.37333333333333335
2022-03-24T00:00:00.000,6:00,40.85738,-73.92973,0,0,0,0,4085,-7392,0.22
2022-03-29T00:00:00.000,19:00,40.625816,-73.99812,0,0,0,0,4062,-7399,0.3835616438356164
2022-03-29T00:00:00.000,13:30,40.667114,-73.834656,3,0,1,1,4066,-7383,0.5
2022-03-29T00:00:00.000,15:22,40.601204,-74.06509,1,0,1,1,4060,-7406,0.3076923076923077
2022-03-27T00:00:00.000,18:45,40.666096,-73.902084,0,0,0,0,4066,-7390,0.2777777777777778
2022-03-29T00:00:00.000,21:47,40.737537,-73.929955,0,0,0,0,4073,-7392,0.4444444444444444
2022-03-23T00:00:00.000,10:48,40.824387,-73.91678,0,0,0,0,4082,-7391,0.3355263157894737
2022-03-29T00:00:00.000,14:00,40.60461,-73.99826,0,0,0,0,4060,-7399,0.31683168316831684
2022-03-29T00:00:00.000,20:45,40.818844,-73.84941,0,0,0,0,4081,-7384,0.3333333333333333
2022-03-28T00:00:00.000,15:10,40.57961,-74.109116,0,0,0,0,4057,-7410,0.3877551020408163
2022-03-29T00:00:00.000,19:30,40.68031,-73.96793,0,0,0,0,4068,-7396,0.42567567567567566
2022-03-23T00:00:00.000,20:40,40.88144,-73.864,0,0,0,0,4088,-7386,0.23809523809523808
2022-03-29T00:00:00.000,5:28,40.762756,-73.82261,0,0,0,0,4076,-7382,0.2987012987012987
2022-03-26T00:00:00.000,23:50,40.725033,-73.95153,0,0,0,0,4072,-7395,0.22093023255813954
2022-03-28T00:00:00.000,6:40,40.54642,-74.14141,0,0,0,0,4054,-7414,0.2631578947368421
2021-05-09T00:00:00.000,15:18,40.697285,-73.75645,1,0,1,1,4069,-7375,0.3584905660377358
2021-05-12T00:00:00.000,18:16,40.729134,-73.98533,1,0,1,1,4072,-7398,0.4342105263157895
2021-05-15T00:00:00.000,23:44,40.861862,-73.91282,0,0,0,0,4086,-7391,0.38016528925619836
2021-05-15T00:00:00.000,15:37,40.851093,-73.93244,1,0,1,1,4085,-7393,0.36585365853658536
2021-05-09T00:00:00.000,23:40,40.751453,-73.83228,0,0,0,0,4075,-7383,0.37681159420289856
2021-05-15T00:00:00.000,16:20,40.599163,-73.74934,1,0,1,1,4059,-7374,0.18181818181818182
2021-05-14T00:00:00.000,17:46,40.86361,-73.928215,3,0,1,1,4086,-7392,0.359375
2022-03-29T00:00:00.000,8:20,40.82923,-73.90078,0,0,0,0,4082,-7390,0.3025210084033613
2021-05-14T00:00:00.000,11:28,40.65806,-73.93497,0,0,0,0,4065,-7393,0.44366197183098594
2021-05-15T00:00:00.000,21:59,40.76311,-73.962524,0,0,0,0,4076,-7396,0.3023255813953488
2021-05-10T00:00:00.000,5:22,40.642227,-73.90291,0,0,0,0,4064,-7390,0.4017094017094017
2021-05-05T00:00:00.000,14:30,40.65753,-73.89797,2,0,1,1,4065,-7389,0.34965034965034963
2021-05-08T00:00:00.000,0:27,40.756496,-73.988075,1,0,1,1,4075,-7398,0.3170731707317073
2022-03-29T00:00:00.000,14:05,40.78169,-73.841415,0,0,0,0,4078,-7384,0.23809523809523808
2022-03-29T00:00:00.000,17:25,40.638924,-73.965904,0,0,0,0,4063,-7396,0.34615384615384615
2020-03-31T00:00:00.000,9:10,40.73134,-73.99237,0,0,0,0,4073,-7399,0.423728813559322
2022-03-29T00:00:00.000,8:55,40.860332,-73.8983,1,0,1,1,4086,-7389,0.40606060606060607
2021-09-25T00:00:00.000,3:45,40.716774,-73.821205,0,0,0,0,4071,-7382,0.379746835443038
2021-04-25T00:00:00.000,0:49,40.7574419,-73.867464,1,0,1,1,4075,-7386,0.33653846153846156
2021-05-15T00:00:00.000,15:50,40.74843,-73.990456,1,0,1,1,4074,-7399,0.3333333333333333
2021-05-15T00:00:00.000,15:20,40.745728,-73.86213,0,0,0,0,4074,-7386,0.3813559322033898
2021-05-15T00:00:00.000,21:05,40.73986,-73.995026,0,0,0,0,4073,-7399,0.423728813559322
2021-05-12T00:00:00.000,19:31,40.86258,-73.925385,1,0,1,1,4086,-7392,0.359375
2021-05-15T00:00:00.000,17:27,40.667522,-73.78063,0,0,0,0,4066,-7378,0.34615384615384615
2021-05-14T00:00:00.000,23:10,40.82537,-73.88348,0,0,0,0,4082,-7388,0.27624309392265195
2021-05-15T00:00:00.000,21:00,40.770275,-73.91887,0,0,0,0,4077,-7391,0.3157894736842105
2021-05-15T00:00:00.000,18:30,40.805557,-73.91047,0,0,0,0,4080,-7391,0.38961038961038963
2021-05-15T00:00:00.000,14:00,40.682243,-73.82222,0,0,0,0,4068,-7382,0.41975308641975306
2021-05-10T00:00:00.000,22:30,40.836555,-73.87135,0,0,0,0,4083,-7387,0.38414634146341464
2021-05-15T00:00:00.000,14:08,40.552948,-74.168106,1,0,1,1,4055,-7416,0.5416666666666666
2021-05-05T00:00:00.000,0:45,40.748436,-73.9962,0,0,0,0,4074,-7399,0.3333333333333333
2021-05-15T00:00:00.000,4:31,40.64763,-74.01298,0,0,0,0,4064,-7401,0.4295774647887324
2021-05-13T00:00:00.000,14:50,40.757755,-73.79304,0,0,0,0,4075,-7379,0.38461538461538464
2021-05-14T00:00:00.000,12:30,40.687046,-73.792114,0,0,0,0,4068,-7379,0.35
2021-05-13T00:00:00.000,10:15,40.759907,-73.89373,0,0,0,0,4075,-7389,0.4805194805194805
2021-05-15T00:00:00.000,4:45,40.745148,-73.93348,0,0,0,0,4074,-7393,0.3333333333333333
2021-05-15T00:00:00.000,0:00,40.65161,-74.01062,0,0,0,0,4065,-7401,0.43478260869565216
2021-05-15T00:00:00.000,20:30,40.77753,-73.975006,1,0,1,1,4077,-7397,0.38235294117647056
2021-05-15T00:00:00.000,1:22,40.88809,-73.89254,0,0,0,0,4088,-7389,0.4626865671641791
2021-05-15T00:00:00.000,15:44,40.720245,-73.9444,2,0,1,1,4072,-7394,0.19801980198019803
2021-05-15T00:00:00.000,14:10,40.765182,-73.81414,1,0,1,1,4076,-7381,0.4716981132075472
2021-05-12T00:00:00.000,15:29,40.697998,-73.92606,0,0,0,0,4069,-7392,0.3584905660377358
2021-05-12T00:00:00.000,22:07,40.64638,-73.9288,1,0,1,1,4064,-7392,0.4077669902912621
2021-05-15T00:00:00.000,4:21,40.86945,-73.844315,0,0,0,0,4086,-7384,0.17857142857142858
2021-05-15T00:00:00.000,16:54,40.683125,-73.98744,0,0,0,0,4068,-7398,0.3873239436619718
2021-05-14T00:00:00.000,17:40,40.69815,-73.79241,0,0,0,0,4069,-7379,0.25925925925925924
2021-05-15T00:00:00.000,11:51,40.665558,-73.72985,0,0,0,0,4066,-7372,0.6190476190476191
2021-05-15T00:00:00.000,0:45,40.720585,-73.94312,0,0,0,0,4072,-7394,0.19801980198019803
2021-05-15T00:00:00.000,23:55,40.662086,-73.73801,0,0,0,0,4066,-7373,0.44339622641509435
2021-05-15T00:00:00.000,12:00,40.61967,-74.11885,0,0,0,0,4061,-7411,0.36
2021-05-13T00:00:00.000,21:10,40.7558,-73.86535,1,0,1,1,4075,-7386,0.33653846153846156
2021-05-15T00:00:00.000,14:53,40.90347,-73.88628,0,0,0,0,4090,-7388,0.36363636363636365
2021-05-15T00:00:00.000,18:59,40.841835,-73.92243,1,0,1,1,4084,-7392,0.3181818181818182
2021-05-15T00:00:00.000,0:30,40.807213,-73.92841,0,0,0,0,4080,-7392,0.3141025641025641
2021-05-15T00:00:00.000,15:45,40.667683,-73.99608,1,0,1,1,4066,-7399,0.40540540540540543
2021-05-15T00:00:00.000,1:28,40.681046,-73.94346,0,0,0,0,4068,-7394,0.4409448818897638
2021-05-15T00:00:00.000,22:00,40.574627,-74.1056,1,0,1,1,4057,-7410,0.3877551020408163
2021-05-09T00:00:00.000,5:00,40.714703,-73.740555,0,0,0,0,4071,-7374,0.23404255319148937
2021-05-15T00:00:00.000,14:55,40.690346,-73.9603,0,0,0,0,4069,-7396,0.325
2021-05-15T00:00:00.000,19:02,40.831623,-73.86726,0,0,0,0,4083,-7386,0.24822695035460993
2021-05-12T00:00:00.000,11:45,40.67206,-73.9036,0,0,0,0,4067,-7390,0.3282442748091603
2021-05-15T00:00:00.000,22:20,40.789017,-73.81865,1,0,1,1,4078,-7381,0.22580645161290322
2021-05-12T00:00:00.000,12:08,40.72915,-73.999084,0,0,0,0,4072,-7399,0.3829787234042553
2021-05-15T00:00:00.000,0:00,40.838062,-73.88869,0,0,0,0,4083,-7388,0.26717557251908397
2021-05-15T00:00:00.000,18:16,40.707962,-73.755424,3,0,1,1,4070,-7375,0.4117647058823529
2021-05-15T00:00:00.000,19:00,40.862064,-73.89484,0,0,0,0,4086,-7389,0.40606060606060607
2021-05-15T00:00:00.000,15:30,40.592304,-73.9739,0,0,0,0,4059,-7397,0.3191489361702128
2021-05-15T00:00:00.000,2:15,40.673553,-73.87148,0,0,0,0,4067,-7387,0.30344827586206896
2021-05-14T00:00:00.000,19:20,40.69832,-73.962265,0,0,0,0,4069,-7396,0.325
2021-05-14T00:00:00.000,6:00,40.760338,-73.89477,0,0,0,0,4076,-7389,0.35185185185185186
2021-04-28T00:00:00.000,7:00,40.704033,-73.7938,1,0,1,1,4070,-7379,0.3978494623655914
2021-05-15T00:00:00.000,13:51,40.610218,-73.98397,1,0,1,1,4061,-7398,0.3698630136986301
2021-05-03T00:00:00.000,11:27,40.795963,-73.97084,0,0,0,0,4079,-7397,0.24210526315789474
2021-05-15T00:00:00.000,5:13,40.7609,-73.81314,0,0,0,0,4076,-7381,0.4716981132075472
2021-05-15T00:00:00.000,4:51,40.757526,-73.92898,0,0,0,0,4075,-7392,0.48148148148148145
2021-05-15T00:00:00.000,20:15,40.667366,-73.92274,0,0,0,0,4066,-7392,0.355
2021-05-11T00:00:00.000,17:30,40.626835,-74.136894,0,0,0,0,4062,-7413,0.4074074074074074
2021-05-15T00:00:00.000,1:05,40.710888,-73.9808,1,0,1,1,4071,-7398,0.39568345323741005
2021-05-14T00:00:00.000,15:51,40.82483,-73.85424,1,0,1,1,4082,-7385,0.27
2021-05-13T00:00:00.000,9:45,40.62707,-74.01865,0,0,0,0,4062,-7401,0.3829787234042553
2022-03-29T00:00:00.000,16:05,40.700657,-73.757965,0,0,0,0,4070,-7375,0.4117647058823529
2021-05-15T00:00:00.000,8:49,40.678417,-73.729225,1,0,1,1,4067,-7372,0.3888888888888889
2021-05-15T00:00:00.000,17:30,40.575413,-73.98347,0,0,0,0,4057,-7398,0.36904761904761907
2021-05-15T00:00:00.000,6:05,40.652554,-73.92078,2,0,1,1,4065,-7392,0.35555555555555557
2021-05-15T00:00:00.000,1:30,40.705982,-73.73956,1,0,1,1,4070,-7373,0.52
2021-05-15T00:00:00.000,9:00,40.708973,-73.77689,0,0,0,0,4070,-7377,0.2413793103448276
2021-05-12T00:00:00.000,16:42,40.85226,-73.852905,1,0,1,1,4085,-7385,0.3125
2021-05-14T00:00:00.000,22:25,40.61358,-74.158325,0,0,0,0,4061,-7415,0.3333333333333333
2021-05-05T00:00:00.000,5:44,40.625103,-74.14877,1,0,1,1,4062,-7414,0.20408163265306123
2021-05-15T00:00:00.000,5:35,40.585133,-73.954544,1,0,1,1,4058,-7395,0.3465346534653465
2021-05-15T00:00:00.000,21:28,40.628567,-73.888794,0,0,0,0,4062,-7388,0.5714285714285714
2021-05-15T00:00:00.000,17:01,40.654865,-73.92191,0,0,0,0,4065,-7392,0.35555555555555557
2021-05-11T00:00:00.000,18:00,40.67824,-73.7711,0,0,0,0,4067,-7377,0.32608695652173914
2021-05-14T00:00:00.000,15:16,40.75202,-74.00473,1,0,1,1,4075,-7400,0.3888888888888889
2022-03-28T00:00:00.000,16:02,40.669483,-73.94385,1,0,1,1,4066,-7394,0.36792452830188677
2021-05-14T00:00:00.000,14:30,40.749264,-73.86847,1,0,1,1,4074,-7386,0.3813559322033898
2021-03-30T00:00:00.000,17:30,40.739113,-73.88975,0,0,0,0,4073,-7388,0.2777777777777778
2021-05-15T00:00:00.000,15:38,40.744522,-73.99164,1,0,1,1,4074,-7399,0.3333333333333333
2021-05-09T00:00:00.000,13:32,40.696045,-73.92996,3,0,1,1,4069,-7392,0.3584905660377358
2022-03-29T00:00:00.000,23:00,40.694275,-73.901855,1,0,1,1,4069,-7390,0.29591836734693877
2021-05-15T00:00:00.000,15:40,40.738495,-73.90274,0,0,0,0,4073,-7390,0.42424242424242425
2021-05-15T00:00:00.000,21:13,40.636574,-74.019196,1,0,1,1,4063,-7401,0.37777777777777777
2021-05-15T00:00:00.000,8:44,40.88716,-73.90858,0,0,0,0,4088,-7390,0.2702702702702703
2021-05-15T00:00:00.000,18:40,40.693142,-73.922,1,0,1,1,4069,-7392,0.3584905660377358
2021-05-15T00:00:00.000,6:00,40.826065,-73.88786,0,0,0,0,4082,-7388,0.27624309392265195
2021-05-15T00:00:00.000,11:00,40.67931,-73.79172,0,0,0,0,4067,-7379,0.4264705882352941
2021-05-15T00:00:00.000,13:00,40.679005,-73.819595,1,0,1,1,4067,-7381,0.4230769230769231
2021-05-15T00:00:00.000,9:46,40.732243,-73.87013,0,0,0,0,4073,-7387,0.3140495867768595
2021-05-15T00:00:00.000,8:20,40.78519,-73.94934,1,0,1,1,4078,-7394,0.33513513513513515
2021-05-15T00:00:00.000,16:30,40.638435,-73.89898,1,0,1,1,4063,-7389,0.41818181818181815
2021-05-15T00:00:00.000,18:30,40.68324,-73.9439,0,0,0,0,4068,-7394,0.4409448818897638
2021-05-15T00:00:00.000,13:35,40.82472,-73.87147,0,0,0,0,4082,-7387,0.33544303797468356
2021-05-14T00:00:00.000,7:30,40.680088,-73.80177,0,0,0,0,4068,-7380,0.3829787234042553
2021-05-15T00:00:00.000,16:30,40.88808,-73.8587,2,0,1,1,4088,-7385,0.36619718309859156
2021-05-13T00:00:00.000,10:31,40.65461,-73.922,0,1,2,1,4065,-7392,0.35555555555555557
2021-05-10T00:00:00.000,18:25,40.585163,-73.95641,1,0,1,1,4058,-7395,0.3465346534653465
2021-05-14T00:00:00.000,17:25,40.828938,-73.84559,1,0,1,1,4082,-7384,0.3835616438356164
2021-05-14T00:00:00.000,18:42,40.741932,-74.004654,0,0,0,0,4074,-7400,0.27710843373493976
2021-05-15T00:00:00.000,13:45,40.83089,-73.941376,2,0,1,1,4083,-7394,0.38926174496644295
2021-05-15T00:00:00.000,2:37,40.85537,-73.90473,1,0,1,1,4085,-7390,0.42207792207792205
2021-05-15T00:00:00.000,23:00,40.835297,-73.91291,1,0,1,1,4083,-7391,0.33714285714285713
2021-05-15T00:00:00.000,19:00,40.610447,-73.98497,0,0,0,0,4061,-7398,0.3698630136986301
2021-05-15T00:00:00.000,7:22,40.72619,-73.90409,1,0,1,1,4072,-7390,0.2978723404255319
2021-05-13T00:00:00.000,22:30,40.690712,-73.79992,0,0,0,0,4069,-7379,0.25925925925925924
2021-05-15T00:00:00.000,20:58,40.763126,-73.83125,1,0,1,1,4076,-7383,0.33695652173913043
2021-05-14T00:00:00.000,22:30,40.83553,-73.86317,0,0,0,0,4083,-7386,0.24822695035460993
2021-05-15T00:00:00.000,22:12,40.831776,-73.82097,2,0,1,1,4083,-7382,0.44680851063829785
2021-05-14T00:00:00.000,19:30,40.823437,-73.89044,0,0,0,0,4082,-7389,0.37423312883435583
2022-03-29T00:00:00.000,15:00,40.700855,-73.86837,2,0,1,1,4070,-7386,0.38235294117647056
2021-05-15T00:00:00.000,4:56,40.699406,-73.95338,1,0,1,1,4069,-7395,0.30952380952380953
2021-05-15T00:00:00.000,19:45,40.70987,-74.00706,1,0,1,1,4070,-7400,0.2542372881355932
2021-05-15T00:00:00.000,8:50,40.72321,-73.74008,1,0,1,1,4072,-7374,0.44
2021-05-15T00:00:00.000,20:40,40.585835,-73.8204,0,0,0,0,4058,-7382,0.11764705882352941
2021-05-15T00:00:00.000,18:30,40.679344,-73.859535,0,0,0,0,4067,-7385,0.26666666666666666
2021-05-15T00:00:00.000,23:50,40.57916,-73.98309,0,0,0,0,4057,-7398,0.36904761904761907
2021-05-15T00:00:00.000,15:00,40.878475,-73.83305,0,0,0,0,4087,-7383,0.3333333333333333
2021-05-15T00:00:00.000,11:28,40.59888,-73.820694,0,0,0,0,4059,-7382,0.5
2021-05-15T00:00:00.000,23:50,40.6306,-74.14399,1,0,1,1,4063,-7414,0.5769230769230769
2021-05-15T00:00:00.000,20:00,40.730213,-73.979836,1,0,1,1,4073,-7397,0.32558139534883723
2021-05-14T00:00:00.000,14:20,40.789383,-73.782326,2,0,1,1,4078,-7378,0.4375
2021-05-15T00:00:00.000,3:00,40.74325,-73.97694,0,0,0,0,4074,-7397,0.4810810810810811
2021-05-15T00:00:00.000,4:15,40.70616,-73.75747,0,0,0,0,4070,-7375,0.4117647058823529
2021-05-14T00:00:00.000,17:45,40.752174,-73.87338,0,0,0,0,4075,-7387,0.33884297520661155
2021-05-15T00:00:00.000,14:36,40.80907,-73.94455,1,0,1,1,4080,-7394,0.41116751269035534
2021-05-11T00:00:00.000,19:35,40.75304,-74.003975,0,0,0,0,4075,-7400,0.3888888888888889
2021-05-15T00:00:00.000,22:45,40.700356,-73.912575,0,0,0,0,4070,-7391,0.27450980392156865
2021-05-15T00:00:00.000,16:05,40.761173,-73.95789,0,0,0,0,4076,-7395,0.3696969696969697
2021-05-15T00:00:00.000,18:55,40.691658,-73.96177,0,0,0,0,4069,-7396,0.325
2021-05-15T00:00:00.000,18:40,40.630814,-74.02508,0,0,0,0,4063,-7402,0.3877551020408163
2021-05-15T00:00:00.000,0:01,40.67392,-73.91012,2,0,1,1,4067,-7391,0.36597938144329895
2021-05-15T00:00:00.000,9:10,40.70942,-73.7749,0,0,0,0,4070,-7377,0.2413793103448276
2021-05-15T00:00:00.000,1:40,40.714455,-73.935295,0,0,0,0,4071,-7393,0.2711864406779661
2021-05-15T00:00:00.000,20:00,40.695858,-73.81891,1,0,1,1,4069,-7381,0.3902439024390244
2021-05-15T00:00:00.000,13:34,40.657513,-73.96032,1,0,1,1,4065,-7396,0.3939393939393939
2021-05-15T00:00:00.000,12:40,40.645344,-73.87897,0,0,0,0,4064,-7387,0.4918032786885246
2021-05-14T00:00:00.000,16:40,40.701103,-73.92239,0,0,0,0,4070,-7392,0.24305555555555555
2021-05-15T00:00:00.000,13:10,40.58273,-73.97494,3,0,1,1,4058,-7397,0.2727272727272727
2021-05-15T00:00:00.000,17:00,40.652103,-73.86855,0,0,0,0,4065,-7386,0.36619718309859156
2021-05-15T00:00:00.000,22:25,40.825607,-73.89294,0,0,0,0,4082,-7389,0.37423312883435583
2021-05-15T00:00:00.000,14:30,40.665462,-73.81858,0,0,0,0,4066,-7381,0.4716981132075472
2021-05-15T00:00:00.000,11:15,40.6489,-73.96968,0,0,0,0,4064,-7396,0.4714285714285714
2021-05-15T00:00:00.000,8:50,40.582546,-74.10952,1,0,1,1,4058,-7410,0.3076923076923077
2021-05-11T00:00:00.000,11:43,40.62631,-74.15846,0,0,0,0,4062,-7415,0.37037037037037035
2021-05-15T00:00:00.000,9:05,40.636024,-73.89506,1,0,1,1,4063,-7389,0.41818181818181815
2021-05-15T00:00:00.000,21:30,40.644344,-73.950645,0,0,0,0,4064,-7395,0.4796747967479675
2021-05-14T00:00:00.000,13:00,40.700565,-73.76411,1,0,1,1,4070,-7376,0.43902439024390244
2021-05-15T00:00:00.000,10:00,40.762016,-73.89656,1,0,1,1,4076,-7389,0.35185185185185186
2021-05-12T00:00:00.000,6:30,40.70969,-73.76755,0,0,0,0,4070,-7376,0.43902439024390244
2021-05-15T00:00:00.000,16:40,40.736317,-73.857605,0,0,0,0,4073,-7385,0.3619047619047619
2021-05-15T00:00:00.000,9:36,40.8617,-73.89139,0,0,0,0,4086,-7389,0.40606060606060607
2021-05-15T00:00:00.000,6:27,40.86906,-73.88914,0,0,0,0,4086,-7388,0.23943661971830985
2021-05-15T00:00:00.000,8:30,40.599052,-73.99808,0,0,0,0,4059,-7399,0.3076923076923077
2021-05-15T00:00:00.000,13:35,40.74214,-74.00821,1,0,1,1,4074,-7400,0.27710843373493976
2021-05-15T00:00:00.000,18:50,40.83142,-73.92644,1,0,1,1,4083,-7392,0.310126582278481
2022-06-30T00:00:00.000,6:59,40.82789,-73.86162,1,0,1,1,4082,-7386,0.3493975903614458
2021-05-13T00:00:00.000,3:35,40.639988,-74.137665,2,0,1,1,4063,-7413,0.2903225806451613
2021-05-15T00:00:00.000,17:15,40.675453,-73.88064,0,0,0,0,4067,-7388,0.30434782608695654
2021-05-15T00:00:00.000,15:45,40.781578,-73.91547,1,0,1,1,4078,-7391,0.2777777777777778
2021-05-15T00:00:00.000,2:35,40.879807,-73.906586,0,0,0,0,4087,-7390,0.3184713375796178
2021-05-15T00:00:00.000,15:20,40.719864,-73.94486,0,0,0,0,4071,-7394,0.3710691823899371
2021-05-15T00:00:00.000,13:26,40.812824,-73.94925,1,0,1,1,4081,-7394,0.38
2021-05-15T00:00:00.000,12:00,40.67526,-73.85451,0,0,0,0,4067,-7385,0.26666666666666666
2021-05-14T00:00:00.000,14:00,40.83213,-73.86547,2,0,1,1,4083,-7386,0.24822695035460993
2021-05-15T00:00:00.000,6:16,40.686596,-73.79318,0,0,0,0,4068,-7379,0.35
2021-05-15T00:00:00.000,15:05,40.82906,-73.91001,0,0,0,0,4082,-7391,0.3355263157894737
2021-05-15T00:00:00.000,1:36,40.84497,-73.9092,4,0,1,1,4084,-7390,0.366120218579235
2021-05-13T00:00:00.000,6:00,40.7716,-73.80907,0,0,0,0,4077,-7380,0.25
2021-05-15T00:00:00.000,12:00,40.74329,-74.00502,0,0,0,0,4074,-7400,0.27710843373493976
2021-05-15T00:00:00.000,12:50,40.763447,-73.8153,3,0,1,1,4076,-7381,0.4716981132075472
2021-05-15T00:00:00.000,10:28,40.614452,-73.99161,1,0,1,1,4061,-7399,0.29411764705882354
2021-05-12T00:00:00.000,12:09,40.696335,-73.930504,1,0,1,1,4069,-7393,0.3141025641025641
2021-05-15T00:00:00.000,4:02,40.693726,-73.75485,1,0,1,1,4069,-7375,0.3584905660377358
2021-05-15T00:00:00.000,14:20,40.76501,-73.8871,0,0,0,0,4076,-7388,0.43283582089552236
2021-05-15T00:00:00.000,18:00,40.74197,-73.84116,0,0,0,0,4074,-7384,0.42857142857142855
2021-05-15T00:00:00.000,10:00,40.73002,-73.98355,0,0,0,0,4073,-7398,0.36942675159235666
2021-05-08T00:00:00.000,18:15,40.773045,-73.993416,2,0,1,1,4077,-7399,0.4166666666666667
2021-05-15T00:00:00.000,15:15,40.681778,-73.78156,1,0,1,1,4068,-7378,0.3384615384615385
2021-05-15T00:00:00.000,22:50,40.7444,-73.88606,0,0,0,0,4074,-7388,0.2978723404255319
2021-05-15T00:00:00.000,21:15,40.615414,-74.0827,0,0,0,0,4061,-7408,0.30612244897959184
2021-05-15T00:00:00.000,0:14,40.683094,-73.80576,0,0,0,0,4068,-7380,0.3829787234042553
2021-05-15T00:00:00.000,20:20,40.900288,-73.89704,0,0,0,0,4090,-7389,0.2727272727272727
2021-05-14T00:00:00.000,17:45,40.75362,-73.87047,2,0,1,1,4075,-7387,0.33884297520661155
2021-05-15T00:00:00.000,4:00,40.851753,-73.889435,0,0,0,0,4085,-7388,0.3
2021-05-13T00:00:00.000,1:03,40.634815,-73.88094,1,0,1,1,4063,-7388,0.3835616438356164
2021-05-15T00:00:00.000,15:29,40.64916,-73.94552,1,0,1,1,4064,-7394,0.42342342342342343
2021-05-13T00:00:00.000,3:00,40.586708,-74.15313,1,0,1,1,4058,-7415,0.42857142857142855
2021-05-15T00:00:00.000,2:32,40.676598,-73.96834,0,0,0,0,4067,-7396,0.3466666666666667
2021-05-14T00:00:00.000,21:08,40.70239,-73.924644,0,0,0,0,4070,-7392,0.24305555555555555
2021-05-15T00:00:00.000,11:40,40.837612,-73.86055,0,0,0,0,4083,-7386,0.24822695035460993
2021-05-15T00:00:00.000,4:40,40.749905,-73.86247,1,0,1,1,4074,-7386,0.3813559322033898
2021-05-14T00:00:00.000,22:51,40.680325,-73.8009,0,0,0,0,4068,-7380,0.3829787234042553
2021-05-04T00:00:00.000,1:34,40.637745,-74.11082,0,0,0,0,4063,-7411,0.20689655172413793
2021-05-15T00:00:00.000,5:22,40.834057,-73.88973,1,0,1,1,4083,-7388,0.26717557251908397
2021-05-15T00:00:00.000,12:30,40.78211,-73.955795,0,0,0,0,4078,-7395,0.42168674698795183
2021-05-15T00:00:00.000,14:27,40.692585,-73.81327,0,0,0,0,4069,-7381,0.3902439024390244
2021-05-15T00:00:00.000,23:00,40.66478,-73.8939,0,0,0,0,4066,-7389,0.3103448275862069
2021-05-15T00:00:00.000,17:24,40.666805,-73.8143,1,0,1,1,4066,-7381,0.4716981132075472
2021-05-15T00:00:00.000,10:00,40.78076,-73.94874,0,0,0,0,4078,-7394,0.33513513513513515
2021-12-23T00:00:00.000,8:22,40.615383,-74.01613,0,0,0,0,4061,-7401,0.2972972972972973
2022-02-19T00:00:00.000,17:11,40.65017,-73.92921,0,0,0,0,4065,-7392,0.35555555555555557
2022-02-19T00:00:00.000,9:18,40.624054,-73.919556,0,0,0,0,4062,-7391,0.3333333333333333
2021-05-15T00:00:00.000,14:33,40.61678,-74.0898,0,0,0,0,4061,-7408,0.30612244897959184
2021-05-15T00:00:00.000,20:52,40.794132,-73.94281,1,0,1,1,4079,-7394,0.3523809523809524
2021-05-15T00:00:00.000,12:33,40.661537,-73.91907,0,0,0,0,4066,-7391,0.3630952380952381
2021-05-15T00:00:00.000,18:40,40.773327,-73.76503,0,0,0,0,4077,-7376,0.125
2021-05-15T00:00:00.000,10:43,40.66925,-73.93944,0,0,0,0,4066,-7393,0.38578680203045684
2021-05-14T00:00:00.000,11:58,40.65642,-73.933815,1,0,1,1,4065,-7393,0.44366197183098594
2021-05-15T00:00:00.000,0:18,40.617245,-74.02474,0,0,0,0,4061,-7402,0.4090909090909091
2021-05-13T00:00:00.000,19:48,40.737595,-74.003204,0,0,0,0,4073,-7400,0.2403846153846154
2021-05-15T00:00:00.000,0:37,40.65622,-73.913155,0,0,0,0,4065,-7391,0.425
2021-05-15T00:00:00.000,13:10,40.88105,-73.86272,0,0,0,0,4088,-7386,0.23809523809523808
2021-05-15T00:00:00.000,16:00,40.759445,-73.78964,0,0,0,0,4075,-7378,0.18518518518518517
2021-05-10T00:00:00.000,12:29,40.755795,-73.93581,1,0,1,1,4075,-7393,0.43478260869565216
2021-05-15T00:00:00.000,0:50,40.709904,-73.95224,0,0,0,0,4070,-7395,0.3475177304964539
2021-05-15T00:00:00.000,23:50,40.663284,-73.96096,2,0,1,1,4066,-7396,0.4074074074074074
2021-05-06T00:00:00.000,22:59,40.751102,-73.8912,1,0,1,1,4075,-7389,0.4805194805194805
2021-05-15T00:00:00.000,18:34,40.66278,-73.88086,0,0,0,0,4066,-7388,0.37012987012987014
2021-05-15T00:00:00.000,19:07,40.710262,-73.95802,0,0,0,0,4071,-7395,0.36585365853658536
2021-05-09T00:00:00.000,21:10,40.85894,-73.922935,0,0,0,0,4085,-7392,0.22
2021-05-15T00:00:00.000,10:00,40.746353,-73.91617,1,0,1,1,4074,-7391,0.38333333333333336
2021-05-15T00:00:00.000,8:45,40.658966,-73.9191,0,0,0,0,4065,-7391,0.425
2021-05-15T00:00:00.000,19:00,40.65878,-73.960526,0,0,0,0,4065,-7396,0.3939393939393939
2021-05-15T00:00:00.000,18:00,40.792095,-73.97366,0,0,0,0,4079,-7397,0.24210526315789474
2021-05-15T00:00:00.000,13:45,40.654892,-73.95901,0,0,0,0,4065,-7395,0.38686131386861317
2021-05-15T00:00:00.000,0:00,40.875122,-73.905174,0,0,0,0,4087,-7390,0.3184713375796178
2021-05-15T00:00:00.000,4:24,40.741863,-73.90751,0,0,0,0,4074,-7390,0.40625
2021-05-15T00:00:00.000,16:40,40.86268,-73.90905,1,0,1,1,4086,-7390,0.42748091603053434
2021-05-15T00:00:00.000,4:30,40.731407,-73.99698,0,0,0,0,4073,-7399,0.423728813559322
2021-05-15T00:00:00.000,18:05,40.738934,-73.88012,0,0,0,0,4073,-7388,0.2777777777777778
2021-05-15T00:00:00.000,8:56,40.78933,-73.849754,0,0,0,0,4078,-7384,0.23809523809523808
2021-05-15T00:00:00.000,14:30,40.66796,-73.77155,1,0,1,1,4066,-7377,0.37362637362637363
2021-05-15T00:00:00.000,15:15,40.681736,-73.805305,0,0,0,0,4068,-7380,0.3829787234042553
2021-05-15T00:00:00.000,1:00,40.619,-74.084785,0,0,0,0,4061,-7408,0.30612244897959184
2021-05-15T00:00:00.000,18:57,40.77052,-73.91978,1,0,1,1,4077,-7391,0.3157894736842105
2021-05-12T00:00:00.000,20:24,40.757893,-73.87539,0,0,0,0,4075,-7387,0.33884297520661155
2021-05-14T00:00:00.000,0:00,40.823708,-73.87914,1,0,1,1,4082,-7387,0.33544303797468356
2021-05-15T00:00:00.000,16:00,40.72797,-73.98437,1,0,1,1,4072,-7398,0.4342105263157895
2021-05-15T00:00:00.000,18:50,40.693703,-73.90505,1,0,1,1,4069,-7390,0.29591836734693877
2021-05-15T00:00:00.000,18:37,40.679962,-73.83953,0,0,0,0,4067,-7383,0.48148148148148145
2021-04-23T00:00:00.000,13:50,40.697117,-73.93401,0,0,0,0,4069,-7393,0.3141025641025641
2021-05-15T00:00:00.000,16:18,40.718754,-73.74082,0,0,0,0,4071,-7374,0.23404255319148937
2021-05-14T00:00:00.000,13:00,40.692463,-73.81082,0,0,0,0,4069,-7381,0.3902439024390244
2021-05-15T00:00:00.000,0:57,40.842808,-73.942024,0,0,0,0,4084,-7394,0.17543859649122806
2021-05-15T00:00:00.000,10:05,40.720455,-73.9408,0,0,0,0,4072,-7394,0.19801980198019803
2021-05-15T00:00:00.000,17:53,40.610455,-73.99576,1,0,1,1,4061,-7399,0.29411764705882354
2021-05-15T00:00:00.000,20:10,40.68662,-73.82319,1,0,1,1,4068,-7382,0.41975308641975306
2021-05-15T00:00:00.000,21:45,40.820435,-73.93624,1,0,1,1,4082,-7393,0.36645962732919257
2021-05-15T00:00:00.000,18:00,40.734604,-73.864784,0,0,0,0,4073,-7386,0.3464566929133858
2021-05-15T00:00:00.000,8:20,40.696033,-73.98453,4,0,1,1,4069,-7398,0.3229166666666667
2021-05-15T00:00:00.000,4:21,40.856243,-73.895584,1,0,1,1,4085,-7389,0.3353658536585366
2021-05-15T00:00:00.000,20:00,40.86431,-73.901474,0,0,0,0,4086,-7390,0.42748091603053434
2021-05-13T00:00:00.000,7:40,40.701103,-73.92239,0,0,0,0,4070,-7392,0.24305555555555555
2021-05-15T00:00:00.000,9:00,40.74593,-73.8563,0,0,0,0,4074,-7385,0.35526315789473684
2022-03-29T00:00:00.000,17:20,40.66352,-73.73135,1,0,1,1,4066,-7373,0.44339622641509435
2021-05-15T00:00:00.000,3:53,40.760624,-73.81769,0,0,0,0,4076,-7381,0.4716981132075472
2021-05-14T00:00:00.000,23:44,40.748066,-73.84918,0,1,2,1,4074,-7384,0.42857142857142855
2021-05-14T00:00:00.000,13:00,40.68676,-73.78449,2,0,1,1,4068,-7378,0.3384615384615385
2021-05-14T00:00:00.000,16:08,40.667084,-73.78698,0,0,0,0,4066,-7378,0.34615384615384615
2021-05-11T00:00:00.000,16:45,40.75546,-73.88631,0,0,0,0,4075,-7388,0.3402061855670103
2021-05-14T00:00:00.000,21:41,40.558273,-74.13488,0,0,0,0,4055,-7413,0.2777777777777778
2021-05-15T00:00:00.000,12:50,40.82458,-73.870544,0,0,0,0,4082,-7387,0.33544303797468356
2021-05-06T00:00:00.000,12:50,40.697124,-73.91106,1,0,1,1,4069,-7391,0.2709677419354839
2021-05-14T00:00:00.000,16:22,40.759624,-73.99548,1,0,1,1,4075,-7399,0.2830188679245283
2021-05-15T00:00:00.000,0:20,40.84249,-73.868004,0,0,0,0,4084,-7386,0.375
2021-05-15T00:00:00.000,2:20,40.823536,-73.93108,0,0,0,0,4082,-7393,0.36645962732919257
2021-05-15T00:00:00.000,2:00,40.705746,-73.8097,0,0,0,0,4070,-7380,0.3877551020408163
2021-05-15T00:00:00.000,16:30,40.669476,-73.919975,0,0,0,0,4066,-7391,0.3630952380952381
2021-05-15T00:00:00.000,20:10,40.67699,-73.74308,0,0,0,0,4067,-7374,0.2619047619047619
2021-05-15T00:00:00.000,8:30,40.607655,-74.01703,0,0,0,0,4060,-7401,0.30357142857142855
2021-05-15T00:00:00.000,23:22,40.82256,-73.88755,0,0,0,0,4082,-7388,0.27624309392265195
2021-05-15T00:00:00.000,20:00,40.90316,-73.84599,0,0,0,0,4090,-7384,0.28205128205128205
2021-05-15T00:00:00.000,12:33,40.852863,-73.90093,2,0,1,1,4085,-7390,0.42207792207792205
2021-05-15T00:00:00.000,23:57,40.68303,-73.782295,0,0,0,0,4068,-7378,0.3384615384615385
2021-05-14T00:00:00.000,13:17,40.846405,-73.842896,0,0,0,0,4084,-7384,0.4222222222222222
2021-05-15T00:00:00.000,0:14,40.761806,-73.86826,1,0,1,1,4076,-7386,0.40298507462686567
2021-05-13T00:00:00.000,19:31,40.820305,-73.89083,2,0,1,1,4082,-7389,0.37423312883435583
2021-05-15T00:00:00.000,18:53,40.850834,-73.88577,0,0,0,0,4085,-7388,0.3
2021-02-08T00:00:00.000,5:02,40.8116,-73.93849,1,0,1,1,4081,-7393,0.32432432432432434
2021-05-06T00:00:00.000,14:55,0.0,0.0,1,0,1,1,0,0,0.40425531914893614
2021-05-15T00:00:00.000,0:13,40.65168,-74.00915,0,0,0,0,4065,-7400,0.41509433962264153
2021-05-15T00:00:00.000,21:30,40.663227,-73.93159,1,0,1,1,4066,-7393,0.38578680203045684
2021-05-15T00:00:00.000,17:13,40.65434,-73.94704,1,0,1,1,4065,-7394,0.43137254901960786
2022-03-29T00:00:00.000,11:40,40.749733,-73.99354,0,0,0,0,4074,-7399,0.3333333333333333
2021-05-15T00:00:00.000,0:46,40.66016,-73.75579,0,0,0,0,4066,-7375,0.3
2021-05-07T00:00:00.000,19:00,40.69001,-73.79204,0,0,0,0,4069,-7379,0.25925925925925924
2021-05-15T00:00:00.000,13:57,40.860764,-73.87195,2,0,1,1,4086,-7387,0.34545454545454546
2021-05-12T00:00:00.000,7:17,40.766594,-73.95317,0,0,0,0,4076,-7395,0.3696969696969697
2021-05-15T00:00:00.000,11:05,40.89408,-73.85951,1,0,1,1,4089,-7385,0.3813559322033898
2021-05-08T00:00:00.000,20:30,40.729046,-74.01073,0,0,0,0,4072,-7401,0.4
2021-05-10T00:00:00.000,21:25,40.849297,-73.93897,1,0,1,1,4084,-7393,0.32786885245901637
2021-05-15T00:00:00.000,3:32,40.583908,-73.98599,1,0,1,1,4058,-7398,0.4
2022-03-29T00:00:00.000,6:00,40.612946,-73.943756,1,0,1,1,4061,-7394,0.48484848484848486
2021-05-15T00:00:00.000,9:15,40.743374,-73.92056,1,0,1,1,4074,-7392,0.3709677419354839
2021-05-15T00:00:00.000,22:35,40.586258,-73.94893,0,0,0,0,4058,-7394,0.40816326530612246
2021-05-14T00:00:00.000,7:45,40.760536,-73.95836,0,0,0,0,4076,-7395,0.3696969696969697
2021-05-15T00:00:00.000,17:35,40.759727,-73.99169,1,0,1,1,4075,-7399,0.2830188679245283
2021-05-15T00:00:00.000,23:20,40.668682,-73.89987,2,0,1,1,4066,-7389,0.3103448275862069
2021-05-15T00:00:00.000,2:54,40.60099,-74.18089,1,0,1,1,4060,-7418,0.4
2021-05-15T00:00:00.000,1:13,40.88698,-73.84745,1,0,1,1,4088,-7384,0.4153846153846154
2021-05-15T00:00:00.000,9:10,40.63335,-74.00292,0,0,0,0,4063,-7400,0.3068181818181818
2021-04-17T00:00:00.000,0:10,40.68511,-73.79811,1,0,1,1,4068,-7379,0.35
2021-05-12T00:00:00.000,10:30,40.841957,-73.85778,0,0,0,0,4084,-7385,0.32727272727272727
2021-05-09T00:00:00.000,22:25,40.78542,-73.98399,0,0,0,0,4078,-7398,0.42105263157894735
2022-03-29T00:00:00.000,13:57,40.81511,-73.88856,1,0,1,1,4081,-7388,0.25471698113207547
2021-05-15T00:00:00.000,0:47,40.658966,-73.9191,1,0,1,1,4065,-7391,0.425
2021-05-15T00:00:00.000,0:59,40.7633,-73.90994,1,0,1,1,4076,-7390,0.3055555555555556
2021-05-14T00:00:00.000,10:00,40.759624,-73.99548,0,0,0,0,4075,-7399,0.2830188679245283
2021-05-11T00:00:00.000,19:15,40.75142,-73.88461,0,0,0,0,4075,-7388,0.3402061855670103
2021-05-14T00:00:00.000,15:36,40.81317,-73.859146,0,0,0,0,4081,-7385,0.30434782608695654
2021-05-15T00:00:00.000,16:16,40.68125,-73.764824,0,0,0,0,4068,-7376,0.35714285714285715
2021-05-15T00:00:00.000,7:00,40.62782,-74.12126,0,0,0,0,4062,-7412,0.21739130434782608
2022-03-17T00:00:00.000,8:00,40.695114,-73.911865,0,0,0,0,4069,-7391,0.2709677419354839
2022-03-29T00:00:00.000,17:00,40.76417,-73.83967,4,0,1,1,4076,-7383,0.33695652173913043
2022-03-29T00:00:00.000,16:04,40.669876,-73.84741,0,0,0,0,4066,-7384,0.5925925925925926
2022-03-27T00:00:00.000,19:04,40.839832,-73.92392,0,0,0,0,4083,-7392,0.310126582278481
2022-03-29T00:00:00.000,20:35,40.658577,-73.89063,0,0,0,0,4065,-7389,0.34965034965034963
2022-03-29T00:00:00.000,9:23,40.598553,-73.997345,0,0,0,0,4059,-7399,0.3076923076923077
2022-03-29T00:00:00.000,1:31,40.835686,-73.94102,0,0,0,0,4083,-7394,0.38926174496644295
2022-03-29T00:00:00.000,11:40,40.716644,-73.99582,0,0,0,0,4071,-7399,0.3263157894736842
2022-03-29T00:00:00.000,15:53,40.622177,-74.0227,3,0,1,1,4062,-7402,0.3625
2022-03-29T00:00:00.000,6:25,40.75425,-73.81354,0,0,0,0,4075,-7381,0.35
2022-03-29T00:00:00.000,7:19,40.587543,-73.958206,3,0,1,1,4058,-7395,0.3465346534653465
2022-03-28T00:00:00.000,15:25,40.62945,-73.979866,0,0,0,0,4062,-7397,0.38666666666666666
2022-03-29T00:00:00.000,20:35,40.68532,-73.98071,0,0,0,0,4068,-7398,0.3873239436619718
2022-03-29T00:00:00.000,7:45,40.7014,-73.816315,0,0,0,0,4070,-7381,0.3194444444444444
2022-03-29T00:00:00.000,17:00,40.55912,-74.15494,0,0,0,0,4055,-7415,0.3
2022-03-26T00:00:00.000,9:13,40.72314,-73.906425,0,0,0,0,4072,-7390,0.2978723404255319
2022-03-29T00:00:00.000,18:00,40.634605,-73.98539,1,0,1,1,4063,-7398,0.4827586206896552
2022-03-29T00:00:00.000,9:45,40.725582,-73.93584,0,0,0,0,4072,-7393,0.36507936507936506
2022-03-26T00:00:00.000,20:00,40.810104,-73.948975,0,0,0,0,4081,-7394,0.38
2022-03-23T00:00:00.000,16:20,40.77247,-73.91959,0,0,0,0,4077,-7391,0.3157894736842105
2022-03-29T00:00:00.000,8:49,40.709305,-73.84369,0,0,0,0,4070,-7384,0.43333333333333335
2022-03-29T00:00:00.000,12:30,40.70711,-73.95672,0,0,0,0,4070,-7395,0.3475177304964539
2022-06-30T00:00:00.000,12:45,40.69595,-73.86237,1,0,1,1,4069,-7386,0.21052631578947367
2022-03-29T00:00:00.000,14:08,40.83029,-73.850655,0,0,0,0,4083,-7385,0.30158730158730157
2022-03-18T00:00:00.000,11:17,40.71123,-73.85575,0,0,0,0,4071,-7385,0.4418604651162791
2022-03-29T00:00:00.000,0:16,40.71793,-73.73696,0,0,0,0,4071,-7373,0.25
2022-03-29T00:00:00.000,8:20,40.81642,-73.85123,1,0,1,1,4081,-7385,0.30434782608695654
2022-03-29T00:00:00.000,18:15,40.709343,-73.8178,1,0,1,1,4070,-7381,0.3194444444444444
2022-03-29T00:00:00.000,15:00,40.689537,-73.75813,0,0,0,0,4068,-7375,0.3877551020408163
2022-03-29T00:00:00.000,18:00,0.0,0.0,0,0,0,0,0,0,0.40425531914893614
2022-03-24T00:00:00.000,17:00,40.60817,-73.98735,2,0,1,1,4060,-7398,0.2711864406779661
2022-03-28T00:00:00.000,14:59,40.5559,-74.13979,0,0,0,0,4055,-7413,0.2777777777777778
2022-03-28T00:00:00.000,7:40,40.808395,-73.95296,1,0,1,1,4080,-7395,0.381294964028777
2022-03-29T00:00:00.000,21:09,40.83472,-73.89846,3,0,1,1,4083,-7389,0.3333333333333333
2022-03-29T00:00:00.000,9:55,40.867363,-73.92211,0,0,0,0,4086,-7392,0.359375
2022-03-29T00:00:00.000,17:00,40.697346,-73.89081,1,0,1,1,4069,-7389,0.3709677419354839
2022-03-29T00:00:00.000,12:30,40.768936,-73.834335,0,0,0,0,4076,-7383,0.33695652173913043
2022-03-29T00:00:00.000,9:20,40.56757,-73.88277,0,0,0,0,4056,-7388,0.3333333333333333
2022-03-28T00:00:00.000,16:15,40.78169,-73.94897,0,0,0,0,4078,-7394,0.33513513513513515
2022-03-29T00:00:00.000,14:01,40.67314,-73.86945,0,0,0,0,4067,-7386,0.3431372549019608
2022-03-28T00:00:00.000,16:30,40.596416,-73.76474,0,0,0,0,4059,-7376,0.23809523809523808
2022-03-27T00:00:00.000,19:00,40.668278,-73.87825,0,0,0,0,4066,-7387,0.38461538461538464
2022-03-29T00:00:00.000,8:03,40.802296,-73.92073,0,0,0,0,4080,-7392,0.3141025641025641
2021-09-25T00:00:00.000,19:43,40.711685,-73.74672,1,0,1,1,4071,-7374,0.23404255319148937
2022-03-29T00:00:00.000,14:20,40.83757,-73.85446,0,0,0,0,4083,-7385,0.30158730158730157
2022-03-28T00:00:00.000,19:48,40.57161,-74.09418,2,0,1,1,4057,-7409,0.1111111111111111
2022-03-28T00:00:00.000,14:50,40.577946,-74.102325,0,0,0,0,4057,-7410,0.3877551020408163
2022-03-29T00:00:00.000,0:35,40.694374,-73.803764,0,0,0,0,4069,-7380,0.38461538461538464
2022-03-29T00:00:00.000,21:55,40.67169,-73.79121,0,0,0,0,4067,-7379,0.4264705882352941
2022-03-29T00:00:00.000,7:45,40.851143,-73.88534,0,0,0,0,4085,-7388,0.3
2022-03-29T00:00:00.000,17:50,40.845177,-73.91417,0,0,0,0,4084,-7391,0.32558139534883723
2022-03-29T00:00:00.000,5:00,40.824085,-73.9013,0,0,0,0,4082,-7390,0.3025210084033613
2021-12-16T00:00:00.000,18:30,40.847458,-73.944244,0,0,0,0,4084,-7394,0.17543859649122806
2022-03-29T00:00:00.000,17:00,40.879955,-73.87888,0,0,0,0,4087,-7387,0.297029702970297
2022-03-29T00:00:00.000,8:46,40.666134,-73.993805,0,0,0,0,4066,-7399,0.40540540540540543
2022-03-29T00:00:00.000,18:15,40.67134,-73.88195,0,0,0,0,4067,-7388,0.30434782608695654
2022-03-29T00:00:00.000,0:00,40.76226,-73.75699,1,0,1,1,4076,-7375,0.3409090909090909
2022-03-29T00:00:00.000,15:00,40.845913,-73.84783,1,0,1,1,4084,-7384,0.4222222222222222
2022-03-29T00:00:00.000,1:03,40.82523,-73.94761,0,0,0,0,4082,-7394,0.3812154696132597
2022-03-29T00:00:00.000,22:06,40.750492,-73.751205,2,0,1,1,4075,-7375,0.3333333333333333
2022-02-19T00:00:00.000,12:27,40.809303,-73.94507,0,0,0,0,4080,-7394,0.41116751269035534
2022-03-29T00:00:00.000,21:10,40.76161,-73.97076,0,0,0,0,4076,-7397,0.37
2022-03-29T00:00:00.000,16:20,40.77187,-73.91481,0,0,0,0,4077,-7391,0.3157894736842105
2022-03-29T00:00:00.000,16:40,40.710587,-73.95511,0,0,0,0,4071,-7395,0.36585365853658536
2022-03-29T00:00:00.000,19:35,40.8885,-73.84213,0,0,0,0,4088,-7384,0.4153846153846154
2022-03-29T00:00:00.000,10:41,40.836605,-73.93931,0,0,0,0,4083,-7393,0.3333333333333333
2022-03-29T00:00:00.000,16:12,40.753,-73.969894,1,0,1,1,4075,-7396,0.4788732394366197
2022-03-29T00:00:00.000,11:40,40.738758,-74.00241,1,0,1,1,4073,-7400,0.2403846153846154
2022-03-15T00:00:00.000,18:20,40.64661,-74.0811,0,0,0,0,4064,-7408,0.2894736842105263
2022-03-29T00:00:00.000,7:00,40.708424,-73.95791,0,0,0,0,4070,-7395,0.3475177304964539
2022-07-01T00:00:00.000,14:45,40.750244,-73.920135,0,0,0,0,4075,-7392,0.48148148148148145
2022-07-01T00:00:00.000,18:40,40.801754,-73.93121,1,0,1,1,4080,-7393,0.36312849162011174
2022-06-25T00:00:00.000,21:45,40.83209,-73.8898,0,0,0,0,4083,-7388,0.26717557251908397
2022-06-30T00:00:00.000,0:35,40.666386,-73.80178,0,0,0,0,4066,-7380,0.40789473684210525
2022-06-30T00:00:00.000,16:30,40.74473,-73.93359,1,0,1,1,4074,-7393,0.3333333333333333
2022-06-30T00:00:00.000,13:30,40.726887,-73.78826,0,0,0,0,4072,-7378,0.4
2022-06-30T00:00:00.000,17:55,40.758537,-73.97721,1,0,1,1,4075,-7397,0.375886524822695
2022-06-30T00:00:00.000,11:45,40.77012,-73.95741,1,0,1,1,4077,-7395,0.3384615384615385
2022-06-30T00:00:00.000,0:30,40.67143,-73.98784,0,0,0,0,4067,-7398,0.3655913978494624
2022-06-29T00:00:00.000,4:07,40.676342,-73.910934,1,0,1,1,4067,-7391,0.36597938144329895
2022-06-30T00:00:00.000,20:14,40.63782,-73.98921,1,0,1,1,4063,-7398,0.4827586206896552
2022-06-29T00:00:00.000,13:55,40.763042,-73.956535,0,0,0,0,4076,-7395,0.3696969696969697
2022-07-01T00:00:00.000,10:00,40.60459,-74.02212,0,0,0,0,4060,-7402,0.42105263157894735
2022-06-29T00:00:00.000,9:35,40.73448,-73.92243,0,0,0,0,4073,-7392,0.4444444444444444
2022-06-14T00:00:00.000,13:00,40.711838,-73.917496,0,0,0,0,4071,-7391,0.1836734693877551
2022-07-01T00:00:00.000,15:00,40.784996,-73.824234,3,0,1,1,4078,-7382,0.3
2022-06-29T00:00:00.000,13:33,40.658875,-73.94753,0,0,0,0,4065,-7394,0.43137254901960786
2022-06-28T00:00:00.000,9:10,40.748108,-73.947365,1,0,1,1,4074,-7394,0.33962264150943394
2022-06-26T00:00:00.000,14:55,40.73911,-73.89768,1,0,1,1,4073,-7389,0.2857142857142857
2022-07-01T00:00:00.000,15:00,40.778664,-73.90946,1,0,1,1,4077,-7390,0.3404255319148936
2022-07-01T00:00:00.000,16:16,40.801918,-73.94344,1,0,1,1,4080,-7394,0.41116751269035534
2022-06-29T00:00:00.000,7:52,40.645042,-73.99965,0,0,0,0,4064,-7399,0.3442622950819672
2022-06-30T00:00:00.000,17:39,40.620975,-74.02537,0,0,0,0,4062,-7402,0.3625
2022-06-30T00:00:00.000,11:48,40.715702,-73.940506,0,0,0,0,4071,-7394,0.3710691823899371
2022-06-16T00:00:00.000,9:00,40.776867,-73.955414,0,0,0,0,4077,-7395,0.3384615384615385
2022-06-16T00:00:00.000,15:00,40.825577,-73.918465,0,0,0,0,4082,-7391,0.3355263157894737
2022-06-30T00:00:00.000,17:45,40.621563,-73.939125,2,0,1,1,4062,-7393,0.4444444444444444
2022-07-01T00:00:00.000,14:15,40.65067,-73.95248,0,0,0,0,4065,-7395,0.38686131386861317
2022-06-29T00:00:00.000,19:14,40.673542,-73.86668,0,0,0,0,4067,-7386,0.3431372549019608
2022-07-01T00:00:00.000,18:45,40.84394,-73.93903,0,0,0,0,4084,-7393,0.32786885245901637
2022-06-27T00:00:00.000,14:20,40.783245,-73.94473,0,0,0,0,4078,-7394,0.33513513513513515
2022-07-01T00:00:00.000,8:55,40.74273,-73.95412,2,0,1,1,4074,-7395,0.35185185185185186
2022-06-30T00:00:00.000,14:15,40.63311,-73.97217,1,0,1,1,4063,-7397,0.36893203883495146
2022-06-29T00:00:00.000,17:55,40.712284,-73.78536,1,0,1,1,4071,-7378,0.32653061224489793
2022-06-30T00:00:00.000,13:47,40.68232,-73.86433,0,0,0,0,4068,-7386,0.423728813559322
2022-06-19T00:00:00.000,23:42,40.81914,-73.93719,3,0,1,1,4081,-7393,0.32432432432432434
2022-06-29T00:00:00.000,0:00,40.62461,-74.00841,0,0,0,0,4062,-7400,0.3150684931506849
2022-06-29T00:00:00.000,16:18,40.74942,-73.940544,1,0,1,1,4074,-7394,0.33962264150943394
2022-07-01T00:00:00.000,22:00,40.7042,-73.815254,0,0,0,0,4070,-7381,0.3194444444444444
2022-06-29T00:00:00.000,2:25,40.72407,-73.76122,1,0,1,1,4072,-7376,0.5
2022-06-28T00:00:00.000,19:00,40.756874,-73.94436,1,0,1,1,4075,-7394,0.41333333333333333
2022-07-01T00:00:00.000,23:20,40.750675,-73.72698,0,0,0,0,4075,-7372,0.2857142857142857
2022-07-01T00:00:00.000,6:10,40.81636,-73.891815,0,0,0,0,4081,-7389,0.31543624161073824
2022-06-26T00:00:00.000,14:58,40.836414,-73.88936,0,0,0,0,4083,-7388,0.26717557251908397
2022-06-29T00:00:00.000,12:35,40.675842,-73.78305,1,0,1,1,4067,-7378,0.2
2022-06-29T00:00:00.000,14:15,40.830902,-73.84765,0,0,0,0,4083,-7384,0.22727272727272727
2022-06-29T00:00:00.000,20:14,40.71178,-73.75898,1,0,1,1,4071,-7375,0.3269230769230769
2022-07-01T00:00:00.000,6:26,40.609417,-73.9677,2,0,1,1,4060,-7396,0.5714285714285714
2022-06-19T00:00:00.000,14:21,40.87829,-73.87006,0,0,0,0,4087,-7387,0.297029702970297
2021-05-16T00:00:00.000,21:45,40.666935,-73.782715,0,0,0,0,4066,-7378,0.34615384615384615
2022-07-01T00:00:00.000,21:41,40.721275,-73.9778,1,0,1,1,4072,-7397,0.3283582089552239
2022-06-30T00:00:00.000,10:00,40.836384,-73.87039,0,0,0,0,4083,-7387,0.38414634146341464
2022-06-23T00:00:00.000,17:07,40.68048,-73.99336,0,0,0,0,4068,-7399,0.17857142857142858
2022-06-30T00:00:00.000,14:00,40.799713,-73.938156,0,0,0,0,4079,-7393,0.36585365853658536
2022-06-29T00:00:00.000,7:30,40.766743,-73.83272,0,0,0,0,4076,-7383,0.33695652173913043
2022-06-29T00:00:00.000,13:00,40.6228,-74.08526,0,0,0,0,4062,-7408,0.2
2022-06-30T00:00:00.000,8:15,40.59038,-74.19295,0,0,0,0,4059,-7419,0.0
2022-06-21T00:00:00.000,0:27,40.735283,-73.85984,0,0,0,0,4073,-7385,0.3619047619047619
2022-06-30T00:00:00.000,17:35,40.74217,-73.9828,0,0,0,0,4074,-7398,0.40131578947368424
2022-06-29T00:00:00.000,15:45,40.62152,-74.027916,0,0,0,0,4062,-7402,0.3625
2022-06-29T00:00:00.000,18:19,40.715237,-74.01339,0,0,0,0,4071,-7401,0.3181818181818182
2022-06-29T00:00:00.000,23:10,40.8183,-73.81894,1,0,1,1,4081,-7381,0.25
2022-06-30T00:00:00.000,15:10,40.718002,-73.98659,1,0,1,1,4071,-7398,0.39568345323741005
2022-05-22T00:00:00.000,5:22,40.691948,-73.730675,0,0,0,0,4069,-7373,0.36585365853658536
2022-06-30T00:00:00.000,10:59,40.852837,-73.89232,0,0,0,0,4085,-7389,0.3353658536585366
2022-06-30T00:00:00.000,14:16,40.632633,-74.01254,2,0,1,1,4063,-7401,0.37777777777777777
2022-06-30T00:00:00.000,8:35,40.6991,-73.906075,0,0,0,0,4069,-7390,0.29591836734693877
2022-06-29T00:00:00.000,16:00,40.714737,-73.95276,3,0,1,1,4071,-7395,0.36585365853658536
2022-06-23T00:00:00.000,18:45,40.6577,-73.94058,0,0,0,0,4065,-7394,0.43137254901960786
2022-07-01T00:00:00.000,14:53,40.82923,-73.87551,0,0,0,0,4082,-7387,0.33544303797468356
2022-06-29T00:00:00.000,20:23,40.651226,-73.95855,1,0,1,1,4065,-7395,0.38686131386861317
2022-06-24T00:00:00.000,23:38,40.691418,-73.75795,0,0,0,0,4069,-7375,0.3584905660377358
2022-06-29T00:00:00.000,11:45,40.672688,-73.73544,2,0,1,1,4067,-7373,0.46835443037974683
2022-06-23T00:00:00.000,9:30,40.64254,-73.87652,4,0,1,1,4064,-7387,0.4918032786885246
2022-07-01T00:00:00.000,15:24,40.788692,-73.93787,3,0,1,1,4078,-7393,0.4444444444444444
2021-12-24T00:00:00.000,14:20,40.68556,-73.90719,0,0,0,0,4068,-7390,0.4421052631578947
2022-07-01T00:00:00.000,15:14,40.67045,-73.98193,1,0,1,1,4067,-7398,0.3655913978494624
2022-07-01T00:00:00.000,20:21,40.74539,-73.90559,1,0,1,1,4074,-7390,0.40625
2022-06-30T00:00:00.000,6:15,40.69625,-73.99118,0,0,0,0,4069,-7399,0.29473684210526313
2022-06-28T00:00:00.000,11:30,40.888176,-73.831314,0,0,0,0,4088,-7383,0.3448275862068966
2022-06-30T00:00:00.000,0:00,40.64204,-74.0204,1,0,1,1,4064,-7402,0.41379310344827586
2022-07-01T00:00:00.000,19:28,40.632725,-73.90017,2,0,1,1,4063,-7390,0.3561643835616438
2022-07-01T00:00:00.000,2:07,40.677395,-73.89897,0,0,0,0,4067,-7389,0.33852140077821014
2022-06-30T00:00:00.000,13:19,40.687782,-73.91907,1,0,1,1,4068,-7391,0.344
2022-06-29T00:00:00.000,17:30,40.745113,-73.98067,1,0,1,1,4074,-7398,0.40131578947368424
2022-06-27T00:00:00.000,0:43,40.703247,-73.90844,1,0,1,1,4070,-7390,0.37894736842105264
2022-06-26T00:00:00.000,3:15,40.86357,-73.92602,0,0,0,0,4086,-7392,0.359375
2022-06-24T00:00:00.000,15:15,40.585117,-73.91429,1,0,1,1,4058,-7391,0.3888888888888889
2022-07-01T00:00:00.000,10:40,40.87645,-73.848175,0,0,0,0,4087,-7384,0.47297297297297297
2022-06-30T00:00:00.000,12:35,40.66041,-73.87693,0,0,0,0,4066,-7387,0.38461538461538464
2022-06-27T00:00:00.000,0:00,40.739952,-73.854454,0,0,0,0,4073,-7385,0.3619047619047619
2021-09-25T00:00:00.000,22:20,40.60455,-73.9691,0,0,0,0,4060,-7396,0.5714285714285714
2021-11-22T00:00:00.000,18:10,40.65414,-73.88732,0,1,2,1,4065,-7388,0.41509433962264153
2021-11-10T00:00:00.000,12:10,40.67468,-74.016045,0,0,0,0,4067,-7401,0.32142857142857145
2021-12-04T00:00:00.000,21:56,40.710888,-74.00907,1,0,1,1,4071,-7400,0.25517241379310346
2021-12-12T00:00:00.000,12:00,40.667313,-73.73926,1,0,1,1,4066,-7373,0.44339622641509435
2021-12-03T00:00:00.000,18:20,40.836758,-73.81813,0,0,0,0,4083,-7381,0.2
2021-12-11T00:00:00.000,4:20,40.666225,-73.80086,0,0,0,0,4066,-7380,0.40789473684210525
2021-12-14T00:00:00.000,12:28,40.75199,-73.931274,1,0,1,1,4075,-7393,0.43478260869565216
2022-06-30T00:00:00.000,10:00,40.6611,-73.748924,0,0,0,0,4066,-7374,0.3698630136986301
2022-07-01T00:00:00.000,23:55,40.67584,-73.91655,0,0,0,0,4067,-7391,0.36597938144329895
2022-06-30T00:00:00.000,17:16,40.755066,-73.84419,1,0,1,1,4075,-7384,0.25
2022-06-29T00:00:00.000,1:45,40.76253,-73.966995,0,0,0,0,4076,-7396,0.3023255813953488
2022-06-29T00:00:00.000,0:45,40.694965,-73.80835,2,0,1,1,4069,-7380,0.38461538461538464
2022-06-27T00:00:00.000,15:50,40.734314,-73.93803,1,0,1,1,4073,-7393,0.38461538461538464
2022-06-29T00:00:00.000,6:20,40.66127,-73.896065,0,0,0,0,4066,-7389,0.3103448275862069
2022-06-30T00:00:00.000,7:14,40.724224,-73.89542,1,0,1,1,4072,-7389,0.41379310344827586
2022-06-29T00:00:00.000,11:42,40.749405,-73.99658,0,0,0,0,4074,-7399,0.3333333333333333
2022-07-01T00:00:00.000,15:30,40.660114,-73.96391,0,0,0,0,4066,-7396,0.4074074074074074
2022-06-29T00:00:00.000,1:15,40.60113,-74.09704,0,0,0,0,4060,-7409,0.36363636363636365
2022-07-01T00:00:00.000,19:00,40.71664,-73.801605,0,0,0,0,4071,-7380,0.42105263157894735
2022-06-29T00:00:00.000,13:40,40.728954,-73.847565,1,0,1,1,4072,-7384,0.2711864406779661
2022-06-29T00:00:00.000,9:25,40.830112,-73.850266,2,0,1,1,4083,-7385,0.30158730158730157
2022-07-01T00:00:00.000,17:45,40.611683,-73.94694,1,0,1,1,4061,-7394,0.48484848484848486
2022-06-29T00:00:00.000,15:45,40.68528,-73.87735,1,0,1,1,4068,-7387,0.24719101123595505
2022-06-30T00:00:00.000,20:38,40.69366,-73.85217,0,0,0,0,4069,-7385,0.34
2022-06-24T00:00:00.000,15:30,40.8239,-73.876526,0,0,0,0,4082,-7387,0.33544303797468356
2022-06-30T00:00:00.000,21:00,40.852863,-73.90093,0,0,0,0,4085,-7390,0.42207792207792205
2022-07-01T00:00:00.000,18:56,40.676834,-74.00146,0,0,0,0,4067,-7400,0.20967741935483872
2022-06-30T00:00:00.000,18:51,40.763798,-73.808235,2,0,1,1,4076,-7380,0.4
2022-07-01T00:00:00.000,3:15,40.70233,-73.76613,1,0,1,1,4070,-7376,0.43902439024390244
2022-06-30T00:00:00.000,0:58,40.86675,-73.888885,0,0,0,0,4086,-7388,0.23943661971830985
2022-06-16T00:00:00.000,12:45,40.619396,-73.969574,0,0,0,0,4061,-7396,0.30666666666666664
2022-07-01T00:00:00.000,15:00,40.632847,-73.928375,0,0,0,0,4063,-7392,0.4036697247706422
2022-06-30T00:00:00.000,17:25,40.75657,-73.87585,0,0,0,0,4075,-7387,0.33884297520661155
2022-06-25T00:00:00.000,4:20,40.768887,-73.90691,0,0,0,0,4076,-7390,0.3055555555555556
2022-07-01T00:00:00.000,8:41,40.838707,-73.90989,0,0,0,0,4083,-7390,0.3064516129032258
2022-07-01T00:00:00.000,17:30,40.90146,-73.86267,0,0,0,0,4090,-7386,0.5
2022-07-01T00:00:00.000,14:18,40.611603,-73.91971,0,0,0,0,4061,-7391,0.358974358974359
2022-07-01T00:00:00.000,7:45,40.8203,-73.95967,0,0,0,0,4082,-7395,0.4117647058823529
2022-06-28T00:00:00.000,13:30,40.76964,-73.91,1,0,1,1,4076,-7391,0.40476190476190477
2022-06-10T00:00:00.000,17:55,40.66387,-73.94271,0,0,0,0,4066,-7394,0.36792452830188677
2022-06-30T00:00:00.000,8:00,40.676514,-74.01576,0,0,0,0,4067,-7401,0.32142857142857145
2022-06-03T00:00:00.000,14:00,40.602108,-73.96629,2,0,1,1,4060,-7396,0.5714285714285714
2022-06-28T00:00:00.000,18:50,40.666122,-73.93139,1,0,1,1,4066,-7393,0.38578680203045684
2022-06-30T00:00:00.000,21:50,40.755253,-73.919815,0,0,0,0,4075,-7391,0.4777777777777778
2022-06-30T00:00:00.000,15:30,40.89466,-73.86137,0,0,0,0,4089,-7386,0.28205128205128205
2022-06-27T00:00:00.000,22:50,40.69783,-73.93677,0,0,0,0,4069,-7393,0.3141025641025641
2022-06-29T00:00:00.000,12:15,40.648556,-73.957565,0,0,0,0,4064,-7395,0.4796747967479675
2022-07-01T00:00:00.000,17:54,40.631336,-74.1478,1,0,1,1,4063,-7414,0.5769230769230769
2022-06-29T00:00:00.000,16:47,40.68126,-73.76483,1,0,1,1,4068,-7376,0.35714285714285715
2022-06-29T00:00:00.000,10:00,40.691017,-73.954475,0,0,0,0,4069,-7395,0.30952380952380953
2022-06-26T00:00:00.000,23:35,40.89487,-73.85657,1,0,1,1,4089,-7385,0.3813559322033898
2022-07-01T00:00:00.000,9:15,40.89911,-73.84675,0,0,0,0,4089,-7384,0.3333333333333333
2022-06-28T00:00:00.000,17:33,40.665726,-73.96425,1,0,1,1,4066,-7396,0.4074074074074074
2022-06-29T00:00:00.000,9:33,40.63447,-73.94012,1,0,1,1,4063,-7394,0.358974358974359
2022-06-30T00:00:00.000,20:10,40.6752,-73.950005,0,0,0,0,4067,-7395,0.3695652173913043
2022-06-29T00:00:00.000,6:00,40.689735,-73.89033,2,0,1,1,4068,-7389,0.5
2022-06-29T00:00:00.000,9:10,40.847683,-73.94221,0,0,0,0,4084,-7394,0.17543859649122806
2022-07-01T00:00:00.000,16:30,40.776016,-73.78441,0,0,0,0,4077,-7378,0.4444444444444444
2022-06-29T00:00:00.000,17:00,40.664173,-73.77031,0,0,0,0,4066,-7377,0.37362637362637363
2022-06-24T00:00:00.000,23:21,40.60567,-74.030945,0,0,0,0,4060,-7403,0.3
2022-06-25T00:00:00.000,10:00,40.642864,-74.01266,1,0,1,1,4064,-7401,0.4295774647887324
2022-06-24T00:00:00.000,15:40,40.72214,-73.902275,1,0,1,1,4072,-7390,0.2978723404255319
2022-06-25T00:00:00.000,8:20,40.701557,-73.790276,1,0,1,1,4070,-7379,0.3978494623655914
2022-06-29T00:00:00.000,17:20,40.57902,-74.10661,1,0,1,1,4057,-7410,0.3877551020408163
2022-06-29T00:00:00.000,15:45,40.741447,-73.84603,1,0,1,1,4074,-7384,0.42857142857142855
2022-06-29T00:00:00.000,7:15,40.854675,-73.84366,1,0,1,1,4085,-7384,0.32432432432432434
2022-06-25T00:00:00.000,0:15,40.821877,-73.92071,1,0,1,1,4082,-7392,0.3333333333333333
2022-07-01T00:00:00.000,0:18,40.69382,-73.72694,0,0,0,0,4069,-7372,0.40425531914893614
2022-06-30T00:00:00.000,6:19,40.644016,-73.95819,0,0,0,0,4064,-7395,0.4796747967479675
2022-07-01T00:00:00.000,16:25,40.8032,-73.934616,0,0,0,0,4080,-7393,0.36312849162011174
2022-06-29T00:00:00.000,2:10,40.749535,-73.70493,1,0,1,1,4074,-7370,0.375
2022-07-01T00:00:00.000,5:35,40.677437,-73.99648,2,0,1,1,4067,-7399,0.3258426966292135
2022-06-22T00:00:00.000,17:00,40.66041,-73.93424,0,0,0,0,4066,-7393,0.38578680203045684
2022-06-30T00:00:00.000,12:06,40.71507,-73.91327,0,0,0,0,4071,-7391,0.1836734693877551
2022-07-01T00:00:00.000,20:40,40.869633,-73.82653,0,0,0,0,4086,-7382,0.3611111111111111
2022-06-30T00:00:00.000,15:28,40.580627,-73.96622,1,0,1,1,4058,-7396,0.37333333333333335
2022-06-18T00:00:00.000,1:38,40.755398,-73.93182,4,0,1,1,4075,-7393,0.43478260869565216
2022-06-27T00:00:00.000,14:44,40.836655,-73.88215,0,0,0,0,4083,-7388,0.26717557251908397
2022-06-29T00:00:00.000,21:38,40.64957,-73.93887,0,0,0,0,4064,-7393,0.3333333333333333
2022-06-30T00:00:00.000,14:30,40.717033,-73.95644,0,0,0,0,4071,-7395,0.36585365853658536
2022-06-30T00:00:00.000,19:01,40.726448,-73.75632,1,0,1,1,4072,-7375,0.2727272727272727
2022-06-30T00:00:00.000,7:30,40.64759,-74.01142,1,0,1,1,4064,-7401,0.4295774647887324
2022-06-28T00:00:00.000,15:00,40.70455,-73.91662,0,0,0,0,4070,-7391,0.27450980392156865
2022-06-25T00:00:00.000,3:31,40.830345,-73.92328,0,0,0,0,4083,-7392,0.310126582278481
2022-06-29T00:00:00.000,2:13,40.71594,-73.94462,2,0,1,1,4071,-7394,0.3710691823899371
2022-07-01T00:00:00.000,13:30,40.625576,-74.003975,1,0,1,1,4062,-7400,0.3150684931506849
2022-06-29T00:00:00.000,2:28,40.86157,-73.913185,0,0,0,0,4086,-7391,0.38016528925619836
2022-06-29T00:00:00.000,10:13,40.668648,-73.92835,1,0,1,1,4066,-7392,0.355
2022-06-27T00:00:00.000,13:40,40.709953,-73.8014,0,0,0,0,4070,-7380,0.3877551020408163
2022-06-30T00:00:00.000,17:29,40.587723,-73.93564,3,0,1,1,4058,-7393,0.24324324324324326
2022-06-30T00:00:00.000,8:05,40.713234,-73.873604,0,0,0,0,4071,-7387,0.5652173913043478
2022-06-25T00:00:00.000,22:50,40.66451,-73.91723,0,0,0,0,4066,-7391,0.3630952380952381
2022-06-29T00:00:00.000,15:06,40.828453,-73.84929,0,0,0,0,4082,-7384,0.3835616438356164
2022-06-25T00:00:00.000,18:00,40.70029,-73.889534,0,0,0,0,4070,-7388,0.3448275862068966
2022-06-30T00:00:00.000,12:38,40.827507,-73.85634,0,0,0,0,4082,-7385,0.27
2022-06-23T00:00:00.000,19:00,40.758324,-73.90848,0,0,0,0,4075,-7390,0.37254901960784315
2022-06-30T00:00:00.000,7:30,40.637142,-74.16616,0,0,0,0,4063,-7416,0.3333333333333333
2022-06-29T00:00:00.000,15:53,40.68293,-73.964226,1,0,1,1,4068,-7396,0.42567567567567566
2022-06-30T00:00:00.000,9:40,40.719078,-73.94353,0,0,0,0,4071,-7394,0.3710691823899371
2022-06-25T00:00:00.000,15:10,40.746334,-73.89633,1,0,1,1,4074,-7389,0.3203125
2022-06-29T00:00:00.000,13:00,40.629047,-73.94369,0,0,0,0,4062,-7394,0.41379310344827586
2022-06-20T00:00:00.000,22:22,40.76178,-73.92226,0,0,0,0,4076,-7392,0.42105263157894735
2022-06-30T00:00:00.000,19:08,40.868694,-73.90237,1,0,1,1,4086,-7390,0.42748091603053434
2022-03-31T00:00:00.000,9:25,40.586437,-74.16322,0,0,0,0,4058,-7416,0.3
2021-08-27T00:00:00.000,1:54,40.65661,-73.93091,0,0,0,0,4065,-7393,0.44366197183098594
2021-09-19T00:00:00.000,3:40,40.585228,-73.94155,3,0,1,1,4058,-7394,0.40816326530612246
2022-06-29T00:00:00.000,10:45,40.62764,-73.89022,1,0,1,1,4062,-7389,0.3333333333333333
2022-07-01T00:00:00.000,3:45,40.66733,-73.95353,1,0,1,1,4066,-7395,0.44375
2022-06-30T00:00:00.000,17:57,40.727665,-74.00318,1,0,1,1,4072,-7400,0.32926829268292684
2022-06-29T00:00:00.000,6:30,40.770706,-73.86925,0,0,0,0,4077,-7386,0.0
2022-07-01T00:00:00.000,14:06,40.635853,-74.16619,3,0,1,1,4063,-7416,0.3333333333333333
2022-06-30T00:00:00.000,9:00,40.6867,-73.84811,0,0,0,0,4068,-7384,0.3333333333333333
2022-07-01T00:00:00.000,15:47,40.738503,-73.973526,0,0,0,0,4073,-7397,0.32558139534883723
2022-06-30T00:00:00.000,22:21,40.7082,-73.7669,0,0,0,0,4070,-7376,0.43902439024390244
2022-06-29T00:00:00.000,8:25,40.69832,-73.962265,0,0,0,0,4069,-7396,0.325
2022-06-28T00:00:00.000,19:00,40.756874,-73.94436,1,0,1,1,4075,-7394,0.41333333333333333
2022-06-29T00:00:00.000,8:35,40.704594,-73.90826,0,0,0,0,4070,-7390,0.37894736842105264
2022-06-30T00:00:00.000,7:47,40.810596,-73.88834,0,0,0,0,4081,-7388,0.25471698113207547
2022-06-25T00:00:00.000,20:32,40.82325,-73.88277,0,0,0,0,4082,-7388,0.27624309392265195
2022-06-30T00:00:00.000,21:30,40.665718,-73.95687,1,0,1,1,4066,-7395,0.44375
2022-06-29T00:00:00.000,17:00,40.70761,-73.78369,1,0,1,1,4070,-7378,0.34523809523809523
2022-06-30T00:00:00.000,16:47,40.758118,-73.78248,0,0,0,0,4075,-7378,0.18518518518518517
2022-07-01T00:00:00.000,11:35,40.738514,-73.97644,0,0,0,0,4073,-7397,0.32558139534883723
2022-06-29T00:00:00.000,5:45,40.775093,-73.846634,0,0,0,0,4077,-7384,0.125
2022-06-29T00:00:00.000,15:10,40.773113,-73.82786,1,0,1,1,4077,-7382,0.4444444444444444
2022-07-01T00:00:00.000,16:05,40.715076,-73.95189,1,0,1,1,4071,-7395,0.36585365853658536
2022-06-26T00:00:00.000,21:16,40.70183,-73.91933,0,0,0,0,4070,-7391,0.27450980392156865
2022-06-30T00:00:00.000,8:52,40.618427,-73.956245,1,0,1,1,4061,-7395,0.4461538461538462
2022-06-30T00:00:00.000,9:00,40.635258,-74.00456,0,0,0,0,4063,-7400,0.3068181818181818
2022-06-16T00:00:00.000,9:00,40.60481,-74.023964,0,0,0,0,4060,-7402,0.42105263157894735
2022-06-30T00:00:00.000,20:00,40.839176,-73.94114,0,0,0,0,4083,-7394,0.38926174496644295
2021-09-25T00:00:00.000,15:43,40.736343,-74.007195,0,0,0,0,4073,-7400,0.2403846153846154
2021-09-25T00:00:00.000,15:50,40.756287,-73.860725,1,0,1,1,4075,-7386,0.33653846153846156
2021-09-25T00:00:00.000,11:24,40.632565,-73.94664,2,0,1,1,4063,-7394,0.358974358974359
2021-09-23T00:00:00.000,9:00,40.709667,-74.0101,0,0,0,0,4070,-7401,0.140625
2021-09-25T00:00:00.000,18:00,40.750145,-73.88045,0,0,0,0,4075,-7388,0.3402061855670103
2021-09-25T00:00:00.000,14:35,40.845306,-73.83114,1,0,1,1,4084,-7383,0.4318181818181818
2021-09-25T00:00:00.000,22:22,40.67821,-73.97323,0,0,0,0,4067,-7397,0.2818181818181818
2021-09-25T00:00:00.000,0:05,40.632885,-73.94771,0,0,0,0,4063,-7394,0.358974358974359
2021-09-21T00:00:00.000,14:00,40.709076,-74.01406,0,0,0,0,4070,-7401,0.140625
2021-09-25T00:00:00.000,17:00,40.889313,-73.82127,0,0,0,0,4088,-7382,0.2765957446808511
2021-09-25T00:00:00.000,16:45,40.606422,-74.0147,0,0,0,0,4060,-7401,0.30357142857142855
2021-09-25T00:00:00.000,12:00,40.70447,-73.81418,0,0,0,0,4070,-7381,0.3194444444444444
2021-09-22T00:00:00.000,13:30,40.624474,-74.00668,0,0,0,0,4062,-7400,0.3150684931506849
2021-09-07T00:00:00.000,6:50,40.80777,-73.94549,1,0,1,1,4080,-7394,0.41116751269035534
2021-09-25T00:00:00.000,3:40,40.751583,-73.74571,0,0,0,0,4075,-7374,0.3333333333333333
2021-09-25T00:00:00.000,10:30,40.618523,-73.99081,0,0,0,0,4061,-7399,0.29411764705882354
2021-04-24T00:00:00.000,11:34,40.685074,-73.83029,1,0,1,1,4068,-7383,0.45454545454545453
2021-05-16T00:00:00.000,16:50,40.67752,-73.91082,3,0,1,1,4067,-7391,0.36597938144329895
2021-05-16T00:00:00.000,9:50,40.677917,-73.93861,2,0,1,1,4067,-7393,0.3755868544600939
2021-05-14T00:00:00.000,3:30,40.817585,-73.9235,0,0,0,0,4081,-7392,0.4714285714285714
2021-05-14T00:00:00.000,0:58,40.67619,-73.9081,0,0,0,0,4067,-7390,0.3282442748091603
2021-09-25T00:00:00.000,23:26,40.604397,-74.069,3,0,1,1,4060,-7406,0.3076923076923077
2021-09-25T00:00:00.000,19:39,40.631207,-73.911545,0,0,0,0,4063,-7391,0.5
2021-09-25T00:00:00.000,2:10,40.758533,-73.8859,0,0,0,0,4075,-7388,0.3402061855670103
2021-05-16T00:00:00.000,13:26,40.632633,-74.01254,0,0,0,0,4063,-7401,0.37777777777777777
2021-05-16T00:00:00.000,16:13,40.84492,-73.90552,0,0,0,0,4084,-7390,0.366120218579235
2021-05-16T00:00:00.000,13:55,40.758904,-73.9012,0,0,0,0,4075,-7390,0.37254901960784315
2021-05-16T00:00:00.000,19:44,40.762165,-73.98002,0,0,0,0,4076,-7398,0.3081761006289308
2021-05-16T00:00:00.000,21:31,40.859604,-73.90778,1,0,1,1,4085,-7390,0.42207792207792205
2021-05-16T00:00:00.000,1:25,40.6722,-73.734604,0,0,0,0,4067,-7373,0.46835443037974683
2021-05-16T00:00:00.000,22:45,40.748276,-73.93918,0,0,0,0,4074,-7393,0.3333333333333333
2021-09-25T00:00:00.000,10:40,40.78202,-73.97173,0,0,0,0,4078,-7397,0.3434343434343434
2021-05-16T00:00:00.000,7:45,40.731518,-74.000595,0,0,0,0,4073,-7400,0.2403846153846154
2021-05-15T00:00:00.000,21:30,40.696323,-73.79109,1,0,1,1,4069,-7379,0.25925925925925924
2021-05-16T00:00:00.000,12:50,40.668797,-73.93113,0,0,0,0,4066,-7393,0.38578680203045684
2021-05-16T00:00:00.000,0:21,40.61913,-73.99019,0,0,0,0,4061,-7399,0.29411764705882354
2021-05-16T00:00:00.000,18:05,40.849247,-73.82739,1,0,1,1,4084,-7382,0.4
2021-05-15T00:00:00.000,23:15,40.768436,-73.98906,0,0,0,0,4076,-7398,0.3081761006289308
2021-05-16T00:00:00.000,11:10,40.6398,-74.082954,0,0,0,0,4063,-7408,0.2653061224489796
2024-09-29T00:00:00.000,1:07,40.72545,-73.837776,0,0,0,0,4072,-7383,0.4909090909090909
2021-05-16T00:00:00.000,11:02,40.58632,-74.07043,2,0,1,1,4058,-7407,0.75
2021-05-16T00:00:00.000,2:00,40.715706,-73.81023,0,0,0,0,4071,-7381,0.3448275862068966
2021-05-16T00:00:00.000,16:38,40.736553,-73.71194,0,0,0,0,4073,-7371,0.2857142857142857
2021-05-16T00:00:00.000,9:10,40.682037,-74.00232,0,0,0,0,4068,-7400,0.3333333333333333
2021-05-16T00:00:00.000,13:40,40.83207,-73.84993,0,0,0,0,4083,-7384,0.22727272727272727
2021-05-16T00:00:00.000,17:00,40.705795,-74.00987,0,0,0,0,4070,-7400,0.2542372881355932
2021-05-16T00:00:00.000,13:12,40.75539,-73.828285,0,0,0,0,4075,-7382,0.4915254237288136
2021-05-10T00:00:00.000,1:10,40.64974,-73.998314,0,0,0,0,4064,-7399,0.3442622950819672
2021-09-25T00:00:00.000,22:35,40.740074,-73.871475,1,0,1,1,4074,-7387,0.25663716814159293
2021-05-16T00:00:00.000,13:50,40.74226,-73.868996,1,0,1,1,4074,-7386,0.3813559322033898
2021-09-25T00:00:00.000,2:10,40.727154,-74.005554,0,0,0,0,4072,-7400,0.32926829268292684
2021-04-26T00:00:00.000,18:30,40.83936,-73.87281,3,0,1,1,4083,-7387,0.38414634146341464
2021-05-16T00:00:00.000,7:45,40.63277,-73.89766,0,0,0,0,4063,-7389,0.41818181818181815
2021-05-16T00:00:00.000,2:15,40.608795,-73.973175,1,0,1,1,4060,-7397,0.3469387755102041
2021-05-15T00:00:00.000,22:17,40.61181,-73.969536,0,0,0,0,4061,-7396,0.30666666666666664
2021-05-16T00:00:00.000,16:20,40.75194,-73.832306,0,0,0,0,4075,-7383,0.37681159420289856
2021-05-16T00:00:00.000,1:45,40.658234,-73.95791,0,0,0,0,4065,-7395,0.38686131386861317
2021-05-16T00:00:00.000,12:30,40.67767,-73.74066,0,0,0,0,4067,-7374,0.2619047619047619
2021-05-16T00:00:00.000,7:46,40.815113,-73.92978,1,0,1,1,4081,-7392,0.4714285714285714
2021-09-25T00:00:00.000,9:15,40.65768,-73.887794,0,0,0,0,4065,-7388,0.41509433962264153
2021-05-16T00:00:00.000,22:00,40.68121,-73.773,0,0,0,0,4068,-7377,0.3673469387755102
2021-05-16T00:00:00.000,23:33,40.879887,-73.85513,0,0,0,0,4087,-7385,0.37681159420289856
2021-05-16T00:00:00.000,0:50,40.760254,-73.83493,1,0,1,1,4076,-7383,0.33695652173913043
2021-05-16T00:00:00.000,7:30,40.76127,-73.92044,0,0,0,0,4076,-7392,0.42105263157894735
2021-05-16T00:00:00.000,12:10,40.594944,-73.79637,0,0,0,0,4059,-7379,0.2692307692307692
2021-05-16T00:00:00.000,2:00,40.69707,-73.84119,0,0,0,0,4069,-7384,0.26666666666666666
2021-05-15T00:00:00.000,7:21,40.632095,-73.91861,2,0,1,1,4063,-7391,0.5
2021-04-26T00:00:00.000,1:45,40.67549,-73.93885,0,0,0,0,4067,-7393,0.3755868544600939
2021-05-16T00:00:00.000,9:00,40.71727,-73.96286,0,0,0,0,4071,-7396,0.3218390804597701
2021-05-16T00:00:00.000,15:05,40.783936,-73.95235,2,0,1,1,4078,-7395,0.42168674698795183
2021-05-13T00:00:00.000,9:35,40.615795,-73.93937,2,0,1,1,4061,-7393,0.34285714285714286
2021-05-16T00:00:00.000,11:00,40.7346,-73.86481,0,0,0,0,4073,-7386,0.3464566929133858
2021-05-16T00:00:00.000,16:20,40.687176,-73.98545,0,0,0,0,4068,-7398,0.3873239436619718
2021-05-11T00:00:00.000,15:48,40.85366,-73.86774,1,0,1,1,4085,-7386,0.33766233766233766
2021-05-16T00:00:00.000,7:30,40.600735,-73.98218,0,0,0,0,4060,-7398,0.2711864406779661
2021-05-16T00:00:00.000,20:38,40.729168,-74.0012,0,0,0,0,4072,-7400,0.32926829268292684
2021-05-16T00:00:00.000,0:15,40.750885,-73.87144,0,0,0,0,4075,-7387,0.33884297520661155
2021-05-16T00:00:00.000,1:28,40.810207,-73.93951,1,0,1,1,4081,-7393,0.32432432432432434
2021-05-15T00:00:00.000,20:20,40.610256,-74.0973,2,0,1,1,4061,-7409,0.46153846153846156
2021-05-16T00:00:00.000,22:25,40.69782,-73.927826,1,0,1,1,4069,-7392,0.3584905660377358
2021-05-14T00:00:00.000,23:54,40.756687,-73.94455,0,0,0,0,4075,-7394,0.41333333333333333
2021-05-16T00:00:00.000,17:53,40.847027,-73.89807,1,0,1,1,4084,-7389,0.33766233766233766
2021-05-16T00:00:00.000,21:00,40.59512,-73.751595,0,0,0,0,4059,-7375,0.17777777777777778
2021-05-16T00:00:00.000,2:00,40.648643,-73.959694,0,0,0,0,4064,-7395,0.4796747967479675
2021-05-16T00:00:00.000,21:51,40.755955,-73.798935,1,0,1,1,4075,-7379,0.38461538461538464
2021-09-25T00:00:00.000,3:20,40.6775,-73.94701,1,0,1,1,4067,-7394,0.34074074074074073
2021-05-16T00:00:00.000,20:20,40.751713,-73.85535,1,0,1,1,4075,-7385,0.3048780487804878
2021-05-13T00:00:00.000,15:20,40.583725,-73.89372,3,0,1,1,4058,-7389,0.5714285714285714
2021-05-16T00:00:00.000,18:40,40.745052,-73.71022,5,0,1,1,4074,-7371,0.38095238095238093
2021-05-16T00:00:00.000,15:00,40.88258,-73.889984,0,0,0,0,4088,-7388,0.42857142857142855
2021-05-12T00:00:00.000,20:30,40.639015,-74.08745,2,0,1,1,4063,-7408,0.2653061224489796
2021-05-16T00:00:00.000,15:00,40.666183,-73.86866,0,0,0,0,4066,-7386,0.35
2021-05-16T00:00:00.000,5:45,40.70083,-73.82635,0,0,0,0,4070,-7382,0.4166666666666667
2021-05-16T00:00:00.000,15:25,40.671165,-73.895676,1,0,1,1,4067,-7389,0.33852140077821014
2021-05-16T00:00:00.000,18:45,40.827812,-73.925934,2,0,1,1,4082,-7392,0.3333333333333333
2021-05-16T00:00:00.000,3:00,40.674923,-73.73694,0,0,0,0,4067,-7373,0.46835443037974683
2021-03-29T00:00:00.000,12:31,40.666275,-73.93415,0,0,0,0,4066,-7393,0.38578680203045684
2021-05-16T00:00:00.000,11:25,40.650486,-73.92425,0,0,0,0,4065,-7392,0.35555555555555557
2021-05-16T00:00:00.000,16:00,40.652706,-73.94873,1,0,1,1,4065,-7394,0.43137254901960786
2021-05-16T00:00:00.000,13:20,40.661808,-73.93533,0,0,0,0,4066,-7393,0.38578680203045684
2021-05-13T00:00:00.000,14:00,40.70983,-74.01468,0,0,0,0,4070,-7401,0.140625
2021-05-16T00:00:00.000,17:28,0.0,0.0,3,0,1,1,0,0,0.40425531914893614
2021-05-16T00:00:00.000,2:25,40.71172,-73.746284,1,0,1,1,4071,-7374,0.23404255319148937
2021-05-16T00:00:00.000,17:18,40.785065,-73.97489,0,0,0,0,4078,-7397,0.3434343434343434
2021-05-16T00:00:00.000,12:25,40.703316,-74.007774,0,0,0,0,4070,-7400,0.2542372881355932
2021-05-15T00:00:00.000,18:36,40.616734,-74.1028,0,0,0,0,4061,-7410,0.6363636363636364
2021-05-16T00:00:00.000,17:45,40.64856,-73.90535,1,0,1,1,4064,-7390,0.4017094017094017
2021-05-16T00:00:00.000,21:20,40.752052,-74.000984,0,0,0,0,4075,-7400,0.3888888888888889
2021-05-16T00:00:00.000,15:56,40.76496,-73.90532,1,0,1,1,4076,-7390,0.3055555555555556
2021-05-16T00:00:00.000,19:35,40.671337,-73.9448,1,0,1,1,4067,-7394,0.34074074074074073
2021-05-10T00:00:00.000,9:10,40.754684,-73.9797,0,0,0,0,4075,-7397,0.375886524822695
2021-05-12T00:00:00.000,21:12,40.63275,-74.00348,0,0,0,0,4063,-7400,0.3068181818181818
2021-05-16T00:00:00.000,22:00,40.64242,-73.961754,0,0,0,0,4064,-7396,0.4714285714285714
2021-05-16T00:00:00.000,10:00,0.0,0.0,0,0,0,0,0,0,0.40425531914893614
2021-05-16T00:00:00.000,1:55,40.66503,-73.81863,0,0,0,0,4066,-7381,0.4716981132075472
2021-05-16T00:00:00.000,14:25,40.815685,-73.9583,0,0,0,0,4081,-7395,0.3509933774834437
2021-05-02T00:00:00.000,16:30,40.74931,-73.98456,1,0,1,1,4074,-7398,0.40131578947368424
2021-05-16T00:00:00.000,13:30,40.637096,-74.03742,0,0,0,0,4063,-7403,0.42424242424242425
2021-05-16T00:00:00.000,11:00,40.647243,-73.96048,0,0,0,0,4064,-7396,0.4714285714285714
2021-05-16T00:00:00.000,19:00,40.84698,-73.91065,0,0,0,0,4084,-7391,0.32558139534883723
2021-05-16T00:00:00.000,2:10,40.7699,-73.91608,2,0,1,1,4076,-7391,0.40476190476190477
2021-05-16T00:00:00.000,0:15,40.67244,-73.89702,0,0,0,0,4067,-7389,0.33852140077821014
2021-05-16T00:00:00.000,14:10,40.70904,-73.84146,1,0,1,1,4070,-7384,0.43333333333333335
2021-05-16T00:00:00.000,7:00,40.722927,-73.75346,0,0,0,0,4072,-7375,0.2727272727272727
2021-05-16T00:00:00.000,18:30,40.863255,-73.89512,0,0,0,0,4086,-7389,0.40606060606060607
2021-04-20T00:00:00.000,8:57,40.7607,-73.91762,1,0,1,1,4076,-7391,0.40476190476190477
2021-05-16T00:00:00.000,11:00,40.679096,-73.79822,0,0,0,0,4067,-7379,0.4264705882352941
2021-05-16T00:00:00.000,16:45,40.769722,-73.83473,0,0,0,0,4076,-7383,0.33695652173913043
2021-05-16T00:00:00.000,22:21,40.8325,-73.9044,0,0,0,0,4083,-7390,0.3064516129032258
2021-05-14T00:00:00.000,17:25,40.671925,-73.939186,3,0,1,1,4067,-7393,0.3755868544600939
2021-09-25T00:00:00.000,23:13,40.659336,-73.92726,0,0,0,0,4065,-7392,0.35555555555555557
2021-05-15T00:00:00.000,9:10,40.583725,-73.89372,1,0,1,1,4058,-7389,0.5714285714285714
2021-05-16T00:00:00.000,18:30,40.727757,-73.94186,0,0,0,0,4072,-7394,0.19801980198019803
2021-05-16T00:00:00.000,1:10,40.717022,-73.7745,0,0,0,0,4071,-7377,0.20967741935483872
2021-05-16T00:00:00.000,11:10,40.6398,-74.082954,0,0,0,0,4063,-7408,0.2653061224489796
2021-05-16T00:00:00.000,16:50,40.739506,-73.98476,1,0,1,1,4073,-7398,0.36942675159235666
2021-09-25T00:00:00.000,10:45,40.643326,-73.94759,0,0,0,0,4064,-7394,0.42342342342342343
2021-05-16T00:00:00.000,1:34,40.812046,-73.910255,0,0,0,0,4081,-7391,0.47244094488188976
2021-05-11T00:00:00.000,14:40,40.677483,-73.93033,0,0,0,0,4067,-7393,0.3755868544600939
2021-05-16T00:00:00.000,6:00,40.638832,-73.97654,0,0,0,0,4063,-7397,0.36893203883495146
2021-05-16T00:00:00.000,4:00,40.6864,-73.87541,0,0,0,0,4068,-7387,0.24719101123595505
2021-05-16T00:00:00.000,13:16,40.63007,-74.01446,0,0,0,0,4063,-7401,0.37777777777777777
2021-05-15T00:00:00.000,19:20,40.74409,-73.97636,1,0,1,1,4074,-7397,0.4810810810810811
2021-05-16T00:00:00.000,10:04,40.883987,-73.89638,0,0,0,0,4088,-7389,0.4626865671641791
2021-05-16T00:00:00.000,9:05,40.84,-73.851364,0,0,0,0,4084,-7385,0.32727272727272727
2021-05-16T00:00:00.000,20:20,40.69666,-73.93109,1,0,1,1,4069,-7393,0.3141025641025641
2021-05-16T00:00:00.000,6:00,40.82886,-73.86185,0,0,0,0,4082,-7386,0.3493975903614458
2021-05-16T00:00:00.000,4:00,40.64425,-73.96114,0,0,0,0,4064,-7396,0.4714285714285714
2021-05-16T00:00:00.000,10:00,40.67677,-73.88949,0,0,0,0,4067,-7388,0.30434782608695654
2021-05-16T00:00:00.000,11:45,40.788303,-73.81699,0,0,0,0,4078,-7381,0.22580645161290322
2021-05-16T00:00:00.000,13:00,40.675404,-73.87192,0,0,0,0,4067,-7387,0.30344827586206896
2021-05-16T00:00:00.000,14:00,40.636776,-73.94615,0,0,0,0,4063,-7394,0.358974358974359
2021-05-16T00:00:00.000,3:55,40.67099,-73.88802,0,0,0,0,4067,-7388,0.30434782608695654
2021-03-13T00:00:00.000,1:00,40.76161,-73.97076,1,0,1,1,4076,-7397,0.37
2021-05-11T00:00:00.000,11:30,40.696117,-73.905014,1,0,1,1,4069,-7390,0.29591836734693877
2021-05-16T00:00:00.000,16:00,40.818222,-73.93884,0,0,0,0,4081,-7393,0.32432432432432434
2021-05-15T00:00:00.000,12:45,40.767185,-73.98997,1,0,1,1,4076,-7398,0.3081761006289308
2021-05-16T00:00:00.000,2:10,40.70191,-73.93699,0,0,0,0,4070,-7393,0.3300970873786408
2021-05-02T00:00:00.000,19:38,40.722073,-73.97592,3,0,1,1,4072,-7397,0.3283582089552239
2021-05-16T00:00:00.000,15:40,40.70722,-73.78957,1,0,1,1,4070,-7378,0.34523809523809523
2021-04-28T00:00:00.000,8:15,40.642002,-73.898834,0,0,0,0,4064,-7389,0.43478260869565216
2021-05-11T00:00:00.000,14:02,40.74724,-73.99143,1,0,1,1,4074,-7399,0.3333333333333333
2021-05-16T00:00:00.000,23:00,40.8541,-73.919106,0,0,0,0,4085,-7391,0.373134328358209
2021-05-16T00:00:00.000,11:40,40.753525,-73.994545,0,0,0,0,4075,-7399,0.2830188679245283
2021-05-16T00:00:00.000,3:10,40.678173,-73.85749,0,0,0,0,4067,-7385,0.26666666666666666
2021-05-16T00:00:00.000,19:18,40.846394,-73.89137,0,0,0,0,4084,-7389,0.33766233766233766
2021-05-16T00:00:00.000,12:10,40.627827,-73.89021,0,0,0,0,4062,-7389,0.3333333333333333
2021-05-16T00:00:00.000,13:15,40.635494,-73.94603,0,0,0,0,4063,-7394,0.358974358974359
2021-05-16T00:00:00.000,20:48,40.59521,-73.99239,1,0,1,1,4059,-7399,0.3076923076923077
2021-04-23T00:00:00.000,19:25,40.622658,-73.93641,0,0,0,0,4062,-7393,0.4444444444444444
2021-05-16T00:00:00.000,9:40,40.667027,-73.911026,1,0,1,1,4066,-7391,0.3630952380952381
2021-05-16T00:00:00.000,14:37,40.794968,-73.93294,0,0,0,0,4079,-7393,0.36585365853658536
2021-05-10T00:00:00.000,11:45,40.75495,-73.99145,0,0,0,0,4075,-7399,0.2830188679245283
2021-05-16T00:00:00.000,14:18,40.714214,-73.94773,0,0,0,0,4071,-7394,0.3710691823899371
2021-05-16T00:00:00.000,14:30,40.825912,-73.857124,0,0,0,0,4082,-7385,0.27
2021-05-16T00:00:00.000,21:00,40.66701,-73.9004,0,0,0,0,4066,-7390,0.2777777777777778
2021-05-16T00:00:00.000,8:16,40.753998,-73.94244,1,0,1,1,4075,-7394,0.41333333333333333
2021-05-16T00:00:00.000,10:25,40.792435,-73.934265,1,0,1,1,4079,-7393,0.36585365853658536
2021-05-14T00:00:00.000,0:47,40.621357,-73.92714,0,0,0,0,4062,-7392,0.3611111111111111
2021-05-14T00:00:00.000,13:45,40.62016,-74.076965,1,0,1,1,4062,-7407,0.35714285714285715
2021-05-16T00:00:00.000,6:28,40.708637,-73.91127,0,0,0,0,4070,-7391,0.27450980392156865
2021-05-16T00:00:00.000,6:45,40.84065,-73.91902,1,0,1,1,4084,-7391,0.32558139534883723
2021-05-16T00:00:00.000,3:32,40.65315,-73.94117,0,0,0,0,4065,-7394,0.43137254901960786
2021-05-15T00:00:00.000,15:00,40.623188,-73.9689,0,0,0,0,4062,-7396,0.375
2021-05-16T00:00:00.000,5:00,40.877476,-73.83661,2,0,1,1,4087,-7383,0.3333333333333333
2021-12-14T00:00:00.000,20:25,40.71154,-73.83624,0,0,0,0,4071,-7383,0.37349397590361444
2021-05-16T00:00:00.000,0:45,40.624893,-73.96394,0,0,0,0,4062,-7396,0.375
2021-05-16T00:00:00.000,12:30,40.717926,-73.98568,0,0,0,0,4071,-7398,0.39568345323741005
2021-05-11T00:00:00.000,15:00,40.657677,-73.96235,0,0,0,0,4065,-7396,0.3939393939393939
2021-05-16T00:00:00.000,1:00,40.853336,-73.9196,0,0,0,0,4085,-7391,0.373134328358209
2021-05-16T00:00:00.000,16:20,40.692097,-73.988976,0,0,0,0,4069,-7398,0.3229166666666667
2021-05-14T00:00:00.000,17:30,40.715763,-73.74654,0,0,0,0,4071,-7374,0.23404255319148937
2021-05-16T00:00:00.000,16:05,40.60822,-73.750496,0,0,0,0,4060,-7375,0.17117117117117117
2021-05-16T00:00:00.000,14:00,40.799984,-73.94275,1,0,1,1,4079,-7394,0.3523809523809524
2021-05-16T00:00:00.000,10:30,40.7381,-73.80364,1,0,1,1,4073,-7380,0.34285714285714286
2021-05-16T00:00:00.000,15:10,40.755222,-73.96135,0,0,0,0,4075,-7396,0.4788732394366197
2021-05-16T00:00:00.000,21:02,40.820305,-73.89083,2,0,1,1,4082,-7389,0.37423312883435583
2021-05-16T00:00:00.000,22:50,40.74957,-73.817474,0,0,0,0,4074,-7381,0.46153846153846156
2021-05-16T00:00:00.000,10:00,40.82229,-73.85617,0,0,0,0,4082,-7385,0.27
2021-05-16T00:00:00.000,1:00,40.818558,-73.92732,0,0,0,0,4081,-7392,0.4714285714285714
2021-05-16T00:00:00.000,16:01,40.745293,-73.9985,0,0,0,0,4074,-7399,0.3333333333333333
2021-05-13T00:00:00.000,17:26,40.85582,-73.84006,0,0,0,0,4085,-7384,0.32432432432432434
2021-05-16T00:00:00.000,12:46,40.84215,-73.94228,1,0,1,1,4084,-7394,0.17543859649122806
2021-05-16T00:00:00.000,21:25,40.66487,-73.95375,2,0,1,1,4066,-7395,0.44375
2021-05-16T00:00:00.000,4:05,40.66552,-73.74467,0,0,0,0,4066,-7374,0.3698630136986301
2021-05-15T00:00:00.000,18:35,40.756767,-73.98272,0,0,0,0,4075,-7398,0.3170731707317073
2021-05-14T00:00:00.000,19:05,40.62459,-74.15895,1,0,1,1,4062,-7415,0.37037037037037035
2021-05-16T00:00:00.000,11:20,40.66979,-73.731995,0,0,0,0,4066,-7373,0.44339622641509435
2021-05-16T00:00:00.000,1:50,40.68083,-73.827194,1,0,1,1,4068,-7382,0.41975308641975306
2021-05-16T00:00:00.000,5:30,40.757908,-73.9893,0,0,0,0,4075,-7398,0.3170731707317073
2021-05-14T00:00:00.000,20:26,40.720795,-73.94496,0,0,0,0,4072,-7394,0.19801980198019803
2021-05-16T00:00:00.000,21:00,40.650948,-73.94668,1,0,1,1,4065,-7394,0.43137254901960786
2021-05-14T00:00:00.000,17:32,40.78357,-73.94759,0,0,0,0,4078,-7394,0.33513513513513515
2021-05-16T00:00:00.000,16:52,40.76623,-73.915306,0,0,0,0,4076,-7391,0.40476190476190477
2021-05-14T00:00:00.000,13:00,40.650406,-73.9254,1,0,1,1,4065,-7392,0.35555555555555557
2021-05-16T00:00:00.000,16:00,40.68892,-73.99915,0,0,0,0,4068,-7399,0.17857142857142858
2021-05-16T00:00:00.000,7:00,40.845524,-73.85251,0,0,0,0,4084,-7385,0.32727272727272727
2021-05-16T00:00:00.000,16:20,40.66492,-73.73504,0,0,0,0,4066,-7373,0.44339622641509435
2021-05-16T00:00:00.000,0:30,40.642666,-74.02001,0,0,0,0,4064,-7402,0.41379310344827586
2021-05-07T00:00:00.000,7:35,40.755516,-73.98363,1,0,1,1,4075,-7398,0.3170731707317073
2021-05-16T00:00:00.000,0:17,40.845005,-73.90741,0,0,0,0,4084,-7390,0.366120218579235
2021-05-16T00:00:00.000,12:20,40.679653,-73.77724,0,0,0,0,4067,-7377,0.32608695652173914
2021-05-16T00:00:00.000,1:45,40.80213,-73.9073,0,0,0,0,4080,-7390,0.36538461538461536
2021-05-14T00:00:00.000,7:39,40.669857,-73.95051,1,0,1,1,4066,-7395,0.44375
2021-05-16T00:00:00.000,12:14,40.66006,-73.89707,0,0,0,0,4066,-7389,0.3103448275862069
2021-05-16T00:00:00.000,17:22,40.62877,-73.91825,0,0,0,0,4062,-7391,0.3333333333333333
2021-05-16T00:00:00.000,19:00,40.72994,-73.74481,0,0,0,0,4072,-7374,0.44
2021-05-08T00:00:00.000,2:30,40.66235,-73.95082,1,0,1,1,4066,-7395,0.44375
2021-05-16T00:00:00.000,16:12,40.71825,-73.996864,0,0,0,0,4071,-7399,0.3263157894736842
2021-09-25T00:00:00.000,11:45,40.661686,-73.92211,1,0,1,1,4066,-7392,0.355
2021-09-06T00:00:00.000,19:29,40.75191,-73.89324,0,0,0,0,4075,-7389,0.4805194805194805
2021-05-16T00:00:00.000,2:00,40.73345,-73.86421,0,0,0,0,4073,-7386,0.3464566929133858
2021-05-16T00:00:00.000,22:05,40.628242,-74.08336,0,0,0,0,4062,-7408,0.2
2021-05-16T00:00:00.000,14:59,40.869995,-73.86337,0,0,0,0,4086,-7386,0.4642857142857143
2021-05-16T00:00:00.000,20:13,40.751457,-73.978165,0,0,0,0,4075,-7397,0.375886524822695
2021-05-16T00:00:00.000,0:15,40.81963,-73.87614,0,0,0,0,4081,-7387,0.5
2021-05-16T00:00:00.000,5:55,40.745117,-73.92021,0,0,0,0,4074,-7392,0.3709677419354839
2021-05-16T00:00:00.000,11:30,40.68453,-73.82129,0,0,0,0,4068,-7382,0.41975308641975306
2021-05-15T00:00:00.000,2:00,40.781574,-73.9136,1,0,1,1,4078,-7391,0.2777777777777778
2021-05-16T00:00:00.000,2:12,40.685795,-73.911644,0,0,0,0,4068,-7391,0.344
2021-05-16T00:00:00.000,12:25,40.884727,-73.84897,0,0,0,0,4088,-7384,0.4153846153846154
2021-05-16T00:00:00.000,8:59,40.82378,-73.836426,0,0,0,0,4082,-7383,0.34210526315789475
2021-05-16T00:00:00.000,17:00,40.72209,-73.957146,0,0,0,0,4072,-7395,0.22093023255813954
2021-05-16T00:00:00.000,15:02,40.650562,-73.96006,0,0,0,0,4065,-7396,0.3939393939393939
2021-05-16T00:00:00.000,0:18,40.842968,-73.90773,0,0,0,0,4084,-7390,0.366120218579235
2021-05-09T00:00:00.000,19:30,40.75495,-73.990265,0,0,0,0,4075,-7399,0.2830188679245283
2021-05-16T00:00:00.000,0:48,40.684322,-73.7296,0,0,0,0,4068,-7372,0.375
2021-07-24T00:00:00.000,7:00,40.68676,-73.9358,0,0,0,0,4068,-7393,0.3619047619047619
2021-05-16T00:00:00.000,20:20,40.68971,-73.826866,2,0,1,1,4068,-7382,0.41975308641975306
2021-05-09T00:00:00.000,21:33,40.677845,-73.95282,0,0,0,0,4067,-7395,0.3695652173913043
2021-05-16T00:00:00.000,12:00,40.693954,-73.84933,0,0,0,0,4069,-7384,0.26666666666666666
2021-05-16T00:00:00.000,23:51,40.631104,-73.907936,0,0,0,0,4063,-7390,0.3561643835616438
2021-05-16T00:00:00.000,10:15,40.732937,-73.920395,1,0,1,1,4073,-7392,0.4444444444444444
2021-05-16T00:00:00.000,10:45,40.675446,-73.92152,0,0,0,0,4067,-7392,0.39655172413793105
2021-05-16T00:00:00.000,17:41,40.685646,-73.80324,1,0,1,1,4068,-7380,0.3829787234042553
2021-09-25T00:00:00.000,13:15,40.65474,-73.95628,1,0,1,1,4065,-7395,0.38686131386861317
2021-05-16T00:00:00.000,10:00,40.687237,-73.7651,0,0,0,0,4068,-7376,0.35714285714285715
2021-05-16T00:00:00.000,17:05,40.797962,-73.937065,0,0,0,0,4079,-7393,0.36585365853658536
2021-05-15T00:00:00.000,22:30,40.668495,-73.925606,0,0,0,0,4066,-7392,0.355
2021-05-16T00:00:00.000,0:46,40.871956,-73.90445,0,0,0,0,4087,-7390,0.3184713375796178
2021-05-16T00:00:00.000,0:20,40.65698,-73.88943,1,0,1,1,4065,-7388,0.41509433962264153
2021-05-12T00:00:00.000,16:03,40.58037,-73.8352,1,0,1,1,4058,-7383,0.38461538461538464
2021-05-16T00:00:00.000,12:02,40.67767,-73.74066,3,0,1,1,4067,-7374,0.2619047619047619
2021-05-14T00:00:00.000,21:00,40.71421,-73.794205,0,0,0,0,4071,-7379,0.3888888888888889
2021-05-16T00:00:00.000,21:33,40.892754,-73.85774,1,0,1,1,4089,-7385,0.3813559322033898
2021-05-16T00:00:00.000,2:45,40.646328,-73.91276,0,0,0,0,4064,-7391,0.39805825242718446
2021-05-16T00:00:00.000,3:20,40.68308,-73.91928,0,0,0,0,4068,-7391,0.344
2021-05-16T00:00:00.000,17:54,40.6707,-73.77366,1,0,1,1,4067,-7377,0.32608695652173914
2021-05-15T00:00:00.000,20:20,40.747692,-73.89381,0,0,0,0,4074,-7389,0.3203125
2021-05-16T00:00:00.000,13:50,40.677547,-73.99138,0,0,0,0,4067,-7399,0.3258426966292135
2021-05-16T00:00:00.000,7:00,40.639996,-73.94261,0,0,0,0,4063,-7394,0.358974358974359
2021-05-16T00:00:00.000,23:00,40.76542,-73.98383,1,0,1,1,4076,-7398,0.3081761006289308
2021-05-16T00:00:00.000,22:00,40.74766,-73.86346,0,0,0,0,4074,-7386,0.3813559322033898
2021-05-16T00:00:00.000,12:21,40.585934,-73.9519,0,0,0,0,4058,-7395,0.3465346534653465
2021-05-16T00:00:00.000,19:55,40.731983,-73.91912,1,0,1,1,4073,-7391,0.33962264150943394
2021-05-16T00:00:00.000,12:45,40.599136,-74.09937,0,0,0,0,4059,-7409,0.42857142857142855
2021-05-16T00:00:00.000,16:00,40.726524,-73.99585,0,0,0,0,4072,-7399,0.3829787234042553
2021-05-16T00:00:00.000,19:10,40.820435,-73.93624,0,0,0,0,4082,-7393,0.36645962732919257
2021-05-15T00:00:00.000,23:15,40.588924,-74.167625,2,0,1,1,4058,-7416,0.3
2021-05-16T00:00:00.000,10:38,40.49971,-74.23892,0,0,0,0,4049,-7423,0.0
2021-04-19T00:00:00.000,22:15,40.66928,-73.94013,0,0,0,0,4066,-7394,0.36792452830188677
2021-05-16T00:00:00.000,1:39,40.875965,-73.83581,0,0,0,0,4087,-7383,0.3333333333333333
2021-05-16T00:00:00.000,16:28,40.64134,-73.981445,0,0,0,0,4064,-7398,0.40425531914893614
2021-05-16T00:00:00.000,17:25,40.816788,-73.88709,0,0,0,0,4081,-7388,0.25471698113207547
2021-05-10T00:00:00.000,19:08,40.53691,-74.22503,0,0,0,0,4053,-7422,0.2
2021-05-16T00:00:00.000,7:48,40.763958,-73.82814,2,0,1,1,4076,-7382,0.2987012987012987
2021-05-16T00:00:00.000,14:20,40.677845,-73.729744,0,0,0,0,4067,-7372,0.3888888888888889
2021-05-16T00:00:00.000,9:50,40.819885,-73.91477,0,0,0,0,4081,-7391,0.47244094488188976
2021-05-16T00:00:00.000,9:40,40.82383,-73.87624,0,0,0,0,4082,-7387,0.33544303797468356
2021-05-16T00:00:00.000,4:00,40.68459,-73.989136,0,0,0,0,4068,-7398,0.3873239436619718
2021-05-16T00:00:00.000,4:06,40.882233,-73.8602,0,0,0,0,4088,-7386,0.23809523809523808
2021-05-16T00:00:00.000,3:10,40.666225,-73.80086,0,0,0,0,4066,-7380,0.40789473684210525
2021-05-16T00:00:00.000,19:53,40.765392,-73.9182,1,0,1,1,4076,-7391,0.40476190476190477
2021-05-13T00:00:00.000,22:30,40.653324,-73.93829,0,0,0,0,4065,-7393,0.44366197183098594
2021-05-16T00:00:00.000,10:50,40.841995,-73.84692,0,0,0,0,4084,-7384,0.4222222222222222
2021-05-16T00:00:00.000,15:00,40.749264,-73.86847,1,0,1,1,4074,-7386,0.3813559322033898
2021-05-16T00:00:00.000,14:30,40.597706,-73.784805,0,0,0,0,4059,-7378,0.14705882352941177
2021-05-13T00:00:00.000,16:40,40.762234,-73.98987,0,0,0,0,4076,-7398,0.3081761006289308
2021-05-16T00:00:00.000,0:30,40.652626,-73.91066,1,0,1,1,4065,-7391,0.425
2021-05-16T00:00:00.000,11:50,40.613552,-74.10069,1,0,1,1,4061,-7410,0.6363636363636364
2021-05-12T00:00:00.000,18:30,40.582382,-73.9837,0,0,0,0,4058,-7398,0.4
2021-05-16T00:00:00.000,21:20,40.687496,-73.93297,0,0,0,0,4068,-7393,0.3619047619047619
2021-05-16T00:00:00.000,2:09,40.867702,-73.856514,0,0,0,0,4086,-7385,0.5
2021-05-16T00:00:00.000,21:00,40.74353,-73.85403,1,0,1,1,4074,-7385,0.35526315789473684
2021-05-05T00:00:00.000,20:35,40.7517,-73.986404,0,0,0,0,4075,-7398,0.3170731707317073
2021-05-11T00:00:00.000,17:55,40.664726,-73.92413,0,0,0,0,4066,-7392,0.355
2021-05-16T00:00:00.000,11:35,40.742683,-73.89566,2,0,1,1,4074,-7389,0.3203125
2021-09-25T00:00:00.000,10:20,40.631462,-74.0278,0,0,0,0,4063,-7402,0.3877551020408163
2021-05-16T00:00:00.000,16:50,40.803772,-73.945915,0,0,0,0,4080,-7394,0.41116751269035534
2021-05-16T00:00:00.000,11:21,40.72508,-73.82099,0,0,0,0,4072,-7382,0.45454545454545453
2021-05-16T00:00:00.000,1:11,40.807087,-73.94178,1,0,1,1,4080,-7394,0.41116751269035534
2021-05-16T00:00:00.000,14:01,40.64385,-73.87576,1,0,1,1,4064,-7387,0.4918032786885246
2021-05-16T00:00:00.000,0:48,40.779747,-73.915825,1,0,1,1,4077,-7391,0.3157894736842105
2021-05-15T00:00:00.000,23:10,40.863632,-73.87168,0,0,0,0,4086,-7387,0.34545454545454546
2021-04-22T00:00:00.000,18:30,40.661053,-73.959114,0,0,0,0,4066,-7395,0.44375
2021-05-16T00:00:00.000,21:00,40.699436,-73.91229,0,0,0,0,4069,-7391,0.2709677419354839
2021-09-23T00:00:00.000,22:00,40.89538,-73.85227,0,0,0,0,4089,-7385,0.3813559322033898
2021-05-16T00:00:00.000,2:15,40.81286,-73.909225,0,0,0,0,4081,-7390,0.3888888888888889
2021-05-15T00:00:00.000,17:02,40.843777,-73.90947,0,0,0,0,4084,-7390,0.366120218579235
2021-05-15T00:00:00.000,3:10,40.70777,-74.01297,1,0,1,1,4070,-7401,0.140625
2021-05-16T00:00:00.000,0:10,40.7238,-73.8367,0,0,0,0,4072,-7383,0.4909090909090909
2021-05-05T00:00:00.000,10:00,40.754944,-73.99218,0,0,0,0,4075,-7399,0.2830188679245283
2021-05-16T00:00:00.000,21:29,40.664074,-73.86052,1,0,1,1,4066,-7386,0.35
2021-05-11T00:00:00.000,20:30,40.73993,-73.972626,0,0,0,0,4073,-7397,0.32558139534883723
2021-05-13T00:00:00.000,16:55,40.889072,-73.85979,0,0,0,0,4088,-7385,0.36619718309859156
2021-05-16T00:00:00.000,10:29,40.872143,-73.818695,1,0,1,1,4087,-7381,0.5
2021-05-16T00:00:00.000,5:35,40.863457,-73.90055,0,0,0,0,4086,-7390,0.42748091603053434
2021-05-14T00:00:00.000,23:08,40.61735,-73.92868,0,0,0,0,4061,-7392,0.2982456140350877
2021-05-14T00:00:00.000,19:04,40.67405,-73.92896,0,0,0,0,4067,-7392,0.39655172413793105
2021-05-16T00:00:00.000,13:05,40.67349,-73.89403,0,0,0,0,4067,-7389,0.33852140077821014
2021-05-16T00:00:00.000,2:10,40.652676,-73.94901,0,0,0,0,4065,-7394,0.43137254901960786
2021-05-16T00:00:00.000,5:15,40.59052,-73.805336,2,0,1,1,4059,-7380,0.5
2021-05-16T00:00:00.000,23:56,40.666374,-73.92259,0,0,0,0,4066,-7392,0.355
2021-05-16T00:00:00.000,16:10,40.603275,-73.99606,0,0,0,0,4060,-7399,0.31683168316831684
2021-05-16T00:00:00.000,18:01,40.58884,-73.805244,1,0,1,1,4058,-7380,0.4
2021-05-16T00:00:00.000,16:18,40.838383,-73.91902,1,0,1,1,4083,-7391,0.33714285714285713
2021-05-16T00:00:00.000,15:30,40.68704,-73.780525,0,0,0,0,4068,-7378,0.3384615384615385
2021-05-14T00:00:00.000,7:00,40.699627,-73.80529,0,0,0,0,4069,-7380,0.38461538461538464
2021-05-16T00:00:00.000,12:15,40.802914,-73.92029,0,0,0,0,4080,-7392,0.3141025641025641
2021-05-14T00:00:00.000,23:54,40.756687,-73.94455,0,0,0,0,4075,-7394,0.41333333333333333
2021-05-16T00:00:00.000,13:19,40.664227,-73.94547,0,0,0,0,4066,-7394,0.36792452830188677
2021-05-14T00:00:00.000,17:00,40.82457,-73.87825,0,0,0,0,4082,-7387,0.33544303797468356
2021-05-13T00:00:00.000,23:11,40.73479,-73.86082,0,0,0,0,4073,-7386,0.3464566929133858
2021-05-16T00:00:00.000,19:07,40.632885,-73.94771,0,0,0,0,4063,-7394,0.358974358974359
2021-05-16T00:00:00.000,18:35,40.718674,-73.986275,0,0,0,0,4071,-7398,0.39568345323741005
2021-05-11T00:00:00.000,13:00,40.65626,-73.950165,2,0,1,1,4065,-7395,0.38686131386861317
2021-05-16T00:00:00.000,13:30,40.85553,-73.86052,0,0,0,0,4085,-7386,0.33766233766233766
2021-05-16T00:00:00.000,23:20,40.665493,-73.756615,1,0,1,1,4066,-7375,0.3
2021-05-16T00:00:00.000,20:33,40.75218,-73.85201,4,0,1,1,4075,-7385,0.3048780487804878
2021-05-16T00:00:00.000,20:15,40.670254,-73.857124,0,0,0,0,4067,-7385,0.26666666666666666
2021-09-25T00:00:00.000,14:05,40.7342,-73.74434,1,0,1,1,4073,-7374,0.21428571428571427
2021-09-25T00:00:00.000,2:37,40.819798,-73.85843,0,0,0,0,4081,-7385,0.30434782608695654
2021-09-25T00:00:00.000,4:10,40.651905,-73.92749,1,0,1,1,4065,-7392,0.35555555555555557
2021-09-25T00:00:00.000,8:45,40.69168,-73.999344,1,0,1,1,4069,-7399,0.29473684210526313
2021-09-25T00:00:00.000,12:10,40.8566,-73.82646,0,0,0,0,4085,-7382,0.45714285714285713
2021-09-21T00:00:00.000,18:00,40.725006,-73.99935,0,0,0,0,4072,-7399,0.3829787234042553
2021-09-25T00:00:00.000,19:30,40.80607,-73.9404,0,0,0,0,4080,-7394,0.41116751269035534
2021-09-25T00:00:00.000,12:41,40.886795,-73.86254,0,0,0,0,4088,-7386,0.23809523809523808
2021-09-25T00:00:00.000,21:57,40.715954,-73.986725,1,0,1,1,4071,-7398,0.39568345323741005
2021-09-25T00:00:00.000,8:00,40.68865,-73.84711,0,0,0,0,4068,-7384,0.3333333333333333
2021-09-25T00:00:00.000,9:00,40.665257,-73.739555,0,0,0,0,4066,-7373,0.44339622641509435
2021-09-25T00:00:00.000,0:27,40.72364,-73.84223,0,0,0,0,4072,-7384,0.2711864406779661
2021-09-22T00:00:00.000,1:27,40.841274,-73.91762,0,0,0,0,4084,-7391,0.32558139534883723
2021-09-25T00:00:00.000,0:28,40.827057,-73.95202,0,0,0,0,4082,-7395,0.4117647058823529
2021-09-25T00:00:00.000,20:15,40.73708,-73.998344,0,0,0,0,4073,-7399,0.423728813559322
2021-09-25T00:00:00.000,10:40,40.686234,-73.82418,0,0,0,0,4068,-7382,0.41975308641975306
2021-09-25T00:00:00.000,15:17,40.754807,-73.87482,0,0,0,0,4075,-7387,0.33884297520661155
2021-09-25T00:00:00.000,17:33,40.689003,-73.829346,1,0,1,1,4068,-7382,0.41975308641975306
2021-09-23T00:00:00.000,11:50,40.677563,-73.93309,0,0,0,0,4067,-7393,0.3755868544600939
2021-09-25T00:00:00.000,16:27,40.790813,-73.976456,1,0,1,1,4079,-7397,0.24210526315789474
2021-09-24T00:00:00.000,18:33,40.857418,-73.89996,0,0,0,0,4085,-7389,0.3353658536585366
2021-09-25T00:00:00.000,10:30,40.86851,-73.85091,0,0,0,0,4086,-7385,0.5
2021-09-25T00:00:00.000,21:54,40.695934,-73.761604,3,0,1,1,4069,-7376,0.3392857142857143
2021-09-25T00:00:00.000,1:10,40.64511,-73.874886,0,0,0,0,4064,-7387,0.4918032786885246
2021-09-25T00:00:00.000,14:13,40.712856,-73.9049,0,0,0,0,4071,-7390,0.4
2021-09-23T00:00:00.000,2:41,40.824223,-73.95208,0,0,0,0,4082,-7395,0.4117647058823529
2021-09-25T00:00:00.000,15:51,40.725433,-73.992134,0,0,0,0,4072,-7399,0.3829787234042553
2021-09-25T00:00:00.000,10:40,40.55163,-74.14774,1,0,1,1,4055,-7414,0.4444444444444444
2021-09-25T00:00:00.000,5:00,40.707928,-73.93113,0,0,0,0,4070,-7393,0.3300970873786408
2021-09-25T00:00:00.000,23:15,40.606674,-73.99252,0,0,0,0,4060,-7399,0.31683168316831684
2021-09-23T00:00:00.000,14:35,40.72173,-74.00432,0,0,0,0,4072,-7400,0.32926829268292684
2021-09-25T00:00:00.000,15:00,40.76038,-73.921974,1,0,1,1,4076,-7392,0.42105263157894735
2021-09-23T00:00:00.000,19:43,40.709557,-74.00644,0,0,0,0,4070,-7400,0.2542372881355932
2021-09-25T00:00:00.000,0:30,40.730198,-73.954254,0,0,0,0,4073,-7395,0.30434782608695654
2021-09-25T00:00:00.000,6:00,40.821003,-73.92462,2,0,1,1,4082,-7392,0.3333333333333333
2021-09-25T00:00:00.000,16:04,40.67973,-73.76162,0,0,0,0,4067,-7376,0.23076923076923078
2021-09-24T00:00:00.000,14:40,40.806587,-73.91041,0,0,0,0,4080,-7391,0.38961038961038963
2021-09-25T00:00:00.000,16:00,40.633854,-74.13334,0,0,0,0,4063,-7413,0.2903225806451613
2021-09-25T00:00:00.000,15:15,40.834415,-73.92854,1,0,1,1,4083,-7392,0.310126582278481
2021-09-25T00:00:00.000,14:40,40.60957,-74.00267,2,0,1,1,4060,-7400,0.24074074074074073
2021-09-24T00:00:00.000,11:15,40.842987,-73.900345,0,0,0,0,4084,-7390,0.366120218579235
2021-09-23T00:00:00.000,21:50,40.681633,-73.9318,1,0,1,1,4068,-7393,0.3619047619047619
2021-09-25T00:00:00.000,20:00,40.702595,-73.8553,0,0,0,0,4070,-7385,0.39436619718309857
2021-09-25T00:00:00.000,18:45,40.707363,-73.90089,0,0,0,0,4070,-7390,0.37894736842105264
2021-09-23T00:00:00.000,15:22,40.88073,-73.9073,0,0,0,0,4088,-7390,0.2702702702702703
2021-09-25T00:00:00.000,12:19,40.804585,-73.91213,1,0,1,1,4080,-7391,0.38961038961038963
2021-09-25T00:00:00.000,1:17,40.762184,-73.76416,0,0,0,0,4076,-7376,0.21739130434782608
2021-09-25T00:00:00.000,0:30,40.81361,-73.913345,0,0,0,0,4081,-7391,0.47244094488188976
2021-09-25T00:00:00.000,19:10,40.61913,-73.99019,1,0,1,1,4061,-7399,0.29411764705882354
2021-09-25T00:00:00.000,21:50,40.596207,-73.768745,0,0,0,0,4059,-7376,0.23809523809523808
2021-09-25T00:00:00.000,19:18,40.76943,-73.91025,0,0,0,0,4076,-7391,0.40476190476190477
2021-09-25T00:00:00.000,0:00,40.704834,-73.79645,1,0,1,1,4070,-7379,0.3978494623655914
2021-09-25T00:00:00.000,13:45,40.633957,-73.94853,0,0,0,0,4063,-7394,0.358974358974359
2021-09-25T00:00:00.000,18:50,40.794365,-73.9397,0,0,0,0,4079,-7393,0.36585365853658536
2021-09-25T00:00:00.000,12:52,40.8827,-73.892845,0,0,0,0,4088,-7389,0.4626865671641791
2021-09-24T00:00:00.000,9:30,40.77437,-73.963554,0,0,0,0,4077,-7396,0.3695652173913043
2021-09-23T00:00:00.000,19:26,40.702957,-74.01151,1,0,1,1,4070,-7401,0.140625
2021-09-25T00:00:00.000,10:04,40.746334,-73.89633,0,0,0,0,4074,-7389,0.3203125
2021-09-25T00:00:00.000,11:57,40.749825,-73.972206,0,0,0,0,4074,-7397,0.4810810810810811
2021-09-25T00:00:00.000,16:27,40.674133,-73.871605,0,0,0,0,4067,-7387,0.30344827586206896
2021-09-25T00:00:00.000,17:00,40.65915,-73.92924,0,0,0,0,4065,-7392,0.35555555555555557
2021-09-25T00:00:00.000,17:33,40.742443,-73.93023,0,0,0,0,4074,-7393,0.3333333333333333
2021-09-25T00:00:00.000,22:40,40.74017,-73.97615,1,0,1,1,4074,-7397,0.4810810810810811
2021-09-18T00:00:00.000,13:04,40.779346,-73.95317,0,0,0,0,4077,-7395,0.3384615384615385
2021-09-25T00:00:00.000,12:50,40.7252,-73.93968,0,0,0,0,4072,-7393,0.36507936507936506
2021-09-25T00:00:00.000,1:25,40.752567,-73.87726,2,0,1,1,4075,-7387,0.33884297520661155
2021-09-25T00:00:00.000,9:40,40.677578,-73.88602,1,0,1,1,4067,-7388,0.30434782608695654
2021-09-25T00:00:00.000,4:23,40.76417,-73.83967,4,0,1,1,4076,-7383,0.33695652173913043
2021-09-25T00:00:00.000,0:18,40.72364,-73.84223,0,0,0,0,4072,-7384,0.2711864406779661
2021-09-25T00:00:00.000,16:40,40.67951,-73.81784,0,0,0,0,4067,-7381,0.4230769230769231
2021-09-25T00:00:00.000,4:00,40.694557,-73.94325,0,0,0,0,4069,-7394,0.417910447761194
2021-09-25T00:00:00.000,19:28,40.80275,-73.93358,0,0,0,0,4080,-7393,0.36312849162011174
2021-09-25T00:00:00.000,18:22,40.666187,-73.79176,0,0,0,0,4066,-7379,0.3870967741935484
2021-09-25T00:00:00.000,21:00,40.73864,-73.98752,1,0,1,1,4073,-7398,0.36942675159235666
2021-09-24T00:00:00.000,14:10,40.844246,-73.824104,0,0,0,0,4084,-7382,0.4
2021-09-23T00:00:00.000,14:09,40.822697,-73.886444,0,0,0,0,4082,-7388,0.27624309392265195
2021-09-24T00:00:00.000,13:10,40.637196,-74.00779,0,0,0,0,4063,-7400,0.3068181818181818
2021-09-25T00:00:00.000,22:30,40.70381,-73.81364,0,0,0,0,4070,-7381,0.3194444444444444
2021-09-24T00:00:00.000,14:15,40.677414,-73.93033,0,0,0,0,4067,-7393,0.3755868544600939
2021-09-25T00:00:00.000,19:30,40.65978,-73.88292,2,0,1,1,4065,-7388,0.41509433962264153
2021-09-25T00:00:00.000,0:00,40.753937,-73.8603,0,0,0,0,4075,-7386,0.33653846153846156
2021-09-25T00:00:00.000,1:50,40.695965,-73.96642,0,0,0,0,4069,-7396,0.325
2021-09-25T00:00:00.000,15:55,40.734497,-73.72287,1,0,1,1,4073,-7372,0.3333333333333333
2021-09-25T00:00:00.000,10:55,40.87384,-73.86286,5,0,1,1,4087,-7386,0.3142857142857143
2021-09-25T00:00:00.000,23:50,40.747356,-73.88649,1,0,1,1,4074,-7388,0.2978723404255319
2021-09-25T00:00:00.000,18:15,40.686085,-73.982666,0,0,0,0,4068,-7398,0.3873239436619718
2021-09-25T00:00:00.000,21:05,40.62165,-74.085495,0,0,0,0,4062,-7408,0.2
2021-09-25T00:00:00.000,23:47,40.658672,-73.90019,0,0,0,0,4065,-7390,0.375
2021-09-25T00:00:00.000,0:50,40.68714,-73.80801,0,0,0,0,4068,-7380,0.3829787234042553
2021-09-23T00:00:00.000,21:10,40.72225,-74.00592,0,0,0,0,4072,-7400,0.32926829268292684
2021-09-25T00:00:00.000,16:40,40.792015,-73.98051,1,0,1,1,4079,-7398,0.75
2021-09-25T00:00:00.000,23:30,40.681515,-73.90412,2,0,1,1,4068,-7390,0.4421052631578947
2021-09-25T00:00:00.000,11:00,40.72787,-73.72576,0,0,0,0,4072,-7372,0.3793103448275862
2021-09-25T00:00:00.000,13:50,40.735744,-73.976105,0,0,0,0,4073,-7397,0.32558139534883723
2021-09-25T00:00:00.000,3:15,40.665916,-73.92547,0,0,0,0,4066,-7392,0.355
2021-09-25T00:00:00.000,6:30,40.88271,-73.881256,0,0,0,0,4088,-7388,0.42857142857142855
2021-09-25T00:00:00.000,14:00,40.709915,-73.96854,0,0,0,0,4070,-7396,0.3431372549019608
2021-09-25T00:00:00.000,1:52,40.640915,-73.97365,0,0,0,0,4064,-7397,0.4095238095238095
2021-09-25T00:00:00.000,9:00,40.661293,-73.90667,0,0,0,0,4066,-7390,0.2777777777777778
2021-09-25T00:00:00.000,20:55,40.816597,-73.8181,0,0,0,0,4081,-7381,0.25
2021-09-17T00:00:00.000,17:57,40.715237,-74.01339,1,0,1,1,4071,-7401,0.3181818181818182
2021-09-25T00:00:00.000,5:31,40.68342,-73.97545,2,0,1,1,4068,-7397,0.3412322274881517
2021-09-25T00:00:00.000,17:18,40.715557,-73.92636,0,0,0,0,4071,-7392,0.2777777777777778
2021-09-25T00:00:00.000,15:50,40.818798,-73.89213,2,0,1,1,4081,-7389,0.31543624161073824
2021-09-25T00:00:00.000,3:50,40.710167,-73.73207,0,0,0,0,4071,-7373,0.25
2021-06-28T00:00:00.000,17:59,40.84144,-73.89282,2,0,1,1,4084,-7389,0.33766233766233766
2021-09-25T00:00:00.000,19:10,40.67339,-73.91678,0,0,0,0,4067,-7391,0.36597938144329895
2021-09-25T00:00:00.000,17:01,40.88742,-73.89449,1,0,1,1,4088,-7389,0.4626865671641791
2021-04-29T00:00:00.000,12:00,40.652412,-73.95423,0,0,0,0,4065,-7395,0.38686131386861317
2022-06-25T00:00:00.000,18:45,40.69832,-73.962265,0,0,0,0,4069,-7396,0.325
2021-09-25T00:00:00.000,12:10,40.74884,-73.86296,0,0,0,0,4074,-7386,0.3813559322033898
2022-06-28T00:00:00.000,13:25,40.66255,-73.90893,1,0,1,1,4066,-7390,0.2777777777777778
2021-09-15T00:00:00.000,14:18,40.821136,-73.86587,0,0,0,0,4082,-7386,0.3493975903614458
2021-09-25T00:00:00.000,8:00,40.666363,-73.95223,0,0,0,0,4066,-7395,0.44375
2021-09-25T00:00:00.000,14:28,40.659275,-73.889,0,0,0,0,4065,-7388,0.41509433962264153
2021-09-17T00:00:00.000,9:00,40.675884,-73.75577,0,0,0,0,4067,-7375,0.2608695652173913
2021-09-25T00:00:00.000,14:00,40.766968,-73.95617,0,0,0,0,4076,-7395,0.3696969696969697
2021-08-27T00:00:00.000,19:30,40.64851,-73.89572,1,0,1,1,4064,-7389,0.43478260869565216
2021-09-25T00:00:00.000,0:00,40.776016,-73.78441,1,0,1,1,4077,-7378,0.4444444444444444
2021-09-25T00:00:00.000,23:30,40.59903,-73.79704,0,0,0,0,4059,-7379,0.2692307692307692
2021-09-25T00:00:00.000,12:34,40.78717,-73.94999,0,0,0,0,4078,-7394,0.33513513513513515
2021-09-25T00:00:00.000,23:36,40.713264,-73.79638,0,0,0,0,4071,-7379,0.3888888888888889
2021-09-25T00:00:00.000,8:55,40.79273,-73.9771,0,0,0,0,4079,-7397,0.24210526315789474
2021-09-25T00:00:00.000,11:04,40.70512,-73.95268,1,0,1,1,4070,-7395,0.3475177304964539
2021-09-25T00:00:00.000,20:41,40.8431,-73.84778,1,0,1,1,4084,-7384,0.4222222222222222
2021-09-25T00:00:00.000,18:45,40.752285,-73.88004,1,0,1,1,4075,-7388,0.3402061855670103
2021-09-25T00:00:00.000,0:15,40.730442,-74.00464,0,0,0,0,4073,-7400,0.2403846153846154
2021-09-25T00:00:00.000,0:00,40.62643,-73.996925,1,0,1,1,4062,-7399,0.3835616438356164
2021-09-24T00:00:00.000,18:46,40.8398,-73.928665,0,0,0,0,4083,-7392,0.310126582278481
2021-09-25T00:00:00.000,13:40,40.66384,-73.92166,1,0,1,1,4066,-7392,0.355
2021-09-24T00:00:00.000,8:20,40.76685,-73.95376,1,0,1,1,4076,-7395,0.3696969696969697
2021-09-25T00:00:00.000,12:00,40.688553,-73.962845,1,0,1,1,4068,-7396,0.42567567567567566
2021-09-25T00:00:00.000,14:25,40.61913,-73.92398,0,0,0,0,4061,-7392,0.2982456140350877
2021-09-25T00:00:00.000,3:10,40.705994,-73.94298,0,0,0,0,4070,-7394,0.3956043956043956
2021-09-25T00:00:00.000,11:37,40.715775,-73.97939,1,0,1,1,4071,-7397,0.41509433962264153
2021-09-20T00:00:00.000,10:00,40.678303,-73.92527,0,0,0,0,4067,-7392,0.39655172413793105
2021-09-25T00:00:00.000,18:00,40.71429,-73.94266,0,0,0,0,4071,-7394,0.3710691823899371
2021-09-25T00:00:00.000,1:35,40.70914,-73.950836,1,0,1,1,4070,-7395,0.3475177304964539
2021-09-22T00:00:00.000,2:30,40.706013,-74.00882,0,0,0,0,4070,-7400,0.2542372881355932
2021-09-25T00:00:00.000,16:12,40.678757,-73.98649,0,0,0,0,4067,-7398,0.3655913978494624
2021-09-25T00:00:00.000,15:52,40.693436,-73.97784,2,0,1,1,4069,-7397,0.3253012048192771
2021-09-25T00:00:00.000,13:45,40.723976,-74.00831,0,0,0,0,4072,-7400,0.32926829268292684
2021-09-25T00:00:00.000,12:51,40.759365,-73.914276,1,0,1,1,4075,-7391,0.4777777777777778
2021-09-25T00:00:00.000,1:15,40.668503,-73.869255,0,0,0,0,4066,-7386,0.35
2021-09-25T00:00:00.000,19:05,40.68111,-73.88784,0,0,0,0,4068,-7388,0.36538461538461536
2021-09-25T00:00:00.000,12:50,40.781693,-73.839615,0,0,0,0,4078,-7383,0.2727272727272727
2021-09-25T00:00:00.000,20:50,40.680115,-73.75324,0,0,0,0,4068,-7375,0.3877551020408163
2021-09-25T00:00:00.000,5:30,40.68729,-73.807274,0,0,0,0,4068,-7380,0.3829787234042553
2021-09-21T00:00:00.000,11:30,40.6217,-74.12403,1,0,1,1,4062,-7412,0.21739130434782608
2021-09-25T00:00:00.000,18:34,40.756718,-73.91422,1,0,1,1,4075,-7391,0.4777777777777778
2021-09-25T00:00:00.000,21:30,40.78176,-73.944145,0,0,0,0,4078,-7394,0.33513513513513515
2022-06-29T00:00:00.000,14:40,40.773335,-73.95506,1,0,1,1,4077,-7395,0.3384615384615385
2021-09-25T00:00:00.000,1:54,40.663902,-73.93993,1,0,1,1,4066,-7393,0.38578680203045684
2021-09-25T00:00:00.000,14:30,40.828384,-73.90283,2,0,1,1,4082,-7390,0.3025210084033613
2021-09-22T00:00:00.000,18:50,40.677563,-73.93309,0,0,0,0,4067,-7393,0.3755868544600939
2021-09-25T00:00:00.000,16:04,40.744778,-73.97589,0,0,0,0,4074,-7397,0.4810810810810811
2021-09-25T00:00:00.000,23:59,40.652145,-73.95916,2,0,1,1,4065,-7395,0.38686131386861317
2021-09-25T00:00:00.000,17:45,40.87656,-73.90436,0,0,0,0,4087,-7390,0.3184713375796178
2021-09-23T00:00:00.000,14:40,40.617325,-74.0177,1,0,1,1,4061,-7401,0.2972972972972973
2022-06-30T00:00:00.000,8:00,40.74377,-73.91383,1,0,1,1,4074,-7391,0.38333333333333336
2021-09-19T00:00:00.000,0:00,40.820538,-73.930855,0,0,0,0,4082,-7393,0.36645962732919257
2021-09-25T00:00:00.000,8:00,40.65469,-73.96015,2,0,1,1,4065,-7396,0.3939393939393939
2021-09-23T00:00:00.000,16:30,40.72912,-73.98343,0,0,0,0,4072,-7398,0.4342105263157895
2021-09-25T00:00:00.000,6:40,40.798412,-73.939705,0,0,0,0,4079,-7393,0.36585365853658536
2021-09-25T00:00:00.000,0:07,40.5953,-74.1619,0,0,0,0,4059,-7416,0.29411764705882354
2021-09-25T00:00:00.000,22:02,40.725616,-73.851036,1,0,1,1,4072,-7385,0.4418604651162791
2021-09-25T00:00:00.000,7:25,40.782734,-73.955345,1,0,1,1,4078,-7395,0.42168674698795183
2021-09-25T00:00:00.000,16:20,40.672203,-73.80873,0,0,0,0,4067,-7380,0.24615384615384617
2021-09-25T00:00:00.000,20:00,40.6884,-73.95118,0,0,0,0,4068,-7395,0.38571428571428573
2021-09-25T00:00:00.000,2:05,40.660217,-73.89675,0,0,0,0,4066,-7389,0.3103448275862069
2021-09-25T00:00:00.000,15:00,40.791416,-73.829285,0,0,0,0,4079,-7382,0.2
2021-09-25T00:00:00.000,19:40,40.693146,-73.99509,2,0,1,1,4069,-7399,0.29473684210526313
2021-09-11T00:00:00.000,11:55,40.83057,-73.93072,0,0,0,0,4083,-7393,0.3333333333333333
2021-09-25T00:00:00.000,9:35,40.81019,-73.953,2,0,1,1,4081,-7395,0.3509933774834437
2021-09-25T00:00:00.000,12:26,40.733067,-73.9983,0,0,0,0,4073,-7399,0.423728813559322
2021-09-25T00:00:00.000,4:00,40.690662,-73.85206,0,0,0,0,4069,-7385,0.34
2021-09-23T00:00:00.000,14:28,40.889137,-73.88885,1,0,1,1,4088,-7388,0.42857142857142855
2021-09-25T00:00:00.000,12:16,40.842335,-73.91619,1,0,1,1,4084,-7391,0.32558139534883723
2021-09-25T00:00:00.000,10:20,40.65021,-74.01577,1,0,1,1,4065,-7401,0.43478260869565216
2021-09-25T00:00:00.000,18:30,40.671932,-73.85165,1,0,1,1,4067,-7385,0.26666666666666666
2021-09-25T00:00:00.000,1:32,40.676937,-73.92183,0,0,0,0,4067,-7392,0.39655172413793105
2021-09-25T00:00:00.000,4:03,40.84414,-73.900536,0,0,0,0,4084,-7390,0.366120218579235
2021-09-25T00:00:00.000,4:50,40.813885,-73.885185,0,0,0,0,4081,-7388,0.25471698113207547
2021-09-25T00:00:00.000,19:14,40.723022,-73.99882,0,0,0,0,4072,-7399,0.3829787234042553
2021-09-25T00:00:00.000,8:40,40.780144,-73.84876,0,0,0,0,4078,-7384,0.23809523809523808
2021-09-25T00:00:00.000,9:00,40.736088,-73.87179,0,0,0,0,4073,-7387,0.3140495867768595
2021-09-25T00:00:00.000,16:20,40.67314,-73.86945,0,0,0,0,4067,-7386,0.3431372549019608
2021-09-25T00:00:00.000,6:50,40.747894,-73.989174,0,0,0,0,4074,-7398,0.40131578947368424
2021-09-25T00:00:00.000,19:00,40.699936,-73.91181,1,0,1,1,4069,-7391,0.2709677419354839
2021-09-25T00:00:00.000,21:50,40.666233,-73.761,0,0,0,0,4066,-7376,0.30434782608695654
2021-09-09T00:00:00.000,18:00,40.723278,-74.00799,0,0,0,0,4072,-7400,0.32926829268292684
2021-09-25T00:00:00.000,22:40,40.58343,-73.96049,0,0,0,0,4058,-7396,0.37333333333333335
2021-09-24T00:00:00.000,16:04,40.77052,-73.91978,0,0,0,0,4077,-7391,0.3157894736842105
2021-09-25T00:00:00.000,7:35,40.703403,-73.917786,1,0,1,1,4070,-7391,0.27450980392156865
2021-09-25T00:00:00.000,9:15,40.75457,-73.99325,0,0,0,0,4075,-7399,0.2830188679245283
2021-09-25T00:00:00.000,16:45,40.657837,-73.95033,0,0,0,0,4065,-7395,0.38686131386861317
2021-09-25T00:00:00.000,2:20,40.77904,-73.9435,0,0,0,0,4077,-7394,0.28
2021-09-17T00:00:00.000,7:45,40.70009,-73.987785,0,0,0,0,4070,-7398,0.21568627450980393
2021-09-25T00:00:00.000,7:55,40.69592,-73.83865,0,0,0,0,4069,-7383,0.35555555555555557
2021-09-23T00:00:00.000,17:20,40.834415,-73.92854,0,0,0,0,4083,-7392,0.310126582278481
2021-09-25T00:00:00.000,15:59,40.73789,-73.76794,0,0,0,0,4073,-7376,0.2857142857142857
2021-09-25T00:00:00.000,22:03,40.637505,-73.914185,0,0,0,0,4063,-7391,0.5
2021-09-23T00:00:00.000,8:00,40.652927,-73.959335,1,0,1,1,4065,-7395,0.38686131386861317
2021-09-24T00:00:00.000,17:40,40.844902,-73.89011,0,0,0,0,4084,-7389,0.33766233766233766
2021-09-24T00:00:00.000,5:25,40.659485,-73.918304,1,0,1,1,4065,-7391,0.425
2021-09-25T00:00:00.000,14:25,40.70547,-73.95024,0,0,0,0,4070,-7395,0.3475177304964539
2021-09-25T00:00:00.000,18:45,40.768322,-73.95933,0,0,0,0,4076,-7395,0.3696969696969697
2021-09-25T00:00:00.000,6:30,40.74939,-73.8178,1,0,1,1,4074,-7381,0.46153846153846156
2021-09-25T00:00:00.000,10:35,40.717907,-73.94666,0,0,0,0,4071,-7394,0.3710691823899371
2021-09-25T00:00:00.000,2:20,40.654312,-73.91759,1,0,1,1,4065,-7391,0.425
2021-09-20T00:00:00.000,6:25,40.703655,-73.822464,1,0,1,1,4070,-7382,0.4166666666666667
2021-09-25T00:00:00.000,11:45,40.75238,-73.73883,0,0,0,0,4075,-7373,0.18181818181818182
2021-09-25T00:00:00.000,23:00,40.823315,-73.81178,0,0,0,0,4082,-7381,0.17647058823529413
2021-09-22T00:00:00.000,14:20,40.71154,-74.01574,1,0,1,1,4071,-7401,0.3181818181818182
2021-09-25T00:00:00.000,14:25,40.7343,-73.7552,1,0,1,1,4073,-7375,0.125
2021-09-19T00:00:00.000,12:34,40.713135,-74.00407,0,0,0,0,4071,-7400,0.25517241379310346
2021-09-25T00:00:00.000,9:00,40.65342,-73.88898,0,0,0,0,4065,-7388,0.41509433962264153
2021-09-25T00:00:00.000,6:42,40.74945,-73.88711,0,0,0,0,4074,-7388,0.2978723404255319
2021-09-25T00:00:00.000,15:45,40.77402,-73.79277,1,0,1,1,4077,-7379,0.5
2021-09-25T00:00:00.000,13:11,40.88731,-73.86412,0,0,0,0,4088,-7386,0.23809523809523808
2021-09-25T00:00:00.000,21:30,40.68896,-73.93326,1,0,1,1,4068,-7393,0.3619047619047619
2021-09-25T00:00:00.000,13:30,40.63165,-74.08762,0,0,0,0,4063,-7408,0.2653061224489796
2021-09-25T00:00:00.000,16:20,40.640648,-73.953316,1,0,1,1,4064,-7395,0.4796747967479675
2021-09-25T00:00:00.000,16:20,40.8233,-73.8993,1,0,1,1,4082,-7389,0.37423312883435583
2021-09-25T00:00:00.000,23:30,40.768795,-73.958374,0,0,0,0,4076,-7395,0.3696969696969697
2021-09-25T00:00:00.000,22:05,40.63719,-73.952286,1,0,1,1,4063,-7395,0.48484848484848486
2021-09-25T00:00:00.000,4:15,40.68631,-73.97445,1,0,1,1,4068,-7397,0.3412322274881517
2021-09-25T00:00:00.000,22:00,40.78205,-73.97982,0,0,0,0,4078,-7397,0.3434343434343434
2021-09-25T00:00:00.000,0:10,40.7099,-73.786736,0,0,0,0,4070,-7378,0.34523809523809523
2021-09-25T00:00:00.000,14:30,40.74437,-73.98752,0,0,0,0,4074,-7398,0.40131578947368424
2021-09-24T00:00:00.000,21:40,40.689568,-73.934586,3,0,1,1,4068,-7393,0.3619047619047619
2021-09-25T00:00:00.000,14:15,40.6391,-73.90092,0,0,0,0,4063,-7390,0.3561643835616438
2021-09-25T00:00:00.000,10:20,40.879307,-73.90295,0,0,0,0,4087,-7390,0.3184713375796178
2021-09-25T00:00:00.000,12:26,40.627117,-74.00181,0,0,0,0,4062,-7400,0.3150684931506849
2021-09-25T00:00:00.000,10:00,40.862297,-73.89842,1,0,1,1,4086,-7389,0.40606060606060607
2021-09-25T00:00:00.000,20:35,40.668266,-73.88116,0,0,0,0,4066,-7388,0.37012987012987014
2021-09-14T00:00:00.000,15:16,40.723118,-74.00624,0,0,0,0,4072,-7400,0.32926829268292684
2021-09-25T00:00:00.000,13:49,40.66865,-73.91762,1,0,1,1,4066,-7391,0.3630952380952381
2021-09-25T00:00:00.000,4:38,40.721222,-73.98301,2,0,1,1,4072,-7398,0.4342105263157895
2021-09-25T00:00:00.000,12:00,40.59398,-73.996185,0,0,0,0,4059,-7399,0.3076923076923077
2021-09-25T00:00:00.000,0:00,40.788193,-73.79059,0,0,0,0,4078,-7379,0.42105263157894735
2021-09-25T00:00:00.000,21:30,40.747692,-73.89381,0,0,0,0,4074,-7389,0.3203125
2021-09-25T00:00:00.000,10:30,40.794735,-73.96988,0,0,0,0,4079,-7396,0.25
2021-09-25T00:00:00.000,0:15,40.7553,-73.87009,1,0,1,1,4075,-7387,0.33884297520661155
2021-09-25T00:00:00.000,12:00,40.66446,-73.91234,0,0,0,0,4066,-7391,0.3630952380952381
2021-09-25T00:00:00.000,16:06,40.75763,-73.865685,0,0,0,0,4075,-7386,0.33653846153846156
2021-09-25T00:00:00.000,8:00,40.61971,-73.99729,0,0,0,0,4061,-7399,0.29411764705882354
2021-09-25T00:00:00.000,0:30,40.681095,-73.97533,0,0,0,0,4068,-7397,0.3412322274881517
2021-09-25T00:00:00.000,22:26,40.65753,-73.89797,0,1,2,1,4065,-7389,0.34965034965034963
2021-09-18T00:00:00.000,17:55,40.655666,-73.979485,1,0,1,1,4065,-7397,0.4074074074074074
2021-09-23T00:00:00.000,10:10,40.723454,-74.007965,1,0,1,1,4072,-7400,0.32926829268292684
2021-09-25T00:00:00.000,15:45,40.763893,-73.915,1,0,1,1,4076,-7391,0.40476190476190477
2021-09-25T00:00:00.000,13:30,40.680218,-73.775505,0,0,0,0,4068,-7377,0.3673469387755102
2021-09-25T00:00:00.000,22:00,40.73518,-73.83629,2,0,1,1,4073,-7383,0.36363636363636365
2021-09-23T00:00:00.000,19:15,40.673107,-73.99959,0,0,0,0,4067,-7399,0.3258426966292135
2021-09-24T00:00:00.000,16:25,40.683754,-73.91737,1,0,1,1,4068,-7391,0.344
2021-09-25T00:00:00.000,12:55,40.755733,-73.796135,1,0,1,1,4075,-7379,0.38461538461538464
2021-09-25T00:00:00.000,22:45,40.850475,-73.915436,2,0,1,1,4085,-7391,0.373134328358209
2021-09-25T00:00:00.000,11:25,40.620647,-74.14051,1,0,1,1,4062,-7414,0.20408163265306123
2021-09-25T00:00:00.000,12:37,40.694206,-73.97312,0,0,0,0,4069,-7397,0.3253012048192771
2021-09-25T00:00:00.000,9:15,40.663788,-73.76554,0,0,0,0,4066,-7376,0.30434782608695654
2021-09-25T00:00:00.000,7:30,40.683342,-74.001976,0,0,0,0,4068,-7400,0.3333333333333333
2021-09-25T00:00:00.000,23:20,40.649868,-73.93409,0,0,0,0,4064,-7393,0.3333333333333333
2021-09-25T00:00:00.000,4:04,40.71412,-73.83152,1,0,1,1,4071,-7383,0.37349397590361444
2021-09-23T00:00:00.000,19:00,40.62284,-74.00121,0,0,0,0,4062,-7400,0.3150684931506849
2021-08-05T00:00:00.000,9:07,40.912827,-73.90251,0,0,0,0,4091,-7390,0.3333333333333333
2021-09-25T00:00:00.000,16:21,40.666405,-73.74538,2,0,1,1,4066,-7374,0.3698630136986301
2021-09-18T00:00:00.000,8:30,40.867054,-73.82174,0,0,0,0,4086,-7382,0.3611111111111111
2021-09-25T00:00:00.000,5:40,40.692497,-73.98896,0,0,0,0,4069,-7398,0.3229166666666667
2021-09-25T00:00:00.000,17:42,40.67854,-73.807205,2,0,1,1,4067,-7380,0.24615384615384617
2021-09-25T00:00:00.000,12:58,40.8385,-73.90598,0,0,0,0,4083,-7390,0.3064516129032258
2021-09-25T00:00:00.000,1:56,40.64236,-73.91971,0,0,0,0,4064,-7391,0.39805825242718446
2021-08-27T00:00:00.000,14:00,40.697872,-73.802376,0,0,0,0,4069,-7380,0.38461538461538464
2021-09-25T00:00:00.000,19:18,40.86938,-73.825455,1,0,1,1,4086,-7382,0.3611111111111111
2021-09-25T00:00:00.000,13:00,40.75033,-73.87874,1,0,1,1,4075,-7387,0.33884297520661155
2021-09-25T00:00:00.000,20:02,40.707806,-74.00159,0,0,0,0,4070,-7400,0.2542372881355932
2021-09-25T00:00:00.000,15:13,40.603626,-73.749084,1,0,1,1,4060,-7374,0.15789473684210525
2021-09-25T00:00:00.000,22:37,40.67308,-73.91124,1,0,1,1,4067,-7391,0.36597938144329895
2021-09-25T00:00:00.000,14:20,40.693142,-73.922,0,0,0,0,4069,-7392,0.3584905660377358
2021-09-21T00:00:00.000,11:50,40.830067,-73.92915,3,0,1,1,4083,-7392,0.310126582278481
2021-09-23T00:00:00.000,23:17,40.658783,-73.91283,1,0,1,1,4065,-7391,0.425
2021-09-25T00:00:00.000,1:30,40.861862,-73.91275,1,0,1,1,4086,-7391,0.38016528925619836
2021-09-25T00:00:00.000,16:18,40.714184,-73.98871,1,0,1,1,4071,-7398,0.39568345323741005
2021-09-25T00:00:00.000,2:34,40.652626,-74.00617,0,0,0,0,4065,-7400,0.41509433962264153
2021-09-25T00:00:00.000,23:35,40.65766,-73.89705,0,0,0,0,4065,-7389,0.34965034965034963
2021-09-25T00:00:00.000,21:29,40.68088,-73.9633,0,0,0,0,4068,-7396,0.42567567567567566
2021-09-25T00:00:00.000,14:30,40.740273,-73.89586,0,0,0,0,4074,-7389,0.3203125
2021-09-25T00:00:00.000,10:30,40.811638,-73.9316,0,0,0,0,4081,-7393,0.32432432432432434
2021-09-25T00:00:00.000,16:38,40.887497,-73.84649,0,0,0,0,4088,-7384,0.4153846153846154
2021-09-25T00:00:00.000,15:20,40.87129,-73.88024,3,0,1,1,4087,-7388,0.3561643835616438
2021-09-25T00:00:00.000,7:30,40.628662,-74.15552,0,0,0,0,4062,-7415,0.37037037037037035
2021-09-25T00:00:00.000,11:18,40.69716,-73.996895,0,0,0,0,4069,-7399,0.29473684210526313
2021-09-25T00:00:00.000,0:13,40.7162,-73.99191,1,0,1,1,4071,-7399,0.3263157894736842
2021-09-21T00:00:00.000,13:35,40.725285,-73.97798,0,0,0,0,4072,-7397,0.3283582089552239
2021-09-20T00:00:00.000,15:20,40.706707,-74.002335,0,0,0,0,4070,-7400,0.2542372881355932
2021-09-25T00:00:00.000,4:25,40.602356,-74.01263,0,0,0,0,4060,-7401,0.30357142857142855
2021-09-24T00:00:00.000,13:25,40.709686,-74.01168,0,0,0,0,4070,-7401,0.140625
2021-09-25T00:00:00.000,15:15,40.753284,-73.92049,1,0,1,1,4075,-7392,0.48148148148148145
2021-09-25T00:00:00.000,12:15,40.904892,-73.906334,0,0,0,0,4090,-7390,0.11764705882352941
2021-09-25T00:00:00.000,20:08,40.69952,-73.78355,1,0,1,1,4069,-7378,0.29310344827586204
2021-09-25T00:00:00.000,1:30,40.6055,-73.93793,0,0,0,0,4060,-7393,0.4117647058823529
2021-09-25T00:00:00.000,8:05,40.629166,-73.947334,0,0,0,0,4062,-7394,0.41379310344827586
2022-06-26T00:00:00.000,13:50,40.83419,-73.90019,0,0,0,0,4083,-7390,0.3064516129032258
2022-06-30T00:00:00.000,8:00,40.742836,-73.91592,0,0,0,0,4074,-7391,0.38333333333333336
2022-07-01T00:00:00.000,11:28,40.762875,-73.90376,0,0,0,0,4076,-7390,0.3055555555555556
2022-07-01T00:00:00.000,0:30,40.794792,-73.938576,0,0,0,0,4079,-7393,0.36585365853658536
2022-06-29T00:00:00.000,5:00,40.772457,-73.74048,0,0,0,0,4077,-7374,0.16666666666666666
2021-05-11T00:00:00.000,23:10,40.69832,-73.90011,4,0,1,1,4069,-7390,0.29591836734693877
2022-06-30T00:00:00.000,14:50,40.59851,-73.93957,1,0,1,1,4059,-7393,0.47058823529411764
2021-05-17T00:00:00.000,17:10,40.692562,-73.80891,1,0,1,1,4069,-7380,0.38461538461538464
2021-05-17T00:00:00.000,5:10,40.675682,-74.00119,0,0,0,0,4067,-7400,0.20967741935483872
2021-05-17T00:00:00.000,14:30,40.736073,-73.77356,1,0,1,1,4073,-7377,0.5789473684210527
2021-05-14T00:00:00.000,15:15,40.66552,-73.74467,1,0,1,1,4066,-7374,0.3698630136986301
2021-05-15T00:00:00.000,22:51,40.68306,-73.973785,1,0,1,1,4068,-7397,0.3412322274881517
2021-05-17T00:00:00.000,17:55,40.667706,-73.90636,0,0,0,0,4066,-7390,0.2777777777777778
2021-05-17T00:00:00.000,0:00,40.803566,-73.96715,0,0,0,0,4080,-7396,0.31343283582089554
2021-05-17T00:00:00.000,20:12,40.624256,-74.02006,0,0,0,0,4062,-7402,0.3625
2021-05-17T00:00:00.000,17:00,40.673107,-73.99959,0,0,0,0,4067,-7399,0.3258426966292135
2021-05-17T00:00:00.000,17:29,40.86275,-73.904305,1,0,1,1,4086,-7390,0.42748091603053434
2021-05-17T00:00:00.000,11:45,40.676514,-73.91413,1,0,1,1,4067,-7391,0.36597938144329895
2021-05-12T00:00:00.000,0:00,40.82831,-73.94315,0,0,0,0,4082,-7394,0.3812154696132597
2021-05-17T00:00:00.000,0:00,40.679375,-73.96408,1,0,1,1,4067,-7396,0.3466666666666667
2021-05-17T00:00:00.000,5:40,40.6778,-73.87331,2,0,1,1,4067,-7387,0.30344827586206896
2021-05-06T00:00:00.000,14:02,40.505527,-74.23819,0,1,2,1,4050,-7423,0.4
2021-05-17T00:00:00.000,9:40,40.803677,-73.92209,0,0,0,0,4080,-7392,0.3141025641025641
2021-05-15T00:00:00.000,3:21,40.685894,-73.86524,1,0,1,1,4068,-7386,0.423728813559322
2021-05-09T00:00:00.000,17:30,40.68668,-73.95958,0,0,0,0,4068,-7395,0.38571428571428573
2021-05-17T00:00:00.000,23:40,40.72032,-73.99404,0,0,0,0,4072,-7399,0.3829787234042553
2021-05-17T00:00:00.000,3:05,40.68796,-73.94194,5,0,1,1,4068,-7394,0.4409448818897638
2021-05-17T00:00:00.000,16:30,40.82399,-73.85876,0,0,0,0,4082,-7385,0.27
2021-05-17T00:00:00.000,14:30,40.70472,-73.940285,0,0,0,0,4070,-7394,0.3956043956043956
2021-05-17T00:00:00.000,6:50,40.816864,-73.882744,0,0,0,0,4081,-7388,0.25471698113207547
2021-05-17T00:00:00.000,19:00,40.658577,-73.89063,2,0,1,1,4065,-7389,0.34965034965034963
2021-05-17T00:00:00.000,20:50,40.612957,-74.065315,0,0,0,0,4061,-7406,0.2
2021-05-17T00:00:00.000,22:30,40.85407,-73.89932,0,0,0,0,4085,-7389,0.3353658536585366
2021-05-17T00:00:00.000,11:00,40.60853,-73.96211,0,0,0,0,4060,-7396,0.5714285714285714
2021-05-17T00:00:00.000,10:30,40.68541,-73.87274,0,0,0,0,4068,-7387,0.24719101123595505
2021-04-30T00:00:00.000,13:30,40.744644,-74.00639,0,0,0,0,4074,-7400,0.27710843373493976
2021-05-17T00:00:00.000,17:49,40.638878,-74.00605,0,0,0,0,4063,-7400,0.3068181818181818
2021-04-29T00:00:00.000,0:00,40.71142,-73.91794,0,0,0,0,4071,-7391,0.1836734693877551
2021-05-17T00:00:00.000,11:48,40.713886,-73.78273,0,0,0,0,4071,-7378,0.32653061224489793
2021-05-17T00:00:00.000,9:40,40.757755,-73.79304,2,0,1,1,4075,-7379,0.38461538461538464
2021-05-15T00:00:00.000,21:15,40.664158,-73.98469,0,0,0,0,4066,-7398,0.421875
2021-05-17T00:00:00.000,14:30,40.690453,-73.91176,0,0,0,0,4069,-7391,0.2709677419354839
2021-05-17T00:00:00.000,4:30,40.666786,-73.78452,0,0,0,0,4066,-7378,0.34615384615384615
2021-05-17T00:00:00.000,17:42,40.742943,-73.91685,0,0,0,0,4074,-7391,0.38333333333333336
2021-05-17T00:00:00.000,23:20,40.764084,-73.83336,0,0,0,0,4076,-7383,0.33695652173913043
2021-05-17T00:00:00.000,19:40,40.81197,-73.91428,1,0,1,1,4081,-7391,0.47244094488188976
2021-05-06T00:00:00.000,8:30,40.666187,-73.79176,0,0,0,0,4066,-7379,0.3870967741935484
2021-05-17T00:00:00.000,18:24,40.89099,-73.86211,0,0,0,0,4089,-7386,0.28205128205128205
2021-05-17T00:00:00.000,19:57,40.67681,-73.79405,0,0,0,0,4067,-7379,0.4264705882352941
2021-05-17T00:00:00.000,1:25,40.881504,-73.879364,0,0,0,0,4088,-7387,0.14583333333333334
2021-05-17T00:00:00.000,9:32,40.665844,-73.908295,1,0,1,1,4066,-7390,0.2777777777777778
2021-05-17T00:00:00.000,6:00,40.63947,-73.902756,2,0,1,1,4063,-7390,0.3561643835616438
2021-05-14T00:00:00.000,18:33,40.765224,-73.9317,1,0,1,1,4076,-7393,0.44680851063829785
2021-05-16T00:00:00.000,19:10,40.693436,-73.8962,1,0,1,1,4069,-7389,0.3709677419354839
2021-05-17T00:00:00.000,18:40,40.658577,-73.89063,1,0,1,1,4065,-7389,0.34965034965034963
2021-05-14T00:00:00.000,23:40,40.866573,-73.83876,2,0,1,1,4086,-7383,0.3448275862068966
2021-05-17T00:00:00.000,13:23,40.790623,-73.942444,0,0,0,0,4079,-7394,0.3523809523809524
2021-05-16T00:00:00.000,10:00,40.673294,-73.96066,0,0,0,0,4067,-7396,0.3466666666666667
2021-05-17T00:00:00.000,13:00,40.734768,-73.861595,2,0,1,1,4073,-7386,0.3464566929133858
2021-05-17T00:00:00.000,8:00,40.8439,-73.91171,0,0,0,0,4084,-7391,0.32558139534883723
2022-06-30T00:00:00.000,18:59,40.80875,-73.959656,0,0,0,0,4080,-7395,0.381294964028777
2022-06-29T00:00:00.000,12:15,40.68561,-73.75027,1,0,1,1,4068,-7375,0.3877551020408163
2021-05-17T00:00:00.000,17:15,40.618187,-74.06915,1,0,1,1,4061,-7406,0.2
2021-05-12T00:00:00.000,18:20,40.655754,-73.958015,1,0,1,1,4065,-7395,0.38686131386861317
2021-05-17T00:00:00.000,18:10,40.676403,-73.96287,0,0,0,0,4067,-7396,0.3466666666666667
2021-05-14T00:00:00.000,13:00,40.675385,-73.97485,0,0,0,0,4067,-7397,0.2818181818181818
2021-05-17T00:00:00.000,15:29,40.592216,-73.946175,0,0,0,0,4059,-7394,0.275
2021-05-17T00:00:00.000,17:50,40.84439,-73.933624,1,0,1,1,4084,-7393,0.32786885245901637
2021-05-17T00:00:00.000,16:00,40.701885,-73.73824,1,0,1,1,4070,-7373,0.52
2021-05-17T00:00:00.000,14:35,40.69407,-73.91406,0,0,0,0,4069,-7391,0.2709677419354839
2021-05-17T00:00:00.000,11:58,40.826427,-73.950455,0,0,0,0,4082,-7395,0.4117647058823529
2021-05-17T00:00:00.000,17:46,40.69365,-73.98333,1,0,1,1,4069,-7398,0.3229166666666667
2021-05-14T00:00:00.000,22:40,40.659355,-73.75005,1,0,1,1,4065,-7375,0.4166666666666667
2021-05-17T00:00:00.000,9:17,40.528374,-74.20203,0,0,0,0,4052,-7420,0.0
2021-05-12T00:00:00.000,15:35,40.706158,-73.907845,1,0,1,1,4070,-7390,0.37894736842105264
2021-05-17T00:00:00.000,21:30,40.67665,-73.780655,0,0,0,0,4067,-7378,0.2
2021-05-17T00:00:00.000,22:02,40.756096,-73.74655,0,0,0,0,4075,-7374,0.3333333333333333
2021-05-17T00:00:00.000,17:50,40.678654,-74.01629,0,0,0,0,4067,-7401,0.32142857142857145
2021-05-17T00:00:00.000,23:50,40.769993,-73.915825,0,0,0,0,4076,-7391,0.40476190476190477
2021-05-14T00:00:00.000,20:58,40.7259,-73.97941,0,0,0,0,4072,-7397,0.3283582089552239
2021-05-16T00:00:00.000,16:00,40.6754,-73.9887,0,0,0,0,4067,-7398,0.3655913978494624
2021-05-16T00:00:00.000,0:00,40.676132,-73.921906,0,0,0,0,4067,-7392,0.39655172413793105
2021-05-17T00:00:00.000,18:20,40.54534,-74.160576,0,0,0,0,4054,-7416,0.42857142857142855
2021-05-03T00:00:00.000,11:00,40.67221,-73.92802,0,0,0,0,4067,-7392,0.39655172413793105
2021-03-26T00:00:00.000,21:53,40.697216,-73.872955,1,0,1,1,4069,-7387,0.5
2021-05-17T00:00:00.000,17:56,40.669117,-73.905716,0,0,0,0,4066,-7390,0.2777777777777778
2021-05-17T00:00:00.000,4:30,40.74766,-73.86346,0,0,0,0,4074,-7386,0.3813559322033898
2021-05-09T00:00:00.000,16:35,40.731705,-74.00096,1,0,1,1,4073,-7400,0.2403846153846154
2021-05-17T00:00:00.000,16:20,40.73978,-73.97952,0,0,0,0,4073,-7397,0.32558139534883723
2021-05-17T00:00:00.000,19:20,40.71045,-73.95687,1,1,2,1,4071,-7395,0.36585365853658536
2021-05-11T00:00:00.000,17:21,40.680477,-73.951164,0,0,0,0,4068,-7395,0.38571428571428573
2021-05-17T00:00:00.000,17:18,40.741074,-73.7258,0,0,0,0,4074,-7372,0.375
2021-05-17T00:00:00.000,12:14,40.718018,-73.99996,0,0,0,0,4071,-7399,0.3263157894736842
2021-05-17T00:00:00.000,14:00,40.60645,-73.974594,2,0,1,1,4060,-7397,0.3469387755102041
2021-05-17T00:00:00.000,18:55,40.71658,-73.80124,1,0,1,1,4071,-7380,0.42105263157894735
2021-05-16T00:00:00.000,16:15,40.78835,-73.83079,2,0,1,1,4078,-7383,0.2727272727272727
2021-05-15T00:00:00.000,16:50,40.64424,-74.01042,0,0,0,0,4064,-7401,0.4295774647887324
2021-05-17T00:00:00.000,18:20,40.865505,-73.863525,1,0,1,1,4086,-7386,0.4642857142857143
2022-06-30T00:00:00.000,16:46,40.822117,-73.89689,0,0,0,0,4082,-7389,0.37423312883435583
2022-06-29T00:00:00.000,7:42,40.583725,-73.89372,1,0,1,1,4058,-7389,0.5714285714285714
2021-05-17T00:00:00.000,9:30,40.746296,-73.93041,0,0,0,0,4074,-7393,0.3333333333333333
2021-05-17T00:00:00.000,1:46,40.607197,-74.09393,0,0,0,0,4060,-7409,0.36363636363636365
2021-05-17T00:00:00.000,3:20,40.758392,-73.981544,0,0,0,0,4075,-7398,0.3170731707317073
2021-05-17T00:00:00.000,20:30,40.7179,-73.83202,1,0,1,1,4071,-7383,0.37349397590361444
2021-05-17T00:00:00.000,15:30,40.703835,-73.778496,0,0,0,0,4070,-7377,0.2413793103448276
2021-05-17T00:00:00.000,13:56,40.633472,-73.92042,0,0,0,0,4063,-7392,0.4036697247706422
2021-05-11T00:00:00.000,20:50,40.8284,-73.9453,0,0,0,0,4082,-7394,0.3812154696132597
2021-05-17T00:00:00.000,8:35,40.87624,-73.88457,0,0,0,0,4087,-7388,0.3561643835616438
2021-05-17T00:00:00.000,16:51,40.75774,-73.92315,1,0,1,1,4075,-7392,0.48148148148148145
2021-05-17T00:00:00.000,9:12,40.806076,-73.92564,0,0,0,0,4080,-7392,0.3141025641025641
2021-05-17T00:00:00.000,22:20,40.664642,-73.93708,0,0,0,0,4066,-7393,0.38578680203045684
2021-05-16T00:00:00.000,16:22,40.599117,-73.97472,0,0,0,0,4059,-7397,0.3191489361702128
2021-05-17T00:00:00.000,20:56,40.663284,-73.9846,0,0,0,0,4066,-7398,0.421875
2021-05-17T00:00:00.000,21:35,40.88263,-73.839516,1,0,1,1,4088,-7383,0.3448275862068966
2021-05-17T00:00:00.000,17:00,40.877068,-73.906105,0,0,0,0,4087,-7390,0.3184713375796178
2021-05-17T00:00:00.000,22:30,40.665115,-73.92931,0,0,0,0,4066,-7392,0.355
2021-05-12T00:00:00.000,23:30,40.80584,-73.96176,0,0,0,0,4080,-7396,0.31343283582089554
2021-05-17T00:00:00.000,19:55,40.752464,-73.859085,0,0,0,0,4075,-7385,0.3048780487804878
2021-05-14T00:00:00.000,15:27,40.69822,-73.943954,1,0,1,1,4069,-7394,0.417910447761194
2021-05-17T00:00:00.000,14:30,40.53284,-74.20726,1,0,1,1,4053,-7420,0.5555555555555556
2021-05-17T00:00:00.000,9:45,40.758976,-73.99394,0,0,0,0,4075,-7399,0.2830188679245283
2021-05-17T00:00:00.000,21:10,40.70499,-73.91736,0,0,0,0,4070,-7391,0.27450980392156865
2021-05-17T00:00:00.000,11:40,40.88601,-73.82776,0,0,0,0,4088,-7382,0.2765957446808511
2021-05-17T00:00:00.000,15:36,40.70241,-73.79253,0,0,0,0,4070,-7379,0.3978494623655914
2022-07-01T00:00:00.000,5:26,40.748363,-73.98041,0,0,0,0,4074,-7398,0.40131578947368424
2021-05-17T00:00:00.000,15:00,40.691315,-73.86722,0,0,0,0,4069,-7386,0.21052631578947367
2021-05-17T00:00:00.000,20:20,40.702614,-73.96058,0,0,0,0,4070,-7396,0.3431372549019608
2021-05-17T00:00:00.000,10:51,40.760536,-73.95836,0,0,0,0,4076,-7395,0.3696969696969697
2021-05-13T00:00:00.000,14:15,40.805508,-73.96201,1,0,1,1,4080,-7396,0.31343283582089554
2021-05-14T00:00:00.000,21:50,40.672794,-73.98329,0,0,0,0,4067,-7398,0.3655913978494624
2021-05-17T00:00:00.000,14:25,40.733536,-73.87035,0,0,0,0,4073,-7387,0.3140495867768595
2021-05-16T00:00:00.000,12:00,40.68111,-73.761185,0,0,0,0,4068,-7376,0.35714285714285715
2021-05-16T00:00:00.000,18:39,40.82719,-73.887,1,0,1,1,4082,-7388,0.27624309392265195
2021-05-17T00:00:00.000,17:05,40.733604,-73.84995,0,0,0,0,4073,-7384,0.2682926829268293
2021-05-17T00:00:00.000,18:36,40.63336,-73.92928,2,0,1,1,4063,-7392,0.4036697247706422
2021-05-17T00:00:00.000,15:30,40.672142,-73.94752,0,0,0,0,4067,-7394,0.34074074074074073
2021-05-17T00:00:00.000,3:00,40.63531,-73.9005,0,0,0,0,4063,-7390,0.3561643835616438
2021-05-17T00:00:00.000,15:55,40.629284,-74.083885,0,0,0,0,4062,-7408,0.2
2021-05-17T00:00:00.000,8:37,40.79465,-73.971794,0,0,0,0,4079,-7397,0.24210526315789474
2021-05-17T00:00:00.000,8:00,40.73862,-73.8508,1,0,1,1,4073,-7385,0.3619047619047619
2021-05-17T00:00:00.000,9:20,40.595673,-73.96838,0,0,0,0,4059,-7396,0.38596491228070173
2021-05-17T00:00:00.000,21:43,40.84782,-73.90756,0,0,0,0,4084,-7390,0.366120218579235
2021-05-17T00:00:00.000,14:00,40.695614,-73.94056,0,0,0,0,4069,-7394,0.417910447761194
2021-05-17T00:00:00.000,21:15,40.746593,-73.85664,2,0,1,1,4074,-7385,0.35526315789473684
2021-05-15T00:00:00.000,1:40,40.714104,-73.95322,3,0,1,1,4071,-7395,0.36585365853658536
2021-05-17T00:00:00.000,17:18,40.841843,-73.94539,0,0,0,0,4084,-7394,0.17543859649122806
2022-07-01T00:00:00.000,6:55,40.85512,-73.872215,0,0,0,0,4085,-7387,0.375
2021-05-17T00:00:00.000,0:30,40.768272,-73.921165,0,0,0,0,4076,-7392,0.42105263157894735
2021-05-15T00:00:00.000,13:05,40.68087,-73.97515,0,0,0,0,4068,-7397,0.3412322274881517
2021-04-22T00:00:00.000,10:48,40.67238,-73.94749,0,0,0,0,4067,-7394,0.34074074074074073
2021-05-07T00:00:00.000,8:30,40.755623,-73.778275,1,0,1,1,4075,-7377,0.24
2021-05-17T00:00:00.000,16:20,40.818142,-73.844696,0,0,0,0,4081,-7384,0.3333333333333333
2021-05-17T00:00:00.000,13:00,40.610954,-74.00877,0,0,0,0,4061,-7400,0.3076923076923077
2021-05-17T00:00:00.000,0:15,40.682823,-73.93441,0,0,0,0,4068,-7393,0.3619047619047619
2021-05-17T00:00:00.000,13:25,40.70476,-73.91996,0,0,0,0,4070,-7391,0.27450980392156865
2021-04-14T00:00:00.000,2:30,40.675133,-73.97721,0,0,0,0,4067,-7397,0.2818181818181818
2021-05-17T00:00:00.000,9:30,40.67502,-73.91579,0,0,0,0,4067,-7391,0.36597938144329895
2021-05-17T00:00:00.000,9:25,40.595932,-73.75963,1,0,1,1,4059,-7375,0.17777777777777778
2021-05-13T00:00:00.000,15:25,40.75895,-73.96849,0,0,0,0,4075,-7396,0.4788732394366197
2021-05-17T00:00:00.000,15:59,40.693592,-73.98222,0,0,0,0,4069,-7398,0.3229166666666667
2021-05-17T00:00:00.000,7:00,40.71016,-73.98854,0,0,0,0,4071,-7398,0.39568345323741005
2021-05-17T00:00:00.000,6:30,40.889503,-73.85802,0,0,0,0,4088,-7385,0.36619718309859156
2021-05-17T00:00:00.000,9:50,40.79094,-73.947235,0,0,0,0,4079,-7394,0.3523809523809524
2021-05-17T00:00:00.000,18:30,40.85667,-73.86569,0,0,0,0,4085,-7386,0.33766233766233766
2021-05-17T00:00:00.000,7:25,40.644848,-74.08308,0,0,0,0,4064,-7408,0.2894736842105263
2021-05-17T00:00:00.000,16:47,40.62877,-73.91825,0,0,0,0,4062,-7391,0.3333333333333333
2021-05-17T00:00:00.000,11:20,40.83351,-73.85809,0,0,0,0,4083,-7385,0.30158730158730157
2021-05-17T00:00:00.000,14:30,40.710876,-74.01439,0,0,0,0,4071,-7401,0.3181818181818182
2021-05-17T00:00:00.000,23:25,40.897625,-73.85625,0,0,0,0,4089,-7385,0.3813559322033898
2021-05-11T00:00:00.000,11:12,40.610455,-73.99576,0,0,0,0,4061,-7399,0.29411764705882354
2021-05-17T00:00:00.000,0:00,40.84361,-73.86631,0,0,0,0,4084,-7386,0.375
2021-05-17T00:00:00.000,22:50,40.86913,-73.89582,1,0,1,1,4086,-7389,0.40606060606060607
2021-05-07T00:00:00.000,11:30,40.709156,-73.84107,0,0,0,0,4070,-7384,0.43333333333333335
2021-05-17T00:00:00.000,18:45,40.63944,-73.93489,1,0,1,1,4063,-7393,0.46153846153846156
2021-05-17T00:00:00.000,19:44,40.865025,-73.82187,0,0,0,0,4086,-7382,0.3611111111111111
2021-05-17T00:00:00.000,8:44,40.72537,-73.95473,0,0,0,0,4072,-7395,0.22093023255813954
2021-05-17T00:00:00.000,15:30,40.659912,-73.998604,0,0,0,0,4065,-7399,0.4117647058823529
2021-05-17T00:00:00.000,5:04,40.834595,-73.861015,0,0,0,0,4083,-7386,0.24822695035460993
2021-05-17T00:00:00.000,0:50,40.69953,-73.91104,0,0,0,0,4069,-7391,0.2709677419354839
2021-05-16T00:00:00.000,8:30,40.670456,-73.956924,0,0,0,0,4067,-7395,0.3695652173913043
2021-05-17T00:00:00.000,18:00,40.711903,-73.96295,1,0,1,1,4071,-7396,0.3218390804597701
2021-05-17T00:00:00.000,13:40,40.68633,-73.80696,1,0,1,1,4068,-7380,0.3829787234042553
2021-05-15T00:00:00.000,15:00,40.71528,-73.97648,1,0,1,1,4071,-7397,0.41509433962264153
2021-05-14T00:00:00.000,20:02,40.730137,-73.862366,1,0,1,1,4073,-7386,0.3464566929133858
2021-05-17T00:00:00.000,13:10,40.632275,-74.08345,0,0,0,0,4063,-7408,0.2653061224489796
2021-05-17T00:00:00.000,7:40,40.7462,-73.73563,1,0,1,1,4074,-7373,0.4
2021-05-17T00:00:00.000,0:00,40.823376,-73.90912,0,0,0,0,4082,-7390,0.3025210084033613
2021-05-17T00:00:00.000,23:30,40.70636,-73.792534,0,0,0,0,4070,-7379,0.3978494623655914
2021-05-17T00:00:00.000,8:47,40.89466,-73.86137,0,0,0,0,4089,-7386,0.28205128205128205
2021-05-17T00:00:00.000,16:45,40.885216,-73.87937,1,0,1,1,4088,-7387,0.14583333333333334
2021-05-14T00:00:00.000,14:30,40.52864,-74.21685,0,0,0,0,4052,-7421,0.4444444444444444
2021-05-05T00:00:00.000,15:21,40.88471,-73.83131,1,0,1,1,4088,-7383,0.3448275862068966
2021-05-17T00:00:00.000,10:20,40.706303,-73.74789,0,0,0,0,4070,-7374,0.3333333333333333
2021-05-07T00:00:00.000,7:50,40.824574,-73.87255,1,0,1,1,4082,-7387,0.33544303797468356
2021-05-17T00:00:00.000,12:20,40.86772,-73.83122,1,0,1,1,4086,-7383,0.3448275862068966
2021-05-16T00:00:00.000,15:30,40.72547,-73.98396,1,0,1,1,4072,-7398,0.4342105263157895
2021-05-11T00:00:00.000,23:00,40.70091,-73.88787,0,0,0,0,4070,-7388,0.3448275862068966
2021-05-17T00:00:00.000,13:50,40.705936,-74.01029,0,0,0,0,4070,-7401,0.140625
2021-05-17T00:00:00.000,11:58,40.661266,-73.93234,0,0,0,0,4066,-7393,0.38578680203045684
2021-05-17T00:00:00.000,10:38,40.696198,-73.94212,0,0,0,0,4069,-7394,0.417910447761194
2021-05-17T00:00:00.000,2:00,40.580734,-74.09776,0,0,0,0,4058,-7409,0.15625
2021-05-17T00:00:00.000,20:55,40.7164,-73.80797,0,0,0,0,4071,-7380,0.42105263157894735
2021-05-15T00:00:00.000,23:15,40.703262,-73.86132,0,0,0,0,4070,-7386,0.38235294117647056
2021-05-17T00:00:00.000,16:23,40.631348,-73.95966,0,0,0,0,4063,-7395,0.48484848484848486
2021-05-17T00:00:00.000,21:45,40.71741,-73.984,1,0,1,1,4071,-7398,0.39568345323741005
2021-05-17T00:00:00.000,15:00,40.75829,-73.83431,1,0,1,1,4075,-7383,0.37681159420289856
2021-05-17T00:00:00.000,8:46,40.823566,-73.93768,0,0,0,0,4082,-7393,0.36645962732919257
2021-05-14T00:00:00.000,17:18,40.867733,-73.85861,4,0,1,1,4086,-7385,0.5
2021-05-17T00:00:00.000,18:35,40.693874,-73.91777,1,0,1,1,4069,-7391,0.2709677419354839
2021-05-17T00:00:00.000,10:20,40.650517,-73.92359,0,0,0,0,4065,-7392,0.35555555555555557
2021-05-17T00:00:00.000,21:50,40.58369,-73.92157,0,0,0,0,4058,-7392,0.375
2021-05-14T00:00:00.000,14:52,40.81574,-73.95456,1,0,1,1,4081,-7395,0.3509933774834437
2021-05-17T00:00:00.000,14:30,40.879948,-73.82339,1,0,1,1,4087,-7382,0.3333333333333333
2021-05-17T00:00:00.000,13:48,40.625515,-74.15226,0,0,0,0,4062,-7415,0.37037037037037035
2021-05-17T00:00:00.000,17:45,40.527668,-74.230225,0,0,0,0,4052,-7423,0.3333333333333333
2021-05-11T00:00:00.000,15:30,40.674313,-73.95009,0,0,0,0,4067,-7395,0.3695652173913043
2021-05-17T00:00:00.000,12:45,40.63679,-73.95744,0,0,0,0,4063,-7395,0.48484848484848486
2021-05-16T00:00:00.000,17:20,40.70284,-73.90529,0,0,0,0,4070,-7390,0.37894736842105264
2021-05-17T00:00:00.000,2:00,40.808132,-73.916595,0,0,0,0,4080,-7391,0.38961038961038963
2021-05-16T00:00:00.000,18:40,40.66975,-73.98749,0,0,0,0,4066,-7398,0.421875
2021-05-17T00:00:00.000,11:10,40.885944,-73.90988,0,0,0,0,4088,-7390,0.2702702702702703
2021-05-17T00:00:00.000,9:00,40.697918,-73.9728,3,0,1,1,4069,-7397,0.3253012048192771
2021-05-17T00:00:00.000,14:30,40.831215,-73.85628,0,0,0,0,4083,-7385,0.30158730158730157
2021-05-17T00:00:00.000,12:45,40.59527,-73.781845,1,0,1,1,4059,-7378,0.14705882352941177
2021-05-15T00:00:00.000,6:29,40.842094,-73.84836,0,0,0,0,4084,-7384,0.4222222222222222
2021-05-17T00:00:00.000,16:30,40.59703,-74.09337,1,0,1,1,4059,-7409,0.42857142857142855
2021-05-17T00:00:00.000,22:25,40.86268,-73.90905,0,0,0,0,4086,-7390,0.42748091603053434
2021-05-17T00:00:00.000,12:13,40.712055,-73.96615,1,0,1,1,4071,-7396,0.3218390804597701
2021-05-17T00:00:00.000,7:50,40.817738,-73.924164,1,0,1,1,4081,-7392,0.4714285714285714
2021-05-17T00:00:00.000,16:30,40.624893,-73.934326,0,0,0,0,4062,-7393,0.4444444444444444
2021-05-17T00:00:00.000,18:05,40.843204,-73.91196,0,0,0,0,4084,-7391,0.32558139534883723
2021-05-17T00:00:00.000,7:30,40.709476,-73.76393,0,0,0,0,4070,-7376,0.43902439024390244
2021-05-17T00:00:00.000,16:20,40.827835,-73.94786,0,0,0,0,4082,-7394,0.3812154696132597
2021-05-15T00:00:00.000,12:58,40.702976,-73.85876,0,0,0,0,4070,-7385,0.39436619718309857
2022-06-29T00:00:00.000,15:36,40.680035,-73.9055,1,0,1,1,4068,-7390,0.4421052631578947
2021-05-12T00:00:00.000,16:30,40.753304,-73.91476,0,0,0,0,4075,-7391,0.4777777777777778
2021-05-17T00:00:00.000,12:50,40.674114,-73.88975,0,0,0,0,4067,-7388,0.30434782608695654
2021-05-17T00:00:00.000,15:22,40.64366,-73.90067,2,0,1,1,4064,-7390,0.4017094017094017
2021-05-14T00:00:00.000,9:30,40.75595,-73.88165,0,0,0,0,4075,-7388,0.3402061855670103
2021-05-02T00:00:00.000,1:27,40.664486,-73.98359,2,0,1,1,4066,-7398,0.421875
2021-05-13T00:00:00.000,11:00,40.86786,-73.84123,0,0,0,0,4086,-7384,0.17857142857142858
2021-05-17T00:00:00.000,11:40,40.631847,-73.94435,0,0,0,0,4063,-7394,0.358974358974359
2021-05-17T00:00:00.000,17:40,40.769684,-73.82165,1,0,1,1,4076,-7382,0.2987012987012987
2021-05-17T00:00:00.000,22:27,40.641563,-73.938736,0,0,0,0,4064,-7393,0.3333333333333333
2021-05-17T00:00:00.000,12:30,40.609108,-74.08799,0,0,0,0,4060,-7408,0.3235294117647059
2021-05-17T00:00:00.000,17:08,40.84985,-73.892334,0,0,0,0,4084,-7389,0.33766233766233766
2021-05-13T00:00:00.000,13:50,40.717014,-73.7994,1,0,1,1,4071,-7379,0.3888888888888889
2021-05-17T00:00:00.000,4:30,40.738613,-73.80241,0,0,0,0,4073,-7380,0.34285714285714286
2021-05-17T00:00:00.000,0:00,40.8485,-73.820496,1,0,1,1,4084,-7382,0.4
2021-05-17T00:00:00.000,15:50,40.829506,-73.93177,0,0,0,0,4082,-7393,0.36645962732919257
2021-05-17T00:00:00.000,0:40,40.597878,-74.137856,0,0,0,0,4059,-7413,0.0
2021-05-13T00:00:00.000,0:34,40.715176,-73.951965,5,0,1,1,4071,-7395,0.36585365853658536
2021-05-17T00:00:00.000,16:32,40.671715,-73.8882,0,0,0,0,4067,-7388,0.30434782608695654
2021-05-17T00:00:00.000,5:30,40.727757,-73.985664,0,0,0,0,4072,-7398,0.4342105263157895
2021-05-17T00:00:00.000,16:12,40.784534,-73.9736,0,0,0,0,4078,-7397,0.3434343434343434
2021-05-17T00:00:00.000,14:00,40.580616,-74.152534,1,0,1,1,4058,-7415,0.42857142857142855
2021-05-08T00:00:00.000,17:22,40.674145,-73.93062,2,0,1,1,4067,-7393,0.3755868544600939
2021-05-17T00:00:00.000,15:30,40.655514,-73.959854,1,0,1,1,4065,-7395,0.38686131386861317
2021-05-17T00:00:00.000,14:52,40.588253,-73.95053,0,0,0,0,4058,-7395,0.3465346534653465
2021-05-17T00:00:00.000,13:30,40.66696,-73.97645,0,0,0,0,4066,-7397,0.24390243902439024
2021-05-17T00:00:00.000,23:50,40.718857,-73.946236,1,0,1,1,4071,-7394,0.3710691823899371
2021-05-17T00:00:00.000,15:52,40.663124,-73.96244,0,0,0,0,4066,-7396,0.4074074074074074
2021-05-17T00:00:00.000,0:00,40.630547,-74.00934,0,0,0,0,4063,-7400,0.3068181818181818
2021-05-17T00:00:00.000,18:45,40.76605,-73.87587,1,0,1,1,4076,-7387,0.48214285714285715
2021-05-17T00:00:00.000,12:53,40.598553,-73.997345,0,0,0,0,4059,-7399,0.3076923076923077
2021-05-17T00:00:00.000,18:05,40.631687,-74.02174,1,0,1,1,4063,-7402,0.3877551020408163
2021-05-06T00:00:00.000,15:00,40.714436,-73.8871,0,0,0,0,4071,-7388,0.10344827586206896
2021-05-17T00:00:00.000,7:05,40.542423,-74.14592,0,0,0,0,4054,-7414,0.2631578947368421
2021-05-12T00:00:00.000,15:41,40.645874,-73.892845,1,0,1,1,4064,-7389,0.43478260869565216
2021-05-17T00:00:00.000,6:21,40.610138,-73.9611,2,0,1,1,4061,-7396,0.30666666666666664
2025-01-28T00:00:00.000,17:00,40.717213,-73.9957,0,0,0,0,4071,-7399,0.3263157894736842
2021-05-17T00:00:00.000,14:40,40.68022,-73.775505,1,0,1,1,4068,-7377,0.3673469387755102
2021-05-17T00:00:00.000,21:55,40.710484,-73.75845,0,0,0,0,4071,-7375,0.3269230769230769
2021-05-17T00:00:00.000,14:00,40.70128,-73.93951,0,0,0,0,4070,-7393,0.3300970873786408
2021-05-17T00:00:00.000,7:55,40.868748,-73.89497,0,0,0,0,4086,-7389,0.40606060606060607
2021-05-17T00:00:00.000,0:00,40.620525,-73.95929,0,0,0,0,4062,-7395,0.4444444444444444
2021-05-17T00:00:00.000,10:35,40.66701,-73.9004,1,0,1,1,4066,-7390,0.2777777777777778
2021-05-17T00:00:00.000,7:10,40.66614,-73.82326,1,0,1,1,4066,-7382,0.43103448275862066
2021-05-17T00:00:00.000,14:00,40.689354,-73.936325,0,0,0,0,4068,-7393,0.3619047619047619
2021-05-16T00:00:00.000,21:59,40.760822,-73.99832,0,0,0,0,4076,-7399,0.3275862068965517
2021-05-17T00:00:00.000,16:10,40.867424,-73.89182,0,0,0,0,4086,-7389,0.40606060606060607
2021-05-17T00:00:00.000,10:26,40.730103,-74.0048,0,0,0,0,4073,-7400,0.2403846153846154
2021-05-16T00:00:00.000,16:35,40.748093,-73.993454,0,0,0,0,4074,-7399,0.3333333333333333
2021-05-17T00:00:00.000,20:50,40.54101,-74.14711,0,0,0,0,4054,-7414,0.2631578947368421
2021-05-11T00:00:00.000,13:10,40.71558,-73.960144,0,0,0,0,4071,-7396,0.3218390804597701
2021-05-17T00:00:00.000,12:49,40.658974,-73.744225,1,0,1,1,4065,-7374,0.4583333333333333
2021-05-17T00:00:00.000,18:06,40.8059,-73.92523,0,0,0,0,4080,-7392,0.3141025641025641
2021-05-14T00:00:00.000,22:15,40.893303,-73.85706,1,0,1,1,4089,-7385,0.3813559322033898
2021-05-17T00:00:00.000,14:11,40.664146,-73.88186,1,0,1,1,4066,-7388,0.37012987012987014
2021-05-16T00:00:00.000,12:40,40.818424,-73.94515,2,0,1,1,4081,-7394,0.38
2021-05-14T00:00:00.000,20:30,40.687828,-73.943184,0,0,0,0,4068,-7394,0.4409448818897638
2021-05-17T00:00:00.000,8:20,40.72168,-73.75858,0,0,0,0,4072,-7375,0.2727272727272727
2021-05-17T00:00:00.000,20:00,40.821274,-73.91743,0,0,0,0,4082,-7391,0.3355263157894737
2021-05-17T00:00:00.000,7:15,40.680775,-73.97448,0,0,0,0,4068,-7397,0.3412322274881517
2021-05-17T00:00:00.000,22:00,40.841618,-73.91448,0,0,0,0,4084,-7391,0.32558139534883723
2021-05-17T00:00:00.000,9:47,40.75831,-73.96294,1,0,1,1,4075,-7396,0.4788732394366197
2022-06-27T00:00:00.000,0:00,40.884033,-73.89797,1,0,1,1,4088,-7389,0.4626865671641791
2021-05-17T00:00:00.000,17:40,40.634354,-73.94202,0,0,0,0,4063,-7394,0.358974358974359
2021-05-17T00:00:00.000,15:34,40.839798,-73.873604,0,0,0,0,4083,-7387,0.38414634146341464
2021-05-17T00:00:00.000,9:05,40.723503,-73.97929,1,0,1,1,4072,-7397,0.3283582089552239
2021-05-11T00:00:00.000,12:10,40.715813,-73.95892,0,0,0,0,4071,-7395,0.36585365853658536
2021-04-28T00:00:00.000,16:35,40.677513,-73.95913,1,0,1,1,4067,-7395,0.3695652173913043
2021-05-03T00:00:00.000,22:13,40.67533,-73.93609,2,0,1,1,4067,-7393,0.3755868544600939
2021-05-11T00:00:00.000,20:00,40.723278,-73.98253,0,0,0,0,4072,-7398,0.4342105263157895
2021-05-17T00:00:00.000,5:57,40.688904,-73.980934,1,0,1,1,4068,-7398,0.3873239436619718
2021-05-16T00:00:00.000,23:00,40.692585,-73.90265,0,0,0,0,4069,-7390,0.29591836734693877
2021-05-17T00:00:00.000,13:25,40.739048,-73.852776,0,0,0,0,4073,-7385,0.3619047619047619
2021-05-17T00:00:00.000,15:30,40.845142,-73.91106,0,0,0,0,4084,-7391,0.32558139534883723
2021-05-14T00:00:00.000,0:00,40.88031,-73.91854,1,0,1,1,4088,-7391,0.23076923076923078
2021-05-17T00:00:00.000,18:00,40.668186,-73.74111,0,0,0,0,4066,-7374,0.3698630136986301
2021-05-17T00:00:00.000,23:00,40.642174,-74.02064,2,0,1,1,4064,-7402,0.41379310344827586
2021-05-17T00:00:00.000,12:40,40.638165,-73.90476,0,0,0,0,4063,-7390,0.3561643835616438
2021-05-02T00:00:00.000,0:06,40.773415,-73.89338,1,0,1,1,4077,-7389,0.35
2021-05-16T00:00:00.000,8:57,40.819378,-73.96035,1,0,1,1,4081,-7396,0.2222222222222222
2021-05-17T00:00:00.000,15:25,40.840263,-73.84717,0,0,0,0,4084,-7384,0.4222222222222222
2021-05-17T00:00:00.000,13:10,40.650467,-73.92443,0,0,0,0,4065,-7392,0.35555555555555557
2021-05-17T00:00:00.000,0:30,40.80447,-73.93735,0,0,0,0,4080,-7393,0.36312849162011174
2021-05-17T00:00:00.000,17:20,40.595802,-73.76762,0,0,0,0,4059,-7376,0.23809523809523808
2021-05-17T00:00:00.000,23:05,40.68418,-73.983955,0,0,0,0,4068,-7398,0.3873239436619718
2021-05-17T00:00:00.000,16:30,40.762226,-73.834076,0,0,0,0,4076,-7383,0.33695652173913043
2021-05-17T00:00:00.000,13:00,40.688614,-73.989174,2,0,1,1,4068,-7398,0.3873239436619718
2021-05-17T00:00:00.000,16:30,40.625404,-74.13528,1,0,1,1,4062,-7413,0.4074074074074074
2021-05-13T00:00:00.000,22:15,40.890354,-73.84175,0,0,0,0,4089,-7384,0.3333333333333333
2021-05-17T00:00:00.000,9:30,40.75166,-73.74273,0,0,0,0,4075,-7374,0.3333333333333333
2021-05-17T00:00:00.000,23:30,40.71232,-73.73202,0,0,0,0,4071,-7373,0.25
2021-05-17T00:00:00.000,11:00,40.67087,-73.974945,0,0,0,0,4067,-7397,0.2818181818181818
2021-05-14T00:00:00.000,15:10,40.7527,-73.83139,1,0,1,1,4075,-7383,0.37681159420289856
2021-05-17T00:00:00.000,15:40,40.741264,-74.00198,0,0,0,0,4074,-7400,0.27710843373493976
2021-05-15T00:00:00.000,11:15,40.83279,-73.91439,0,0,0,0,4083,-7391,0.33714285714285713
2021-05-17T00:00:00.000,19:25,40.809456,-73.909454,0,0,0,0,4080,-7390,0.36538461538461536
2021-05-17T00:00:00.000,13:00,40.654804,-73.726364,0,0,0,0,4065,-7372,0.26666666666666666
2021-05-03T00:00:00.000,15:28,40.676445,-73.92762,1,0,1,1,4067,-7392,0.39655172413793105
2021-05-17T00:00:00.000,13:30,40.575565,-73.98121,0,0,0,0,4057,-7398,0.36904761904761907
2021-05-17T00:00:00.000,0:08,40.557568,-74.207,0,0,0,0,4055,-7420,0.2
2021-05-13T00:00:00.000,18:03,40.67267,-73.99002,1,0,1,1,4067,-7399,0.3258426966292135
2022-06-29T00:00:00.000,6:00,40.84084,-73.901566,0,0,0,0,4084,-7390,0.366120218579235
2022-07-01T00:00:00.000,21:40,40.715023,-73.80765,1,0,1,1,4071,-7380,0.42105263157894735
2022-06-29T00:00:00.000,15:15,40.690884,-73.912506,0,0,0,0,4069,-7391,0.2709677419354839
2022-06-30T00:00:00.000,22:30,40.834415,-73.92854,0,0,0,0,4083,-7392,0.310126582278481
2022-06-29T00:00:00.000,22:26,40.65692,-73.926094,0,0,0,0,4065,-7392,0.35555555555555557
2022-06-30T00:00:00.000,14:30,40.82457,-73.8391,1,0,1,1,4082,-7383,0.34210526315789475
2022-07-01T00:00:00.000,9:00,40.70236,-73.81854,0,0,0,0,4070,-7381,0.3194444444444444
2022-06-30T00:00:00.000,18:15,40.708405,-73.730835,0,0,0,0,4070,-7373,0.52
2022-07-01T00:00:00.000,12:30,40.77719,-73.95225,0,0,0,0,4077,-7395,0.3384615384615385
2022-06-30T00:00:00.000,12:40,40.786,-73.84574,1,0,1,1,4078,-7384,0.23809523809523808
2022-07-01T00:00:00.000,4:17,40.630016,-73.89715,1,0,1,1,4063,-7389,0.41818181818181815
2022-06-29T00:00:00.000,16:04,40.81937,-73.937706,0,0,0,0,4081,-7393,0.32432432432432434
2022-07-01T00:00:00.000,19:55,40.657173,-73.921074,0,0,0,0,4065,-7392,0.35555555555555557
2022-06-29T00:00:00.000,21:45,40.721924,-73.93681,1,0,1,1,4072,-7393,0.36507936507936506
2022-07-01T00:00:00.000,20:15,40.704308,-73.91924,0,0,0,0,4070,-7391,0.27450980392156865
2022-06-30T00:00:00.000,16:20,40.731422,-73.94641,1,0,1,1,4073,-7394,0.5
2022-07-01T00:00:00.000,3:00,40.703293,-73.806984,0,0,0,0,4070,-7380,0.3877551020408163
2022-06-30T00:00:00.000,15:00,40.70616,-73.79882,1,0,1,1,4070,-7379,0.3978494623655914
2022-06-30T00:00:00.000,6:25,40.585556,-73.94881,0,0,0,0,4058,-7394,0.40816326530612246
2022-06-30T00:00:00.000,14:13,40.646885,-73.94916,1,0,1,1,4064,-7394,0.42342342342342343
2022-06-29T00:00:00.000,16:56,40.623516,-73.976585,0,0,0,0,4062,-7397,0.38666666666666666
2022-06-29T00:00:00.000,17:30,40.592915,-73.95528,0,0,0,0,4059,-7395,0.3181818181818182
2022-06-25T00:00:00.000,1:28,40.893646,-73.84393,1,0,1,1,4089,-7384,0.3333333333333333
2022-06-29T00:00:00.000,16:51,40.620335,-73.938896,2,0,1,1,4062,-7393,0.4444444444444444
2022-06-30T00:00:00.000,15:50,40.686077,-74.00038,0,0,0,0,4068,-7400,0.3333333333333333
2022-07-01T00:00:00.000,8:55,40.73632,-73.85631,0,0,0,0,4073,-7385,0.3619047619047619
2022-06-21T00:00:00.000,17:33,40.61747,-73.98129,2,0,1,1,4061,-7398,0.3698630136986301
2022-06-29T00:00:00.000,17:00,40.66612,-73.82225,0,0,0,0,4066,-7382,0.43103448275862066
2022-07-01T00:00:00.000,14:12,40.851856,-73.843864,0,0,0,0,4085,-7384,0.32432432432432434
2022-06-25T00:00:00.000,19:35,40.717754,-73.99406,2,0,1,1,4071,-7399,0.3263157894736842
2022-06-30T00:00:00.000,16:00,40.764988,-73.96116,1,0,1,1,4076,-7396,0.3023255813953488
2022-06-28T00:00:00.000,15:00,40.706184,-73.91256,0,0,0,0,4070,-7391,0.27450980392156865
2022-06-24T00:00:00.000,16:00,40.6798,-73.985085,0,0,0,0,4067,-7398,0.3655913978494624
2022-06-30T00:00:00.000,2:30,40.734993,-73.83644,0,0,0,0,4073,-7383,0.36363636363636365
2022-04-25T00:00:00.000,4:10,40.886528,-73.89979,0,0,0,0,4088,-7389,0.4626865671641791
2022-06-27T00:00:00.000,10:00,40.889008,-73.85642,1,0,1,1,4088,-7385,0.36619718309859156
2022-06-30T00:00:00.000,14:22,40.66545,-73.88939,0,0,0,0,4066,-7388,0.37012987012987014
2022-06-22T00:00:00.000,17:10,40.752403,-73.92442,1,0,1,1,4075,-7392,0.48148148148148145
2022-06-29T00:00:00.000,19:30,40.734337,-73.91025,0,0,0,0,4073,-7391,0.33962264150943394
2022-07-01T00:00:00.000,13:15,40.68333,-73.95612,1,0,1,1,4068,-7395,0.38571428571428573
2022-07-01T00:00:00.000,4:14,40.811913,-73.856445,1,0,1,1,4081,-7385,0.30434782608695654
2022-06-29T00:00:00.000,4:06,40.651863,-73.86536,1,0,1,1,4065,-7386,0.36619718309859156
2022-06-20T00:00:00.000,13:40,40.669476,-73.919975,1,0,1,1,4066,-7391,0.3630952380952381
2022-06-30T00:00:00.000,18:11,40.730015,-73.82348,1,0,1,1,4073,-7382,0.45454545454545453
2022-06-29T00:00:00.000,0:00,40.776356,-73.90445,0,0,0,0,4077,-7390,0.3404255319148936
2022-06-29T00:00:00.000,22:00,40.765377,-73.88906,1,0,1,1,4076,-7388,0.43283582089552236
2022-07-01T00:00:00.000,15:35,40.726658,-73.81152,1,0,1,1,4072,-7381,0.2926829268292683
2022-06-24T00:00:00.000,13:00,40.625683,-73.93344,1,0,1,1,4062,-7393,0.4444444444444444
2022-06-21T00:00:00.000,17:01,40.75991,-73.95882,0,0,0,0,4075,-7395,0.38095238095238093
2022-06-30T00:00:00.000,17:10,40.819057,-73.92923,1,0,1,1,4081,-7392,0.4714285714285714
2022-06-29T00:00:00.000,23:00,40.734314,-73.93803,0,0,0,0,4073,-7393,0.38461538461538464
2022-03-31T00:00:00.000,14:10,40.885517,-73.894684,0,0,0,0,4088,-7389,0.4626865671641791
2021-12-10T00:00:00.000,12:14,40.63916,-74.0874,0,0,0,0,4063,-7408,0.2653061224489796
2021-12-16T00:00:00.000,21:59,40.76401,-73.881226,2,0,1,1,4076,-7388,0.43283582089552236
2021-12-23T00:00:00.000,19:20,40.801624,-73.90968,0,0,0,0,4080,-7390,0.36538461538461536
2021-12-23T00:00:00.000,20:17,40.814102,-73.940865,0,0,0,0,4081,-7394,0.38
2021-12-24T00:00:00.000,0:55,40.81175,-73.93144,0,0,0,0,4081,-7393,0.32432432432432434
2021-12-20T00:00:00.000,8:30,40.63265,-74.14177,0,0,0,0,4063,-7414,0.5769230769230769
2021-12-20T00:00:00.000,8:39,40.80484,-73.912796,1,0,1,1,4080,-7391,0.38961038961038963
2021-12-24T00:00:00.000,21:43,40.80843,-73.92338,1,0,1,1,4080,-7392,0.3141025641025641
2021-12-23T00:00:00.000,8:15,40.597603,-74.18136,0,0,0,0,4059,-7418,0.5
2021-12-24T00:00:00.000,11:18,40.572548,-74.16997,0,0,0,0,4057,-7416,0.36363636363636365
2021-12-24T00:00:00.000,14:00,40.802486,-73.9367,0,0,0,0,4080,-7393,0.36312849162011174
2021-05-18T00:00:00.000,8:45,40.54456,-74.15292,0,0,0,0,4054,-7415,0.3125
2021-12-24T00:00:00.000,13:25,40.811638,-73.9316,0,0,0,0,4081,-7393,0.32432432432432434
2021-12-22T00:00:00.000,21:58,40.865536,-73.92728,1,0,1,1,4086,-7392,0.359375
2022-02-19T00:00:00.000,18:49,40.672688,-73.86935,0,0,0,0,4067,-7386,0.3431372549019608
2022-02-19T00:00:00.000,12:00,40.788357,-73.97453,1,0,1,1,4078,-7397,0.3434343434343434
2022-02-10T00:00:00.000,15:45,40.727272,-73.81718,2,0,1,1,4072,-7381,0.2926829268292683
2022-02-19T00:00:00.000,3:50,40.732655,-73.92297,1,0,1,1,4073,-7392,0.4444444444444444
2022-02-19T00:00:00.000,23:05,40.615433,-73.99775,3,0,1,1,4061,-7399,0.29411764705882354
2022-02-18T00:00:00.000,10:35,40.82764,-73.84791,0,0,0,0,4082,-7384,0.3835616438356164
2022-02-19T00:00:00.000,22:00,40.631268,-74.03081,0,0,0,0,4063,-7403,0.42424242424242425
2022-02-17T00:00:00.000,16:00,40.65892,-73.889824,1,0,1,1,4065,-7388,0.41509433962264153
2022-02-19T00:00:00.000,0:03,40.67004,-73.93658,0,0,0,0,4067,-7393,0.3755868544600939
2022-02-19T00:00:00.000,21:20,40.828518,-73.84119,0,0,0,0,4082,-7384,0.3835616438356164
2022-02-19T00:00:00.000,9:15,40.732906,-73.975204,0,0,0,0,4073,-7397,0.32558139534883723
2021-12-16T00:00:00.000,19:09,40.877106,-73.90616,3,0,1,1,4087,-7390,0.3184713375796178
2021-12-22T00:00:00.000,16:40,40.788357,-73.97453,0,0,0,0,4078,-7397,0.3434343434343434
2021-12-23T00:00:00.000,21:30,40.591667,-73.986534,1,0,1,1,4059,-7398,0.34146341463414637
2021-12-22T00:00:00.000,18:03,40.677067,-73.899666,1,0,1,1,4067,-7389,0.33852140077821014
2021-12-23T00:00:00.000,3:45,40.655334,-73.93077,0,0,0,0,4065,-7393,0.44366197183098594
2021-12-22T00:00:00.000,15:23,40.597477,-73.96871,1,0,1,1,4059,-7396,0.38596491228070173
2021-12-23T00:00:00.000,9:30,40.65477,-74.00708,0,0,0,0,4065,-7400,0.41509433962264153
2021-12-23T00:00:00.000,15:20,40.60308,-73.75317,0,0,0,0,4060,-7375,0.17117117117117117
2021-12-15T00:00:00.000,6:00,40.902126,-73.844124,0,0,0,0,4090,-7384,0.28205128205128205
2021-12-23T00:00:00.000,15:30,40.68468,-74.001335,0,0,0,0,4068,-7400,0.3333333333333333
2021-12-23T00:00:00.000,1:06,40.63782,-73.98921,1,0,1,1,4063,-7398,0.4827586206896552
2021-12-21T00:00:00.000,12:17,40.837673,-73.91922,0,0,0,0,4083,-7391,0.33714285714285713
2021-12-23T00:00:00.000,15:30,40.68852,-73.984856,1,0,1,1,4068,-7398,0.3873239436619718
2021-12-22T00:00:00.000,2:12,40.730366,-73.91388,0,0,0,0,4073,-7391,0.33962264150943394
2021-12-24T00:00:00.000,16:27,40.634655,-73.94786,0,0,0,0,4063,-7394,0.358974358974359
2021-12-24T00:00:00.000,12:10,40.697407,-73.78736,0,0,0,0,4069,-7378,0.29310344827586204
2021-12-22T00:00:00.000,8:44,40.66523,-73.931465,0,0,0,0,4066,-7393,0.38578680203045684
2021-12-24T00:00:00.000,19:50,40.644917,-73.894325,0,0,0,0,4064,-7389,0.43478260869565216
2021-12-18T00:00:00.000,19:45,40.667076,-73.99508,0,0,0,0,4066,-7399,0.40540540540540543
2021-12-23T00:00:00.000,10:35,40.609333,-73.996925,1,0,1,1,4060,-7399,0.31683168316831684
2021-12-24T00:00:00.000,13:25,40.68904,-73.85874,1,0,1,1,4068,-7385,0.43103448275862066
2021-12-23T00:00:00.000,17:31,40.614853,-74.107956,2,0,1,1,4061,-7410,0.6363636363636364
2021-12-22T00:00:00.000,20:45,40.727814,-73.99116,0,0,0,0,4072,-7399,0.3829787234042553
2021-12-23T00:00:00.000,18:43,40.68369,-73.83278,0,0,0,0,4068,-7383,0.45454545454545453
2021-12-23T00:00:00.000,9:00,40.68404,-73.8809,0,0,0,0,4068,-7388,0.36538461538461536
2021-12-23T00:00:00.000,0:00,40.822807,-73.90597,0,0,0,0,4082,-7390,0.3025210084033613
2021-12-23T00:00:00.000,12:04,40.713955,-73.94259,0,0,0,0,4071,-7394,0.3710691823899371
2021-12-22T00:00:00.000,2:48,40.670937,-73.73544,0,0,0,0,4067,-7373,0.46835443037974683
2021-12-22T00:00:00.000,7:05,40.859608,-73.90778,0,0,0,0,4085,-7390,0.42207792207792205
2021-12-22T00:00:00.000,20:45,40.703712,-73.78752,4,0,1,1,4070,-7378,0.34523809523809523
2021-12-22T00:00:00.000,17:00,40.686737,-73.85384,2,0,1,1,4068,-7385,0.43103448275862066
2021-12-24T00:00:00.000,13:25,40.708763,-73.998116,0,0,0,0,4070,-7399,0.21052631578947367
2021-12-24T00:00:00.000,21:02,40.88851,-73.86009,2,0,1,1,4088,-7386,0.23809523809523808
2021-12-23T00:00:00.000,20:16,40.63413,-73.928505,0,0,0,0,4063,-7392,0.4036697247706422
2021-12-24T00:00:00.000,15:05,40.829918,-73.90185,0,0,0,0,4082,-7390,0.3025210084033613
2021-12-23T00:00:00.000,12:49,40.854164,-73.867714,0,0,0,0,4085,-7386,0.33766233766233766
2021-11-29T00:00:00.000,7:37,40.709793,-73.87692,0,0,0,0,4070,-7387,0.24324324324324326
2022-07-01T00:00:00.000,0:00,40.67784,-73.99374,0,0,0,0,4067,-7399,0.3258426966292135
2021-12-19T00:00:00.000,22:41,40.755722,-73.89393,0,0,0,0,4075,-7389,0.4805194805194805
2021-12-23T00:00:00.000,14:00,40.755028,-73.872696,0,0,0,0,4075,-7387,0.33884297520661155
2021-12-22T00:00:00.000,16:50,40.788418,-73.97077,0,0,0,0,4078,-7397,0.3434343434343434
2021-12-15T00:00:00.000,8:55,40.679733,-73.97432,0,0,0,0,4067,-7397,0.2818181818181818
2021-12-14T00:00:00.000,7:00,40.808125,-73.94634,0,0,0,0,4080,-7394,0.41116751269035534
2021-12-22T00:00:00.000,6:55,40.689842,-73.850075,1,0,1,1,4068,-7385,0.43103448275862066
2021-12-14T00:00:00.000,8:52,40.81813,-73.89101,1,0,1,1,4081,-7389,0.31543624161073824
2021-12-24T00:00:00.000,11:42,40.768875,-73.94898,0,0,0,0,4076,-7394,0.4583333333333333
2021-12-24T00:00:00.000,20:05,40.642002,-73.898834,1,0,1,1,4064,-7389,0.43478260869565216
2021-12-24T00:00:00.000,7:20,40.779495,-73.95559,0,0,0,0,4077,-7395,0.3384615384615385
2021-12-22T00:00:00.000,14:00,40.822838,-73.928764,1,0,1,1,4082,-7392,0.3333333333333333
2021-12-23T00:00:00.000,13:00,40.769787,-73.92758,0,0,0,0,4076,-7392,0.42105263157894735
2021-12-22T00:00:00.000,10:19,40.811565,-73.942726,0,0,0,0,4081,-7394,0.38
2021-12-22T00:00:00.000,11:00,40.71401,-73.92405,0,0,0,0,4071,-7392,0.2777777777777778
2021-12-22T00:00:00.000,0:00,40.667313,-73.73926,0,0,0,0,4066,-7373,0.44339622641509435
2021-12-23T00:00:00.000,17:23,40.590298,-73.97239,1,0,1,1,4059,-7397,0.3191489361702128
2021-12-23T00:00:00.000,8:40,40.69756,-73.85275,0,0,0,0,4069,-7385,0.34
2021-12-22T00:00:00.000,10:40,40.599403,-73.99285,1,0,1,1,4059,-7399,0.3076923076923077
2021-12-24T00:00:00.000,7:00,40.682507,-73.81431,0,0,0,0,4068,-7381,0.4117647058823529
2021-12-22T00:00:00.000,10:41,40.763817,-73.880104,1,0,1,1,4076,-7388,0.43283582089552236
2021-12-22T00:00:00.000,6:37,40.69142,-73.83736,0,0,0,0,4069,-7383,0.35555555555555557
2021-12-22T00:00:00.000,13:44,40.712307,-73.99437,1,0,1,1,4071,-7399,0.3263157894736842
2021-12-23T00:00:00.000,18:50,40.672325,-73.74681,0,0,0,0,4067,-7374,0.2619047619047619
2021-12-23T00:00:00.000,17:14,40.8396,-73.86922,1,0,1,1,4083,-7386,0.24822695035460993
2021-05-25T00:00:00.000,17:25,40.66961,-73.77613,0,0,0,0,4066,-7377,0.37362637362637363
2021-12-24T00:00:00.000,20:35,40.634792,-74.032326,0,0,0,0,4063,-7403,0.42424242424242425
2021-12-22T00:00:00.000,5:50,40.70453,-73.817245,0,0,0,0,4070,-7381,0.3194444444444444
2021-12-22T00:00:00.000,10:45,40.60895,-74.14715,0,0,0,0,4060,-7414,0.4074074074074074
2021-12-22T00:00:00.000,8:00,40.69631,-73.997086,0,0,0,0,4069,-7399,0.29473684210526313
2021-12-12T00:00:00.000,18:42,40.75331,-73.88498,0,0,0,0,4075,-7388,0.3402061855670103
2021-12-22T00:00:00.000,10:30,40.61165,-73.99774,1,0,1,1,4061,-7399,0.29411764705882354
2021-12-24T00:00:00.000,6:50,40.848698,-73.89001,0,0,0,0,4084,-7389,0.33766233766233766
2021-12-22T00:00:00.000,4:00,40.748913,-73.9374,0,0,0,0,4074,-7393,0.3333333333333333
2021-12-21T00:00:00.000,14:00,40.600735,-73.98218,1,0,1,1,4060,-7398,0.2711864406779661
2021-12-23T00:00:00.000,9:49,40.86617,-73.822975,0,0,0,0,4086,-7382,0.3611111111111111
2021-12-24T00:00:00.000,19:25,40.84506,-73.916855,1,0,1,1,4084,-7391,0.32558139534883723
2021-12-13T00:00:00.000,23:50,40.853477,-73.82622,2,0,1,1,4085,-7382,0.45714285714285713
2021-12-22T00:00:00.000,13:30,40.83801,-73.87329,1,0,1,1,4083,-7387,0.38414634146341464
2021-12-22T00:00:00.000,17:00,40.816856,-73.92076,0,0,0,0,4081,-7392,0.4714285714285714
2021-12-17T00:00:00.000,11:25,40.745796,-73.982285,0,0,0,0,4074,-7398,0.40131578947368424
2021-12-23T00:00:00.000,17:44,40.617645,-73.94517,0,0,0,0,4061,-7394,0.48484848484848486
2021-12-24T00:00:00.000,0:52,40.684387,-73.83094,0,0,0,0,4068,-7383,0.45454545454545453
2021-12-22T00:00:00.000,17:22,40.761272,-73.95571,0,0,0,0,4076,-7395,0.3696969696969697
2021-12-19T00:00:00.000,3:30,40.76379,-73.914795,0,0,0,0,4076,-7391,0.40476190476190477
2021-12-24T00:00:00.000,6:58,40.828407,-73.93125,0,0,0,0,4082,-7393,0.36645962732919257
2021-12-22T00:00:00.000,7:50,40.630016,-73.9959,0,0,0,0,4063,-7399,0.47692307692307695
2021-12-23T00:00:00.000,19:35,40.646004,-73.95808,1,0,1,1,4064,-7395,0.4796747967479675
2021-12-19T00:00:00.000,2:45,40.768887,-73.90691,0,0,0,0,4076,-7390,0.3055555555555556
2021-12-23T00:00:00.000,9:15,40.732754,-73.99004,0,0,0,0,4073,-7399,0.423728813559322
2021-12-24T00:00:00.000,16:20,40.641304,-73.94276,0,0,0,0,4064,-7394,0.42342342342342343
2021-12-23T00:00:00.000,2:02,40.845158,-73.93591,0,0,0,0,4084,-7393,0.32786885245901637
2021-12-23T00:00:00.000,0:30,40.70313,-73.816795,0,0,0,0,4070,-7381,0.3194444444444444
2021-12-22T00:00:00.000,2:12,40.608868,-74.15755,0,0,0,0,4060,-7415,0.3076923076923077
2021-12-24T00:00:00.000,15:00,40.68558,-74.00048,0,0,0,0,4068,-7400,0.3333333333333333
2021-12-22T00:00:00.000,12:28,40.66448,-73.88709,0,0,0,0,4066,-7388,0.37012987012987014
2021-12-22T00:00:00.000,7:12,40.74614,-73.81417,1,0,1,1,4074,-7381,0.46153846153846156
2021-12-24T00:00:00.000,18:10,40.87999,-73.84531,0,0,0,0,4087,-7384,0.47297297297297297
2021-12-23T00:00:00.000,21:35,40.685524,-73.98125,5,0,1,1,4068,-7398,0.3873239436619718
2021-12-24T00:00:00.000,9:35,40.743046,-73.91776,0,0,0,0,4074,-7391,0.38333333333333336
2021-12-24T00:00:00.000,0:45,40.85592,-73.9172,1,0,1,1,4085,-7391,0.373134328358209
2021-12-23T00:00:00.000,4:16,40.689243,-73.98873,0,0,0,0,4068,-7398,0.3873239436619718
2021-12-22T00:00:00.000,10:48,40.635803,-73.90734,0,0,0,0,4063,-7390,0.3561643835616438
2021-12-22T00:00:00.000,11:15,40.715427,-74.00268,0,0,0,0,4071,-7400,0.25517241379310346
2021-12-24T00:00:00.000,4:10,40.731155,-73.84282,0,0,0,0,4073,-7384,0.2682926829268293
2021-12-22T00:00:00.000,13:58,40.579758,-73.96131,0,0,0,0,4057,-7396,0.3191489361702128
2021-12-22T00:00:00.000,0:29,40.66528,-73.98696,0,0,0,0,4066,-7398,0.421875
2021-12-22T00:00:00.000,17:10,40.733097,-73.804985,1,0,1,1,4073,-7380,0.34285714285714286
2021-09-26T00:00:00.000,18:42,40.80282,-73.944885,0,0,0,0,4080,-7394,0.41116751269035534
2021-12-23T00:00:00.000,20:05,40.82051,-73.89189,0,0,0,0,4082,-7389,0.37423312883435583
2021-12-22T00:00:00.000,11:00,40.665627,-73.909706,0,0,0,0,4066,-7390,0.2777777777777778
2021-12-22T00:00:00.000,10:53,40.720554,-74.00352,0,0,0,0,4072,-7400,0.32926829268292684
2021-12-24T00:00:00.000,19:15,40.632122,-73.894424,2,0,1,1,4063,-7389,0.41818181818181815
2021-12-24T00:00:00.000,0:35,40.813084,-73.90419,0,0,0,0,4081,-7390,0.3888888888888889
2021-12-22T00:00:00.000,11:34,40.8174,-73.83866,0,0,0,0,4081,-7383,0.14285714285714285
2021-12-22T00:00:00.000,19:30,40.67546,-73.73385,0,0,0,0,4067,-7373,0.46835443037974683
2021-12-20T00:00:00.000,20:45,40.619507,-74.15036,0,0,0,0,4061,-7415,0.3333333333333333
2021-12-24T00:00:00.000,6:00,40.69907,-73.93548,0,0,0,0,4069,-7393,0.3141025641025641
2021-12-23T00:00:00.000,15:54,40.835026,-73.858086,0,0,0,0,4083,-7385,0.30158730158730157
2021-12-18T00:00:00.000,8:45,40.700935,-73.84022,1,0,1,1,4070,-7384,0.43333333333333335
2021-12-24T00:00:00.000,18:50,40.7404,-73.86343,0,0,0,0,4074,-7386,0.3813559322033898
2021-12-22T00:00:00.000,15:48,40.714447,-74.01148,0,0,0,0,4071,-7401,0.3181818181818182
2021-12-13T00:00:00.000,22:10,40.897404,-73.85184,0,0,0,0,4089,-7385,0.3813559322033898
2021-12-23T00:00:00.000,14:28,40.736874,-73.935646,1,0,1,1,4073,-7393,0.38461538461538464
2021-12-22T00:00:00.000,7:00,40.818558,-73.92732,0,0,0,0,4081,-7392,0.4714285714285714
2021-12-22T00:00:00.000,20:22,40.88839,-73.84666,2,0,1,1,4088,-7384,0.4153846153846154
2021-12-22T00:00:00.000,20:10,40.8478,-73.86513,0,0,0,0,4084,-7386,0.375
2021-12-24T00:00:00.000,22:00,40.687576,-73.99261,0,0,0,0,4068,-7399,0.17857142857142858
2021-12-22T00:00:00.000,20:05,40.59907,-73.90498,0,0,0,0,4059,-7390,0.23404255319148937
2021-12-21T00:00:00.000,20:00,40.614307,-74.06572,0,0,0,0,4061,-7406,0.2
2021-12-22T00:00:00.000,18:20,40.765358,-73.74429,0,0,0,0,4076,-7374,0.46153846153846156
2021-12-24T00:00:00.000,5:20,40.643135,-73.90422,0,0,0,0,4064,-7390,0.4017094017094017
2021-12-24T00:00:00.000,20:50,40.860424,-73.85747,0,0,0,0,4086,-7385,0.5
2021-12-24T00:00:00.000,17:10,40.740192,-73.85335,1,0,1,1,4074,-7385,0.35526315789473684
2021-12-22T00:00:00.000,16:40,40.849075,-73.88289,0,0,0,0,4084,-7388,0.390625
2021-12-24T00:00:00.000,15:00,40.63417,-74.0178,1,0,1,1,4063,-7401,0.37777777777777777
2021-12-24T00:00:00.000,14:20,40.67332,-73.8464,0,0,0,0,4067,-7384,0.28888888888888886
2021-12-22T00:00:00.000,16:30,40.718468,-73.99005,0,0,0,0,4071,-7399,0.3263157894736842
2021-12-24T00:00:00.000,0:08,40.67828,-73.958855,0,0,0,0,4067,-7395,0.3695652173913043
2021-12-24T00:00:00.000,18:39,40.836937,-73.927124,4,0,1,1,4083,-7392,0.310126582278481
2021-12-22T00:00:00.000,7:47,40.749516,-73.8947,0,0,0,0,4074,-7389,0.3203125
2021-12-23T00:00:00.000,21:58,40.63693,-73.91109,1,0,1,1,4063,-7391,0.5
2021-12-24T00:00:00.000,3:10,40.84869,-73.90329,1,0,1,1,4084,-7390,0.366120218579235
2021-12-22T00:00:00.000,9:00,40.59075,-74.08837,1,0,1,1,4059,-7408,0.36363636363636365
2021-12-24T00:00:00.000,12:17,40.761383,-73.9956,0,0,0,0,4076,-7399,0.3275862068965517
2021-12-22T00:00:00.000,8:15,40.655544,-73.956345,0,0,0,0,4065,-7395,0.38686131386861317
2021-12-22T00:00:00.000,14:15,40.577946,-74.102325,0,0,0,0,4057,-7410,0.3877551020408163
2021-12-24T00:00:00.000,15:19,40.710243,-73.9584,0,0,0,0,4071,-7395,0.36585365853658536
2021-12-24T00:00:00.000,19:23,40.781998,-73.81411,0,0,0,0,4078,-7381,0.22580645161290322
2021-12-23T00:00:00.000,1:00,40.700478,-73.92534,0,0,0,0,4070,-7392,0.24305555555555555
2021-12-23T00:00:00.000,13:26,40.738895,-73.70099,0,0,0,0,4073,-7370,0.23529411764705882
2021-12-23T00:00:00.000,22:10,40.74233,-73.83764,0,0,0,0,4074,-7383,0.4067796610169492
2021-12-22T00:00:00.000,1:02,40.7079,-73.851105,0,0,0,0,4070,-7385,0.39436619718309857
2021-12-23T00:00:00.000,16:46,40.632545,-73.92638,0,0,0,0,4063,-7392,0.4036697247706422
2021-12-24T00:00:00.000,0:04,40.679516,-73.91109,0,0,0,0,4067,-7391,0.36597938144329895
2021-12-22T00:00:00.000,12:06,40.684277,-73.78302,0,0,0,0,4068,-7378,0.3384615384615385
2021-12-22T00:00:00.000,18:24,40.781662,-73.83366,1,0,1,1,4078,-7383,0.2727272727272727
2021-12-22T00:00:00.000,20:52,40.814102,-73.940865,0,0,0,0,4081,-7394,0.38
2021-12-23T00:00:00.000,10:00,40.712616,-73.94146,0,0,0,0,4071,-7394,0.3710691823899371
2021-12-23T00:00:00.000,15:34,40.641945,-73.916626,0,0,0,0,4064,-7391,0.39805825242718446
2021-12-23T00:00:00.000,16:00,40.760044,-73.89756,2,0,1,1,4076,-7389,0.35185185185185186
2021-12-22T00:00:00.000,3:40,40.708927,-73.77733,1,0,1,1,4070,-7377,0.2413793103448276
2021-12-22T00:00:00.000,17:40,40.71376,-73.98556,1,0,1,1,4071,-7398,0.39568345323741005
2021-12-17T00:00:00.000,13:17,40.691868,-73.863846,0,0,0,0,4069,-7386,0.21052631578947367
2021-12-22T00:00:00.000,7:00,40.77396,-73.91777,0,0,0,0,4077,-7391,0.3157894736842105
2021-12-24T00:00:00.000,7:50,40.72032,-73.99405,0,0,0,0,4072,-7399,0.3829787234042553
2021-12-24T00:00:00.000,23:30,40.688927,-73.83635,0,0,0,0,4068,-7383,0.45454545454545453
2021-12-24T00:00:00.000,21:45,40.682243,-73.82222,0,0,0,0,4068,-7382,0.41975308641975306
2021-12-24T00:00:00.000,23:53,40.66549,-73.91063,1,0,1,1,4066,-7391,0.3630952380952381
2021-12-01T00:00:00.000,1:50,40.837894,-73.88138,0,0,0,0,4083,-7388,0.26717557251908397
2021-12-23T00:00:00.000,14:30,40.653435,-73.95278,0,0,0,0,4065,-7395,0.38686131386861317
2021-12-23T00:00:00.000,10:27,40.654003,-73.979935,0,0,0,0,4065,-7397,0.4074074074074074
2021-12-24T00:00:00.000,11:27,40.70164,-73.938034,0,0,0,0,4070,-7393,0.3300970873786408
2021-12-23T00:00:00.000,8:15,40.68969,-73.99237,0,0,0,0,4068,-7399,0.17857142857142858
2021-12-21T00:00:00.000,7:00,40.655605,-73.89259,0,0,0,0,4065,-7389,0.34965034965034963
2021-12-22T00:00:00.000,21:02,40.587307,-73.93939,2,0,1,1,4058,-7393,0.24324324324324326
2021-12-15T00:00:00.000,21:50,40.82474,-73.90842,3,0,1,1,4082,-7390,0.3025210084033613
2021-12-21T00:00:00.000,16:30,40.688824,-73.91451,0,0,0,0,4068,-7391,0.344
2021-12-22T00:00:00.000,19:45,40.825443,-73.91808,1,0,1,1,4082,-7391,0.3355263157894737
2021-12-23T00:00:00.000,18:35,40.822903,-73.89289,0,0,0,0,4082,-7389,0.37423312883435583
2021-12-20T00:00:00.000,12:45,40.608253,-74.08879,1,0,1,1,4060,-7408,0.3235294117647059
2021-05-18T00:00:00.000,9:15,40.749157,-73.86943,0,0,0,0,4074,-7386,0.3813559322033898
2021-12-22T00:00:00.000,9:50,40.729927,-73.810936,0,0,0,0,4072,-7381,0.2926829268292683
2021-12-23T00:00:00.000,8:08,40.712696,-73.900604,2,0,1,1,4071,-7390,0.4
2021-12-23T00:00:00.000,9:00,40.721687,-73.80932,0,0,0,0,4072,-7380,0.2727272727272727
2021-12-24T00:00:00.000,21:10,40.64916,-73.94537,1,0,1,1,4064,-7394,0.42342342342342343
2021-12-24T00:00:00.000,9:30,40.74216,-73.90119,0,0,0,0,4074,-7390,0.40625
2021-12-22T00:00:00.000,17:30,40.732582,-73.86806,0,0,0,0,4073,-7386,0.3464566929133858
2021-12-21T00:00:00.000,21:24,40.714066,-73.95163,2,0,1,1,4071,-7395,0.36585365853658536
2021-12-22T00:00:00.000,19:23,40.643127,-73.950676,1,0,1,1,4064,-7395,0.4796747967479675
2021-12-24T00:00:00.000,18:00,40.61026,-74.097496,0,0,0,0,4061,-7409,0.46153846153846156
2021-12-24T00:00:00.000,2:24,40.763363,-73.95925,1,0,1,1,4076,-7395,0.3696969696969697
2021-12-24T00:00:00.000,11:30,40.585976,-73.98799,0,0,0,0,4058,-7398,0.4
2021-12-22T00:00:00.000,1:07,40.722095,-73.94139,0,0,0,0,4072,-7394,0.19801980198019803
2021-12-22T00:00:00.000,17:00,40.826008,-73.90051,0,0,0,0,4082,-7390,0.3025210084033613
2021-12-22T00:00:00.000,8:58,40.718502,-73.73527,1,0,1,1,4071,-7373,0.25
2021-12-23T00:00:00.000,7:14,40.690685,-73.78161,0,0,0,0,4069,-7378,0.29310344827586204
2021-12-22T00:00:00.000,17:05,40.756428,-73.869354,0,0,0,0,4075,-7386,0.33653846153846156
2021-12-22T00:00:00.000,11:33,40.76788,-73.9815,0,0,0,0,4076,-7398,0.3081761006289308
2021-12-22T00:00:00.000,11:45,40.70293,-73.81903,0,0,0,0,4070,-7381,0.3194444444444444
2021-12-24T00:00:00.000,15:15,40.724686,-73.77241,1,0,1,1,4072,-7377,0.375
2021-12-22T00:00:00.000,11:00,40.756165,-73.88739,0,0,0,0,4075,-7388,0.3402061855670103
2021-12-18T00:00:00.000,1:00,40.66735,-73.76994,1,0,1,1,4066,-7376,0.30434782608695654
2021-12-24T00:00:00.000,18:34,40.683784,-73.769745,0,0,0,0,4068,-7376,0.35714285714285715
2021-12-23T00:00:00.000,15:40,40.666695,-73.961624,1,0,1,1,4066,-7396,0.4074074074074074
2021-12-22T00:00:00.000,14:40,40.73264,-74.008644,0,0,0,0,4073,-7400,0.2403846153846154
2021-12-23T00:00:00.000,16:50,40.673008,-73.87038,0,0,0,0,4067,-7387,0.30344827586206896
2021-09-09T00:00:00.000,15:00,40.726837,-73.71356,0,0,0,0,4072,-7371,0.2857142857142857
2021-09-02T00:00:00.000,11:56,40.827965,-73.93844,1,0,1,1,4082,-7393,0.36645962732919257
2021-09-20T00:00:00.000,17:21,40.646626,-73.90399,1,0,1,1,4064,-7390,0.4017094017094017
2021-09-20T00:00:00.000,17:30,40.709354,-74.013,0,0,0,0,4070,-7401,0.140625
2021-09-01T00:00:00.000,11:50,40.754055,-73.99583,0,0,0,0,4075,-7399,0.2830188679245283
2021-12-11T00:00:00.000,13:35,40.66807,-73.950676,1,0,1,1,4066,-7395,0.44375
2021-09-26T00:00:00.000,6:50,40.843903,-73.927284,1,0,1,1,4084,-7392,0.3181818181818182
2021-09-26T00:00:00.000,11:00,40.829956,-73.93009,0,0,0,0,4082,-7393,0.36645962732919257
2021-12-11T00:00:00.000,21:55,40.590332,-73.9084,0,0,0,0,4059,-7390,0.23404255319148937
2021-09-19T00:00:00.000,16:20,40.7300068,-73.9118706,3,0,1,1,4073,-7391,0.33962264150943394
2021-12-22T00:00:00.000,13:00,40.809563,-73.92923,0,0,0,0,4080,-7392,0.3141025641025641
2021-12-23T00:00:00.000,16:20,40.58406,-73.96901,1,0,1,1,4058,-7396,0.37333333333333335
2021-12-24T00:00:00.000,19:15,40.616184,-74.011734,0,0,0,0,4061,-7401,0.2972972972972973
2021-12-22T00:00:00.000,20:38,40.699482,-73.96104,0,0,0,0,4069,-7396,0.325
2021-12-22T00:00:00.000,11:30,40.734978,-73.8614,0,0,0,0,4073,-7386,0.3464566929133858
2021-12-23T00:00:00.000,9:30,40.61208,-74.08527,4,0,1,1,4061,-7408,0.30612244897959184
2021-12-24T00:00:00.000,10:37,40.61308,-73.96839,0,0,0,0,4061,-7396,0.30666666666666664
2021-12-11T00:00:00.000,2:40,40.747078,-73.981346,1,0,1,1,4074,-7398,0.40131578947368424
2021-12-11T00:00:00.000,13:20,40.712727,-73.875465,0,0,0,0,4071,-7387,0.5652173913043478
2021-12-11T00:00:00.000,22:50,40.737797,-73.8507,4,0,1,1,4073,-7385,0.3619047619047619
2021-12-11T00:00:00.000,1:00,40.736427,-73.91911,0,0,0,0,4073,-7391,0.33962264150943394
2021-12-11T00:00:00.000,14:30,40.712578,-73.88088,0,0,0,0,4071,-7388,0.10344827586206896
2021-12-17T00:00:00.000,18:56,40.77229,-73.915405,0,0,0,0,4077,-7391,0.3157894736842105
2021-12-24T00:00:00.000,4:40,40.817795,-73.89319,0,0,0,0,4081,-7389,0.31543624161073824
2022-06-30T00:00:00.000,17:10,40.69977,-73.98294,1,0,1,1,4069,-7398,0.3229166666666667
2021-11-20T00:00:00.000,15:00,40.810173,-73.95117,1,0,1,1,4081,-7395,0.3509933774834437
2021-12-21T00:00:00.000,15:15,40.809563,-73.92923,0,0,0,0,4080,-7392,0.3141025641025641
2021-09-26T00:00:00.000,19:38,40.824085,-73.874344,0,0,0,0,4082,-7387,0.33544303797468356
2021-09-26T00:00:00.000,6:18,40.822834,-73.941925,1,0,1,1,4082,-7394,0.3812154696132597
2021-09-26T00:00:00.000,3:20,40.69121,-73.80694,1,0,1,1,4069,-7380,0.38461538461538464
2021-09-23T00:00:00.000,13:00,40.665257,-73.739555,0,0,0,0,4066,-7373,0.44339622641509435
2021-09-26T00:00:00.000,2:30,40.748093,-73.87947,0,0,0,0,4074,-7387,0.25663716814159293
2021-09-22T00:00:00.000,22:50,40.8429,-73.93843,2,0,1,1,4084,-7393,0.32786885245901637
2021-09-26T00:00:00.000,0:05,40.74248,-73.9129,1,0,1,1,4074,-7391,0.38333333333333336
2021-09-26T00:00:00.000,1:01,40.88588,-73.82282,0,0,0,0,4088,-7382,0.2765957446808511
2021-09-26T00:00:00.000,13:30,40.609417,-73.9677,0,0,0,0,4060,-7396,0.5714285714285714
2021-09-26T00:00:00.000,5:15,40.810287,-73.90172,0,0,0,0,4081,-7390,0.3888888888888889
2021-09-23T00:00:00.000,21:15,40.606327,-74.07994,0,0,0,0,4060,-7407,0.25
2021-03-23T00:00:00.000,0:00,40.755405,-73.97949,1,0,1,1,4075,-7397,0.375886524822695
2021-05-11T00:00:00.000,0:50,40.83328,-73.86097,5,0,1,1,4083,-7386,0.24822695035460993
2021-05-14T00:00:00.000,17:50,40.69217,-73.95194,1,0,1,1,4069,-7395,0.30952380952380953
2021-05-15T00:00:00.000,0:15,40.57944,-73.979614,2,0,1,1,4057,-7397,0.2619047619047619
2021-05-18T00:00:00.000,22:00,40.74359,-73.72561,0,0,0,0,4074,-7372,0.375
2021-05-18T00:00:00.000,22:00,40.81782,-73.915276,0,0,0,0,4081,-7391,0.47244094488188976
2021-05-18T00:00:00.000,19:11,40.61212,-73.919014,1,0,1,1,4061,-7391,0.358974358974359
2021-05-16T00:00:00.000,1:55,40.60915,-74.14987,0,0,0,0,4060,-7414,0.4074074074074074
2021-05-18T00:00:00.000,0:00,40.677364,-73.90798,0,0,0,0,4067,-7390,0.3282442748091603
2021-05-18T00:00:00.000,19:04,40.84434,-73.892044,1,0,1,1,4084,-7389,0.33766233766233766
2021-05-18T00:00:00.000,12:47,40.609905,-73.9632,2,0,1,1,4060,-7396,0.5714285714285714
2021-05-18T00:00:00.000,1:04,40.696217,-73.7436,0,0,0,0,4069,-7374,0.46774193548387094
2021-05-18T00:00:00.000,17:45,40.65994,-73.92195,0,0,0,0,4065,-7392,0.35555555555555557
2021-04-29T00:00:00.000,13:45,40.69597,-73.90472,0,0,0,0,4069,-7390,0.29591836734693877
2021-05-18T00:00:00.000,10:50,40.688168,-73.809944,0,0,0,0,4068,-7380,0.3829787234042553
2021-05-18T00:00:00.000,5:40,40.808296,-73.96889,0,0,0,0,4080,-7396,0.31343283582089554
2021-05-18T00:00:00.000,20:09,40.633152,-73.97762,0,0,0,0,4063,-7397,0.36893203883495146
2021-05-18T00:00:00.000,12:27,40.609463,-73.97419,0,0,0,0,4060,-7397,0.3469387755102041
2021-05-18T00:00:00.000,14:30,40.638447,-73.90872,1,0,1,1,4063,-7390,0.3561643835616438
2021-05-18T00:00:00.000,5:00,40.638165,-74.006805,0,0,0,0,4063,-7400,0.3068181818181818
2021-05-18T00:00:00.000,20:00,40.815403,-73.93992,0,0,0,0,4081,-7393,0.32432432432432434
2021-05-18T00:00:00.000,8:15,40.70711,-73.95672,0,0,0,0,4070,-7395,0.3475177304964539
2021-05-18T00:00:00.000,0:57,40.679527,-73.916534,1,0,1,1,4067,-7391,0.36597938144329895
2021-05-18T00:00:00.000,20:25,40.79162,-73.94885,0,0,0,0,4079,-7394,0.3523809523809524
2021-05-16T00:00:00.000,15:15,40.853348,-73.882904,0,0,0,0,4085,-7388,0.3
2021-05-18T00:00:00.000,12:05,40.650387,-73.95872,0,0,0,0,4065,-7395,0.38686131386861317
2021-05-18T00:00:00.000,23:49,40.736855,-73.97853,0,0,0,0,4073,-7397,0.32558139534883723
2021-05-18T00:00:00.000,16:26,40.679863,-73.878,0,0,0,0,4067,-7387,0.30344827586206896
2021-05-18T00:00:00.000,12:50,40.65698,-73.88943,0,0,0,0,4065,-7388,0.41509433962264153
2021-05-18T00:00:00.000,5:35,40.781933,-73.94428,0,0,0,0,4078,-7394,0.33513513513513515
2021-05-18T00:00:00.000,12:00,40.590885,-73.786125,0,0,0,0,4059,-7378,0.14705882352941177
2021-05-18T00:00:00.000,22:55,40.702255,-73.92008,1,0,1,1,4070,-7392,0.24305555555555555
2021-05-13T00:00:00.000,11:22,40.704845,-73.892136,0,0,0,0,4070,-7389,0.2711864406779661
2021-05-18T00:00:00.000,9:35,40.840855,-73.86547,2,0,1,1,4084,-7386,0.375
2021-05-18T00:00:00.000,9:35,40.695255,-73.75554,0,0,0,0,4069,-7375,0.3584905660377358
2021-05-18T00:00:00.000,14:40,40.87802,-73.90241,0,0,0,0,4087,-7390,0.3184713375796178
2021-05-18T00:00:00.000,10:00,40.693657,-73.983604,0,0,0,0,4069,-7398,0.3229166666666667
2021-05-18T00:00:00.000,8:02,40.720436,-74.00671,0,0,0,0,4072,-7400,0.32926829268292684
2021-05-18T00:00:00.000,22:28,40.675735,-73.89686,0,0,0,0,4067,-7389,0.33852140077821014
2021-05-18T00:00:00.000,8:20,40.74766,-73.81163,1,0,1,1,4074,-7381,0.46153846153846156
2021-05-18T00:00:00.000,20:42,40.75112,-73.97127,1,0,1,1,4075,-7397,0.375886524822695
2021-05-17T00:00:00.000,23:45,40.793186,-73.94057,0,0,0,0,4079,-7394,0.3523809523809524
2021-05-14T00:00:00.000,10:55,40.677525,-73.963715,0,0,0,0,4067,-7396,0.3466666666666667
2021-05-18T00:00:00.000,6:30,40.681713,-73.91152,0,0,0,0,4068,-7391,0.344
2021-05-18T00:00:00.000,15:15,0.0,0.0,0,0,0,0,0,0,0.40425531914893614
2021-05-18T00:00:00.000,14:15,40.75858,-73.82562,0,0,0,0,4075,-7382,0.4915254237288136
2021-05-18T00:00:00.000,9:31,40.70277,-73.82608,0,0,0,0,4070,-7382,0.4166666666666667
2021-05-18T00:00:00.000,12:10,40.663303,-73.960625,1,0,1,1,4066,-7396,0.4074074074074074
2021-05-18T00:00:00.000,16:50,40.880753,-73.90048,1,0,1,1,4088,-7390,0.2702702702702703
2021-05-18T00:00:00.000,6:25,40.813805,-73.89112,0,0,0,0,4081,-7389,0.31543624161073824
2021-05-08T00:00:00.000,14:50,40.727287,-74.00064,1,0,1,1,4072,-7400,0.32926829268292684
2021-05-18T00:00:00.000,8:35,40.63718,-73.95856,2,0,1,1,4063,-7395,0.48484848484848486
2021-05-11T00:00:00.000,19:18,40.83394,-73.9087,1,0,1,1,4083,-7390,0.3064516129032258
2021-05-17T00:00:00.000,5:20,40.706684,-73.86427,0,0,0,0,4070,-7386,0.38235294117647056
2021-05-18T00:00:00.000,13:05,40.820305,-73.89083,0,0,0,0,4082,-7389,0.37423312883435583
2021-05-18T00:00:00.000,16:10,40.639854,-74.0122,1,0,1,1,4063,-7401,0.37777777777777777
2021-05-18T00:00:00.000,11:00,40.75906,-73.97262,1,0,1,1,4075,-7397,0.375886524822695
2021-09-26T00:00:00.000,0:25,40.73937,-73.79189,0,0,0,0,4073,-7379,0.4
2021-05-18T00:00:00.000,21:30,40.838196,-73.901184,3,0,1,1,4083,-7390,0.3064516129032258
2021-05-18T00:00:00.000,14:20,40.661385,-73.8841,0,0,0,0,4066,-7388,0.37012987012987014
2021-05-14T00:00:00.000,0:00,40.723705,-73.90446,0,0,0,0,4072,-7390,0.2978723404255319
2021-05-16T00:00:00.000,0:40,40.818707,-73.82019,0,0,0,0,4081,-7382,0.07142857142857142
2021-05-18T00:00:00.000,22:40,40.694363,-73.958,1,0,1,1,4069,-7395,0.30952380952380953
2021-05-18T00:00:00.000,9:33,40.744556,-73.91126,0,0,0,0,4074,-7391,0.38333333333333336
2021-05-18T00:00:00.000,12:30,40.76878,-73.73042,0,0,0,0,4076,-7373,0.42857142857142855
2021-05-18T00:00:00.000,20:35,40.720245,-73.9444,0,0,0,0,4072,-7394,0.19801980198019803
2021-05-15T00:00:00.000,17:00,40.792015,-73.949814,0,0,0,0,4079,-7394,0.3523809523809524
2021-05-18T00:00:00.000,7:20,40.733448,-73.77413,1,0,1,1,4073,-7377,0.5789473684210527
2021-05-16T00:00:00.000,20:30,40.69368,-73.89507,0,0,0,0,4069,-7389,0.3709677419354839
2021-09-26T00:00:00.000,22:48,40.712727,-73.72899,0,0,0,0,4071,-7372,0.40425531914893614
2021-05-18T00:00:00.000,19:22,40.828075,-73.840065,0,0,0,0,4082,-7384,0.3835616438356164
2021-05-18T00:00:00.000,0:00,40.6778,-73.823845,2,0,1,1,4067,-7382,0.4186046511627907
2021-05-18T00:00:00.000,19:10,40.797943,-73.94213,0,0,0,0,4079,-7394,0.3523809523809524
2021-05-18T00:00:00.000,14:20,40.85406,-73.91936,1,0,1,1,4085,-7391,0.373134328358209
2021-05-18T00:00:00.000,15:47,40.858994,-73.90573,1,0,1,1,4085,-7390,0.42207792207792205
2021-05-18T00:00:00.000,2:58,40.740326,-73.97312,1,0,1,1,4074,-7397,0.4810810810810811
2021-05-18T00:00:00.000,21:00,40.86226,-73.89589,0,0,0,0,4086,-7389,0.40606060606060607
2021-05-18T00:00:00.000,16:00,40.653316,-73.74594,0,0,0,0,4065,-7374,0.4583333333333333
2021-05-18T00:00:00.000,19:20,40.88611,-73.86033,0,0,0,0,4088,-7386,0.23809523809523808
2021-05-18T00:00:00.000,16:16,40.73088,-73.871635,1,0,1,1,4073,-7387,0.3140495867768595
2021-05-15T00:00:00.000,19:02,40.840927,-73.868645,1,0,1,1,4084,-7386,0.375
2021-05-18T00:00:00.000,18:48,40.574158,-74.11669,1,0,1,1,4057,-7411,0.37142857142857144
2021-05-18T00:00:00.000,17:29,40.846825,-73.89705,0,0,0,0,4084,-7389,0.33766233766233766
2021-05-17T00:00:00.000,12:20,40.59607,-73.98413,0,0,0,0,4059,-7398,0.34146341463414637
2021-05-17T00:00:00.000,0:50,40.753807,-73.866745,0,0,0,0,4075,-7386,0.33653846153846156
2021-05-18T00:00:00.000,17:00,40.81848,-73.82394,0,0,0,0,4081,-7382,0.07142857142857142
2021-05-18T00:00:00.000,4:45,40.695286,-73.77957,0,0,0,0,4069,-7377,0.35135135135135137
2021-05-18T00:00:00.000,8:40,40.65626,-73.950165,1,0,1,1,4065,-7395,0.38686131386861317
2021-05-18T00:00:00.000,8:55,40.875427,-73.906166,0,0,0,0,4087,-7390,0.3184713375796178
2021-05-18T00:00:00.000,22:00,40.73765,-73.71138,0,0,0,0,4073,-7371,0.2857142857142857
2021-05-18T00:00:00.000,10:31,40.84519,-73.9112,0,0,0,0,4084,-7391,0.32558139534883723
2021-05-18T00:00:00.000,0:45,40.720795,-73.94496,0,1,2,1,4072,-7394,0.19801980198019803
2021-09-23T00:00:00.000,11:55,40.7431,-73.974014,1,0,1,1,4074,-7397,0.4810810810810811
2021-05-18T00:00:00.000,11:35,40.717953,-73.811874,0,0,0,0,4071,-7381,0.3448275862068966
2021-05-18T00:00:00.000,18:35,40.846104,-73.93609,1,0,1,1,4084,-7393,0.32786885245901637
2021-05-18T00:00:00.000,14:31,40.85233,-73.889244,0,0,0,0,4085,-7388,0.3
2021-05-18T00:00:00.000,17:50,40.69768,-73.98703,1,0,1,1,4069,-7398,0.3229166666666667
2021-05-18T00:00:00.000,12:00,40.75455,-73.96252,2,0,1,1,4075,-7396,0.4788732394366197
2021-09-25T00:00:00.000,8:49,40.705894,-73.891624,1,0,1,1,4070,-7389,0.2711864406779661
2021-05-18T00:00:00.000,8:00,40.82691,-73.887596,0,0,0,0,4082,-7388,0.27624309392265195
2021-05-18T00:00:00.000,5:04,40.653683,-73.93255,3,0,1,1,4065,-7393,0.44366197183098594
2021-05-18T00:00:00.000,16:08,40.672615,-74.0006,1,0,1,1,4067,-7400,0.20967741935483872
2021-05-18T00:00:00.000,20:15,40.63555,-73.97803,1,0,1,1,4063,-7397,0.36893203883495146
2021-05-18T00:00:00.000,15:30,40.663788,-73.734024,2,0,1,1,4066,-7373,0.44339622641509435
2021-05-18T00:00:00.000,17:25,40.71552,-74.00925,0,0,0,0,4071,-7400,0.25517241379310346
2021-05-18T00:00:00.000,10:30,40.700233,-73.95988,0,0,0,0,4070,-7395,0.3475177304964539
2021-05-18T00:00:00.000,11:16,40.726578,-73.95241,0,0,0,0,4072,-7395,0.22093023255813954
2021-05-18T00:00:00.000,17:40,40.8065,-73.90803,1,0,1,1,4080,-7390,0.36538461538461536
2021-05-18T00:00:00.000,3:00,40.713474,-73.75923,0,0,0,0,4071,-7375,0.3269230769230769
2021-05-18T00:00:00.000,10:52,40.74026,-73.990524,1,0,1,1,4074,-7399,0.3333333333333333
2021-05-18T00:00:00.000,11:42,40.695377,-73.94921,0,0,0,0,4069,-7394,0.417910447761194
2021-05-18T00:00:00.000,11:45,40.668648,-73.92835,1,0,1,1,4066,-7392,0.355
2021-05-18T00:00:00.000,20:03,40.84364,-73.930534,1,0,1,1,4084,-7393,0.32786885245901637
2021-05-14T00:00:00.000,0:25,40.67164,-73.95034,2,0,1,1,4067,-7395,0.3695652173913043
2021-05-18T00:00:00.000,15:50,40.57725,-74.10298,1,0,1,1,4057,-7410,0.3877551020408163
2021-05-11T00:00:00.000,16:00,40.679787,-73.93844,0,0,0,0,4067,-7393,0.3755868544600939
2021-05-18T00:00:00.000,12:15,40.84869,-73.90329,1,0,1,1,4084,-7390,0.366120218579235
2021-05-18T00:00:00.000,19:50,40.730057,-73.999374,1,0,1,1,4073,-7399,0.423728813559322
2021-05-18T00:00:00.000,10:00,40.812305,-73.89637,0,0,0,0,4081,-7389,0.31543624161073824
2021-09-26T00:00:00.000,6:10,40.80761,-73.95305,0,0,0,0,4080,-7395,0.381294964028777
2021-05-18T00:00:00.000,7:50,40.89635,-73.85857,0,0,0,0,4089,-7385,0.3813559322033898
2021-05-18T00:00:00.000,23:40,40.631706,-73.94649,1,0,1,1,4063,-7394,0.358974358974359
2021-05-18T00:00:00.000,0:50,40.826168,-73.89893,0,0,0,0,4082,-7389,0.37423312883435583
2021-05-18T00:00:00.000,19:00,40.678925,-73.88441,0,0,0,0,4067,-7388,0.30434782608695654
2021-05-18T00:00:00.000,6:00,40.805805,-73.97075,2,0,1,1,4080,-7397,0.375
2021-09-26T00:00:00.000,0:43,40.689648,-73.9184,1,0,1,1,4068,-7391,0.344
2021-05-18T00:00:00.000,21:15,40.78519,-73.94934,1,0,1,1,4078,-7394,0.33513513513513515
2021-05-18T00:00:00.000,17:50,40.769337,-73.802765,1,0,1,1,4076,-7380,0.4
2021-05-15T00:00:00.000,4:00,40.814713,-73.9202,0,0,0,0,4081,-7392,0.4714285714285714
2021-05-18T00:00:00.000,15:24,40.745724,-73.97813,0,0,0,0,4074,-7397,0.4810810810810811
2021-05-18T00:00:00.000,13:00,40.76691,-73.93837,0,0,0,0,4076,-7393,0.44680851063829785
2021-05-16T00:00:00.000,15:45,40.720436,-74.00671,0,0,0,0,4072,-7400,0.32926829268292684
2021-05-18T00:00:00.000,15:40,40.822254,-73.88703,0,0,0,0,4082,-7388,0.27624309392265195
2021-05-18T00:00:00.000,21:55,40.828846,-73.860886,1,0,1,1,4082,-7386,0.3493975903614458
2021-05-18T00:00:00.000,16:34,40.866158,-73.82363,0,0,0,0,4086,-7382,0.3611111111111111
2021-05-18T00:00:00.000,13:30,40.789467,-73.784225,0,0,0,0,4078,-7378,0.4375
2021-05-18T00:00:00.000,7:10,40.764614,-73.95833,0,0,0,0,4076,-7395,0.3696969696969697
2021-05-18T00:00:00.000,8:10,40.865314,-73.836365,0,0,0,0,4086,-7383,0.3448275862068966
2021-05-18T00:00:00.000,15:49,40.85228,-73.87159,0,0,0,0,4085,-7387,0.375
2021-05-18T00:00:00.000,10:15,40.670437,-73.896774,0,0,0,0,4067,-7389,0.33852140077821014
2021-05-17T00:00:00.000,9:22,40.732716,-73.95807,0,0,0,0,4073,-7395,0.30434782608695654
2021-05-18T00:00:00.000,23:40,40.6656,-73.74648,0,0,0,0,4066,-7374,0.3698630136986301
2021-05-18T00:00:00.000,7:10,40.707306,-73.75122,0,0,0,0,4070,-7375,0.4117647058823529
2021-05-18T00:00:00.000,16:16,40.609985,-73.96239,1,0,1,1,4060,-7396,0.5714285714285714
2021-05-12T00:00:00.000,14:50,40.747917,-73.9736,1,0,1,1,4074,-7397,0.4810810810810811
2021-05-18T00:00:00.000,12:20,40.886223,-73.82712,0,0,0,0,4088,-7382,0.2765957446808511
2021-05-18T00:00:00.000,4:00,40.583893,-73.81916,0,0,0,0,4058,-7381,0.1875
2021-05-18T00:00:00.000,16:52,40.89,-73.849106,1,0,1,1,4089,-7384,0.3333333333333333
2021-05-18T00:00:00.000,2:41,40.859642,-73.90534,1,0,1,1,4085,-7390,0.42207792207792205
2021-05-18T00:00:00.000,19:05,40.627674,-73.96092,0,0,0,0,4062,-7396,0.375
2021-05-16T00:00:00.000,11:00,40.669434,-73.9255,0,0,0,0,4066,-7392,0.355
2021-05-18T00:00:00.000,16:47,40.740524,-73.77847,0,0,0,0,4074,-7377,0.36363636363636365
2021-05-18T00:00:00.000,13:46,40.669205,-73.93873,1,0,1,1,4066,-7393,0.38578680203045684
2021-05-18T00:00:00.000,8:06,40.838505,-73.8751,2,0,1,1,4083,-7387,0.38414634146341464
2021-05-18T00:00:00.000,11:00,40.59707,-73.77759,0,0,0,0,4059,-7377,0.2692307692307692
2021-05-18T00:00:00.000,5:35,40.738495,-73.90274,0,0,0,0,4073,-7390,0.42424242424242425
2021-05-18T00:00:00.000,7:30,40.709854,-73.7842,0,0,0,0,4070,-7378,0.34523809523809523
2021-05-18T00:00:00.000,14:55,40.7452,-73.88426,0,0,0,0,4074,-7388,0.2978723404255319
2021-05-18T00:00:00.000,17:15,40.717667,-73.74351,0,0,0,0,4071,-7374,0.23404255319148937
2021-05-18T00:00:00.000,13:10,40.749725,-73.98363,1,0,1,1,4074,-7398,0.40131578947368424
2021-05-18T00:00:00.000,23:04,40.658672,-73.90019,0,0,0,0,4065,-7390,0.375
2021-05-18T00:00:00.000,23:37,40.57522,-73.997505,1,0,1,1,4057,-7399,0.32558139534883723
2021-05-18T00:00:00.000,14:10,40.538326,-74.14937,0,0,0,0,4053,-7414,0.3333333333333333
2021-05-18T00:00:00.000,16:40,40.66796,-73.87009,1,0,1,1,4066,-7387,0.38461538461538464
2021-05-18T00:00:00.000,13:29,40.722775,-73.94707,1,0,1,1,4072,-7394,0.19801980198019803
2021-05-18T00:00:00.000,3:03,40.846687,-73.905594,0,0,0,0,4084,-7390,0.366120218579235
2021-05-18T00:00:00.000,14:30,40.575542,-73.96487,0,0,0,0,4057,-7396,0.3191489361702128
2021-05-17T00:00:00.000,9:30,40.823566,-73.93768,0,0,0,0,4082,-7393,0.36645962732919257
2021-05-18T00:00:00.000,18:27,40.526566,-74.169106,0,0,0,0,4052,-7416,0.6666666666666666
2021-05-18T00:00:00.000,17:05,40.72225,-74.00592,0,0,0,0,4072,-7400,0.32926829268292684
2021-05-18T00:00:00.000,8:15,40.667038,-73.7682,1,0,1,1,4066,-7376,0.30434782608695654
2021-05-18T00:00:00.000,8:30,40.676132,-73.81924,0,0,0,0,4067,-7381,0.4230769230769231
2021-05-15T00:00:00.000,13:07,40.764675,-73.88513,1,0,1,1,4076,-7388,0.43283582089552236
2021-05-18T00:00:00.000,14:02,40.886642,-73.90967,1,0,1,1,4088,-7390,0.2702702702702703
2021-05-18T00:00:00.000,20:47,40.64224,-73.89912,0,0,0,0,4064,-7389,0.43478260869565216
2021-05-18T00:00:00.000,15:20,40.819042,-73.93075,0,0,0,0,4081,-7393,0.32432432432432434
2021-05-18T00:00:00.000,21:29,40.810318,-73.943634,1,0,1,1,4081,-7394,0.38
2021-05-18T00:00:00.000,7:44,40.596237,-73.94211,0,0,0,0,4059,-7394,0.275
2021-05-18T00:00:00.000,7:05,40.66675,-73.779945,0,0,0,0,4066,-7377,0.37362637362637363
2021-05-18T00:00:00.000,1:07,40.812744,-73.937645,0,0,0,0,4081,-7393,0.32432432432432434
2021-05-18T00:00:00.000,6:25,40.88371,-73.85281,0,0,0,0,4088,-7385,0.36619718309859156
2021-05-18T00:00:00.000,6:15,40.586517,-73.967575,0,0,0,0,4058,-7396,0.37333333333333335
2021-05-18T00:00:00.000,9:10,40.69998,-73.94064,0,0,0,0,4069,-7394,0.417910447761194
2021-05-18T00:00:00.000,22:20,40.682842,-73.9766,0,0,0,0,4068,-7397,0.3412322274881517
2021-09-26T00:00:00.000,7:00,40.75253,-73.94384,0,0,0,0,4075,-7394,0.41333333333333333
2021-05-14T00:00:00.000,22:15,40.723663,-73.86864,0,0,0,0,4072,-7386,0.42424242424242425
2021-05-18T00:00:00.000,9:16,40.6612,-73.924324,1,0,1,1,4066,-7392,0.355
2021-05-18T00:00:00.000,10:34,40.687317,-74.00006,0,0,0,0,4068,-7400,0.3333333333333333
2021-05-18T00:00:00.000,6:00,40.652714,-73.8906,0,0,0,0,4065,-7389,0.34965034965034963
2021-05-18T00:00:00.000,14:25,40.61368,-73.98882,0,0,0,0,4061,-7398,0.3698630136986301
2021-05-18T00:00:00.000,14:45,40.845028,-73.880394,0,0,0,0,4084,-7388,0.390625
2021-05-18T00:00:00.000,12:20,40.836304,-73.92518,0,0,0,0,4083,-7392,0.310126582278481
2021-05-18T00:00:00.000,21:48,40.631832,-73.95755,1,0,1,1,4063,-7395,0.48484848484848486
2021-09-26T00:00:00.000,3:19,40.678722,-73.952995,2,0,1,1,4067,-7395,0.3695652173913043
2021-05-18T00:00:00.000,17:38,40.81812,-73.942474,0,0,0,0,4081,-7394,0.38
2021-05-18T00:00:00.000,19:05,40.82664,-73.94306,0,0,0,0,4082,-7394,0.3812154696132597
2021-05-18T00:00:00.000,12:04,40.694576,-73.95615,1,0,1,1,4069,-7395,0.30952380952380953
2021-05-18T00:00:00.000,12:30,40.703434,-73.91181,0,0,0,0,4070,-7391,0.27450980392156865
2021-05-18T00:00:00.000,16:45,40.671337,-73.9448,1,0,1,1,4067,-7394,0.34074074074074073
2021-05-18T00:00:00.000,1:25,40.673676,-73.79376,0,0,0,0,4067,-7379,0.4264705882352941
2021-05-18T00:00:00.000,12:00,40.768932,-73.79191,1,0,1,1,4076,-7379,0.2631578947368421
2021-05-17T00:00:00.000,9:26,40.90304,-73.849556,1,0,1,1,4090,-7384,0.28205128205128205
2021-05-18T00:00:00.000,12:15,40.75406,-73.808624,1,0,1,1,4075,-7380,0.36363636363636365
2021-05-17T00:00:00.000,12:30,40.819763,-73.95163,1,0,1,1,4081,-7395,0.3509933774834437
2021-05-18T00:00:00.000,22:21,40.72247,-73.987144,1,0,1,1,4072,-7398,0.4342105263157895
2021-05-18T00:00:00.000,8:35,40.78459,-73.94198,0,0,0,0,4078,-7394,0.33513513513513515
2021-09-26T00:00:00.000,22:30,40.67563,-74.00351,0,0,0,0,4067,-7400,0.20967741935483872
2021-05-16T00:00:00.000,19:30,40.736668,-73.997345,1,0,1,1,4073,-7399,0.423728813559322
2021-05-18T00:00:00.000,11:40,40.68587,-73.76349,1,0,1,1,4068,-7376,0.35714285714285715
2021-05-18T00:00:00.000,19:30,40.743862,-73.9873,0,0,0,0,4074,-7398,0.40131578947368424
2021-05-18T00:00:00.000,14:41,40.678852,-73.834114,1,0,1,1,4067,-7383,0.48148148148148145
2021-05-18T00:00:00.000,19:54,0.0,0.0,0,0,0,0,0,0,0.40425531914893614
2021-05-18T00:00:00.000,17:00,40.654312,-73.91759,2,0,1,1,4065,-7391,0.425
2021-05-18T00:00:00.000,14:52,40.649597,-73.958534,3,0,1,1,4064,-7395,0.4796747967479675
2021-05-18T00:00:00.000,22:06,40.815693,-73.948685,0,0,0,0,4081,-7394,0.38
2021-05-18T00:00:00.000,22:11,40.73261,-73.8686,0,0,0,0,4073,-7386,0.3464566929133858
2021-05-17T00:00:00.000,14:55,40.68986,-73.95147,0,0,0,0,4068,-7395,0.38571428571428573
2021-05-18T00:00:00.000,16:25,40.85228,-73.87159,0,0,0,0,4085,-7387,0.375
2021-05-18T00:00:00.000,14:50,40.579052,-73.98415,1,0,1,1,4057,-7398,0.36904761904761907
2021-05-18T00:00:00.000,13:50,40.588886,-73.965645,1,0,1,1,4058,-7396,0.37333333333333335
2021-05-16T00:00:00.000,12:00,40.615692,-73.99366,0,0,0,0,4061,-7399,0.29411764705882354
2021-05-18T00:00:00.000,11:55,40.809265,-73.90854,0,0,0,0,4080,-7390,0.36538461538461536
2021-05-18T00:00:00.000,14:51,40.771145,-73.89882,1,0,1,1,4077,-7389,0.35
2021-05-18T00:00:00.000,4:30,40.83767,-73.91921,0,0,0,0,4083,-7391,0.33714285714285713
2021-05-18T00:00:00.000,1:33,40.630486,-74.07829,0,0,0,0,4063,-7407,0.4444444444444444
2021-09-26T00:00:00.000,21:26,40.8678,-73.90814,4,0,1,1,4086,-7390,0.42748091603053434
2021-05-18T00:00:00.000,9:45,40.666134,-73.99225,2,0,1,1,4066,-7399,0.40540540540540543
2021-05-18T00:00:00.000,12:15,40.829266,-73.90085,0,0,0,0,4082,-7390,0.3025210084033613
2021-05-18T00:00:00.000,10:45,40.74411,-73.95364,0,0,0,0,4074,-7395,0.35185185185185186
2021-05-18T00:00:00.000,0:00,40.759384,-73.896484,0,0,0,0,4075,-7389,0.4805194805194805
2021-05-07T00:00:00.000,20:40,40.607662,-73.98348,0,0,0,0,4060,-7398,0.2711864406779661
2021-05-18T00:00:00.000,22:18,40.6167,-74.03085,3,0,1,1,4061,-7403,0.2777777777777778
2021-05-18T00:00:00.000,13:25,40.674576,-73.84844,2,0,1,1,4067,-7384,0.28888888888888886
2021-05-18T00:00:00.000,23:00,40.750645,-73.94566,1,0,1,1,4075,-7394,0.41333333333333333
2021-05-18T00:00:00.000,18:05,40.655827,-73.91034,0,0,0,0,4065,-7391,0.425
2021-05-18T00:00:00.000,18:00,40.6374,-73.919174,2,0,1,1,4063,-7391,0.5
2021-05-18T00:00:00.000,21:16,40.825165,-73.86699,1,0,1,1,4082,-7386,0.3493975903614458
2021-05-18T00:00:00.000,21:55,40.736057,-73.87669,0,0,0,0,4073,-7387,0.3140495867768595
2021-05-18T00:00:00.000,11:15,40.84301,-73.83877,0,0,0,0,4084,-7383,0.4318181818181818
2021-05-18T00:00:00.000,16:34,40.554493,-74.13978,1,0,1,1,4055,-7413,0.2777777777777778
2021-05-16T00:00:00.000,10:35,40.770264,-73.92143,1,0,1,1,4077,-7392,0.3269230769230769
2021-05-18T00:00:00.000,8:31,40.880135,-73.873085,0,0,0,0,4088,-7387,0.14583333333333334
2021-05-18T00:00:00.000,11:45,40.67578,-74.0014,1,0,1,1,4067,-7400,0.20967741935483872
2021-05-18T00:00:00.000,16:40,40.703762,-73.94262,2,0,1,1,4070,-7394,0.3956043956043956
2021-05-18T00:00:00.000,10:30,40.7662,-73.812996,1,0,1,1,4076,-7381,0.4716981132075472
2021-05-17T00:00:00.000,22:20,40.644955,-73.92113,2,0,1,1,4064,-7392,0.4077669902912621
2021-05-18T00:00:00.000,13:29,40.84506,-73.916855,1,0,1,1,4084,-7391,0.32558139534883723
2021-05-18T00:00:00.000,4:48,40.64123,-73.90841,0,0,0,0,4064,-7390,0.4017094017094017
2021-05-18T00:00:00.000,15:10,40.70376,-73.98662,0,0,0,0,4070,-7398,0.21568627450980393
2021-05-18T00:00:00.000,23:30,40.538532,-74.19224,0,0,0,0,4053,-7419,0.2857142857142857
2021-05-18T00:00:00.000,16:30,40.665478,-73.87747,0,0,0,0,4066,-7387,0.38461538461538464
2021-05-18T00:00:00.000,13:18,40.643425,-73.94588,0,0,0,0,4064,-7394,0.42342342342342343
2021-05-18T00:00:00.000,8:50,40.777756,-73.89871,0,0,0,0,4077,-7389,0.35
2021-05-16T00:00:00.000,16:45,40.639725,-74.03605,1,0,1,1,4063,-7403,0.42424242424242425
2021-05-18T00:00:00.000,22:59,40.752445,-73.96461,1,0,1,1,4075,-7396,0.4788732394366197
2021-05-18T00:00:00.000,16:14,40.816883,-73.96265,0,0,0,0,4081,-7396,0.2222222222222222
2021-05-14T00:00:00.000,8:26,40.677525,-73.963715,1,0,1,1,4067,-7396,0.3466666666666667
2021-05-18T00:00:00.000,3:20,40.8504,-73.90697,0,0,0,0,4085,-7390,0.42207792207792205
2021-05-17T00:00:00.000,1:17,40.680584,-73.9809,0,0,0,0,4068,-7398,0.3873239436619718
2021-05-18T00:00:00.000,12:45,40.649513,-73.96292,0,0,0,0,4064,-7396,0.4714285714285714
2021-05-18T00:00:00.000,7:50,40.663223,-73.73351,0,0,0,0,4066,-7373,0.44339622641509435
2021-05-18T00:00:00.000,16:20,40.599823,-73.75398,0,0,0,0,4059,-7375,0.17777777777777778
2021-05-18T00:00:00.000,23:55,40.850822,-73.90147,0,0,0,0,4085,-7390,0.42207792207792205
2021-05-18T00:00:00.000,22:14,40.762486,-73.96298,1,0,1,1,4076,-7396,0.3023255813953488
2021-05-18T00:00:00.000,12:19,40.865685,-73.823425,0,0,0,0,4086,-7382,0.3611111111111111
2021-05-18T00:00:00.000,19:17,40.63947,-73.902756,0,0,0,0,4063,-7390,0.3561643835616438
2021-05-18T00:00:00.000,15:30,40.7466,-73.76503,1,0,1,1,4074,-7376,0.3333333333333333
2021-05-18T00:00:00.000,15:35,40.718864,-73.97483,0,0,0,0,4071,-7397,0.41509433962264153
2021-05-17T00:00:00.000,15:50,40.693447,-73.917015,1,0,1,1,4069,-7391,0.2709677419354839
2021-05-18T00:00:00.000,17:30,40.73949,-73.8369,1,0,1,1,4073,-7383,0.36363636363636365
2021-05-18T00:00:00.000,18:12,40.8122,-73.94226,1,0,1,1,4081,-7394,0.38
2021-05-16T00:00:00.000,16:53,40.586746,-73.81712,0,0,0,0,4058,-7381,0.1875
2021-09-26T00:00:00.000,4:49,40.64503,-73.91998,0,0,0,0,4064,-7391,0.39805825242718446
2021-05-18T00:00:00.000,8:48,40.62788,-73.93251,1,0,1,1,4062,-7393,0.4444444444444444
2021-05-17T00:00:00.000,1:20,40.740356,-73.99046,1,0,1,1,4074,-7399,0.3333333333333333
2021-05-18T00:00:00.000,2:00,40.69467,-73.76343,0,0,0,0,4069,-7376,0.3392857142857143
2021-05-18T00:00:00.000,20:47,40.663227,-73.93159,2,0,1,1,4066,-7393,0.38578680203045684
2021-05-16T00:00:00.000,9:58,40.699024,-73.9039,0,0,0,0,4069,-7390,0.29591836734693877
2021-05-18T00:00:00.000,11:57,40.84944,-73.906006,2,0,1,1,4084,-7390,0.366120218579235
2021-05-18T00:00:00.000,13:04,40.76301,-73.87532,1,0,1,1,4076,-7387,0.48214285714285715
2021-05-18T00:00:00.000,17:00,40.881958,-73.816605,1,0,1,1,4088,-7381,0.4444444444444444
2021-09-26T00:00:00.000,6:05,40.81286,-73.96341,0,0,0,0,4081,-7396,0.2222222222222222
2021-05-18T00:00:00.000,20:30,40.8216,-73.91211,1,0,1,1,4082,-7391,0.3355263157894737
2021-05-18T00:00:00.000,8:40,40.88052,-73.875725,0,0,0,0,4088,-7387,0.14583333333333334
2021-05-18T00:00:00.000,2:35,40.689407,-73.913956,0,0,0,0,4068,-7391,0.344
2021-05-18T00:00:00.000,15:46,40.672703,-73.93635,0,0,0,0,4067,-7393,0.3755868544600939
2021-05-15T00:00:00.000,17:00,40.771576,-73.87616,0,0,0,0,4077,-7387,0.35714285714285715
2021-05-18T00:00:00.000,22:41,40.639286,-73.89869,1,0,1,1,4063,-7389,0.41818181818181815
2021-05-18T00:00:00.000,10:40,40.626335,-74.174965,0,0,0,0,4062,-7417,0.16666666666666666
2021-05-18T00:00:00.000,14:25,40.83561,-73.94668,0,0,0,0,4083,-7394,0.38926174496644295
2021-05-18T00:00:00.000,21:35,40.608017,-74.116066,0,0,0,0,4060,-7411,0.35714285714285715
2021-05-18T00:00:00.000,10:00,40.667114,-73.834656,0,0,0,0,4066,-7383,0.5
2021-05-18T00:00:00.000,17:22,40.71665,-73.94474,1,0,1,1,4071,-7394,0.3710691823899371
2021-05-05T00:00:00.000,20:50,40.654312,-73.91759,0,0,0,0,4065,-7391,0.425
2021-05-18T00:00:00.000,8:00,40.701458,-73.80414,1,0,1,1,4070,-7380,0.3877551020408163
2021-05-18T00:00:00.000,15:00,40.67057,-73.800644,0,0,0,0,4067,-7380,0.24615384615384617
2021-05-18T00:00:00.000,12:30,40.700233,-73.95988,1,0,1,1,4070,-7395,0.3475177304964539
2021-05-18T00:00:00.000,17:44,40.576157,-73.98902,0,0,0,0,4057,-7398,0.36904761904761907
2021-04-27T00:00:00.000,13:40,40.684937,-73.91014,0,0,0,0,4068,-7391,0.344
2021-05-18T00:00:00.000,12:08,40.666946,-73.79712,0,0,0,0,4066,-7379,0.3870967741935484
2021-05-18T00:00:00.000,15:39,40.852386,-73.90369,0,0,0,0,4085,-7390,0.42207792207792205
2021-05-18T00:00:00.000,5:00,40.66395,-73.920975,0,0,0,0,4066,-7392,0.355
2021-05-18T00:00:00.000,8:51,40.85185,-73.902725,0,0,0,0,4085,-7390,0.42207792207792205
2021-05-18T00:00:00.000,12:45,40.699955,-73.98682,0,0,0,0,4069,-7398,0.3229166666666667
2021-05-18T00:00:00.000,20:15,40.67247,-73.79987,0,0,0,0,4067,-7379,0.4264705882352941
2021-05-18T00:00:00.000,22:30,40.662544,-73.87652,1,0,1,1,4066,-7387,0.38461538461538464
2021-05-18T00:00:00.000,9:55,40.80582,-73.93848,0,0,0,0,4080,-7393,0.36312849162011174
2021-05-18T00:00:00.000,18:50,40.600426,-73.941895,2,0,1,1,4060,-7394,0.5217391304347826
2021-05-15T00:00:00.000,11:00,40.716976,-73.98229,0,0,0,0,4071,-7398,0.39568345323741005
2021-05-09T00:00:00.000,16:20,40.61384,-73.981445,0,0,0,0,4061,-7398,0.3698630136986301
2021-05-18T00:00:00.000,20:20,40.87595,-73.86189,0,0,0,0,4087,-7386,0.3142857142857143
2021-09-20T00:00:00.000,9:10,40.757397,-73.88836,0,0,0,0,4075,-7388,0.3402061855670103
2021-05-18T00:00:00.000,19:30,40.88756,-73.863976,1,0,1,1,4088,-7386,0.23809523809523808
2021-05-18T00:00:00.000,12:32,40.756035,-73.73069,0,0,0,0,4075,-7373,0.18181818181818182
2021-05-18T00:00:00.000,3:17,40.834503,-73.93037,1,0,1,1,4083,-7393,0.3333333333333333
2021-05-11T00:00:00.000,16:37,40.752975,-73.91024,1,0,1,1,4075,-7391,0.4777777777777778
2021-12-24T00:00:00.000,15:30,40.764317,-73.99579,0,0,0,0,4076,-7399,0.3275862068965517
2021-05-18T00:00:00.000,21:20,40.66223,-73.93997,0,0,0,0,4066,-7393,0.38578680203045684
2021-05-18T00:00:00.000,16:00,40.8047,-73.91243,0,0,0,0,4080,-7391,0.38961038961038963
2021-09-26T00:00:00.000,17:53,40.64077,-73.90913,3,0,1,1,4064,-7390,0.4017094017094017
2021-05-18T00:00:00.000,10:30,40.612747,-74.12712,0,0,0,0,4061,-7412,0.25
2021-05-18T00:00:00.000,8:15,40.675957,-73.95273,0,0,0,0,4067,-7395,0.3695652173913043
2021-05-18T00:00:00.000,19:21,40.656338,-73.72906,0,0,0,0,4065,-7372,0.26666666666666666
2021-05-18T00:00:00.000,15:25,40.754177,-73.984604,0,0,0,0,4075,-7398,0.3170731707317073
2021-05-18T00:00:00.000,8:30,40.780224,-73.80255,0,0,0,0,4078,-7380,0.30434782608695654
2021-05-18T00:00:00.000,23:45,40.68623,-74.00046,0,0,0,0,4068,-7400,0.3333333333333333
2021-05-18T00:00:00.000,18:30,40.70625,-74.00314,1,0,1,1,4070,-7400,0.2542372881355932
2021-05-18T00:00:00.000,16:53,40.8606,-73.91102,0,0,0,0,4086,-7391,0.38016528925619836
2021-05-18T00:00:00.000,11:55,40.71997,-73.992905,3,0,1,1,4071,-7399,0.3263157894736842
2021-05-18T00:00:00.000,8:15,40.75117,-73.9152,0,0,0,0,4075,-7391,0.4777777777777778
2021-05-18T00:00:00.000,17:38,40.8339,-73.883514,0,0,0,0,4083,-7388,0.26717557251908397
2021-05-18T00:00:00.000,13:05,40.71164,-73.85851,1,0,1,1,4071,-7385,0.4418604651162791
2021-05-18T00:00:00.000,14:00,40.817173,-73.861725,0,0,0,0,4081,-7386,0.23333333333333334
2021-05-18T00:00:00.000,16:27,40.8816,-73.90484,1,0,1,1,4088,-7390,0.2702702702702703
2021-05-18T00:00:00.000,14:25,40.6932,-73.7845,1,0,1,1,4069,-7378,0.29310344827586204
2021-05-18T00:00:00.000,6:30,40.83639,-73.91588,0,0,0,0,4083,-7391,0.33714285714285713
2021-05-18T00:00:00.000,17:40,40.665318,-73.98882,0,0,0,0,4066,-7398,0.421875
2021-05-18T00:00:00.000,22:24,40.82523,-73.94761,0,0,0,0,4082,-7394,0.3812154696132597
2021-05-18T00:00:00.000,13:30,40.65597,-73.959946,0,0,0,0,4065,-7395,0.38686131386861317
2021-05-18T00:00:00.000,22:10,40.77731,-73.91239,1,0,1,1,4077,-7391,0.3157894736842105
2021-05-15T00:00:00.000,13:55,40.73876,-74.00973,1,0,1,1,4073,-7400,0.2403846153846154
2021-04-22T00:00:00.000,20:18,40.666885,-73.98159,0,0,0,0,4066,-7398,0.421875
2021-05-18T00:00:00.000,18:45,40.63045,-73.909874,0,0,0,0,4063,-7390,0.3561643835616438
2021-05-12T00:00:00.000,11:05,40.698242,-73.80635,0,0,0,0,4069,-7380,0.38461538461538464
2021-05-18T00:00:00.000,16:05,40.707466,-73.7887,1,0,1,1,4070,-7378,0.34523809523809523
2021-05-17T00:00:00.000,16:40,40.72299,-73.91069,1,0,1,1,4072,-7391,0.36
2021-05-18T00:00:00.000,1:30,40.700726,-73.94194,0,0,0,0,4070,-7394,0.3956043956043956
2021-05-18T00:00:00.000,9:00,40.820095,-73.955086,0,0,0,0,4082,-7395,0.4117647058823529
2021-05-18T00:00:00.000,16:00,40.73757,-73.71632,2,0,1,1,4073,-7371,0.2857142857142857
2021-05-18T00:00:00.000,17:54,40.7712,-73.83345,0,0,0,0,4077,-7383,0.25
2021-05-18T00:00:00.000,13:50,40.608204,-73.920715,0,0,0,0,4060,-7392,0.3333333333333333
2021-09-17T00:00:00.000,21:13,40.647007,-73.946266,2,0,1,1,4064,-7394,0.42342342342342343
2021-09-26T00:00:00.000,13:40,40.735504,-73.95264,0,0,0,0,4073,-7395,0.30434782608695654
2021-09-26T00:00:00.000,1:50,40.663055,-73.885345,0,0,0,0,4066,-7388,0.37012987012987014
2021-09-22T00:00:00.000,10:05,40.769005,-73.992355,2,0,1,1,4076,-7399,0.3275862068965517
2021-09-26T00:00:00.000,17:05,40.704395,-73.9502,1,0,1,1,4070,-7395,0.3475177304964539
2021-09-26T00:00:00.000,1:40,40.75835,-73.869705,0,0,0,0,4075,-7386,0.33653846153846156
2021-09-26T00:00:00.000,14:15,40.802475,-73.94935,1,0,1,1,4080,-7394,0.41116751269035534
2021-09-26T00:00:00.000,1:30,40.66669,-73.81173,2,0,1,1,4066,-7381,0.4716981132075472
2021-09-26T00:00:00.000,8:30,40.86235,-73.89997,0,0,0,0,4086,-7389,0.40606060606060607
2021-09-26T00:00:00.000,16:20,40.839996,-73.86832,0,0,0,0,4083,-7386,0.24822695035460993
2021-09-26T00:00:00.000,1:30,40.8733,-73.853645,0,0,0,0,4087,-7385,0.37681159420289856
2021-09-26T00:00:00.000,22:25,40.732037,-73.814926,1,0,1,1,4073,-7381,0.3181818181818182
2021-09-26T00:00:00.000,14:20,40.75999,-73.751945,2,0,1,1,4075,-7375,0.3333333333333333
2021-09-26T00:00:00.000,3:00,40.86446,-73.91895,0,0,0,0,4086,-7391,0.38016528925619836
2021-09-26T00:00:00.000,22:14,40.702957,-73.74332,1,0,1,1,4070,-7374,0.3333333333333333
2021-09-25T00:00:00.000,16:10,40.753113,-73.86,0,0,0,0,4075,-7386,0.33653846153846156
2021-09-25T00:00:00.000,17:11,40.52786,-74.19985,3,0,1,1,4052,-7419,0.3333333333333333
2021-09-24T00:00:00.000,2:52,40.66684,-73.78941,0,0,0,0,4066,-7378,0.34615384615384615
2021-09-21T00:00:00.000,15:30,40.762913,-73.96981,1,0,1,1,4076,-7396,0.3023255813953488
2021-09-26T00:00:00.000,4:00,40.684937,-73.91014,1,0,1,1,4068,-7391,0.344
2021-09-25T00:00:00.000,11:32,40.73093,-73.864586,0,0,0,0,4073,-7386,0.3464566929133858
2021-09-26T00:00:00.000,17:00,40.63501,-73.914055,0,0,0,0,4063,-7391,0.5
2021-08-27T00:00:00.000,19:06,40.72407,-74.00013,0,0,0,0,4072,-7400,0.32926829268292684
2021-09-26T00:00:00.000,3:45,40.789528,-73.820435,1,0,1,1,4078,-7382,0.3
2021-09-26T00:00:00.000,15:00,40.730442,-73.98035,1,0,1,1,4073,-7398,0.36942675159235666
2021-09-26T00:00:00.000,15:00,40.748158,-73.85406,0,0,0,0,4074,-7385,0.35526315789473684
2021-09-26T00:00:00.000,20:20,40.654045,-73.92673,0,0,0,0,4065,-7392,0.35555555555555557
2021-09-26T00:00:00.000,14:50,40.66079,-73.99401,1,0,1,1,4066,-7399,0.40540540540540543
2021-09-26T00:00:00.000,17:06,40.79566,-73.93249,0,0,0,0,4079,-7393,0.36585365853658536
2021-09-26T00:00:00.000,4:20,40.70253,-73.8143,0,0,0,0,4070,-7381,0.3194444444444444
2021-09-23T00:00:00.000,9:01,40.764904,-73.998146,0,0,0,0,4076,-7399,0.3275862068965517
2021-09-26T00:00:00.000,2:40,40.675507,-73.74186,0,0,0,0,4067,-7374,0.2619047619047619
2021-09-26T00:00:00.000,17:40,40.81388,-73.91182,1,0,1,1,4081,-7391,0.47244094488188976
2021-09-22T00:00:00.000,8:30,40.61022,-74.09389,0,0,0,0,4061,-7409,0.46153846153846156
2021-09-26T00:00:00.000,17:29,40.696003,-73.9299,1,0,1,1,4069,-7392,0.3584905660377358
2021-09-26T00:00:00.000,20:45,40.610306,-73.994,0,0,0,0,4061,-7399,0.29411764705882354
2021-09-25T00:00:00.000,12:04,40.705746,-73.8097,1,0,1,1,4070,-7380,0.3877551020408163
2021-09-26T00:00:00.000,12:32,40.617195,-73.97794,0,0,0,0,4061,-7397,0.421875
2021-09-26T00:00:00.000,14:25,40.69024,-73.99437,0,0,0,0,4069,-7399,0.29473684210526313
2021-09-26T00:00:00.000,11:06,40.626568,-73.970924,1,0,1,1,4062,-7397,0.38666666666666666
2021-09-26T00:00:00.000,19:30,40.586098,-73.93237,0,0,0,0,4058,-7393,0.24324324324324326
2021-09-14T00:00:00.000,0:00,40.83986,-73.888145,0,0,0,0,4083,-7388,0.26717557251908397
2021-09-26T00:00:00.000,1:40,40.71512,-73.83224,0,0,0,0,4071,-7383,0.37349397590361444
2021-09-24T00:00:00.000,12:34,40.858635,-73.846466,0,0,0,0,4085,-7384,0.32432432432432434
2021-09-26T00:00:00.000,20:45,40.669403,-73.94221,1,0,1,1,4066,-7394,0.36792452830188677
2021-09-25T00:00:00.000,20:00,40.72477,-73.885124,0,0,0,0,4072,-7388,0.4
2021-09-24T00:00:00.000,15:21,40.675842,-73.78305,1,0,1,1,4067,-7378,0.2
2021-12-23T00:00:00.000,12:50,40.850857,-73.90765,0,0,0,0,4085,-7390,0.42207792207792205
2021-09-26T00:00:00.000,2:05,40.68627,-73.97812,0,0,0,0,4068,-7397,0.3412322274881517
2021-09-20T00:00:00.000,22:26,40.700977,-73.91782,1,0,1,1,4070,-7391,0.27450980392156865
2021-09-26T00:00:00.000,17:55,40.692623,-73.923676,0,0,0,0,4069,-7392,0.3584905660377358
2021-09-26T00:00:00.000,6:42,40.65908,-73.7513,1,0,1,1,4065,-7375,0.4166666666666667
2021-09-26T00:00:00.000,17:18,40.665726,-73.96425,1,0,1,1,4066,-7396,0.4074074074074074
2021-09-26T00:00:00.000,1:21,40.62082,-74.009895,0,0,0,0,4062,-7400,0.3150684931506849
2021-09-26T00:00:00.000,23:11,40.83174,-73.94342,1,0,1,1,4083,-7394,0.38926174496644295
2021-09-26T00:00:00.000,17:50,40.688988,-73.84591,0,0,0,0,4068,-7384,0.3333333333333333
2021-09-24T00:00:00.000,10:40,40.725876,-73.97754,0,0,0,0,4072,-7397,0.3283582089552239
2021-09-24T00:00:00.000,16:16,40.762974,-73.96217,0,0,0,0,4076,-7396,0.3023255813953488
2021-09-15T00:00:00.000,17:45,40.704403,-73.88202,1,0,1,1,4070,-7388,0.3448275862068966
2021-09-26T00:00:00.000,8:04,40.66729,-73.88176,0,0,0,0,4066,-7388,0.37012987012987014
2021-09-26T00:00:00.000,12:45,40.879677,-73.861015,0,0,0,0,4087,-7386,0.3142857142857143
2021-09-26T00:00:00.000,22:41,40.657036,-73.89383,0,0,0,0,4065,-7389,0.34965034965034963
2021-09-26T00:00:00.000,5:40,40.747875,-73.99107,0,0,0,0,4074,-7399,0.3333333333333333
2021-09-26T00:00:00.000,8:59,40.769352,-73.83258,0,0,0,0,4076,-7383,0.33695652173913043
2021-09-26T00:00:00.000,21:57,40.746906,-73.90161,0,0,0,0,4074,-7390,0.40625
2021-09-22T00:00:00.000,15:35,40.609505,-74.181885,1,0,1,1,4060,-7418,0.4
2021-09-26T00:00:00.000,11:30,40.64366,-73.90067,0,0,0,0,4064,-7390,0.4017094017094017
2021-09-26T00:00:00.000,2:43,40.82723,-73.88999,0,0,0,0,4082,-7388,0.27624309392265195
2021-09-26T00:00:00.000,9:00,40.737286,-73.85595,0,0,0,0,4073,-7385,0.3619047619047619
2021-09-26T00:00:00.000,15:50,40.65256,-73.876686,0,0,0,0,4065,-7387,0.2857142857142857
2021-09-26T00:00:00.000,11:00,40.72293,-73.98865,1,0,1,1,4072,-7398,0.4342105263157895
2021-09-13T00:00:00.000,12:25,40.766502,-73.99418,1,0,1,1,4076,-7399,0.3275862068965517
2021-09-22T00:00:00.000,15:56,40.629215,-74.0069,1,0,1,1,4062,-7400,0.3150684931506849
2021-09-26T00:00:00.000,14:45,40.74855,-73.89582,1,0,1,1,4074,-7389,0.3203125
2021-09-26T00:00:00.000,19:00,40.75889,-73.98968,1,0,1,1,4075,-7398,0.3170731707317073
2021-09-26T00:00:00.000,18:05,40.707623,-73.962135,0,0,0,0,4070,-7396,0.3431372549019608
2021-09-25T00:00:00.000,10:00,40.511368,-74.24251,0,0,0,0,4051,-7424,0.21428571428571427
2021-09-21T00:00:00.000,17:10,40.557568,-74.207,5,0,1,1,4055,-7420,0.2
2021-09-15T00:00:00.000,10:20,40.747585,-73.89351,1,0,1,1,4074,-7389,0.3203125
2021-09-26T00:00:00.000,23:54,40.777252,-73.89799,1,0,1,1,4077,-7389,0.35
2021-09-19T00:00:00.000,13:50,40.71983,-73.98755,1,0,1,1,4071,-7398,0.39568345323741005
2021-09-26T00:00:00.000,8:26,40.82746,-73.89838,0,0,0,0,4082,-7389,0.37423312883435583
2021-09-26T00:00:00.000,5:00,40.673996,-73.90408,0,0,0,0,4067,-7390,0.3282442748091603
2021-09-26T00:00:00.000,14:00,40.602276,-73.76554,0,0,0,0,4060,-7376,0.19230769230769232
2021-09-26T00:00:00.000,17:10,40.653736,-73.86563,1,0,1,1,4065,-7386,0.36619718309859156
2021-09-26T00:00:00.000,2:53,40.716812,-73.99777,1,0,1,1,4071,-7399,0.3263157894736842
2021-09-26T00:00:00.000,5:03,40.763573,-73.92189,0,0,0,0,4076,-7392,0.42105263157894735
2021-09-26T00:00:00.000,0:25,40.687008,-73.82219,0,0,0,0,4068,-7382,0.41975308641975306
2021-09-25T00:00:00.000,5:00,40.678455,-73.949684,1,0,1,1,4067,-7394,0.34074074074074073
2021-09-26T00:00:00.000,18:05,40.83862,-73.92708,0,0,0,0,4083,-7392,0.310126582278481
2021-09-26T00:00:00.000,14:14,40.60309,-73.99262,1,0,1,1,4060,-7399,0.31683168316831684
2021-09-26T00:00:00.000,18:59,40.613895,-74.01051,1,0,1,1,4061,-7401,0.2972972972972973
2021-09-26T00:00:00.000,14:09,40.6139,-73.969925,0,0,0,0,4061,-7396,0.30666666666666664
2021-09-26T00:00:00.000,10:41,40.888145,-73.90603,0,0,0,0,4088,-7390,0.2702702702702703
2021-12-14T00:00:00.000,23:30,40.73771,-73.974266,0,0,0,0,4073,-7397,0.32558139534883723
2021-09-26T00:00:00.000,21:00,40.751,-73.94881,0,0,0,0,4075,-7394,0.41333333333333333
2021-09-26T00:00:00.000,4:30,40.858387,-73.90279,0,0,0,0,4085,-7390,0.42207792207792205
2021-09-26T00:00:00.000,21:43,40.60595,-74.07601,1,0,1,1,4060,-7407,0.25
2021-09-26T00:00:00.000,3:39,40.655575,-73.926895,0,0,0,0,4065,-7392,0.35555555555555557
2021-09-26T00:00:00.000,1:12,40.79625,-73.94591,0,0,0,0,4079,-7394,0.3523809523809524
2021-09-26T00:00:00.000,5:00,40.76536,-73.82787,2,0,1,1,4076,-7382,0.2987012987012987
2021-09-26T00:00:00.000,20:42,40.583656,-73.98656,0,0,0,0,4058,-7398,0.4
2021-09-21T00:00:00.000,15:45,40.757393,-73.9803,0,0,0,0,4075,-7398,0.3170731707317073
2021-09-26T00:00:00.000,23:15,40.688946,-73.85322,1,0,1,1,4068,-7385,0.43103448275862066
2021-09-17T00:00:00.000,18:05,40.83928,-73.886604,0,0,0,0,4083,-7388,0.26717557251908397
2021-09-26T00:00:00.000,3:10,40.714073,-73.95534,0,0,0,0,4071,-7395,0.36585365853658536
2021-09-25T00:00:00.000,21:00,40.748848,-73.759026,0,0,0,0,4074,-7375,0.16666666666666666
2021-09-26T00:00:00.000,13:24,40.60353,-74.01863,1,0,1,1,4060,-7401,0.30357142857142855
2021-09-19T00:00:00.000,22:40,40.70747,-73.91007,1,0,1,1,4070,-7391,0.27450980392156865
2021-09-22T00:00:00.000,9:30,40.814594,-73.88588,1,0,1,1,4081,-7388,0.25471698113207547
2021-09-26T00:00:00.000,4:05,40.745636,-73.88395,0,0,0,0,4074,-7388,0.2978723404255319
2021-09-26T00:00:00.000,0:00,40.86805,-73.83401,1,0,1,1,4086,-7383,0.3448275862068966
2021-09-26T00:00:00.000,14:31,40.634,-74.097275,0,0,0,0,4063,-7409,0.15384615384615385
2021-12-23T00:00:00.000,11:00,40.718544,-74.00072,3,0,1,1,4071,-7400,0.25517241379310346
2021-09-23T00:00:00.000,19:21,40.774544,-73.78454,0,0,0,0,4077,-7378,0.4444444444444444
2021-09-26T00:00:00.000,17:30,40.739674,-73.934586,0,0,0,0,4073,-7393,0.38461538461538464
2021-09-26T00:00:00.000,16:21,40.865143,-73.83981,0,0,0,0,4086,-7383,0.3448275862068966
2021-09-26T00:00:00.000,15:00,40.684,-73.95031,1,0,1,1,4068,-7395,0.38571428571428573
2021-09-26T00:00:00.000,0:40,40.603863,-73.7561,2,0,1,1,4060,-7375,0.17117117117117117
2021-09-24T00:00:00.000,15:29,40.704853,-73.791664,1,0,1,1,4070,-7379,0.3978494623655914
2021-09-26T00:00:00.000,4:30,40.7433,-73.8675,0,0,0,0,4074,-7386,0.3813559322033898
2021-09-26T00:00:00.000,18:50,40.764355,-73.91131,0,0,0,0,4076,-7391,0.40476190476190477
2021-09-26T00:00:00.000,11:20,40.61226,-74.13605,0,0,0,0,4061,-7413,0.23076923076923078
2021-09-26T00:00:00.000,3:44,40.594585,-73.90858,0,0,0,0,4059,-7390,0.23404255319148937
2021-09-26T00:00:00.000,5:23,40.661835,-73.893105,0,0,0,0,4066,-7389,0.3103448275862069
2021-09-26T00:00:00.000,17:00,40.58388,-73.82305,0,0,0,0,4058,-7382,0.11764705882352941
2021-09-11T00:00:00.000,16:45,40.76121,-73.86723,0,0,0,0,4076,-7386,0.40298507462686567
2021-09-12T00:00:00.000,20:30,40.75349,-73.86359,0,0,0,0,4075,-7386,0.33653846153846156
2021-09-26T00:00:00.000,5:49,40.70404,-73.91358,0,0,0,0,4070,-7391,0.27450980392156865
2021-09-26T00:00:00.000,6:08,40.846878,-73.920616,2,0,1,1,4084,-7392,0.3181818181818182
2021-09-25T00:00:00.000,10:20,40.61054,-74.103455,0,0,0,0,4061,-7410,0.6363636363636364
2021-09-26T00:00:00.000,19:26,40.804066,-73.93267,0,0,0,0,4080,-7393,0.36312849162011174
2021-09-25T00:00:00.000,11:00,40.67246,-73.7595,0,0,0,0,4067,-7375,0.2608695652173913
2021-09-26T00:00:00.000,1:25,40.780148,-73.84603,1,0,1,1,4078,-7384,0.23809523809523808
2021-09-26T00:00:00.000,1:30,40.861862,-73.91275,0,0,0,0,4086,-7391,0.38016528925619836
2021-09-24T00:00:00.000,16:55,40.708782,-73.9123,1,0,1,1,4070,-7391,0.27450980392156865
2021-09-26T00:00:00.000,1:00,40.834915,-73.894135,0,0,0,0,4083,-7389,0.3333333333333333
2021-09-26T00:00:00.000,16:00,40.888878,-73.843216,0,0,0,0,4088,-7384,0.4153846153846154
2021-09-26T00:00:00.000,18:19,40.68297,-73.82824,3,0,1,1,4068,-7382,0.41975308641975306
2021-09-24T00:00:00.000,22:27,40.762383,-73.97229,0,0,0,0,4076,-7397,0.37
2021-09-26T00:00:00.000,0:00,40.63277,-74.09004,0,0,0,0,4063,-7409,0.15384615384615385
2021-09-26T00:00:00.000,19:00,40.701588,-73.98863,0,0,0,0,4070,-7398,0.21568627450980393
2021-09-26T00:00:00.000,2:50,40.67816,-73.897484,0,0,0,0,4067,-7389,0.33852140077821014
2021-09-26T00:00:00.000,7:43,40.720303,-73.732346,1,0,1,1,4072,-7373,0.4642857142857143
2021-09-26T00:00:00.000,6:40,40.763893,-73.96436,0,0,0,0,4076,-7396,0.3023255813953488
2021-12-22T00:00:00.000,19:58,40.871254,-73.84355,1,0,1,1,4087,-7384,0.47297297297297297
2021-09-26T00:00:00.000,16:55,40.818226,-73.916794,1,0,1,1,4081,-7391,0.47244094488188976
2021-09-21T00:00:00.000,6:28,40.61022,-74.09389,0,0,0,0,4061,-7409,0.46153846153846156
2021-09-26T00:00:00.000,18:26,40.653206,-73.94024,1,0,1,1,4065,-7394,0.43137254901960786
2021-09-23T00:00:00.000,12:24,40.838207,-73.93723,0,0,0,0,4083,-7393,0.3333333333333333
2021-09-26T00:00:00.000,0:00,40.673542,-73.86668,0,0,0,0,4067,-7386,0.3431372549019608
2021-09-26T00:00:00.000,0:04,40.67538,-73.9082,0,0,0,0,4067,-7390,0.3282442748091603
2021-09-25T00:00:00.000,2:25,40.716667,-73.95206,1,0,1,1,4071,-7395,0.36585365853658536
2021-09-24T00:00:00.000,17:15,40.828938,-73.84559,0,0,0,0,4082,-7384,0.3835616438356164
2021-09-26T00:00:00.000,5:20,40.702995,-73.86806,0,0,0,0,4070,-7386,0.38235294117647056
2021-09-26T00:00:00.000,15:06,40.71582,-73.80799,2,0,1,1,4071,-7380,0.42105263157894735
2021-09-22T00:00:00.000,19:04,40.810856,-73.939026,0,0,0,0,4081,-7393,0.32432432432432434
2021-09-24T00:00:00.000,7:00,40.697083,-73.83048,0,0,0,0,4069,-7383,0.35555555555555557
2021-09-26T00:00:00.000,13:34,40.650528,-73.95583,1,0,1,1,4065,-7395,0.38686131386861317
2021-09-26T00:00:00.000,13:20,40.698055,-73.7877,0,0,0,0,4069,-7378,0.29310344827586204
2021-09-24T00:00:00.000,14:50,40.651512,-73.93521,3,0,1,1,4065,-7393,0.44366197183098594
2021-09-26T00:00:00.000,21:40,40.793552,-73.945335,0,0,0,0,4079,-7394,0.3523809523809524
2021-09-26T00:00:00.000,0:34,40.856625,-73.8319,1,0,1,1,4085,-7383,0.25
2021-09-26T00:00:00.000,11:40,40.69099,-73.99175,0,0,0,0,4069,-7399,0.29473684210526313
2021-09-26T00:00:00.000,18:30,40.835194,-73.874054,0,0,0,0,4083,-7387,0.38414634146341464
2021-09-26T00:00:00.000,14:15,40.76156,-73.974686,1,0,1,1,4076,-7397,0.37
2021-09-26T00:00:00.000,10:31,40.818974,-73.89145,1,0,1,1,4081,-7389,0.31543624161073824
2021-09-26T00:00:00.000,20:07,40.76065,-73.86713,0,0,0,0,4076,-7386,0.40298507462686567
2021-09-26T00:00:00.000,7:13,40.684845,-73.81338,1,0,1,1,4068,-7381,0.4117647058823529
2021-09-26T00:00:00.000,0:00,40.525227,-74.20962,0,0,0,0,4052,-7420,0.0
2021-09-26T00:00:00.000,4:30,40.636063,-73.96789,0,0,0,0,4063,-7396,0.34615384615384615
2021-09-05T00:00:00.000,3:22,40.61806,-74.151505,1,0,1,1,4061,-7415,0.3333333333333333
2021-09-26T00:00:00.000,20:00,40.601357,-73.99284,1,0,1,1,4060,-7399,0.31683168316831684
2021-09-20T00:00:00.000,18:42,40.707855,-74.00684,1,0,1,1,4070,-7400,0.2542372881355932
2021-09-26T00:00:00.000,9:28,40.73565,-73.856155,1,0,1,1,4073,-7385,0.3619047619047619
2021-09-24T00:00:00.000,14:55,40.684082,-73.90864,1,0,1,1,4068,-7390,0.4421052631578947
2021-09-26T00:00:00.000,8:14,40.71008,-74.01639,1,0,1,1,4071,-7401,0.3181818181818182
2021-09-26T00:00:00.000,3:31,40.644325,-73.95994,0,0,0,0,4064,-7395,0.4796747967479675
2021-09-25T00:00:00.000,20:30,40.683117,-73.987366,1,0,1,1,4068,-7398,0.3873239436619718
2021-09-26T00:00:00.000,14:33,40.753624,-73.96944,1,0,1,1,4075,-7396,0.4788732394366197
2021-09-26T00:00:00.000,22:14,40.70064,-73.93647,1,0,1,1,4070,-7393,0.3300970873786408
2021-09-26T00:00:00.000,15:15,40.706997,-73.96137,0,0,0,0,4070,-7396,0.3431372549019608
2021-09-26T00:00:00.000,12:50,40.742657,-73.846214,0,0,0,0,4074,-7384,0.42857142857142855
2021-09-24T00:00:00.000,12:11,40.70767,-74.00577,0,0,0,0,4070,-7400,0.2542372881355932
2021-09-26T00:00:00.000,22:00,40.836834,-73.94567,0,0,0,0,4083,-7394,0.38926174496644295
2021-09-26T00:00:00.000,0:30,40.66496,-73.82226,0,0,0,0,4066,-7382,0.43103448275862066
2021-09-26T00:00:00.000,2:19,40.674454,-73.82547,0,0,0,0,4067,-7382,0.4186046511627907
2021-09-26T00:00:00.000,17:19,40.618294,-73.98107,0,0,0,0,4061,-7398,0.3698630136986301
2021-09-26T00:00:00.000,10:55,40.777004,-73.91661,0,0,0,0,4077,-7391,0.3157894736842105
2021-09-26T00:00:00.000,2:45,40.686928,-73.98484,1,0,1,1,4068,-7398,0.3873239436619718
2021-09-26T00:00:00.000,12:25,40.702488,-73.98854,0,0,0,0,4070,-7398,0.21568627450980393
2021-09-19T00:00:00.000,16:30,40.748287,-73.99008,0,0,0,0,4074,-7399,0.3333333333333333
2021-09-26T00:00:00.000,8:57,40.830425,-73.86221,0,0,0,0,4083,-7386,0.24822695035460993
2021-09-22T00:00:00.000,14:54,40.724068,-73.988396,0,0,0,0,4072,-7398,0.4342105263157895
2021-09-26T00:00:00.000,18:25,40.84237,-73.78538,0,0,0,0,4084,-7378,0.0
2021-09-26T00:00:00.000,6:57,40.705578,-73.744316,0,0,0,0,4070,-7374,0.3333333333333333
2021-09-24T00:00:00.000,11:45,40.539898,-74.16103,1,0,1,1,4053,-7416,0.25
2021-08-15T00:00:00.000,6:20,40.691433,-73.89063,1,0,1,1,4069,-7389,0.3709677419354839
2021-09-26T00:00:00.000,18:00,40.888454,-73.84197,2,0,1,1,4088,-7384,0.4153846153846154
2021-09-26T00:00:00.000,17:35,40.826275,-73.85971,0,0,0,0,4082,-7385,0.27
2021-09-26T00:00:00.000,20:05,40.748318,-73.87742,1,0,1,1,4074,-7387,0.25663716814159293
2021-09-26T00:00:00.000,13:50,40.856274,-73.89039,0,0,0,0,4085,-7389,0.3353658536585366
2021-09-26T00:00:00.000,16:18,40.609573,-74.12391,0,0,0,0,4060,-7412,0.2608695652173913
2021-09-10T00:00:00.000,16:57,40.69657,-73.95844,0,0,0,0,4069,-7395,0.30952380952380953
2021-09-26T00:00:00.000,0:45,40.729572,-73.83383,0,0,0,0,4072,-7383,0.4909090909090909
2021-09-26T00:00:00.000,0:40,40.852146,-73.91741,0,0,0,0,4085,-7391,0.373134328358209
2021-09-22T00:00:00.000,17:00,40.76721,-73.95867,0,0,0,0,4076,-7395,0.3696969696969697
2021-09-26T00:00:00.000,8:10,40.873222,-73.83747,1,0,1,1,4087,-7383,0.3333333333333333
2021-09-23T00:00:00.000,20:57,40.80884,-73.92889,0,0,0,0,4080,-7392,0.3141025641025641
2021-09-26T00:00:00.000,9:07,40.808437,-73.88682,0,0,0,0,4080,-7388,0.15789473684210525
2021-09-26T00:00:00.000,6:17,40.861862,-73.91275,1,0,1,1,4086,-7391,0.38016528925619836
2021-09-26T00:00:00.000,20:43,40.747833,-73.83301,1,0,1,1,4074,-7383,0.4067796610169492
2021-09-26T00:00:00.000,19:42,40.759617,-73.961975,0,0,0,0,4075,-7396,0.4788732394366197
2021-09-24T00:00:00.000,14:10,40.6997,-73.9055,0,0,0,0,4069,-7390,0.29591836734693877
2021-09-26T00:00:00.000,20:30,40.77204,-73.93224,1,0,1,1,4077,-7393,0.20833333333333334
2021-09-26T00:00:00.000,15:30,40.64295,-73.95356,6,0,1,1,4064,-7395,0.4796747967479675
2021-09-24T00:00:00.000,18:04,40.851936,-73.8885,1,0,1,1,4085,-7388,0.3
2021-09-24T00:00:00.000,0:25,40.836555,-73.94306,0,0,0,0,4083,-7394,0.38926174496644295
2021-09-26T00:00:00.000,17:32,40.683784,-73.769745,0,0,0,0,4068,-7376,0.35714285714285715
2021-09-26T00:00:00.000,18:12,40.88893,-73.83644,1,0,1,1,4088,-7383,0.3448275862068966
2021-09-26T00:00:00.000,6:15,40.691822,-73.80783,0,0,0,0,4069,-7380,0.38461538461538464
2021-09-26T00:00:00.000,19:50,40.666405,-73.802635,1,0,1,1,4066,-7380,0.40789473684210525
2021-09-26T00:00:00.000,1:10,40.641586,-73.95341,0,0,0,0,4064,-7395,0.4796747967479675
2021-09-25T00:00:00.000,19:26,40.88002,-73.84179,0,0,0,0,4088,-7384,0.4153846153846154
2021-09-26T00:00:00.000,7:11,40.66884,-73.89511,0,0,0,0,4066,-7389,0.3103448275862069
2021-09-15T00:00:00.000,19:30,40.818993,-73.82244,0,0,0,0,4081,-7382,0.07142857142857142
2021-09-26T00:00:00.000,1:34,40.66841,-73.90167,0,0,0,0,4066,-7390,0.2777777777777778
2021-09-26T00:00:00.000,14:15,40.814358,-73.94067,1,0,1,1,4081,-7394,0.38
2021-12-17T00:00:00.000,8:45,40.620914,-73.9753,2,0,1,1,4062,-7397,0.38666666666666666
2021-09-26T00:00:00.000,20:50,40.74314,-73.88334,1,0,1,1,4074,-7388,0.2978723404255319
2021-09-26T00:00:00.000,4:00,40.756874,-73.94436,0,0,0,0,4075,-7394,0.41333333333333333
2021-09-26T00:00:00.000,8:18,40.670506,-73.89451,0,0,0,0,4067,-7389,0.33852140077821014
2021-09-26T00:00:00.000,0:15,40.664097,-73.90932,0,0,0,0,4066,-7390,0.2777777777777778
2021-09-26T00:00:00.000,21:10,40.67567,-73.89785,1,0,1,1,4067,-7389,0.33852140077821014
2021-09-15T00:00:00.000,6:58,40.76036,-73.85688,0,0,0,0,4076,-7385,0.2727272727272727
2021-09-26T00:00:00.000,11:00,40.720303,-73.732346,2,0,1,1,4072,-7373,0.4642857142857143
2021-09-26T00:00:00.000,2:23,40.69934,-73.92336,0,0,0,0,4069,-7392,0.3584905660377358
2021-09-26T00:00:00.000,23:27,40.72948,-73.9721,2,0,1,1,4072,-7397,0.3283582089552239
2021-09-25T00:00:00.000,13:20,40.84536,-73.89684,0,0,0,0,4084,-7389,0.33766233766233766
2021-09-26T00:00:00.000,22:30,40.667316,-73.93683,1,0,1,1,4066,-7393,0.38578680203045684
2021-09-24T00:00:00.000,9:20,40.760727,-73.89106,0,0,0,0,4076,-7389,0.35185185185185186
2021-09-26T00:00:00.000,18:39,40.742252,-73.97769,0,0,0,0,4074,-7397,0.4810810810810811
2021-09-26T00:00:00.000,9:52,40.730915,-73.91546,2,0,1,1,4073,-7391,0.33962264150943394
2021-09-26T00:00:00.000,3:42,40.804585,-73.91213,0,0,0,0,4080,-7391,0.38961038961038963
2021-09-26T00:00:00.000,12:15,40.76614,-73.97166,0,0,0,0,4076,-7397,0.37
2021-09-26T00:00:00.000,13:19,40.830624,-73.85206,0,0,0,0,4083,-7385,0.30158730158730157
2021-09-26T00:00:00.000,2:33,40.722355,-73.99327,1,0,1,1,4072,-7399,0.3829787234042553
2021-09-26T00:00:00.000,19:30,40.68039,-73.94956,1,0,1,1,4068,-7394,0.4409448818897638
2021-09-26T00:00:00.000,3:00,40.819195,-73.912506,0,0,0,0,4081,-7391,0.47244094488188976
2021-09-26T00:00:00.000,14:30,40.78015,-73.84511,0,0,0,0,4078,-7384,0.23809523809523808
2021-09-26T00:00:00.000,19:25,40.691456,-73.98735,0,0,0,0,4069,-7398,0.3229166666666667
2021-09-25T00:00:00.000,18:50,40.68121,-73.773,1,0,1,1,4068,-7377,0.3673469387755102
2021-09-26T00:00:00.000,23:40,40.627922,-73.978874,0,0,0,0,4062,-7397,0.38666666666666666
2021-12-22T00:00:00.000,14:00,40.630806,-74.10369,0,0,0,0,4063,-7410,0.4117647058823529
2021-09-25T00:00:00.000,8:00,40.753895,-73.862114,0,0,0,0,4075,-7386,0.33653846153846156
2021-09-23T00:00:00.000,8:00,40.7158,-74.00989,0,0,0,0,4071,-7400,0.25517241379310346
2021-09-26T00:00:00.000,21:45,40.724903,-73.85777,0,0,0,0,4072,-7385,0.4418604651162791
2021-09-17T00:00:00.000,11:30,40.549362,-74.220955,0,0,0,0,4054,-7422,0.2222222222222222
2021-09-26T00:00:00.000,7:29,40.69775,-73.81393,0,0,0,0,4069,-7381,0.3902439024390244
2021-09-26T00:00:00.000,16:00,40.766735,-73.992775,0,0,0,0,4076,-7399,0.3275862068965517
2021-09-26T00:00:00.000,2:34,40.66419,-73.76159,0,0,0,0,4066,-7376,0.30434782608695654
2021-09-25T00:00:00.000,8:51,40.75538,-73.99485,0,0,0,0,4075,-7399,0.2830188679245283
2021-09-26T00:00:00.000,7:25,40.564705,-74.12721,0,0,0,0,4056,-7412,0.2222222222222222
2021-09-26T00:00:00.000,3:57,40.795273,-73.94406,0,0,0,0,4079,-7394,0.3523809523809524
2021-09-20T00:00:00.000,22:40,40.645973,-74.01631,1,0,1,1,4064,-7401,0.4295774647887324
2021-09-26T00:00:00.000,17:20,40.730286,-73.815056,1,0,1,1,4073,-7381,0.3181818181818182
2021-09-26T00:00:00.000,16:45,40.680115,-73.75324,3,0,1,1,4068,-7375,0.3877551020408163
2021-09-26T00:00:00.000,1:16,40.725643,-73.72818,0,0,0,0,4072,-7372,0.3793103448275862
2021-09-24T00:00:00.000,12:30,40.727684,-73.98833,1,0,1,1,4072,-7398,0.4342105263157895
2021-09-26T00:00:00.000,15:15,40.54924,-74.15338,1,0,1,1,4054,-7415,0.3125
2021-09-26T00:00:00.000,14:33,40.859325,-73.93132,0,0,0,0,4085,-7393,0.36585365853658536
2021-09-26T00:00:00.000,9:00,40.75361,-73.78901,0,0,0,0,4075,-7378,0.18518518518518517
2021-09-26T00:00:00.000,19:20,40.758327,-73.98899,0,0,0,0,4075,-7398,0.3170731707317073
2021-09-26T00:00:00.000,21:40,40.74906,-73.870384,1,0,1,1,4074,-7387,0.25663716814159293
2021-09-26T00:00:00.000,15:35,40.79971,-73.94017,0,0,0,0,4079,-7394,0.3523809523809524
2021-09-26T00:00:00.000,16:52,40.878483,-73.86163,1,0,1,1,4087,-7386,0.3142857142857143
2021-09-26T00:00:00.000,19:30,40.721485,-73.86658,0,0,0,0,4072,-7386,0.42424242424242425
2021-09-26T00:00:00.000,16:00,40.761055,-73.98434,0,0,0,0,4076,-7398,0.3081761006289308
2021-09-26T00:00:00.000,17:00,40.652626,-74.00617,1,0,1,1,4065,-7400,0.41509433962264153
2021-09-26T00:00:00.000,19:30,40.676556,-73.860756,0,0,0,0,4067,-7386,0.3431372549019608
2021-09-24T00:00:00.000,15:15,40.736355,-73.84877,1,0,1,1,4073,-7384,0.2682926829268293
2021-09-26T00:00:00.000,1:00,40.667076,-73.78266,0,0,0,0,4066,-7378,0.34615384615384615
2021-09-23T00:00:00.000,21:00,40.74677,-73.73009,0,0,0,0,4074,-7373,0.4
2021-09-18T00:00:00.000,1:33,40.69383,-73.758156,0,0,0,0,4069,-7375,0.3584905660377358
2021-09-26T00:00:00.000,18:30,40.77936,-73.97737,0,0,0,0,4077,-7397,0.38235294117647056
2021-09-26T00:00:00.000,2:18,40.689102,-73.93194,0,0,0,0,4068,-7393,0.3619047619047619
2021-09-26T00:00:00.000,19:45,40.825115,-73.92541,0,0,0,0,4082,-7392,0.3333333333333333
2021-09-25T00:00:00.000,18:20,40.841805,-73.93552,0,0,0,0,4084,-7393,0.32786885245901637
2021-09-26T00:00:00.000,23:43,40.650345,-73.966,0,0,0,0,4065,-7396,0.3939393939393939
2021-12-20T00:00:00.000,20:00,40.83354,-73.89631,1,0,1,1,4083,-7389,0.3333333333333333
2021-12-23T00:00:00.000,8:45,40.694534,-73.74783,0,0,0,0,4069,-7374,0.46774193548387094
2021-12-23T00:00:00.000,7:40,40.68783,-73.93004,0,0,0,0,4068,-7393,0.3619047619047619
2021-12-22T00:00:00.000,22:50,40.858788,-73.92291,2,0,1,1,4085,-7392,0.22
2021-12-23T00:00:00.000,6:32,40.881,-73.86254,0,0,0,0,4088,-7386,0.23809523809523808
2021-11-26T00:00:00.000,0:19,40.820965,-73.939575,0,0,0,0,4082,-7393,0.36645962732919257
2021-12-16T00:00:00.000,17:55,40.57982,-73.95449,1,0,1,1,4057,-7395,0.47368421052631576
2021-12-22T00:00:00.000,2:40,40.70154,-73.93837,1,0,1,1,4070,-7393,0.3300970873786408
2021-12-23T00:00:00.000,8:30,40.716114,-73.824905,0,0,0,0,4071,-7382,0.379746835443038
2021-05-20T00:00:00.000,5:30,40.665142,-73.99669,0,0,0,0,4066,-7399,0.40540540540540543
2021-12-11T00:00:00.000,2:10,40.76663,-73.88903,0,0,0,0,4076,-7388,0.43283582089552236
2021-12-22T00:00:00.000,13:00,40.868095,-73.83383,0,0,0,0,4086,-7383,0.3448275862068966
2021-12-21T00:00:00.000,14:00,40.647106,-73.89927,0,0,0,0,4064,-7389,0.43478260869565216
2021-12-23T00:00:00.000,8:34,40.606842,-74.0155,1,0,1,1,4060,-7401,0.30357142857142855
2021-12-10T00:00:00.000,1:18,40.711285,-73.90618,1,0,1,1,4071,-7390,0.4
2021-12-22T00:00:00.000,14:00,40.70381,-73.820145,0,0,0,0,4070,-7382,0.4166666666666667
2021-12-18T00:00:00.000,1:15,40.89134,-73.84688,0,0,0,0,4089,-7384,0.3333333333333333
2021-12-18T00:00:00.000,15:30,40.75254,-73.85261,0,0,0,0,4075,-7385,0.3048780487804878
2021-12-24T00:00:00.000,14:55,40.819508,-73.88683,0,0,0,0,4081,-7388,0.25471698113207547
2021-12-22T00:00:00.000,18:48,40.734875,-73.88212,1,0,1,1,4073,-7388,0.2777777777777778
2021-12-23T00:00:00.000,15:14,40.742657,-73.846214,1,0,1,1,4074,-7384,0.42857142857142855
2021-12-19T00:00:00.000,13:10,40.830067,-73.92915,1,0,1,1,4083,-7392,0.310126582278481
2021-12-23T00:00:00.000,20:00,40.691227,-73.98214,0,0,0,0,4069,-7398,0.3229166666666667
2021-12-22T00:00:00.000,10:20,40.718792,-73.98902,0,0,0,0,4071,-7398,0.39568345323741005
2021-12-22T00:00:00.000,19:45,40.85447,-73.91008,1,0,1,1,4085,-7391,0.373134328358209
2021-12-23T00:00:00.000,10:47,40.87637,-73.84846,1,0,1,1,4087,-7384,0.47297297297297297
2021-12-23T00:00:00.000,22:00,40.81294,-73.802055,0,0,0,0,4081,-7380,0.1111111111111111
2021-12-22T00:00:00.000,18:45,40.73567,-73.78423,0,0,0,0,4073,-7378,0.391304347826087
2021-12-24T00:00:00.000,0:40,40.64495,-73.9249,3,0,1,1,4064,-7392,0.4077669902912621
2021-12-23T00:00:00.000,10:30,40.805557,-73.91453,1,0,1,1,4080,-7391,0.38961038961038963
2021-12-22T00:00:00.000,14:44,40.6496,-73.96792,2,0,1,1,4064,-7396,0.4714285714285714
2021-12-14T00:00:00.000,9:55,40.713345,-73.96017,0,0,0,0,4071,-7396,0.3218390804597701
2021-12-24T00:00:00.000,15:00,40.67875,-73.8205,0,0,0,0,4067,-7382,0.4186046511627907
2021-12-24T00:00:00.000,23:07,40.647106,-73.89927,0,0,0,0,4064,-7389,0.43478260869565216
2021-12-19T00:00:00.000,19:00,40.838364,-73.9438,0,0,0,0,4083,-7394,0.38926174496644295
2021-12-24T00:00:00.000,6:05,40.67024,-73.907005,1,0,1,1,4067,-7390,0.3282442748091603
2021-12-22T00:00:00.000,23:15,40.835484,-73.9494,0,0,0,0,4083,-7394,0.38926174496644295
2021-09-27T00:00:00.000,2:36,40.58501,-73.954575,2,0,1,1,4058,-7395,0.3465346534653465
2021-12-24T00:00:00.000,12:00,40.583782,-73.959984,0,0,0,0,4058,-7395,0.3465346534653465
2021-12-23T00:00:00.000,10:45,40.551254,-74.13457,0,0,0,0,4055,-7413,0.2777777777777778
2021-12-24T00:00:00.000,0:00,40.83209,-73.8898,1,0,1,1,4083,-7388,0.26717557251908397
2021-12-15T00:00:00.000,18:45,40.656097,-73.929855,1,0,1,1,4065,-7392,0.35555555555555557
2021-12-23T00:00:00.000,0:00,40.67189,-73.895874,1,0,1,1,4067,-7389,0.33852140077821014
2021-12-24T00:00:00.000,3:20,40.675186,-73.81554,0,0,0,0,4067,-7381,0.4230769230769231
2021-12-22T00:00:00.000,14:50,40.709484,-73.94861,0,0,0,0,4070,-7394,0.3956043956043956
2021-12-24T00:00:00.000,15:00,40.735497,-73.869705,0,0,0,0,4073,-7386,0.3464566929133858
2021-12-16T00:00:00.000,12:00,40.73934,-73.98433,0,0,0,0,4073,-7398,0.36942675159235666
2021-12-11T00:00:00.000,12:00,40.694542,-73.93691,0,0,0,0,4069,-7393,0.3141025641025641
2021-12-22T00:00:00.000,9:20,40.670776,-73.84788,0,0,0,0,4067,-7384,0.28888888888888886
2021-12-24T00:00:00.000,3:16,40.646378,-73.97085,0,0,0,0,4064,-7397,0.4095238095238095
2021-12-23T00:00:00.000,16:10,40.73261,-73.8686,1,0,1,1,4073,-7386,0.3464566929133858
2021-12-23T00:00:00.000,9:35,40.717285,-73.792274,1,0,1,1,4071,-7379,0.3888888888888889
2021-12-22T00:00:00.000,1:05,40.69383,-73.758156,2,0,1,1,4069,-7375,0.3584905660377358
2021-12-22T00:00:00.000,6:35,40.692528,-73.79096,1,0,1,1,4069,-7379,0.25925925925925924
2021-12-23T00:00:00.000,10:30,40.601593,-73.97437,1,0,1,1,4060,-7397,0.3469387755102041
2021-12-22T00:00:00.000,13:27,40.611008,-73.995186,0,0,0,0,4061,-7399,0.29411764705882354
2021-12-24T00:00:00.000,21:30,40.87016,-73.89099,1,0,1,1,4087,-7389,0.3333333333333333
2021-12-19T00:00:00.000,13:00,40.67619,-73.9081,0,0,0,0,4067,-7390,0.3282442748091603
2021-12-22T00:00:00.000,15:55,40.57274,-74.13847,0,0,0,0,4057,-7413,0.125
2021-12-22T00:00:00.000,11:15,40.689224,-73.93094,1,0,1,1,4068,-7393,0.3619047619047619
2021-12-23T00:00:00.000,0:20,40.73817,-73.97761,2,0,1,1,4073,-7397,0.32558139534883723
2021-12-24T00:00:00.000,4:30,40.76351,-73.92413,0,0,0,0,4076,-7392,0.42105263157894735
2021-05-20T00:00:00.000,17:18,40.743954,-73.87423,1,0,1,1,4074,-7387,0.25663716814159293
2021-12-23T00:00:00.000,13:37,40.604137,-73.95126,1,0,1,1,4060,-7395,0.4791666666666667
2021-12-22T00:00:00.000,6:13,40.60455,-73.94752,1,0,1,1,4060,-7394,0.5217391304347826
2021-12-22T00:00:00.000,0:20,40.711323,-73.94725,1,0,1,1,4071,-7394,0.3710691823899371
2021-12-22T00:00:00.000,18:00,40.766403,-73.8153,0,0,0,0,4076,-7381,0.4716981132075472
2021-12-23T00:00:00.000,13:15,40.681118,-73.96443,0,0,0,0,4068,-7396,0.42567567567567566
2021-12-23T00:00:00.000,11:34,40.68305,-73.97377,0,0,0,0,4068,-7397,0.3412322274881517
2021-12-23T00:00:00.000,11:00,40.62822,-73.98108,0,0,0,0,4062,-7398,0.38
2021-12-24T00:00:00.000,9:05,40.769188,-73.837296,0,0,0,0,4076,-7383,0.33695652173913043
2021-12-23T00:00:00.000,9:57,40.667076,-73.78266,0,0,0,0,4066,-7378,0.34615384615384615
2021-12-22T00:00:00.000,20:00,40.64507,-73.95803,1,0,1,1,4064,-7395,0.4796747967479675
2021-12-22T00:00:00.000,6:43,40.850742,-73.83478,0,0,0,0,4085,-7383,0.25
2021-12-24T00:00:00.000,15:35,40.604694,-74.02583,2,0,1,1,4060,-7402,0.42105263157894735
2021-12-24T00:00:00.000,17:52,40.642597,-73.94291,1,0,1,1,4064,-7394,0.42342342342342343
2021-12-23T00:00:00.000,19:20,40.680183,-73.8459,0,0,0,0,4068,-7384,0.3333333333333333
2021-12-23T00:00:00.000,16:45,40.6864,-73.9685,0,0,0,0,4068,-7396,0.42567567567567566
2021-12-24T00:00:00.000,20:00,40.63097,-74.12953,0,0,0,0,4063,-7412,0.36363636363636365
2021-12-23T00:00:00.000,19:50,40.704422,-73.792854,1,0,1,1,4070,-7379,0.3978494623655914
2021-12-20T00:00:00.000,12:40,40.760532,-73.95836,0,0,0,0,4076,-7395,0.3696969696969697
2021-12-23T00:00:00.000,23:59,40.619003,-74.01596,1,0,1,1,4061,-7401,0.2972972972972973
2021-12-21T00:00:00.000,15:00,40.734924,-73.94317,1,0,1,1,4073,-7394,0.5
2021-12-20T00:00:00.000,9:00,40.673996,-73.90408,0,0,0,0,4067,-7390,0.3282442748091603
2021-12-23T00:00:00.000,14:33,40.727753,-73.95725,0,0,0,0,4072,-7395,0.22093023255813954
2021-12-24T00:00:00.000,19:33,40.69613,-73.987114,1,0,1,1,4069,-7398,0.3229166666666667
2021-12-23T00:00:00.000,16:00,40.744644,-73.77041,0,0,0,0,4074,-7377,0.36363636363636365
2021-12-23T00:00:00.000,4:20,40.76036,-73.85688,0,0,0,0,4076,-7385,0.2727272727272727
2021-12-22T00:00:00.000,10:34,40.681347,-73.86865,0,0,0,0,4068,-7386,0.423728813559322
2021-12-22T00:00:00.000,12:07,40.76902,-73.98621,0,0,0,0,4076,-7398,0.3081761006289308
2021-12-22T00:00:00.000,12:00,40.66786,-73.76656,0,0,0,0,4066,-7376,0.30434782608695654
2021-12-23T00:00:00.000,10:25,40.885216,-73.87937,0,0,0,0,4088,-7387,0.14583333333333334
2021-12-22T00:00:00.000,12:00,40.66585,-73.88392,0,0,0,0,4066,-7388,0.37012987012987014
2021-12-22T00:00:00.000,19:00,40.60555,-73.75629,1,0,1,1,4060,-7375,0.17117117117117117
2021-12-23T00:00:00.000,14:00,40.71111,-73.831375,0,0,0,0,4071,-7383,0.37349397590361444
2021-12-22T00:00:00.000,6:42,40.651352,-73.89275,1,0,1,1,4065,-7389,0.34965034965034963
2021-12-21T00:00:00.000,16:40,40.638134,-74.078064,0,0,0,0,4063,-7407,0.4444444444444444
2021-12-22T00:00:00.000,11:00,40.76049,-73.767525,0,0,0,0,4076,-7376,0.21739130434782608
2021-12-23T00:00:00.000,8:00,40.6785,-73.821365,0,0,0,0,4067,-7382,0.4186046511627907
2021-12-22T00:00:00.000,4:57,40.829548,-73.87449,0,0,0,0,4082,-7387,0.33544303797468356
2021-12-24T00:00:00.000,19:45,40.69945,-73.92283,0,0,0,0,4069,-7392,0.3584905660377358
2021-12-22T00:00:00.000,15:11,40.601734,-73.935036,1,0,1,1,4060,-7393,0.4117647058823529
2021-12-23T00:00:00.000,19:59,40.68605,-73.831726,2,0,1,1,4068,-7383,0.45454545454545453
2021-12-23T00:00:00.000,13:22,40.726433,-73.88945,0,0,0,0,4072,-7388,0.4
2021-12-23T00:00:00.000,18:00,40.62981,-74.07468,2,0,1,1,4062,-7407,0.35714285714285715
2021-12-21T00:00:00.000,8:10,40.65249,-73.92179,0,0,0,0,4065,-7392,0.35555555555555557
2022-07-01T00:00:00.000,9:08,40.717075,-74.006256,0,0,0,0,4071,-7400,0.25517241379310346
2021-12-24T00:00:00.000,2:38,40.738213,-73.80107,1,0,1,1,4073,-7380,0.34285714285714286
2021-12-24T00:00:00.000,8:40,40.847385,-73.88948,0,0,0,0,4084,-7388,0.390625
2021-12-22T00:00:00.000,19:36,40.8617,-73.89139,0,0,0,0,4086,-7389,0.40606060606060607
2021-12-23T00:00:00.000,22:00,40.785927,-73.818405,0,0,0,0,4078,-7381,0.22580645161290322
2021-12-22T00:00:00.000,8:25,40.685368,-73.9109,1,0,1,1,4068,-7391,0.344
2021-12-22T00:00:00.000,12:48,40.75425,-73.827835,1,0,1,1,4075,-7382,0.4915254237288136
2021-12-22T00:00:00.000,12:00,40.71218,-73.99929,0,0,0,0,4071,-7399,0.3263157894736842
2021-12-22T00:00:00.000,22:00,40.613205,-74.062645,0,0,0,0,4061,-7406,0.2
2021-12-24T00:00:00.000,17:35,40.854496,-73.88543,1,0,1,1,4085,-7388,0.3
2021-12-23T00:00:00.000,7:15,40.620533,-74.07727,2,0,1,1,4062,-7407,0.35714285714285715
2021-12-23T00:00:00.000,15:05,40.628685,-74.02131,0,0,0,0,4062,-7402,0.3625
2021-12-22T00:00:00.000,17:55,40.718204,-73.98838,0,0,0,0,4071,-7398,0.39568345323741005
2021-12-23T00:00:00.000,0:32,40.85668,-73.90811,0,0,0,0,4085,-7390,0.42207792207792205
2021-12-23T00:00:00.000,8:55,40.732323,-73.95461,0,0,0,0,4073,-7395,0.30434782608695654
2021-12-22T00:00:00.000,20:21,40.619053,-73.98233,0,0,0,0,4061,-7398,0.3698630136986301
2021-12-24T00:00:00.000,21:20,40.652714,-73.93048,2,0,1,1,4065,-7393,0.44366197183098594
2021-12-23T00:00:00.000,6:07,40.81772,-73.90243,1,0,1,1,4081,-7390,0.3888888888888889
2021-12-22T00:00:00.000,10:45,40.656685,-73.90454,0,0,0,0,4065,-7390,0.375
2021-12-22T00:00:00.000,15:31,40.716965,-73.949005,2,0,1,1,4071,-7394,0.3710691823899371
2021-12-23T00:00:00.000,1:24,40.848667,-73.939186,1,0,1,1,4084,-7393,0.32786885245901637
2021-12-22T00:00:00.000,16:59,40.75367,-73.873665,0,0,0,0,4075,-7387,0.33884297520661155
2021-12-24T00:00:00.000,8:52,40.763588,-73.97142,1,0,1,1,4076,-7397,0.37
2021-12-22T00:00:00.000,5:34,40.85396,-73.90944,0,0,0,0,4085,-7390,0.42207792207792205
2021-12-23T00:00:00.000,19:45,40.797,-73.93778,1,0,1,1,4079,-7393,0.36585365853658536
2021-12-23T00:00:00.000,12:25,40.699776,-73.98264,0,0,0,0,4069,-7398,0.3229166666666667
2021-12-18T00:00:00.000,17:47,40.626556,-74.0916,0,0,0,0,4062,-7409,0.3333333333333333
2021-12-23T00:00:00.000,14:43,40.683094,-73.80576,0,0,0,0,4068,-7380,0.3829787234042553
2021-12-24T00:00:00.000,5:50,40.89341,-73.85737,1,0,1,1,4089,-7385,0.3813559322033898
2021-12-23T00:00:00.000,4:10,40.692127,-73.83484,0,0,0,0,4069,-7383,0.35555555555555557
2021-12-24T00:00:00.000,20:56,40.713974,-73.953094,1,0,1,1,4071,-7395,0.36585365853658536
2021-12-22T00:00:00.000,12:17,40.8037,-73.93582,0,0,0,0,4080,-7393,0.36312849162011174
2021-12-24T00:00:00.000,11:25,40.719124,-73.791405,0,0,0,0,4071,-7379,0.3888888888888889
2021-12-23T00:00:00.000,11:03,40.692,-73.92646,0,0,0,0,4069,-7392,0.3584905660377358
2021-12-23T00:00:00.000,11:55,40.587437,-73.95908,1,0,1,1,4058,-7395,0.3465346534653465
2021-12-23T00:00:00.000,9:43,40.764362,-73.96162,1,0,1,1,4076,-7396,0.3023255813953488
2021-12-20T00:00:00.000,22:00,40.67392,-73.813065,0,0,0,0,4067,-7381,0.4230769230769231
2021-12-20T00:00:00.000,19:45,40.60915,-74.14987,3,0,1,1,4060,-7414,0.4074074074074074
2021-12-24T00:00:00.000,1:50,40.65217,-73.96141,1,0,1,1,4065,-7396,0.3939393939393939
2021-12-22T00:00:00.000,17:20,40.583534,-73.984184,1,0,1,1,4058,-7398,0.4
2021-12-22T00:00:00.000,11:20,40.745235,-73.937706,2,0,1,1,4074,-7393,0.3333333333333333
2021-12-24T00:00:00.000,20:21,40.822712,-73.903145,1,0,1,1,4082,-7390,0.3025210084033613
2021-12-24T00:00:00.000,9:15,40.694107,-73.89737,3,0,1,1,4069,-7389,0.3709677419354839
2021-12-23T00:00:00.000,4:10,40.702454,-73.859406,0,0,0,0,4070,-7385,0.39436619718309857
2021-12-24T00:00:00.000,6:15,40.66895,-73.9339,1,0,1,1,4066,-7393,0.38578680203045684
2021-12-23T00:00:00.000,9:28,40.7615,-73.997826,2,0,1,1,4076,-7399,0.3275862068965517
2021-12-22T00:00:00.000,17:53,40.80694,-73.91376,2,0,1,1,4080,-7391,0.38961038961038963
2021-12-24T00:00:00.000,17:20,40.824493,-73.91256,0,0,0,0,4082,-7391,0.3355263157894737
2021-12-22T00:00:00.000,16:00,40.8283,-73.88296,0,0,0,0,4082,-7388,0.27624309392265195
2021-12-22T00:00:00.000,13:18,40.842678,-73.899376,0,0,0,0,4084,-7389,0.33766233766233766
2021-12-24T00:00:00.000,18:08,40.753735,-73.86025,0,0,0,0,4075,-7386,0.33653846153846156
2021-12-22T00:00:00.000,7:00,40.753647,-73.7444,0,0,0,0,4075,-7374,0.3333333333333333
2021-12-23T00:00:00.000,13:00,40.745728,-73.97813,1,0,1,1,4074,-7397,0.4810810810810811
2021-12-23T00:00:00.000,12:45,40.75218,-73.88097,0,0,0,0,4075,-7388,0.3402061855670103
2021-12-23T00:00:00.000,14:53,40.66626,-73.88679,0,0,0,0,4066,-7388,0.37012987012987014
2021-12-24T00:00:00.000,16:00,40.64759,-74.01142,1,0,1,1,4064,-7401,0.4295774647887324
2021-12-22T00:00:00.000,18:15,40.741863,-73.90751,0,0,0,0,4074,-7390,0.40625
2021-12-19T00:00:00.000,17:45,40.612007,-74.00889,0,0,0,0,4061,-7400,0.3076923076923077
2021-12-22T00:00:00.000,1:33,40.60965,-73.95624,0,0,0,0,4060,-7395,0.4791666666666667
2021-12-22T00:00:00.000,23:00,40.666573,-73.78632,0,0,0,0,4066,-7378,0.34615384615384615
2021-12-23T00:00:00.000,17:08,40.68087,-73.97515,0,0,0,0,4068,-7397,0.3412322274881517
2021-09-27T00:00:00.000,20:12,40.70891,-73.87005,0,0,0,0,4070,-7387,0.24324324324324326
2021-12-24T00:00:00.000,20:45,40.771477,-73.8173,0,0,0,0,4077,-7381,0.3157894736842105
2021-12-22T00:00:00.000,11:10,40.72537,-73.82366,1,0,1,1,4072,-7382,0.45454545454545453
2021-12-09T00:00:00.000,9:30,40.69051,-73.926384,0,0,0,0,4069,-7392,0.3584905660377358
2021-12-24T00:00:00.000,15:45,40.704494,-73.81743,1,0,1,1,4070,-7381,0.3194444444444444
2021-12-22T00:00:00.000,23:55,40.70166,-73.961464,0,0,0,0,4070,-7396,0.3431372549019608
2021-12-18T00:00:00.000,11:00,40.881916,-73.83029,0,0,0,0,4088,-7383,0.3448275862068966
2021-12-23T00:00:00.000,11:50,40.668102,-73.980576,3,0,1,1,4066,-7398,0.421875
2021-12-23T00:00:00.000,3:00,40.775856,-73.76687,0,0,0,0,4077,-7376,0.125
2021-12-22T00:00:00.000,12:49,40.762104,-73.960144,0,0,0,0,4076,-7396,0.3023255813953488
2021-12-23T00:00:00.000,11:47,40.729973,-73.88853,1,0,1,1,4072,-7388,0.4
2021-12-24T00:00:00.000,18:45,40.638527,-73.87853,6,0,1,1,4063,-7387,0.375
2021-12-23T00:00:00.000,23:15,40.756447,-73.856865,0,0,0,0,4075,-7385,0.3048780487804878
2021-12-24T00:00:00.000,18:30,40.815804,-73.885864,0,0,0,0,4081,-7388,0.25471698113207547
2021-12-24T00:00:00.000,18:41,40.58038,-73.967606,0,0,0,0,4058,-7396,0.37333333333333335
2021-12-22T00:00:00.000,17:28,40.832916,-73.92939,1,0,1,1,4083,-7392,0.310126582278481
2021-12-23T00:00:00.000,19:15,40.751064,-73.87055,0,0,0,0,4075,-7387,0.33884297520661155
2021-12-23T00:00:00.000,17:59,40.65519,-73.95006,0,0,0,0,4065,-7395,0.38686131386861317
2021-12-21T00:00:00.000,16:00,40.63665,-73.96805,1,0,1,1,4063,-7396,0.34615384615384615
2021-12-22T00:00:00.000,17:20,40.594143,-73.95857,0,0,0,0,4059,-7395,0.3181818181818182
2021-12-24T00:00:00.000,15:20,40.889297,-73.82135,0,0,0,0,4088,-7382,0.2765957446808511
2021-12-23T00:00:00.000,20:00,40.74081,-73.8989,0,0,0,0,4074,-7389,0.3203125
2021-12-17T00:00:00.000,7:30,40.707333,-73.90336,0,0,0,0,4070,-7390,0.37894736842105264
2021-12-22T00:00:00.000,19:20,40.553192,-74.164345,1,0,1,1,4055,-7416,0.5416666666666666
2021-12-22T00:00:00.000,22:28,40.663296,-73.88979,3,0,1,1,4066,-7388,0.37012987012987014
2021-12-24T00:00:00.000,13:12,40.804005,-73.93652,1,0,1,1,4080,-7393,0.36312849162011174
2021-12-17T00:00:00.000,6:40,40.741104,-73.85382,1,0,1,1,4074,-7385,0.35526315789473684
2021-12-22T00:00:00.000,7:48,40.767498,-73.83302,1,0,1,1,4076,-7383,0.33695652173913043
2022-02-19T00:00:00.000,8:06,40.70694,-74.01353,0,0,0,0,4070,-7401,0.140625
2021-12-20T00:00:00.000,8:50,40.66796,-73.77155,1,0,1,1,4066,-7377,0.37362637362637363
2021-12-21T00:00:00.000,12:13,40.762802,-73.965675,0,0,0,0,4076,-7396,0.3023255813953488
2021-12-24T00:00:00.000,21:50,40.64076,-73.97502,0,0,0,0,4064,-7397,0.4095238095238095
2021-12-22T00:00:00.000,18:10,40.71588,-73.74603,0,0,0,0,4071,-7374,0.23404255319148937
2021-12-23T00:00:00.000,12:00,40.81187,-73.88813,0,0,0,0,4081,-7388,0.25471698113207547
2021-12-23T00:00:00.000,17:30,40.66326,-73.99512,0,0,0,0,4066,-7399,0.40540540540540543
2021-10-17T00:00:00.000,16:50,40.579803,-73.97184,0,0,0,0,4057,-7397,0.2619047619047619
2021-12-24T00:00:00.000,7:00,40.68699,-73.802185,0,0,0,0,4068,-7380,0.3829787234042553
2021-12-23T00:00:00.000,9:15,40.70431,-73.955086,0,0,0,0,4070,-7395,0.3475177304964539
2021-12-23T00:00:00.000,11:52,40.718704,-73.98526,0,0,0,0,4071,-7398,0.39568345323741005
2021-12-22T00:00:00.000,8:28,40.816532,-73.92822,2,0,1,1,4081,-7392,0.4714285714285714
2021-12-23T00:00:00.000,16:00,40.76306,-73.90236,0,0,0,0,4076,-7390,0.3055555555555556
2021-12-23T00:00:00.000,23:37,40.674557,-73.859604,0,0,0,0,4067,-7385,0.26666666666666666
2021-12-23T00:00:00.000,22:50,40.629597,-74.00136,0,0,0,0,4062,-7400,0.3150684931506849
2021-12-22T00:00:00.000,10:45,40.856323,-73.883896,2,0,1,1,4085,-7388,0.3
2021-12-12T00:00:00.000,21:35,40.75866,-73.98715,0,0,0,0,4075,-7398,0.3170731707317073
2021-12-24T00:00:00.000,16:00,40.6752,-73.950005,0,0,0,0,4067,-7395,0.3695652173913043
2021-12-24T00:00:00.000,9:00,40.85688,-73.89387,0,0,0,0,4085,-7389,0.3353658536585366
2021-12-23T00:00:00.000,17:55,40.68435,-73.84568,0,0,0,0,4068,-7384,0.3333333333333333
2021-12-23T00:00:00.000,14:30,40.758995,-73.87459,1,0,1,1,4075,-7387,0.33884297520661155
2021-12-24T00:00:00.000,23:00,40.886513,-73.85378,0,0,0,0,4088,-7385,0.36619718309859156
2021-12-23T00:00:00.000,12:23,40.738686,-73.99588,0,0,0,0,4073,-7399,0.423728813559322
2021-12-23T00:00:00.000,21:10,40.702614,-73.96058,3,0,1,1,4070,-7396,0.3431372549019608
2021-12-23T00:00:00.000,7:15,40.576504,-74.1037,1,0,1,1,4057,-7410,0.3877551020408163
2021-12-17T00:00:00.000,7:45,40.66851,-73.76626,0,0,0,0,4066,-7376,0.30434782608695654
2021-12-23T00:00:00.000,22:20,40.678783,-73.74412,0,0,0,0,4067,-7374,0.2619047619047619
2021-12-23T00:00:00.000,6:47,40.877815,-73.868126,1,0,1,1,4087,-7386,0.3142857142857143
2021-12-22T00:00:00.000,2:15,40.842922,-73.90957,0,0,0,0,4084,-7390,0.366120218579235
2021-12-23T00:00:00.000,15:34,40.76394,-73.828156,0,0,0,0,4076,-7382,0.2987012987012987
2021-12-23T00:00:00.000,7:30,40.78515,-73.94063,1,0,1,1,4078,-7394,0.33513513513513515
2022-06-21T00:00:00.000,13:20,40.647675,-74.014595,0,0,0,0,4064,-7401,0.4295774647887324
2021-12-23T00:00:00.000,18:13,40.614,-73.9161,1,0,1,1,4061,-7391,0.358974358974359
2021-12-22T00:00:00.000,14:25,40.766552,-73.77255,1,0,1,1,4076,-7377,0.20588235294117646
2021-12-20T00:00:00.000,15:33,40.72545,-73.892654,0,0,0,0,4072,-7389,0.41379310344827586
2021-12-23T00:00:00.000,9:00,40.707714,-73.802795,0,0,0,0,4070,-7380,0.3877551020408163
2021-12-22T00:00:00.000,8:00,40.818336,-73.934265,1,0,1,1,4081,-7393,0.32432432432432434
2021-12-23T00:00:00.000,15:15,40.870014,-73.832436,1,0,1,1,4087,-7383,0.3333333333333333
2021-12-24T00:00:00.000,13:33,40.82406,-73.92815,0,0,0,0,4082,-7392,0.3333333333333333
2021-12-23T00:00:00.000,15:54,40.859623,-73.88747,0,0,0,0,4085,-7388,0.3
2021-12-24T00:00:00.000,13:30,40.797215,-73.969925,0,0,0,0,4079,-7396,0.25
2021-12-21T00:00:00.000,6:40,40.843124,-73.89796,0,0,0,0,4084,-7389,0.33766233766233766
2021-12-23T00:00:00.000,15:00,40.734756,-73.80025,0,0,0,0,4073,-7380,0.34285714285714286
2021-12-22T00:00:00.000,11:00,40.75437,-73.97815,0,0,0,0,4075,-7397,0.375886524822695
2021-12-23T00:00:00.000,8:20,40.596256,-73.76684,0,0,0,0,4059,-7376,0.23809523809523808
2021-12-22T00:00:00.000,23:30,40.63145,-73.887085,3,0,1,1,4063,-7388,0.3835616438356164
2021-12-19T00:00:00.000,20:00,40.83354,-73.89631,0,0,0,0,4083,-7389,0.3333333333333333
2021-12-23T00:00:00.000,20:45,40.707664,-73.78772,2,0,1,1,4070,-7378,0.34523809523809523
2021-12-24T00:00:00.000,12:10,40.695065,-73.73988,1,0,1,1,4069,-7373,0.36585365853658536
2021-12-23T00:00:00.000,16:25,40.7033,-73.99206,0,0,0,0,4070,-7399,0.21052631578947367
2021-12-23T00:00:00.000,16:25,40.682278,-73.9226,0,0,0,0,4068,-7392,0.2542372881355932
2021-12-23T00:00:00.000,10:15,40.71443,-73.83315,0,0,0,0,4071,-7383,0.37349397590361444
2021-12-20T00:00:00.000,1:10,40.715904,-73.990906,0,0,0,0,4071,-7399,0.3263157894736842
2021-12-22T00:00:00.000,19:00,40.807434,-73.92619,0,0,0,0,4080,-7392,0.3141025641025641
2021-12-24T00:00:00.000,15:55,40.63604,-73.96225,1,0,1,1,4063,-7396,0.34615384615384615
2021-12-21T00:00:00.000,17:45,40.623722,-73.97463,1,0,1,1,4062,-7397,0.38666666666666666
2021-12-23T00:00:00.000,0:00,40.828243,-73.832146,1,0,1,1,4082,-7383,0.34210526315789475
2021-12-23T00:00:00.000,0:50,40.85059,-73.851616,0,0,0,0,4085,-7385,0.3125
2021-12-23T00:00:00.000,19:31,40.636448,-73.94513,1,0,1,1,4063,-7394,0.358974358974359
2021-12-23T00:00:00.000,18:30,40.671585,-73.99843,0,0,0,0,4067,-7399,0.3258426966292135
2021-12-23T00:00:00.000,7:47,40.618225,-74.03022,1,0,1,1,4061,-7403,0.2777777777777778
2021-12-22T00:00:00.000,19:50,40.684494,-73.86169,1,0,1,1,4068,-7386,0.423728813559322
2021-12-22T00:00:00.000,8:40,40.598553,-73.997345,0,0,0,0,4059,-7399,0.3076923076923077
2021-12-23T00:00:00.000,13:05,40.669262,-73.91356,1,0,1,1,4066,-7391,0.3630952380952381
2021-12-24T00:00:00.000,19:28,40.818558,-73.92732,0,0,0,0,4081,-7392,0.4714285714285714
2021-12-24T00:00:00.000,20:15,40.631897,-73.943665,0,0,0,0,4063,-7394,0.358974358974359
2021-12-23T00:00:00.000,9:15,40.646446,-74.07884,1,0,1,1,4064,-7407,0.2222222222222222
2021-12-22T00:00:00.000,18:30,40.71746,-73.74341,0,0,0,0,4071,-7374,0.23404255319148937
2021-12-20T00:00:00.000,0:00,40.839176,-73.94114,0,0,0,0,4083,-7394,0.38926174496644295
2021-12-23T00:00:00.000,15:50,40.736237,-73.9772,1,0,1,1,4073,-7397,0.32558139534883723
2021-12-22T00:00:00.000,0:18,40.64495,-73.9249,0,0,0,0,4064,-7392,0.4077669902912621
2021-12-23T00:00:00.000,20:00,40.670776,-73.84788,2,0,1,1,4067,-7384,0.28888888888888886
2021-12-23T00:00:00.000,20:52,40.819313,-73.901245,0,0,0,0,4081,-7390,0.3888888888888889
2021-12-22T00:00:00.000,18:16,40.86535,-73.92119,1,0,1,1,4086,-7392,0.359375
2021-12-23T00:00:00.000,23:00,40.683804,-73.833534,1,0,1,1,4068,-7383,0.45454545454545453
2021-12-19T00:00:00.000,19:30,40.6559,-73.95585,0,0,0,0,4065,-7395,0.38686131386861317
2021-12-22T00:00:00.000,1:36,40.63552,-74.0167,0,0,0,0,4063,-7401,0.37777777777777777
2021-05-21T00:00:00.000,18:30,40.70899,-74.01068,0,0,0,0,4070,-7401,0.140625
2021-12-20T00:00:00.000,8:00,40.662807,-73.987175,0,0,0,0,4066,-7398,0.421875
2021-12-23T00:00:00.000,18:26,40.863907,-73.902435,0,0,0,0,4086,-7390,0.42748091603053434
2021-12-23T00:00:00.000,8:30,40.704563,-73.94867,1,0,1,1,4070,-7394,0.3956043956043956
2021-12-22T00:00:00.000,15:55,40.74198,-73.82475,0,0,0,0,4074,-7382,0.4057971014492754
2021-12-22T00:00:00.000,19:49,40.663387,-73.72941,0,0,0,0,4066,-7372,0.6190476190476191
2021-08-31T00:00:00.000,2:39,40.691193,-73.99777,1,1,2,1,4069,-7399,0.29473684210526313
2021-09-21T00:00:00.000,8:50,40.859623,-73.88747,1,0,1,1,4085,-7388,0.3
2021-09-26T00:00:00.000,10:40,40.676132,-73.921906,2,0,1,1,4067,-7392,0.39655172413793105
2021-09-10T00:00:00.000,20:14,40.69622,-73.89988,1,0,1,1,4069,-7389,0.3709677419354839
2021-09-17T00:00:00.000,0:00,40.754776,-73.892815,0,0,0,0,4075,-7389,0.4805194805194805
2021-09-27T00:00:00.000,1:36,40.76042,-73.928856,1,0,1,1,4076,-7392,0.42105263157894735
2021-09-22T00:00:00.000,17:00,40.67222,-73.80637,0,0,0,0,4067,-7380,0.24615384615384617
2021-09-08T00:00:00.000,11:30,40.768127,-73.87625,0,0,0,0,4076,-7387,0.48214285714285715
2021-09-24T00:00:00.000,7:25,40.840992,-73.873184,1,0,1,1,4084,-7387,0.48333333333333334
2021-09-27T00:00:00.000,17:00,40.61314,-73.948975,0,0,0,0,4061,-7394,0.48484848484848486
2021-09-27T00:00:00.000,18:51,40.779434,-73.94752,0,0,0,0,4077,-7394,0.28
2021-09-22T00:00:00.000,23:02,40.702595,-73.8553,0,0,0,0,4070,-7385,0.39436619718309857
2022-06-26T00:00:00.000,12:30,40.55514,-74.130005,0,0,0,0,4055,-7413,0.2777777777777778
2021-12-24T00:00:00.000,10:34,40.836834,-73.90381,1,0,1,1,4083,-7390,0.3064516129032258
2021-12-23T00:00:00.000,9:00,40.663723,-73.75926,1,0,1,1,4066,-7375,0.3
2021-12-23T00:00:00.000,8:50,40.676624,-73.91597,0,0,0,0,4067,-7391,0.36597938144329895
2021-11-06T00:00:00.000,21:50,40.695114,-73.911865,0,0,0,0,4069,-7391,0.2709677419354839
2021-12-24T00:00:00.000,14:30,40.70219,-73.928345,0,0,0,0,4070,-7392,0.24305555555555555
2021-12-22T00:00:00.000,2:03,40.84497,-73.90247,0,0,0,0,4084,-7390,0.366120218579235
2021-12-24T00:00:00.000,12:54,40.607212,-74.07682,1,0,1,1,4060,-7407,0.25
2021-12-24T00:00:00.000,8:45,40.660656,-73.885796,0,0,0,0,4066,-7388,0.37012987012987014
2021-12-24T00:00:00.000,17:04,40.78169,-73.94897,0,0,0,0,4078,-7394,0.33513513513513515
2021-09-27T00:00:00.000,21:20,40.642666,-74.02001,1,0,1,1,4064,-7402,0.41379310344827586
2021-09-27T00:00:00.000,18:22,40.754726,-73.97788,1,0,1,1,4075,-7397,0.375886524822695
2021-09-27T00:00:00.000,20:42,40.607426,-73.94301,0,0,0,0,4060,-7394,0.5217391304347826
2021-09-26T00:00:00.000,13:30,40.88226,-73.82782,0,0,0,0,4088,-7382,0.2765957446808511
2021-09-19T00:00:00.000,18:44,40.626663,-74.07565,0,0,0,0,4062,-7407,0.35714285714285715
2021-09-27T00:00:00.000,1:00,40.67934,-73.944336,0,0,0,0,4067,-7394,0.34074074074074073
2021-09-27T00:00:00.000,9:19,40.730995,-73.988846,0,0,0,0,4073,-7398,0.36942675159235666
2021-09-27T00:00:00.000,19:24,40.677715,-73.93587,1,0,1,1,4067,-7393,0.3755868544600939
2021-09-27T00:00:00.000,16:00,40.830338,-73.82401,2,0,1,1,4083,-7382,0.44680851063829785
2021-09-02T00:00:00.000,16:30,40.698753,-73.89726,1,0,1,1,4069,-7389,0.3709677419354839
2021-09-26T00:00:00.000,17:30,40.661995,-73.9196,1,0,1,1,4066,-7391,0.3630952380952381
2021-09-27T00:00:00.000,2:45,40.67689,-73.900055,1,0,1,1,4067,-7390,0.3282442748091603
2021-09-27T00:00:00.000,10:30,40.752304,-73.873405,0,0,0,0,4075,-7387,0.33884297520661155
2021-09-26T00:00:00.000,0:45,40.867634,-73.916595,0,0,0,0,4086,-7391,0.38016528925619836
2021-09-27T00:00:00.000,17:00,40.699738,-73.98212,0,0,0,0,4069,-7398,0.3229166666666667
2021-09-27T00:00:00.000,3:02,40.738552,-73.99969,0,0,0,0,4073,-7399,0.423728813559322
2021-09-27T00:00:00.000,12:10,40.64893,-73.949135,1,0,1,1,4064,-7394,0.42342342342342343
2021-09-27T00:00:00.000,14:08,40.84708,-73.88359,0,0,0,0,4084,-7388,0.390625
2021-09-27T00:00:00.000,19:27,40.751442,-73.97606,0,0,0,0,4075,-7397,0.375886524822695
2021-09-27T00:00:00.000,22:00,40.82519,-73.88866,0,0,0,0,4082,-7388,0.27624309392265195
2021-09-27T00:00:00.000,8:20,40.807766,-73.91023,0,0,0,0,4080,-7391,0.38961038961038963
2021-09-27T00:00:00.000,9:48,40.873783,-73.87786,0,0,0,0,4087,-7387,0.297029702970297
2021-09-27T00:00:00.000,5:50,40.76536,-73.82787,1,0,1,1,4076,-7382,0.2987012987012987
2021-09-27T00:00:00.000,6:05,40.69652,-73.78155,1,0,1,1,4069,-7378,0.29310344827586204
2021-09-23T00:00:00.000,7:50,40.839447,-73.88384,2,0,1,1,4083,-7388,0.26717557251908397
2021-09-27T00:00:00.000,8:00,40.653805,-73.93061,0,0,0,0,4065,-7393,0.44366197183098594
2021-09-27T00:00:00.000,8:15,40.60426,-73.75286,0,0,0,0,4060,-7375,0.17117117117117117
2021-09-27T00:00:00.000,16:00,40.762066,-73.80753,0,0,0,0,4076,-7380,0.4
2021-09-27T00:00:00.000,10:31,40.7044,-73.92384,1,0,1,1,4070,-7392,0.24305555555555555
2021-09-27T00:00:00.000,7:10,40.75529,-73.90847,2,0,1,1,4075,-7390,0.37254901960784315
2021-09-27T00:00:00.000,17:00,40.654755,-73.92082,0,0,0,0,4065,-7392,0.35555555555555557
2021-09-27T00:00:00.000,5:50,40.88877,-73.864334,0,0,0,0,4088,-7386,0.23809523809523808
2021-09-27T00:00:00.000,2:02,40.862747,-73.90494,1,0,1,1,4086,-7390,0.42748091603053434
2021-09-27T00:00:00.000,8:03,40.73849,-73.982376,0,0,0,0,4073,-7398,0.36942675159235666
2021-09-27T00:00:00.000,8:30,40.67626,-73.85261,0,0,0,0,4067,-7385,0.26666666666666666
2021-09-25T00:00:00.000,22:45,40.876575,-73.91286,0,0,0,0,4087,-7391,0.25925925925925924
2021-09-27T00:00:00.000,12:51,40.742836,-73.97214,1,0,1,1,4074,-7397,0.4810810810810811
2021-09-24T00:00:00.000,11:05,40.642796,-73.97945,1,0,1,1,4064,-7397,0.4095238095238095
2021-09-27T00:00:00.000,17:25,40.581764,-73.8383,0,0,0,0,4058,-7383,0.38461538461538464
2021-09-27T00:00:00.000,16:55,40.63465,-73.93727,1,0,1,1,4063,-7393,0.46153846153846156
2021-09-27T00:00:00.000,22:40,40.691948,-73.93983,2,0,1,1,4069,-7393,0.3141025641025641
2021-09-26T00:00:00.000,14:02,40.587784,-74.165565,0,0,0,0,4058,-7416,0.3
2021-09-27T00:00:00.000,12:00,40.71125,-74.0003,0,0,0,0,4071,-7400,0.25517241379310346
2021-09-12T00:00:00.000,19:14,40.71347,-73.99859,1,0,1,1,4071,-7399,0.3263157894736842
2021-09-27T00:00:00.000,20:45,40.858788,-73.92291,0,0,0,0,4085,-7392,0.22
2021-09-27T00:00:00.000,9:30,40.680218,-73.97789,1,0,1,1,4068,-7397,0.3412322274881517
2021-09-27T00:00:00.000,22:30,40.834087,-73.89515,0,0,0,0,4083,-7389,0.3333333333333333
2021-09-27T00:00:00.000,21:30,40.76635,-73.95103,0,0,0,0,4076,-7395,0.3696969696969697
2021-09-25T00:00:00.000,2:00,40.6962,-73.78611,0,0,0,0,4069,-7378,0.29310344827586204
2021-09-27T00:00:00.000,18:50,40.605057,-73.999,1,0,1,1,4060,-7399,0.31683168316831684
2021-09-27T00:00:00.000,23:53,40.752777,-73.70743,0,0,0,0,4075,-7370,0.4166666666666667
2021-09-27T00:00:00.000,17:47,40.73624,-73.984604,1,0,1,1,4073,-7398,0.36942675159235666
2021-09-24T00:00:00.000,19:00,40.519722,-74.22867,0,0,0,0,4051,-7422,0.0
2021-09-27T00:00:00.000,15:20,40.761047,-73.82709,0,0,0,0,4076,-7382,0.2987012987012987
2021-09-07T00:00:00.000,9:25,40.768875,-73.90852,0,0,0,0,4076,-7390,0.3055555555555556
2021-09-24T00:00:00.000,9:00,40.708317,-73.846664,1,0,1,1,4070,-7384,0.43333333333333335
2021-09-27T00:00:00.000,12:00,40.755745,-73.943115,0,0,0,0,4075,-7394,0.41333333333333333
2021-09-27T00:00:00.000,9:20,40.665657,-73.81518,0,0,0,0,4066,-7381,0.4716981132075472
2021-09-27T00:00:00.000,13:41,40.7067,-73.95292,0,0,0,0,4070,-7395,0.3475177304964539
2021-09-27T00:00:00.000,19:50,40.842503,-73.92797,1,0,1,1,4084,-7392,0.3181818181818182
2021-09-24T00:00:00.000,13:20,40.783466,-73.94523,0,0,0,0,4078,-7394,0.33513513513513515
2021-09-27T00:00:00.000,5:21,40.706085,-73.8085,0,0,0,0,4070,-7380,0.3877551020408163
2021-09-27T00:00:00.000,21:45,40.654575,-73.943214,0,0,0,0,4065,-7394,0.43137254901960786
2021-09-27T00:00:00.000,0:01,40.6093,-73.95328,1,0,1,1,4060,-7395,0.4791666666666667
2021-09-27T00:00:00.000,21:00,40.757668,-73.95915,1,0,1,1,4075,-7395,0.38095238095238093
2021-09-20T00:00:00.000,14:37,40.78614,-73.93929,1,0,1,1,4078,-7393,0.4444444444444444
2021-09-27T00:00:00.000,5:05,40.675495,-73.88916,2,0,1,1,4067,-7388,0.30434782608695654
2021-09-27T00:00:00.000,20:00,40.736706,-73.88235,0,0,0,0,4073,-7388,0.2777777777777778
2021-09-27T00:00:00.000,16:50,40.762566,-73.818596,1,0,1,1,4076,-7381,0.4716981132075472
2021-09-27T00:00:00.000,20:14,40.765278,-73.86822,0,0,0,0,4076,-7386,0.40298507462686567
2021-12-24T00:00:00.000,12:02,40.86723,-73.88692,0,0,0,0,4086,-7388,0.23943661971830985
2021-09-27T00:00:00.000,23:59,40.66552,-73.74467,0,0,0,0,4066,-7374,0.3698630136986301
2021-09-27T00:00:00.000,17:40,40.695377,-73.98421,0,0,0,0,4069,-7398,0.3229166666666667
2021-09-27T00:00:00.000,14:12,40.826275,-73.85971,1,0,1,1,4082,-7385,0.27
2021-09-27T00:00:00.000,15:55,40.71113,-73.82837,1,0,1,1,4071,-7382,0.379746835443038
2021-09-27T00:00:00.000,21:30,40.62903,-74.16476,0,0,0,0,4062,-7416,0.24444444444444444
2021-09-27T00:00:00.000,7:40,40.843822,-73.9275,1,0,1,1,4084,-7392,0.3181818181818182
2021-05-16T00:00:00.000,7:30,40.607147,-74.01157,0,0,0,0,4060,-7401,0.30357142857142855
2021-09-27T00:00:00.000,8:45,40.794296,-73.84482,0,0,0,0,4079,-7384,0.125
2021-09-27T00:00:00.000,20:05,40.796074,-73.94349,0,0,0,0,4079,-7394,0.3523809523809524
2021-09-21T00:00:00.000,19:40,40.668224,-73.953445,0,0,0,0,4066,-7395,0.44375
2021-09-27T00:00:00.000,23:00,40.880108,-73.902275,0,0,0,0,4088,-7390,0.2702702702702703
2021-09-27T00:00:00.000,12:31,40.710987,-73.86457,0,0,0,0,4071,-7386,0.5625
2021-09-25T00:00:00.000,18:20,40.654358,-73.91916,2,0,1,1,4065,-7391,0.425
2021-09-27T00:00:00.000,8:00,40.788357,-73.97453,0,0,0,0,4078,-7397,0.3434343434343434
2021-09-27T00:00:00.000,23:13,40.60864,-74.00095,0,0,0,0,4060,-7400,0.24074074074074073
2021-09-27T00:00:00.000,13:55,40.840927,-73.912704,0,0,0,0,4084,-7391,0.32558139534883723
2021-09-27T00:00:00.000,8:45,40.622272,-73.93377,1,0,1,1,4062,-7393,0.4444444444444444
2021-09-27T00:00:00.000,5:50,40.667114,-73.834656,1,0,1,1,4066,-7383,0.5
2021-09-26T00:00:00.000,15:50,40.622837,-73.973526,0,0,0,0,4062,-7397,0.38666666666666666
2021-12-20T00:00:00.000,9:45,40.76323,-73.90891,0,0,0,0,4076,-7390,0.3055555555555556
2021-09-27T00:00:00.000,11:51,40.61405,-74.013916,0,0,0,0,4061,-7401,0.2972972972972973
2021-09-27T00:00:00.000,15:20,40.670208,-73.81902,0,0,0,0,4067,-7381,0.4230769230769231
2021-09-26T00:00:00.000,17:00,40.633278,-73.983185,1,0,1,1,4063,-7398,0.4827586206896552
2021-09-27T00:00:00.000,0:00,40.854015,-73.88149,0,0,0,0,4085,-7388,0.3
2021-09-27T00:00:00.000,5:25,40.721626,-73.99951,0,0,0,0,4072,-7399,0.3829787234042553
2021-09-27T00:00:00.000,21:38,40.871353,-73.8624,0,0,0,0,4087,-7386,0.3142857142857143
2021-09-27T00:00:00.000,4:30,40.64443,-73.94864,0,0,0,0,4064,-7394,0.42342342342342343
2021-09-27T00:00:00.000,14:10,40.68731,-73.94761,0,0,0,0,4068,-7394,0.4409448818897638
2021-09-27T00:00:00.000,8:54,40.847878,-73.886024,1,0,1,1,4084,-7388,0.390625
2021-09-25T00:00:00.000,17:00,40.688236,-73.76196,0,0,0,0,4068,-7376,0.35714285714285715
2021-09-27T00:00:00.000,0:25,40.723305,-74.00299,0,0,0,0,4072,-7400,0.32926829268292684
2021-09-27T00:00:00.000,21:18,40.623974,-73.96504,0,0,0,0,4062,-7396,0.375
2021-09-27T00:00:00.000,16:30,40.712162,-73.737366,0,0,0,0,4071,-7373,0.25
2021-09-27T00:00:00.000,15:00,40.6974,-73.901024,0,0,0,0,4069,-7390,0.29591836734693877
2021-09-27T00:00:00.000,4:30,40.83948,-73.93604,0,0,0,0,4083,-7393,0.3333333333333333
2021-09-27T00:00:00.000,20:55,40.680668,-73.836334,1,0,1,1,4068,-7383,0.45454545454545453
2021-09-27T00:00:00.000,9:00,40.67801,-73.94138,0,0,0,0,4067,-7394,0.34074074074074073
2021-09-27T00:00:00.000,6:00,40.87829,-73.87006,0,0,0,0,4087,-7387,0.297029702970297
2021-09-27T00:00:00.000,10:00,40.71291,-73.95505,0,0,0,0,4071,-7395,0.36585365853658536
2021-09-27T00:00:00.000,7:01,40.70553,-73.779205,0,0,0,0,4070,-7377,0.2413793103448276
2021-09-27T00:00:00.000,17:30,40.65488,-73.96189,1,0,1,1,4065,-7396,0.3939393939393939
2021-09-27T00:00:00.000,9:30,40.66223,-73.92274,0,0,0,0,4066,-7392,0.355
2021-09-27T00:00:00.000,8:30,40.71414,-73.96152,0,0,0,0,4071,-7396,0.3218390804597701
2021-09-27T00:00:00.000,0:00,40.638103,-74.077934,1,0,1,1,4063,-7407,0.4444444444444444
2021-09-27T00:00:00.000,12:05,40.581013,-73.95484,1,0,1,1,4058,-7395,0.3465346534653465
2021-09-27T00:00:00.000,12:20,40.7613,-73.86527,0,0,0,0,4076,-7386,0.40298507462686567
2021-09-27T00:00:00.000,3:00,40.825756,-73.95094,1,0,1,1,4082,-7395,0.4117647058823529
2021-09-27T00:00:00.000,9:00,40.72788,-73.8175,0,0,0,0,4072,-7381,0.2926829268292683
2021-09-27T00:00:00.000,9:20,40.738445,-73.939835,0,0,0,0,4073,-7393,0.38461538461538464
2021-09-22T00:00:00.000,19:45,40.681606,-73.985565,1,0,1,1,4068,-7398,0.3873239436619718
2021-09-27T00:00:00.000,18:25,40.73649,-73.99747,0,0,0,0,4073,-7399,0.423728813559322
2021-09-27T00:00:00.000,5:50,40.6224,-73.936646,0,0,0,0,4062,-7393,0.4444444444444444
2021-09-27T00:00:00.000,10:42,40.575542,-73.96487,0,0,0,0,4057,-7396,0.3191489361702128
2021-09-27T00:00:00.000,11:00,40.762638,-73.975266,0,0,0,0,4076,-7397,0.37
2021-09-27T00:00:00.000,15:30,40.62036,-74.08166,0,0,0,0,4062,-7408,0.2
2021-09-27T00:00:00.000,14:35,40.62557,-74.176575,2,0,1,1,4062,-7417,0.16666666666666666
2021-09-24T00:00:00.000,20:41,40.88398,-73.89789,0,0,0,0,4088,-7389,0.4626865671641791
2021-09-27T00:00:00.000,11:26,40.669678,-73.98732,0,0,0,0,4066,-7398,0.421875
2021-12-22T00:00:00.000,23:14,40.75657,-73.93397,1,0,1,1,4075,-7393,0.43478260869565216
2021-09-27T00:00:00.000,8:56,40.826538,-73.8727,0,0,0,0,4082,-7387,0.33544303797468356
2021-09-27T00:00:00.000,21:30,40.76271,-73.98127,0,0,0,0,4076,-7398,0.3081761006289308
2021-09-27T00:00:00.000,23:00,40.871254,-73.84355,0,0,0,0,4087,-7384,0.47297297297297297
2021-09-27T00:00:00.000,8:22,40.87573,-73.87956,0,0,0,0,4087,-7387,0.297029702970297
2021-09-27T00:00:00.000,12:40,40.809044,-73.92856,1,0,1,1,4080,-7392,0.3141025641025641
2021-09-25T00:00:00.000,22:13,40.632755,-73.92984,0,0,0,0,4063,-7392,0.4036697247706422
2021-09-10T00:00:00.000,17:27,40.723183,-73.90059,1,0,1,1,4072,-7390,0.2978723404255319
2021-09-27T00:00:00.000,13:00,40.664677,-73.94266,0,0,0,0,4066,-7394,0.36792452830188677
2021-09-26T00:00:00.000,23:51,40.52352,-74.187416,0,0,0,0,4052,-7418,0.4
2021-09-27T00:00:00.000,13:00,40.67308,-73.91124,0,0,0,0,4067,-7391,0.36597938144329895
2021-09-27T00:00:00.000,22:16,40.711536,-73.98675,0,0,0,0,4071,-7398,0.39568345323741005
2021-09-27T00:00:00.000,8:09,40.73679,-73.719925,2,0,1,1,4073,-7371,0.2857142857142857
2021-09-27T00:00:00.000,13:50,40.63347,-74.02102,1,0,1,1,4063,-7402,0.3877551020408163
2021-09-27T00:00:00.000,8:30,40.62435,-74.021805,1,0,1,1,4062,-7402,0.3625
2021-09-27T00:00:00.000,7:50,40.65272,-73.94845,0,0,0,0,4065,-7394,0.43137254901960786
2021-09-27T00:00:00.000,8:00,40.83948,-73.93604,0,0,0,0,4083,-7393,0.3333333333333333
2021-09-27T00:00:00.000,16:00,40.74198,-73.94643,0,0,0,0,4074,-7394,0.33962264150943394
2021-09-24T00:00:00.000,13:55,40.636246,-74.08911,0,0,0,0,4063,-7408,0.2653061224489796
2021-09-27T00:00:00.000,9:30,40.66996,-73.985664,0,0,0,0,4066,-7398,0.421875
2021-09-27T00:00:00.000,16:59,40.734497,-73.72287,0,0,0,0,4073,-7372,0.3333333333333333
2021-09-27T00:00:00.000,12:15,40.581257,-74.1628,1,0,1,1,4058,-7416,0.3
2021-09-27T00:00:00.000,19:00,40.745167,-73.82139,0,0,0,0,4074,-7382,0.4057971014492754
2021-09-27T00:00:00.000,13:25,40.84273,-73.85114,0,0,0,0,4084,-7385,0.32727272727272727
2021-09-27T00:00:00.000,3:00,40.583656,-73.98656,0,0,0,0,4058,-7398,0.4
2021-09-26T00:00:00.000,19:40,40.687412,-73.851456,1,0,1,1,4068,-7385,0.43103448275862066
2021-09-19T00:00:00.000,18:45,40.636803,-73.939415,1,0,1,1,4063,-7393,0.46153846153846156
2021-09-27T00:00:00.000,11:00,40.724335,-73.72464,2,0,1,1,4072,-7372,0.3793103448275862
2021-09-27T00:00:00.000,15:30,40.617287,-73.97786,0,0,0,0,4061,-7397,0.421875
2021-09-27T00:00:00.000,20:09,40.648266,-73.90581,1,0,1,1,4064,-7390,0.4017094017094017
2021-09-27T00:00:00.000,4:45,40.70507,-73.96217,0,0,0,0,4070,-7396,0.3431372549019608
2021-08-27T00:00:00.000,11:30,40.713615,-73.9956,0,0,0,0,4071,-7399,0.3263157894736842
2021-09-27T00:00:00.000,12:00,40.686592,-73.82232,0,0,0,0,4068,-7382,0.41975308641975306
2021-09-19T00:00:00.000,19:10,40.648182,-73.93001,0,0,0,0,4064,-7393,0.3333333333333333
2021-09-11T00:00:00.000,15:45,40.704544,-73.90187,1,0,1,1,4070,-7390,0.37894736842105264
2021-09-27T00:00:00.000,11:25,40.6118,-73.94403,1,0,1,1,4061,-7394,0.48484848484848486
2021-09-27T00:00:00.000,18:10,40.847366,-73.899506,1,0,1,1,4084,-7389,0.33766233766233766
2021-09-27T00:00:00.000,4:31,40.845432,-73.93658,0,0,0,0,4084,-7393,0.32786885245901637
2021-09-27T00:00:00.000,11:30,40.68795,-73.82502,0,0,0,0,4068,-7382,0.41975308641975306
2021-09-27T00:00:00.000,13:30,40.632496,-74.03219,0,0,0,0,4063,-7403,0.42424242424242425
2021-09-27T00:00:00.000,9:30,40.630806,-74.08082,0,0,0,0,4063,-7408,0.2653061224489796
2021-09-19T00:00:00.000,20:05,40.68342,-73.97545,0,0,0,0,4068,-7397,0.3412322274881517
2021-09-27T00:00:00.000,21:45,40.625908,-74.15577,0,0,0,0,4062,-7415,0.37037037037037035
2021-09-27T00:00:00.000,23:50,40.719547,-73.9749,0,0,0,0,4071,-7397,0.41509433962264153
2021-09-27T00:00:00.000,15:00,40.80906,-73.90755,1,0,1,1,4080,-7390,0.36538461538461536
2021-09-27T00:00:00.000,15:07,40.702477,-73.94065,1,0,1,1,4070,-7394,0.3956043956043956
2021-09-12T00:00:00.000,18:30,40.64491,-73.92192,0,0,0,0,4064,-7392,0.4077669902912621
2021-09-27T00:00:00.000,11:25,40.70503,-74.013336,0,0,0,0,4070,-7401,0.140625
2021-09-24T00:00:00.000,7:00,40.663334,-73.960236,0,0,0,0,4066,-7396,0.4074074074074074
2021-09-27T00:00:00.000,16:59,40.632717,-73.98377,0,0,0,0,4063,-7398,0.4827586206896552
2021-09-27T00:00:00.000,2:10,40.690434,-73.83293,0,0,0,0,4069,-7383,0.35555555555555557
2021-09-25T00:00:00.000,14:00,0.0,0.0,0,0,0,0,0,0,0.40425531914893614
2021-09-27T00:00:00.000,14:40,40.64466,-74.09847,0,0,0,0,4064,-7409,0.3333333333333333
2021-09-27T00:00:00.000,12:35,40.665348,-73.72986,1,0,1,1,4066,-7372,0.6190476190476191
2021-09-27T00:00:00.000,9:20,40.85615,-73.84395,0,0,0,0,4085,-7384,0.32432432432432434
2021-09-27T00:00:00.000,10:50,40.840576,-73.83799,1,0,1,1,4084,-7383,0.4318181818181818
2021-09-27T00:00:00.000,16:40,40.82384,-73.87128,1,0,1,1,4082,-7387,0.33544303797468356
2021-09-27T00:00:00.000,19:15,40.717175,-74.01288,1,0,1,1,4071,-7401,0.3181818181818182
2021-09-08T00:00:00.000,11:50,40.72659,-73.90822,1,0,1,1,4072,-7390,0.2978723404255319
2021-09-27T00:00:00.000,17:00,40.80484,-73.912796,1,0,1,1,4080,-7391,0.38961038961038963
2021-09-27T00:00:00.000,16:25,40.783245,-73.94473,0,0,0,0,4078,-7394,0.33513513513513515
2021-09-27T00:00:00.000,13:40,40.862797,-73.865486,0,0,0,0,4086,-7386,0.4642857142857143
2021-09-27T00:00:00.000,21:00,40.770542,-73.99198,0,0,0,0,4077,-7399,0.4166666666666667
2021-09-27T00:00:00.000,6:34,40.64178,-73.903564,0,0,0,0,4064,-7390,0.4017094017094017
2021-09-27T00:00:00.000,19:08,40.713398,-73.7704,0,0,0,0,4071,-7377,0.20967741935483872
2021-09-27T00:00:00.000,7:45,40.666393,-73.764465,1,0,1,1,4066,-7376,0.30434782608695654
2021-09-27T00:00:00.000,10:00,40.77931,-73.961464,0,0,0,0,4077,-7396,0.3695652173913043
2021-09-09T00:00:00.000,20:30,40.870445,-73.904274,0,0,0,0,4087,-7390,0.3184713375796178
2021-09-27T00:00:00.000,18:55,40.73676,-73.95035,0,0,0,0,4073,-7395,0.30434782608695654
2021-09-27T00:00:00.000,8:45,40.669556,-73.82605,0,0,0,0,4066,-7382,0.43103448275862066
2021-09-26T00:00:00.000,22:35,40.72089,-73.99576,0,0,0,0,4072,-7399,0.3829787234042553
2021-09-27T00:00:00.000,13:48,40.748913,-73.9374,0,0,0,0,4074,-7393,0.3333333333333333
2021-09-27T00:00:00.000,21:51,40.629646,-74.010704,1,0,1,1,4062,-7401,0.3829787234042553
2021-09-27T00:00:00.000,5:25,40.632717,-73.89138,0,0,0,0,4063,-7389,0.41818181818181815
2021-09-27T00:00:00.000,11:00,40.672832,-73.96908,0,0,0,0,4067,-7396,0.3466666666666667
2021-09-27T00:00:00.000,11:55,40.693264,-73.824066,0,0,0,0,4069,-7382,0.37209302325581395
2021-09-27T00:00:00.000,9:28,40.82907,-73.86189,0,0,0,0,4082,-7386,0.3493975903614458
2021-09-27T00:00:00.000,18:08,40.755657,-73.94569,0,0,0,0,4075,-7394,0.41333333333333333
2021-09-27T00:00:00.000,13:00,40.73599,-73.98946,0,0,0,0,4073,-7398,0.36942675159235666
2021-09-27T00:00:00.000,8:30,40.738853,-73.8884,0,0,0,0,4073,-7388,0.2777777777777778
2021-09-27T00:00:00.000,7:20,40.879242,-73.86536,0,0,0,0,4087,-7386,0.3142857142857143
2021-09-27T00:00:00.000,14:00,40.756996,-73.78081,0,0,0,0,4075,-7378,0.18518518518518517
2021-09-27T00:00:00.000,15:18,40.654133,-74.01169,3,0,1,1,4065,-7401,0.43478260869565216
2021-09-27T00:00:00.000,18:00,40.70711,-73.95672,0,0,0,0,4070,-7395,0.3475177304964539
2021-09-27T00:00:00.000,13:57,40.76479,-73.98429,1,0,1,1,4076,-7398,0.3081761006289308
2021-09-27T00:00:00.000,10:20,40.8133,-73.930405,0,0,0,0,4081,-7393,0.32432432432432434
2021-08-12T00:00:00.000,23:45,40.68085,-73.97112,0,0,0,0,4068,-7397,0.3412322274881517
2021-09-27T00:00:00.000,7:00,40.72017,-73.98357,0,0,0,0,4072,-7398,0.4342105263157895
2021-09-27T00:00:00.000,23:00,0.0,0.0,0,0,0,0,0,0,0.40425531914893614
2021-09-27T00:00:00.000,21:02,40.705765,-73.74181,1,0,1,1,4070,-7374,0.3333333333333333
2021-09-27T00:00:00.000,15:30,40.814297,-73.95308,0,0,0,0,4081,-7395,0.3509933774834437
2021-09-26T00:00:00.000,5:25,40.720108,-73.99333,0,0,0,0,4072,-7399,0.3829787234042553
2021-09-27T00:00:00.000,12:18,40.615364,-73.94575,2,0,1,1,4061,-7394,0.48484848484848486
2021-09-27T00:00:00.000,0:15,40.633038,-74.039314,3,0,1,1,4063,-7403,0.42424242424242425
2021-09-24T00:00:00.000,13:30,40.668247,-73.84602,0,0,0,0,4066,-7384,0.5925925925925926
2021-09-27T00:00:00.000,9:45,40.86135,-73.89774,1,0,1,1,4086,-7389,0.40606060606060607
2021-09-27T00:00:00.000,16:55,40.73574,-73.872665,0,0,0,0,4073,-7387,0.3140495867768595
2021-09-27T00:00:00.000,15:41,40.624813,-73.89446,1,0,1,1,4062,-7389,0.3333333333333333
2021-09-27T00:00:00.000,8:45,40.6537,-73.932106,1,0,1,1,4065,-7393,0.44366197183098594
2021-09-27T00:00:00.000,8:30,40.583656,-73.98656,0,0,0,0,4058,-7398,0.4
2021-09-27T00:00:00.000,13:38,40.678318,-73.94693,1,0,1,1,4067,-7394,0.34074074074074073
2021-09-27T00:00:00.000,18:27,40.75857,-73.985054,1,0,1,1,4075,-7398,0.3170731707317073
2021-09-27T00:00:00.000,2:39,40.74778,-73.98924,1,0,1,1,4074,-7398,0.40131578947368424
2021-09-24T00:00:00.000,20:55,40.70003,-73.90698,0,0,0,0,4070,-7390,0.37894736842105264
2021-09-27T00:00:00.000,17:30,40.754974,-73.89095,0,0,0,0,4075,-7389,0.4805194805194805
2021-09-27T00:00:00.000,9:02,40.769974,-73.91206,0,0,0,0,4076,-7391,0.40476190476190477
2021-09-26T00:00:00.000,21:45,40.609768,-74.06969,2,0,1,1,4060,-7406,0.3076923076923077
2021-09-27T00:00:00.000,15:45,40.715443,-73.95185,1,0,1,1,4071,-7395,0.36585365853658536
2021-09-27T00:00:00.000,16:40,40.827774,-73.945755,1,0,1,1,4082,-7394,0.3812154696132597
2021-09-26T00:00:00.000,16:41,40.65661,-73.93091,3,0,1,1,4065,-7393,0.44366197183098594
2021-12-18T00:00:00.000,9:40,40.748493,-73.89793,0,0,0,0,4074,-7389,0.3203125
2021-09-25T00:00:00.000,21:30,40.83406,-73.944885,1,0,1,1,4083,-7394,0.38926174496644295
2021-09-18T00:00:00.000,15:11,40.720154,-73.87531,1,0,1,1,4072,-7387,0.5714285714285714
2021-09-27T00:00:00.000,9:05,40.71786,-73.948326,1,0,1,1,4071,-7394,0.3710691823899371
2021-09-26T00:00:00.000,11:00,40.676342,-73.910934,1,0,1,1,4067,-7391,0.36597938144329895
2021-09-27T00:00:00.000,7:27,40.82201,-73.85827,0,0,0,0,4082,-7385,0.27
2021-09-27T00:00:00.000,23:10,40.86229,-73.83104,3,0,1,1,4086,-7383,0.3448275862068966
2021-09-26T00:00:00.000,10:35,40.766685,-73.892136,1,0,1,1,4076,-7389,0.35185185185185186
2021-12-24T00:00:00.000,12:24,40.825413,-73.923485,1,0,1,1,4082,-7392,0.3333333333333333
2021-09-27T00:00:00.000,5:15,40.653774,-73.95617,1,0,1,1,4065,-7395,0.38686131386861317
2021-09-27T00:00:00.000,19:18,40.871265,-73.857834,1,0,1,1,4087,-7385,0.37681159420289856
2021-09-27T00:00:00.000,0:16,40.635494,-74.00957,0,0,0,0,4063,-7400,0.3068181818181818
2021-08-19T00:00:00.000,17:33,40.807667,-73.94929,1,0,1,1,4080,-7394,0.41116751269035534
2021-09-24T00:00:00.000,23:00,40.816166,-73.914246,0,0,0,0,4081,-7391,0.47244094488188976
2021-09-18T00:00:00.000,22:52,40.727207,-73.90742,0,0,0,0,4072,-7390,0.2978723404255319
2021-09-27T00:00:00.000,19:20,40.823536,-73.8939,0,0,0,0,4082,-7389,0.37423312883435583
2021-09-14T00:00:00.000,20:13,40.794617,-73.943924,0,0,0,0,4079,-7394,0.3523809523809524
2021-09-27T00:00:00.000,17:30,40.622463,-74.07254,0,0,0,0,4062,-7407,0.35714285714285715
2021-09-27T00:00:00.000,1:13,40.71619,-73.857056,0,0,0,0,4071,-7385,0.4418604651162791
2021-09-27T00:00:00.000,11:00,40.6852713,-73.9801384,0,0,0,0,4068,-7398,0.3873239436619718
2021-09-24T00:00:00.000,4:00,40.6652473,-73.8020331,2,0,1,1,4066,-7380,0.40789473684210525
2021-09-24T00:00:00.000,16:50,40.722065,-73.75407,0,0,0,0,4072,-7375,0.2727272727272727
2021-09-27T00:00:00.000,8:17,40.772736,-73.92746,0,0,0,0,4077,-7392,0.3269230769230769
2021-09-27T00:00:00.000,15:20,40.619656,-73.95745,0,0,0,0,4061,-7395,0.4461538461538462
2021-09-27T00:00:00.000,15:33,40.736267,-73.772865,2,0,1,1,4073,-7377,0.5789473684210527
2021-09-27T00:00:00.000,23:30,40.666157,-73.79904,0,0,0,0,4066,-7379,0.3870967741935484
2021-09-27T00:00:00.000,7:55,40.5748,-74.10542,1,0,1,1,4057,-7410,0.3877551020408163
2021-09-27T00:00:00.000,23:45,40.66484,-73.82229,1,0,1,1,4066,-7382,0.43103448275862066
2021-08-12T00:00:00.000,16:21,40.772877,-73.993416,1,0,1,1,4077,-7399,0.4166666666666667
2021-09-27T00:00:00.000,9:36,40.768818,-73.93346,1,0,1,1,4076,-7393,0.44680851063829785
2021-09-27T00:00:00.000,13:30,40.68668,-73.97937,0,0,0,0,4068,-7397,0.3412322274881517
2021-09-27T00:00:00.000,8:00,40.611507,-74.08318,0,0,0,0,4061,-7408,0.30612244897959184
2021-09-27T00:00:00.000,13:57,40.824215,-73.909195,2,0,1,1,4082,-7390,0.3025210084033613
2021-09-27T00:00:00.000,16:57,40.795612,-73.80217,0,0,0,0,4079,-7380,0.2
2021-09-27T00:00:00.000,22:45,40.70481,-73.93932,0,0,0,0,4070,-7393,0.3300970873786408
2021-09-27T00:00:00.000,11:30,40.69168,-73.999344,1,0,1,1,4069,-7399,0.29473684210526313
2021-09-27T00:00:00.000,15:20,40.651733,-73.93039,0,0,0,0,4065,-7393,0.44366197183098594
2021-09-27T00:00:00.000,22:17,40.665245,-73.80204,0,0,0,0,4066,-7380,0.40789473684210525
2021-09-18T00:00:00.000,15:45,40.714523,-74.0071,0,0,0,0,4071,-7400,0.25517241379310346
2021-09-27T00:00:00.000,16:41,40.63613,-73.97274,0,0,0,0,4063,-7397,0.36893203883495146
2021-09-27T00:00:00.000,19:30,40.787064,-73.94194,0,0,0,0,4078,-7394,0.33513513513513515
2021-09-27T00:00:00.000,15:45,40.740376,-73.70847,0,0,0,0,4074,-7370,0.375
2021-09-19T00:00:00.000,4:00,40.749107,-73.878525,0,0,0,0,4074,-7387,0.25663716814159293
2021-09-26T00:00:00.000,20:29,40.788994,-73.94656,0,0,0,0,4078,-7394,0.33513513513513515
2021-09-27T00:00:00.000,16:00,40.586117,-73.93604,2,0,1,1,4058,-7393,0.24324324324324326
2021-12-22T00:00:00.000,23:07,40.619,-74.084785,1,0,1,1,4061,-7408,0.30612244897959184
2021-12-24T00:00:00.000,0:15,40.672855,-73.87131,2,0,1,1,4067,-7387,0.30344827586206896
2021-12-22T00:00:00.000,8:31,40.86112,-73.85472,0,0,0,0,4086,-7385,0.5
2021-12-24T00:00:00.000,18:40,40.62636,-73.95067,1,0,1,1,4062,-7395,0.4444444444444444
2021-12-22T00:00:00.000,3:00,40.737675,-73.99346,0,0,0,0,4073,-7399,0.423728813559322
2021-12-23T00:00:00.000,21:43,40.703667,-73.9269,1,0,1,1,4070,-7392,0.24305555555555555
2021-04-28T00:00:00.000,15:54,40.852486,-73.88724,0,0,0,0,4085,-7388,0.3
2021-05-04T00:00:00.000,18:10,40.78202,-73.97173,0,0,0,0,4078,-7397,0.3434343434343434
2021-05-06T00:00:00.000,13:03,40.705334,-73.95951,0,0,0,0,4070,-7395,0.3475177304964539
2021-05-16T00:00:00.000,16:15,40.698154,-73.86969,1,0,1,1,4069,-7386,0.21052631578947367
2021-05-20T00:00:00.000,19:25,40.711655,-74.00584,0,0,0,0,4071,-7400,0.25517241379310346
2021-05-13T00:00:00.000,17:28,40.678165,-73.962234,0,0,0,0,4067,-7396,0.3466666666666667
2021-05-19T00:00:00.000,14:10,40.755505,-73.96807,1,0,1,1,4075,-7396,0.4788732394366197
2021-05-18T00:00:00.000,20:23,40.691433,-73.89063,1,0,1,1,4069,-7389,0.3709677419354839
2021-05-21T00:00:00.000,22:30,40.761063,-73.873886,3,0,1,1,4076,-7387,0.48214285714285715
2021-05-20T00:00:00.000,13:01,40.60118,-73.99098,0,0,0,0,4060,-7399,0.31683168316831684
2021-05-19T00:00:00.000,14:00,40.67165,-73.9176,0,0,0,0,4067,-7391,0.36597938144329895
2021-05-13T00:00:00.000,18:33,40.657536,-73.902756,0,0,0,0,4065,-7390,0.375
2021-05-20T00:00:00.000,0:10,40.742985,-73.79268,0,0,0,0,4074,-7379,0.1
2021-05-20T00:00:00.000,14:55,40.851967,-73.897095,0,0,0,0,4085,-7389,0.3353658536585366
2021-05-20T00:00:00.000,16:30,40.82573,-73.88087,0,0,0,0,4082,-7388,0.27624309392265195
2021-05-21T00:00:00.000,9:30,40.895374,-73.86356,0,0,0,0,4089,-7386,0.28205128205128205
2021-05-16T00:00:00.000,13:13,40.633327,-74.016136,0,0,0,0,4063,-7401,0.37777777777777777
2021-05-20T00:00:00.000,11:15,40.64777,-74.01474,0,0,0,0,4064,-7401,0.4295774647887324
2021-05-20T00:00:00.000,22:50,40.675842,-73.99905,0,0,0,0,4067,-7399,0.3258426966292135
2021-05-15T00:00:00.000,5:08,40.757652,-73.8654,0,0,0,0,4075,-7386,0.33653846153846156
2021-05-19T00:00:00.000,15:29,0.0,0.0,1,0,1,1,0,0,0.40425531914893614
2021-05-21T00:00:00.000,19:05,40.669823,-73.78883,1,0,1,1,4066,-7378,0.34615384615384615
2021-05-20T00:00:00.000,23:39,40.702564,-73.99175,1,0,1,1,4070,-7399,0.21052631578947367
2021-05-20T00:00:00.000,9:45,40.719734,-73.78652,1,0,1,1,4071,-7378,0.32653061224489793
2021-05-20T00:00:00.000,12:20,40.624763,-73.96518,0,0,0,0,4062,-7396,0.375
2021-05-21T00:00:00.000,19:30,40.845596,-73.94244,0,0,0,0,4084,-7394,0.17543859649122806
2021-05-19T00:00:00.000,1:20,40.756767,-73.98272,0,0,0,0,4075,-7398,0.3170731707317073
2021-05-21T00:00:00.000,7:20,40.763412,-73.93344,0,0,0,0,4076,-7393,0.44680851063829785
2021-05-12T00:00:00.000,16:15,40.705734,-73.89449,1,0,1,1,4070,-7389,0.2711864406779661
2021-05-21T00:00:00.000,13:30,40.560825,-73.91322,1,0,1,1,4056,-7391,1.0
2021-05-19T00:00:00.000,11:00,40.643677,-74.08435,0,0,0,0,4064,-7408,0.2894736842105263
2021-05-20T00:00:00.000,16:20,40.722637,-73.95419,0,0,0,0,4072,-7395,0.22093023255813954
2021-05-20T00:00:00.000,19:20,40.525227,-74.20962,0,0,0,0,4052,-7420,0.0
2021-05-21T00:00:00.000,15:53,40.59861,-73.938644,0,0,0,0,4059,-7393,0.47058823529411764
2021-05-19T00:00:00.000,11:35,40.84869,-73.90329,1,0,1,1,4084,-7390,0.366120218579235
2021-05-21T00:00:00.000,14:05,40.789528,-73.820435,0,0,0,0,4078,-7382,0.3
2021-05-17T00:00:00.000,0:13,40.850506,-73.93287,0,0,0,0,4085,-7393,0.36585365853658536
2021-05-19T00:00:00.000,21:20,40.821552,-73.90567,2,0,1,1,4082,-7390,0.3025210084033613
2021-05-20T00:00:00.000,20:15,40.747833,-73.83301,0,0,0,0,4074,-7383,0.4067796610169492
2021-05-19T00:00:00.000,12:40,40.620686,-74.11002,0,0,0,0,4062,-7411,0.5238095238095238
2021-05-20T00:00:00.000,3:19,40.83362,-73.8571,1,0,1,1,4083,-7385,0.30158730158730157
2021-05-19T00:00:00.000,15:00,40.575184,-74.1278,0,0,0,0,4057,-7412,0.36363636363636365
2021-05-20T00:00:00.000,9:30,40.7591,-73.99215,1,0,1,1,4075,-7399,0.2830188679245283
2021-05-20T00:00:00.000,14:00,40.75548,-73.74173,0,0,0,0,4075,-7374,0.3333333333333333
2021-05-07T00:00:00.000,21:00,40.728653,-73.895584,2,0,1,1,4072,-7389,0.41379310344827586
2021-05-21T00:00:00.000,20:00,40.6271,-74.12514,0,0,0,0,4062,-7412,0.21739130434782608
2021-05-19T00:00:00.000,2:00,40.79276,-73.848434,0,0,0,0,4079,-7384,0.125
2021-05-20T00:00:00.000,20:30,40.747143,-74.000854,0,0,0,0,4074,-7400,0.27710843373493976
2021-05-20T00:00:00.000,16:00,40.859974,-73.900795,0,0,0,0,4085,-7390,0.42207792207792205
2021-05-19T00:00:00.000,15:50,40.741825,-73.85418,0,0,0,0,4074,-7385,0.35526315789473684
2021-05-19T00:00:00.000,17:21,40.680214,-73.94628,1,0,1,1,4068,-7394,0.4409448818897638
2021-05-21T00:00:00.000,16:12,40.690563,-73.94536,1,0,1,1,4069,-7394,0.417910447761194
2021-05-20T00:00:00.000,9:45,40.662807,-73.89646,0,0,0,0,4066,-7389,0.3103448275862069
2021-05-21T00:00:00.000,19:12,40.80375,-73.920135,0,0,0,0,4080,-7392,0.3141025641025641
2021-05-18T00:00:00.000,22:47,40.636326,-73.89893,0,0,0,0,4063,-7389,0.41818181818181815
2021-12-22T00:00:00.000,12:25,40.690044,-73.81481,0,0,0,0,4069,-7381,0.3902439024390244
2021-05-20T00:00:00.000,3:37,40.794758,-73.94235,0,0,0,0,4079,-7394,0.3523809523809524
2021-05-21T00:00:00.000,20:00,40.73191,-73.7784,1,0,1,1,4073,-7377,0.5789473684210527
2021-05-21T00:00:00.000,11:30,40.588554,-73.80641,0,0,0,0,4058,-7380,0.4
2021-05-01T00:00:00.000,11:30,40.65699,-73.92901,0,0,0,0,4065,-7392,0.35555555555555557
2021-05-19T00:00:00.000,4:29,40.726147,-73.97735,0,0,0,0,4072,-7397,0.3283582089552239
2021-05-20T00:00:00.000,9:15,40.71162,-73.96219,1,0,1,1,4071,-7396,0.3218390804597701
2021-05-19T00:00:00.000,13:50,40.77333,-73.95098,0,0,0,0,4077,-7395,0.3384615384615385
2021-05-19T00:00:00.000,16:00,40.684597,-73.84482,0,0,0,0,4068,-7384,0.3333333333333333
2021-05-21T00:00:00.000,13:00,40.663418,-73.95865,0,0,0,0,4066,-7395,0.44375
2021-05-21T00:00:00.000,16:20,40.79292,-73.94579,0,0,0,0,4079,-7394,0.3523809523809524
2021-05-19T00:00:00.000,14:14,40.767803,-73.95601,1,0,1,1,4076,-7395,0.3696969696969697
2021-05-20T00:00:00.000,14:53,40.699436,-73.91229,1,0,1,1,4069,-7391,0.2709677419354839
2021-05-16T00:00:00.000,13:15,40.89193,-73.848076,0,0,0,0,4089,-7384,0.3333333333333333
2021-05-15T00:00:00.000,22:45,40.693863,-73.92971,1,0,1,1,4069,-7392,0.3584905660377358
2021-05-19T00:00:00.000,23:50,40.806355,-73.953964,0,0,0,0,4080,-7395,0.381294964028777
2021-05-21T00:00:00.000,12:18,40.599453,-74.0072,0,0,0,0,4059,-7400,0.2962962962962963
2021-05-20T00:00:00.000,10:26,40.676758,-73.917404,0,0,0,0,4067,-7391,0.36597938144329895
2021-05-19T00:00:00.000,14:00,40.646435,-73.893456,1,0,1,1,4064,-7389,0.43478260869565216
2021-05-18T00:00:00.000,13:00,40.83968,-73.929276,0,0,0,0,4083,-7392,0.310126582278481
2021-05-20T00:00:00.000,17:05,0.0,0.0,1,0,1,1,0,0,0.40425531914893614
2021-05-21T00:00:00.000,12:52,40.60645,-74.08733,0,0,0,0,4060,-7408,0.3235294117647059
2021-05-19T00:00:00.000,23:56,40.762486,-73.96298,0,0,0,0,4076,-7396,0.3023255813953488
2021-05-20T00:00:00.000,19:15,40.773502,-73.79653,1,0,1,1,4077,-7379,0.5
2021-05-21T00:00:00.000,15:00,40.66496,-73.82226,0,0,0,0,4066,-7382,0.43103448275862066
2021-05-20T00:00:00.000,16:45,40.638523,-73.98131,1,0,1,1,4063,-7398,0.4827586206896552
2021-05-19T00:00:00.000,15:30,40.83354,-73.89631,2,0,1,1,4083,-7389,0.3333333333333333
2021-05-18T00:00:00.000,15:35,40.838158,-73.92324,1,0,1,1,4083,-7392,0.310126582278481
2021-05-21T00:00:00.000,12:15,40.68161,-73.77221,0,0,0,0,4068,-7377,0.3673469387755102
2021-05-19T00:00:00.000,18:00,40.858433,-73.885124,0,0,0,0,4085,-7388,0.3
2021-05-20T00:00:00.000,0:00,40.711903,-73.96295,0,0,0,0,4071,-7396,0.3218390804597701
2021-05-19T00:00:00.000,8:35,40.649525,-73.98072,0,0,0,0,4064,-7398,0.40425531914893614
2021-05-21T00:00:00.000,17:15,40.535736,-74.16379,0,0,0,0,4053,-7416,0.25
2021-05-21T00:00:00.000,17:10,40.63472,-73.9497,0,0,0,0,4063,-7394,0.358974358974359
2021-05-18T00:00:00.000,13:55,40.798344,-73.95243,0,0,0,0,4079,-7395,0.42
2021-05-20T00:00:00.000,2:15,40.833447,-73.887955,0,0,0,0,4083,-7388,0.26717557251908397
2021-05-19T00:00:00.000,7:44,40.809265,-73.90854,1,0,1,1,4080,-7390,0.36538461538461536
2021-05-21T00:00:00.000,18:14,40.67551,-73.79246,3,0,1,1,4067,-7379,0.4264705882352941
2021-05-19T00:00:00.000,15:18,40.689445,-73.808716,2,0,1,1,4068,-7380,0.3829787234042553
2021-05-20T00:00:00.000,12:15,40.66298,-73.753975,0,0,0,0,4066,-7375,0.3
2021-05-20T00:00:00.000,15:00,40.744026,-73.92616,0,0,0,0,4074,-7392,0.3709677419354839
2021-05-19T00:00:00.000,8:14,40.74094,-73.91725,2,0,1,1,4074,-7391,0.38333333333333336
2021-05-19T00:00:00.000,9:54,40.681137,-73.95567,0,0,0,0,4068,-7395,0.38571428571428573
2021-05-20T00:00:00.000,11:10,40.823082,-73.86722,1,0,1,1,4082,-7386,0.3493975903614458
2021-05-19T00:00:00.000,20:00,40.597824,-73.78255,0,0,0,0,4059,-7378,0.14705882352941177
2021-05-19T00:00:00.000,4:57,40.676094,-73.94992,0,0,0,0,4067,-7394,0.34074074074074073
2021-05-21T00:00:00.000,14:59,40.840675,-73.838394,1,0,1,1,4084,-7383,0.4318181818181818
2021-12-24T00:00:00.000,16:30,40.871407,-73.86474,0,0,0,0,4087,-7386,0.3142857142857143
2021-05-21T00:00:00.000,10:52,40.667236,-73.770004,1,0,1,1,4066,-7377,0.37362637362637363
2021-05-19T00:00:00.000,16:34,40.84827,-73.88312,1,0,1,1,4084,-7388,0.390625
2021-05-17T00:00:00.000,17:35,40.899815,-73.85781,2,0,1,1,4089,-7385,0.3813559322033898
2021-05-20T00:00:00.000,18:40,40.735497,-73.869705,1,0,1,1,4073,-7386,0.3464566929133858
2021-05-20T00:00:00.000,22:27,40.70183,-73.91933,0,0,0,0,4070,-7391,0.27450980392156865
2021-05-19T00:00:00.000,12:30,0.0,0.0,0,0,0,0,0,0,0.40425531914893614
2021-05-21T00:00:00.000,16:04,40.728077,-73.81272,0,0,0,0,4072,-7381,0.2926829268292683
2021-05-21T00:00:00.000,9:45,40.85391,-73.89109,0,0,0,0,4085,-7389,0.3353658536585366
2021-05-20T00:00:00.000,13:13,40.648254,-73.971405,1,0,1,1,4064,-7397,0.4095238095238095
2021-05-21T00:00:00.000,14:41,40.81751,-73.96069,0,0,0,0,4081,-7396,0.2222222222222222
2021-05-20T00:00:00.000,16:25,40.624454,-73.95509,1,0,1,1,4062,-7395,0.4444444444444444
2021-05-18T00:00:00.000,8:40,40.66423,-73.919106,1,0,1,1,4066,-7391,0.3630952380952381
2021-05-21T00:00:00.000,16:20,40.889133,-73.835556,2,0,1,1,4088,-7383,0.3448275862068966
2021-05-19T00:00:00.000,21:29,40.815186,-73.90306,0,0,0,0,4081,-7390,0.3888888888888889
2021-05-21T00:00:00.000,0:41,40.754986,-73.74535,0,0,0,0,4075,-7374,0.3333333333333333
2021-05-19T00:00:00.000,6:07,40.789253,-73.85182,0,0,0,0,4078,-7385,0.0
2021-05-21T00:00:00.000,1:30,40.678165,-73.746506,0,0,0,0,4067,-7374,0.2619047619047619
2021-05-19T00:00:00.000,14:40,40.695847,-73.908806,0,0,0,0,4069,-7390,0.29591836734693877
2021-05-15T00:00:00.000,17:01,40.534813,-74.194115,0,0,0,0,4053,-7419,0.2857142857142857
2021-05-21T00:00:00.000,15:00,40.853245,-73.84325,0,0,0,0,4085,-7384,0.32432432432432434
2021-05-20T00:00:00.000,20:35,40.824078,-73.94889,1,0,1,1,4082,-7394,0.3812154696132597
2021-05-19T00:00:00.000,17:05,40.82523,-73.94761,0,0,0,0,4082,-7394,0.3812154696132597
2021-05-21T00:00:00.000,11:55,40.753265,-73.91229,0,0,0,0,4075,-7391,0.4777777777777778
2021-05-20T00:00:00.000,16:08,40.64563,-73.88891,1,0,1,1,4064,-7388,0.3225806451612903
2021-05-20T00:00:00.000,15:30,40.782703,-73.97123,0,0,0,0,4078,-7397,0.3434343434343434
2021-05-21T00:00:00.000,8:30,40.680496,-73.98098,0,0,0,0,4068,-7398,0.3873239436619718
2021-05-17T00:00:00.000,0:09,40.64513,-73.948975,0,0,0,0,4064,-7394,0.42342342342342343
2021-05-19T00:00:00.000,23:00,40.667076,-73.78091,0,0,0,0,4066,-7378,0.34615384615384615
2021-05-19T00:00:00.000,9:38,40.73148,-73.94628,1,0,1,1,4073,-7394,0.5
2021-05-19T00:00:00.000,17:10,40.822643,-73.953224,1,0,1,1,4082,-7395,0.4117647058823529
2021-05-20T00:00:00.000,18:00,40.7509,-73.99812,0,0,0,0,4075,-7399,0.2830188679245283
2021-05-19T00:00:00.000,0:00,40.813133,-73.857506,0,0,0,0,4081,-7385,0.30434782608695654
2021-05-21T00:00:00.000,9:02,40.652752,-73.88629,2,0,1,1,4065,-7388,0.41509433962264153
2021-05-19T00:00:00.000,23:20,40.66807,-73.950676,0,0,0,0,4066,-7395,0.44375
2021-05-19T00:00:00.000,17:50,40.65543,-74.003265,0,0,0,0,4065,-7400,0.41509433962264153
2021-05-21T00:00:00.000,15:50,40.868645,-73.82239,0,0,0,0,4086,-7382,0.3611111111111111
2021-05-20T00:00:00.000,16:30,40.78961,-73.97362,0,0,0,0,4078,-7397,0.3434343434343434
2021-04-15T00:00:00.000,19:45,40.678394,-73.94692,1,0,1,1,4067,-7394,0.34074074074074073
2021-05-14T00:00:00.000,21:03,40.85558,-73.93427,0,0,0,0,4085,-7393,0.36585365853658536
2021-05-20T00:00:00.000,19:55,40.737896,-73.92355,1,0,1,1,4073,-7392,0.4444444444444444
2021-05-20T00:00:00.000,1:05,40.710735,-73.961815,0,0,0,0,4071,-7396,0.3218390804597701
2021-05-19T00:00:00.000,19:15,40.68484,-73.80607,0,0,0,0,4068,-7380,0.3829787234042553
2021-05-20T00:00:00.000,6:30,40.851936,-73.91078,0,0,0,0,4085,-7391,0.373134328358209
2021-05-19T00:00:00.000,16:15,40.8115,-73.93481,0,0,0,0,4081,-7393,0.32432432432432434
2021-05-20T00:00:00.000,18:00,40.61696,-74.02751,1,0,1,1,4061,-7402,0.4090909090909091
2021-05-19T00:00:00.000,11:05,40.747124,-73.94239,0,0,0,0,4074,-7394,0.33962264150943394
2021-05-07T00:00:00.000,13:50,40.73873,-73.7573,0,0,0,0,4073,-7375,0.125
2021-05-20T00:00:00.000,15:00,40.766666,-73.96707,0,0,0,0,4076,-7396,0.3023255813953488
2021-05-21T00:00:00.000,8:30,40.64725,-73.89691,0,0,0,0,4064,-7389,0.43478260869565216
2021-05-20T00:00:00.000,11:15,40.67346,-73.91822,0,0,0,0,4067,-7391,0.36597938144329895
2021-05-10T00:00:00.000,19:09,40.612007,-74.00889,0,0,0,0,4061,-7400,0.3076923076923077
2021-05-20T00:00:00.000,0:35,40.76553,-73.94028,1,0,1,1,4076,-7394,0.4583333333333333
2021-05-21T00:00:00.000,21:00,40.673588,-73.73351,0,0,0,0,4067,-7373,0.46835443037974683
2021-05-21T00:00:00.000,2:40,40.657173,-73.88743,0,0,0,0,4065,-7388,0.41509433962264153
2021-05-20T00:00:00.000,16:00,40.58176,-73.85029,0,0,0,0,4058,-7385,0.3333333333333333
2021-05-20T00:00:00.000,15:26,40.8275,-73.8408,1,0,1,1,4082,-7384,0.3835616438356164
2021-12-22T00:00:00.000,9:00,40.72771,-73.942474,0,0,0,0,4072,-7394,0.19801980198019803
2021-05-19T00:00:00.000,12:28,40.598522,-73.98657,0,0,0,0,4059,-7398,0.34146341463414637
2021-05-21T00:00:00.000,17:30,40.71995,-74.00859,0,0,0,0,4071,-7400,0.25517241379310346
2021-05-20T00:00:00.000,9:00,40.666878,-73.99164,0,0,0,0,4066,-7399,0.40540540540540543
2021-05-20T00:00:00.000,14:00,40.71338,-73.82874,0,0,0,0,4071,-7382,0.379746835443038
2021-05-07T00:00:00.000,19:41,40.696354,-73.94071,1,0,1,1,4069,-7394,0.417910447761194
2021-05-19T00:00:00.000,10:07,40.585934,-73.9519,1,0,1,1,4058,-7395,0.3465346534653465
2021-05-19T00:00:00.000,9:45,40.636627,-73.94226,0,0,0,0,4063,-7394,0.358974358974359
2021-05-19T00:00:00.000,11:30,40.699924,-73.96171,0,0,0,0,4069,-7396,0.325
2021-05-21T00:00:00.000,8:03,40.620434,-74.024475,1,0,1,1,4062,-7402,0.3625
2021-05-21T00:00:00.000,19:25,40.835358,-73.94022,0,0,0,0,4083,-7394,0.38926174496644295
2021-05-20T00:00:00.000,13:07,40.67711,-73.78129,0,0,0,0,4067,-7378,0.2
2021-05-20T00:00:00.000,18:30,40.833183,-73.85267,0,0,0,0,4083,-7385,0.30158730158730157
2021-05-21T00:00:00.000,6:30,40.72466,-73.74654,0,0,0,0,4072,-7374,0.44
2021-05-20T00:00:00.000,1:00,40.841045,-73.8531,1,0,1,1,4084,-7385,0.32727272727272727
2021-12-23T00:00:00.000,15:30,40.706158,-73.907845,1,0,1,1,4070,-7390,0.37894736842105264
2021-05-18T00:00:00.000,14:23,40.80949,-73.95167,2,0,1,1,4080,-7395,0.381294964028777
2021-05-19T00:00:00.000,13:51,40.741398,-73.717735,0,0,0,0,4074,-7371,0.38095238095238093
2021-05-20T00:00:00.000,5:00,40.72168,-73.9448,0,0,0,0,4072,-7394,0.19801980198019803
2021-05-21T00:00:00.000,17:35,40.64254,-73.87652,1,0,1,1,4064,-7387,0.4918032786885246
2021-05-19T00:00:00.000,20:37,40.80155,-73.95002,0,0,0,0,4080,-7395,0.381294964028777
2021-05-20T00:00:00.000,0:00,40.66284,-73.99894,0,0,0,0,4066,-7399,0.40540540540540543
2021-05-17T00:00:00.000,15:05,40.84772,-73.89668,0,0,0,0,4084,-7389,0.33766233766233766
2021-05-21T00:00:00.000,15:45,40.667973,-73.750824,1,0,1,1,4066,-7375,0.3
2021-05-14T00:00:00.000,8:30,40.756718,-73.91422,0,0,0,0,4075,-7391,0.4777777777777778
2021-05-19T00:00:00.000,10:40,40.711166,-73.9489,1,0,1,1,4071,-7394,0.3710691823899371
2021-05-20T00:00:00.000,17:00,40.805737,-73.94065,1,0,1,1,4080,-7394,0.41116751269035534
2021-05-20T00:00:00.000,11:03,40.769188,-73.837296,0,0,0,0,4076,-7383,0.33695652173913043
2021-05-19T00:00:00.000,15:00,40.59552,-74.08378,0,0,0,0,4059,-7408,0.36363636363636365
2021-05-19T00:00:00.000,11:50,40.744026,-73.717636,0,0,0,0,4074,-7371,0.38095238095238093
2021-05-21T00:00:00.000,2:30,40.59565,-73.908165,1,0,1,1,4059,-7390,0.23404255319148937
2021-05-21T00:00:00.000,18:50,40.75873,-73.99612,1,0,1,1,4075,-7399,0.2830188679245283
2021-05-21T00:00:00.000,13:00,40.753838,-73.805824,0,0,0,0,4075,-7380,0.36363636363636365
2021-05-21T00:00:00.000,18:00,40.83715,-73.887115,0,0,0,0,4083,-7388,0.26717557251908397
2021-05-19T00:00:00.000,11:25,40.76597,-73.96932,0,0,0,0,4076,-7396,0.3023255813953488
2021-05-20T00:00:00.000,14:05,40.718426,-73.817505,0,0,0,0,4071,-7381,0.3448275862068966
2021-05-21T00:00:00.000,9:49,40.653088,-73.88655,0,0,0,0,4065,-7388,0.41509433962264153
2021-05-20T00:00:00.000,13:30,40.57545,-73.99539,0,0,0,0,4057,-7399,0.32558139534883723
2021-05-19T00:00:00.000,11:26,40.818623,-73.88908,0,0,0,0,4081,-7388,0.25471698113207547
2021-05-20T00:00:00.000,10:31,40.76673,-73.91712,0,0,0,0,4076,-7391,0.40476190476190477
2021-05-20T00:00:00.000,14:45,40.726933,-73.99992,0,0,0,0,4072,-7399,0.3829787234042553
2021-05-19T00:00:00.000,15:00,40.659595,-73.72765,0,0,0,0,4065,-7372,0.26666666666666666
2021-05-19T00:00:00.000,13:00,40.673107,-73.99972,2,0,1,1,4067,-7399,0.3258426966292135
2021-05-20T00:00:00.000,20:37,40.76018,-73.86008,1,0,1,1,4076,-7386,0.40298507462686567
2021-05-21T00:00:00.000,22:32,40.69168,-73.99965,0,0,0,0,4069,-7399,0.29473684210526313
2021-05-14T00:00:00.000,18:44,40.852894,-73.93273,1,0,1,1,4085,-7393,0.36585365853658536
2021-05-21T00:00:00.000,19:55,40.829155,-73.93728,3,0,1,1,4082,-7393,0.36645962732919257
2021-05-20T00:00:00.000,1:00,40.717014,-73.7994,0,0,0,0,4071,-7379,0.3888888888888889
2021-05-19T00:00:00.000,12:55,40.692062,-73.95191,0,0,0,0,4069,-7395,0.30952380952380953
2021-05-20T00:00:00.000,10:30,40.67816,-73.897484,0,0,0,0,4067,-7389,0.33852140077821014
2021-05-19T00:00:00.000,4:45,40.86987,-73.88283,0,0,0,0,4086,-7388,0.23943661971830985
2021-05-19T00:00:00.000,14:20,40.84503,-73.86708,0,0,0,0,4084,-7386,0.375
2021-05-20T00:00:00.000,18:00,40.657276,-73.914345,2,0,1,1,4065,-7391,0.425
2021-05-21T00:00:00.000,5:55,40.73031,-73.810905,0,0,0,0,4073,-7381,0.3181818181818182
2021-05-21T00:00:00.000,12:10,40.73652,-73.99073,1,0,1,1,4073,-7399,0.423728813559322
2021-05-19T00:00:00.000,21:45,40.63965,-74.03033,0,0,0,0,4063,-7403,0.42424242424242425
2021-05-19T00:00:00.000,8:12,40.68377,-73.92625,0,0,0,0,4068,-7392,0.2542372881355932
2021-05-19T00:00:00.000,10:30,40.838886,-73.921646,0,0,0,0,4083,-7392,0.310126582278481
2021-05-19T00:00:00.000,1:55,40.66573,-73.75376,2,0,1,1,4066,-7375,0.3
2021-05-20T00:00:00.000,13:00,40.70918,-73.81916,0,0,0,0,4070,-7381,0.3194444444444444
2021-05-20T00:00:00.000,12:37,40.868385,-73.89416,0,0,0,0,4086,-7389,0.40606060606060607
2021-05-18T00:00:00.000,10:50,40.856625,-73.93936,0,0,0,0,4085,-7393,0.36585365853658536
2021-05-19T00:00:00.000,8:01,40.67091,-73.771,1,0,1,1,4067,-7377,0.32608695652173914
2021-05-12T00:00:00.000,19:00,40.75806,-73.81402,0,0,0,0,4075,-7381,0.35
2021-05-19T00:00:00.000,16:55,40.6481,-73.91474,1,0,1,1,4064,-7391,0.39805825242718446
2021-05-19T00:00:00.000,11:45,40.725388,-73.90884,0,0,0,0,4072,-7390,0.2978723404255319
2021-05-19T00:00:00.000,10:20,40.71404,-73.92634,0,0,0,0,4071,-7392,0.2777777777777778
2021-05-19T00:00:00.000,16:47,40.83907,-73.94353,0,0,0,0,4083,-7394,0.38926174496644295
2021-05-20T00:00:00.000,18:00,40.846466,-73.87123,0,0,0,0,4084,-7387,0.48333333333333334
2021-05-20T00:00:00.000,6:50,40.660988,-73.889206,0,0,0,0,4066,-7388,0.37012987012987014
2021-05-12T00:00:00.000,17:05,40.74181,-73.783005,0,0,0,0,4074,-7378,0.43478260869565216
2021-05-20T00:00:00.000,0:01,40.788742,-73.94785,0,0,0,0,4078,-7394,0.33513513513513515
2021-12-22T00:00:00.000,8:05,40.681633,-73.9318,0,0,0,0,4068,-7393,0.3619047619047619
2021-05-21T00:00:00.000,18:30,40.72469,-73.7528,0,0,0,0,4072,-7375,0.2727272727272727
2021-05-21T00:00:00.000,8:25,40.598648,-74.004456,0,0,0,0,4059,-7400,0.2962962962962963
2021-05-20T00:00:00.000,13:40,40.899246,-73.84609,1,0,1,1,4089,-7384,0.3333333333333333
2021-05-21T00:00:00.000,15:55,40.733967,-73.87177,0,0,0,0,4073,-7387,0.3140495867768595
2021-05-19T00:00:00.000,20:37,40.703655,-73.822464,2,0,1,1,4070,-7382,0.4166666666666667
2021-12-23T00:00:00.000,2:00,40.666397,-73.785,1,0,1,1,4066,-7378,0.34615384615384615
2021-05-19T00:00:00.000,13:17,40.802696,-73.949196,0,0,0,0,4080,-7394,0.41116751269035534
2021-05-20T00:00:00.000,8:37,40.767532,-73.95535,0,0,0,0,4076,-7395,0.3696969696969697
2021-05-19T00:00:00.000,15:00,40.663727,-73.95386,0,0,0,0,4066,-7395,0.44375
2021-05-20T00:00:00.000,13:15,40.61913,-73.99019,0,0,0,0,4061,-7399,0.29411764705882354
2021-04-30T00:00:00.000,23:00,40.685184,-73.854225,1,0,1,1,4068,-7385,0.43103448275862066
2021-12-22T00:00:00.000,15:30,40.752556,-73.86515,0,0,0,0,4075,-7386,0.33653846153846156
2021-05-20T00:00:00.000,19:50,40.72267,-73.98297,1,0,1,1,4072,-7398,0.4342105263157895
2021-05-20T00:00:00.000,10:30,40.578823,-73.98628,1,0,1,1,4057,-7398,0.36904761904761907
2021-05-21T00:00:00.000,0:11,40.723118,-74.00624,0,0,0,0,4072,-7400,0.32926829268292684
2021-05-21T00:00:00.000,17:30,40.67601,-73.88567,0,0,0,0,4067,-7388,0.30434782608695654
2021-04-07T00:00:00.000,16:50,40.677692,-73.95602,0,0,0,0,4067,-7395,0.3695652173913043
2021-05-20T00:00:00.000,18:09,40.712357,-74.0009,0,0,0,0,4071,-7400,0.25517241379310346
2021-05-20T00:00:00.000,17:25,40.62445,-73.968025,1,0,1,1,4062,-7396,0.375
2021-04-29T00:00:00.000,17:45,40.65473,-73.90692,5,0,1,1,4065,-7390,0.375
2021-05-21T00:00:00.000,10:15,40.69326,-73.73098,0,0,0,0,4069,-7373,0.36585365853658536
2021-05-16T00:00:00.000,7:50,40.654045,-73.951866,0,0,0,0,4065,-7395,0.38686131386861317
2021-05-20T00:00:00.000,9:00,40.701077,-73.94043,1,0,1,1,4070,-7394,0.3956043956043956
2021-05-19T00:00:00.000,14:24,40.699154,-73.833206,0,0,0,0,4069,-7383,0.35555555555555557
2021-05-20T00:00:00.000,17:49,40.652946,-73.92373,0,0,0,0,4065,-7392,0.35555555555555557
2021-05-20T00:00:00.000,23:30,40.8283,-73.88296,0,0,0,0,4082,-7388,0.27624309392265195
2021-05-19T00:00:00.000,12:40,40.686646,-73.78471,0,0,0,0,4068,-7378,0.3384615384615385
2021-05-19T00:00:00.000,10:56,40.831333,-73.84774,0,0,0,0,4083,-7384,0.22727272727272727
2021-05-21T00:00:00.000,22:23,40.68962,-73.97313,0,0,0,0,4068,-7397,0.3412322274881517
2021-05-20T00:00:00.000,1:16,40.66081,-73.90996,0,0,0,0,4066,-7390,0.2777777777777778
2021-05-17T00:00:00.000,8:00,40.798832,-73.95203,0,0,0,0,4079,-7395,0.42
2021-05-13T00:00:00.000,14:40,40.712204,-73.88638,0,0,0,0,4071,-7388,0.10344827586206896
2021-05-20T00:00:00.000,8:45,40.59955,-73.76129,0,0,0,0,4059,-7376,0.23809523809523808
2021-05-19T00:00:00.000,15:15,40.76155,-73.96659,1,0,1,1,4076,-7396,0.3023255813953488
2021-05-20T00:00:00.000,11:37,40.824127,-73.954834,0,0,0,0,4082,-7395,0.4117647058823529
2021-05-19T00:00:00.000,23:24,40.595253,-73.97348,0,0,0,0,4059,-7397,0.3191489361702128
2021-05-20T00:00:00.000,16:45,40.585976,-73.93791,0,0,0,0,4058,-7393,0.24324324324324326
2021-05-21T00:00:00.000,15:30,40.76316,-73.8164,1,0,1,1,4076,-7381,0.4716981132075472
2021-05-21T00:00:00.000,13:04,40.856606,-73.868355,0,0,0,0,4085,-7386,0.33766233766233766
2021-05-20T00:00:00.000,9:30,40.67089,-73.88184,0,0,0,0,4067,-7388,0.30434782608695654
2021-05-20T00:00:00.000,20:35,40.665634,-73.758156,0,0,0,0,4066,-7375,0.3
2021-05-19T00:00:00.000,8:45,40.69958,-73.9278,0,0,0,0,4069,-7392,0.3584905660377358
2021-05-19T00:00:00.000,12:30,40.66974,-73.91043,0,0,0,0,4066,-7391,0.3630952380952381
2021-05-19T00:00:00.000,19:35,40.68424,-73.83808,1,0,1,1,4068,-7383,0.45454545454545453
2021-05-21T00:00:00.000,19:40,40.879246,-73.85148,1,0,1,1,4087,-7385,0.37681159420289856
2021-05-20T00:00:00.000,11:20,40.62894,-74.116196,0,0,0,0,4062,-7411,0.5238095238095238
2021-05-19T00:00:00.000,11:55,40.75866,-73.82909,0,0,0,0,4075,-7382,0.4915254237288136
2021-05-19T00:00:00.000,22:30,40.718216,-73.99051,3,0,1,1,4071,-7399,0.3263157894736842
2021-05-15T00:00:00.000,21:44,40.808002,-73.96391,1,0,1,1,4080,-7396,0.31343283582089554
2021-05-20T00:00:00.000,22:11,40.63926,-73.93777,0,1,2,1,4063,-7393,0.46153846153846156
2021-05-20T00:00:00.000,6:35,40.694576,-73.95615,1,0,1,1,4069,-7395,0.30952380952380953
2021-05-20T00:00:00.000,15:55,40.694214,-73.95932,0,0,0,0,4069,-7395,0.30952380952380953
2021-05-21T00:00:00.000,8:25,40.685894,-73.86524,0,0,0,0,4068,-7386,0.423728813559322
2021-05-19T00:00:00.000,13:00,40.666306,-73.79171,1,0,1,1,4066,-7379,0.3870967741935484
2021-05-20T00:00:00.000,6:50,40.689365,-73.9058,1,0,1,1,4068,-7390,0.4421052631578947
2021-05-19T00:00:00.000,16:12,40.71829,-73.987434,0,0,0,0,4071,-7398,0.39568345323741005
2021-05-19T00:00:00.000,14:12,40.89711,-73.88008,0,0,0,0,4089,-7388,0.5
2021-05-21T00:00:00.000,16:15,40.685062,-74.00269,0,0,0,0,4068,-7400,0.3333333333333333
2021-05-21T00:00:00.000,15:31,40.681633,-73.95133,0,0,0,0,4068,-7395,0.38571428571428573
2021-05-21T00:00:00.000,13:21,40.64975,-73.936,0,0,0,0,4064,-7393,0.3333333333333333
2021-05-18T00:00:00.000,20:00,40.678955,-73.86516,0,0,0,0,4067,-7386,0.3431372549019608
2021-05-19T00:00:00.000,20:54,40.63345,-73.91645,1,0,1,1,4063,-7391,0.5
2021-05-20T00:00:00.000,21:57,40.670223,-73.72855,1,0,1,1,4067,-7372,0.3888888888888889
2021-05-13T00:00:00.000,17:50,40.594673,-73.800865,1,0,1,1,4059,-7380,0.5
2021-05-20T00:00:00.000,18:15,40.696198,-73.98869,0,0,0,0,4069,-7398,0.3229166666666667
2021-05-21T00:00:00.000,12:10,40.795456,-73.96564,1,0,1,1,4079,-7396,0.25
2021-05-17T00:00:00.000,15:59,40.637547,-74.003845,1,0,1,1,4063,-7400,0.3068181818181818
2021-05-16T00:00:00.000,13:20,40.7952,-73.94623,1,0,1,1,4079,-7394,0.3523809523809524
2021-05-20T00:00:00.000,13:55,40.709747,-73.82057,0,0,0,0,4070,-7382,0.4166666666666667
2021-04-30T00:00:00.000,11:45,40.742405,-73.75348,1,0,1,1,4074,-7375,0.16666666666666666
2021-05-21T00:00:00.000,12:45,40.65453,-73.90688,1,0,1,1,4065,-7390,0.375
2021-05-21T00:00:00.000,23:30,40.73491,-73.92057,1,0,1,1,4073,-7392,0.4444444444444444
2021-05-21T00:00:00.000,9:58,40.78654,-73.95044,0,0,0,0,4078,-7395,0.42168674698795183
2021-05-02T00:00:00.000,18:00,40.668976,-73.90668,3,0,1,1,4066,-7390,0.2777777777777778
2021-05-20T00:00:00.000,20:21,40.82394,-73.94856,1,0,1,1,4082,-7394,0.3812154696132597
2021-05-19T00:00:00.000,20:46,40.736145,-73.92651,1,0,1,1,4073,-7392,0.4444444444444444
2021-05-21T00:00:00.000,20:36,40.701706,-73.83655,1,0,1,1,4070,-7383,0.3541666666666667
2021-05-19T00:00:00.000,4:00,40.872837,-73.82628,0,0,0,0,4087,-7382,0.3333333333333333
2021-12-23T00:00:00.000,23:00,40.678394,-73.78862,1,0,1,1,4067,-7378,0.2
2021-05-19T00:00:00.000,7:45,40.88065,-73.86494,1,0,1,1,4088,-7386,0.23809523809523808
2021-02-27T00:00:00.000,1:24,40.698376,-73.983055,0,0,0,0,4069,-7398,0.3229166666666667
2021-05-19T00:00:00.000,12:00,40.71997,-73.992905,2,0,1,1,4071,-7399,0.3263157894736842
2021-05-06T00:00:00.000,21:40,40.697166,-73.893364,1,0,1,1,4069,-7389,0.3709677419354839
2021-05-16T00:00:00.000,10:13,40.599854,-73.98878,0,0,0,0,4059,-7398,0.34146341463414637
2021-05-20T00:00:00.000,21:47,40.752686,-74.000534,0,0,0,0,4075,-7400,0.3888888888888889
2021-05-20T00:00:00.000,17:31,40.69168,-73.999344,0,0,0,0,4069,-7399,0.29473684210526313
2021-05-21T00:00:00.000,21:20,40.80992,-73.90722,1,0,1,1,4080,-7390,0.36538461538461536
2021-05-21T00:00:00.000,0:00,40.668552,-73.8205,0,0,0,0,4066,-7382,0.43103448275862066
2021-05-19T00:00:00.000,18:45,40.70109,-73.94502,0,0,0,0,4070,-7394,0.3956043956043956
2021-05-14T00:00:00.000,15:48,40.68708,-73.913895,0,0,0,0,4068,-7391,0.344
2021-05-21T00:00:00.000,18:20,40.593327,-73.964645,0,0,0,0,4059,-7396,0.38596491228070173
2021-05-18T00:00:00.000,16:50,40.51703,-74.233795,0,0,0,0,4051,-7423,0.0625
2021-05-19T00:00:00.000,8:20,40.71443,-73.83315,1,0,1,1,4071,-7383,0.37349397590361444
2021-05-19T00:00:00.000,11:39,40.635334,-73.9723,0,0,0,0,4063,-7397,0.36893203883495146
2021-05-21T00:00:00.000,14:00,40.699173,-73.95543,0,0,0,0,4069,-7395,0.30952380952380953
2021-05-21T00:00:00.000,1:05,40.67995,-73.98133,0,0,0,0,4067,-7398,0.3655913978494624
2021-05-19T00:00:00.000,14:22,40.78911,-73.96656,0,0,0,0,4078,-7396,0.28125
2021-05-19T00:00:00.000,14:40,40.82534,-73.910194,1,0,1,1,4082,-7391,0.3355263157894737
2021-05-19T00:00:00.000,20:30,40.643875,-73.89812,0,0,0,0,4064,-7389,0.43478260869565216
2021-05-21T00:00:00.000,23:10,40.741936,-73.97263,1,0,1,1,4074,-7397,0.4810810810810811
2021-05-15T00:00:00.000,0:25,40.86241,-73.9225,3,0,1,1,4086,-7392,0.359375
2021-05-21T00:00:00.000,10:30,40.80661,-73.921,0,0,0,0,4080,-7392,0.3141025641025641
2021-05-20T00:00:00.000,20:00,40.82147,-73.93663,0,0,0,0,4082,-7393,0.36645962732919257
2021-05-17T00:00:00.000,18:36,40.6526,-73.939186,0,0,0,0,4065,-7393,0.44366197183098594
2021-05-21T00:00:00.000,10:00,40.846657,-73.89619,0,0,0,0,4084,-7389,0.33766233766233766
2021-12-24T00:00:00.000,4:30,40.697075,-73.93185,0,0,0,0,4069,-7393,0.3141025641025641
2021-05-20T00:00:00.000,22:20,40.67765,-73.949776,0,0,0,0,4067,-7394,0.34074074074074073
2021-05-21T00:00:00.000,8:15,40.73721,-73.86393,0,0,0,0,4073,-7386,0.3464566929133858
2021-05-19T00:00:00.000,16:30,40.82292,-73.91206,0,0,0,0,4082,-7391,0.3355263157894737
2021-05-19T00:00:00.000,11:10,0.0,0.0,2,0,1,1,0,0,0.40425531914893614
2021-05-20T00:00:00.000,0:30,40.710957,-73.951126,1,0,1,1,4071,-7395,0.36585365853658536
2021-05-21T00:00:00.000,17:55,40.762306,-73.82745,0,0,0,0,4076,-7382,0.2987012987012987
2021-05-19T00:00:00.000,7:20,40.702232,-73.98118,0,0,0,0,4070,-7398,0.21568627450980393
2021-05-21T00:00:00.000,12:00,40.74049,-73.92967,0,0,0,0,4074,-7392,0.3709677419354839
2021-05-20T00:00:00.000,8:00,40.724495,-73.72469,3,0,1,1,4072,-7372,0.3793103448275862
2021-05-21T00:00:00.000,9:05,40.76155,-73.96659,1,0,1,1,4076,-7396,0.3023255813953488
2021-05-21T00:00:00.000,8:00,40.664192,-73.841125,1,0,1,1,4066,-7384,0.5925925925925926
2021-05-21T00:00:00.000,21:09,40.683952,-73.96498,2,0,1,1,4068,-7396,0.42567567567567566
2021-05-20T00:00:00.000,14:25,40.848606,-73.8898,0,0,0,0,4084,-7388,0.390625
2021-05-21T00:00:00.000,23:14,40.692722,-73.72673,0,0,0,0,4069,-7372,0.40425531914893614
2021-05-20T00:00:00.000,14:35,40.64,-73.90194,0,0,0,0,4064,-7390,0.4017094017094017
2021-05-21T00:00:00.000,14:30,40.68122,-73.97542,0,0,0,0,4068,-7397,0.3412322274881517
2021-05-17T00:00:00.000,14:07,40.615513,-73.91377,2,0,1,1,4061,-7391,0.358974358974359
2021-05-21T00:00:00.000,8:03,40.63195,-74.14667,2,0,1,1,4063,-7414,0.5769230769230769
2021-09-28T00:00:00.000,7:45,40.696865,-73.83717,0,0,0,0,4069,-7383,0.35555555555555557
2021-05-18T00:00:00.000,20:00,40.770527,-73.98012,1,0,1,1,4077,-7398,0.38028169014084506
2021-05-21T00:00:00.000,20:00,40.68912,-73.8686,0,0,0,0,4068,-7386,0.423728813559322
2021-05-21T00:00:00.000,0:45,40.76663,-73.88903,0,0,0,0,4076,-7388,0.43283582089552236
2021-05-20T00:00:00.000,3:40,40.8451,-73.91878,1,0,1,1,4084,-7391,0.32558139534883723
2021-05-21T00:00:00.000,21:00,40.864506,-73.8909,0,0,0,0,4086,-7389,0.40606060606060607
2021-05-19T00:00:00.000,15:30,40.85493,-73.82617,0,0,0,0,4085,-7382,0.45714285714285713
2021-05-21T00:00:00.000,11:36,40.78717,-73.94999,1,0,1,1,4078,-7394,0.33513513513513515
2021-05-21T00:00:00.000,23:42,40.68777,-73.98701,0,0,0,0,4068,-7398,0.3873239436619718
2021-05-20T00:00:00.000,16:49,40.797062,-73.93463,0,0,0,0,4079,-7393,0.36585365853658536
2021-05-20T00:00:00.000,9:45,40.750317,-73.99112,0,0,0,0,4075,-7399,0.2830188679245283
2021-05-21T00:00:00.000,21:53,40.867218,-73.885544,0,0,0,0,4086,-7388,0.23943661971830985
2021-05-20T00:00:00.000,15:22,40.632294,-73.96678,1,0,1,1,4063,-7396,0.34615384615384615
2021-05-20T00:00:00.000,12:31,40.76687,-73.959785,1,0,1,1,4076,-7395,0.3696969696969697
2021-05-20T00:00:00.000,17:00,40.611237,-74.06049,0,0,0,0,4061,-7406,0.2
2021-12-23T00:00:00.000,13:51,40.612286,-74.01098,1,0,1,1,4061,-7401,0.2972972972972973
2021-05-21T00:00:00.000,7:40,40.872116,-73.88048,0,0,0,0,4087,-7388,0.3561643835616438
2021-05-21T00:00:00.000,17:00,40.718403,-73.949036,0,0,0,0,4071,-7394,0.3710691823899371
2021-05-19T00:00:00.000,17:48,40.848606,-73.91397,1,0,1,1,4084,-7391,0.32558139534883723
2021-05-09T00:00:00.000,3:25,40.632473,-73.9049,1,0,1,1,4063,-7390,0.3561643835616438
2021-05-21T00:00:00.000,13:15,40.71762,-74.00028,1,0,1,1,4071,-7400,0.25517241379310346
2021-05-19T00:00:00.000,7:55,40.850845,-73.851814,0,0,0,0,4085,-7385,0.3125
2021-05-19T00:00:00.000,0:25,40.694946,-73.9921,0,0,0,0,4069,-7399,0.29473684210526313
2021-05-21T00:00:00.000,15:50,40.703934,-73.9348,0,0,0,0,4070,-7393,0.3300970873786408
2021-05-13T00:00:00.000,10:15,40.740074,-73.72386,0,0,0,0,4074,-7372,0.375
2021-05-19T00:00:00.000,9:32,40.654705,-74.00731,1,0,1,1,4065,-7400,0.41509433962264153
2021-05-21T00:00:00.000,10:20,40.765663,-73.91879,0,0,0,0,4076,-7391,0.40476190476190477
2021-05-20T00:00:00.000,10:45,40.805073,-73.92331,0,0,0,0,4080,-7392,0.3141025641025641
2021-05-21T00:00:00.000,22:00,40.660225,-73.99459,0,0,0,0,4066,-7399,0.40540540540540543
2021-05-19T00:00:00.000,17:36,40.64741,-74.018684,0,0,0,0,4064,-7401,0.4295774647887324
2021-05-19T00:00:00.000,15:00,40.70915,-73.9591,0,0,0,0,4070,-7395,0.3475177304964539
2021-05-19T00:00:00.000,23:28,40.646923,-73.92019,0,0,0,0,4064,-7392,0.4077669902912621
2021-05-19T00:00:00.000,17:30,40.698643,-73.94697,0,0,0,0,4069,-7394,0.417910447761194
2021-05-20T00:00:00.000,8:38,40.878475,-73.851395,0,0,0,0,4087,-7385,0.37681159420289856
2021-05-19T00:00:00.000,4:00,40.76883,-73.869606,0,0,0,0,4076,-7386,0.40298507462686567
2021-05-19T00:00:00.000,19:40,40.575375,-74.18999,2,0,1,1,4057,-7418,0.3333333333333333
2021-05-20T00:00:00.000,10:00,40.598198,-73.94249,0,0,0,0,4059,-7394,0.275
2021-05-20T00:00:00.000,7:30,40.75699,-73.89227,1,0,1,1,4075,-7389,0.4805194805194805
2021-05-20T00:00:00.000,21:10,40.68079,-73.806305,1,0,1,1,4068,-7380,0.3829787234042553
2021-05-19T00:00:00.000,6:14,40.741936,-73.97263,0,0,0,0,4074,-7397,0.4810810810810811
2021-05-19T00:00:00.000,16:02,40.830738,-73.9105,0,0,0,0,4083,-7391,0.33714285714285713
2021-05-21T00:00:00.000,8:09,40.729717,-73.8193,0,0,0,0,4072,-7381,0.2926829268292683
2021-05-20T00:00:00.000,17:30,40.676884,-73.91923,0,0,0,0,4067,-7391,0.36597938144329895
2021-05-21T00:00:00.000,18:00,40.708767,-73.91467,1,0,1,1,4070,-7391,0.27450980392156865
2021-05-21T00:00:00.000,11:30,40.5415,-74.16254,0,0,0,0,4054,-7416,0.42857142857142855
2021-05-21T00:00:00.000,17:42,40.805367,-73.9219,0,0,0,0,4080,-7392,0.3141025641025641
2021-05-07T00:00:00.000,20:30,40.785458,-73.914444,0,0,0,0,4078,-7391,0.2777777777777778
2021-05-20T00:00:00.000,14:29,40.796997,-73.9347,0,0,0,0,4079,-7393,0.36585365853658536
2021-05-13T00:00:00.000,6:45,40.77383,-73.9861,0,0,0,0,4077,-7398,0.38028169014084506
2021-05-21T00:00:00.000,0:00,40.716003,-73.99734,0,0,0,0,4071,-7399,0.3263157894736842
2021-12-21T00:00:00.000,12:54,40.715813,-73.91212,0,0,0,0,4071,-7391,0.1836734693877551
2021-05-21T00:00:00.000,12:55,40.7966,-73.97039,0,0,0,0,4079,-7397,0.24210526315789474
2021-05-20T00:00:00.000,15:50,40.768875,-73.94898,0,0,0,0,4076,-7394,0.4583333333333333
2021-05-20T00:00:00.000,8:45,40.7671,-73.9258,0,0,0,0,4076,-7392,0.42105263157894735
2021-05-19T00:00:00.000,3:00,40.895374,-73.86356,0,0,0,0,4089,-7386,0.28205128205128205
2021-05-20T00:00:00.000,2:35,40.78809,-73.98271,3,0,1,1,4078,-7398,0.42105263157894735
2021-05-16T00:00:00.000,13:20,40.741386,-73.72489,0,0,0,0,4074,-7372,0.375
2021-05-15T00:00:00.000,13:52,40.81505,-73.82437,1,0,1,1,4081,-7382,0.07142857142857142
2021-03-29T00:00:00.000,20:39,40.674,-73.960396,1,0,1,1,4067,-7396,0.3466666666666667
2021-05-21T00:00:00.000,20:16,40.74751,-73.87679,1,0,1,1,4074,-7387,0.25663716814159293
2021-05-17T00:00:00.000,15:43,40.73555,-73.894226,1,0,1,1,4073,-7389,0.2857142857142857
2021-05-20T00:00:00.000,0:00,40.686287,-73.9695,1,0,1,1,4068,-7396,0.42567567567567566
2021-05-20T00:00:00.000,17:50,40.549297,-74.22287,0,0,0,0,4054,-7422,0.2222222222222222
2021-05-21T00:00:00.000,16:20,40.668034,-73.85766,0,0,0,0,4066,-7385,0.3333333333333333
2021-05-17T00:00:00.000,19:55,40.680676,-73.91404,1,0,1,1,4068,-7391,0.344
2021-05-21T00:00:00.000,7:00,40.848923,-73.899254,0,0,0,0,4084,-7389,0.33766233766233766
2021-05-18T00:00:00.000,9:20,40.6787,-73.867134,0,0,0,0,4067,-7386,0.3431372549019608
2021-05-20T00:00:00.000,14:10,40.842915,-73.9366,1,0,1,1,4084,-7393,0.32786885245901637
2021-05-19T00:00:00.000,17:00,40.678524,-73.882645,0,0,0,0,4067,-7388,0.30434782608695654
2021-05-19T00:00:00.000,10:00,40.60461,-73.99826,1,0,1,1,4060,-7399,0.31683168316831684
2021-05-19T00:00:00.000,16:53,40.841938,-73.89978,0,0,0,0,4084,-7389,0.33766233766233766
2021-05-19T00:00:00.000,12:10,40.867832,-73.886,0,0,0,0,4086,-7388,0.23943661971830985
2021-05-19T00:00:00.000,5:14,40.59567,-74.073685,0,0,0,0,4059,-7407,0.23076923076923078
2021-05-19T00:00:00.000,14:00,40.58196,-73.959946,0,0,0,0,4058,-7395,0.3465346534653465
2021-05-20T00:00:00.000,10:22,40.833206,-73.82797,0,0,0,0,4083,-7382,0.44680851063829785
2021-05-19T00:00:00.000,12:39,40.596745,-73.985275,0,0,0,0,4059,-7398,0.34146341463414637
2021-05-20T00:00:00.000,19:12,40.650806,-73.94958,0,0,0,0,4065,-7394,0.43137254901960786
2021-05-17T00:00:00.000,0:20,40.682854,-73.9343,0,0,0,0,4068,-7393,0.3619047619047619
2021-05-19T00:00:00.000,14:24,40.57333,-74.117836,1,0,1,1,4057,-7411,0.37142857142857144
2021-05-21T00:00:00.000,1:40,40.71053,-73.75157,0,0,0,0,4071,-7375,0.3269230769230769
2021-05-19T00:00:00.000,20:47,40.767963,-73.91169,0,0,0,0,4076,-7391,0.40476190476190477
2021-05-20T00:00:00.000,16:00,40.736275,-73.772865,0,0,0,0,4073,-7377,0.5789473684210527
2021-05-19T00:00:00.000,9:55,40.831924,-73.85104,1,0,1,1,4083,-7385,0.30158730158730157
2021-05-20T00:00:00.000,8:33,40.796795,-73.94718,0,0,0,0,4079,-7394,0.3523809523809524
2021-05-19T00:00:00.000,18:14,40.762177,-73.96613,0,0,0,0,4076,-7396,0.3023255813953488
2021-05-19T00:00:00.000,7:50,40.737797,-73.8507,0,0,0,0,4073,-7385,0.3619047619047619
2021-05-21T00:00:00.000,21:30,40.83259,-73.9047,0,0,0,0,4083,-7390,0.3064516129032258
2021-05-20T00:00:00.000,2:50,40.69779,-73.73165,0,0,0,0,4069,-7373,0.36585365853658536
2021-05-20T00:00:00.000,8:05,40.69613,-73.987114,1,0,1,1,4069,-7398,0.3229166666666667
2021-05-18T00:00:00.000,20:45,40.808395,-73.95296,0,0,0,0,4080,-7395,0.381294964028777
2021-05-19T00:00:00.000,18:22,40.768562,-73.981575,0,0,0,0,4076,-7398,0.3081761006289308
2021-12-18T00:00:00.000,13:00,40.89417,-73.856964,0,0,0,0,4089,-7385,0.3813559322033898
2021-05-21T00:00:00.000,18:00,40.730198,-73.954254,1,0,1,1,4073,-7395,0.30434782608695654
2021-05-20T00:00:00.000,10:30,40.824066,-73.908714,0,0,0,0,4082,-7390,0.3025210084033613
2021-05-14T00:00:00.000,4:45,40.63836,-74.139534,0,0,0,0,4063,-7413,0.2903225806451613
2021-05-21T00:00:00.000,19:10,40.762566,-73.81859,0,0,0,0,4076,-7381,0.4716981132075472
2021-05-20T00:00:00.000,0:20,40.73738,-73.7235,0,0,0,0,4073,-7372,0.3333333333333333
2021-05-20T00:00:00.000,5:20,40.530632,-74.19575,0,0,0,0,4053,-7419,0.2857142857142857
2021-05-21T00:00:00.000,19:48,40.829422,-73.897575,1,0,1,1,4082,-7389,0.37423312883435583
2021-05-19T00:00:00.000,7:50,40.70128,-73.93951,0,0,0,0,4070,-7393,0.3300970873786408
2021-05-19T00:00:00.000,10:14,40.65735,-73.9581,0,0,0,0,4065,-7395,0.38686131386861317
2021-05-17T00:00:00.000,8:00,40.74044,-74.00203,1,0,1,1,4074,-7400,0.27710843373493976
2021-05-19T00:00:00.000,14:00,40.755795,-73.93581,0,0,0,0,4075,-7393,0.43478260869565216
2021-05-20T00:00:00.000,16:40,40.657303,-73.92998,0,0,0,0,4065,-7392,0.35555555555555557
2021-05-20T00:00:00.000,10:30,40.72129,-73.996544,0,0,0,0,4072,-7399,0.3829787234042553
2021-05-21T00:00:00.000,10:59,40.749638,-73.99905,0,0,0,0,4074,-7399,0.3333333333333333
2021-05-21T00:00:00.000,16:00,40.90304,-73.849556,0,0,0,0,4090,-7384,0.28205128205128205
2021-12-22T00:00:00.000,18:00,40.798626,-73.93953,0,0,0,0,4079,-7393,0.36585365853658536
2021-05-21T00:00:00.000,12:50,0.0,0.0,0,0,0,0,0,0,0.40425531914893614
2021-05-20T00:00:00.000,14:35,40.7146,-73.77573,0,0,0,0,4071,-7377,0.20967741935483872
2021-05-21T00:00:00.000,17:44,40.67743,-73.87591,1,0,1,1,4067,-7387,0.30344827586206896
2021-05-19T00:00:00.000,16:17,40.798935,-73.93637,1,0,1,1,4079,-7393,0.36585365853658536
2021-05-19T00:00:00.000,13:45,40.699707,-73.95718,0,0,0,0,4069,-7395,0.30952380952380953
2021-05-19T00:00:00.000,14:58,40.621258,-73.9984,0,0,0,0,4062,-7399,0.3835616438356164
2021-04-29T00:00:00.000,17:00,40.639774,-73.920166,1,0,1,1,4063,-7392,0.4036697247706422
2021-05-20T00:00:00.000,8:08,40.816956,-73.92296,1,0,1,1,4081,-7392,0.4714285714285714
2021-05-13T00:00:00.000,13:45,40.63896,-74.03061,0,0,0,0,4063,-7403,0.42424242424242425
2021-05-19T00:00:00.000,15:30,40.74791,-73.96806,1,0,1,1,4074,-7396,0.7
2021-05-20T00:00:00.000,15:00,40.69643,-73.75106,0,0,0,0,4069,-7375,0.3584905660377358
2021-05-19T00:00:00.000,1:00,40.66573,-73.75376,2,0,1,1,4066,-7375,0.3
2021-05-20T00:00:00.000,21:45,40.661568,-73.95073,1,0,1,1,4066,-7395,0.44375
2021-05-21T00:00:00.000,6:17,40.78694,-73.77558,0,0,0,0,4078,-7377,0.5384615384615384
2021-05-20T00:00:00.000,18:45,40.81777,-73.81446,0,0,0,0,4081,-7381,0.25
2021-05-19T00:00:00.000,14:40,40.691147,-73.94689,1,0,1,1,4069,-7394,0.417910447761194
2021-05-17T00:00:00.000,10:00,40.712715,-73.92198,0,0,0,0,4071,-7392,0.2777777777777778
2021-05-20T00:00:00.000,17:00,40.634964,-74.0204,0,0,0,0,4063,-7402,0.3877551020408163
2021-05-21T00:00:00.000,7:45,40.691,-73.989334,0,0,0,0,4069,-7398,0.3229166666666667
2021-05-21T00:00:00.000,20:25,40.640583,-73.95573,1,0,1,1,4064,-7395,0.4796747967479675
2021-05-21T00:00:00.000,13:00,40.524,-74.186104,0,0,0,0,4052,-7418,0.4
2021-05-19T00:00:00.000,9:16,40.58401,-73.98587,1,0,1,1,4058,-7398,0.4
2021-05-21T00:00:00.000,18:27,40.8369,-73.89058,0,0,0,0,4083,-7389,0.3333333333333333
2021-05-21T00:00:00.000,10:30,40.816532,-73.92822,0,0,0,0,4081,-7392,0.4714285714285714
2021-05-19T00:00:00.000,9:54,40.64108,-73.91817,0,0,0,0,4064,-7391,0.39805825242718446
2021-05-18T00:00:00.000,22:34,40.859943,-73.926796,0,0,0,0,4085,-7392,0.22
2021-05-20T00:00:00.000,20:15,40.64927,-74.009674,1,0,1,1,4064,-7400,0.36764705882352944
2021-05-20T00:00:00.000,4:59,40.65179,-73.908264,0,0,0,0,4065,-7390,0.375
2021-05-18T00:00:00.000,12:18,40.722263,-73.90207,0,0,0,0,4072,-7390,0.2978723404255319
2021-05-19T00:00:00.000,18:17,40.80322,-73.95253,1,0,1,1,4080,-7395,0.381294964028777
2021-05-19T00:00:00.000,22:50,40.75304,-73.934906,0,0,0,0,4075,-7393,0.43478260869565216
2021-05-20T00:00:00.000,17:50,40.63939,-73.95699,0,0,0,0,4063,-7395,0.48484848484848486
2021-05-21T00:00:00.000,17:30,40.603832,-74.06895,0,0,0,0,4060,-7406,0.3076923076923077
2021-05-20T00:00:00.000,15:17,40.728657,-73.863266,2,0,1,1,4072,-7386,0.42424242424242425
2021-05-20T00:00:00.000,23:10,40.603188,-74.06724,0,0,0,0,4060,-7406,0.3076923076923077
2021-05-19T00:00:00.000,17:00,40.74198,-73.82475,0,0,0,0,4074,-7382,0.4057971014492754
2021-05-19T00:00:00.000,13:24,40.608818,-73.75393,0,0,0,0,4060,-7375,0.17117117117117117
2021-05-13T00:00:00.000,6:30,40.75172,-73.936134,0,0,0,0,4075,-7393,0.43478260869565216
2021-05-16T00:00:00.000,13:37,40.589096,-73.92097,1,0,1,1,4058,-7392,0.375
2021-05-21T00:00:00.000,13:15,40.643875,-74.01887,1,0,1,1,4064,-7401,0.4295774647887324
2021-05-10T00:00:00.000,17:00,40.73426,-73.862595,0,0,0,0,4073,-7386,0.3464566929133858
2021-05-20T00:00:00.000,18:00,40.59095,-73.94687,0,0,0,0,4059,-7394,0.275
2021-05-19T00:00:00.000,15:30,40.838577,-73.89947,0,0,0,0,4083,-7389,0.3333333333333333
2021-05-14T00:00:00.000,14:46,40.627472,-73.97225,0,0,0,0,4062,-7397,0.38666666666666666
2021-05-20T00:00:00.000,0:56,40.80321,-73.91892,0,0,0,0,4080,-7391,0.38961038961038963
2021-05-21T00:00:00.000,20:20,40.781647,-73.8367,0,0,0,0,4078,-7383,0.2727272727272727
2021-05-20T00:00:00.000,9:15,40.663727,-73.95386,0,0,0,0,4066,-7395,0.44375
2021-05-12T00:00:00.000,11:30,40.5861,-73.97128,0,0,0,0,4058,-7397,0.2727272727272727
2021-05-20T00:00:00.000,12:20,40.83501,-73.90353,1,0,1,1,4083,-7390,0.3064516129032258
2021-05-19T00:00:00.000,14:35,40.757755,-73.77912,0,0,0,0,4075,-7377,0.24
2021-05-20T00:00:00.000,20:00,40.611347,-74.08856,0,0,0,0,4061,-7408,0.30612244897959184
2021-05-20T00:00:00.000,18:17,40.734188,-73.874,2,0,1,1,4073,-7387,0.3140495867768595
2021-05-21T00:00:00.000,7:05,40.8178,-73.93596,0,0,0,0,4081,-7393,0.32432432432432434
2021-05-21T00:00:00.000,19:00,40.82815,-73.93491,1,0,1,1,4082,-7393,0.36645962732919257
2021-05-20T00:00:00.000,13:20,40.68755,-73.98847,1,0,1,1,4068,-7398,0.3873239436619718
2021-05-20T00:00:00.000,23:34,40.844795,-73.92445,1,0,1,1,4084,-7392,0.3181818181818182
2021-05-19T00:00:00.000,13:45,40.689144,-73.99071,0,0,0,0,4068,-7399,0.17857142857142858
2021-05-20T00:00:00.000,12:15,40.70703,-73.909325,0,0,0,0,4070,-7390,0.37894736842105264
2021-05-19T00:00:00.000,1:55,40.61578,-73.99995,3,0,1,1,4061,-7399,0.29411764705882354
2021-05-19T00:00:00.000,21:00,40.75679,-73.74959,1,0,1,1,4075,-7374,0.3333333333333333
2021-05-21T00:00:00.000,10:35,40.838707,-73.90989,2,0,1,1,4083,-7390,0.3064516129032258
2021-05-20T00:00:00.000,20:41,40.686707,-73.98841,1,0,1,1,4068,-7398,0.3873239436619718
2021-05-21T00:00:00.000,11:05,40.620384,-74.029335,1,0,1,1,4062,-7402,0.3625
2021-05-15T00:00:00.000,13:20,40.693413,-73.940125,1,0,1,1,4069,-7394,0.417910447761194
2021-05-19T00:00:00.000,11:20,40.74629,-73.766945,4,0,1,1,4074,-7376,0.3333333333333333
2021-05-21T00:00:00.000,17:45,40.80719,-73.92431,0,0,0,0,4080,-7392,0.3141025641025641
2021-05-19T00:00:00.000,10:56,40.658257,-73.88072,1,0,1,1,4065,-7388,0.41509433962264153
2021-05-20T00:00:00.000,1:32,40.798622,-73.94163,2,0,1,1,4079,-7394,0.3523809523809524
2021-05-15T00:00:00.000,17:34,40.690834,-73.90435,0,0,0,0,4069,-7390,0.29591836734693877
2021-05-20T00:00:00.000,14:30,40.739895,-73.71579,0,0,0,0,4073,-7371,0.2857142857142857
2021-05-19T00:00:00.000,18:52,40.650517,-73.92359,1,0,1,1,4065,-7392,0.35555555555555557
2021-05-19T00:00:00.000,12:50,40.665344,-73.933815,0,0,0,0,4066,-7393,0.38578680203045684
2021-12-24T00:00:00.000,16:45,40.817795,-73.89319,0,0,0,0,4081,-7389,0.31543624161073824
2021-05-20T00:00:00.000,19:41,40.65264,-73.949776,0,0,0,0,4065,-7394,0.43137254901960786
2021-02-22T00:00:00.000,13:30,40.73927,-73.99545,1,0,1,1,4073,-7399,0.423728813559322
2021-05-19T00:00:00.000,0:00,40.858433,-73.885124,0,0,0,0,4085,-7388,0.3
2021-05-21T00:00:00.000,9:05,40.739235,-73.98414,1,0,1,1,4073,-7398,0.36942675159235666
2021-05-21T00:00:00.000,10:55,40.758865,-73.77968,0,0,0,0,4075,-7377,0.24
2021-05-21T00:00:00.000,18:50,40.849957,-73.86468,1,0,1,1,4084,-7386,0.375
2021-05-21T00:00:00.000,9:55,40.65501,-73.90506,0,0,0,0,4065,-7390,0.375
2021-05-19T00:00:00.000,21:51,40.788692,-73.93787,2,0,1,1,4078,-7393,0.4444444444444444
2021-05-21T00:00:00.000,15:15,40.641003,-73.94755,0,0,0,0,4064,-7394,0.42342342342342343
2021-05-20T00:00:00.000,15:20,40.815304,-73.94371,0,0,0,0,4081,-7394,0.38
2021-05-21T00:00:00.000,14:16,40.686172,-73.970474,1,0,1,1,4068,-7397,0.3412322274881517
2021-05-15T00:00:00.000,23:00,40.693127,-73.83134,0,0,0,0,4069,-7383,0.35555555555555557
2021-05-19T00:00:00.000,12:15,40.613552,-73.98176,0,0,0,0,4061,-7398,0.3698630136986301
2021-05-19T00:00:00.000,6:30,40.69051,-73.97872,0,0,0,0,4069,-7397,0.3253012048192771
2021-05-21T00:00:00.000,16:49,40.644226,-73.899796,2,0,1,1,4064,-7389,0.43478260869565216
2021-05-19T00:00:00.000,18:41,40.763893,-73.960526,0,0,0,0,4076,-7396,0.3023255813953488
2021-05-20T00:00:00.000,19:18,40.59143,-73.99037,0,0,0,0,4059,-7399,0.3076923076923077
2021-05-21T00:00:00.000,9:20,40.86231,-73.909874,0,0,0,0,4086,-7390,0.42748091603053434
2021-05-21T00:00:00.000,20:38,40.597557,-73.76511,1,0,1,1,4059,-7376,0.23809523809523808
2021-05-19T00:00:00.000,23:00,40.694195,-73.81597,1,0,1,1,4069,-7381,0.3902439024390244
2021-05-21T00:00:00.000,9:50,40.64433,-73.94309,0,0,0,0,4064,-7394,0.42342342342342343
2021-05-20T00:00:00.000,19:59,40.687363,-73.99004,0,0,0,0,4068,-7399,0.17857142857142858
2021-05-19T00:00:00.000,15:37,40.9102,-73.896614,3,0,1,1,4091,-7389,0.5
2021-05-20T00:00:00.000,10:05,40.663227,-73.93159,0,0,0,0,4066,-7393,0.38578680203045684
2021-05-20T00:00:00.000,12:45,40.8305,-73.861626,0,0,0,0,4083,-7386,0.24822695035460993
2021-04-16T00:00:00.000,2:15,40.670376,-73.939316,1,0,1,1,4067,-7393,0.3755868544600939
2021-05-14T00:00:00.000,18:30,40.683125,-73.98744,0,0,0,0,4068,-7398,0.3873239436619718
2021-05-20T00:00:00.000,9:06,40.8188,-73.95603,0,0,0,0,4081,-7395,0.3509933774834437
2021-05-15T00:00:00.000,6:32,40.783573,-73.91829,1,0,1,1,4078,-7391,0.2777777777777778
2021-05-19T00:00:00.000,11:35,40.592686,-74.19292,0,0,0,0,4059,-7419,0.0
2021-05-21T00:00:00.000,23:30,40.659714,-73.739815,0,0,0,0,4065,-7373,0.3
2021-05-19T00:00:00.000,15:00,40.748737,-73.85438,0,0,0,0,4074,-7385,0.35526315789473684
2021-05-19T00:00:00.000,17:10,40.582092,-74.16253,0,0,0,0,4058,-7416,0.3
2021-05-20T00:00:00.000,0:39,40.84128,-73.91366,1,0,1,1,4084,-7391,0.32558139534883723
2021-05-20T00:00:00.000,17:45,40.899895,-73.90668,0,0,0,0,4089,-7390,0.0
2021-05-21T00:00:00.000,7:20,40.825306,-73.89067,0,0,0,0,4082,-7389,0.37423312883435583
2021-05-21T00:00:00.000,15:00,40.757183,-73.83396,0,0,0,0,4075,-7383,0.37681159420289856
2021-05-19T00:00:00.000,14:30,40.63043,-73.88593,0,0,0,0,4063,-7388,0.3835616438356164
2021-05-21T00:00:00.000,3:40,40.786255,-73.83587,0,0,0,0,4078,-7383,0.2727272727272727
2021-05-20T00:00:00.000,14:30,40.72706,-73.95695,1,0,1,1,4072,-7395,0.22093023255813954
2021-05-19T00:00:00.000,17:40,40.764053,-73.99225,0,0,0,0,4076,-7399,0.3275862068965517
2021-05-21T00:00:00.000,0:00,40.659702,-73.8786,1,0,1,1,4065,-7387,0.2857142857142857
2021-05-14T00:00:00.000,21:00,40.757492,-73.93911,0,0,0,0,4075,-7393,0.43478260869565216
2021-05-16T00:00:00.000,16:08,40.642685,-73.99122,0,0,0,0,4064,-7399,0.3442622950819672
2021-05-20T00:00:00.000,13:30,40.681156,-73.97615,1,0,1,1,4068,-7397,0.3412322274881517
2021-05-21T00:00:00.000,17:50,40.769337,-73.802765,0,0,0,0,4076,-7380,0.4
2021-05-20T00:00:00.000,1:36,40.562576,-74.157196,0,0,0,0,4056,-7415,0.2857142857142857
2021-05-21T00:00:00.000,13:20,40.58196,-73.959946,0,0,0,0,4058,-7395,0.3465346534653465
2021-05-14T00:00:00.000,19:00,40.8913,-73.8507,1,0,1,1,4089,-7385,0.3813559322033898
2021-05-18T00:00:00.000,19:16,40.867012,-73.92312,0,0,0,0,4086,-7392,0.359375
2021-05-14T00:00:00.000,1:25,40.73136,-73.98257,1,0,1,1,4073,-7398,0.36942675159235666
2021-05-21T00:00:00.000,14:45,40.706863,-73.94021,0,0,0,0,4070,-7394,0.3956043956043956
2021-05-19T00:00:00.000,17:10,40.75898,-73.99595,0,0,0,0,4075,-7399,0.2830188679245283
2021-05-21T00:00:00.000,18:30,40.753407,-73.79243,0,0,0,0,4075,-7379,0.38461538461538464
2021-05-10T00:00:00.000,14:19,40.82406,-73.92815,0,0,0,0,4082,-7392,0.3333333333333333
2021-05-10T00:00:00.000,18:40,40.767532,-73.912025,1,0,1,1,4076,-7391,0.40476190476190477
2021-05-20T00:00:00.000,19:00,40.750767,-73.708954,0,0,0,0,4075,-7370,0.4166666666666667
2021-05-19T00:00:00.000,19:20,40.843376,-73.8369,0,0,0,0,4084,-7383,0.4318181818181818
2021-05-14T00:00:00.000,9:11,40.77361,-73.98356,0,0,0,0,4077,-7398,0.38028169014084506
2021-05-21T00:00:00.000,14:40,40.746475,-73.9839,0,0,0,0,4074,-7398,0.40131578947368424
2021-05-20T00:00:00.000,1:30,40.671772,-73.93641,0,0,0,0,4067,-7393,0.3755868544600939
2021-05-20T00:00:00.000,12:20,40.6207,-74.14601,0,0,0,0,4062,-7414,0.20408163265306123
2021-05-19T00:00:00.000,0:40,40.861862,-73.91282,1,0,1,1,4086,-7391,0.38016528925619836
2021-05-19T00:00:00.000,12:00,40.786438,-73.942406,0,0,0,0,4078,-7394,0.33513513513513515
2021-05-17T00:00:00.000,9:53,40.8797,-73.864525,0,0,0,0,4087,-7386,0.3142857142857143
2021-05-21T00:00:00.000,11:10,40.689922,-73.92281,0,0,0,0,4068,-7392,0.2542372881355932
2021-05-20T00:00:00.000,1:37,40.657753,-73.89612,0,0,0,0,4065,-7389,0.34965034965034963
2021-05-20T00:00:00.000,17:51,40.66475,-73.89405,2,0,1,1,4066,-7389,0.3103448275862069
2021-05-19T00:00:00.000,11:50,40.669403,-73.94221,2,0,1,1,4066,-7394,0.36792452830188677
2021-05-19T00:00:00.000,19:46,40.730366,-73.91388,0,0,0,0,4073,-7391,0.33962264150943394
2021-05-21T00:00:00.000,18:06,40.806477,-73.908455,0,0,0,0,4080,-7390,0.36538461538461536
2021-05-21T00:00:00.000,18:32,40.77618,-73.96178,0,0,0,0,4077,-7396,0.3695652173913043
2021-05-19T00:00:00.000,18:10,40.83421,-73.8844,0,0,0,0,4083,-7388,0.26717557251908397
2021-05-18T00:00:00.000,14:15,40.849777,-73.84496,1,0,1,1,4084,-7384,0.4222222222222222
2021-05-20T00:00:00.000,14:00,40.86795,-73.8705,0,0,0,0,4086,-7387,0.34545454545454546
2021-05-10T00:00:00.000,14:18,40.64563,-73.88891,4,0,1,1,4064,-7388,0.3225806451612903
2021-05-13T00:00:00.000,18:40,40.634552,-73.91477,0,0,0,0,4063,-7391,0.5
2021-05-19T00:00:00.000,12:55,40.68857,-73.8757,0,0,0,0,4068,-7387,0.24719101123595505
2021-05-21T00:00:00.000,16:15,40.72592,-73.8191,0,0,0,0,4072,-7381,0.2926829268292683
2021-05-21T00:00:00.000,9:15,40.660297,-73.947685,1,0,1,1,4066,-7394,0.36792452830188677
2021-05-21T00:00:00.000,23:30,40.608253,-74.08879,0,0,0,0,4060,-7408,0.3235294117647059
2021-05-19T00:00:00.000,20:01,40.588036,-73.96041,2,0,1,1,4058,-7396,0.37333333333333335
2021-05-21T00:00:00.000,12:46,40.755524,-73.833405,1,0,1,1,4075,-7383,0.37681159420289856
2021-05-21T00:00:00.000,13:55,40.664467,-73.76831,0,0,0,0,4066,-7376,0.30434782608695654
2021-05-20T00:00:00.000,17:56,40.747036,-73.88958,0,0,0,0,4074,-7388,0.2978723404255319
2021-05-21T00:00:00.000,9:20,40.73113,-73.87361,0,0,0,0,4073,-7387,0.3140495867768595
2021-05-20T00:00:00.000,13:46,40.74775,-73.98086,0,0,0,0,4074,-7398,0.40131578947368424
2021-05-21T00:00:00.000,9:50,40.80534,-73.92095,2,0,1,1,4080,-7392,0.3141025641025641
2021-05-20T00:00:00.000,8:12,40.82839,-73.916916,0,0,0,0,4082,-7391,0.3355263157894737
2021-05-20T00:00:00.000,22:40,40.733967,-73.87177,0,0,0,0,4073,-7387,0.3140495867768595
2021-05-17T00:00:00.000,17:20,40.80072,-73.950645,0,0,0,0,4080,-7395,0.381294964028777
2021-05-18T00:00:00.000,21:00,40.68877,-73.92832,1,0,1,1,4068,-7392,0.2542372881355932
2021-05-17T00:00:00.000,16:09,40.68223,-73.90928,1,0,1,1,4068,-7390,0.4421052631578947
2021-05-20T00:00:00.000,23:15,40.64254,-73.87652,1,0,1,1,4064,-7387,0.4918032786885246
2021-05-19T00:00:00.000,17:34,40.69976,-73.956665,0,0,0,0,4069,-7395,0.30952380952380953
2021-05-19T00:00:00.000,12:47,40.726814,-73.95355,0,0,0,0,4072,-7395,0.22093023255813954
2021-05-17T00:00:00.000,17:40,40.675274,-73.90621,0,0,0,0,4067,-7390,0.3282442748091603
2021-05-21T00:00:00.000,16:20,40.572754,-74.11404,1,0,1,1,4057,-7411,0.37142857142857144
2021-05-21T00:00:00.000,21:16,40.67189,-73.895874,1,0,1,1,4067,-7389,0.33852140077821014
2021-05-19T00:00:00.000,10:30,40.81106,-73.95119,0,0,0,0,4081,-7395,0.3509933774834437
2021-05-20T00:00:00.000,0:45,40.641247,-73.99337,0,0,0,0,4064,-7399,0.3442622950819672
2021-05-19T00:00:00.000,15:00,40.615356,-73.976234,1,0,1,1,4061,-7397,0.421875
2021-05-19T00:00:00.000,15:08,40.64033,-73.96428,0,0,0,0,4064,-7396,0.4714285714285714
2021-05-20T00:00:00.000,19:33,40.75379,-73.91548,1,0,1,1,4075,-7391,0.4777777777777778
2021-05-19T00:00:00.000,10:27,40.604954,-73.96543,1,0,1,1,4060,-7396,0.5714285714285714
2021-05-20T00:00:00.000,23:08,40.639866,-73.87788,0,0,0,0,4063,-7387,0.375
2021-05-20T00:00:00.000,20:00,40.671608,-73.91695,1,0,1,1,4067,-7391,0.36597938144329895
2021-05-19T00:00:00.000,17:20,40.788506,-73.98107,1,0,1,1,4078,-7398,0.42105263157894735
2021-05-17T00:00:00.000,17:10,40.875458,-73.85485,0,0,0,0,4087,-7385,0.37681159420289856
2021-05-21T00:00:00.000,15:39,40.7061,-73.74711,0,0,0,0,4070,-7374,0.3333333333333333
2021-05-19T00:00:00.000,8:00,40.737244,-73.92083,0,0,0,0,4073,-7392,0.4444444444444444
2021-05-20T00:00:00.000,9:00,40.786785,-73.80971,2,0,1,1,4078,-7380,0.30434782608695654
2021-05-21T00:00:00.000,18:30,40.605568,-74.03118,2,0,1,1,4060,-7403,0.3
2021-05-20T00:00:00.000,10:27,40.72924,-73.8152,3,0,1,1,4072,-7381,0.2926829268292683
2021-05-19T00:00:00.000,6:15,40.696983,-73.935234,0,0,0,0,4069,-7393,0.3141025641025641
2021-12-22T00:00:00.000,11:25,40.765358,-73.80237,1,0,1,1,4076,-7380,0.4
2021-05-21T00:00:00.000,9:59,40.61891,-73.96116,0,0,0,0,4061,-7396,0.30666666666666664
2021-05-19T00:00:00.000,15:45,40.598503,-74.091934,2,0,1,1,4059,-7409,0.42857142857142855
2021-05-20T00:00:00.000,4:48,40.62416,-73.956116,0,0,0,0,4062,-7395,0.4444444444444444
2021-05-21T00:00:00.000,12:35,40.624382,-73.94643,1,0,1,1,4062,-7394,0.41379310344827586
2021-05-21T00:00:00.000,22:00,40.686863,-73.757965,0,0,0,0,4068,-7375,0.3877551020408163
2021-05-20T00:00:00.000,13:40,40.59392,-73.93965,2,0,1,1,4059,-7393,0.47058823529411764
2021-05-21T00:00:00.000,18:30,40.678234,-73.89753,0,0,0,0,4067,-7389,0.33852140077821014
2021-05-19T00:00:00.000,7:21,40.841877,-73.8888,0,0,0,0,4084,-7388,0.390625
2021-05-21T00:00:00.000,7:57,40.865997,-73.89981,1,0,1,1,4086,-7389,0.40606060606060607
2021-05-20T00:00:00.000,11:45,40.657818,-74.004196,1,0,1,1,4065,-7400,0.41509433962264153
2021-05-21T00:00:00.000,9:30,40.627922,-74.110855,0,0,0,0,4062,-7411,0.5238095238095238
2021-05-20T00:00:00.000,20:35,40.601734,-73.935036,1,0,1,1,4060,-7393,0.4117647058823529
2021-05-19T00:00:00.000,23:20,40.658394,-73.91557,3,0,1,1,4065,-7391,0.425
2021-05-20T00:00:00.000,1:00,40.677174,-73.924774,0,0,0,0,4067,-7392,0.39655172413793105
2021-05-21T00:00:00.000,19:05,40.753525,-73.994545,0,0,0,0,4075,-7399,0.2830188679245283
2021-05-19T00:00:00.000,12:00,40.65101,-73.94553,0,0,0,0,4065,-7394,0.43137254901960786
2021-05-20T00:00:00.000,7:36,40.587303,-73.96036,1,0,1,1,4058,-7396,0.37333333333333335
2021-05-18T00:00:00.000,15:00,40.66955,-73.94497,0,0,0,0,4066,-7394,0.36792452830188677
2021-05-19T00:00:00.000,21:20,40.861347,-73.897736,1,0,1,1,4086,-7389,0.40606060606060607
2021-05-18T00:00:00.000,8:00,40.895374,-73.86356,0,0,0,0,4089,-7386,0.28205128205128205
2021-05-19T00:00:00.000,16:48,40.844337,-73.881874,0,0,0,0,4084,-7388,0.390625
2021-05-20T00:00:00.000,8:09,40.8854,-73.89723,0,0,0,0,4088,-7389,0.4626865671641791
2021-05-20T00:00:00.000,12:58,40.667835,-73.89484,1,0,1,1,4066,-7389,0.3103448275862069
2021-05-19T00:00:00.000,10:07,40.771347,-73.92285,0,0,0,0,4077,-7392,0.3269230769230769
2021-05-18T00:00:00.000,13:10,40.783146,-73.97833,0,0,0,0,4078,-7397,0.3434343434343434
2021-05-20T00:00:00.000,18:50,40.80405,-73.91737,0,0,0,0,4080,-7391,0.38961038961038963
2021-05-16T00:00:00.000,15:18,40.818314,-73.836,0,0,0,0,4081,-7383,0.14285714285714285
2021-05-20T00:00:00.000,19:00,40.69328,-73.9043,0,0,0,0,4069,-7390,0.29591836734693877
2021-05-19T00:00:00.000,14:26,40.80682,-73.95114,0,0,0,0,4080,-7395,0.381294964028777
2021-05-20T00:00:00.000,17:30,40.688858,-73.82832,0,0,0,0,4068,-7382,0.41975308641975306
2021-05-19T00:00:00.000,16:30,40.814842,-73.88752,0,0,0,0,4081,-7388,0.25471698113207547
2021-05-21T00:00:00.000,0:15,40.712055,-73.75319,0,0,0,0,4071,-7375,0.3269230769230769
2021-05-20T00:00:00.000,15:00,40.845985,-73.866394,0,0,0,0,4084,-7386,0.375
2021-05-21T00:00:00.000,17:30,40.657406,-73.74507,0,0,0,0,4065,-7374,0.4583333333333333
2021-05-20T00:00:00.000,12:00,40.59055,-73.98891,1,0,1,1,4059,-7398,0.34146341463414637
2021-05-20T00:00:00.000,9:45,40.73201,-73.98203,1,0,1,1,4073,-7398,0.36942675159235666
2021-05-20T00:00:00.000,19:50,40.858994,-73.90573,1,0,1,1,4085,-7390,0.42207792207792205
2021-05-07T00:00:00.000,20:00,40.75112,-73.97127,0,0,0,0,4075,-7397,0.375886524822695
2021-05-21T00:00:00.000,17:28,40.692535,-73.85897,0,0,0,0,4069,-7385,0.34
2021-05-21T00:00:00.000,17:30,40.78024,-73.98761,0,0,0,0,4078,-7398,0.42105263157894735
2021-05-19T00:00:00.000,9:30,40.802837,-73.93646,0,0,0,0,4080,-7393,0.36312849162011174
2021-05-21T00:00:00.000,15:44,40.69745,-73.93611,1,0,1,1,4069,-7393,0.3141025641025641
2021-05-20T00:00:00.000,22:30,40.712673,-73.80139,0,0,0,0,4071,-7380,0.42105263157894735
2021-05-07T00:00:00.000,22:44,40.679276,-73.92906,2,0,1,1,4067,-7392,0.39655172413793105
2021-05-21T00:00:00.000,18:10,40.864506,-73.8587,0,0,0,0,4086,-7385,0.5
2021-05-19T00:00:00.000,14:14,40.70801,-73.95673,1,0,1,1,4070,-7395,0.3475177304964539
2021-12-22T00:00:00.000,14:30,40.70975,-73.79562,1,0,1,1,4070,-7379,0.3978494623655914
2021-05-20T00:00:00.000,18:30,40.66059,-73.931335,0,0,0,0,4066,-7393,0.38578680203045684
2021-05-19T00:00:00.000,7:45,40.79799,-73.96199,0,0,0,0,4079,-7396,0.25
2021-05-21T00:00:00.000,23:56,40.86165,-73.91076,0,0,0,0,4086,-7391,0.38016528925619836
2021-05-19T00:00:00.000,20:13,40.797188,-73.97181,0,0,0,0,4079,-7397,0.24210526315789474
2021-05-19T00:00:00.000,14:46,40.60129,-73.76822,0,0,0,0,4060,-7376,0.19230769230769232
2021-05-18T00:00:00.000,16:59,40.836704,-73.8912,1,0,1,1,4083,-7389,0.3333333333333333
2021-05-21T00:00:00.000,0:50,40.70518,-73.94272,1,0,1,1,4070,-7394,0.3956043956043956
2021-05-17T00:00:00.000,6:23,40.866333,-73.92501,1,0,1,1,4086,-7392,0.359375
2021-05-20T00:00:00.000,10:35,40.618793,-74.03698,1,0,1,1,4061,-7403,0.2777777777777778
2021-05-20T00:00:00.000,13:30,40.66762,-73.94237,1,0,1,1,4066,-7394,0.36792452830188677
2021-05-21T00:00:00.000,18:30,40.715626,-73.741394,0,0,0,0,4071,-7374,0.23404255319148937
2021-05-20T00:00:00.000,1:20,40.63466,-73.91462,0,0,0,0,4063,-7391,0.5
2021-05-19T00:00:00.000,13:55,40.635815,-73.95343,0,0,0,0,4063,-7395,0.48484848484848486
2021-05-20T00:00:00.000,22:00,40.81099,-73.914856,0,0,0,0,4081,-7391,0.47244094488188976
2021-05-19T00:00:00.000,13:44,40.824837,-73.87053,0,0,0,0,4082,-7387,0.33544303797468356
2021-05-20T00:00:00.000,17:52,40.651546,-73.95257,0,0,0,0,4065,-7395,0.38686131386861317
2021-05-20T00:00:00.000,21:40,40.751522,-73.99396,0,0,0,0,4075,-7399,0.2830188679245283
2021-05-20T00:00:00.000,6:00,40.7509,-73.99812,0,0,0,0,4075,-7399,0.2830188679245283
2021-05-19T00:00:00.000,12:14,40.78318,-73.94362,0,0,0,0,4078,-7394,0.33513513513513515
2021-05-06T00:00:00.000,11:00,40.83801,-73.87329,1,0,1,1,4083,-7387,0.38414634146341464
2021-05-19T00:00:00.000,16:20,40.736958,-74.00651,0,0,0,0,4073,-7400,0.2403846153846154
2021-05-21T00:00:00.000,15:00,40.771576,-73.87616,0,0,0,0,4077,-7387,0.35714285714285715
2021-05-18T00:00:00.000,10:38,40.855133,-73.93688,0,0,0,0,4085,-7393,0.36585365853658536
2021-05-19T00:00:00.000,23:17,40.619152,-74.14388,1,0,1,1,4061,-7414,0.625
2021-05-20T00:00:00.000,16:45,40.61312,-73.9894,1,0,1,1,4061,-7398,0.3698630136986301
2021-05-18T00:00:00.000,15:08,40.77548,-73.98021,0,0,0,0,4077,-7398,0.38028169014084506
2021-05-20T00:00:00.000,17:42,40.75555,-73.79375,1,0,1,1,4075,-7379,0.38461538461538464
2021-05-21T00:00:00.000,16:00,40.59198,-74.10829,0,0,0,0,4059,-7410,0.2
2021-05-19T00:00:00.000,20:20,40.763588,-73.83603,1,0,1,1,4076,-7383,0.33695652173913043
2021-05-20T00:00:00.000,6:00,40.855324,-73.86572,0,0,0,0,4085,-7386,0.33766233766233766
2021-05-19T00:00:00.000,11:39,40.67298,-73.802704,0,0,0,0,4067,-7380,0.24615384615384617
2021-05-21T00:00:00.000,11:22,40.666573,-73.811775,0,0,0,0,4066,-7381,0.4716981132075472
2021-05-18T00:00:00.000,15:35,40.76363,-73.9533,0,0,0,0,4076,-7395,0.3696969696969697
2021-05-20T00:00:00.000,13:04,40.776756,-73.82764,1,0,1,1,4077,-7382,0.4444444444444444
2021-05-17T00:00:00.000,19:00,40.66359,-73.9911,0,0,0,0,4066,-7399,0.40540540540540543
2021-05-11T00:00:00.000,19:35,40.768024,-73.97029,0,0,0,0,4076,-7397,0.37
2021-05-21T00:00:00.000,5:00,40.711845,-73.859764,1,0,1,1,4071,-7385,0.4418604651162791
2021-05-21T00:00:00.000,11:22,40.885216,-73.87937,0,0,0,0,4088,-7387,0.14583333333333334
2021-12-23T00:00:00.000,21:45,40.76282,-73.92029,1,0,1,1,4076,-7392,0.42105263157894735
2021-05-19T00:00:00.000,17:35,40.711945,-73.98985,1,0,1,1,4071,-7398,0.39568345323741005
2021-05-19T00:00:00.000,23:40,40.830112,-73.850266,0,0,0,0,4083,-7385,0.30158730158730157
2021-12-23T00:00:00.000,14:30,40.61871,-73.93076,0,0,0,0,4061,-7393,0.34285714285714286
2021-05-19T00:00:00.000,10:15,40.714264,-73.980934,0,0,0,0,4071,-7398,0.39568345323741005
2021-05-21T00:00:00.000,22:00,40.842655,-73.89052,0,0,0,0,4084,-7389,0.33766233766233766
2021-05-20T00:00:00.000,16:55,40.820232,-73.906204,0,0,0,0,4082,-7390,0.3025210084033613
2021-05-20T00:00:00.000,9:05,40.742226,-73.99702,0,0,0,0,4074,-7399,0.3333333333333333
2021-05-16T00:00:00.000,1:00,40.75536,-73.90775,0,0,0,0,4075,-7390,0.37254901960784315
2021-05-21T00:00:00.000,16:43,40.625286,-73.997246,0,0,0,0,4062,-7399,0.3835616438356164
2021-05-21T00:00:00.000,16:48,40.858994,-73.90573,0,0,0,0,4085,-7390,0.42207792207792205
2021-05-15T00:00:00.000,18:30,40.68016,-73.893196,0,0,0,0,4068,-7389,0.5
2021-05-21T00:00:00.000,14:45,40.73157,-73.98238,1,0,1,1,4073,-7398,0.36942675159235666
2021-05-21T00:00:00.000,14:58,40.658577,-73.89063,0,0,0,0,4065,-7389,0.34965034965034963
2021-05-21T00:00:00.000,0:20,40.83569,-73.93739,0,0,0,0,4083,-7393,0.3333333333333333
2021-05-20T00:00:00.000,15:30,40.694885,-73.98515,0,0,0,0,4069,-7398,0.3229166666666667
2021-05-21T00:00:00.000,21:54,40.683556,-73.7619,0,0,0,0,4068,-7376,0.35714285714285715
2021-05-08T00:00:00.000,19:55,40.6863,-73.93025,0,0,0,0,4068,-7393,0.3619047619047619
2021-05-19T00:00:00.000,9:02,40.757355,-73.73887,0,0,0,0,4075,-7373,0.18181818181818182
2021-05-20T00:00:00.000,15:16,40.666603,-73.95655,3,0,1,1,4066,-7395,0.44375
2021-05-19T00:00:00.000,18:15,40.61517,-74.159935,0,0,0,0,4061,-7415,0.3333333333333333
2021-05-20T00:00:00.000,8:30,40.744167,-73.91248,0,0,0,0,4074,-7391,0.38333333333333336
2021-05-19T00:00:00.000,9:15,40.70162,-73.938126,0,0,0,0,4070,-7393,0.3300970873786408
2021-05-20T00:00:00.000,15:46,40.81769,-73.92392,3,0,1,1,4081,-7392,0.4714285714285714
2021-05-21T00:00:00.000,0:00,40.749172,-73.967026,0,0,0,0,4074,-7396,0.7
2021-05-20T00:00:00.000,11:42,40.675884,-73.75577,0,0,0,0,4067,-7375,0.2608695652173913
2021-05-19T00:00:00.000,15:30,40.81691,-73.934006,0,0,0,0,4081,-7393,0.32432432432432434
2021-05-19T00:00:00.000,13:33,40.63512,-74.02736,0,0,0,0,4063,-7402,0.3877551020408163
2021-12-24T00:00:00.000,12:25,40.586002,-73.97221,0,0,0,0,4058,-7397,0.2727272727272727
2021-05-20T00:00:00.000,11:24,40.76635,-73.88756,0,0,0,0,4076,-7388,0.43283582089552236
2021-05-20T00:00:00.000,0:20,40.736958,-74.00826,0,0,0,0,4073,-7400,0.2403846153846154
2021-05-19T00:00:00.000,18:40,40.847458,-73.944244,1,0,1,1,4084,-7394,0.17543859649122806
2021-05-19T00:00:00.000,8:59,40.6733,-73.90392,1,0,1,1,4067,-7390,0.3282442748091603
2021-05-07T00:00:00.000,13:00,40.843975,-73.913864,0,0,0,0,4084,-7391,0.32558139534883723
2021-05-17T00:00:00.000,10:30,40.837124,-73.89018,0,0,0,0,4083,-7389,0.3333333333333333
2021-05-19T00:00:00.000,17:26,40.576275,-73.98796,0,0,0,0,4057,-7398,0.36904761904761907
2021-05-16T00:00:00.000,23:15,40.901028,-73.85116,1,0,1,1,4090,-7385,0.42105263157894735
2021-05-19T00:00:00.000,8:21,40.748363,-73.98041,1,0,1,1,4074,-7398,0.40131578947368424
2021-05-21T00:00:00.000,8:35,40.690308,-73.99881,2,0,1,1,4069,-7399,0.29473684210526313
2021-05-19T00:00:00.000,0:23,40.676342,-73.910934,1,0,1,1,4067,-7391,0.36597938144329895
2021-05-19T00:00:00.000,17:45,40.677166,-73.92445,0,0,0,0,4067,-7392,0.39655172413793105
2021-12-24T00:00:00.000,16:00,40.720165,-73.844795,0,0,0,0,4072,-7384,0.2711864406779661
2021-05-20T00:00:00.000,10:30,40.682644,-73.97175,1,0,1,1,4068,-7397,0.3412322274881517
2021-05-19T00:00:00.000,17:00,40.69819,-73.96191,0,0,0,0,4069,-7396,0.325
2021-05-19T00:00:00.000,15:30,40.650772,-74.01519,1,0,1,1,4065,-7401,0.43478260869565216
2021-05-21T00:00:00.000,2:18,40.748924,-73.86726,0,0,0,0,4074,-7386,0.3813559322033898
2021-05-19T00:00:00.000,18:13,40.643604,-73.94301,1,0,1,1,4064,-7394,0.42342342342342343
2021-05-20T00:00:00.000,12:55,40.772926,-73.74207,0,0,0,0,4077,-7374,0.16666666666666666
2021-05-21T00:00:00.000,5:22,40.65204,-73.887955,1,0,1,1,4065,-7388,0.41509433962264153
2021-05-20T00:00:00.000,18:00,40.706085,-73.8085,1,0,1,1,4070,-7380,0.3877551020408163
2021-05-21T00:00:00.000,15:30,40.672295,-73.84381,0,0,0,0,4067,-7384,0.28888888888888886
2021-05-19T00:00:00.000,23:25,40.761543,-73.805466,0,0,0,0,4076,-7380,0.4
2021-05-19T00:00:00.000,16:48,40.85657,-73.8837,0,0,0,0,4085,-7388,0.3
2021-05-17T00:00:00.000,14:30,40.77132,-73.80721,0,0,0,0,4077,-7380,0.25
2021-05-20T00:00:00.000,14:50,40.789204,-73.95483,2,0,1,1,4078,-7395,0.42168674698795183
2021-05-20T00:00:00.000,20:30,40.833233,-73.8282,2,0,1,1,4083,-7382,0.44680851063829785
2021-05-21T00:00:00.000,21:36,40.63421,-73.915276,0,0,0,0,4063,-7391,0.5
2021-05-20T00:00:00.000,15:50,40.637547,-74.003845,1,0,1,1,4063,-7400,0.3068181818181818
2021-05-19T00:00:00.000,17:00,40.69602,-73.99548,0,0,0,0,4069,-7399,0.29473684210526313
2021-05-20T00:00:00.000,14:00,40.824005,-73.87383,0,0,0,0,4082,-7387,0.33544303797468356
2021-05-21T00:00:00.000,13:34,40.760674,-73.86216,1,0,1,1,4076,-7386,0.40298507462686567
2021-05-17T00:00:00.000,13:08,40.75462,-73.97374,2,0,1,1,4075,-7397,0.375886524822695
2021-05-19T00:00:00.000,10:15,40.66705,-73.77411,2,0,1,1,4066,-7377,0.37362637362637363
2021-05-21T00:00:00.000,0:35,40.72543,-73.99678,0,0,0,0,4072,-7399,0.3829787234042553
2021-05-19T00:00:00.000,11:09,40.700836,-73.90854,0,0,0,0,4070,-7390,0.37894736842105264
2021-05-20T00:00:00.000,18:50,40.90244,-73.842735,2,0,1,1,4090,-7384,0.28205128205128205
2021-05-20T00:00:00.000,17:45,40.664375,-73.92376,0,0,0,0,4066,-7392,0.355
2021-05-20T00:00:00.000,5:43,40.636086,-73.95091,1,0,1,1,4063,-7395,0.48484848484848486
2021-05-20T00:00:00.000,8:33,40.688213,-73.919815,0,0,0,0,4068,-7391,0.344
2021-05-18T00:00:00.000,9:55,40.816338,-73.83697,0,0,0,0,4081,-7383,0.14285714285714285
2021-05-20T00:00:00.000,8:52,40.60869,-73.75174,0,0,0,0,4060,-7375,0.17117117117117117
2021-05-20T00:00:00.000,14:33,40.657536,-73.902756,0,0,0,0,4065,-7390,0.375
2021-05-20T00:00:00.000,14:41,40.84631,-73.91947,1,0,1,1,4084,-7391,0.32558139534883723
2021-05-20T00:00:00.000,9:36,40.691597,-73.98438,0,0,0,0,4069,-7398,0.3229166666666667
2021-05-20T00:00:00.000,19:50,40.652477,-73.86798,1,0,1,1,4065,-7386,0.36619718309859156
2021-12-23T00:00:00.000,0:54,40.739964,-73.89424,0,0,0,0,4073,-7389,0.2857142857142857
2021-05-18T00:00:00.000,21:00,40.82572,-73.92716,1,0,1,1,4082,-7392,0.3333333333333333
2021-05-19T00:00:00.000,11:28,40.68798,-73.9678,0,0,0,0,4068,-7396,0.42567567567567566
2021-05-21T00:00:00.000,14:40,40.67743,-73.87591,0,0,0,0,4067,-7387,0.30344827586206896
2021-05-20T00:00:00.000,14:40,40.61132,-74.114716,0,0,0,0,4061,-7411,0.36
2021-12-23T00:00:00.000,10:30,40.660797,-73.87183,0,0,0,0,4066,-7387,0.38461538461538464
2021-05-20T00:00:00.000,11:46,40.628494,-73.98282,0,0,0,0,4062,-7398,0.38
2021-05-20T00:00:00.000,10:41,40.748863,-73.97584,1,0,1,1,4074,-7397,0.4810810810810811
2021-05-19T00:00:00.000,16:27,40.613056,-73.95816,1,0,1,1,4061,-7395,0.4461538461538462
2021-05-19T00:00:00.000,7:29,40.644844,-73.92964,0,0,0,0,4064,-7392,0.4077669902912621
2021-05-20T00:00:00.000,2:30,40.52858,-74.22184,0,0,0,0,4052,-7422,0.125
2021-05-21T00:00:00.000,17:00,40.645622,-73.95405,0,0,0,0,4064,-7395,0.4796747967479675
2021-05-20T00:00:00.000,3:10,40.71444,-73.83127,0,0,0,0,4071,-7383,0.37349397590361444
2021-05-19T00:00:00.000,19:25,40.63127,-73.9829,0,0,0,0,4063,-7398,0.4827586206896552
2021-05-20T00:00:00.000,23:45,40.832035,-73.901665,0,0,0,0,4083,-7390,0.3064516129032258
2021-05-19T00:00:00.000,9:05,40.87831,-73.870155,0,0,0,0,4087,-7387,0.297029702970297
2021-05-20T00:00:00.000,18:55,40.757668,-73.99483,1,0,1,1,4075,-7399,0.2830188679245283
2021-12-04T00:00:00.000,20:30,40.80648,-73.95621,1,0,1,1,4080,-7395,0.381294964028777
2021-05-21T00:00:00.000,22:13,40.663113,-73.92573,0,0,0,0,4066,-7392,0.355
2021-05-20T00:00:00.000,14:15,40.732243,-73.87013,0,0,0,0,4073,-7387,0.3140495867768595
2021-05-21T00:00:00.000,7:10,40.654957,-74.007034,0,0,0,0,4065,-7400,0.41509433962264153
2021-05-20T00:00:00.000,13:30,40.832344,-73.89269,0,0,0,0,4083,-7389,0.3333333333333333
2021-05-21T00:00:00.000,13:20,40.712727,-73.87935,0,0,0,0,4071,-7387,0.5652173913043478
2021-05-20T00:00:00.000,14:45,40.65853,-73.764206,0,0,0,0,4065,-7376,0.35714285714285715
2021-05-20T00:00:00.000,8:15,40.84196,-73.915306,0,0,0,0,4084,-7391,0.32558139534883723
2021-05-20T00:00:00.000,17:56,40.740784,-73.89893,1,0,1,1,4074,-7389,0.3203125
2021-05-19T00:00:00.000,18:00,40.600426,-73.941895,0,0,0,0,4060,-7394,0.5217391304347826
2021-05-20T00:00:00.000,9:22,40.79876,-73.93598,0,0,0,0,4079,-7393,0.36585365853658536
2021-05-20T00:00:00.000,1:09,40.80879,-73.91619,2,0,1,1,4080,-7391,0.38961038961038963
2021-05-20T00:00:00.000,16:00,40.71585,-73.81183,0,0,0,0,4071,-7381,0.3448275862068966
2021-05-19T00:00:00.000,8:00,40.822533,-73.88509,2,0,1,1,4082,-7388,0.27624309392265195
2021-05-21T00:00:00.000,7:59,40.691914,-73.88363,1,0,1,1,4069,-7388,0.4375
2021-05-20T00:00:00.000,17:48,40.5832,-73.97304,0,0,0,0,4058,-7397,0.2727272727272727
2021-05-21T00:00:00.000,14:22,40.769886,-73.92781,1,0,1,1,4076,-7392,0.42105263157894735
2021-05-19T00:00:00.000,22:41,40.84137,-73.826096,0,0,0,0,4084,-7382,0.4
2021-05-20T00:00:00.000,18:00,40.70912,-73.92764,0,0,0,0,4070,-7392,0.24305555555555555
2021-05-19T00:00:00.000,18:30,40.726116,-73.79063,0,0,0,0,4072,-7379,0.3333333333333333
2021-05-19T00:00:00.000,22:50,40.794758,-73.94235,0,0,0,0,4079,-7394,0.3523809523809524
2021-05-20T00:00:00.000,7:32,40.720654,-73.984276,1,0,1,1,4072,-7398,0.4342105263157895
2021-05-19T00:00:00.000,16:20,40.74413,-73.927055,1,0,1,1,4074,-7392,0.3709677419354839
2021-05-21T00:00:00.000,17:19,40.737503,-73.98,0,0,0,0,4073,-7398,0.36942675159235666
2021-05-20T00:00:00.000,7:39,40.742466,-73.99311,0,0,0,0,4074,-7399,0.3333333333333333
2021-05-19T00:00:00.000,18:45,40.66968,-73.88237,0,0,0,0,4066,-7388,0.37012987012987014
2021-05-20T00:00:00.000,23:30,40.721333,-73.85593,0,0,0,0,4072,-7385,0.4418604651162791
2021-05-21T00:00:00.000,8:40,40.802753,-73.93358,0,0,0,0,4080,-7393,0.36312849162011174
2021-05-14T00:00:00.000,7:00,40.754276,-73.90902,0,0,0,0,4075,-7390,0.37254901960784315
2021-05-21T00:00:00.000,0:00,40.58698,-73.8201,0,0,0,0,4058,-7382,0.11764705882352941
2021-05-19T00:00:00.000,19:30,40.728573,-73.998535,0,0,0,0,4072,-7399,0.3829787234042553
2021-05-20T00:00:00.000,9:33,40.641537,-73.98245,2,0,1,1,4064,-7398,0.40425531914893614
2021-05-21T00:00:00.000,19:00,40.67217,-73.88301,0,0,0,0,4067,-7388,0.30434782608695654
2021-05-21T00:00:00.000,20:18,40.67947,-73.98009,0,0,0,0,4067,-7398,0.3655913978494624
2021-05-21T00:00:00.000,12:20,40.663334,-73.960236,0,0,0,0,4066,-7396,0.4074074074074074
2021-05-21T00:00:00.000,18:00,40.856712,-73.84961,0,0,0,0,4085,-7384,0.32432432432432434
2021-05-19T00:00:00.000,10:30,40.873695,-73.824394,0,0,0,0,4087,-7382,0.3333333333333333
2021-05-18T00:00:00.000,17:09,40.827984,-73.84329,0,0,0,0,4082,-7384,0.3835616438356164
2021-05-19T00:00:00.000,22:20,40.666733,-73.95079,1,0,1,1,4066,-7395,0.44375
2021-05-20T00:00:00.000,16:03,40.881744,-73.85706,0,0,0,0,4088,-7385,0.36619718309859156
2021-05-19T00:00:00.000,18:30,40.5604,-74.16975,0,0,0,0,4056,-7416,0.35
2021-05-21T00:00:00.000,21:07,40.706768,-73.75373,0,0,0,0,4070,-7375,0.4117647058823529
2021-05-20T00:00:00.000,12:00,40.778885,-73.81454,0,0,0,0,4077,-7381,0.3157894736842105
2021-05-20T00:00:00.000,13:10,40.596756,-73.93342,1,0,1,1,4059,-7393,0.47058823529411764
2021-12-23T00:00:00.000,20:00,40.763645,-73.940414,0,0,0,0,4076,-7394,0.4583333333333333
2021-05-20T00:00:00.000,14:29,40.796772,-73.934845,0,0,0,0,4079,-7393,0.36585365853658536
2021-05-21T00:00:00.000,0:00,40.683414,-73.98816,0,0,0,0,4068,-7398,0.3873239436619718
2021-05-21T00:00:00.000,16:20,40.693306,-73.95311,0,0,0,0,4069,-7395,0.30952380952380953
2021-05-15T00:00:00.000,23:55,40.619,-74.084785,0,0,0,0,4061,-7408,0.30612244897959184
2021-05-21T00:00:00.000,16:10,40.817898,-73.938095,0,0,0,0,4081,-7393,0.32432432432432434
2021-05-20T00:00:00.000,17:25,40.70122,-73.83144,0,0,0,0,4070,-7383,0.3541666666666667
2021-05-20T00:00:00.000,17:58,40.882385,-73.90408,0,0,0,0,4088,-7390,0.2702702702702703
2021-05-20T00:00:00.000,13:22,40.666233,-73.761,1,0,1,1,4066,-7376,0.30434782608695654
2021-05-20T00:00:00.000,0:15,40.655827,-73.898605,0,0,0,0,4065,-7389,0.34965034965034963
2021-05-20T00:00:00.000,11:39,40.74916,-73.92035,1,0,1,1,4074,-7392,0.3709677419354839
2021-05-20T00:00:00.000,13:22,40.684097,-73.76465,0,0,0,0,4068,-7376,0.35714285714285715
2021-05-21T00:00:00.000,13:30,40.60106,-73.93427,1,0,1,1,4060,-7393,0.4117647058823529
2021-05-21T00:00:00.000,14:32,40.69198,-73.98731,1,0,1,1,4069,-7398,0.3229166666666667
2021-05-21T00:00:00.000,8:03,40.816456,-73.86683,0,0,0,0,4081,-7386,0.23333333333333334
2021-05-13T00:00:00.000,19:00,40.789444,-73.98212,0,0,0,0,4078,-7398,0.42105263157894735
2021-05-19T00:00:00.000,9:30,40.811405,-73.94283,0,0,0,0,4081,-7394,0.38
2021-05-21T00:00:00.000,12:45,40.824932,-73.82431,1,0,1,1,4082,-7382,0.46153846153846156
2021-05-17T00:00:00.000,9:55,40.811623,-73.95061,0,0,0,0,4081,-7395,0.3509933774834437
2021-05-20T00:00:00.000,1:55,40.757935,-73.98557,0,0,0,0,4075,-7398,0.3170731707317073
2021-12-22T00:00:00.000,18:30,40.581062,-74.00071,0,0,0,0,4058,-7400,0.0
2021-05-19T00:00:00.000,6:20,40.799698,-73.96997,0,0,0,0,4079,-7396,0.25
2021-05-19T00:00:00.000,13:00,40.66496,-73.82226,1,0,1,1,4066,-7382,0.43103448275862066
2021-05-19T00:00:00.000,18:45,40.753525,-73.994545,1,0,1,1,4075,-7399,0.2830188679245283
2021-05-21T00:00:00.000,13:45,40.66283,-73.92615,0,0,0,0,4066,-7392,0.355
2021-05-19T00:00:00.000,10:00,40.71582,-73.81759,1,0,1,1,4071,-7381,0.3448275862068966
2021-05-20T00:00:00.000,14:30,40.727684,-73.95304,0,0,0,0,4072,-7395,0.22093023255813954
2021-05-17T00:00:00.000,15:00,40.89687,-73.87645,0,0,0,0,4089,-7387,0.2
2021-05-19T00:00:00.000,8:20,40.77039,-73.91771,1,0,1,1,4077,-7391,0.3157894736842105
2021-05-19T00:00:00.000,16:15,40.56067,-74.13489,0,0,0,0,4056,-7413,0.46153846153846156
2021-05-20T00:00:00.000,16:00,40.76465,-73.823494,1,0,1,1,4076,-7382,0.2987012987012987
2021-05-20T00:00:00.000,17:13,40.683907,-73.880844,0,0,0,0,4068,-7388,0.36538461538461536
2021-05-21T00:00:00.000,15:55,40.537678,-74.1652,0,0,0,0,4053,-7416,0.25
2021-05-21T00:00:00.000,7:00,40.757072,-73.85492,0,0,0,0,4075,-7385,0.3048780487804878
2021-05-20T00:00:00.000,0:00,40.80623,-73.91206,0,0,0,0,4080,-7391,0.38961038961038963
2021-05-19T00:00:00.000,20:49,40.70509,-73.85261,1,0,1,1,4070,-7385,0.39436619718309857
2021-05-19T00:00:00.000,2:30,40.8216,-73.91211,0,0,0,0,4082,-7391,0.3355263157894737
2021-12-23T00:00:00.000,10:30,40.69053,-73.7585,0,0,0,0,4069,-7375,0.3584905660377358
2021-05-19T00:00:00.000,23:35,40.84519,-73.9112,1,0,1,1,4084,-7391,0.32558139534883723
2021-05-19T00:00:00.000,19:52,40.798107,-73.950325,0,0,0,0,4079,-7395,0.42
2021-05-20T00:00:00.000,19:55,40.691715,-73.73483,1,0,1,1,4069,-7373,0.36585365853658536
2021-05-19T00:00:00.000,12:00,40.827904,-73.91218,0,0,0,0,4082,-7391,0.3355263157894737
2021-05-19T00:00:00.000,4:41,40.856606,-73.92841,2,0,1,1,4085,-7392,0.22
2021-05-21T00:00:00.000,19:05,40.842453,-73.93552,0,0,0,0,4084,-7393,0.32786885245901637
2021-05-20T00:00:00.000,18:40,40.71406,-73.95292,0,0,0,0,4071,-7395,0.36585365853658536
2021-05-19T00:00:00.000,9:48,40.6656,-73.74648,2,0,1,1,4066,-7374,0.3698630136986301
2021-05-20T00:00:00.000,15:20,40.842514,-73.93566,0,0,0,0,4084,-7393,0.32786885245901637
2021-05-21T00:00:00.000,15:55,40.707153,-73.93149,1,0,1,1,4070,-7393,0.3300970873786408
2021-05-21T00:00:00.000,14:44,40.77882,-73.953995,0,0,0,0,4077,-7395,0.3384615384615385
2021-05-20T00:00:00.000,16:09,40.657837,-73.95033,0,0,0,0,4065,-7395,0.38686131386861317
2021-05-21T00:00:00.000,18:05,40.753017,-73.87165,1,0,1,1,4075,-7387,0.33884297520661155
2021-12-23T00:00:00.000,9:20,40.629124,-73.94336,0,0,0,0,4062,-7394,0.41379310344827586
2021-05-20T00:00:00.000,7:00,40.69977,-73.98294,0,0,0,0,4069,-7398,0.3229166666666667
2021-05-19T00:00:00.000,21:50,40.8283,-73.88281,0,0,0,0,4082,-7388,0.27624309392265195
2021-05-20T00:00:00.000,13:20,40.759308,-73.944176,0,0,0,0,4075,-7394,0.41333333333333333
2021-05-21T00:00:00.000,13:19,40.71736,-73.9064,0,0,0,0,4071,-7390,0.4
2021-05-20T00:00:00.000,17:00,40.665348,-73.91157,2,0,1,1,4066,-7391,0.3630952380952381
2021-05-15T00:00:00.000,20:05,40.631996,-73.8877,0,0,0,0,4063,-7388,0.3835616438356164
2021-05-20T00:00:00.000,5:20,40.64119,-73.90703,0,0,0,0,4064,-7390,0.4017094017094017
2021-05-20T00:00:00.000,5:40,40.856403,-73.9073,0,0,0,0,4085,-7390,0.42207792207792205
2021-05-21T00:00:00.000,15:35,40.670006,-73.95328,0,0,0,0,4067,-7395,0.3695652173913043
2021-05-01T00:00:00.000,21:00,40.842644,-73.85181,0,0,0,0,4084,-7385,0.32727272727272727
2021-05-20T00:00:00.000,16:19,40.853813,-73.90734,1,0,1,1,4085,-7390,0.42207792207792205
2021-05-20T00:00:00.000,17:05,40.609005,-73.97304,1,0,1,1,4060,-7397,0.3469387755102041
2021-05-21T00:00:00.000,14:53,40.648403,-73.96288,0,0,0,0,4064,-7396,0.4714285714285714
2021-05-19T00:00:00.000,19:50,40.87911,-73.84325,0,0,0,0,4087,-7384,0.47297297297297297
2021-05-20T00:00:00.000,16:20,40.765472,-73.956505,0,0,0,0,4076,-7395,0.3696969696969697
2021-05-21T00:00:00.000,17:41,40.70812,-73.964325,0,0,0,0,4070,-7396,0.3431372549019608
2021-05-21T00:00:00.000,0:00,40.86808,-73.90858,0,2,2,1,4086,-7390,0.42748091603053434
2021-12-21T00:00:00.000,0:00,40.826977,-73.90256,0,0,0,0,4082,-7390,0.3025210084033613
2021-12-17T00:00:00.000,21:17,40.690266,-73.91546,0,0,0,0,4069,-7391,0.2709677419354839
2021-12-20T00:00:00.000,7:28,40.628365,-74.12206,1,0,1,1,4062,-7412,0.21739130434782608
2021-12-24T00:00:00.000,1:00,40.82634,-73.89194,0,0,0,0,4082,-7389,0.37423312883435583
2021-12-23T00:00:00.000,13:00,40.67506,-73.916626,0,0,0,0,4067,-7391,0.36597938144329895
2021-12-22T00:00:00.000,19:05,40.817513,-73.91712,0,0,0,0,4081,-7391,0.47244094488188976
2021-12-23T00:00:00.000,17:40,40.65822,-73.89146,0,0,0,0,4065,-7389,0.34965034965034963
2021-12-17T00:00:00.000,0:00,40.748512,-73.98872,1,0,1,1,4074,-7398,0.40131578947368424
2021-12-24T00:00:00.000,17:05,40.840527,-73.88952,1,0,1,1,4084,-7388,0.390625
2021-12-24T00:00:00.000,17:55,40.635303,-74.00617,1,0,1,1,4063,-7400,0.3068181818181818
2021-12-23T00:00:00.000,14:20,40.882538,-73.82697,0,0,0,0,4088,-7382,0.2765957446808511
2021-12-22T00:00:00.000,8:20,40.661217,-73.917984,0,0,0,0,4066,-7391,0.3630952380952381
2021-12-23T00:00:00.000,19:57,40.79323,-73.979515,0,0,0,0,4079,-7397,0.24210526315789474
2021-12-22T00:00:00.000,11:00,40.605003,-73.74954,0,0,0,0,4060,-7374,0.15789473684210525
2021-12-23T00:00:00.000,22:35,40.63176,-73.92629,0,0,0,0,4063,-7392,0.4036697247706422
2021-12-24T00:00:00.000,13:50,40.727207,-73.90742,0,0,0,0,4072,-7390,0.2978723404255319
2021-12-22T00:00:00.000,8:15,40.690838,-73.822876,1,0,1,1,4069,-7382,0.37209302325581395
2021-12-22T00:00:00.000,17:50,40.696663,-73.98085,0,0,0,0,4069,-7398,0.3229166666666667
2021-12-23T00:00:00.000,2:00,40.781437,-73.841446,0,0,0,0,4078,-7384,0.23809523809523808
2021-12-24T00:00:00.000,22:14,40.587326,-73.99173,0,0,0,0,4058,-7399,0.23076923076923078
2021-12-22T00:00:00.000,17:15,40.809097,-73.95194,1,0,1,1,4080,-7395,0.381294964028777
2021-12-22T00:00:00.000,6:30,40.677414,-73.7588,0,0,0,0,4067,-7375,0.2608695652173913
2021-12-24T00:00:00.000,17:40,40.75314,-73.87262,0,0,0,0,4075,-7387,0.33884297520661155
2021-12-22T00:00:00.000,8:18,40.684753,-73.86077,1,0,1,1,4068,-7386,0.423728813559322
2021-12-22T00:00:00.000,4:34,40.810287,-73.90172,1,0,1,1,4081,-7390,0.3888888888888889
2021-12-22T00:00:00.000,19:15,40.69133,-73.95177,1,0,1,1,4069,-7395,0.30952380952380953
2021-12-20T00:00:00.000,21:24,40.62051,-73.99248,1,0,1,1,4062,-7399,0.3835616438356164
2021-12-23T00:00:00.000,12:57,40.61606,-74.02576,1,0,1,1,4061,-7402,0.4090909090909091
2021-12-22T00:00:00.000,23:15,40.84499,-73.867195,0,0,0,0,4084,-7386,0.375
2021-12-22T00:00:00.000,15:00,40.578823,-73.98628,0,0,0,0,4057,-7398,0.36904761904761907
2021-12-23T00:00:00.000,9:58,40.59682,-73.92957,0,0,0,0,4059,-7392,0.375
2021-12-23T00:00:00.000,18:45,40.654003,-73.979935,1,0,1,1,4065,-7397,0.4074074074074074
2021-12-24T00:00:00.000,22:33,40.735504,-73.95264,0,0,0,0,4073,-7395,0.30434782608695654
2021-12-21T00:00:00.000,12:31,40.68782,-73.9627,0,0,0,0,4068,-7396,0.42567567567567566
2021-12-22T00:00:00.000,14:55,40.610725,-74.08635,1,0,1,1,4061,-7408,0.30612244897959184
2021-12-24T00:00:00.000,2:40,40.71874,-73.75887,0,0,0,0,4071,-7375,0.3269230769230769
2021-12-20T00:00:00.000,17:30,40.840378,-73.86923,0,0,0,0,4084,-7386,0.375
2021-12-23T00:00:00.000,20:33,40.690987,-73.80087,2,0,1,1,4069,-7380,0.38461538461538464
2021-12-23T00:00:00.000,13:00,40.66252,-73.84071,1,0,1,1,4066,-7384,0.5925925925925926
2021-12-24T00:00:00.000,3:55,40.8619,-73.89124,0,0,0,0,4086,-7389,0.40606060606060607
2021-11-08T00:00:00.000,23:40,40.81096,-73.950935,0,0,0,0,4081,-7395,0.3509933774834437
2021-12-22T00:00:00.000,15:03,40.61874,-73.957275,0,0,0,0,4061,-7395,0.4461538461538462
2021-12-24T00:00:00.000,16:30,40.8477,-73.90097,0,0,0,0,4084,-7390,0.366120218579235
2021-12-22T00:00:00.000,23:15,40.6552,-73.893555,0,0,0,0,4065,-7389,0.34965034965034963
2021-12-23T00:00:00.000,3:20,40.720802,-73.998436,0,0,0,0,4072,-7399,0.3829787234042553
2021-12-23T00:00:00.000,7:01,40.773335,-73.94421,0,0,0,0,4077,-7394,0.28
2021-12-22T00:00:00.000,4:50,40.812817,-73.89198,0,0,0,0,4081,-7389,0.31543624161073824
2021-12-24T00:00:00.000,14:00,40.636326,-73.958405,0,0,0,0,4063,-7395,0.48484848484848486
2021-12-22T00:00:00.000,9:00,40.67079,-73.9949,0,0,0,0,4067,-7399,0.3258426966292135
2021-12-23T00:00:00.000,12:00,40.71321,-73.79351,0,0,0,0,4071,-7379,0.3888888888888889
2021-12-20T00:00:00.000,13:18,40.72514,-73.93381,0,0,0,0,4072,-7393,0.36507936507936506
2021-12-22T00:00:00.000,10:20,40.79814,-73.94051,1,0,1,1,4079,-7394,0.3523809523809524
2021-12-23T00:00:00.000,5:20,40.76351,-73.98898,0,0,0,0,4076,-7398,0.3081761006289308
2021-12-23T00:00:00.000,17:18,40.867256,-73.88363,0,0,0,0,4086,-7388,0.23943661971830985
2021-12-22T00:00:00.000,15:30,40.840656,-73.874504,0,0,0,0,4084,-7387,0.48333333333333334
2022-02-18T00:00:00.000,21:45,40.69166,-73.82971,1,0,1,1,4069,-7382,0.37209302325581395
2021-12-22T00:00:00.000,5:55,40.747475,-73.89329,0,0,0,0,4074,-7389,0.3203125
2021-12-22T00:00:00.000,11:40,40.8852,-73.83562,0,0,0,0,4088,-7383,0.3448275862068966
2021-12-24T00:00:00.000,14:24,40.668034,-73.950096,1,0,1,1,4066,-7395,0.44375
2021-12-23T00:00:00.000,7:30,40.63931,-73.89432,0,0,0,0,4063,-7389,0.41818181818181815
2021-12-23T00:00:00.000,10:10,40.84299,-73.82625,0,0,0,0,4084,-7382,0.4
2021-12-22T00:00:00.000,4:35,40.71399,-73.92455,1,0,1,1,4071,-7392,0.2777777777777778
2021-12-23T00:00:00.000,20:35,40.743275,-73.77572,0,0,0,0,4074,-7377,0.36363636363636365
2021-12-22T00:00:00.000,18:00,40.707226,-73.804504,0,0,0,0,4070,-7380,0.3877551020408163
2021-12-24T00:00:00.000,18:42,40.74861,-73.86709,1,0,1,1,4074,-7386,0.3813559322033898
2021-12-24T00:00:00.000,23:00,40.607243,-73.98726,0,0,0,0,4060,-7398,0.2711864406779661
2021-12-23T00:00:00.000,11:56,40.64534,-73.97778,1,0,1,1,4064,-7397,0.4095238095238095
2021-12-22T00:00:00.000,16:00,40.593945,-73.75913,0,0,0,0,4059,-7375,0.17777777777777778
2021-12-23T00:00:00.000,20:35,40.744358,-73.88597,3,0,1,1,4074,-7388,0.2978723404255319
2021-12-22T00:00:00.000,20:25,40.820747,-73.906006,0,0,0,0,4082,-7390,0.3025210084033613
2021-12-23T00:00:00.000,17:09,40.630505,-73.92812,0,0,0,0,4063,-7392,0.4036697247706422
2021-12-23T00:00:00.000,17:04,40.627983,-73.92493,0,0,0,0,4062,-7392,0.3611111111111111
2021-12-22T00:00:00.000,2:40,40.680855,-74.00305,0,0,0,0,4068,-7400,0.3333333333333333
2021-12-23T00:00:00.000,17:05,40.64275,-73.90378,0,0,0,0,4064,-7390,0.4017094017094017
2021-12-22T00:00:00.000,4:04,40.767612,-73.950005,1,0,1,1,4076,-7395,0.3696969696969697
2021-12-22T00:00:00.000,15:00,40.56895,-74.12491,0,0,0,0,4056,-7412,0.2222222222222222
2021-12-23T00:00:00.000,13:56,40.78459,-73.77337,1,0,1,1,4078,-7377,0.5384615384615384
2021-12-24T00:00:00.000,10:20,40.75425,-73.827835,0,0,0,0,4075,-7382,0.4915254237288136
2021-12-22T00:00:00.000,16:40,40.698463,-73.960205,0,0,0,0,4069,-7396,0.325
2021-12-23T00:00:00.000,7:00,40.638523,-73.97319,1,0,1,1,4063,-7397,0.36893203883495146
2021-12-24T00:00:00.000,23:35,40.699654,-73.74227,0,0,0,0,4069,-7374,0.46774193548387094
2021-12-24T00:00:00.000,17:58,40.844173,-73.91746,1,0,1,1,4084,-7391,0.32558139534883723
2021-12-19T00:00:00.000,19:00,40.702168,-73.7924,0,0,0,0,4070,-7379,0.3978494623655914
2021-12-19T00:00:00.000,0:30,40.644863,-74.01748,1,0,1,1,4064,-7401,0.4295774647887324
2021-12-24T00:00:00.000,21:00,40.672062,-73.925255,0,0,0,0,4067,-7392,0.39655172413793105
2021-12-24T00:00:00.000,6:50,40.713688,-73.99459,1,0,1,1,4071,-7399,0.3263157894736842
2021-12-23T00:00:00.000,14:35,40.850307,-73.88644,1,0,1,1,4085,-7388,0.3
2021-12-24T00:00:00.000,1:15,40.81632,-73.89622,0,0,0,0,4081,-7389,0.31543624161073824
2021-12-22T00:00:00.000,16:30,40.61698,-73.920555,0,0,0,0,4061,-7392,0.2982456140350877
2021-12-23T00:00:00.000,20:30,40.820137,-73.899864,0,0,0,0,4082,-7389,0.37423312883435583
2021-12-20T00:00:00.000,14:54,40.747295,-73.97405,1,0,1,1,4074,-7397,0.4810810810810811
2021-12-24T00:00:00.000,13:30,40.645424,-74.01689,0,0,0,0,4064,-7401,0.4295774647887324
2021-12-24T00:00:00.000,17:46,40.748684,-73.873985,0,0,0,0,4074,-7387,0.25663716814159293
2021-12-20T00:00:00.000,11:12,40.764103,-73.93277,1,0,1,1,4076,-7393,0.44680851063829785
2021-12-11T00:00:00.000,4:05,40.69835,-73.92275,1,0,1,1,4069,-7392,0.3584905660377358
2021-12-21T00:00:00.000,0:20,40.63542,-74.12406,0,0,0,0,4063,-7412,0.36363636363636365
2021-12-23T00:00:00.000,20:40,40.737984,-73.790085,1,0,1,1,4073,-7379,0.4
2021-12-19T00:00:00.000,5:42,40.669544,-73.917145,0,0,0,0,4066,-7391,0.3630952380952381
2021-12-22T00:00:00.000,10:59,40.845425,-73.84492,1,0,1,1,4084,-7384,0.4222222222222222
2021-12-18T00:00:00.000,1:53,40.77365,-73.93121,0,0,0,0,4077,-7393,0.20833333333333334
2021-12-24T00:00:00.000,0:00,40.856266,-73.88301,0,0,0,0,4085,-7388,0.3
2021-12-22T00:00:00.000,16:48,40.605713,-74.09459,0,0,0,0,4060,-7409,0.36363636363636365
2021-12-22T00:00:00.000,9:20,40.676598,-73.93039,1,0,1,1,4067,-7393,0.3755868544600939
2021-12-22T00:00:00.000,2:10,40.848927,-73.88816,0,0,0,0,4084,-7388,0.390625
2021-12-22T00:00:00.000,20:49,40.75546,-73.88631,0,0,0,0,4075,-7388,0.3402061855670103
2021-12-23T00:00:00.000,8:30,40.81996,-73.862656,2,0,1,1,4081,-7386,0.23333333333333334
2021-12-22T00:00:00.000,18:20,40.729855,-74.00396,0,0,0,0,4072,-7400,0.32926829268292684
2021-12-23T00:00:00.000,9:08,40.863632,-73.87168,2,0,1,1,4086,-7387,0.34545454545454546
2021-12-23T00:00:00.000,17:14,40.82681,-73.889984,2,0,1,1,4082,-7388,0.27624309392265195
2021-12-24T00:00:00.000,15:05,40.83285,-73.8852,0,0,0,0,4083,-7388,0.26717557251908397
2021-12-24T00:00:00.000,19:15,40.694065,-73.85106,1,0,1,1,4069,-7385,0.34
2021-12-15T00:00:00.000,23:00,40.723724,-73.85455,1,0,1,1,4072,-7385,0.4418604651162791
2021-12-24T00:00:00.000,2:00,40.67908,-73.880684,0,0,0,0,4067,-7388,0.30434782608695654
2021-12-24T00:00:00.000,21:02,40.65613,-73.90825,0,0,0,0,4065,-7390,0.375
2021-12-22T00:00:00.000,18:20,40.676193,-74.001335,0,0,0,0,4067,-7400,0.20967741935483872
2021-12-22T00:00:00.000,10:05,40.815556,-73.92441,2,0,1,1,4081,-7392,0.4714285714285714
2021-12-22T00:00:00.000,22:47,40.73958,-73.90082,0,0,0,0,4073,-7390,0.42424242424242425
2021-12-23T00:00:00.000,5:44,40.881783,-73.86536,3,0,1,1,4088,-7386,0.23809523809523808
2021-12-23T00:00:00.000,19:40,40.632755,-73.92984,2,0,1,1,4063,-7392,0.4036697247706422
2021-12-24T00:00:00.000,16:00,40.628086,-73.94422,0,0,0,0,4062,-7394,0.41379310344827586
2021-12-24T00:00:00.000,5:46,40.701614,-73.914856,0,0,0,0,4070,-7391,0.27450980392156865
2021-12-22T00:00:00.000,23:05,40.738552,-73.98043,0,0,0,0,4073,-7398,0.36942675159235666
2021-12-24T00:00:00.000,23:45,40.74547,-73.94655,0,0,0,0,4074,-7394,0.33962264150943394
2021-12-20T00:00:00.000,13:00,40.74074,-73.90779,0,0,0,0,4074,-7390,0.40625
2021-12-22T00:00:00.000,10:54,40.744072,-73.78353,1,0,1,1,4074,-7378,0.43478260869565216
2021-12-23T00:00:00.000,14:30,40.703148,-73.94938,0,0,0,0,4070,-7394,0.3956043956043956
2021-12-24T00:00:00.000,14:22,40.8695,-73.82619,0,0,0,0,4086,-7382,0.3611111111111111
2021-12-21T00:00:00.000,19:30,40.634506,-73.949455,1,0,1,1,4063,-7394,0.358974358974359
2021-12-23T00:00:00.000,11:22,40.66475,-73.89405,1,0,1,1,4066,-7389,0.3103448275862069
2021-12-24T00:00:00.000,18:15,40.64469,-73.949905,1,0,1,1,4064,-7394,0.42342342342342343
2021-12-24T00:00:00.000,21:05,40.83335,-73.93524,0,0,0,0,4083,-7393,0.3333333333333333
2021-12-24T00:00:00.000,16:30,40.681263,-73.83954,0,0,0,0,4068,-7383,0.45454545454545453
2021-12-20T00:00:00.000,14:00,40.721096,-73.94001,0,0,0,0,4072,-7394,0.19801980198019803
2021-12-22T00:00:00.000,7:50,40.696663,-73.98085,0,0,0,0,4069,-7398,0.3229166666666667
2021-12-21T00:00:00.000,9:45,40.723457,-73.80626,0,0,0,0,4072,-7380,0.2727272727272727
2021-12-24T00:00:00.000,17:06,40.703,-73.94425,0,0,0,0,4070,-7394,0.3956043956043956
2021-12-24T00:00:00.000,11:40,40.753994,-73.9742,0,0,0,0,4075,-7397,0.375886524822695
2021-12-24T00:00:00.000,9:00,40.666725,-73.86977,0,0,0,0,4066,-7386,0.35
2021-12-23T00:00:00.000,0:13,40.669235,-73.845314,0,0,0,0,4066,-7384,0.5925925925925926
2021-12-23T00:00:00.000,15:00,40.632065,-73.91861,0,0,0,0,4063,-7391,0.5
2021-12-22T00:00:00.000,23:45,40.584755,-73.94712,0,0,0,0,4058,-7394,0.40816326530612246
2022-02-14T00:00:00.000,13:30,40.67189,-73.895874,0,0,0,0,4067,-7389,0.33852140077821014
2022-02-19T00:00:00.000,14:11,40.61692,-74.0833,0,0,0,0,4061,-7408,0.30612244897959184
2022-02-19T00:00:00.000,17:30,40.83872,-73.91378,1,0,1,1,4083,-7391,0.33714285714285713
2022-02-19T00:00:00.000,18:38,40.68578,-73.9544,0,0,0,0,4068,-7395,0.38571428571428573
2022-02-19T00:00:00.000,19:40,40.58117,-73.95989,0,0,0,0,4058,-7395,0.3465346534653465
2022-02-19T00:00:00.000,20:24,40.614685,-74.15805,0,0,0,0,4061,-7415,0.3333333333333333
2021-11-06T00:00:00.000,21:18,40.767918,-73.985725,1,0,1,1,4076,-7398,0.3081761006289308
2022-02-19T00:00:00.000,13:47,40.815826,-73.947044,1,0,1,1,4081,-7394,0.38
2022-02-19T00:00:00.000,6:30,40.73826,-73.87928,0,0,0,0,4073,-7387,0.3140495867768595
2022-02-18T00:00:00.000,16:53,40.60809,-74.14093,0,0,0,0,4060,-7414,0.4074074074074074
2022-01-20T00:00:00.000,19:00,40.714653,-73.81639,0,0,0,0,4071,-7381,0.3448275862068966
2022-02-18T00:00:00.000,9:00,40.78326,-73.950745,0,0,0,0,4078,-7395,0.42168674698795183
2022-02-19T00:00:00.000,18:28,40.757442,-73.86747,1,0,1,1,4075,-7386,0.33653846153846156
2022-02-22T00:00:00.000,14:20,40.838726,-73.87768,0,0,0,0,4083,-7387,0.38414634146341464
2022-02-22T00:00:00.000,11:13,40.65624,-73.89872,0,0,0,0,4065,-7389,0.34965034965034963
2022-02-22T00:00:00.000,1:30,40.645397,-73.91893,1,1,2,1,4064,-7391,0.39805825242718446
2022-02-22T00:00:00.000,7:00,40.752777,-73.86627,1,0,1,1,4075,-7386,0.33653846153846156
2022-02-22T00:00:00.000,19:05,40.843678,-73.871956,0,0,0,0,4084,-7387,0.48333333333333334
2022-06-26T00:00:00.000,19:58,40.849213,-73.9338,1,0,1,1,4084,-7393,0.32786885245901637
2022-06-29T00:00:00.000,18:10,40.692883,-73.95678,1,0,1,1,4069,-7395,0.30952380952380953
2022-07-01T00:00:00.000,14:20,40.706852,-73.81459,0,0,0,0,4070,-7381,0.3194444444444444
2022-07-01T00:00:00.000,16:50,40.68405,-73.97746,0,0,0,0,4068,-7397,0.3412322274881517
2022-06-29T00:00:00.000,14:15,40.835777,-73.91648,5,0,1,1,4083,-7391,0.33714285714285713
2022-06-30T00:00:00.000,10:30,40.76861,-73.95189,0,0,0,0,4076,-7395,0.3696969696969697
2022-06-30T00:00:00.000,0:55,40.89675,-73.85988,2,0,1,1,4089,-7385,0.3813559322033898
2022-06-11T00:00:00.000,21:50,40.848118,-73.93089,1,0,1,1,4084,-7393,0.32786885245901637
2022-06-29T00:00:00.000,19:55,40.799976,-73.94274,1,0,1,1,4079,-7394,0.3523809523809524
2022-07-01T00:00:00.000,22:39,40.692112,-73.77729,4,0,1,1,4069,-7377,0.35135135135135137
2022-06-24T00:00:00.000,15:02,40.751602,-73.93384,1,0,1,1,4075,-7393,0.43478260869565216
2022-06-29T00:00:00.000,0:35,40.700836,-73.98594,0,0,0,0,4070,-7398,0.21568627450980393
2022-07-01T00:00:00.000,4:00,40.712166,-73.74211,0,0,0,0,4071,-7374,0.23404255319148937
2022-06-30T00:00:00.000,9:14,40.85678,-73.86192,0,0,0,0,4085,-7386,0.33766233766233766
2022-06-28T00:00:00.000,16:20,40.732677,-73.95203,3,0,1,1,4073,-7395,0.30434782608695654
2022-06-29T00:00:00.000,10:00,40.829136,-73.9114,1,0,1,1,4082,-7391,0.3355263157894737
2022-06-30T00:00:00.000,8:00,40.636787,-73.74057,2,0,1,1,4063,-7374,0.7142857142857143
2022-06-30T00:00:00.000,17:45,40.632328,-74.02147,0,0,0,0,4063,-7402,0.3877551020408163
2022-06-29T00:00:00.000,16:00,40.67564,-73.898315,0,0,0,0,4067,-7389,0.33852140077821014
2022-07-01T00:00:00.000,9:18,40.72537,-73.82366,1,0,1,1,4072,-7382,0.45454545454545453
2022-07-01T00:00:00.000,17:17,40.680454,-73.97323,1,0,1,1,4068,-7397,0.3412322274881517
2022-06-25T00:00:00.000,10:20,40.777195,-73.909424,0,0,0,0,4077,-7390,0.3404255319148936
2022-07-01T00:00:00.000,13:00,40.746883,-73.76348,0,0,0,0,4074,-7376,0.3333333333333333
2022-06-30T00:00:00.000,15:41,40.727566,-73.929276,0,0,0,0,4072,-7392,0.4
2022-07-01T00:00:00.000,20:24,40.639256,-73.968796,1,0,1,1,4063,-7396,0.34615384615384615
2022-06-17T00:00:00.000,7:00,40.66669,-73.941925,0,0,0,0,4066,-7394,0.36792452830188677
2022-07-01T00:00:00.000,9:30,40.669113,-73.95336,1,0,1,1,4066,-7395,0.44375
2022-06-26T00:00:00.000,21:18,40.844715,-73.91228,4,0,1,1,4084,-7391,0.32558139534883723
2022-06-26T00:00:00.000,11:45,40.607838,-74.0872,0,0,0,0,4060,-7408,0.3235294117647059
2022-06-29T00:00:00.000,11:25,40.66877,-73.976715,0,0,0,0,4066,-7397,0.24390243902439024
2022-06-29T00:00:00.000,20:22,40.747932,-73.9794,1,0,1,1,4074,-7397,0.4810810810810811
2022-07-01T00:00:00.000,20:20,40.712593,-73.782486,0,0,0,0,4071,-7378,0.32653061224489793
2022-07-01T00:00:00.000,4:48,40.667915,-73.77523,0,0,0,0,4066,-7377,0.37362637362637363
2022-06-20T00:00:00.000,1:45,40.71071,-73.793045,2,0,1,1,4071,-7379,0.3888888888888889
2022-06-30T00:00:00.000,8:55,40.63431,-74.12008,1,0,1,1,4063,-7412,0.36363636363636365
2022-06-27T00:00:00.000,12:53,40.70202,-73.87975,1,0,1,1,4070,-7387,0.24324324324324326
2022-06-30T00:00:00.000,20:35,40.72634,-73.79309,0,0,0,0,4072,-7379,0.3333333333333333
2022-06-29T00:00:00.000,0:22,40.67581,-73.739555,2,0,1,1,4067,-7373,0.46835443037974683
2022-06-21T00:00:00.000,19:15,40.804585,-73.91213,1,0,1,1,4080,-7391,0.38961038961038963
2022-06-24T00:00:00.000,19:40,40.76502,-73.9174,1,0,1,1,4076,-7391,0.40476190476190477
2022-07-01T00:00:00.000,14:58,40.77861,-73.77585,0,0,0,0,4077,-7377,0.25
2022-06-30T00:00:00.000,12:50,40.82138,-73.86298,0,0,0,0,4082,-7386,0.3493975903614458
2022-06-30T00:00:00.000,15:50,40.878643,-73.871605,2,0,1,1,4087,-7387,0.297029702970297
2022-06-30T00:00:00.000,5:00,40.809563,-73.92923,1,0,1,1,4080,-7392,0.3141025641025641
2022-06-30T00:00:00.000,20:55,40.74618,-73.87529,6,0,1,1,4074,-7387,0.25663716814159293
2022-06-30T00:00:00.000,5:40,40.885426,-73.897446,1,0,1,1,4088,-7389,0.4626865671641791
2022-06-29T00:00:00.000,8:57,40.868008,-73.84073,1,0,1,1,4086,-7384,0.17857142857142858
2021-12-25T00:00:00.000,23:28,40.65133,-73.90607,0,0,0,0,4065,-7390,0.375
2022-06-30T00:00:00.000,15:10,40.855286,-73.855705,0,0,0,0,4085,-7385,0.3125
2022-06-28T00:00:00.000,9:30,40.882095,-73.86878,6,0,1,1,4088,-7386,0.23809523809523808
2022-06-25T00:00:00.000,3:00,40.678577,-73.958755,0,0,0,0,4067,-7395,0.3695652173913043
2022-07-01T00:00:00.000,22:58,40.68966,-74.00047,1,0,1,1,4068,-7400,0.3333333333333333
2022-06-28T00:00:00.000,23:30,40.65807,-73.960434,0,0,0,0,4065,-7396,0.3939393939393939
2022-06-29T00:00:00.000,16:44,40.82764,-73.84791,1,0,1,1,4082,-7384,0.3835616438356164
2022-07-01T00:00:00.000,17:30,40.557106,-74.17385,0,0,0,0,4055,-7417,0.25
2022-06-29T00:00:00.000,18:21,40.87004,-73.8997,1,0,1,1,4087,-7389,0.3333333333333333
2022-06-28T00:00:00.000,14:23,40.762768,-73.94096,0,0,0,0,4076,-7394,0.4583333333333333
2022-06-25T00:00:00.000,4:50,40.66925,-73.93944,1,0,1,1,4066,-7393,0.38578680203045684
2022-06-10T00:00:00.000,0:31,40.885693,-73.86165,0,0,0,0,4088,-7386,0.23809523809523808
2022-06-28T00:00:00.000,14:10,40.727676,-73.732544,1,0,1,1,4072,-7373,0.4642857142857143
2022-07-01T00:00:00.000,14:15,40.75325,-73.9237,1,0,1,1,4075,-7392,0.48148148148148145
2022-06-30T00:00:00.000,20:26,40.672947,-73.85987,3,0,1,1,4067,-7385,0.26666666666666666
2022-06-26T00:00:00.000,14:39,40.699604,-73.95154,0,0,0,0,4069,-7395,0.30952380952380953
2022-06-30T00:00:00.000,17:55,40.733498,-73.87038,0,0,0,0,4073,-7387,0.3140495867768595
2022-07-01T00:00:00.000,10:25,40.686375,-73.99836,0,0,0,0,4068,-7399,0.17857142857142858
2022-06-29T00:00:00.000,18:41,40.605675,-73.966965,2,0,1,1,4060,-7396,0.5714285714285714
2022-06-26T00:00:00.000,2:10,40.860527,-73.91939,0,0,0,0,4086,-7391,0.38016528925619836
2022-06-22T00:00:00.000,15:40,40.669476,-73.919975,0,0,0,0,4066,-7391,0.3630952380952381
2022-06-29T00:00:00.000,0:20,40.710777,-73.86502,1,0,1,1,4071,-7386,0.5625
2022-06-30T00:00:00.000,13:45,40.591034,-74.10127,0,0,0,0,4059,-7410,0.2
2022-06-29T00:00:00.000,20:58,40.663845,-73.994514,1,0,1,1,4066,-7399,0.40540540540540543
2021-09-19T00:00:00.000,10:30,40.704082,-73.73813,1,0,1,1,4070,-7373,0.52
2021-09-28T00:00:00.000,22:30,40.66563,-73.73921,0,0,0,0,4066,-7373,0.44339622641509435
2021-09-28T00:00:00.000,21:20,40.66569,-73.98259,0,0,0,0,4066,-7398,0.421875
2021-09-28T00:00:00.000,8:16,40.76739,-73.97073,0,0,0,0,4076,-7397,0.37
2021-09-25T00:00:00.000,23:30,40.758377,-73.994385,0,0,0,0,4075,-7399,0.2830188679245283
2021-09-17T00:00:00.000,10:53,40.638523,-73.97319,1,0,1,1,4063,-7397,0.36893203883495146
2021-09-28T00:00:00.000,0:40,40.62771,-73.90307,0,0,0,0,4062,-7390,0.3888888888888889
2021-09-28T00:00:00.000,17:54,40.68899,-73.81707,1,0,1,1,4068,-7381,0.4117647058823529
2021-09-28T00:00:00.000,8:53,40.790627,-73.942444,0,0,0,0,4079,-7394,0.3523809523809524
2021-09-28T00:00:00.000,16:00,40.819317,-73.93032,0,0,0,0,4081,-7393,0.32432432432432434
2021-09-27T00:00:00.000,11:33,40.67773,-74.00234,0,0,0,0,4067,-7400,0.20967741935483872
2021-09-25T00:00:00.000,13:05,40.868763,-73.92325,0,0,0,0,4086,-7392,0.359375
2021-09-28T00:00:00.000,5:19,40.844193,-73.82932,0,0,0,0,4084,-7382,0.4
2021-09-28T00:00:00.000,10:10,40.615993,-74.031136,1,0,1,1,4061,-7403,0.2777777777777778
2021-09-28T00:00:00.000,11:50,40.75119,-73.90203,0,0,0,0,4075,-7390,0.37254901960784315
2021-09-17T00:00:00.000,7:00,40.850067,-73.93136,0,0,0,0,4085,-7393,0.36585365853658536
2021-09-27T00:00:00.000,9:06,40.63546,-74.1662,0,0,0,0,4063,-7416,0.3333333333333333
2021-09-28T00:00:00.000,7:50,40.726814,-73.95355,0,0,0,0,4072,-7395,0.22093023255813954
2021-09-28T00:00:00.000,10:30,40.75148,-73.93567,1,0,1,1,4075,-7393,0.43478260869565216
2021-09-28T00:00:00.000,11:30,40.635643,-73.74013,1,0,1,1,4063,-7374,0.7142857142857143
2021-09-28T00:00:00.000,17:12,40.63753,-73.90297,1,0,1,1,4063,-7390,0.3561643835616438
2021-09-28T00:00:00.000,23:30,40.6733,-73.90392,1,0,1,1,4067,-7390,0.3282442748091603
2021-09-28T00:00:00.000,12:00,40.8264,-73.87581,0,0,0,0,4082,-7387,0.33544303797468356
2021-09-28T00:00:00.000,10:00,40.69304,-73.924446,0,0,0,0,4069,-7392,0.3584905660377358
2021-09-21T00:00:00.000,15:00,40.90348,-73.85035,1,0,1,1,4090,-7385,0.42105263157894735
2021-09-28T00:00:00.000,12:30,40.652946,-74.002174,0,0,0,0,4065,-7400,0.41509433962264153
2021-09-22T00:00:00.000,19:30,40.816032,-73.90809,1,0,1,1,4081,-7390,0.3888888888888889
2021-09-28T00:00:00.000,15:00,40.780502,-73.825905,0,0,0,0,4078,-7382,0.3
2021-09-28T00:00:00.000,11:30,40.68158,-73.76548,0,0,0,0,4068,-7376,0.35714285714285715
2021-09-26T00:00:00.000,20:15,40.751446,-74.001434,1,0,1,1,4075,-7400,0.3888888888888889
2021-09-28T00:00:00.000,9:35,40.674755,-73.97211,0,0,0,0,4067,-7397,0.2818181818181818
2021-09-28T00:00:00.000,0:13,40.693203,-73.953995,0,0,0,0,4069,-7395,0.30952380952380953
2021-09-28T00:00:00.000,22:33,40.66843,-73.91919,0,0,0,0,4066,-7391,0.3630952380952381
2021-09-28T00:00:00.000,8:02,40.748436,-73.984566,1,0,1,1,4074,-7398,0.40131578947368424
2021-09-28T00:00:00.000,19:12,40.833572,-73.849785,0,0,0,0,4083,-7384,0.22727272727272727
2021-09-28T00:00:00.000,17:00,40.637394,-74.00664,0,0,0,0,4063,-7400,0.3068181818181818
2021-09-28T00:00:00.000,12:50,40.768795,-73.958374,0,0,0,0,4076,-7395,0.3696969696969697
2021-09-28T00:00:00.000,7:00,40.643215,-74.008705,0,0,0,0,4064,-7400,0.36764705882352944
2021-09-28T00:00:00.000,21:56,40.812634,-73.88313,2,0,1,1,4081,-7388,0.25471698113207547
2021-09-19T00:00:00.000,20:50,40.899185,-73.8562,1,0,1,1,4089,-7385,0.3813559322033898
2021-09-28T00:00:00.000,10:54,40.692844,-73.99311,0,0,0,0,4069,-7399,0.29473684210526313
2021-09-28T00:00:00.000,15:30,40.855953,-73.86766,0,0,0,0,4085,-7386,0.33766233766233766
2021-09-28T00:00:00.000,10:00,40.575714,-73.96301,1,0,1,1,4057,-7396,0.3191489361702128
2021-09-28T00:00:00.000,1:40,40.768875,-73.94898,0,0,0,0,4076,-7394,0.4583333333333333
2021-09-23T00:00:00.000,22:20,40.771286,-73.9467,0,0,0,0,4077,-7394,0.28
2021-09-28T00:00:00.000,16:29,40.742874,-73.933945,2,0,1,1,4074,-7393,0.3333333333333333
2021-09-28T00:00:00.000,7:57,40.677063,-73.98328,0,0,0,0,4067,-7398,0.3655913978494624
2021-09-28T00:00:00.000,9:40,40.82403,-73.89189,0,0,0,0,4082,-7389,0.37423312883435583
2021-09-27T00:00:00.000,18:48,40.847813,-73.90754,3,0,1,1,4084,-7390,0.366120218579235
2021-09-28T00:00:00.000,10:45,40.64148,-73.939766,0,0,0,0,4064,-7393,0.3333333333333333
2021-09-28T00:00:00.000,23:55,40.659092,-73.74029,0,0,0,0,4065,-7374,0.4583333333333333
2021-09-27T00:00:00.000,14:00,40.819035,-73.91395,0,0,0,0,4081,-7391,0.47244094488188976
2021-09-26T00:00:00.000,12:10,40.867035,-73.896324,1,0,1,1,4086,-7389,0.40606060606060607
2021-09-28T00:00:00.000,19:00,40.699604,-73.90108,0,0,0,0,4069,-7390,0.29591836734693877
2021-09-28T00:00:00.000,10:45,40.867657,-73.882996,0,0,0,0,4086,-7388,0.23943661971830985
2021-09-28T00:00:00.000,14:00,40.633335,-74.021065,2,0,1,1,4063,-7402,0.3877551020408163
2021-09-28T00:00:00.000,15:05,40.61111,-73.9526,2,0,1,1,4061,-7395,0.4461538461538462
2021-09-28T00:00:00.000,18:10,40.806717,-73.94087,0,0,0,0,4080,-7394,0.41116751269035534
2021-09-25T00:00:00.000,21:00,40.86131,-73.92124,0,0,0,0,4086,-7392,0.359375
2021-09-28T00:00:00.000,15:15,40.712727,-73.77666,1,0,1,1,4071,-7377,0.20967741935483872
2021-09-28T00:00:00.000,8:00,40.684544,-73.96509,1,0,1,1,4068,-7396,0.42567567567567566
2021-09-28T00:00:00.000,23:29,40.715046,-73.964806,2,0,1,1,4071,-7396,0.3218390804597701
2021-09-28T00:00:00.000,14:40,40.80524,-73.882095,0,0,0,0,4080,-7388,0.15789473684210525
2021-09-28T00:00:00.000,20:00,40.68484,-73.80607,1,0,1,1,4068,-7380,0.3829787234042553
2021-09-28T00:00:00.000,17:00,40.858303,-73.892784,0,0,0,0,4085,-7389,0.3353658536585366
2021-09-25T00:00:00.000,15:07,40.75898,-73.99595,0,0,0,0,4075,-7399,0.2830188679245283
2021-09-28T00:00:00.000,2:35,40.64644,-73.91289,0,0,0,0,4064,-7391,0.39805825242718446
2021-08-24T00:00:00.000,23:30,40.6985,-73.98698,0,0,0,0,4069,-7398,0.3229166666666667
2021-09-28T00:00:00.000,15:51,40.655148,-73.91094,0,0,0,0,4065,-7391,0.425
2021-09-28T00:00:00.000,18:48,40.810608,-73.88356,1,0,1,1,4081,-7388,0.25471698113207547
2021-09-22T00:00:00.000,6:10,40.682507,-73.94375,0,0,0,0,4068,-7394,0.4409448818897638
2021-09-28T00:00:00.000,15:50,40.700848,-73.96193,1,0,1,1,4070,-7396,0.3431372549019608
2021-09-28T00:00:00.000,9:43,40.878643,-73.871605,0,0,0,0,4087,-7387,0.297029702970297
2021-09-28T00:00:00.000,6:45,40.756207,-73.8577,0,0,0,0,4075,-7385,0.3048780487804878
2021-09-23T00:00:00.000,19:40,40.762913,-73.96981,0,0,0,0,4076,-7396,0.3023255813953488
2021-09-28T00:00:00.000,18:40,40.84028,-73.92741,1,0,1,1,4084,-7392,0.3181818181818182
2021-09-16T00:00:00.000,7:45,40.69366,-73.983795,0,0,0,0,4069,-7398,0.3229166666666667
2021-09-28T00:00:00.000,18:15,40.59019,-73.94576,0,0,0,0,4059,-7394,0.275
2021-09-28T00:00:00.000,15:55,40.68915,-73.924995,0,0,0,0,4068,-7392,0.2542372881355932
2021-09-25T00:00:00.000,12:10,40.859623,-73.88747,2,0,1,1,4085,-7388,0.3
2021-09-28T00:00:00.000,8:45,40.886528,-73.89979,0,0,0,0,4088,-7389,0.4626865671641791
2021-09-22T00:00:00.000,14:00,40.765877,-73.98883,0,0,0,0,4076,-7398,0.3081761006289308
2021-09-28T00:00:00.000,7:10,40.815964,-73.88688,0,0,0,0,4081,-7388,0.25471698113207547
2021-09-28T00:00:00.000,12:50,40.770683,-73.79598,0,0,0,0,4077,-7379,0.5
2021-09-17T00:00:00.000,17:36,40.66095,-73.92906,1,0,1,1,4066,-7392,0.355
2021-09-28T00:00:00.000,12:00,40.801155,-73.959656,0,0,0,0,4080,-7395,0.381294964028777
2021-09-28T00:00:00.000,8:50,40.731422,-73.94641,0,0,0,0,4073,-7394,0.5
2021-09-18T00:00:00.000,15:00,40.58393,-73.83093,0,0,0,0,4058,-7383,0.38461538461538464
2021-09-28T00:00:00.000,8:40,40.642864,-74.01266,0,0,0,0,4064,-7401,0.4295774647887324
2021-09-28T00:00:00.000,12:20,40.760117,-73.98484,0,0,0,0,4076,-7398,0.3081761006289308
2021-09-28T00:00:00.000,18:23,40.644592,-73.944084,2,0,1,1,4064,-7394,0.42342342342342343
2021-09-28T00:00:00.000,11:17,40.693665,-73.89658,1,0,1,1,4069,-7389,0.3709677419354839
2021-09-28T00:00:00.000,20:00,40.82294,-73.91451,0,0,0,0,4082,-7391,0.3355263157894737
2021-09-28T00:00:00.000,9:20,40.589043,-73.98381,0,0,0,0,4058,-7398,0.4
2021-09-26T00:00:00.000,2:00,40.757107,-73.99731,4,0,1,1,4075,-7399,0.2830188679245283
2021-09-28T00:00:00.000,12:40,0.0,0.0,0,0,0,0,0,0,0.40425531914893614
2021-09-28T00:00:00.000,14:30,40.67224,-73.805145,0,0,0,0,4067,-7380,0.24615384615384617
2021-09-25T00:00:00.000,19:59,40.593807,-73.94062,0,0,0,0,4059,-7394,0.275
2021-09-28T00:00:00.000,14:25,40.88777,-73.857735,0,0,0,0,4088,-7385,0.36619718309859156
2021-09-28T00:00:00.000,19:35,40.782887,-73.9439,0,0,0,0,4078,-7394,0.33513513513513515
2021-09-23T00:00:00.000,14:00,40.71409,-73.9556,1,0,1,1,4071,-7395,0.36585365853658536
2021-09-28T00:00:00.000,1:20,40.736526,-73.77947,0,0,0,0,4073,-7377,0.5789473684210527
2021-09-28T00:00:00.000,1:10,40.60228,-74.140366,0,0,0,0,4060,-7414,0.4074074074074074
2021-09-28T00:00:00.000,12:20,40.78318,-73.94362,1,0,1,1,4078,-7394,0.33513513513513515
2021-05-13T00:00:00.000,0:00,40.604084,-74.08521,0,0,0,0,4060,-7408,0.3235294117647059
2021-05-21T00:00:00.000,14:00,40.780125,-73.95304,1,0,1,1,4078,-7395,0.42168674698795183
2021-09-28T00:00:00.000,18:30,40.66323,-73.93161,1,0,1,1,4066,-7393,0.38578680203045684
2021-09-28T00:00:00.000,17:13,40.82419,-73.91385,1,0,1,1,4082,-7391,0.3355263157894737
2021-09-25T00:00:00.000,1:28,40.74561,-73.84785,0,0,0,0,4074,-7384,0.42857142857142855
2021-09-26T00:00:00.000,19:00,40.748356,-74.00369,1,0,1,1,4074,-7400,0.27710843373493976
2021-09-28T00:00:00.000,16:23,40.82989,-73.873276,2,0,1,1,4082,-7387,0.33544303797468356
2021-09-27T00:00:00.000,13:03,40.5763,-73.96854,0,0,0,0,4057,-7396,0.3191489361702128
2021-09-28T00:00:00.000,8:45,40.74622,-73.94553,1,0,1,1,4074,-7394,0.33962264150943394
2021-09-28T00:00:00.000,17:00,40.713955,-73.94259,0,0,0,0,4071,-7394,0.3710691823899371
2021-09-28T00:00:00.000,15:00,40.884857,-73.87848,0,0,0,0,4088,-7387,0.14583333333333334
2021-09-28T00:00:00.000,17:52,40.773975,-73.948555,0,0,0,0,4077,-7394,0.28
2021-09-28T00:00:00.000,8:18,40.701447,-73.83743,2,0,1,1,4070,-7383,0.3541666666666667
2021-09-28T00:00:00.000,7:50,40.679752,-73.77857,0,0,0,0,4067,-7377,0.32608695652173914
2021-09-28T00:00:00.000,14:28,40.61462,-73.968666,0,0,0,0,4061,-7396,0.30666666666666664
2021-09-28T00:00:00.000,7:55,40.834606,-73.863976,0,0,0,0,4083,-7386,0.24822695035460993
2021-09-28T00:00:00.000,21:06,40.6127,-74.112915,1,0,1,1,4061,-7411,0.36
2021-09-28T00:00:00.000,11:16,40.638313,-74.00663,0,0,0,0,4063,-7400,0.3068181818181818
2021-09-24T00:00:00.000,23:30,40.637066,-74.00606,1,0,1,1,4063,-7400,0.3068181818181818
2021-09-28T00:00:00.000,16:30,40.700718,-73.9017,1,0,1,1,4070,-7390,0.37894736842105264
2021-09-27T00:00:00.000,13:00,0.0,0.0,0,0,0,0,0,0,0.40425531914893614
2021-09-28T00:00:00.000,0:00,40.66615,-73.80575,0,0,0,0,4066,-7380,0.40789473684210525
2021-09-28T00:00:00.000,15:45,40.74628,-73.98921,0,0,0,0,4074,-7398,0.40131578947368424
2021-09-24T00:00:00.000,11:10,40.619297,-74.06999,0,0,0,0,4061,-7406,0.2
2021-09-28T00:00:00.000,19:00,40.62919,-73.94707,1,0,1,1,4062,-7394,0.41379310344827586
2021-09-24T00:00:00.000,23:35,40.67989,-73.94034,1,0,1,1,4067,-7394,0.34074074074074073
2021-09-28T00:00:00.000,22:43,0.0,0.0,0,0,0,0,0,0,0.40425531914893614
2021-05-22T00:00:00.000,5:05,40.865303,-73.89006,0,0,0,0,4086,-7389,0.40606060606060607
2021-05-19T00:00:00.000,15:55,40.82451,-73.95186,1,0,1,1,4082,-7395,0.4117647058823529
2021-05-22T00:00:00.000,2:40,40.6862,-73.950745,0,0,0,0,4068,-7395,0.38571428571428573
2021-05-22T00:00:00.000,8:30,40.617813,-74.00644,0,0,0,0,4061,-7400,0.3076923076923077
2021-05-21T00:00:00.000,0:23,40.712128,-73.736404,0,0,0,0,4071,-7373,0.25
2021-05-15T00:00:00.000,20:27,40.680183,-73.86034,1,0,1,1,4068,-7386,0.423728813559322
2021-05-22T00:00:00.000,15:00,40.711536,-73.94494,1,0,1,1,4071,-7394,0.3710691823899371
2021-05-15T00:00:00.000,17:10,40.86674,-73.92873,1,0,1,1,4086,-7392,0.359375
2021-05-22T00:00:00.000,0:40,40.715763,-73.74654,1,0,1,1,4071,-7374,0.23404255319148937
2021-05-22T00:00:00.000,19:39,40.66599,-73.9225,0,0,0,0,4066,-7392,0.355
2021-05-22T00:00:00.000,19:30,40.679276,-73.92906,1,0,1,1,4067,-7392,0.39655172413793105
2021-09-28T00:00:00.000,12:00,40.704823,-74.006905,0,0,0,0,4070,-7400,0.2542372881355932
2021-05-22T00:00:00.000,12:30,40.626568,-73.970924,0,0,0,0,4062,-7397,0.38666666666666666
2021-05-22T00:00:00.000,18:47,40.84697,-73.89304,0,0,0,0,4084,-7389,0.33766233766233766
2021-05-20T00:00:00.000,20:39,40.807766,-73.91974,1,0,1,1,4080,-7391,0.38961038961038963
2021-05-05T00:00:00.000,7:00,40.686268,-73.73062,0,0,0,0,4068,-7373,0.29411764705882354
2021-05-22T00:00:00.000,1:30,40.69687,-73.923035,0,0,0,0,4069,-7392,0.3584905660377358
2021-05-22T00:00:00.000,13:34,40.890877,-73.858765,1,0,1,1,4089,-7385,0.3813559322033898
2021-05-22T00:00:00.000,2:18,40.70162,-73.938126,0,0,0,0,4070,-7393,0.3300970873786408
2021-05-19T00:00:00.000,15:10,40.763588,-73.97142,0,0,0,0,4076,-7397,0.37
2021-05-21T00:00:00.000,22:53,40.54783,-74.13952,0,0,0,0,4054,-7413,0.5
2021-05-22T00:00:00.000,18:05,40.722576,-73.94049,0,0,0,0,4072,-7394,0.19801980198019803
2021-05-22T00:00:00.000,5:59,40.75159,-73.88655,1,0,1,1,4075,-7388,0.3402061855670103
2021-05-22T00:00:00.000,21:20,40.760593,-73.98795,1,0,1,1,4076,-7398,0.3081761006289308
2021-05-22T00:00:00.000,1:55,40.757385,-73.98226,2,0,1,1,4075,-7398,0.3170731707317073
2021-05-22T00:00:00.000,8:12,40.637775,-73.896675,0,0,0,0,4063,-7389,0.41818181818181815
2021-05-22T00:00:00.000,17:52,40.77723,-73.946175,0,0,0,0,4077,-7394,0.28
2021-05-22T00:00:00.000,17:00,40.692593,-73.91551,2,0,1,1,4069,-7391,0.2709677419354839
2021-05-22T00:00:00.000,15:48,40.673008,-73.78809,1,0,1,1,4067,-7378,0.2
2021-05-22T00:00:00.000,3:45,40.756325,-73.803604,0,0,0,0,4075,-7380,0.36363636363636365
2021-05-22T00:00:00.000,4:20,40.661106,-73.87529,1,0,1,1,4066,-7387,0.38461538461538464
2021-05-22T00:00:00.000,13:45,40.676727,-73.85984,0,0,0,0,4067,-7385,0.26666666666666666
2021-05-22T00:00:00.000,1:02,40.81257,-73.905914,0,0,0,0,4081,-7390,0.3888888888888889
2021-05-21T00:00:00.000,16:45,40.703075,-73.79064,0,0,0,0,4070,-7379,0.3978494623655914
2021-05-21T00:00:00.000,22:00,40.846954,-73.91863,0,0,0,0,4084,-7391,0.32558139534883723
2021-05-22T00:00:00.000,9:14,40.68561,-73.75027,0,0,0,0,4068,-7375,0.3877551020408163
2021-05-22T00:00:00.000,3:45,40.806263,-73.92017,1,0,1,1,4080,-7392,0.3141025641025641
2021-05-22T00:00:00.000,2:30,40.8239,-73.876526,1,0,1,1,4082,-7387,0.33544303797468356
2021-05-21T00:00:00.000,22:20,40.84954,-73.93641,0,0,0,0,4084,-7393,0.32786885245901637
2021-05-22T00:00:00.000,3:47,40.861526,-73.908516,0,0,0,0,4086,-7390,0.42748091603053434
2021-05-22T00:00:00.000,1:08,40.789528,-73.820435,2,0,1,1,4078,-7382,0.3
2021-05-14T00:00:00.000,16:00,40.840874,-73.91979,0,0,0,0,4084,-7391,0.32558139534883723
2021-05-22T00:00:00.000,17:20,40.637894,-73.99989,1,0,1,1,4063,-7399,0.47692307692307695
2021-05-22T00:00:00.000,9:10,40.66077,-73.91975,1,0,1,1,4066,-7391,0.3630952380952381
2021-05-21T00:00:00.000,15:20,40.753082,-73.72459,0,0,0,0,4075,-7372,0.2857142857142857
2021-05-21T00:00:00.000,23:40,40.7238,-73.8367,0,0,0,0,4072,-7383,0.4909090909090909
2021-05-22T00:00:00.000,18:45,40.668964,-73.87666,0,0,0,0,4066,-7387,0.38461538461538464
2021-05-22T00:00:00.000,23:03,40.78202,-73.97173,1,0,1,1,4078,-7397,0.3434343434343434
2021-05-22T00:00:00.000,17:30,40.665493,-73.88475,1,0,1,1,4066,-7388,0.37012987012987014
2021-05-22T00:00:00.000,14:30,40.62305,-74.02114,0,0,0,0,4062,-7402,0.3625
2021-05-22T00:00:00.000,18:19,40.68665,-73.80918,0,0,0,0,4068,-7380,0.3829787234042553
2021-05-22T00:00:00.000,18:00,40.84518,-73.91417,0,0,0,0,4084,-7391,0.32558139534883723
2021-05-18T00:00:00.000,16:30,40.63396,-74.01476,1,0,1,1,4063,-7401,0.37777777777777777
2021-05-16T00:00:00.000,8:30,40.563774,-74.15586,0,0,0,0,4056,-7415,0.2857142857142857
2021-05-22T00:00:00.000,12:20,40.668026,-73.77343,0,0,0,0,4066,-7377,0.37362637362637363
2021-05-22T00:00:00.000,13:00,40.70688,-73.92865,0,0,0,0,4070,-7392,0.24305555555555555
2021-05-22T00:00:00.000,19:40,40.618515,-74.08609,0,0,0,0,4061,-7408,0.30612244897959184
2021-05-22T00:00:00.000,10:59,40.6408,-73.88332,0,0,0,0,4064,-7388,0.3225806451612903
2021-05-22T00:00:00.000,8:00,40.6794,-73.8586,0,0,0,0,4067,-7385,0.26666666666666666
2021-05-22T00:00:00.000,11:05,40.831417,-73.899864,0,0,0,0,4083,-7389,0.3333333333333333
2021-05-22T00:00:00.000,20:55,40.82364,-73.87994,0,0,0,0,4082,-7387,0.33544303797468356
2021-05-22T00:00:00.000,13:30,40.872803,-73.85428,0,0,0,0,4087,-7385,0.37681159420289856
2021-05-22T00:00:00.000,22:45,40.820293,-73.94378,1,0,1,1,4082,-7394,0.3812154696132597
2021-05-22T00:00:00.000,10:29,40.729942,-73.88749,0,0,0,0,4072,-7388,0.4
2021-05-22T00:00:00.000,23:00,40.845024,-73.92632,0,0,0,0,4084,-7392,0.3181818181818182
2021-05-21T00:00:00.000,6:40,40.85908,-73.898186,0,0,0,0,4085,-7389,0.3353658536585366
2021-05-22T00:00:00.000,15:35,40.75883,-73.981766,0,0,0,0,4075,-7398,0.3170731707317073
2021-09-28T00:00:00.000,7:52,40.800663,-73.94436,3,0,1,1,4080,-7394,0.41116751269035534
2021-05-22T00:00:00.000,12:55,40.784622,-73.91648,0,0,0,0,4078,-7391,0.2777777777777778
2021-05-22T00:00:00.000,15:53,40.70321,-73.94626,8,0,1,1,4070,-7394,0.3956043956043956
2021-05-22T00:00:00.000,12:30,40.870483,-73.84324,0,0,0,0,4087,-7384,0.47297297297297297
2021-05-22T00:00:00.000,21:42,40.66241,-73.90987,0,0,0,0,4066,-7390,0.2777777777777778
2021-05-22T00:00:00.000,10:45,40.83863,-73.93348,1,0,1,1,4083,-7393,0.3333333333333333
2021-05-22T00:00:00.000,0:05,40.672848,-73.76405,0,0,0,0,4067,-7376,0.23076923076923078
2021-05-22T00:00:00.000,20:35,40.816532,-73.92822,1,0,1,1,4081,-7392,0.4714285714285714
2021-05-22T00:00:00.000,23:25,40.72713,-73.81248,5,0,1,1,4072,-7381,0.2926829268292683
2021-05-22T00:00:00.000,21:30,40.714073,-73.95534,0,0,0,0,4071,-7395,0.36585365853658536
2021-05-19T00:00:00.000,15:30,40.618168,-74.01455,0,0,0,0,4061,-7401,0.2972972972972973
2021-05-22T00:00:00.000,20:00,40.71717,-73.73543,0,0,0,0,4071,-7373,0.25
2021-05-22T00:00:00.000,17:20,40.663006,-73.90594,0,0,0,0,4066,-7390,0.2777777777777778
2021-05-22T00:00:00.000,10:55,40.54397,-74.21196,0,0,0,0,4054,-7421,0.4
2021-05-22T00:00:00.000,13:00,40.63544,-73.97912,1,0,1,1,4063,-7397,0.36893203883495146
2021-05-20T00:00:00.000,2:53,40.851696,-73.932,0,0,0,0,4085,-7393,0.36585365853658536
2021-05-22T00:00:00.000,1:57,40.6446,-74.02161,0,0,0,0,4064,-7402,0.41379310344827586
2021-05-20T00:00:00.000,14:45,40.73046,-73.9515,2,0,1,1,4073,-7395,0.30434782608695654
2021-05-10T00:00:00.000,0:35,40.678238,-73.94415,0,0,0,0,4067,-7394,0.34074074074074073
2021-05-22T00:00:00.000,22:30,40.821518,-73.90237,0,0,0,0,4082,-7390,0.3025210084033613
2021-05-22T00:00:00.000,19:10,40.727104,-73.9572,2,0,1,1,4072,-7395,0.22093023255813954
2021-05-14T00:00:00.000,10:40,40.724693,-73.7541,0,0,0,0,4072,-7375,0.2727272727272727
2021-05-04T00:00:00.000,23:50,40.785492,-73.984116,0,0,0,0,4078,-7398,0.42105263157894735
2021-05-16T00:00:00.000,15:45,40.851322,-73.94029,1,0,1,1,4085,-7394,0.2727272727272727
2021-05-22T00:00:00.000,3:05,40.6967,-73.91031,0,0,0,0,4069,-7391,0.2709677419354839
2021-05-20T00:00:00.000,8:50,40.869316,-73.91674,0,0,0,0,4086,-7391,0.38016528925619836
2021-05-22T00:00:00.000,9:48,40.724476,-73.758316,0,0,0,0,4072,-7375,0.2727272727272727
2021-05-21T00:00:00.000,9:21,40.764694,-73.97807,0,0,0,0,4076,-7397,0.37
2021-05-22T00:00:00.000,3:45,40.87683,-73.86472,0,0,0,0,4087,-7386,0.3142857142857143
2021-05-21T00:00:00.000,16:30,40.789684,-73.95446,0,0,0,0,4078,-7395,0.42168674698795183
2021-05-22T00:00:00.000,5:45,40.62962,-74.07667,1,0,1,1,4062,-7407,0.35714285714285715
2021-05-22T00:00:00.000,11:00,40.607258,-73.96727,1,0,1,1,4060,-7396,0.5714285714285714
2021-05-21T00:00:00.000,17:20,40.763123,-73.99666,1,0,1,1,4076,-7399,0.3275862068965517
2021-05-22T00:00:00.000,11:42,40.7042,-73.9427,0,0,0,0,4070,-7394,0.3956043956043956
2021-05-20T00:00:00.000,14:05,40.829597,-73.94814,0,0,0,0,4082,-7394,0.3812154696132597
2021-05-22T00:00:00.000,16:05,40.755886,-73.83044,0,0,0,0,4075,-7383,0.37681159420289856
2021-05-16T00:00:00.000,9:16,40.792538,-73.943985,0,0,0,0,4079,-7394,0.3523809523809524
2021-05-21T00:00:00.000,19:04,40.639053,-73.9213,0,1,2,1,4063,-7392,0.4036697247706422
2021-05-22T00:00:00.000,15:40,40.821198,-73.876495,2,0,1,1,4082,-7387,0.33544303797468356
2021-05-22T00:00:00.000,17:23,40.716587,-73.74294,0,0,0,0,4071,-7374,0.23404255319148937
2021-05-22T00:00:00.000,15:00,40.6973,-73.727875,0,0,0,0,4069,-7372,0.40425531914893614
2021-05-22T00:00:00.000,11:40,40.6338,-73.8897,1,0,1,1,4063,-7388,0.3835616438356164
2021-05-22T00:00:00.000,13:52,40.862495,-73.9342,0,0,0,0,4086,-7393,0.3333333333333333
2021-05-18T00:00:00.000,12:30,40.73611,-73.85639,1,0,1,1,4073,-7385,0.3619047619047619
2021-05-22T00:00:00.000,0:30,40.86157,-73.913185,0,0,0,0,4086,-7391,0.38016528925619836
2021-05-22T00:00:00.000,2:51,40.67312,-73.878654,0,0,0,0,4067,-7387,0.30344827586206896
2021-05-19T00:00:00.000,22:00,40.7375,-73.93385,0,0,0,0,4073,-7393,0.38461538461538464
2021-05-22T00:00:00.000,9:50,40.72543,-73.99678,1,0,1,1,4072,-7399,0.3829787234042553
2021-05-22T00:00:00.000,22:11,40.653378,-73.90658,0,0,0,0,4065,-7390,0.375
2021-05-22T00:00:00.000,16:14,40.78024,-73.961365,0,0,0,0,4078,-7396,0.28125
2021-05-22T00:00:00.000,17:50,40.7597,-73.80031,0,0,0,0,4075,-7380,0.36363636363636365
2021-05-22T00:00:00.000,20:00,40.66489,-73.91731,0,0,0,0,4066,-7391,0.3630952380952381
2021-05-22T00:00:00.000,15:00,40.67576,-73.81,1,0,1,1,4067,-7381,0.4230769230769231
2021-05-20T00:00:00.000,16:10,40.858273,-73.93182,1,0,1,1,4085,-7393,0.36585365853658536
2021-05-22T00:00:00.000,21:00,40.684082,-73.874344,0,0,0,0,4068,-7387,0.24719101123595505
2021-05-22T00:00:00.000,22:15,40.73982,-73.9931,0,0,0,0,4073,-7399,0.423728813559322
2021-05-22T00:00:00.000,12:30,40.713696,-73.75481,0,0,0,0,4071,-7375,0.3269230769230769
2021-05-12T00:00:00.000,11:35,40.569927,-74.09108,0,0,0,0,4056,-7409,0.0
2021-05-22T00:00:00.000,19:00,40.71354,-73.809875,1,0,1,1,4071,-7380,0.42105263157894735
2021-05-22T00:00:00.000,0:00,40.71256,-73.732994,3,0,1,1,4071,-7373,0.25
2021-05-22T00:00:00.000,22:48,40.859303,-73.89884,1,0,1,1,4085,-7389,0.3353658536585366
2021-05-22T00:00:00.000,19:11,40.832623,-73.92537,0,0,0,0,4083,-7392,0.310126582278481
2021-05-22T00:00:00.000,17:00,40.662067,-73.892555,0,0,0,0,4066,-7389,0.3103448275862069
2021-05-22T00:00:00.000,23:00,40.60057,-74.11339,2,0,1,1,4060,-7411,0.35714285714285715
2021-05-21T00:00:00.000,15:00,40.720966,-73.8429,0,0,0,0,4072,-7384,0.2711864406779661
2021-05-22T00:00:00.000,20:55,40.750225,-73.85515,1,0,1,1,4075,-7385,0.3048780487804878
2021-05-22T00:00:00.000,18:56,40.78503,-73.94058,0,0,0,0,4078,-7394,0.33513513513513515
2021-05-22T00:00:00.000,6:54,40.63067,-73.97732,0,0,0,0,4063,-7397,0.36893203883495146
2021-05-22T00:00:00.000,9:30,40.691933,-73.79829,0,0,0,0,4069,-7379,0.25925925925925924
2021-05-22T00:00:00.000,23:56,40.653805,-73.93061,4,0,1,1,4065,-7393,0.44366197183098594
2021-05-22T00:00:00.000,22:30,40.83887,-73.87811,1,0,1,1,4083,-7387,0.38414634146341464
2021-05-14T00:00:00.000,22:30,40.697605,-73.92962,1,0,1,1,4069,-7392,0.3584905660377358
2021-05-22T00:00:00.000,9:32,40.67212,-73.89594,0,0,0,0,4067,-7389,0.33852140077821014
2021-05-22T00:00:00.000,13:16,40.872585,-73.88128,1,0,1,1,4087,-7388,0.3561643835616438
2021-05-22T00:00:00.000,16:50,40.740025,-73.97626,2,0,1,1,4074,-7397,0.4810810810810811
2022-06-30T00:00:00.000,10:50,40.693844,-73.89692,1,0,1,1,4069,-7389,0.3709677419354839
2021-05-22T00:00:00.000,16:45,40.750893,-73.855484,0,0,0,0,4075,-7385,0.3048780487804878
2021-05-22T00:00:00.000,8:20,40.623657,-74.02064,0,0,0,0,4062,-7402,0.3625
2021-05-22T00:00:00.000,8:45,40.736988,-73.97489,0,0,0,0,4073,-7397,0.32558139534883723
2021-05-22T00:00:00.000,14:50,40.666138,-73.82589,1,0,1,1,4066,-7382,0.43103448275862066
2021-05-22T00:00:00.000,5:00,40.843643,-73.91303,0,0,0,0,4084,-7391,0.32558139534883723
2021-05-22T00:00:00.000,12:01,40.524,-74.186104,1,0,1,1,4052,-7418,0.4
2021-05-22T00:00:00.000,4:49,40.683235,-73.92429,0,0,0,0,4068,-7392,0.2542372881355932
2021-05-22T00:00:00.000,0:00,40.757294,-73.99719,0,0,0,0,4075,-7399,0.2830188679245283
2021-05-09T00:00:00.000,17:40,40.696323,-73.975784,0,0,0,0,4069,-7397,0.3253012048192771
2021-05-21T00:00:00.000,10:40,40.70024,-73.94782,0,0,0,0,4070,-7394,0.3956043956043956
2021-05-22T00:00:00.000,14:55,40.784622,-73.91648,0,0,0,0,4078,-7391,0.2777777777777778
2021-05-21T00:00:00.000,14:43,40.806408,-73.94016,0,0,0,0,4080,-7394,0.41116751269035534
2021-05-22T00:00:00.000,1:05,40.856537,-73.87257,0,0,0,0,4085,-7387,0.375
2021-05-21T00:00:00.000,10:30,40.577168,-74.11804,0,0,0,0,4057,-7411,0.37142857142857144
2021-05-22T00:00:00.000,14:00,40.725895,-73.95501,0,0,0,0,4072,-7395,0.22093023255813954
2021-05-19T00:00:00.000,15:40,40.676548,-73.96354,0,0,0,0,4067,-7396,0.3466666666666667
2021-05-16T00:00:00.000,16:15,40.71958,-73.83978,1,0,1,1,4071,-7383,0.37349397590361444
2021-05-22T00:00:00.000,11:00,40.71946,-73.89117,0,0,0,0,4071,-7389,0.38095238095238093
2021-09-17T00:00:00.000,11:40,40.712227,-73.88436,0,0,0,0,4071,-7388,0.10344827586206896
2021-05-22T00:00:00.000,21:55,40.668373,-73.92264,1,0,1,1,4066,-7392,0.355
2021-05-21T00:00:00.000,0:50,40.85306,-73.931,0,0,0,0,4085,-7393,0.36585365853658536
2021-05-22T00:00:00.000,14:47,40.813377,-73.96542,0,0,0,0,4081,-7396,0.2222222222222222
2021-05-22T00:00:00.000,17:30,40.80623,-73.91206,0,0,0,0,4080,-7391,0.38961038961038963
2021-05-22T00:00:00.000,14:15,40.789032,-73.78797,0,0,0,0,4078,-7378,0.4375
2021-05-22T00:00:00.000,0:31,40.836605,-73.93931,1,0,1,1,4083,-7393,0.3333333333333333
2021-05-21T00:00:00.000,13:15,40.69755,-73.79756,0,0,0,0,4069,-7379,0.25925925925925924
2021-05-22T00:00:00.000,11:49,40.845253,-73.90935,2,0,1,1,4084,-7390,0.366120218579235
2021-05-22T00:00:00.000,14:30,40.718555,-73.988205,0,0,0,0,4071,-7398,0.39568345323741005
2021-05-21T00:00:00.000,6:00,40.758476,-73.98287,0,0,0,0,4075,-7398,0.3170731707317073
2021-05-22T00:00:00.000,8:15,40.83384,-73.940475,0,0,0,0,4083,-7394,0.38926174496644295
2021-05-22T00:00:00.000,3:00,40.659832,-73.897606,0,0,0,0,4065,-7389,0.34965034965034963
2021-05-22T00:00:00.000,14:10,40.86949,-73.84439,0,0,0,0,4086,-7384,0.17857142857142858
2021-05-22T00:00:00.000,6:45,40.66611,-73.82712,2,0,1,1,4066,-7382,0.43103448275862066
2021-05-19T00:00:00.000,17:50,40.743423,-73.999855,0,0,0,0,4074,-7399,0.3333333333333333
2021-05-22T00:00:00.000,21:43,40.748615,-73.8952,0,0,0,0,4074,-7389,0.3203125
2021-05-21T00:00:00.000,23:30,40.66901,-73.80265,0,0,0,0,4066,-7380,0.40789473684210525
2021-05-22T00:00:00.000,2:06,40.889988,-73.85426,0,0,0,0,4088,-7385,0.36619718309859156
2021-05-22T00:00:00.000,15:12,40.597057,-73.94126,0,0,0,0,4059,-7394,0.275
2021-05-22T00:00:00.000,9:15,40.824158,-73.87462,0,0,0,0,4082,-7387,0.33544303797468356
2021-05-22T00:00:00.000,13:00,40.806263,-73.92017,0,0,0,0,4080,-7392,0.3141025641025641
2021-05-22T00:00:00.000,7:10,40.63522,-73.96399,0,0,0,0,4063,-7396,0.34615384615384615
2021-05-22T00:00:00.000,12:03,40.85214,-73.92071,0,0,0,0,4085,-7392,0.22
2021-05-22T00:00:00.000,1:30,40.592815,-73.90808,0,0,0,0,4059,-7390,0.23404255319148937
2021-05-08T00:00:00.000,17:00,40.859543,-73.927986,0,0,0,0,4085,-7392,0.22
2021-05-22T00:00:00.000,23:10,40.745438,-73.923,1,0,1,1,4074,-7392,0.3709677419354839
2021-04-28T00:00:00.000,22:10,40.678238,-73.94415,1,0,1,1,4067,-7394,0.34074074074074073
2021-05-22T00:00:00.000,14:00,40.67632,-73.763435,0,0,0,0,4067,-7376,0.23076923076923078
2021-05-22T00:00:00.000,19:40,40.75587,-73.88234,0,0,0,0,4075,-7388,0.3402061855670103
2021-05-22T00:00:00.000,15:00,40.70183,-73.91933,0,0,0,0,4070,-7391,0.27450980392156865
2021-05-17T00:00:00.000,13:21,40.642376,-73.99524,1,0,1,1,4064,-7399,0.3442622950819672
2021-05-22T00:00:00.000,3:12,40.83692,-73.93909,0,0,0,0,4083,-7393,0.3333333333333333
2021-05-17T00:00:00.000,18:40,40.79704,-73.9428,1,0,1,1,4079,-7394,0.3523809523809524
2021-05-22T00:00:00.000,1:33,40.659275,-73.91294,0,0,0,0,4065,-7391,0.425
2021-05-22T00:00:00.000,14:50,40.659275,-73.889,0,0,0,0,4065,-7388,0.41509433962264153
2021-05-22T00:00:00.000,5:42,40.828953,-73.837,0,0,0,0,4082,-7383,0.34210526315789475
2021-05-21T00:00:00.000,22:20,40.682537,-73.95002,1,0,1,1,4068,-7395,0.38571428571428573
2021-05-22T00:00:00.000,6:32,40.713135,-74.00407,1,0,1,1,4071,-7400,0.25517241379310346
2021-05-20T00:00:00.000,8:54,40.82873,-73.914734,1,0,1,1,4082,-7391,0.3355263157894737
2021-05-22T00:00:00.000,19:20,40.7963,-73.93829,1,0,1,1,4079,-7393,0.36585365853658536
2021-05-22T00:00:00.000,15:40,40.60933,-73.98614,1,0,1,1,4060,-7398,0.2711864406779661
2021-05-22T00:00:00.000,23:05,40.72025,-73.834305,4,0,1,1,4072,-7383,0.4909090909090909
2021-05-22T00:00:00.000,2:32,40.598976,-73.754234,1,0,1,1,4059,-7375,0.17777777777777778
2021-05-22T00:00:00.000,1:45,40.844795,-73.92445,2,0,1,1,4084,-7392,0.3181818181818182
2021-05-22T00:00:00.000,15:33,40.734497,-73.72287,0,0,0,0,4073,-7372,0.3333333333333333
2021-05-21T00:00:00.000,14:50,40.709476,-73.76393,1,0,1,1,4070,-7376,0.43902439024390244
2021-05-22T00:00:00.000,0:00,40.593426,-73.944145,1,0,1,1,4059,-7394,0.275
2021-05-18T00:00:00.000,19:47,40.616047,-74.025734,0,0,0,0,4061,-7402,0.4090909090909091
2021-05-20T00:00:00.000,8:00,40.71837,-73.84057,0,0,0,0,4071,-7384,0.4
2021-05-16T00:00:00.000,21:20,40.823257,-73.94293,0,0,0,0,4082,-7394,0.3812154696132597
2021-05-22T00:00:00.000,11:20,40.76464,-73.916595,1,0,1,1,4076,-7391,0.40476190476190477
2021-05-22T00:00:00.000,1:30,40.666573,-73.78632,1,0,1,1,4066,-7378,0.34615384615384615
2021-05-22T00:00:00.000,1:10,40.67312,-73.96072,2,0,1,1,4067,-7396,0.3466666666666667
2021-05-22T00:00:00.000,21:33,40.682503,-73.82131,0,0,0,0,4068,-7382,0.41975308641975306
2021-05-22T00:00:00.000,17:59,40.67308,-73.91124,0,0,0,0,4067,-7391,0.36597938144329895
2021-05-22T00:00:00.000,0:53,40.865444,-73.86689,1,0,1,1,4086,-7386,0.4642857142857143
2021-05-20T00:00:00.000,14:20,40.85618,-73.92872,1,0,1,1,4085,-7392,0.22
2021-05-22T00:00:00.000,13:27,40.82998,-73.913994,1,0,1,1,4082,-7391,0.3355263157894737
2021-05-22T00:00:00.000,2:04,40.687916,-73.83989,0,0,0,0,4068,-7383,0.45454545454545453
2021-05-22T00:00:00.000,22:58,40.764538,-73.92736,0,0,0,0,4076,-7392,0.42105263157894735
2021-05-22T00:00:00.000,7:00,40.68982,-73.80296,0,0,0,0,4068,-7380,0.3829787234042553
2021-05-22T00:00:00.000,2:05,40.7442,-73.99558,0,0,0,0,4074,-7399,0.3333333333333333
2021-05-22T00:00:00.000,13:51,40.819786,-73.91216,0,0,0,0,4081,-7391,0.47244094488188976
2021-05-22T00:00:00.000,20:50,40.86095,-73.866936,3,0,1,1,4086,-7386,0.4642857142857143
2021-05-21T00:00:00.000,18:00,40.701237,-73.79465,1,0,1,1,4070,-7379,0.3978494623655914
2021-05-22T00:00:00.000,13:00,40.680088,-73.94398,0,0,0,0,4068,-7394,0.4409448818897638
2021-05-20T00:00:00.000,17:19,40.7323,-73.85828,0,0,0,0,4073,-7385,0.3619047619047619
2021-05-22T00:00:00.000,6:46,40.70022,-73.96219,2,0,1,1,4070,-7396,0.3431372549019608
2021-05-22T00:00:00.000,0:25,40.730434,-73.875595,1,0,1,1,4073,-7387,0.3140495867768595
2021-05-21T00:00:00.000,19:45,40.584106,-74.08723,0,0,0,0,4058,-7408,0.1111111111111111
2021-05-22T00:00:00.000,0:43,40.792015,-73.98051,1,0,1,1,4079,-7398,0.75
2021-05-22T00:00:00.000,2:30,40.8309,-73.88638,0,0,0,0,4083,-7388,0.26717557251908397
2021-05-22T00:00:00.000,23:00,40.660248,-73.77236,0,0,0,0,4066,-7377,0.37362637362637363
2021-05-22T00:00:00.000,3:00,40.6713,-73.73916,0,0,0,0,4067,-7373,0.46835443037974683
2021-05-22T00:00:00.000,0:00,40.728516,-73.88428,1,0,1,1,4072,-7388,0.4
2021-05-21T00:00:00.000,11:53,40.767185,-73.98997,0,0,0,0,4076,-7398,0.3081761006289308
2021-05-21T00:00:00.000,21:56,40.834522,-73.86186,1,0,1,1,4083,-7386,0.24822695035460993
2021-05-22T00:00:00.000,19:00,40.637196,-73.88445,0,0,0,0,4063,-7388,0.3835616438356164
2021-05-22T00:00:00.000,22:30,40.691307,-73.91326,1,0,1,1,4069,-7391,0.2709677419354839
2021-05-22T00:00:00.000,13:00,40.663715,-73.92712,0,0,0,0,4066,-7392,0.355
2021-05-22T00:00:00.000,16:00,40.675785,-73.90269,1,0,1,1,4067,-7390,0.3282442748091603
2021-05-22T00:00:00.000,18:00,40.69483,-73.750854,0,0,0,0,4069,-7375,0.3584905660377358
2021-05-22T00:00:00.000,19:30,40.67013,-73.80938,0,0,0,0,4067,-7380,0.24615384615384617
2021-05-22T00:00:00.000,8:45,40.764454,-73.83178,0,0,0,0,4076,-7383,0.33695652173913043
2021-05-17T00:00:00.000,14:15,40.702145,-73.81084,0,0,0,0,4070,-7381,0.3194444444444444
2021-05-22T00:00:00.000,1:30,40.71512,-73.83224,0,0,0,0,4071,-7383,0.37349397590361444
2021-05-21T00:00:00.000,19:54,40.80682,-73.91749,1,0,1,1,4080,-7391,0.38961038961038963
2021-05-22T00:00:00.000,18:40,40.666008,-73.789536,1,0,1,1,4066,-7378,0.34615384615384615
2021-05-22T00:00:00.000,22:50,40.73444,-73.72179,2,0,1,1,4073,-7372,0.3333333333333333
2021-05-22T00:00:00.000,16:39,40.63082,-73.88636,1,0,1,1,4063,-7388,0.3835616438356164
2021-05-21T00:00:00.000,2:01,40.861256,-73.925674,0,0,0,0,4086,-7392,0.359375
2021-05-16T00:00:00.000,12:55,40.67816,-73.72708,0,0,0,0,4067,-7372,0.3888888888888889
2021-05-22T00:00:00.000,20:00,40.739338,-73.7081,0,0,0,0,4073,-7370,0.23529411764705882
2021-05-22T00:00:00.000,23:31,40.760925,-73.96705,0,0,0,0,4076,-7396,0.3023255813953488
2021-05-22T00:00:00.000,20:20,40.692802,-73.815994,2,0,1,1,4069,-7381,0.3902439024390244
2021-05-22T00:00:00.000,12:15,40.579197,-73.98195,1,0,1,1,4057,-7398,0.36904761904761907
2021-05-22T00:00:00.000,4:46,40.738457,-73.93981,0,3,2,1,4073,-7393,0.38461538461538464
2021-05-22T00:00:00.000,22:30,40.708836,-73.76625,0,0,0,0,4070,-7376,0.43902439024390244
2021-05-22T00:00:00.000,11:25,40.84224,-73.87178,1,0,1,1,4084,-7387,0.48333333333333334
2021-05-22T00:00:00.000,15:18,40.816338,-73.83697,0,0,0,0,4081,-7383,0.14285714285714285
2021-05-22T00:00:00.000,13:07,40.703976,-73.92309,0,0,0,0,4070,-7392,0.24305555555555555
2021-05-22T00:00:00.000,1:51,40.642994,-73.91284,0,0,0,0,4064,-7391,0.39805825242718446
2021-05-22T00:00:00.000,16:20,40.754776,-73.892815,0,0,0,0,4075,-7389,0.4805194805194805
2021-05-22T00:00:00.000,0:20,40.693832,-73.909615,0,0,0,0,4069,-7390,0.29591836734693877
2021-05-22T00:00:00.000,19:25,40.633682,-73.89868,1,0,1,1,4063,-7389,0.41818181818181815
2021-05-22T00:00:00.000,0:45,40.76657,-73.888466,0,0,0,0,4076,-7388,0.43283582089552236
2021-05-22T00:00:00.000,15:00,40.653774,-73.95617,1,0,1,1,4065,-7395,0.38686131386861317
2021-05-22T00:00:00.000,8:40,40.76588,-73.99464,0,0,0,0,4076,-7399,0.3275862068965517
2021-05-19T00:00:00.000,3:40,40.696217,-73.7436,1,0,1,1,4069,-7374,0.46774193548387094
2021-05-22T00:00:00.000,8:50,40.777634,-73.961174,1,0,1,1,4077,-7396,0.3695652173913043
2021-05-22T00:00:00.000,18:40,40.67887,-73.83419,1,0,1,1,4067,-7383,0.48148148148148145
2021-05-22T00:00:00.000,22:19,40.704483,-73.9488,0,0,0,0,4070,-7394,0.3956043956043956
2021-05-22T00:00:00.000,14:10,40.627926,-73.93175,0,0,0,0,4062,-7393,0.4444444444444444
2021-05-22T00:00:00.000,21:29,40.80852,-73.94327,0,0,0,0,4080,-7394,0.41116751269035534
2021-05-22T00:00:00.000,16:28,40.66728,-73.91891,0,0,0,0,4066,-7391,0.3630952380952381
2021-05-22T00:00:00.000,18:47,40.598972,-73.93064,1,0,1,1,4059,-7393,0.47058823529411764
2021-05-22T00:00:00.000,12:50,40.766083,-73.907715,0,0,0,0,4076,-7390,0.3055555555555556
2021-05-21T00:00:00.000,17:35,40.76029,-73.98016,0,0,0,0,4076,-7398,0.3081761006289308
2021-05-22T00:00:00.000,14:20,40.579357,-74.08716,1,0,1,1,4057,-7408,1.0
2021-05-22T00:00:00.000,15:00,40.657265,-73.743004,1,0,1,1,4065,-7374,0.4583333333333333
2021-05-22T00:00:00.000,1:35,40.69113,-73.81008,0,0,0,0,4069,-7381,0.3902439024390244
2021-05-22T00:00:00.000,0:56,40.814686,-73.93085,0,0,0,0,4081,-7393,0.32432432432432434
2021-05-21T00:00:00.000,20:00,40.559963,-74.10634,0,0,0,0,4055,-7410,0.5
2021-05-22T00:00:00.000,8:15,40.777973,-73.98216,0,0,0,0,4077,-7398,0.38028169014084506
2021-09-28T00:00:00.000,16:30,40.667385,-73.77546,0,0,0,0,4066,-7377,0.37362637362637363
2021-05-15T00:00:00.000,17:48,40.846733,-73.90649,1,0,1,1,4084,-7390,0.366120218579235
2021-05-22T00:00:00.000,4:55,40.679535,-73.87914,0,0,0,0,4067,-7387,0.30344827586206896
2021-05-22T00:00:00.000,17:46,40.776066,-73.74864,0,0,0,0,4077,-7374,0.16666666666666666
2021-05-22T00:00:00.000,23:31,0.0,0.0,1,0,1,1,0,0,0.40425531914893614
2021-05-22T00:00:00.000,8:00,40.740562,-73.85001,2,0,1,1,4074,-7385,0.35526315789473684
2021-05-22T00:00:00.000,11:25,40.784096,-73.958565,1,0,1,1,4078,-7395,0.42168674698795183
2021-09-28T00:00:00.000,0:00,40.726326,-73.7662,1,0,1,1,4072,-7376,0.5
2021-05-22T00:00:00.000,5:35,40.76963,-73.915855,0,0,0,0,4076,-7391,0.40476190476190477
2021-05-22T00:00:00.000,0:00,40.844524,-73.902725,0,0,0,0,4084,-7390,0.366120218579235
2021-05-06T00:00:00.000,17:14,40.68553,-73.95656,1,0,1,1,4068,-7395,0.38571428571428573
2021-05-22T00:00:00.000,10:59,40.891823,-73.86266,0,0,0,0,4089,-7386,0.28205128205128205
2021-05-21T00:00:00.000,14:07,40.865475,-73.933235,0,0,0,0,4086,-7393,0.3333333333333333
2021-05-22T00:00:00.000,12:29,40.845142,-73.898,0,0,0,0,4084,-7389,0.33766233766233766
2021-05-22T00:00:00.000,14:10,40.715767,-73.92556,1,0,1,1,4071,-7392,0.2777777777777778
2021-05-22T00:00:00.000,20:00,40.589756,-73.957695,0,0,0,0,4058,-7395,0.3465346534653465
2021-05-22T00:00:00.000,23:15,40.570465,-74.10977,4,0,1,1,4057,-7410,0.3877551020408163
2021-05-21T00:00:00.000,0:00,40.759068,-73.98521,1,0,1,1,4075,-7398,0.3170731707317073
2021-05-22T00:00:00.000,0:00,40.724068,-73.7256,1,0,1,1,4072,-7372,0.3793103448275862
2021-09-26T00:00:00.000,20:10,40.862213,-73.9297,0,0,0,0,4086,-7392,0.359375
2021-05-22T00:00:00.000,18:45,40.675007,-73.81272,1,0,1,1,4067,-7381,0.4230769230769231
2021-05-22T00:00:00.000,20:23,40.685856,-73.79548,0,0,0,0,4068,-7379,0.35
2021-05-18T00:00:00.000,15:35,40.707714,-73.802795,0,0,0,0,4070,-7380,0.3877551020408163
2021-05-21T00:00:00.000,17:30,40.67295,-73.92517,2,0,1,1,4067,-7392,0.39655172413793105
2021-05-22T00:00:00.000,6:21,40.67063,-73.75643,0,0,0,0,4067,-7375,0.2608695652173913
2021-05-22T00:00:00.000,3:05,40.737907,-73.877174,0,0,0,0,4073,-7387,0.3140495867768595
2021-05-22T00:00:00.000,15:10,40.828407,-73.84392,0,0,0,0,4082,-7384,0.3835616438356164
2021-05-22T00:00:00.000,16:50,40.678394,-73.94692,0,0,0,0,4067,-7394,0.34074074074074073
2021-05-22T00:00:00.000,14:27,40.668797,-73.93113,0,0,0,0,4066,-7393,0.38578680203045684
2021-05-22T00:00:00.000,18:40,40.73718,-73.932014,1,0,1,1,4073,-7393,0.38461538461538464
2021-05-22T00:00:00.000,20:56,40.65542,-73.88237,1,0,1,1,4065,-7388,0.41509433962264153
2022-06-27T00:00:00.000,21:44,40.678425,-73.92744,0,0,0,0,4067,-7392,0.39655172413793105
2021-05-22T00:00:00.000,9:15,40.7179,-73.83202,0,0,0,0,4071,-7383,0.37349397590361444
2021-05-21T00:00:00.000,20:10,40.55195,-74.15064,0,0,0,0,4055,-7415,0.3
2021-05-22T00:00:00.000,2:00,40.700256,-73.81493,2,0,1,1,4070,-7381,0.3194444444444444
2021-05-22T00:00:00.000,16:18,40.86404,-73.89245,1,0,1,1,4086,-7389,0.40606060606060607
2021-05-21T00:00:00.000,10:48,40.726578,-73.95241,1,0,1,1,4072,-7395,0.22093023255813954
2021-09-28T00:00:00.000,20:32,40.75247,-73.96456,0,0,0,0,4075,-7396,0.4788732394366197
2021-05-21T00:00:00.000,14:00,40.799747,-73.93269,0,0,0,0,4079,-7393,0.36585365853658536
2021-05-22T00:00:00.000,13:05,40.796528,-73.97412,1,0,1,1,4079,-7397,0.24210526315789474
2021-05-22T00:00:00.000,4:45,40.820305,-73.89083,0,0,0,0,4082,-7389,0.37423312883435583
2021-05-21T00:00:00.000,9:30,40.853813,-73.90734,1,0,1,1,4085,-7390,0.42207792207792205
2021-09-28T00:00:00.000,11:13,40.59783,-73.96549,1,1,2,1,4059,-7396,0.38596491228070173
2021-05-22T00:00:00.000,18:30,40.69024,-73.9482,2,0,1,1,4069,-7394,0.417910447761194
2021-05-22T00:00:00.000,15:10,40.560474,-74.16689,0,0,0,0,4056,-7416,0.35
2021-05-21T00:00:00.000,13:18,40.792545,-73.94104,1,0,1,1,4079,-7394,0.3523809523809524
2021-05-21T00:00:00.000,17:55,40.784992,-73.98261,1,0,1,1,4078,-7398,0.42105263157894735
2021-05-22T00:00:00.000,12:30,40.838406,-73.90429,0,0,0,0,4083,-7390,0.3064516129032258
2021-05-22T00:00:00.000,20:10,40.674072,-73.863,2,0,1,1,4067,-7386,0.3431372549019608
2021-05-22T00:00:00.000,15:00,40.822838,-73.928764,0,0,0,0,4082,-7392,0.3333333333333333
2021-05-21T00:00:00.000,13:00,40.815872,-73.9257,1,0,1,1,4081,-7392,0.4714285714285714
2021-05-20T00:00:00.000,23:10,40.708424,-73.780556,0,0,0,0,4070,-7378,0.34523809523809523
2021-05-22T00:00:00.000,15:00,40.73961,-73.99893,0,0,0,0,4073,-7399,0.423728813559322
2021-05-22T00:00:00.000,14:20,40.673374,-73.8565,0,0,0,0,4067,-7385,0.26666666666666666
2021-05-22T00:00:00.000,16:00,40.711403,-73.916756,0,0,0,0,4071,-7391,0.1836734693877551
2021-05-22T00:00:00.000,10:55,40.593807,-73.94062,0,0,0,0,4059,-7394,0.275
2021-05-22T00:00:00.000,17:08,40.70523,-74.00476,1,0,1,1,4070,-7400,0.2542372881355932
2021-05-22T00:00:00.000,0:00,40.641838,-73.93402,3,0,1,1,4064,-7393,0.3333333333333333
2021-05-21T00:00:00.000,2:40,40.80929,-73.90313,2,0,1,1,4080,-7390,0.36538461538461536
2021-05-21T00:00:00.000,21:30,40.76873,-73.985115,0,0,0,0,4076,-7398,0.3081761006289308
2021-05-22T00:00:00.000,15:55,40.676495,-73.913704,1,0,1,1,4067,-7391,0.36597938144329895
2021-05-22T00:00:00.000,5:50,40.61196,-73.96816,0,0,0,0,4061,-7396,0.30666666666666664
2021-05-21T00:00:00.000,14:30,40.834423,-73.879265,0,0,0,0,4083,-7387,0.38414634146341464
2021-05-22T00:00:00.000,17:15,40.75034,-73.8786,0,0,0,0,4075,-7387,0.33884297520661155
2021-05-22T00:00:00.000,17:00,40.538326,-74.14937,2,0,1,1,4053,-7414,0.3333333333333333
2021-05-22T00:00:00.000,10:40,40.701103,-73.92239,0,0,0,0,4070,-7392,0.24305555555555555
2021-09-26T00:00:00.000,0:00,40.652554,-73.92078,1,0,1,1,4065,-7392,0.35555555555555557
2021-05-20T00:00:00.000,17:58,40.79964,-73.95577,1,0,1,1,4079,-7395,0.42
2021-05-22T00:00:00.000,2:50,40.6871,-73.92989,1,0,1,1,4068,-7392,0.2542372881355932
2021-04-28T00:00:00.000,22:45,40.7379,-73.714775,0,0,0,0,4073,-7371,0.2857142857142857
2021-05-22T00:00:00.000,1:05,40.66669,-73.81173,0,0,0,0,4066,-7381,0.4716981132075472
2021-05-22T00:00:00.000,23:36,40.72293,-73.98865,0,0,0,0,4072,-7398,0.4342105263157895
2021-05-22T00:00:00.000,17:19,40.57937,-73.959755,1,0,1,1,4057,-7395,0.47368421052631576
2021-05-18T00:00:00.000,16:45,40.827103,-73.94997,1,0,1,1,4082,-7394,0.3812154696132597
2021-09-28T00:00:00.000,8:30,40.67172,-73.850975,0,0,0,0,4067,-7385,0.26666666666666666
2021-09-28T00:00:00.000,20:50,40.758415,-73.80991,0,0,0,0,4075,-7380,0.36363636363636365
2021-09-28T00:00:00.000,9:20,40.732586,-73.95933,0,0,0,0,4073,-7395,0.30434782608695654
2021-09-28T00:00:00.000,9:00,40.764053,-73.96476,0,0,0,0,4076,-7396,0.3023255813953488
2022-07-01T00:00:00.000,17:58,40.631157,-74.14692,2,0,1,1,4063,-7414,0.5769230769230769
2021-09-27T00:00:00.000,11:00,40.704346,-73.940956,0,0,0,0,4070,-7394,0.3956043956043956
2021-09-28T00:00:00.000,20:10,40.68097,-73.8915,1,0,1,1,4068,-7389,0.5
2021-09-28T00:00:00.000,17:54,40.75338,-73.97888,1,0,1,1,4075,-7397,0.375886524822695
2021-09-28T00:00:00.000,21:30,40.589893,-73.80755,0,0,0,0,4058,-7380,0.4
2021-09-24T00:00:00.000,12:20,40.780506,-73.94425,0,0,0,0,4078,-7394,0.33513513513513515
2021-09-28T00:00:00.000,11:40,40.746555,-73.82621,0,0,0,0,4074,-7382,0.4057971014492754
2021-09-28T00:00:00.000,17:39,40.645134,-73.90232,0,0,0,0,4064,-7390,0.4017094017094017
2021-09-28T00:00:00.000,4:00,40.797367,-73.96053,1,0,1,1,4079,-7396,0.25
2021-09-28T00:00:00.000,10:05,40.673485,-73.97296,0,0,0,0,4067,-7397,0.2818181818181818
2021-08-21T00:00:00.000,19:35,40.637108,-73.89338,0,0,0,0,4063,-7389,0.41818181818181815
2021-09-28T00:00:00.000,19:48,40.774048,-73.92449,0,0,0,0,4077,-7392,0.3269230769230769
2021-09-28T00:00:00.000,15:56,40.70547,-73.95024,1,0,1,1,4070,-7395,0.3475177304964539
2021-09-28T00:00:00.000,12:15,40.879215,-73.885284,0,0,0,0,4087,-7388,0.3561643835616438
2021-09-28T00:00:00.000,21:40,40.8337,-73.879845,1,1,2,1,4083,-7387,0.38414634146341464
2021-09-28T00:00:00.000,2:30,40.717754,-73.81445,0,0,0,0,4071,-7381,0.3448275862068966
2021-09-28T00:00:00.000,23:00,40.618244,-73.958,0,0,0,0,4061,-7395,0.4461538461538462
2021-09-28T00:00:00.000,19:13,40.865467,-73.86541,1,0,1,1,4086,-7386,0.4642857142857143
2021-09-24T00:00:00.000,12:25,40.84467,-73.83554,0,0,0,0,4084,-7383,0.4318181818181818
2021-09-26T00:00:00.000,1:40,40.867603,-73.88488,0,0,0,0,4086,-7388,0.23943661971830985
2021-09-28T00:00:00.000,15:30,40.66989,-73.913734,1,0,1,1,4066,-7391,0.3630952380952381
2021-09-28T00:00:00.000,2:56,40.74137,-73.97252,0,0,0,0,4074,-7397,0.4810810810810811
2021-09-28T00:00:00.000,17:01,40.65569,-73.84004,1,0,1,1,4065,-7384,0.5
2021-09-23T00:00:00.000,7:30,40.69217,-73.95194,0,0,0,0,4069,-7395,0.30952380952380953
2021-09-27T00:00:00.000,0:48,40.81569,-73.958305,1,0,1,1,4081,-7395,0.3509933774834437
2021-09-28T00:00:00.000,7:05,40.84197,-73.90417,3,0,1,1,4084,-7390,0.366120218579235
2021-09-17T00:00:00.000,13:40,40.742832,-73.85391,1,0,1,1,4074,-7385,0.35526315789473684
2021-09-28T00:00:00.000,17:30,40.86505,-73.83001,1,0,1,1,4086,-7383,0.3448275862068966
2021-09-28T00:00:00.000,16:02,40.697678,-73.916374,0,0,0,0,4069,-7391,0.2709677419354839
2021-09-28T00:00:00.000,16:28,40.817085,-73.92156,1,0,1,1,4081,-7392,0.4714285714285714
2021-09-28T00:00:00.000,13:52,40.74958,-73.97373,1,0,1,1,4074,-7397,0.4810810810810811
2021-09-26T00:00:00.000,8:15,40.762856,-73.888596,1,0,1,1,4076,-7388,0.43283582089552236
2021-09-27T00:00:00.000,11:40,40.719067,-73.99336,0,0,0,0,4071,-7399,0.3263157894736842
2021-09-28T00:00:00.000,10:15,40.735664,-73.78425,1,0,1,1,4073,-7378,0.391304347826087
2021-09-28T00:00:00.000,0:00,40.730595,-73.950005,0,0,0,0,4073,-7395,0.30434782608695654
2021-09-28T00:00:00.000,9:00,40.84328,-73.92492,0,0,0,0,4084,-7392,0.3181818181818182
2021-09-28T00:00:00.000,16:42,40.816376,-73.948364,1,0,1,1,4081,-7394,0.38
2022-03-29T00:00:00.000,19:15,40.71479,-73.741516,0,0,0,0,4071,-7374,0.23404255319148937
2021-09-28T00:00:00.000,7:45,40.588997,-73.81629,0,0,0,0,4058,-7381,0.1875
2021-09-17T00:00:00.000,18:00,40.862137,-73.91344,1,0,1,1,4086,-7391,0.38016528925619836
2021-09-16T00:00:00.000,21:15,40.69645,-73.946495,0,0,0,0,4069,-7394,0.417910447761194
2021-09-28T00:00:00.000,12:10,40.649918,-74.01226,1,0,1,1,4064,-7401,0.4295774647887324
2021-09-22T00:00:00.000,0:00,40.576744,-73.98372,0,0,0,0,4057,-7398,0.36904761904761907
2021-09-28T00:00:00.000,3:15,40.809628,-73.890045,0,0,0,0,4080,-7389,0.5
2021-09-22T00:00:00.000,21:00,40.599117,-73.97472,0,0,0,0,4059,-7397,0.3191489361702128
2021-09-24T00:00:00.000,15:08,40.760822,-73.99832,0,0,0,0,4076,-7399,0.3275862068965517
2021-09-28T00:00:00.000,15:48,40.728157,-73.98296,0,0,0,0,4072,-7398,0.4342105263157895
2021-09-28T00:00:00.000,21:00,40.73722,-73.9814,1,0,1,1,4073,-7398,0.36942675159235666
2021-09-28T00:00:00.000,13:30,40.79856,-73.96336,0,0,0,0,4079,-7396,0.25
2021-09-28T00:00:00.000,16:40,40.740837,-73.78656,1,0,1,1,4074,-7378,0.43478260869565216
2021-09-27T00:00:00.000,13:00,40.675255,-73.73207,0,0,0,0,4067,-7373,0.46835443037974683
2021-09-27T00:00:00.000,11:02,40.84521,-73.90845,1,0,1,1,4084,-7390,0.366120218579235
2021-09-28T00:00:00.000,10:29,40.85768,-73.88232,0,0,0,0,4085,-7388,0.3
2021-09-28T00:00:00.000,6:35,40.69501,-73.745705,1,0,1,1,4069,-7374,0.46774193548387094
2021-09-28T00:00:00.000,18:50,40.694603,-73.853935,1,0,1,1,4069,-7385,0.34
2021-09-28T00:00:00.000,18:50,40.752007,-73.809845,0,0,0,0,4075,-7380,0.36363636363636365
2021-08-31T00:00:00.000,17:12,40.89445,-73.850945,0,0,0,0,4089,-7385,0.3813559322033898
2021-09-27T00:00:00.000,20:00,40.858788,-73.92291,0,0,0,0,4085,-7392,0.22
2021-09-28T00:00:00.000,9:09,40.712498,-73.97776,1,0,1,1,4071,-7397,0.41509433962264153
2022-07-01T00:00:00.000,11:00,40.678345,-73.985435,0,0,0,0,4067,-7398,0.3655913978494624
2021-09-28T00:00:00.000,6:39,40.738415,-73.84899,2,0,1,1,4073,-7384,0.2682926829268293
2021-09-27T00:00:00.000,14:50,40.711132,-73.99043,0,0,0,0,4071,-7399,0.3263157894736842
2021-09-27T00:00:00.000,12:10,40.68617,-73.94448,0,0,0,0,4068,-7394,0.4409448818897638
2021-09-28T00:00:00.000,17:35,40.70066,-73.98775,0,0,0,0,4070,-7398,0.21568627450980393
2021-09-28T00:00:00.000,12:50,40.71511,-73.95486,0,0,0,0,4071,-7395,0.36585365853658536
2021-09-28T00:00:00.000,4:25,40.70313,-73.816795,0,0,0,0,4070,-7381,0.3194444444444444
2021-09-28T00:00:00.000,23:30,40.6867,-73.9982,0,0,0,0,4068,-7399,0.17857142857142858
2021-09-28T00:00:00.000,14:15,40.569256,-74.11098,0,0,0,0,4056,-7411,0.3448275862068966
2021-09-28T00:00:00.000,2:17,40.894314,-73.86027,0,0,0,0,4089,-7386,0.28205128205128205
2021-09-28T00:00:00.000,14:15,40.627144,-74.00032,0,0,0,0,4062,-7400,0.3150684931506849
2021-09-28T00:00:00.000,6:40,40.732822,-73.8684,1,0,1,1,4073,-7386,0.3464566929133858
2021-09-28T00:00:00.000,12:57,40.811367,-73.95402,0,0,0,0,4081,-7395,0.3509933774834437
2021-09-28T00:00:00.000,0:15,40.675255,-73.73207,1,0,1,1,4067,-7373,0.46835443037974683
2021-09-27T00:00:00.000,22:30,40.666298,-73.91379,0,0,0,0,4066,-7391,0.3630952380952381
2021-09-28T00:00:00.000,17:53,40.752136,-73.92564,1,0,1,1,4075,-7392,0.48148148148148145
2021-09-28T00:00:00.000,6:22,40.654526,-73.73979,0,0,0,0,4065,-7373,0.3
2021-09-25T00:00:00.000,11:21,40.739243,-73.99919,0,0,0,0,4073,-7399,0.423728813559322
2021-09-28T00:00:00.000,19:10,40.585976,-73.98799,0,0,0,0,4058,-7398,0.4
2021-09-28T00:00:00.000,20:16,40.623455,-73.95491,3,0,1,1,4062,-7395,0.4444444444444444
2021-09-28T00:00:00.000,8:48,40.666435,-73.83478,0,0,0,0,4066,-7383,0.5
2021-09-24T00:00:00.000,17:07,40.691193,-73.821594,1,0,1,1,4069,-7382,0.37209302325581395
2021-09-23T00:00:00.000,18:00,40.781223,-73.95373,0,0,0,0,4078,-7395,0.42168674698795183
2021-09-20T00:00:00.000,14:45,40.80162,-73.93733,0,0,0,0,4080,-7393,0.36312849162011174
2021-09-28T00:00:00.000,17:00,40.681446,-73.94644,0,0,0,0,4068,-7394,0.4409448818897638
2021-09-28T00:00:00.000,9:18,40.699013,-73.79573,0,0,0,0,4069,-7379,0.25925925925925924
2021-09-27T00:00:00.000,15:50,40.750828,-74.00189,0,0,0,0,4075,-7400,0.3888888888888889
2021-09-28T00:00:00.000,0:00,40.823647,-73.87843,0,0,0,0,4082,-7387,0.33544303797468356
2021-09-28T00:00:00.000,15:07,40.63695,-74.022484,0,0,0,0,4063,-7402,0.3877551020408163
2021-09-28T00:00:00.000,18:51,40.640343,-73.94266,0,0,0,0,4064,-7394,0.42342342342342343
2021-09-28T00:00:00.000,5:45,40.684723,-73.91755,1,0,1,1,4068,-7391,0.344
2021-09-28T00:00:00.000,21:21,40.678276,-73.91076,1,0,1,1,4067,-7391,0.36597938144329895
2021-09-28T00:00:00.000,12:30,40.853813,-73.89584,3,0,1,1,4085,-7389,0.3353658536585366
2021-09-28T00:00:00.000,15:15,40.84226,-73.87228,1,0,1,1,4084,-7387,0.48333333333333334
2021-09-24T00:00:00.000,5:57,40.869656,-73.898926,1,0,1,1,4086,-7389,0.40606060606060607
2021-08-05T00:00:00.000,10:35,40.83037,-73.94015,0,0,0,0,4083,-7394,0.38926174496644295
2021-09-27T00:00:00.000,1:55,40.840786,-73.9232,0,0,0,0,4084,-7392,0.3181818181818182
2021-09-28T00:00:00.000,17:25,40.732914,-73.98631,0,0,0,0,4073,-7398,0.36942675159235666
2021-08-13T00:00:00.000,14:20,40.815327,-73.93576,0,0,0,0,4081,-7393,0.32432432432432434
2021-09-26T00:00:00.000,20:20,40.894314,-73.86027,0,0,0,0,4089,-7386,0.28205128205128205
2021-09-28T00:00:00.000,22:30,40.821144,-73.95753,0,0,0,0,4082,-7395,0.4117647058823529
2021-09-27T00:00:00.000,13:00,40.66288,-73.99292,1,0,1,1,4066,-7399,0.40540540540540543
2021-09-28T00:00:00.000,14:59,40.71345,-73.851715,0,0,0,0,4071,-7385,0.4418604651162791
2021-09-28T00:00:00.000,11:20,40.74017,-73.97615,0,0,0,0,4074,-7397,0.4810810810810811
2021-09-28T00:00:00.000,9:56,40.681736,-73.97531,0,0,0,0,4068,-7397,0.3412322274881517
2021-09-28T00:00:00.000,19:40,40.729355,-73.86023,1,0,1,1,4072,-7386,0.42424242424242425
2021-09-28T00:00:00.000,8:45,40.727577,-73.74843,0,0,0,0,4072,-7374,0.44
2021-09-28T00:00:00.000,11:13,40.67645,-73.97411,0,0,0,0,4067,-7397,0.2818181818181818
2021-09-28T00:00:00.000,7:50,40.707653,-73.93984,4,0,1,1,4070,-7393,0.3300970873786408
2021-09-28T00:00:00.000,0:33,40.662506,-73.90929,2,0,1,1,4066,-7390,0.2777777777777778
2021-09-27T00:00:00.000,19:53,40.74373,-73.98801,0,0,0,0,4074,-7398,0.40131578947368424
2021-09-15T00:00:00.000,16:19,40.69045,-73.959435,0,0,0,0,4069,-7395,0.30952380952380953
2021-09-27T00:00:00.000,15:48,40.680504,-73.90629,0,0,0,0,4068,-7390,0.4421052631578947
2021-09-24T00:00:00.000,13:33,40.686085,-73.982666,0,0,0,0,4068,-7398,0.3873239436619718
2021-09-28T00:00:00.000,7:30,40.83436,-73.889565,0,0,0,0,4083,-7388,0.26717557251908397
2021-09-19T00:00:00.000,13:58,40.759678,-73.99559,0,0,0,0,4075,-7399,0.2830188679245283
2021-09-26T00:00:00.000,12:26,40.693726,-73.75485,2,0,1,1,4069,-7375,0.3584905660377358
2021-09-28T00:00:00.000,5:20,40.73718,-73.932014,2,0,1,1,4073,-7393,0.38461538461538464
2021-09-27T00:00:00.000,15:22,40.783333,-73.94368,1,0,1,1,4078,-7394,0.33513513513513515
2021-09-28T00:00:00.000,16:24,40.59075,-74.08837,0,0,0,0,4059,-7408,0.36363636363636365
2021-09-24T00:00:00.000,18:13,40.729824,-74.010605,1,0,1,1,4072,-7401,0.4
2021-09-28T00:00:00.000,22:15,40.746876,-73.95272,0,0,0,0,4074,-7395,0.35185185185185186
2021-09-28T00:00:00.000,16:55,40.702747,-73.86242,1,0,1,1,4070,-7386,0.38235294117647056
2021-09-28T00:00:00.000,16:30,40.818047,-73.92246,0,0,0,0,4081,-7392,0.4714285714285714
2021-09-28T00:00:00.000,18:23,40.8468,-73.931854,1,0,1,1,4084,-7393,0.32786885245901637
2021-09-28T00:00:00.000,12:00,40.711246,-73.98446,0,0,0,0,4071,-7398,0.39568345323741005
2021-09-28T00:00:00.000,9:00,40.757755,-73.79304,0,0,0,0,4075,-7379,0.38461538461538464
2021-09-28T00:00:00.000,15:00,40.74132,-73.78478,1,0,1,1,4074,-7378,0.43478260869565216
2021-09-27T00:00:00.000,14:00,40.680443,-73.99196,0,0,0,0,4068,-7399,0.17857142857142858
2021-09-28T00:00:00.000,8:45,40.697506,-73.982285,0,0,0,0,4069,-7398,0.3229166666666667
2021-09-28T00:00:00.000,16:56,40.66849,-73.95588,0,0,0,0,4066,-7395,0.44375
2021-09-28T00:00:00.000,5:47,40.836178,-73.884254,3,0,1,1,4083,-7388,0.26717557251908397
2021-09-24T00:00:00.000,7:55,40.858273,-73.93182,0,0,0,0,4085,-7393,0.36585365853658536
2021-09-28T00:00:00.000,16:00,40.820187,-73.890686,1,0,1,1,4082,-7389,0.37423312883435583
2021-09-28T00:00:00.000,15:45,40.835705,-73.888756,0,0,0,0,4083,-7388,0.26717557251908397
2021-05-23T00:00:00.000,13:20,40.88698,-73.84745,0,0,0,0,4088,-7384,0.4153846153846154
2021-09-26T00:00:00.000,8:16,40.75449,-74.006744,1,0,1,1,4075,-7400,0.3888888888888889
2021-09-27T00:00:00.000,9:19,40.86404,-73.89245,0,0,0,0,4086,-7389,0.40606060606060607
2021-09-28T00:00:00.000,18:10,40.727757,-73.89229,0,0,0,0,4072,-7389,0.41379310344827586
2021-09-28T00:00:00.000,20:41,40.596233,-73.938194,3,0,1,1,4059,-7393,0.47058823529411764
2021-09-17T00:00:00.000,9:15,40.692627,-73.959,0,0,0,0,4069,-7395,0.30952380952380953
2021-09-24T00:00:00.000,13:22,40.617825,-73.943085,5,0,1,1,4061,-7394,0.48484848484848486
2021-09-27T00:00:00.000,19:56,40.878056,-73.892136,0,0,0,0,4087,-7389,0.3333333333333333
2021-09-27T00:00:00.000,14:46,40.87255,-73.87538,0,0,0,0,4087,-7387,0.297029702970297
2021-09-28T00:00:00.000,8:00,40.833286,-73.914085,0,0,0,0,4083,-7391,0.33714285714285713
2022-07-01T00:00:00.000,16:00,40.75716,-73.90818,1,0,1,1,4075,-7390,0.37254901960784315
2022-06-25T00:00:00.000,1:00,40.670887,-73.76078,0,0,0,0,4067,-7376,0.23076923076923078
2022-06-30T00:00:00.000,17:05,40.70107,-73.80787,0,0,0,0,4070,-7380,0.3877551020408163
2022-06-29T00:00:00.000,14:50,40.68949,-73.92207,0,0,0,0,4068,-7392,0.2542372881355932
2022-06-27T00:00:00.000,15:35,40.61132,-74.114716,0,0,0,0,4061,-7411,0.36
2022-06-29T00:00:00.000,5:00,40.84519,-73.9112,0,0,0,0,4084,-7391,0.32558139534883723
2022-07-01T00:00:00.000,7:02,40.742043,-73.95436,2,0,1,1,4074,-7395,0.35185185185185186
2022-07-01T00:00:00.000,23:42,40.833378,-73.94328,0,0,0,0,4083,-7394,0.38926174496644295
2022-07-01T00:00:00.000,2:50,40.541874,-74.15155,0,0,0,0,4054,-7415,0.3125
2022-06-25T00:00:00.000,23:20,40.69993,-73.96188,0,0,0,0,4069,-7396,0.325
2022-07-01T00:00:00.000,7:50,40.667824,-73.93122,1,0,1,1,4066,-7393,0.38578680203045684
2022-06-29T00:00:00.000,16:43,40.732014,-73.94475,1,0,1,1,4073,-7394,0.5
2022-06-29T00:00:00.000,0:25,40.666115,-73.9311,0,0,0,0,4066,-7393,0.38578680203045684
2022-06-30T00:00:00.000,10:50,40.76723,-73.98412,1,0,1,1,4076,-7398,0.3081761006289308
2022-06-29T00:00:00.000,9:49,40.832897,-73.862274,0,0,0,0,4083,-7386,0.24822695035460993
2022-06-30T00:00:00.000,6:20,40.63043,-73.88593,2,0,1,1,4063,-7388,0.3835616438356164
2022-06-29T00:00:00.000,10:02,40.768024,-73.91912,0,0,0,0,4076,-7391,0.40476190476190477
2022-06-30T00:00:00.000,3:52,40.756794,-73.894135,0,0,0,0,4075,-7389,0.4805194805194805
2022-06-29T00:00:00.000,11:00,40.748077,-73.76066,0,0,0,0,4074,-7376,0.3333333333333333
2022-06-26T00:00:00.000,14:25,40.60448,-73.95237,1,0,1,1,4060,-7395,0.4791666666666667
2022-06-29T00:00:00.000,7:00,40.65153,-73.96303,0,0,0,0,4065,-7396,0.3939393939393939
2022-06-27T00:00:00.000,9:53,40.794178,-73.94487,1,0,1,1,4079,-7394,0.3523809523809524
2022-06-20T00:00:00.000,8:26,40.849396,-73.93891,0,0,0,0,4084,-7393,0.32786885245901637
2022-07-01T00:00:00.000,11:50,40.602913,-73.943375,0,0,0,0,4060,-7394,0.5217391304347826
2022-07-01T00:00:00.000,4:48,40.75416,-73.94941,0,0,0,0,4075,-7394,0.41333333333333333
2022-06-30T00:00:00.000,15:00,40.834324,-73.919914,0,0,0,0,4083,-7391,0.33714285714285713
2022-06-29T00:00:00.000,10:21,40.74701,-73.977196,0,0,0,0,4074,-7397,0.4810810810810811
2022-06-29T00:00:00.000,22:50,40.666386,-73.80178,1,0,1,1,4066,-7380,0.40789473684210525
2022-06-30T00:00:00.000,7:50,40.6087,-73.97404,0,0,0,0,4060,-7397,0.3469387755102041
2022-06-29T00:00:00.000,11:27,40.650024,-73.89126,2,0,1,1,4065,-7389,0.34965034965034963
2022-07-01T00:00:00.000,13:52,40.799305,-73.94324,0,0,0,0,4079,-7394,0.3523809523809524
2022-06-30T00:00:00.000,15:00,40.76595,-73.80984,1,0,1,1,4076,-7380,0.4
2022-06-30T00:00:00.000,23:30,40.68484,-73.79281,1,0,1,1,4068,-7379,0.35
2022-06-24T00:00:00.000,17:06,40.84086,-73.84239,1,0,1,1,4084,-7384,0.4222222222222222
2022-06-29T00:00:00.000,7:50,40.760586,-73.84592,0,0,0,0,4076,-7384,0.0
2022-06-30T00:00:00.000,13:15,40.846153,-73.932335,0,0,0,0,4084,-7393,0.32786885245901637
2022-07-01T00:00:00.000,23:16,40.722244,-73.90133,0,0,0,0,4072,-7390,0.2978723404255319
2022-07-01T00:00:00.000,19:50,40.70281,-73.74387,0,0,0,0,4070,-7374,0.3333333333333333
2022-06-30T00:00:00.000,7:13,40.83312,-73.912155,0,0,0,0,4083,-7391,0.33714285714285713
2022-06-30T00:00:00.000,10:30,40.746033,-73.93441,1,0,1,1,4074,-7393,0.3333333333333333
2022-07-01T00:00:00.000,15:27,40.83153,-73.81894,1,0,1,1,4083,-7381,0.2
2022-06-26T00:00:00.000,0:40,40.638695,-73.87859,0,0,0,0,4063,-7387,0.375
2022-06-18T00:00:00.000,10:00,40.60923,-73.997025,0,0,0,0,4060,-7399,0.31683168316831684
2022-06-30T00:00:00.000,20:47,0.0,0.0,1,0,1,1,0,0,0.40425531914893614
2022-06-30T00:00:00.000,14:55,40.660145,-73.94768,1,0,1,1,4066,-7394,0.36792452830188677
2022-07-01T00:00:00.000,19:00,40.647568,-73.95276,0,0,0,0,4064,-7395,0.4796747967479675
2022-07-01T00:00:00.000,5:03,40.631916,-73.97738,0,0,0,0,4063,-7397,0.36893203883495146
2022-07-01T00:00:00.000,8:40,40.69979,-73.950096,0,0,0,0,4069,-7395,0.30952380952380953
2022-06-29T00:00:00.000,21:21,40.842052,-73.868706,0,0,0,0,4084,-7386,0.375
2022-07-01T00:00:00.000,17:50,40.61536,-73.987076,1,0,1,1,4061,-7398,0.3698630136986301
2022-06-30T00:00:00.000,9:18,40.691395,-73.82093,3,0,1,1,4069,-7382,0.37209302325581395
2022-06-26T00:00:00.000,18:34,40.747513,-73.9688,1,0,1,1,4074,-7396,0.7
2022-06-29T00:00:00.000,9:40,40.784996,-73.824234,0,0,0,0,4078,-7382,0.3
2022-06-17T00:00:00.000,19:45,40.85715,-73.92741,0,0,0,0,4085,-7392,0.22
2022-06-29T00:00:00.000,12:41,40.734497,-73.88315,0,0,0,0,4073,-7388,0.2777777777777778
2022-06-30T00:00:00.000,7:35,40.58604,-74.16859,0,0,0,0,4058,-7416,0.3
2022-06-12T00:00:00.000,4:00,40.652687,-73.95603,1,0,1,1,4065,-7395,0.38686131386861317
2022-06-24T00:00:00.000,23:40,40.825695,-73.89913,0,0,0,0,4082,-7389,0.37423312883435583
2022-06-30T00:00:00.000,16:41,40.680374,-73.80445,1,0,1,1,4068,-7380,0.3829787234042553
2022-06-27T00:00:00.000,23:00,40.87975,-73.90144,0,0,0,0,4087,-7390,0.3184713375796178
2022-06-30T00:00:00.000,8:00,40.711037,-73.814445,0,0,0,0,4071,-7381,0.3448275862068966
2022-07-01T00:00:00.000,17:52,40.72867,-73.79196,1,0,1,1,4072,-7379,0.3333333333333333
2022-06-30T00:00:00.000,9:45,40.622513,-74.03441,0,0,0,0,4062,-7403,0.15
2022-07-01T00:00:00.000,17:30,40.725727,-73.84809,0,0,0,0,4072,-7384,0.2711864406779661
2022-06-29T00:00:00.000,13:35,40.77022,-73.83055,1,0,1,1,4077,-7383,0.25
2022-06-30T00:00:00.000,6:30,40.73319,-73.866875,1,0,1,1,4073,-7386,0.3464566929133858
2022-07-01T00:00:00.000,15:00,40.66675,-73.779945,0,0,0,0,4066,-7377,0.37362637362637363
2022-06-30T00:00:00.000,19:10,40.778584,-73.95552,0,0,0,0,4077,-7395,0.3384615384615385
2022-06-30T00:00:00.000,0:17,40.665726,-73.96425,0,0,0,0,4066,-7396,0.4074074074074074
2022-06-29T00:00:00.000,11:50,40.671165,-73.895676,1,0,1,1,4067,-7389,0.33852140077821014
2022-06-29T00:00:00.000,19:35,40.682823,-73.976585,1,0,1,1,4068,-7397,0.3412322274881517
2022-06-30T00:00:00.000,13:22,40.641987,-74.01724,0,0,0,0,4064,-7401,0.4295774647887324
2022-06-30T00:00:00.000,15:18,40.75056,-73.93932,0,0,0,0,4075,-7393,0.43478260869565216
2022-06-30T00:00:00.000,0:10,40.711845,-73.859764,0,0,0,0,4071,-7385,0.4418604651162791
2022-07-01T00:00:00.000,19:10,40.744892,-73.77022,0,0,0,0,4074,-7377,0.36363636363636365
2022-06-30T00:00:00.000,14:55,40.725033,-73.91981,0,0,0,0,4072,-7391,0.36
2022-06-29T00:00:00.000,2:26,40.681515,-73.90412,0,0,0,0,4068,-7390,0.4421052631578947
2022-06-11T00:00:00.000,14:30,40.661964,-73.95705,1,0,1,1,4066,-7395,0.44375
2022-06-27T00:00:00.000,22:49,40.760567,-73.9155,1,0,1,1,4076,-7391,0.40476190476190477
2022-06-29T00:00:00.000,11:00,40.583733,-73.91969,1,0,1,1,4058,-7391,0.3888888888888889
2022-07-01T00:00:00.000,16:20,40.738354,-73.89591,0,0,0,0,4073,-7389,0.2857142857142857
2022-07-01T00:00:00.000,15:15,40.68405,-73.98157,1,0,1,1,4068,-7398,0.3873239436619718
2022-06-29T00:00:00.000,18:00,40.628387,-73.92431,0,0,0,0,4062,-7392,0.3611111111111111
2022-06-29T00:00:00.000,23:00,40.661335,-73.8884,0,0,0,0,4066,-7388,0.37012987012987014
2022-07-01T00:00:00.000,4:00,40.6532,-74.005585,1,0,1,1,4065,-7400,0.41509433962264153
2022-06-30T00:00:00.000,16:45,40.720795,-73.94496,0,0,0,0,4072,-7394,0.19801980198019803
2022-06-28T00:00:00.000,13:24,40.879578,-73.875374,0,0,0,0,4087,-7387,0.297029702970297
2022-06-26T00:00:00.000,6:12,40.896854,-73.85882,0,0,0,0,4089,-7385,0.3813559322033898
2022-06-27T00:00:00.000,0:26,40.864807,-73.91937,0,0,0,0,4086,-7391,0.38016528925619836
2022-06-30T00:00:00.000,1:05,40.698154,-73.86969,0,0,0,0,4069,-7386,0.21052631578947367
2022-06-30T00:00:00.000,16:10,40.65516,-73.867714,0,0,0,0,4065,-7386,0.36619718309859156
2022-06-30T00:00:00.000,21:00,40.656082,-73.953064,2,0,1,1,4065,-7395,0.38686131386861317
2022-06-29T00:00:00.000,18:43,40.70003,-73.745895,0,0,0,0,4070,-7374,0.3333333333333333
2022-06-30T00:00:00.000,18:00,40.71461,-73.80255,0,0,0,0,4071,-7380,0.42105263157894735
2021-10-28T00:00:00.000,13:51,40.680283,-73.85471,2,0,1,1,4068,-7385,0.43103448275862066
2021-09-13T00:00:00.000,20:25,40.808445,-73.945,1,0,1,1,4080,-7394,0.41116751269035534
2021-12-22T00:00:00.000,9:15,40.694263,-73.95235,1,0,1,1,4069,-7395,0.30952380952380953
2021-12-09T00:00:00.000,9:25,40.834415,-73.92854,0,0,0,0,4083,-7392,0.310126582278481
2021-12-22T00:00:00.000,17:00,40.645817,-73.97068,0,0,0,0,4064,-7397,0.4095238095238095
2021-12-24T00:00:00.000,19:40,40.856045,-73.90079,0,0,0,0,4085,-7390,0.42207792207792205
2021-12-25T00:00:00.000,16:05,40.68005,-73.94327,1,0,1,1,4068,-7394,0.4409448818897638
2021-12-23T00:00:00.000,18:00,40.600956,-73.75877,0,0,0,0,4060,-7375,0.17117117117117117
2021-12-22T00:00:00.000,16:45,40.696995,-73.95475,1,0,1,1,4069,-7395,0.30952380952380953
2021-12-23T00:00:00.000,8:00,40.692356,-73.94282,0,0,0,0,4069,-7394,0.417910447761194
2021-11-23T00:00:00.000,12:33,40.67973,-73.9374,1,0,1,1,4067,-7393,0.3755868544600939
2021-12-21T00:00:00.000,11:30,40.67543,-73.98352,0,0,0,0,4067,-7398,0.3655913978494624
2021-12-15T00:00:00.000,15:30,40.68651,-73.954544,0,0,0,0,4068,-7395,0.38571428571428573
2022-06-29T00:00:00.000,10:11,40.71766,-74.007545,0,0,0,0,4071,-7400,0.25517241379310346
2022-06-30T00:00:00.000,7:45,40.793995,-73.94251,0,0,0,0,4079,-7394,0.3523809523809524
2022-06-30T00:00:00.000,12:00,40.695614,-73.94056,1,0,1,1,4069,-7394,0.417910447761194
2022-06-29T00:00:00.000,13:44,40.740074,-73.871475,0,0,0,0,4074,-7387,0.25663716814159293
2022-06-21T00:00:00.000,12:00,40.822933,-73.93813,0,0,0,0,4082,-7393,0.36645962732919257
2022-06-30T00:00:00.000,4:50,40.817795,-73.89319,0,0,0,0,4081,-7389,0.31543624161073824
2022-06-30T00:00:00.000,13:32,40.711136,-73.764854,0,0,0,0,4071,-7376,0.37142857142857144
2022-06-29T00:00:00.000,21:05,0.0,0.0,0,0,0,0,0,0,0.40425531914893614
2022-06-30T00:00:00.000,4:00,40.591305,-73.963425,0,0,0,0,4059,-7396,0.38596491228070173
2022-06-29T00:00:00.000,17:40,40.66626,-73.95957,1,0,1,1,4066,-7395,0.44375
2021-12-25T00:00:00.000,21:30,40.583534,-73.984184,1,0,1,1,4058,-7398,0.4
2021-12-24T00:00:00.000,19:00,40.62373,-73.99617,0,0,0,0,4062,-7399,0.3835616438356164
2021-12-25T00:00:00.000,22:37,40.827755,-73.9117,1,0,1,1,4082,-7391,0.3355263157894737
2021-12-25T00:00:00.000,2:08,40.763344,-73.75791,0,0,0,0,4076,-7375,0.3409090909090909
2021-12-25T00:00:00.000,21:30,40.699543,-73.78353,1,0,1,1,4069,-7378,0.29310344827586204
2021-12-23T00:00:00.000,21:13,40.66685,-73.73672,0,0,0,0,4066,-7373,0.44339622641509435
2021-12-25T00:00:00.000,23:03,40.8092,-73.92281,0,0,0,0,4080,-7392,0.3141025641025641
2021-12-25T00:00:00.000,1:20,40.696167,-73.97721,0,0,0,0,4069,-7397,0.3253012048192771
2021-12-25T00:00:00.000,21:38,40.75469,-73.99536,1,0,1,1,4075,-7399,0.2830188679245283
2021-12-25T00:00:00.000,10:39,40.636463,-73.9118,1,0,1,1,4063,-7391,0.5
2021-12-25T00:00:00.000,11:24,40.859406,-73.84187,0,0,0,0,4085,-7384,0.32432432432432434
2021-12-25T00:00:00.000,12:00,40.725166,-73.89928,0,0,0,0,4072,-7389,0.41379310344827586
2021-11-29T00:00:00.000,12:00,40.76942,-73.880295,0,0,0,0,4076,-7388,0.43283582089552236
2021-12-21T00:00:00.000,19:45,40.752056,-74.00099,0,0,0,0,4075,-7400,0.3888888888888889
2021-12-25T00:00:00.000,18:50,40.82816,-73.91297,0,0,0,0,4082,-7391,0.3355263157894737
2021-12-23T00:00:00.000,8:37,40.788906,-73.93765,1,0,1,1,4078,-7393,0.4444444444444444
2021-12-25T00:00:00.000,15:00,40.76595,-73.80984,0,0,0,0,4076,-7380,0.4
2021-12-25T00:00:00.000,7:02,40.646717,-73.99789,1,0,1,1,4064,-7399,0.3442622950819672
2021-12-25T00:00:00.000,1:17,40.759678,-73.97216,3,0,1,1,4075,-7397,0.375886524822695
2021-12-25T00:00:00.000,11:30,40.69862,-73.920135,1,0,1,1,4069,-7392,0.3584905660377358
2021-12-24T00:00:00.000,22:35,40.78614,-73.93929,1,0,1,1,4078,-7393,0.4444444444444444
2021-12-25T00:00:00.000,20:24,40.813282,-73.898,0,0,0,0,4081,-7389,0.31543624161073824
2021-12-23T00:00:00.000,22:25,40.75766,-73.99084,1,0,1,1,4075,-7399,0.2830188679245283
2021-12-23T00:00:00.000,18:25,40.748356,-74.00369,0,0,0,0,4074,-7400,0.27710843373493976
2021-12-19T00:00:00.000,18:00,40.604027,-73.89875,0,0,0,0,4060,-7389,0.625
2021-12-25T00:00:00.000,16:55,40.7038,-73.82345,3,0,1,1,4070,-7382,0.4166666666666667
2021-12-25T00:00:00.000,0:48,40.80132,-73.95763,0,0,0,0,4080,-7395,0.381294964028777
2021-12-25T00:00:00.000,8:40,40.826862,-73.88769,1,0,1,1,4082,-7388,0.27624309392265195
2021-12-25T00:00:00.000,10:58,40.727207,-73.90742,0,0,0,0,4072,-7390,0.2978723404255319
2021-12-25T00:00:00.000,19:46,40.863194,-73.86642,0,0,0,0,4086,-7386,0.4642857142857143
2021-12-25T00:00:00.000,19:09,40.67376,-73.73431,0,0,0,0,4067,-7373,0.46835443037974683
2021-12-24T00:00:00.000,21:46,40.82332,-73.86816,1,0,1,1,4082,-7386,0.3493975903614458
2021-12-22T00:00:00.000,19:58,40.610146,-74.15127,0,0,0,0,4061,-7415,0.3333333333333333
2021-12-07T00:00:00.000,23:00,40.765358,-73.96007,0,0,0,0,4076,-7396,0.3023255813953488
2021-12-25T00:00:00.000,11:00,40.64374,-73.9598,0,0,0,0,4064,-7395,0.4796747967479675
2021-12-22T00:00:00.000,9:08,40.75548,-73.74173,0,0,0,0,4075,-7374,0.3333333333333333
2021-12-25T00:00:00.000,6:10,40.71405,-73.77801,0,0,0,0,4071,-7377,0.20967741935483872
2021-12-09T00:00:00.000,22:40,40.74847,-73.792305,0,0,0,0,4074,-7379,0.1
2021-12-23T00:00:00.000,22:30,40.84932,-73.93374,1,0,1,1,4084,-7393,0.32786885245901637
2021-12-25T00:00:00.000,0:54,40.73649,-73.80478,0,0,0,0,4073,-7380,0.34285714285714286
2021-12-25T00:00:00.000,18:50,40.838497,-73.939835,0,0,0,0,4083,-7393,0.3333333333333333
2021-12-25T00:00:00.000,4:28,40.731983,-73.91912,0,0,0,0,4073,-7391,0.33962264150943394
2021-12-25T00:00:00.000,17:00,40.662964,-73.90614,0,0,0,0,4066,-7390,0.2777777777777778
2020-12-04T00:00:00.000,15:05,40.655487,-73.90287,4,0,1,1,4065,-7390,0.375
2021-05-22T00:00:00.000,15:36,40.68587,-73.76349,1,0,1,1,4068,-7376,0.35714285714285715
2021-05-19T00:00:00.000,0:00,40.8118,-73.88865,0,0,0,0,4081,-7388,0.25471698113207547
2021-05-22T00:00:00.000,20:36,40.713173,-73.95968,0,0,0,0,4071,-7395,0.36585365853658536
2021-05-22T00:00:00.000,0:20,40.82802,-73.93122,1,0,1,1,4082,-7393,0.36645962732919257
2021-05-22T00:00:00.000,1:49,40.81175,-73.93144,0,0,0,0,4081,-7393,0.32432432432432434
2021-05-23T00:00:00.000,17:35,40.677635,-73.91083,1,0,1,1,4067,-7391,0.36597938144329895
2021-12-24T00:00:00.000,18:13,40.86769,-73.92122,2,0,1,1,4086,-7392,0.359375
2021-12-25T00:00:00.000,15:40,40.775906,-73.920525,1,0,1,1,4077,-7392,0.3269230769230769
2021-05-23T00:00:00.000,20:15,40.847248,-73.93687,0,0,0,0,4084,-7393,0.32786885245901637
2021-05-23T00:00:00.000,17:49,40.87395,-73.85278,1,0,1,1,4087,-7385,0.37681159420289856
2021-05-13T00:00:00.000,21:00,40.697155,-73.96282,0,0,0,0,4069,-7396,0.325
2021-05-22T00:00:00.000,21:14,40.869846,-73.915886,1,0,1,1,4086,-7391,0.38016528925619836
2021-05-23T00:00:00.000,2:15,40.74288,-73.951164,0,0,0,0,4074,-7395,0.35185185185185186
2021-05-23T00:00:00.000,21:30,40.609344,-73.94355,1,0,1,1,4060,-7394,0.5217391304347826
2021-05-23T00:00:00.000,0:30,40.8279,-73.8459,0,0,0,0,4082,-7384,0.3835616438356164
2021-05-23T00:00:00.000,16:43,40.68969,-73.99237,1,0,1,1,4068,-7399,0.17857142857142858
2021-05-23T00:00:00.000,8:12,40.690884,-73.912506,0,0,0,0,4069,-7391,0.2709677419354839
2021-05-19T00:00:00.000,0:32,40.71207,-73.996956,1,0,1,1,4071,-7399,0.3263157894736842
2021-05-12T00:00:00.000,0:00,40.834423,-73.879265,0,0,0,0,4083,-7387,0.38414634146341464
2021-05-23T00:00:00.000,1:14,40.841846,-73.870834,0,0,0,0,4084,-7387,0.48333333333333334
2021-05-23T00:00:00.000,22:10,40.666348,-73.76093,1,0,1,1,4066,-7376,0.30434782608695654
2021-04-02T00:00:00.000,1:08,40.673107,-73.99959,0,0,0,0,4067,-7399,0.3258426966292135
2021-05-21T00:00:00.000,21:15,40.811565,-73.942726,1,0,1,1,4081,-7394,0.38
2021-05-23T00:00:00.000,10:00,40.563503,-74.13265,1,0,1,1,4056,-7413,0.46153846153846156
2021-05-23T00:00:00.000,6:10,40.666386,-73.80178,0,0,0,0,4066,-7380,0.40789473684210525
2021-05-23T00:00:00.000,9:00,40.731815,-73.87569,0,0,0,0,4073,-7387,0.3140495867768595
2021-05-23T00:00:00.000,16:10,40.844368,-73.88902,1,0,1,1,4084,-7388,0.390625
2021-05-23T00:00:00.000,18:20,40.661003,-73.904655,0,0,0,0,4066,-7390,0.2777777777777778
2021-05-23T00:00:00.000,18:00,40.822117,-73.863174,0,0,0,0,4082,-7386,0.3493975903614458
2021-05-23T00:00:00.000,1:49,40.687244,-73.95469,1,0,1,1,4068,-7395,0.38571428571428573
2021-05-23T00:00:00.000,2:20,40.809452,-73.94949,0,0,0,0,4080,-7394,0.41116751269035534
2021-05-20T00:00:00.000,0:50,40.673298,-73.789894,2,0,1,1,4067,-7378,0.2
2021-09-29T00:00:00.000,21:15,40.69874,-73.926315,1,0,1,1,4069,-7392,0.3584905660377358
2021-05-12T00:00:00.000,2:30,40.726444,-73.90317,0,0,0,0,4072,-7390,0.2978723404255319
2021-05-19T00:00:00.000,14:29,40.85234,-73.84355,1,0,1,1,4085,-7384,0.32432432432432434
2021-05-23T00:00:00.000,12:59,40.64993,-73.93312,1,0,1,1,4064,-7393,0.3333333333333333
2021-05-23T00:00:00.000,21:00,40.60374,-73.76332,0,0,0,0,4060,-7376,0.19230769230769232
2021-05-23T00:00:00.000,16:30,40.711033,-73.7281,0,0,0,0,4071,-7372,0.40425531914893614
2021-05-23T00:00:00.000,6:15,40.838062,-73.88869,1,0,1,1,4083,-7388,0.26717557251908397
2021-05-23T00:00:00.000,23:24,40.684242,-73.877396,0,0,0,0,4068,-7387,0.24719101123595505
2021-05-23T00:00:00.000,7:37,40.82815,-73.93491,3,0,1,1,4082,-7393,0.36645962732919257
2021-05-23T00:00:00.000,12:45,40.754154,-73.9804,0,0,0,0,4075,-7398,0.3170731707317073
2021-05-23T00:00:00.000,11:19,40.6358,-74.11743,0,0,0,0,4063,-7411,0.20689655172413793
2021-05-23T00:00:00.000,20:25,40.675003,-73.82435,2,0,1,1,4067,-7382,0.4186046511627907
2021-05-23T00:00:00.000,10:30,40.73291,-73.81487,0,0,0,0,4073,-7381,0.3181818181818182
2021-05-23T00:00:00.000,4:50,40.66225,-73.99495,0,0,0,0,4066,-7399,0.40540540540540543
2021-05-23T00:00:00.000,0:46,40.64092,-73.902954,2,0,1,1,4064,-7390,0.4017094017094017
2021-05-23T00:00:00.000,16:20,40.734222,-73.94981,0,0,0,0,4073,-7394,0.5
2021-05-23T00:00:00.000,20:32,40.675236,-73.97106,2,0,1,1,4067,-7397,0.2818181818181818
2021-05-22T00:00:00.000,17:34,40.804676,-73.93223,0,0,0,0,4080,-7393,0.36312849162011174
2021-05-23T00:00:00.000,2:00,40.798958,-73.94244,0,0,0,0,4079,-7394,0.3523809523809524
2021-05-21T00:00:00.000,22:03,40.679413,-73.79984,1,0,1,1,4067,-7379,0.4264705882352941
2021-05-23T00:00:00.000,7:00,40.73989,-73.857056,0,0,0,0,4073,-7385,0.3619047619047619
2021-05-21T00:00:00.000,23:15,40.72225,-74.00592,2,0,1,1,4072,-7400,0.32926829268292684
2021-05-23T00:00:00.000,12:30,40.683132,-73.88259,0,0,0,0,4068,-7388,0.36538461538461536
2021-05-23T00:00:00.000,19:50,40.865364,-73.92439,0,0,0,0,4086,-7392,0.359375
2021-05-23T00:00:00.000,10:45,40.658504,-73.914696,0,0,0,0,4065,-7391,0.425
2021-05-23T00:00:00.000,19:05,40.56763,-74.11263,1,0,1,1,4056,-7411,0.3448275862068966
2021-05-23T00:00:00.000,14:30,40.665733,-73.755585,0,0,0,0,4066,-7375,0.3
2021-05-23T00:00:00.000,23:43,40.67066,-73.957985,0,0,0,0,4067,-7395,0.3695652173913043
2021-05-19T00:00:00.000,19:38,40.86682,-73.83923,1,0,1,1,4086,-7383,0.3448275862068966
2021-05-23T00:00:00.000,23:00,40.70537,-73.775826,1,0,1,1,4070,-7377,0.2413793103448276
2021-05-15T00:00:00.000,21:20,40.77039,-73.91771,0,0,0,0,4077,-7391,0.3157894736842105
2021-05-23T00:00:00.000,0:10,40.752975,-73.91024,1,0,1,1,4075,-7391,0.4777777777777778
2021-05-19T00:00:00.000,17:25,40.758972,-73.91901,1,0,1,1,4075,-7391,0.4777777777777778
2021-05-23T00:00:00.000,15:00,40.644657,-73.95664,0,0,0,0,4064,-7395,0.4796747967479675
2021-05-19T00:00:00.000,20:35,40.823124,-73.89101,0,0,0,0,4082,-7389,0.37423312883435583
2021-05-23T00:00:00.000,20:00,40.69068,-73.85306,0,0,0,0,4069,-7385,0.34
2021-05-20T00:00:00.000,17:25,40.770245,-73.959694,0,0,0,0,4077,-7395,0.3384615384615385
2021-05-23T00:00:00.000,22:00,40.844437,-73.83283,0,0,0,0,4084,-7383,0.4318181818181818
2021-05-23T00:00:00.000,19:10,40.6634,-73.97785,1,0,1,1,4066,-7397,0.24390243902439024
2021-05-23T00:00:00.000,14:32,40.789116,-73.82259,0,0,0,0,4078,-7382,0.3
2021-05-23T00:00:00.000,4:43,40.64113,-74.008286,0,0,0,0,4064,-7400,0.36764705882352944
2021-05-11T00:00:00.000,13:50,40.71392,-73.92241,1,0,1,1,4071,-7392,0.2777777777777778
2021-05-23T00:00:00.000,8:18,40.750725,-73.87502,0,0,0,0,4075,-7387,0.33884297520661155
2021-05-23T00:00:00.000,10:25,40.600105,-73.96568,0,0,0,0,4060,-7396,0.5714285714285714
2021-05-23T00:00:00.000,20:04,40.684326,-74.00551,1,0,1,1,4068,-7400,0.3333333333333333
2021-05-22T00:00:00.000,4:00,40.592083,-73.78571,0,0,0,0,4059,-7378,0.14705882352941177
2021-05-19T00:00:00.000,12:00,40.75172,-73.936134,0,0,0,0,4075,-7393,0.43478260869565216
2021-05-22T00:00:00.000,22:50,40.715588,-74.00917,4,0,1,1,4071,-7400,0.25517241379310346
2021-05-23T00:00:00.000,5:50,40.706215,-73.75648,1,0,1,1,4070,-7375,0.4117647058823529
2021-05-23T00:00:00.000,13:55,40.698822,-73.80477,0,0,0,0,4069,-7380,0.38461538461538464
2021-05-17T00:00:00.000,17:20,40.703632,-73.85587,4,0,1,1,4070,-7385,0.39436619718309857
2021-05-23T00:00:00.000,8:00,40.714417,-73.96107,0,0,0,0,4071,-7396,0.3218390804597701
2021-05-23T00:00:00.000,4:00,40.87538,-73.883446,0,0,0,0,4087,-7388,0.3561643835616438
2021-05-13T00:00:00.000,13:00,40.763905,-73.926025,0,0,0,0,4076,-7392,0.42105263157894735
2021-05-23T00:00:00.000,15:50,40.631405,-73.97379,1,0,1,1,4063,-7397,0.36893203883495146
2021-05-23T00:00:00.000,0:50,40.70081,-73.84016,0,0,0,0,4070,-7384,0.43333333333333335
2021-05-23T00:00:00.000,21:10,40.659668,-73.99518,1,0,1,1,4065,-7399,0.4117647058823529
2021-05-23T00:00:00.000,11:20,40.668804,-73.82723,1,0,1,1,4066,-7382,0.43103448275862066
2021-05-20T00:00:00.000,11:21,40.69365,-73.98333,0,0,0,0,4069,-7398,0.3229166666666667
2021-05-11T00:00:00.000,13:30,40.69897,-73.7844,0,0,0,0,4069,-7378,0.29310344827586204
2021-05-18T00:00:00.000,18:00,40.75475,-73.93678,0,0,0,0,4075,-7393,0.43478260869565216
2021-05-22T00:00:00.000,0:01,40.81328,-73.89749,1,0,1,1,4081,-7389,0.31543624161073824
2021-05-23T00:00:00.000,13:40,40.726376,-73.76624,0,0,0,0,4072,-7376,0.5
2021-05-23T00:00:00.000,2:25,40.652637,-73.97269,1,0,1,1,4065,-7397,0.4074074074074074
2021-05-23T00:00:00.000,19:17,40.688995,-73.78581,1,0,1,1,4068,-7378,0.3384615384615385
2021-05-18T00:00:00.000,19:19,40.83072,-73.91354,0,0,0,0,4083,-7391,0.33714285714285713
2021-05-23T00:00:00.000,21:09,40.789055,-73.94861,0,0,0,0,4078,-7394,0.33513513513513515
2021-05-23T00:00:00.000,15:40,40.729908,-73.7876,1,0,1,1,4072,-7378,0.4
2021-05-23T00:00:00.000,9:40,40.635902,-73.97813,0,0,0,0,4063,-7397,0.36893203883495146
2021-05-23T00:00:00.000,7:45,40.77061,-73.8919,0,0,0,0,4077,-7389,0.35
2021-05-23T00:00:00.000,17:20,40.884075,-73.85394,0,0,0,0,4088,-7385,0.36619718309859156
2021-05-23T00:00:00.000,10:15,40.67151,-73.76455,0,0,0,0,4067,-7376,0.23076923076923078
2021-05-23T00:00:00.000,13:41,40.877365,-73.88533,0,0,0,0,4087,-7388,0.3561643835616438
2021-05-23T00:00:00.000,17:25,40.603848,-74.00264,0,0,0,0,4060,-7400,0.24074074074074073
2021-05-15T00:00:00.000,21:45,40.59831,-73.74827,0,0,0,0,4059,-7374,0.18181818181818182
2021-12-25T00:00:00.000,17:43,40.753,-73.969894,1,0,1,1,4075,-7396,0.4788732394366197
2021-05-23T00:00:00.000,20:15,40.623856,-73.92257,2,0,1,1,4062,-7392,0.3611111111111111
2021-05-23T00:00:00.000,13:00,40.579197,-73.98195,0,0,0,0,4057,-7398,0.36904761904761907
2021-05-23T00:00:00.000,2:05,40.71748,-73.938965,0,0,0,0,4071,-7393,0.2711864406779661
2021-05-22T00:00:00.000,0:30,40.6982,-73.99571,0,0,0,0,4069,-7399,0.29473684210526313
2021-05-22T00:00:00.000,1:51,40.809715,-73.935684,0,0,0,0,4080,-7393,0.36312849162011174
2021-05-22T00:00:00.000,19:30,40.673275,-73.98431,1,0,1,1,4067,-7398,0.3655913978494624
2021-05-17T00:00:00.000,0:00,40.803566,-73.96715,0,0,0,0,4080,-7396,0.31343283582089554
2021-05-23T00:00:00.000,22:00,40.806366,-73.924324,0,0,0,0,4080,-7392,0.3141025641025641
2021-05-23T00:00:00.000,14:55,40.675255,-73.73207,2,0,1,1,4067,-7373,0.46835443037974683
2021-05-21T00:00:00.000,23:17,40.77882,-73.953995,0,0,0,0,4077,-7395,0.3384615384615385
2021-05-23T00:00:00.000,0:36,40.80256,-73.943,0,0,0,0,4080,-7394,0.41116751269035534
2021-05-23T00:00:00.000,20:30,40.89628,-73.84975,0,0,0,0,4089,-7384,0.3333333333333333
2021-05-23T00:00:00.000,13:17,40.823566,-73.93768,1,0,1,1,4082,-7393,0.36645962732919257
2021-05-16T00:00:00.000,21:00,40.767994,-73.913864,0,0,0,0,4076,-7391,0.40476190476190477
2021-05-23T00:00:00.000,16:07,40.62147,-73.95072,0,0,0,0,4062,-7395,0.4444444444444444
2021-05-23T00:00:00.000,2:50,40.695114,-73.93194,0,0,0,0,4069,-7393,0.3141025641025641
2021-05-23T00:00:00.000,1:30,40.685696,-73.87161,0,0,0,0,4068,-7387,0.24719101123595505
2021-05-23T00:00:00.000,15:50,40.67819,-73.80144,0,0,0,0,4067,-7380,0.24615384615384617
2021-05-23T00:00:00.000,16:00,40.82399,-73.85876,2,0,1,1,4082,-7385,0.27
2021-05-23T00:00:00.000,2:36,40.71682,-73.94924,2,0,1,1,4071,-7394,0.3710691823899371
2021-05-23T00:00:00.000,16:55,40.835873,-73.8699,2,0,1,1,4083,-7386,0.24822695035460993
2021-05-23T00:00:00.000,8:09,40.771324,-73.79401,1,0,1,1,4077,-7379,0.5
2021-05-23T00:00:00.000,22:20,40.87809,-73.86045,0,0,0,0,4087,-7386,0.3142857142857143
2021-05-23T00:00:00.000,17:43,40.628265,-74.032036,0,0,0,0,4062,-7403,0.15
2021-05-23T00:00:00.000,16:47,40.63408,-73.88926,0,0,0,0,4063,-7388,0.3835616438356164
2021-12-25T00:00:00.000,4:00,40.824917,-73.9139,0,0,0,0,4082,-7391,0.3355263157894737
2021-05-23T00:00:00.000,20:10,40.86674,-73.92873,0,0,0,0,4086,-7392,0.359375
2021-05-23T00:00:00.000,0:54,40.851467,-73.89557,3,0,1,1,4085,-7389,0.3353658536585366
2021-05-05T00:00:00.000,22:00,40.76497,-73.91727,0,0,0,0,4076,-7391,0.40476190476190477
2021-05-23T00:00:00.000,3:18,40.74668,-73.90072,0,0,0,0,4074,-7390,0.40625
2021-05-19T00:00:00.000,18:56,40.776833,-73.911705,1,0,1,1,4077,-7391,0.3157894736842105
2021-05-23T00:00:00.000,17:40,40.704422,-73.792854,1,0,1,1,4070,-7379,0.3978494623655914
2021-05-16T00:00:00.000,0:05,40.731335,-73.89719,0,0,0,0,4073,-7389,0.2857142857142857
2021-05-22T00:00:00.000,13:05,40.60891,-73.990204,1,0,1,1,4060,-7399,0.31683168316831684
2021-05-23T00:00:00.000,4:45,40.74675,-73.89233,0,0,0,0,4074,-7389,0.3203125
2021-05-23T00:00:00.000,14:26,40.721703,-73.95065,0,0,0,0,4072,-7395,0.22093023255813954
2021-05-23T00:00:00.000,0:18,40.6707,-73.77366,2,0,1,1,4067,-7377,0.32608695652173914
2021-05-23T00:00:00.000,9:00,40.58902,-74.13867,1,0,1,1,4058,-7413,0.6363636363636364
2021-05-22T00:00:00.000,18:00,40.857166,-73.92824,0,0,0,0,4085,-7392,0.22
2021-05-23T00:00:00.000,4:40,40.695747,-73.899315,0,0,0,0,4069,-7389,0.3709677419354839
2021-12-25T00:00:00.000,4:30,40.6082,-73.920715,0,0,0,0,4060,-7392,0.3333333333333333
2021-05-23T00:00:00.000,3:00,40.54387,-74.14445,1,0,1,1,4054,-7414,0.2631578947368421
2021-05-23T00:00:00.000,23:38,40.694107,-73.89737,3,0,1,1,4069,-7389,0.3709677419354839
2021-05-23T00:00:00.000,8:00,40.660233,-73.73941,1,0,1,1,4066,-7373,0.44339622641509435
2021-05-23T00:00:00.000,23:15,40.87831,-73.870155,1,0,1,1,4087,-7387,0.297029702970297
2021-05-23T00:00:00.000,19:24,40.66049,-73.962814,0,0,0,0,4066,-7396,0.4074074074074074
2021-05-23T00:00:00.000,15:35,40.71368,-73.78746,1,0,1,1,4071,-7378,0.32653061224489793
2021-05-23T00:00:00.000,0:35,40.799976,-73.958626,1,0,1,1,4079,-7395,0.42
2021-05-23T00:00:00.000,19:40,40.710667,-73.93361,2,0,1,1,4071,-7393,0.2711864406779661
2021-05-23T00:00:00.000,17:25,40.65431,-74.004425,0,0,0,0,4065,-7400,0.41509433962264153
2021-05-22T00:00:00.000,23:55,40.681503,-73.974236,0,0,0,0,4068,-7397,0.3412322274881517
2021-12-25T00:00:00.000,4:30,40.637505,-73.9142,0,0,0,0,4063,-7391,0.5
2021-05-23T00:00:00.000,1:40,40.76147,-73.818085,0,0,0,0,4076,-7381,0.4716981132075472
2021-05-23T00:00:00.000,21:00,40.71036,-73.72999,0,0,0,0,4071,-7372,0.40425531914893614
2021-05-21T00:00:00.000,11:30,40.665146,-73.98494,0,0,0,0,4066,-7398,0.421875
2021-05-23T00:00:00.000,14:30,40.704216,-73.8073,1,0,1,1,4070,-7380,0.3877551020408163
2021-05-17T00:00:00.000,21:30,40.759365,-73.914276,0,0,0,0,4075,-7391,0.4777777777777778
2021-05-23T00:00:00.000,9:18,40.610157,-74.01203,0,0,0,0,4061,-7401,0.2972972972972973
2021-05-23T00:00:00.000,16:05,40.766308,-73.8197,1,0,1,1,4076,-7381,0.4716981132075472
2021-12-11T00:00:00.000,14:38,40.82701,-73.86142,0,0,0,0,4082,-7386,0.3493975903614458
2021-05-23T00:00:00.000,20:30,40.713303,-73.73586,0,0,0,0,4071,-7373,0.25
2021-05-21T00:00:00.000,16:20,40.72398,-74.00243,0,0,0,0,4072,-7400,0.32926829268292684
2021-05-23T00:00:00.000,13:00,40.783215,-73.8448,0,0,0,0,4078,-7384,0.23809523809523808
2021-05-22T00:00:00.000,14:53,40.618523,-73.99081,1,0,1,1,4061,-7399,0.29411764705882354
2021-05-23T00:00:00.000,12:20,40.67619,-73.9081,0,0,0,0,4067,-7390,0.3282442748091603
2021-05-22T00:00:00.000,6:17,40.813175,-73.89845,0,0,0,0,4081,-7389,0.31543624161073824
2021-05-23T00:00:00.000,17:05,40.713913,-73.83009,2,0,1,1,4071,-7383,0.37349397590361444
2021-05-23T00:00:00.000,7:00,40.678032,-73.82302,0,0,0,0,4067,-7382,0.4186046511627907
2021-05-23T00:00:00.000,12:40,40.816044,-73.91195,0,0,0,0,4081,-7391,0.47244094488188976
2021-05-23T00:00:00.000,6:10,40.827595,-73.85004,0,0,0,0,4082,-7385,0.27
2021-05-23T00:00:00.000,23:42,40.827198,-73.93668,0,0,0,0,4082,-7393,0.36645962732919257
2021-05-23T00:00:00.000,22:00,40.75369,-73.74445,0,0,0,0,4075,-7374,0.3333333333333333
2021-05-13T00:00:00.000,17:30,40.64558,-73.98574,0,0,0,0,4064,-7398,0.40425531914893614
2021-05-23T00:00:00.000,18:40,40.75927,-73.980896,0,0,0,0,4075,-7398,0.3170731707317073
2021-05-23T00:00:00.000,4:27,40.669518,-73.89424,0,0,0,0,4066,-7389,0.3103448275862069
2021-05-23T00:00:00.000,3:45,40.740017,-73.84565,0,0,0,0,4074,-7384,0.42857142857142855
2021-05-21T00:00:00.000,21:00,40.595127,-73.75921,0,0,0,0,4059,-7375,0.17777777777777778
2021-05-23T00:00:00.000,20:00,40.547215,-74.19735,0,0,0,0,4054,-7419,0.3333333333333333
2021-05-23T00:00:00.000,13:43,40.7159,-73.94508,0,0,0,0,4071,-7394,0.3710691823899371
2021-05-22T00:00:00.000,12:45,40.702164,-73.8043,1,0,1,1,4070,-7380,0.3877551020408163
2021-05-23T00:00:00.000,9:45,40.633488,-73.97459,0,0,0,0,4063,-7397,0.36893203883495146
2021-05-23T00:00:00.000,2:04,40.69114,-73.80488,1,0,1,1,4069,-7380,0.38461538461538464
2021-05-22T00:00:00.000,18:20,40.647068,-73.993935,0,0,0,0,4064,-7399,0.3442622950819672
2021-05-23T00:00:00.000,18:48,40.652424,-73.83821,0,0,0,0,4065,-7383,0.38095238095238093
2021-05-23T00:00:00.000,18:15,40.799473,-73.94157,0,0,0,0,4079,-7394,0.3523809523809524
2021-05-23T00:00:00.000,11:10,40.66929,-73.842445,1,0,1,1,4066,-7384,0.5925925925925926
2021-05-23T00:00:00.000,17:00,40.697327,-73.82961,1,0,1,1,4069,-7382,0.37209302325581395
2021-05-23T00:00:00.000,11:00,40.71686,-73.94255,0,0,0,0,4071,-7394,0.3710691823899371
2021-05-23T00:00:00.000,16:00,40.57699,-73.98153,0,0,0,0,4057,-7398,0.36904761904761907
2021-05-22T00:00:00.000,13:32,40.761265,-73.9094,0,0,0,0,4076,-7390,0.3055555555555556
2021-12-25T00:00:00.000,18:15,40.588722,-73.960464,1,0,1,1,4058,-7396,0.37333333333333335
2021-05-23T00:00:00.000,19:00,40.836338,-73.88727,0,0,0,0,4083,-7388,0.26717557251908397
2021-05-23T00:00:00.000,20:00,40.728226,-73.80131,0,0,0,0,4072,-7380,0.2727272727272727
2021-05-23T00:00:00.000,17:09,40.814102,-73.940865,1,0,1,1,4081,-7394,0.38
2021-05-22T00:00:00.000,2:40,40.62036,-74.08166,0,0,0,0,4062,-7408,0.2
2021-05-23T00:00:00.000,23:45,40.851757,-73.88473,1,0,1,1,4085,-7388,0.3
2021-05-23T00:00:00.000,12:38,40.86451,-73.83494,0,0,0,0,4086,-7383,0.3448275862068966
2021-05-23T00:00:00.000,13:55,40.73088,-73.871635,1,0,1,1,4073,-7387,0.3140495867768595
2021-05-23T00:00:00.000,10:21,40.68955,-73.79897,0,0,0,0,4068,-7379,0.35
2021-05-23T00:00:00.000,20:50,40.753025,-73.870544,0,0,0,0,4075,-7387,0.33884297520661155
2021-05-02T00:00:00.000,11:34,40.830914,-73.92047,1,0,1,1,4083,-7392,0.310126582278481
2021-05-23T00:00:00.000,22:00,40.713932,-73.99157,0,0,0,0,4071,-7399,0.3263157894736842
2021-05-23T00:00:00.000,1:50,40.78076,-73.825424,1,0,1,1,4078,-7382,0.3
2021-05-21T00:00:00.000,11:40,40.76818,-73.92417,1,0,1,1,4076,-7392,0.42105263157894735
2021-05-23T00:00:00.000,15:45,40.67974,-73.89213,2,0,1,1,4067,-7389,0.33852140077821014
2021-05-23T00:00:00.000,20:00,40.738674,-73.84897,0,0,0,0,4073,-7384,0.2682926829268293
2021-05-23T00:00:00.000,12:20,40.639812,-73.90662,0,0,0,0,4063,-7390,0.3561643835616438
2021-05-23T00:00:00.000,15:40,40.59521,-73.99239,1,0,1,1,4059,-7399,0.3076923076923077
2021-05-22T00:00:00.000,23:30,40.601955,-73.745415,0,0,0,0,4060,-7374,0.15789473684210525
2021-05-23T00:00:00.000,22:55,40.75547,-73.9856,0,0,0,0,4075,-7398,0.3170731707317073
2021-05-20T00:00:00.000,21:30,40.811398,-73.90777,0,0,0,0,4081,-7390,0.3888888888888889
2021-05-23T00:00:00.000,21:30,40.836994,-73.847,0,0,0,0,4083,-7384,0.22727272727272727
2021-05-23T00:00:00.000,10:00,40.788906,-73.93765,0,0,0,0,4078,-7393,0.4444444444444444
2021-05-23T00:00:00.000,5:45,40.66496,-73.82226,0,0,0,0,4066,-7382,0.43103448275862066
2021-05-23T00:00:00.000,13:52,40.70051,-73.898315,0,0,0,0,4070,-7389,0.2711864406779661
2021-05-23T00:00:00.000,15:08,40.647377,-73.92993,0,0,0,0,4064,-7392,0.4077669902912621
2021-05-23T00:00:00.000,5:10,40.519623,-74.220146,0,0,0,0,4051,-7422,0.0
2021-05-22T00:00:00.000,12:55,40.67146,-73.99103,1,0,1,1,4067,-7399,0.3258426966292135
2021-05-23T00:00:00.000,3:39,40.600964,-73.94685,0,0,0,0,4060,-7394,0.5217391304347826
2021-05-21T00:00:00.000,16:58,40.725796,-73.99762,0,0,0,0,4072,-7399,0.3829787234042553
2021-05-19T00:00:00.000,9:00,40.75114,-73.9345,1,0,1,1,4075,-7393,0.43478260869565216
2021-05-23T00:00:00.000,13:45,40.71493,-74.01155,0,0,0,0,4071,-7401,0.3181818181818182
2021-05-23T00:00:00.000,1:50,40.654984,-74.00711,1,0,1,1,4065,-7400,0.41509433962264153
2021-05-23T00:00:00.000,22:17,40.726505,-73.9883,0,0,0,0,4072,-7398,0.4342105263157895
2021-05-23T00:00:00.000,22:55,40.852516,-73.90001,1,0,1,1,4085,-7390,0.42207792207792205
2021-12-22T00:00:00.000,19:23,40.703022,-73.83125,0,0,0,0,4070,-7383,0.3541666666666667
2021-05-23T00:00:00.000,5:45,40.66427,-73.9306,0,0,0,0,4066,-7393,0.38578680203045684
2021-05-23T00:00:00.000,12:00,40.556534,-74.12813,1,0,1,1,4055,-7412,0.75
2021-05-21T00:00:00.000,15:45,40.67903,-73.9246,1,0,1,1,4067,-7392,0.39655172413793105
2021-05-23T00:00:00.000,2:35,40.546688,-74.18591,1,0,1,1,4054,-7418,0.1875
2021-05-23T00:00:00.000,19:15,40.634663,-73.94786,0,0,0,0,4063,-7394,0.358974358974359
2021-05-23T00:00:00.000,17:45,40.622414,-73.896484,0,0,0,0,4062,-7389,0.3333333333333333
2021-05-23T00:00:00.000,15:00,40.744526,-73.77161,1,0,1,1,4074,-7377,0.36363636363636365
2021-05-22T00:00:00.000,3:55,40.603,-73.97241,0,0,0,0,4060,-7397,0.3469387755102041
2021-05-23T00:00:00.000,23:34,40.824707,-73.91552,2,0,1,1,4082,-7391,0.3355263157894737
2021-05-23T00:00:00.000,7:00,40.743504,-73.83567,1,0,1,1,4074,-7383,0.4067796610169492
2021-05-23T00:00:00.000,22:06,40.638527,-73.87853,1,0,1,1,4063,-7387,0.375
2021-05-23T00:00:00.000,22:00,40.8337,-73.879845,1,0,1,1,4083,-7387,0.38414634146341464
2021-05-23T00:00:00.000,0:00,40.5433,-74.16424,1,0,1,1,4054,-7416,0.42857142857142855
2021-05-23T00:00:00.000,20:31,40.892708,-73.84455,0,0,0,0,4089,-7384,0.3333333333333333
2021-05-15T00:00:00.000,20:40,40.763893,-73.915,0,0,0,0,4076,-7391,0.40476190476190477
2021-05-23T00:00:00.000,19:16,40.580616,-74.152534,2,0,1,1,4058,-7415,0.42857142857142855
2021-05-23T00:00:00.000,19:19,40.72706,-73.95695,0,0,0,0,4072,-7395,0.22093023255813954
2021-05-23T00:00:00.000,18:50,40.59928,-73.93285,1,0,1,1,4059,-7393,0.47058823529411764
2021-05-23T00:00:00.000,14:25,40.701046,-73.91068,0,0,0,0,4070,-7391,0.27450980392156865
2021-05-23T00:00:00.000,18:30,40.575565,-73.98121,0,0,0,0,4057,-7398,0.36904761904761907
2021-05-18T00:00:00.000,20:55,40.634354,-73.94202,0,0,0,0,4063,-7394,0.358974358974359
2021-05-23T00:00:00.000,15:00,40.76217,-73.7568,0,0,0,0,4076,-7375,0.3409090909090909
2021-05-17T00:00:00.000,14:00,40.72861,-73.88721,0,0,0,0,4072,-7388,0.4
2021-05-23T00:00:00.000,6:00,40.653767,-73.931076,0,0,0,0,4065,-7393,0.44366197183098594
2021-05-23T00:00:00.000,14:10,40.61107,-74.00131,0,0,0,0,4061,-7400,0.3076923076923077
2021-05-21T00:00:00.000,10:00,40.814102,-73.8912,0,0,0,0,4081,-7389,0.31543624161073824
2021-12-25T00:00:00.000,16:27,40.766193,-73.740265,0,0,0,0,4076,-7374,0.46153846153846156
2021-05-23T00:00:00.000,20:35,40.778168,-73.95036,0,0,0,0,4077,-7395,0.3384615384615385
2021-05-23T00:00:00.000,11:30,40.678993,-73.99296,0,0,0,0,4067,-7399,0.3258426966292135
2021-05-23T00:00:00.000,4:29,40.83389,-73.85466,0,0,0,0,4083,-7385,0.30158730158730157
2021-05-23T00:00:00.000,1:00,40.665916,-73.81528,0,0,0,0,4066,-7381,0.4716981132075472
2021-05-23T00:00:00.000,1:00,40.889835,-73.85116,0,0,0,0,4088,-7385,0.36619718309859156
2021-05-23T00:00:00.000,11:45,40.67007,-73.89927,1,0,1,1,4067,-7389,0.33852140077821014
2021-05-12T00:00:00.000,15:00,40.823177,-73.82396,0,0,0,0,4082,-7382,0.46153846153846156
2021-05-23T00:00:00.000,22:25,40.666695,-73.767136,3,0,1,1,4066,-7376,0.30434782608695654
2021-05-23T00:00:00.000,8:00,40.744167,-73.88904,0,0,0,0,4074,-7388,0.2978723404255319
2021-05-16T00:00:00.000,0:15,40.782513,-73.91976,0,0,0,0,4078,-7391,0.2777777777777778
2021-05-12T00:00:00.000,16:00,40.75582,-73.93259,0,0,0,0,4075,-7393,0.43478260869565216
2021-05-23T00:00:00.000,21:20,40.607655,-74.01703,0,0,0,0,4060,-7401,0.30357142857142855
2021-05-21T00:00:00.000,8:00,40.89322,-73.86086,0,0,0,0,4089,-7386,0.28205128205128205
2021-05-21T00:00:00.000,21:18,40.76635,-73.95103,0,0,0,0,4076,-7395,0.3696969696969697
2021-05-23T00:00:00.000,16:50,40.795326,-73.971306,0,0,0,0,4079,-7397,0.24210526315789474
2021-05-23T00:00:00.000,21:40,40.699818,-73.920135,1,0,1,1,4069,-7392,0.3584905660377358
2021-05-22T00:00:00.000,17:45,40.74782,-73.99665,0,0,0,0,4074,-7399,0.3333333333333333
2021-05-23T00:00:00.000,0:30,40.712265,-73.95548,0,0,0,0,4071,-7395,0.36585365853658536
2021-05-22T00:00:00.000,6:30,40.723747,-74.00612,1,0,1,1,4072,-7400,0.32926829268292684
2021-05-23T00:00:00.000,13:30,40.65017,-73.92921,0,0,0,0,4065,-7392,0.35555555555555557
2021-05-23T00:00:00.000,17:42,40.712482,-73.95057,0,0,0,0,4071,-7395,0.36585365853658536
2021-05-23T00:00:00.000,1:00,40.663643,-73.89084,2,0,1,1,4066,-7389,0.3103448275862069
2021-05-23T00:00:00.000,13:23,40.71626,-73.88151,0,0,0,0,4071,-7388,0.10344827586206896
2021-05-23T00:00:00.000,12:30,40.649387,-73.90841,1,0,1,1,4064,-7390,0.4017094017094017
2021-05-23T00:00:00.000,0:00,40.682835,-73.94092,0,0,0,0,4068,-7394,0.4409448818897638
2021-12-23T00:00:00.000,14:45,40.53774,-74.20876,0,0,0,0,4053,-7420,0.5555555555555556
2021-05-02T00:00:00.000,22:57,40.627155,-73.96563,1,0,1,1,4062,-7396,0.375
2021-05-20T00:00:00.000,11:55,40.578873,-74.15547,1,0,1,1,4057,-7415,0.6666666666666666
2021-05-23T00:00:00.000,6:25,40.699757,-73.79359,1,0,1,1,4069,-7379,0.25925925925925924
2021-05-23T00:00:00.000,16:37,40.729046,-74.01073,0,0,0,0,4072,-7401,0.4
2021-05-23T00:00:00.000,12:30,40.77204,-73.93224,0,0,0,0,4077,-7393,0.20833333333333334
2021-05-23T00:00:00.000,1:00,40.769703,-73.914,0,0,0,0,4076,-7391,0.40476190476190477
2021-05-23T00:00:00.000,13:00,40.75679,-73.9274,0,0,0,0,4075,-7392,0.48148148148148145
2021-05-23T00:00:00.000,1:15,40.714592,-73.97652,0,0,0,0,4071,-7397,0.41509433962264153
2021-05-16T00:00:00.000,8:55,40.656742,-73.92897,0,0,0,0,4065,-7392,0.35555555555555557
2021-05-23T00:00:00.000,23:40,40.85114,-73.788475,0,0,0,0,4085,-7378,0.16666666666666666
2021-05-23T00:00:00.000,17:30,40.89667,-73.85451,0,0,0,0,4089,-7385,0.3813559322033898
2021-05-07T00:00:00.000,8:04,40.807903,-73.92005,0,0,0,0,4080,-7392,0.3141025641025641
2021-05-23T00:00:00.000,20:00,40.593544,-73.77716,0,0,0,0,4059,-7377,0.2692307692307692
2021-05-23T00:00:00.000,17:07,40.66785,-73.92103,0,0,0,0,4066,-7392,0.355
2021-05-23T00:00:00.000,11:30,40.663925,-73.89961,0,0,0,0,4066,-7389,0.3103448275862069
2021-05-23T00:00:00.000,11:40,40.637516,-74.166145,0,0,0,0,4063,-7416,0.3333333333333333
2021-05-23T00:00:00.000,23:50,40.875,-73.87471,0,0,0,0,4087,-7387,0.297029702970297
2021-05-23T00:00:00.000,21:30,40.675236,-73.97106,0,0,0,0,4067,-7397,0.2818181818181818
2021-05-21T00:00:00.000,18:00,40.696144,-73.97834,0,0,0,0,4069,-7397,0.3253012048192771
2021-05-23T00:00:00.000,20:25,40.851593,-73.88419,0,0,0,0,4085,-7388,0.3
2021-05-23T00:00:00.000,13:07,40.775234,-73.829025,1,0,1,1,4077,-7382,0.4444444444444444
2021-05-23T00:00:00.000,2:00,40.666115,-73.79358,0,0,0,0,4066,-7379,0.3870967741935484
2021-05-23T00:00:00.000,3:34,40.799297,-73.94113,1,0,1,1,4079,-7394,0.3523809523809524
2021-05-23T00:00:00.000,17:25,40.850132,-73.91162,0,0,0,0,4085,-7391,0.373134328358209
2021-05-23T00:00:00.000,14:25,40.808407,-73.95248,2,0,1,1,4080,-7395,0.381294964028777
2021-05-23T00:00:00.000,17:50,40.66925,-73.93944,0,0,0,0,4066,-7393,0.38578680203045684
2021-05-23T00:00:00.000,2:00,40.601734,-73.935036,1,0,1,1,4060,-7393,0.4117647058823529
2021-05-23T00:00:00.000,16:11,40.821636,-73.93909,1,0,1,1,4082,-7393,0.36645962732919257
2021-05-16T00:00:00.000,19:01,40.766563,-73.92822,0,0,0,0,4076,-7392,0.42105263157894735
2021-05-22T00:00:00.000,6:42,40.79811,-73.92964,0,0,0,0,4079,-7392,0.4
2021-05-23T00:00:00.000,20:20,40.64937,-74.012955,1,0,1,1,4064,-7401,0.4295774647887324
2021-05-23T00:00:00.000,17:50,40.666283,-73.78995,0,0,0,0,4066,-7378,0.34615384615384615
2021-05-23T00:00:00.000,19:30,40.812214,-73.885895,0,0,0,0,4081,-7388,0.25471698113207547
2021-05-23T00:00:00.000,21:20,40.74701,-73.977196,1,0,1,1,4074,-7397,0.4810810810810811
2021-05-13T00:00:00.000,11:40,40.83609,-73.87039,0,0,0,0,4083,-7387,0.38414634146341464
2021-05-23T00:00:00.000,22:29,40.79672,-73.97618,0,0,0,0,4079,-7397,0.24210526315789474
2021-05-23T00:00:00.000,23:47,40.69122,-73.93969,0,0,0,0,4069,-7393,0.3141025641025641
2021-05-23T00:00:00.000,0:00,40.84029,-73.91436,0,0,0,0,4084,-7391,0.32558139534883723
2021-05-23T00:00:00.000,1:00,40.680164,-73.84095,4,0,1,1,4068,-7384,0.3333333333333333
2021-12-11T00:00:00.000,11:15,40.671947,-73.73384,2,0,1,1,4067,-7373,0.46835443037974683
2021-12-25T00:00:00.000,17:40,40.686153,-73.85083,0,0,0,0,4068,-7385,0.43103448275862066
2021-12-25T00:00:00.000,4:25,40.83626,-73.90267,0,0,0,0,4083,-7390,0.3064516129032258
2021-12-25T00:00:00.000,16:10,40.726677,-73.90736,0,0,0,0,4072,-7390,0.2978723404255319
2021-12-25T00:00:00.000,2:45,40.744358,-73.88597,0,0,0,0,4074,-7388,0.2978723404255319
2021-12-25T00:00:00.000,13:30,40.699265,-73.91482,0,0,0,0,4069,-7391,0.2709677419354839
2021-12-23T00:00:00.000,9:20,40.753925,-73.99761,0,0,0,0,4075,-7399,0.2830188679245283
2021-12-25T00:00:00.000,4:16,40.630238,-73.93246,0,0,0,0,4063,-7393,0.46153846153846156
2021-12-25T00:00:00.000,15:00,40.611614,-73.92847,0,0,0,0,4061,-7392,0.2982456140350877
2021-12-25T00:00:00.000,17:20,40.75337,-73.974655,0,0,0,0,4075,-7397,0.375886524822695
2021-12-24T00:00:00.000,20:25,40.697765,-73.744865,1,0,1,1,4069,-7374,0.46774193548387094
2021-12-17T00:00:00.000,0:32,40.825726,-73.82112,1,0,1,1,4082,-7382,0.46153846153846156
2021-12-25T00:00:00.000,13:10,40.784325,-73.94225,0,0,0,0,4078,-7394,0.33513513513513515
2021-12-24T00:00:00.000,8:20,40.75294,-73.99291,0,0,0,0,4075,-7399,0.2830188679245283
2021-12-25T00:00:00.000,15:20,40.848644,-73.861275,1,0,1,1,4084,-7386,0.375
2021-12-23T00:00:00.000,14:00,40.705704,-73.74437,2,0,1,1,4070,-7374,0.3333333333333333
2021-12-25T00:00:00.000,13:15,40.69889,-73.91753,0,0,0,0,4069,-7391,0.2709677419354839
2021-12-23T00:00:00.000,14:17,40.686028,-73.73074,0,0,0,0,4068,-7373,0.29411764705882354
2021-12-23T00:00:00.000,9:29,40.561092,-74.16984,0,0,0,0,4056,-7416,0.35
2021-12-25T00:00:00.000,16:30,40.774612,-73.92399,1,0,1,1,4077,-7392,0.3269230769230769
2021-12-24T00:00:00.000,18:30,40.608723,-74.00182,0,0,0,0,4060,-7400,0.24074074074074073
2021-12-25T00:00:00.000,17:25,40.846153,-73.932335,0,0,0,0,4084,-7393,0.32786885245901637
2021-12-25T00:00:00.000,2:52,40.678406,-73.832214,0,0,0,0,4067,-7383,0.48148148148148145
2021-12-25T00:00:00.000,2:03,40.704063,-73.85444,1,0,1,1,4070,-7385,0.39436619718309857
2021-12-20T00:00:00.000,18:50,40.744297,-73.88724,0,0,0,0,4074,-7388,0.2978723404255319
2021-12-25T00:00:00.000,10:55,40.824425,-73.87271,0,0,0,0,4082,-7387,0.33544303797468356
2021-12-25T00:00:00.000,12:45,40.69773,-73.81409,0,0,0,0,4069,-7381,0.3902439024390244
2021-12-25T00:00:00.000,15:00,40.68335,-73.8412,0,0,0,0,4068,-7384,0.3333333333333333
2021-12-24T00:00:00.000,13:35,40.785297,-73.955574,1,0,1,1,4078,-7395,0.42168674698795183
2021-12-25T00:00:00.000,16:33,40.641064,-73.94662,1,0,1,1,4064,-7394,0.42342342342342343
2021-12-24T00:00:00.000,14:40,40.823082,-73.86722,0,0,0,0,4082,-7386,0.3493975903614458
2021-12-25T00:00:00.000,16:44,40.59616,-73.96104,1,0,1,1,4059,-7396,0.38596491228070173
2021-12-25T00:00:00.000,15:32,40.636635,-73.918304,0,0,0,0,4063,-7391,0.5
2021-12-25T00:00:00.000,3:08,40.86455,-73.901955,0,0,0,0,4086,-7390,0.42748091603053434
2021-12-22T00:00:00.000,19:35,40.68984,-73.97863,0,0,0,0,4068,-7397,0.3412322274881517
2021-12-20T00:00:00.000,7:00,40.72722,-73.93221,0,0,0,0,4072,-7393,0.36507936507936506
2021-12-23T00:00:00.000,19:40,40.701187,-73.824776,2,0,1,1,4070,-7382,0.4166666666666667
2021-12-25T00:00:00.000,18:38,40.646656,-73.96035,1,0,1,1,4064,-7396,0.4714285714285714
2021-12-25T00:00:00.000,23:53,40.76684,-73.838264,0,0,0,0,4076,-7383,0.33695652173913043
2021-12-25T00:00:00.000,15:19,40.812008,-73.951515,0,0,0,0,4081,-7395,0.3509933774834437
2021-12-19T00:00:00.000,17:09,40.820187,-73.890686,0,0,0,0,4082,-7389,0.37423312883435583
2021-12-25T00:00:00.000,17:00,40.63413,-73.928505,2,0,1,1,4063,-7392,0.4036697247706422
2021-12-25T00:00:00.000,21:59,40.668507,-73.92561,0,0,0,0,4066,-7392,0.355
2021-12-25T00:00:00.000,13:00,40.73754,-73.70322,0,0,0,0,4073,-7370,0.23529411764705882
2021-12-25T00:00:00.000,19:19,40.634483,-73.91886,5,0,1,1,4063,-7391,0.5
2021-12-25T00:00:00.000,4:05,40.754974,-73.89095,3,0,1,1,4075,-7389,0.4805194805194805
2021-12-25T00:00:00.000,6:50,40.75759,-73.78108,1,0,1,1,4075,-7378,0.18518518518518517
2021-12-22T00:00:00.000,7:07,40.712948,-73.90693,1,0,1,1,4071,-7390,0.4
2021-12-25T00:00:00.000,13:10,40.825912,-73.83647,0,0,0,0,4082,-7383,0.34210526315789475
2021-12-18T00:00:00.000,8:30,40.753536,-73.8869,0,0,0,0,4075,-7388,0.3402061855670103
2021-12-23T00:00:00.000,14:50,40.62571,-73.92956,0,0,0,0,4062,-7392,0.3611111111111111
2021-12-22T00:00:00.000,7:20,40.762486,-73.96298,0,0,0,0,4076,-7396,0.3023255813953488
2021-12-25T00:00:00.000,5:40,40.83501,-73.91206,0,0,0,0,4083,-7391,0.33714285714285713
2021-12-25T00:00:00.000,13:03,40.747295,-73.97405,0,0,0,0,4074,-7397,0.4810810810810811
2021-12-25T00:00:00.000,17:49,40.68789,-73.90724,0,0,0,0,4068,-7390,0.4421052631578947
2021-12-25T00:00:00.000,18:20,40.666332,-73.81056,1,0,1,1,4066,-7381,0.4716981132075472
2021-12-24T00:00:00.000,17:00,40.607605,-73.99706,0,0,0,0,4060,-7399,0.31683168316831684
2021-12-25T00:00:00.000,21:28,40.7067,-73.95292,1,0,1,1,4070,-7395,0.3475177304964539
2021-12-25T00:00:00.000,4:50,40.74357,-73.862755,0,0,0,0,4074,-7386,0.3813559322033898
2021-12-04T00:00:00.000,8:00,40.758167,-73.87541,0,0,0,0,4075,-7387,0.33884297520661155
2021-12-24T00:00:00.000,22:01,40.731087,-73.85327,0,0,0,0,4073,-7385,0.3619047619047619
2021-12-25T00:00:00.000,16:30,40.827656,-73.8861,0,0,0,0,4082,-7388,0.27624309392265195
2021-12-20T00:00:00.000,20:05,40.75369,-73.74445,0,0,0,0,4075,-7374,0.3333333333333333
2021-12-25T00:00:00.000,9:05,40.618595,-73.99847,1,0,1,1,4061,-7399,0.29411764705882354
2021-12-25T00:00:00.000,0:50,40.694427,-73.924255,0,0,0,0,4069,-7392,0.3584905660377358
2021-12-25T00:00:00.000,13:50,40.69168,-73.999344,2,0,1,1,4069,-7399,0.29473684210526313
2021-12-25T00:00:00.000,12:54,40.835968,-73.87,1,0,1,1,4083,-7387,0.38414634146341464
2021-12-25T00:00:00.000,13:20,40.65794,-73.907745,0,0,0,0,4065,-7390,0.375
2021-12-22T00:00:00.000,11:39,40.750137,-73.8806,0,0,0,0,4075,-7388,0.3402061855670103
2021-12-25T00:00:00.000,6:22,40.82803,-73.934845,0,0,0,0,4082,-7393,0.36645962732919257
2021-12-24T00:00:00.000,6:00,40.81748,-73.94098,0,0,0,0,4081,-7394,0.38
2021-12-09T00:00:00.000,23:30,40.72656,-73.972046,0,0,0,0,4072,-7397,0.3283582089552239
2021-12-24T00:00:00.000,17:00,40.725616,-73.851036,0,0,0,0,4072,-7385,0.4418604651162791
2021-12-25T00:00:00.000,20:04,40.883553,-73.83476,2,0,1,1,4088,-7383,0.3448275862068966
2021-12-25T00:00:00.000,7:20,40.737194,-73.97447,1,0,1,1,4073,-7397,0.32558139534883723
2021-12-24T00:00:00.000,16:13,40.69596,-73.964096,0,0,0,0,4069,-7396,0.325
2021-12-25T00:00:00.000,11:28,40.694138,-73.92649,0,0,0,0,4069,-7392,0.3584905660377358
2021-12-25T00:00:00.000,8:30,40.634007,-74.07516,1,0,1,1,4063,-7407,0.4444444444444444
2021-12-25T00:00:00.000,8:40,40.741676,-73.86756,1,0,1,1,4074,-7386,0.3813559322033898
2021-12-12T00:00:00.000,1:00,40.727867,-73.99315,0,0,0,0,4072,-7399,0.3829787234042553
2021-12-23T00:00:00.000,14:35,40.725433,-73.951744,0,0,0,0,4072,-7395,0.22093023255813954
2021-12-23T00:00:00.000,20:28,40.68717,-73.89231,0,0,0,0,4068,-7389,0.5
2021-12-25T00:00:00.000,16:28,40.874897,-73.88043,0,0,0,0,4087,-7388,0.3561643835616438
2021-12-18T00:00:00.000,20:25,40.79944,-73.95531,1,0,1,1,4079,-7395,0.42
2021-12-25T00:00:00.000,5:00,40.692013,-73.84738,0,0,0,0,4069,-7384,0.26666666666666666
2021-12-24T00:00:00.000,17:46,40.7441,-73.99565,0,0,0,0,4074,-7399,0.3333333333333333
2021-12-25T00:00:00.000,1:20,40.72224,-73.9863,1,0,1,1,4072,-7398,0.4342105263157895
2021-12-25T00:00:00.000,21:46,40.66955,-73.94497,3,0,1,1,4066,-7394,0.36792452830188677
2021-11-29T00:00:00.000,6:00,40.82503,-73.93122,0,0,0,0,4082,-7393,0.36645962732919257
2021-12-25T00:00:00.000,17:27,40.75969,-73.863914,0,0,0,0,4075,-7386,0.33653846153846156
2021-12-25T00:00:00.000,1:00,40.762794,-73.83558,0,0,0,0,4076,-7383,0.33695652173913043
2021-12-25T00:00:00.000,18:05,40.6762,-73.84003,1,0,1,1,4067,-7384,0.28888888888888886
2021-12-25T00:00:00.000,13:30,40.825912,-73.83647,0,0,0,0,4082,-7383,0.34210526315789475
2021-12-16T00:00:00.000,17:50,40.649895,-73.90762,0,0,0,0,4064,-7390,0.4017094017094017
2021-12-25T00:00:00.000,3:15,40.683056,-73.81939,0,0,0,0,4068,-7381,0.4117647058823529
2021-12-25T00:00:00.000,16:34,40.749172,-73.967026,2,0,1,1,4074,-7396,0.7
2021-12-25T00:00:00.000,4:30,40.62353,-73.98215,0,0,0,0,4062,-7398,0.38
2021-12-19T00:00:00.000,16:50,40.836945,-73.86342,0,0,0,0,4083,-7386,0.24822695035460993
2021-12-17T00:00:00.000,13:50,40.78832,-73.941025,1,0,1,1,4078,-7394,0.33513513513513515
2021-12-25T00:00:00.000,6:30,40.880657,-73.877625,1,0,1,1,4088,-7387,0.14583333333333334
2021-12-25T00:00:00.000,4:20,40.807087,-73.94178,3,0,1,1,4080,-7394,0.41116751269035534
2021-12-21T00:00:00.000,14:48,40.684006,-74.001656,0,0,0,0,4068,-7400,0.3333333333333333
2021-12-17T00:00:00.000,14:25,40.727013,-73.81079,1,0,1,1,4072,-7381,0.2926829268292683
2021-12-25T00:00:00.000,14:38,40.637096,-74.03742,2,0,1,1,4063,-7403,0.42424242424242425
2021-12-25T00:00:00.000,4:45,40.683655,-73.78266,0,0,0,0,4068,-7378,0.3384615384615385
2021-12-25T00:00:00.000,22:01,40.740784,-73.815,1,0,1,1,4074,-7381,0.46153846153846156
2021-12-25T00:00:00.000,14:40,40.75045,-73.9873,0,0,0,0,4075,-7398,0.3170731707317073
2021-12-25T00:00:00.000,6:23,40.692936,-73.87777,0,0,0,0,4069,-7387,0.5
2021-12-21T00:00:00.000,12:00,40.69122,-73.93969,0,0,0,0,4069,-7393,0.3141025641025641
2021-12-20T00:00:00.000,19:20,40.826675,-73.90023,3,0,1,1,4082,-7390,0.3025210084033613
2021-12-25T00:00:00.000,10:35,40.642242,-73.910774,3,0,1,1,4064,-7391,0.39805825242718446
2021-12-21T00:00:00.000,9:00,40.724255,-73.91251,1,0,1,1,4072,-7391,0.36
2021-12-23T00:00:00.000,6:45,40.7523,-73.87627,0,0,0,0,4075,-7387,0.33884297520661155
2021-12-25T00:00:00.000,10:45,40.689114,-73.82753,0,0,0,0,4068,-7382,0.41975308641975306
2021-12-25T00:00:00.000,14:08,40.625774,-74.08338,0,0,0,0,4062,-7408,0.2
2021-11-20T00:00:00.000,15:35,40.654728,-73.97879,0,0,0,0,4065,-7397,0.4074074074074074
2021-11-02T00:00:00.000,16:00,40.790627,-73.942444,1,0,1,1,4079,-7394,0.3523809523809524
2021-12-25T00:00:00.000,12:15,40.76616,-73.82091,0,0,0,0,4076,-7382,0.2987012987012987
2021-12-23T00:00:00.000,7:18,40.68723,-73.941795,1,0,1,1,4068,-7394,0.4409448818897638
2021-12-25T00:00:00.000,22:00,40.823284,-73.88762,0,0,0,0,4082,-7388,0.27624309392265195
2021-12-25T00:00:00.000,3:15,40.768875,-73.90852,0,0,0,0,4076,-7390,0.3055555555555556
2021-12-24T00:00:00.000,20:26,40.854244,-73.91557,0,0,0,0,4085,-7391,0.373134328358209
2021-12-25T00:00:00.000,21:00,40.61156,-73.98382,0,0,0,0,4061,-7398,0.3698630136986301
2021-12-25T00:00:00.000,19:00,40.71312,-73.83376,0,0,0,0,4071,-7383,0.37349397590361444
2021-12-25T00:00:00.000,14:05,40.727592,-73.9853,1,0,1,1,4072,-7398,0.4342105263157895
2021-12-25T00:00:00.000,4:24,40.824917,-73.9139,0,0,0,0,4082,-7391,0.3355263157894737
2021-12-17T00:00:00.000,7:00,40.73337,-73.760605,0,0,0,0,4073,-7376,0.2857142857142857
2021-12-25T00:00:00.000,20:30,40.65619,-73.930855,0,0,0,0,4065,-7393,0.44366197183098594
2021-12-25T00:00:00.000,10:35,40.588512,-73.949356,1,0,1,1,4058,-7394,0.40816326530612246
2021-12-17T00:00:00.000,10:28,40.747734,-73.883,0,0,0,0,4074,-7388,0.2978723404255319
2021-12-25T00:00:00.000,3:45,40.58493,-73.95269,1,0,1,1,4058,-7395,0.3465346534653465
2021-12-25T00:00:00.000,17:53,40.642708,-73.91006,0,0,0,0,4064,-7391,0.39805825242718446
2021-12-25T00:00:00.000,18:26,40.604393,-73.96532,1,0,1,1,4060,-7396,0.5714285714285714
2021-12-24T00:00:00.000,23:25,40.55554,-74.17562,0,0,0,0,4055,-7417,0.25
2021-12-25T00:00:00.000,8:00,40.7055,-73.78886,0,0,0,0,4070,-7378,0.34523809523809523
2021-12-25T00:00:00.000,15:00,40.65142,-73.93716,0,0,0,0,4065,-7393,0.44366197183098594
2021-12-14T00:00:00.000,15:45,40.751232,-73.983406,0,0,0,0,4075,-7398,0.3170731707317073
2021-12-25T00:00:00.000,22:10,40.84297,-73.84877,1,0,1,1,4084,-7384,0.4222222222222222
2021-12-23T00:00:00.000,13:40,40.679035,-73.938515,0,0,0,0,4067,-7393,0.3755868544600939
2021-12-25T00:00:00.000,16:28,40.828262,-73.909065,0,0,0,0,4082,-7390,0.3025210084033613
2021-05-24T00:00:00.000,14:22,40.684006,-74.001656,1,0,1,1,4068,-7400,0.3333333333333333
2022-06-30T00:00:00.000,17:50,40.7684,-73.73755,0,0,0,0,4076,-7373,0.42857142857142855
2022-06-29T00:00:00.000,8:00,40.652462,-73.92285,0,0,0,0,4065,-7392,0.35555555555555557
2022-06-29T00:00:00.000,23:45,40.575813,-74.11979,0,0,0,0,4057,-7411,0.37142857142857144
2022-06-28T00:00:00.000,16:12,40.679665,-73.93634,0,0,0,0,4067,-7393,0.3755868544600939
2022-06-29T00:00:00.000,21:48,40.84955,-73.85305,1,0,1,1,4084,-7385,0.32727272727272727
2022-06-29T00:00:00.000,19:47,40.7968,-73.929375,0,0,0,0,4079,-7392,0.4
2022-06-17T00:00:00.000,15:00,40.607838,-74.0872,0,0,0,0,4060,-7408,0.3235294117647059
2022-06-29T00:00:00.000,11:45,40.75406,-73.9186,0,0,0,0,4075,-7391,0.4777777777777778
2022-06-29T00:00:00.000,22:29,40.745365,-73.88834,0,0,0,0,4074,-7388,0.2978723404255319
2022-06-24T00:00:00.000,13:59,40.825623,-73.90481,0,0,0,0,4082,-7390,0.3025210084033613
2022-06-29T00:00:00.000,12:31,40.74169,-73.923744,1,0,1,1,4074,-7392,0.3709677419354839
2022-06-29T00:00:00.000,21:50,40.69382,-73.72694,0,0,0,0,4069,-7372,0.40425531914893614
2022-07-01T00:00:00.000,0:12,40.6338,-73.8897,0,0,0,0,4063,-7388,0.3835616438356164
2022-06-30T00:00:00.000,10:05,40.626904,-73.99225,0,0,0,0,4062,-7399,0.3835616438356164
2022-06-30T00:00:00.000,21:51,40.817146,-73.84573,1,0,1,1,4081,-7384,0.3333333333333333
2022-06-27T00:00:00.000,7:51,40.713062,-73.90891,0,0,0,0,4071,-7390,0.4
2022-06-30T00:00:00.000,17:15,40.734314,-73.93803,1,0,1,1,4073,-7393,0.38461538461538464
2022-07-01T00:00:00.000,17:30,40.742477,-73.87314,0,0,0,0,4074,-7387,0.25663716814159293
2022-07-01T00:00:00.000,23:29,40.623875,-73.93547,1,0,1,1,4062,-7393,0.4444444444444444
2022-06-29T00:00:00.000,12:00,40.717155,-73.94924,4,0,1,1,4071,-7394,0.3710691823899371
2022-06-29T00:00:00.000,20:45,40.733433,-73.86418,0,0,0,0,4073,-7386,0.3464566929133858
2022-07-01T00:00:00.000,8:41,40.801125,-73.92988,0,0,0,0,4080,-7392,0.3141025641025641
2022-06-30T00:00:00.000,4:13,40.87485,-73.84935,0,0,0,0,4087,-7384,0.47297297297297297
2022-06-28T00:00:00.000,12:00,40.790417,-73.95184,0,0,0,0,4079,-7395,0.42
2022-07-01T00:00:00.000,12:00,40.65108,-73.94459,0,0,0,0,4065,-7394,0.43137254901960786
2022-07-01T00:00:00.000,15:47,40.861828,-73.89286,0,0,0,0,4086,-7389,0.40606060606060607
2022-06-26T00:00:00.000,11:45,40.674736,-73.925,0,0,0,0,4067,-7392,0.39655172413793105
2022-06-30T00:00:00.000,17:28,40.75657,-73.87585,0,0,0,0,4075,-7387,0.33884297520661155
2022-06-29T00:00:00.000,17:58,40.78503,-73.94058,1,0,1,1,4078,-7394,0.33513513513513515
2022-06-28T00:00:00.000,5:30,40.826256,-73.90166,0,0,0,0,4082,-7390,0.3025210084033613
2022-06-29T00:00:00.000,14:45,40.70678,-73.85472,2,0,1,1,4070,-7385,0.39436619718309857
2022-06-29T00:00:00.000,18:30,40.716824,-73.82019,2,0,1,1,4071,-7382,0.379746835443038
2022-06-26T00:00:00.000,22:28,40.656044,-73.90724,0,0,0,0,4065,-7390,0.375
2022-06-29T00:00:00.000,10:59,40.61146,-73.92437,0,0,0,0,4061,-7392,0.2982456140350877
2022-07-01T00:00:00.000,17:04,40.62671,-74.00436,1,0,1,1,4062,-7400,0.3150684931506849
2022-06-30T00:00:00.000,9:49,40.659702,-73.8786,0,0,0,0,4065,-7387,0.2857142857142857
2022-06-30T00:00:00.000,17:25,40.82833,-73.85021,0,0,0,0,4082,-7385,0.27
2022-06-29T00:00:00.000,22:34,40.644447,-73.984406,1,0,1,1,4064,-7398,0.40425531914893614
2022-06-29T00:00:00.000,8:54,40.601734,-73.935036,1,0,1,1,4060,-7393,0.4117647058823529
2022-06-29T00:00:00.000,13:30,40.607117,-73.98843,2,0,1,1,4060,-7398,0.2711864406779661
2022-06-29T00:00:00.000,9:00,40.7524,-73.777985,1,0,1,1,4075,-7377,0.24
2022-06-21T00:00:00.000,16:36,40.83611,-73.92238,3,0,1,1,4083,-7392,0.310126582278481
2022-06-29T00:00:00.000,8:03,40.821484,-73.91218,2,0,1,1,4082,-7391,0.3355263157894737
2022-06-29T00:00:00.000,8:25,40.861862,-73.91275,4,0,1,1,4086,-7391,0.38016528925619836
2022-06-29T00:00:00.000,12:20,40.76025,-73.96753,0,0,0,0,4076,-7396,0.3023255813953488
2022-06-28T00:00:00.000,19:16,40.70166,-73.961464,1,0,1,1,4070,-7396,0.3431372549019608
2022-06-30T00:00:00.000,7:15,40.581924,-73.95395,0,0,0,0,4058,-7395,0.3465346534653465
2022-06-29T00:00:00.000,18:33,40.70457,-73.76871,0,0,0,0,4070,-7376,0.43902439024390244
2022-06-29T00:00:00.000,10:54,40.68876,-73.98085,1,0,1,1,4068,-7398,0.3873239436619718
2022-06-26T00:00:00.000,10:20,40.83228,-73.871315,2,0,1,1,4083,-7387,0.38414634146341464
2022-06-30T00:00:00.000,8:27,40.6774,-73.994545,0,0,0,0,4067,-7399,0.3258426966292135
2022-06-22T00:00:00.000,9:00,40.61185,-74.010254,0,0,0,0,4061,-7401,0.2972972972972973
2022-07-01T00:00:00.000,23:40,40.70663,-73.806595,1,0,1,1,4070,-7380,0.3877551020408163
2022-06-29T00:00:00.000,11:00,40.728985,-73.97696,0,0,0,0,4072,-7397,0.3283582089552239
2022-06-28T00:00:00.000,12:45,40.729004,-73.79781,0,0,0,0,4072,-7379,0.3333333333333333
2022-06-30T00:00:00.000,15:13,40.706264,-73.75866,1,0,1,1,4070,-7375,0.4117647058823529
2022-07-01T00:00:00.000,9:00,40.65269,-73.86382,0,0,0,0,4065,-7386,0.36619718309859156
2022-06-29T00:00:00.000,16:00,40.658577,-73.89063,0,0,0,0,4065,-7389,0.34965034965034963
2022-06-30T00:00:00.000,21:00,40.67546,-73.73385,1,0,1,1,4067,-7373,0.46835443037974683
2022-06-30T00:00:00.000,0:00,40.87078,-73.90686,0,0,0,0,4087,-7390,0.3184713375796178
2022-06-29T00:00:00.000,0:25,40.761993,-73.75849,0,0,0,0,4076,-7375,0.3409090909090909
2022-06-24T00:00:00.000,16:00,40.75053,-73.89298,0,0,0,0,4075,-7389,0.4805194805194805
2022-06-30T00:00:00.000,4:06,40.85551,-73.89289,0,0,0,0,4085,-7389,0.3353658536585366
2022-06-30T00:00:00.000,1:00,40.764614,-73.95833,2,0,1,1,4076,-7395,0.3696969696969697
2022-06-29T00:00:00.000,9:05,40.605427,-74.0762,0,0,0,0,4060,-7407,0.25
2022-06-29T00:00:00.000,9:55,40.749283,-73.756645,0,0,0,0,4074,-7375,0.16666666666666666
2022-07-01T00:00:00.000,12:40,40.757637,-73.73976,0,0,0,0,4075,-7373,0.18181818181818182
2022-06-30T00:00:00.000,12:06,40.72293,-73.847336,0,0,0,0,4072,-7384,0.2711864406779661
2022-07-01T00:00:00.000,10:18,40.847324,-73.90375,0,0,0,0,4084,-7390,0.366120218579235
2022-06-29T00:00:00.000,14:20,40.685936,-73.82594,0,0,0,0,4068,-7382,0.41975308641975306
2022-07-01T00:00:00.000,18:30,40.85084,-73.78825,0,0,0,0,4085,-7378,0.16666666666666666
2021-09-27T00:00:00.000,15:00,40.69597,-73.91337,0,0,0,0,4069,-7391,0.2709677419354839
2022-06-30T00:00:00.000,16:15,40.757874,-73.788506,0,0,0,0,4075,-7378,0.18518518518518517
2022-07-01T00:00:00.000,10:00,40.79148,-73.81133,0,0,0,0,4079,-7381,0.2
2022-06-30T00:00:00.000,18:30,40.804054,-73.91369,0,0,0,0,4080,-7391,0.38961038961038963
2022-07-01T00:00:00.000,5:23,40.71437,-73.946075,0,0,0,0,4071,-7394,0.3710691823899371
2022-06-26T00:00:00.000,11:50,40.6674,-73.773636,0,0,0,0,4066,-7377,0.37362637362637363
2022-07-01T00:00:00.000,12:45,40.753395,-73.79243,0,0,0,0,4075,-7379,0.38461538461538464
2022-06-13T00:00:00.000,1:15,40.599262,-73.96577,0,0,0,0,4059,-7396,0.38596491228070173
2022-06-28T00:00:00.000,16:30,40.761993,-73.942474,1,0,1,1,4076,-7394,0.4583333333333333
2022-06-28T00:00:00.000,14:40,40.66323,-73.93161,0,0,0,0,4066,-7393,0.38578680203045684
2022-06-22T00:00:00.000,15:35,40.67794,-73.96567,0,0,0,0,4067,-7396,0.3466666666666667
2022-06-29T00:00:00.000,6:30,40.77677,-73.93453,0,0,0,0,4077,-7393,0.20833333333333334
2022-06-27T00:00:00.000,13:56,40.771103,-73.96383,1,0,1,1,4077,-7396,0.3695652173913043
2022-06-27T00:00:00.000,18:26,40.843975,-73.913864,0,0,0,0,4084,-7391,0.32558139534883723
2022-06-26T00:00:00.000,1:30,40.588863,-73.92454,0,0,0,0,4058,-7392,0.375
2022-07-01T00:00:00.000,11:54,40.70024,-73.7538,1,0,1,1,4070,-7375,0.4117647058823529
2022-07-01T00:00:00.000,13:50,40.637196,-74.14953,1,0,1,1,4063,-7414,0.5769230769230769
2022-06-22T00:00:00.000,0:20,40.683037,-73.9261,0,0,0,0,4068,-7392,0.2542372881355932
2022-07-01T00:00:00.000,9:06,40.691772,-73.934944,0,0,0,0,4069,-7393,0.3141025641025641
2022-07-01T00:00:00.000,18:00,40.70281,-73.74387,0,0,0,0,4070,-7374,0.3333333333333333
2022-06-30T00:00:00.000,23:45,40.688656,-73.79562,1,0,1,1,4068,-7379,0.35
2022-06-18T00:00:00.000,15:02,40.878498,-73.90646,0,0,0,0,4087,-7390,0.3184713375796178
2022-06-30T00:00:00.000,2:40,40.835472,-73.8669,1,0,1,1,4083,-7386,0.24822695035460993
2022-07-01T00:00:00.000,14:55,40.75426,-73.74334,0,0,0,0,4075,-7374,0.3333333333333333
2022-06-27T00:00:00.000,10:30,40.73736,-73.934074,0,0,0,0,4073,-7393,0.38461538461538464
2022-06-28T00:00:00.000,18:46,40.718494,-73.86096,2,0,1,1,4071,-7386,0.5625
2022-06-30T00:00:00.000,15:00,40.676376,-73.92622,0,0,0,0,4067,-7392,0.39655172413793105
2022-06-23T00:00:00.000,20:00,40.75644,-73.94356,0,0,0,0,4075,-7394,0.41333333333333333
2022-06-29T00:00:00.000,23:40,40.840473,-73.9353,0,0,0,0,4084,-7393,0.32786885245901637
2022-06-29T00:00:00.000,21:37,40.748775,-73.80977,1,0,1,1,4074,-7380,0.35294117647058826
2022-06-29T00:00:00.000,6:57,40.713608,-73.99571,0,0,0,0,4071,-7399,0.3263157894736842
2022-06-29T00:00:00.000,13:45,40.62307,-74.149315,0,0,0,0,4062,-7414,0.20408163265306123
2022-06-29T00:00:00.000,22:10,40.70559,-73.85824,2,0,1,1,4070,-7385,0.39436619718309857
2022-06-29T00:00:00.000,14:28,40.859444,-73.915985,0,0,0,0,4085,-7391,0.373134328358209
2022-06-30T00:00:00.000,2:39,40.68631,-73.97445,0,0,0,0,4068,-7397,0.3412322274881517
2022-06-30T00:00:00.000,1:28,40.633682,-73.89868,0,0,0,0,4063,-7389,0.41818181818181815
2022-06-30T00:00:00.000,13:40,40.703857,-73.91851,1,0,1,1,4070,-7391,0.27450980392156865
2022-07-01T00:00:00.000,9:02,40.663902,-73.93993,0,0,0,0,4066,-7393,0.38578680203045684
2022-06-18T00:00:00.000,6:42,40.823963,-73.80771,0,0,0,0,4082,-7380,0.0
2022-07-01T00:00:00.000,19:35,40.70571,-74.00541,0,0,0,0,4070,-7400,0.2542372881355932
2022-06-24T00:00:00.000,18:30,40.656643,-74.00527,1,0,1,1,4065,-7400,0.41509433962264153
2022-07-01T00:00:00.000,15:19,40.74128,-73.82159,1,0,1,1,4074,-7382,0.4057971014492754
2022-06-29T00:00:00.000,15:14,40.60954,-73.956505,2,0,1,1,4060,-7395,0.4791666666666667
2022-06-29T00:00:00.000,16:40,40.85713,-73.8808,0,0,0,0,4085,-7388,0.3
2022-06-25T00:00:00.000,20:05,40.682205,-73.87173,1,0,1,1,4068,-7387,0.24719101123595505
2022-07-01T00:00:00.000,6:20,40.778946,-73.96231,1,0,1,1,4077,-7396,0.3695652173913043
2022-06-30T00:00:00.000,17:42,40.66996,-73.78979,0,0,0,0,4066,-7378,0.34615384615384615
2022-06-29T00:00:00.000,16:28,40.744316,-73.958466,0,0,0,0,4074,-7395,0.35185185185185186
2022-06-23T00:00:00.000,12:30,40.814144,-73.82592,0,0,0,0,4081,-7382,0.07142857142857142
2022-06-30T00:00:00.000,16:30,40.810276,-73.94738,0,0,0,0,4081,-7394,0.38
2022-06-29T00:00:00.000,19:52,40.666893,-73.80546,0,0,0,0,4066,-7380,0.40789473684210525
2022-06-30T00:00:00.000,20:15,40.86774,-73.85955,2,0,1,1,4086,-7385,0.5
2022-07-01T00:00:00.000,7:43,40.651703,-73.92071,1,0,1,1,4065,-7392,0.35555555555555557
2022-06-29T00:00:00.000,18:27,40.89276,-73.85256,1,0,1,1,4089,-7385,0.3813559322033898
2022-07-01T00:00:00.000,15:00,40.606182,-74.07613,1,0,1,1,4060,-7407,0.25
2022-06-28T00:00:00.000,8:00,40.75509,-73.94099,0,0,0,0,4075,-7394,0.41333333333333333
2022-06-13T00:00:00.000,7:15,40.698696,-73.93477,1,0,1,1,4069,-7393,0.3141025641025641
2022-06-28T00:00:00.000,9:50,40.6578,-73.93928,0,0,0,0,4065,-7393,0.44366197183098594
2022-07-01T00:00:00.000,9:45,40.682972,-73.999985,0,0,0,0,4068,-7399,0.17857142857142858
2022-06-30T00:00:00.000,14:29,40.633083,-74.00558,0,1,2,1,4063,-7400,0.3068181818181818
2022-06-11T00:00:00.000,15:10,40.69151,-73.7299,1,0,1,1,4069,-7372,0.40425531914893614
2022-06-30T00:00:00.000,18:33,40.66931,-73.97957,1,0,1,1,4066,-7397,0.24390243902439024
2022-06-25T00:00:00.000,18:25,40.607285,-73.752975,1,0,1,1,4060,-7375,0.17117117117117117
2022-06-24T00:00:00.000,8:00,40.82406,-73.92815,0,0,0,0,4082,-7392,0.3333333333333333
2022-06-29T00:00:00.000,11:09,40.657814,-73.89613,1,0,1,1,4065,-7389,0.34965034965034963
2022-07-10T00:00:00.000,0:35,40.665245,-73.87513,2,0,1,1,4066,-7387,0.38461538461538464
2022-06-29T00:00:00.000,15:30,40.801155,-73.959656,1,0,1,1,4080,-7395,0.381294964028777
2022-07-12T00:00:00.000,10:50,40.74726,-73.87445,1,0,1,1,4074,-7387,0.25663716814159293
2022-07-12T00:00:00.000,21:45,40.753242,-73.96662,1,0,1,1,4075,-7396,0.4788732394366197
2022-07-12T00:00:00.000,5:54,40.65698,-73.88943,0,0,0,0,4065,-7388,0.41509433962264153
2021-05-23T00:00:00.000,19:09,40.831055,-73.905846,0,0,0,0,4083,-7390,0.3064516129032258
2021-05-24T00:00:00.000,8:40,40.71523,-73.84791,0,0,0,0,4071,-7384,0.4
2021-05-24T00:00:00.000,20:30,40.738415,-73.84899,0,0,0,0,4073,-7384,0.2682926829268293
2021-05-23T00:00:00.000,0:01,40.76747,-73.75961,3,0,1,1,4076,-7375,0.3409090909090909
2021-05-23T00:00:00.000,1:30,40.694477,-73.89647,0,0,0,0,4069,-7389,0.3709677419354839
2021-05-24T00:00:00.000,3:00,40.73448,-73.92243,0,0,0,0,4073,-7392,0.4444444444444444
2021-05-22T00:00:00.000,1:48,40.826397,-73.92116,0,0,0,0,4082,-7392,0.3333333333333333
2021-05-24T00:00:00.000,13:39,40.593765,-73.96056,0,0,0,0,4059,-7396,0.38596491228070173
2021-05-24T00:00:00.000,16:28,40.842564,-73.83842,0,0,0,0,4084,-7383,0.4318181818181818
2021-05-24T00:00:00.000,21:45,40.59981,-74.178246,1,0,1,1,4059,-7417,0.25
2021-05-24T00:00:00.000,18:35,40.84543,-73.91399,0,0,0,0,4084,-7391,0.32558139534883723
2021-05-22T00:00:00.000,10:00,40.693924,-73.93577,0,0,0,0,4069,-7393,0.3141025641025641
2021-05-24T00:00:00.000,16:00,40.62362,-73.93561,0,0,0,0,4062,-7393,0.4444444444444444
2021-05-24T00:00:00.000,2:11,40.652927,-73.95708,0,0,0,0,4065,-7395,0.38686131386861317
2021-05-24T00:00:00.000,16:05,40.710197,-73.95843,0,0,0,0,4071,-7395,0.36585365853658536
2021-05-24T00:00:00.000,17:24,40.637325,-73.991394,0,0,0,0,4063,-7399,0.47692307692307695
2021-05-19T00:00:00.000,11:41,40.637497,-73.92386,2,0,1,1,4063,-7392,0.4036697247706422
2021-05-24T00:00:00.000,13:40,40.607307,-73.9866,0,0,0,0,4060,-7398,0.2711864406779661
2021-05-24T00:00:00.000,5:55,40.761353,-73.935394,1,0,1,1,4076,-7393,0.44680851063829785
2021-05-24T00:00:00.000,15:08,40.584106,-74.08723,0,0,0,0,4058,-7408,0.1111111111111111
2024-05-03T00:00:00.000,16:10,40.52782,-74.18882,1,0,1,1,4052,-7418,0.4
2021-05-24T00:00:00.000,16:45,40.89624,-73.86785,0,0,0,0,4089,-7386,0.28205128205128205
2021-05-24T00:00:00.000,9:30,40.712215,-73.91117,0,0,0,0,4071,-7391,0.1836734693877551
2021-05-24T00:00:00.000,9:00,40.70861,-73.817,0,0,0,0,4070,-7381,0.3194444444444444
2021-05-24T00:00:00.000,3:30,40.622643,-73.8965,0,0,0,0,4062,-7389,0.3333333333333333
2021-05-20T00:00:00.000,8:22,40.895725,-73.87482,1,0,1,1,4089,-7387,0.2
2021-05-24T00:00:00.000,13:15,40.624382,-73.92551,0,0,0,0,4062,-7392,0.3611111111111111
2021-05-22T00:00:00.000,4:27,40.703472,-73.9306,1,0,1,1,4070,-7393,0.3300970873786408
2021-05-24T00:00:00.000,11:20,40.67007,-73.92176,1,0,1,1,4067,-7392,0.39655172413793105
2021-05-24T00:00:00.000,9:18,40.869213,-73.82495,2,0,1,1,4086,-7382,0.3611111111111111
2021-05-23T00:00:00.000,22:30,40.87722,-73.90905,0,0,0,0,4087,-7390,0.3184713375796178
2021-05-24T00:00:00.000,7:36,40.864254,-73.85872,1,0,1,1,4086,-7385,0.5
2021-05-24T00:00:00.000,0:20,40.750843,-73.858315,0,0,0,0,4075,-7385,0.3048780487804878
2021-05-24T00:00:00.000,1:40,40.848038,-73.93285,0,0,0,0,4084,-7393,0.32786885245901637
2021-05-24T00:00:00.000,16:22,40.616295,-73.953354,0,0,0,0,4061,-7395,0.4461538461538462
2021-05-24T00:00:00.000,9:00,40.66366,-73.90146,0,0,0,0,4066,-7390,0.2777777777777778
2021-05-24T00:00:00.000,16:38,40.71107,-73.79204,0,0,0,0,4071,-7379,0.3888888888888889
2021-05-24T00:00:00.000,14:45,40.81977,-73.93673,0,0,0,0,4081,-7393,0.32432432432432434
2021-05-24T00:00:00.000,15:10,40.802444,-73.938835,1,0,1,1,4080,-7393,0.36312849162011174
2021-05-24T00:00:00.000,21:30,40.804214,-73.94696,0,0,0,0,4080,-7394,0.41116751269035534
2021-05-22T00:00:00.000,11:30,40.619446,-73.91901,0,0,0,0,4061,-7391,0.358974358974359
2021-05-24T00:00:00.000,17:34,40.660355,-73.95061,1,0,1,1,4066,-7395,0.44375
2021-05-24T00:00:00.000,20:26,40.855927,-73.89478,1,0,1,1,4085,-7389,0.3353658536585366
2021-05-23T00:00:00.000,14:32,40.80608,-73.96532,1,0,1,1,4080,-7396,0.31343283582089554
2021-05-21T00:00:00.000,16:57,40.628166,-73.92787,1,0,1,1,4062,-7392,0.3611111111111111
2021-05-24T00:00:00.000,13:19,40.56494,-74.15512,1,0,1,1,4056,-7415,0.2857142857142857
2021-05-24T00:00:00.000,1:00,40.7712,-73.83345,1,0,1,1,4077,-7383,0.25
2021-05-23T00:00:00.000,0:30,40.69145,-73.79793,0,0,0,0,4069,-7379,0.25925925925925924
2021-05-24T00:00:00.000,10:00,40.737797,-73.8507,0,0,0,0,4073,-7385,0.3619047619047619
2021-05-24T00:00:00.000,13:56,40.674503,-73.906586,0,0,0,0,4067,-7390,0.3282442748091603
2021-05-24T00:00:00.000,17:45,40.621326,-73.98609,1,0,1,1,4062,-7398,0.38
2021-05-24T00:00:00.000,16:10,40.652462,-73.922516,1,0,1,1,4065,-7392,0.35555555555555557
2021-05-24T00:00:00.000,16:00,40.627975,-73.97753,0,0,0,0,4062,-7397,0.38666666666666666
2021-05-24T00:00:00.000,14:43,40.813046,-73.914024,0,0,0,0,4081,-7391,0.47244094488188976
2021-05-24T00:00:00.000,9:30,40.88424,-73.90114,0,0,0,0,4088,-7390,0.2702702702702703
2021-05-24T00:00:00.000,18:49,40.654457,-73.90878,0,0,0,0,4065,-7390,0.375
2021-05-24T00:00:00.000,22:30,40.665558,-73.72985,1,0,1,1,4066,-7372,0.6190476190476191
2021-05-24T00:00:00.000,22:10,40.832233,-73.85427,1,0,1,1,4083,-7385,0.30158730158730157
2021-05-20T00:00:00.000,17:49,40.629143,-73.923134,1,0,1,1,4062,-7392,0.3611111111111111
2022-08-24T00:00:00.000,17:00,40.820293,-73.94378,1,0,1,1,4082,-7394,0.3812154696132597
2021-05-24T00:00:00.000,15:50,40.711227,-73.72826,0,0,0,0,4071,-7372,0.40425531914893614
2021-05-21T00:00:00.000,10:15,40.758533,-73.98885,0,0,0,0,4075,-7398,0.3170731707317073
2021-05-22T00:00:00.000,10:10,40.601204,-73.91303,0,0,0,0,4060,-7391,0.25
2021-05-24T00:00:00.000,15:38,40.843525,-73.89667,0,0,0,0,4084,-7389,0.33766233766233766
2021-05-24T00:00:00.000,22:49,40.604027,-73.9523,1,0,1,1,4060,-7395,0.4791666666666667
2021-05-24T00:00:00.000,15:11,40.843525,-73.89667,0,0,0,0,4084,-7389,0.33766233766233766
2021-05-24T00:00:00.000,23:15,40.841614,-73.91248,2,0,1,1,4084,-7391,0.32558139534883723
2021-05-23T00:00:00.000,16:55,40.579975,-73.97464,0,0,0,0,4057,-7397,0.2619047619047619
2021-05-24T00:00:00.000,4:50,40.70242,-73.9867,0,0,0,0,4070,-7398,0.21568627450980393
2021-05-24T00:00:00.000,19:50,40.85447,-73.91008,0,0,0,0,4085,-7391,0.373134328358209
2021-05-24T00:00:00.000,17:04,40.723198,-73.73358,0,0,0,0,4072,-7373,0.4642857142857143
2021-05-24T00:00:00.000,19:40,40.590572,-73.93999,0,0,0,0,4059,-7393,0.47058823529411764
2021-05-20T00:00:00.000,14:54,40.621418,-73.92614,1,0,1,1,4062,-7392,0.3611111111111111
2021-05-23T00:00:00.000,0:00,40.616398,-73.920784,0,0,0,0,4061,-7392,0.2982456140350877
2021-05-23T00:00:00.000,10:00,40.830845,-73.947235,1,0,1,1,4083,-7394,0.38926174496644295
2021-05-21T00:00:00.000,6:40,40.730442,-73.91367,1,0,1,1,4073,-7391,0.33962264150943394
2021-05-24T00:00:00.000,0:00,40.64332,-74.01945,0,0,0,0,4064,-7401,0.4295774647887324
2021-05-24T00:00:00.000,16:56,40.608242,-74.138115,0,0,0,0,4060,-7413,0.41935483870967744
2021-05-19T00:00:00.000,0:45,40.623657,-73.935234,0,0,0,0,4062,-7393,0.4444444444444444
2021-05-24T00:00:00.000,8:00,40.689655,-73.744,0,0,0,0,4068,-7374,0.29411764705882354
2021-05-24T00:00:00.000,19:35,40.664597,-73.93605,0,0,0,0,4066,-7393,0.38578680203045684
2021-05-24T00:00:00.000,15:40,40.595802,-73.76762,0,0,0,0,4059,-7376,0.23809523809523808
2021-05-24T00:00:00.000,14:50,40.805557,-73.91047,0,0,0,0,4080,-7391,0.38961038961038963
2021-05-24T00:00:00.000,14:35,40.609978,-73.92664,0,0,0,0,4060,-7392,0.3333333333333333
2021-05-23T00:00:00.000,16:15,40.877068,-73.906105,0,0,0,0,4087,-7390,0.3184713375796178
2021-05-24T00:00:00.000,1:52,40.697536,-73.87106,3,0,1,1,4069,-7387,0.5
2021-05-24T00:00:00.000,10:44,40.72035,-73.96178,0,0,0,0,4072,-7396,0.3333333333333333
2021-05-24T00:00:00.000,0:00,40.823505,-73.94144,1,0,1,1,4082,-7394,0.3812154696132597
2021-05-14T00:00:00.000,15:20,40.86749,-73.840515,1,0,1,1,4086,-7384,0.17857142857142858
2021-05-24T00:00:00.000,16:40,40.650658,-73.73683,0,0,0,0,4065,-7373,0.3
2021-05-24T00:00:00.000,0:55,40.797,-73.93778,0,0,0,0,4079,-7393,0.36585365853658536
2021-05-24T00:00:00.000,9:35,40.5832,-73.97304,1,0,1,1,4058,-7397,0.2727272727272727
2021-05-24T00:00:00.000,15:00,40.76399,-73.93288,0,0,0,0,4076,-7393,0.44680851063829785
2021-05-24T00:00:00.000,9:35,40.719524,-73.99315,1,0,1,1,4071,-7399,0.3263157894736842
2021-05-24T00:00:00.000,8:43,40.69613,-73.987114,0,0,0,0,4069,-7398,0.3229166666666667
2021-05-24T00:00:00.000,12:20,40.677498,-73.8276,0,0,0,0,4067,-7382,0.4186046511627907
2020-05-25T00:00:00.000,12:38,40.851665,-73.89175,1,0,1,1,4085,-7389,0.3353658536585366
2021-05-22T00:00:00.000,17:38,40.877068,-73.906105,1,0,1,1,4087,-7390,0.3184713375796178
2021-05-24T00:00:00.000,12:35,40.696117,-73.970436,1,0,1,1,4069,-7397,0.3253012048192771
2021-05-24T00:00:00.000,17:40,40.700726,-73.94194,0,0,0,0,4070,-7394,0.3956043956043956
2021-05-24T00:00:00.000,15:05,40.60309,-73.99262,0,0,0,0,4060,-7399,0.31683168316831684
2021-05-24T00:00:00.000,18:19,40.658234,-73.9321,0,0,0,0,4065,-7393,0.44366197183098594
2021-05-22T00:00:00.000,14:11,40.617382,-73.943474,0,0,0,0,4061,-7394,0.48484848484848486
2021-05-19T00:00:00.000,23:45,40.696003,-73.9299,0,0,0,0,4069,-7392,0.3584905660377358
2021-05-24T00:00:00.000,17:30,40.739494,-73.97663,0,0,0,0,4073,-7397,0.32558139534883723
2021-05-24T00:00:00.000,6:23,40.852306,-73.89811,1,0,1,1,4085,-7389,0.3353658536585366
2021-05-24T00:00:00.000,10:45,40.69256,-73.86352,0,0,0,0,4069,-7386,0.21052631578947367
2021-05-24T00:00:00.000,14:20,40.744892,-73.93495,1,0,1,1,4074,-7393,0.3333333333333333
2021-05-24T00:00:00.000,17:15,40.89163,-73.85184,0,0,0,0,4089,-7385,0.3813559322033898
2021-05-24T00:00:00.000,9:30,40.744503,-73.8845,0,0,0,0,4074,-7388,0.2978723404255319
2021-05-24T00:00:00.000,15:34,40.64107,-73.95932,1,0,1,1,4064,-7395,0.4796747967479675
2021-09-29T00:00:00.000,9:00,40.640064,-74.01557,0,0,0,0,4064,-7401,0.4295774647887324
2021-05-24T00:00:00.000,18:49,40.647728,-73.97634,1,0,1,1,4064,-7397,0.4095238095238095
2021-05-24T00:00:00.000,18:45,40.669403,-73.912605,0,0,0,0,4066,-7391,0.3630952380952381
2021-05-15T00:00:00.000,4:30,40.610703,-74.14114,1,0,1,1,4061,-7414,0.625
2021-05-24T00:00:00.000,20:35,40.760563,-73.76707,0,0,0,0,4076,-7376,0.21739130434782608
2021-05-24T00:00:00.000,10:00,40.628006,-73.99586,0,0,0,0,4062,-7399,0.3835616438356164
2021-05-24T00:00:00.000,13:13,40.737682,-73.85206,1,0,1,1,4073,-7385,0.3619047619047619
2021-05-24T00:00:00.000,15:00,40.889923,-73.85931,0,0,0,0,4088,-7385,0.36619718309859156
2021-05-24T00:00:00.000,5:45,40.64844,-73.88242,0,0,0,0,4064,-7388,0.3225806451612903
2021-05-24T00:00:00.000,12:50,40.833195,-73.895134,0,0,0,0,4083,-7389,0.3333333333333333
2021-05-24T00:00:00.000,2:35,40.72839,-73.83302,0,0,0,0,4072,-7383,0.4909090909090909
2021-05-24T00:00:00.000,12:05,40.752155,-73.928955,1,0,1,1,4075,-7392,0.48148148148148145
2021-05-24T00:00:00.000,15:38,40.607643,-74.03375,2,0,1,1,4060,-7403,0.3
2021-05-24T00:00:00.000,15:59,40.8331,-73.90092,0,0,0,0,4083,-7390,0.3064516129032258
2021-05-18T00:00:00.000,11:05,40.69193,-73.91031,1,0,1,1,4069,-7391,0.2709677419354839
2021-05-20T00:00:00.000,16:05,40.70924,-73.78635,1,0,1,1,4070,-7378,0.34523809523809523
2021-05-24T00:00:00.000,19:34,40.60476,-73.945625,4,0,1,1,4060,-7394,0.5217391304347826
2021-05-19T00:00:00.000,15:02,40.869583,-73.86043,1,0,1,1,4086,-7386,0.4642857142857143
2021-05-19T00:00:00.000,20:25,40.828976,-73.9486,1,0,1,1,4082,-7394,0.3812154696132597
2021-05-24T00:00:00.000,9:59,40.61967,-73.967125,0,0,0,0,4061,-7396,0.30666666666666664
2021-05-24T00:00:00.000,7:44,40.637203,-74.0222,0,0,0,0,4063,-7402,0.3877551020408163
2021-05-24T00:00:00.000,12:38,40.688904,-73.980934,1,0,1,1,4068,-7398,0.3873239436619718
2021-05-24T00:00:00.000,20:30,40.83887,-73.87811,0,0,0,0,4083,-7387,0.38414634146341464
2021-05-24T00:00:00.000,21:00,40.891033,-73.88585,1,0,1,1,4089,-7388,0.5
2021-05-24T00:00:00.000,14:15,40.83256,-73.86943,1,0,1,1,4083,-7386,0.24822695035460993
2021-05-24T00:00:00.000,19:15,40.826324,-73.93565,1,0,1,1,4082,-7393,0.36645962732919257
2021-05-20T00:00:00.000,19:14,40.63501,-73.93132,0,0,0,0,4063,-7393,0.46153846153846156
2021-05-24T00:00:00.000,15:55,40.67294,-73.73711,0,0,0,0,4067,-7373,0.46835443037974683
2021-05-24T00:00:00.000,9:30,40.648945,-73.92236,0,0,0,0,4064,-7392,0.4077669902912621
2021-05-24T00:00:00.000,3:45,40.833084,-73.86954,0,0,0,0,4083,-7386,0.24822695035460993
2021-05-24T00:00:00.000,20:15,40.763897,-73.95323,0,0,0,0,4076,-7395,0.3696969696969697
2021-05-24T00:00:00.000,7:30,40.699368,-73.77825,0,0,0,0,4069,-7377,0.35135135135135137
2021-05-24T00:00:00.000,2:13,40.68397,-73.944046,0,0,0,0,4068,-7394,0.4409448818897638
2021-05-24T00:00:00.000,10:10,40.69407,-73.82802,0,0,0,0,4069,-7382,0.37209302325581395
2021-05-22T00:00:00.000,16:00,40.6107,-73.92113,0,0,0,0,4061,-7392,0.2982456140350877
2021-05-23T00:00:00.000,0:25,40.592636,-73.90362,0,0,0,0,4059,-7390,0.23404255319148937
2021-05-24T00:00:00.000,15:25,40.77067,-73.7355,1,0,1,1,4077,-7373,0.2857142857142857
2021-05-24T00:00:00.000,16:09,40.70547,-73.95024,0,0,0,0,4070,-7395,0.3475177304964539
2021-05-17T00:00:00.000,12:00,40.624905,-73.94169,0,0,0,0,4062,-7394,0.41379310344827586
2021-05-24T00:00:00.000,21:35,40.637363,-73.87927,0,0,0,0,4063,-7387,0.375
2021-05-19T00:00:00.000,17:40,40.819016,-73.84804,1,0,1,1,4081,-7384,0.3333333333333333
2021-05-24T00:00:00.000,8:40,40.624958,-74.145775,0,0,0,0,4062,-7414,0.20408163265306123
2021-05-24T00:00:00.000,19:00,40.65853,-73.764206,0,0,0,0,4065,-7376,0.35714285714285715
2021-05-24T00:00:00.000,5:50,40.667786,-73.88442,1,0,1,1,4066,-7388,0.37012987012987014
2021-05-24T00:00:00.000,10:30,40.839676,-73.871216,0,0,0,0,4083,-7387,0.38414634146341464
2021-05-24T00:00:00.000,8:00,40.716362,-73.94783,0,0,0,0,4071,-7394,0.3710691823899371
2021-05-24T00:00:00.000,7:50,40.707363,-73.792336,0,0,0,0,4070,-7379,0.3978494623655914
2021-05-23T00:00:00.000,19:55,40.69089,-73.94253,2,0,1,1,4069,-7394,0.417910447761194
2021-05-24T00:00:00.000,16:35,40.645027,-73.91998,0,0,0,0,4064,-7391,0.39805825242718446
2021-05-24T00:00:00.000,18:33,40.867676,-73.88625,0,0,0,0,4086,-7388,0.23943661971830985
2021-05-24T00:00:00.000,4:56,40.637745,-73.97334,1,0,1,1,4063,-7397,0.36893203883495146
2021-05-24T00:00:00.000,22:24,40.70983,-74.01468,1,0,1,1,4070,-7401,0.140625
2021-05-24T00:00:00.000,19:31,40.86717,-73.87048,2,0,1,1,4086,-7387,0.34545454545454546
2021-05-24T00:00:00.000,13:25,40.835724,-73.847946,0,0,0,0,4083,-7384,0.22727272727272727
2022-07-10T00:00:00.000,11:45,40.6765,-73.88234,2,0,1,1,4067,-7388,0.30434782608695654
2021-05-20T00:00:00.000,0:00,40.617924,-73.93174,0,0,0,0,4061,-7393,0.34285714285714286
2021-05-24T00:00:00.000,18:00,40.76758,-73.83185,1,0,1,1,4076,-7383,0.33695652173913043
2021-05-22T00:00:00.000,1:40,40.75855,-73.924866,1,0,1,1,4075,-7392,0.48148148148148145
2021-05-24T00:00:00.000,19:15,40.749584,-73.70714,0,0,0,0,4074,-7370,0.375
2021-05-23T00:00:00.000,23:00,40.690563,-73.94536,1,0,1,1,4069,-7394,0.417910447761194
2021-05-24T00:00:00.000,16:30,40.789894,-73.94801,0,0,0,0,4078,-7394,0.33513513513513515
2021-05-24T00:00:00.000,11:30,40.734135,-73.9583,0,0,0,0,4073,-7395,0.30434782608695654
2021-05-24T00:00:00.000,17:15,40.616825,-73.992516,0,0,0,0,4061,-7399,0.29411764705882354
2021-05-23T00:00:00.000,18:37,40.604027,-73.89875,0,0,0,0,4060,-7389,0.625
2021-05-20T00:00:00.000,2:54,40.622593,-73.931175,0,0,0,0,4062,-7393,0.4444444444444444
2021-05-24T00:00:00.000,10:15,40.683067,-73.99557,0,0,0,0,4068,-7399,0.17857142857142858
2021-05-24T00:00:00.000,17:50,40.811863,-73.91437,1,0,1,1,4081,-7391,0.47244094488188976
2021-05-24T00:00:00.000,8:30,40.666866,-73.92853,0,0,0,0,4066,-7392,0.355
2021-05-24T00:00:00.000,0:00,40.823135,-73.89489,1,0,1,1,4082,-7389,0.37423312883435583
2021-05-24T00:00:00.000,22:00,40.876163,-73.881516,1,0,1,1,4087,-7388,0.3561643835616438
2021-05-24T00:00:00.000,19:04,40.79911,-73.96856,0,0,0,0,4079,-7396,0.25
2021-05-20T00:00:00.000,17:20,40.678963,-73.94965,0,0,0,0,4067,-7394,0.34074074074074073
2021-05-21T00:00:00.000,12:17,40.87168,-73.90019,0,0,0,0,4087,-7390,0.3184713375796178
2021-05-24T00:00:00.000,9:49,40.766785,-73.893105,0,0,0,0,4076,-7389,0.35185185185185186
2021-05-24T00:00:00.000,12:44,40.689697,-73.97511,1,0,1,1,4068,-7397,0.3412322274881517
2021-05-24T00:00:00.000,21:35,40.638382,-74.03668,0,0,0,0,4063,-7403,0.42424242424242425
2021-05-24T00:00:00.000,7:58,40.83442,-73.898674,0,0,0,0,4083,-7389,0.3333333333333333
2021-05-04T00:00:00.000,21:30,40.686497,-73.94164,1,0,1,1,4068,-7394,0.4409448818897638
2021-05-22T00:00:00.000,21:45,40.75229,-73.983986,1,0,1,1,4075,-7398,0.3170731707317073
2021-05-20T00:00:00.000,15:56,40.636593,-73.89418,0,0,0,0,4063,-7389,0.41818181818181815
2021-05-24T00:00:00.000,1:48,40.766895,-73.921394,0,0,0,0,4076,-7392,0.42105263157894735
2021-05-24T00:00:00.000,18:30,40.86995,-73.87054,1,0,1,1,4086,-7387,0.34545454545454546
2021-05-24T00:00:00.000,16:59,40.6981,-73.92517,0,0,0,0,4069,-7392,0.3584905660377358
2021-05-24T00:00:00.000,2:50,40.82929,-73.93501,0,0,0,0,4082,-7393,0.36645962732919257
2021-05-16T00:00:00.000,14:50,40.858677,-73.83309,0,0,0,0,4085,-7383,0.25
2021-05-24T00:00:00.000,20:40,40.690796,-73.95637,0,0,0,0,4069,-7395,0.30952380952380953
2021-05-24T00:00:00.000,14:40,40.89591,-73.8448,0,0,0,0,4089,-7384,0.3333333333333333
2025-02-02T00:00:00.000,16:44,40.76007,-73.766594,0,0,0,0,4076,-7376,0.21739130434782608
2021-05-24T00:00:00.000,12:37,40.762093,-73.75691,0,0,0,0,4076,-7375,0.3409090909090909
2021-05-24T00:00:00.000,23:50,40.82947,-73.93705,0,0,0,0,4082,-7393,0.36645962732919257
2021-05-20T00:00:00.000,23:38,40.892223,-73.88464,1,0,1,1,4089,-7388,0.5
2021-05-24T00:00:00.000,7:15,40.673836,-74.0023,0,0,0,0,4067,-7400,0.20967741935483872
2021-05-24T00:00:00.000,23:30,40.879578,-73.879,0,0,0,0,4087,-7387,0.297029702970297
2021-05-24T00:00:00.000,9:50,40.70542,-73.96666,0,0,0,0,4070,-7396,0.3431372549019608
2021-05-24T00:00:00.000,21:44,40.727287,-74.00064,1,0,1,1,4072,-7400,0.32926829268292684
2021-05-24T00:00:00.000,18:00,40.708763,-73.998116,0,0,0,0,4070,-7399,0.21052631578947367
2021-05-24T00:00:00.000,13:20,40.712006,-73.75811,0,0,0,0,4071,-7375,0.3269230769230769
2021-05-24T00:00:00.000,15:58,40.70302,-73.727776,1,0,1,1,4070,-7372,0.4
2021-05-13T00:00:00.000,21:30,40.754627,-73.87643,0,0,0,0,4075,-7387,0.33884297520661155
2021-05-24T00:00:00.000,8:45,40.671875,-73.91414,0,0,0,0,4067,-7391,0.36597938144329895
2021-05-21T00:00:00.000,21:40,40.62973,-73.922226,0,0,0,0,4062,-7392,0.3611111111111111
2021-05-24T00:00:00.000,13:00,40.682343,-73.800835,1,0,1,1,4068,-7380,0.3829787234042553
2021-05-24T00:00:00.000,22:21,40.735703,-73.78427,1,0,1,1,4073,-7378,0.391304347826087
2021-05-24T00:00:00.000,0:16,40.68746,-73.906494,1,0,1,1,4068,-7390,0.4421052631578947
2021-05-23T00:00:00.000,18:47,40.879307,-73.90295,1,0,1,1,4087,-7390,0.3184713375796178
2021-05-13T00:00:00.000,16:16,40.90389,-73.85139,0,0,0,0,4090,-7385,0.42105263157894735
2021-05-24T00:00:00.000,5:14,40.808098,-73.94629,0,0,0,0,4080,-7394,0.41116751269035534
2021-05-24T00:00:00.000,8:45,40.69192,-73.97896,0,0,0,0,4069,-7397,0.3253012048192771
2021-05-24T00:00:00.000,20:40,40.648792,-73.95228,0,0,0,0,4064,-7395,0.4796747967479675
2021-05-24T00:00:00.000,2:30,40.827145,-73.858986,0,0,0,0,4082,-7385,0.27
2021-05-24T00:00:00.000,19:49,40.846893,-73.92055,2,0,1,1,4084,-7392,0.3181818181818182
2021-05-24T00:00:00.000,10:20,40.716194,-73.996086,0,0,0,0,4071,-7399,0.3263157894736842
2021-05-24T00:00:00.000,14:30,40.855244,-73.89314,0,0,0,0,4085,-7389,0.3353658536585366
2021-05-24T00:00:00.000,2:06,40.658577,-73.89063,0,0,0,0,4065,-7389,0.34965034965034963
2021-05-24T00:00:00.000,10:24,40.67136,-73.98559,0,0,0,0,4067,-7398,0.3655913978494624
2021-05-12T00:00:00.000,9:30,40.744503,-73.975235,1,0,1,1,4074,-7397,0.4810810810810811
2021-05-24T00:00:00.000,9:10,40.692947,-73.86115,0,0,0,0,4069,-7386,0.21052631578947367
2021-05-20T00:00:00.000,20:03,40.881866,-73.91115,1,0,1,1,4088,-7391,0.23076923076923078
2021-05-24T00:00:00.000,5:10,40.706974,-73.90921,0,0,0,0,4070,-7390,0.37894736842105264
2021-05-24T00:00:00.000,15:50,40.76555,-73.83911,0,0,0,0,4076,-7383,0.33695652173913043
2021-05-24T00:00:00.000,13:50,40.870842,-73.88115,0,0,0,0,4087,-7388,0.3561643835616438
2021-05-24T00:00:00.000,11:00,40.64689,-74.017815,0,0,0,0,4064,-7401,0.4295774647887324
2021-05-24T00:00:00.000,11:50,40.66423,-73.919106,0,0,0,0,4066,-7391,0.3630952380952381
2021-05-24T00:00:00.000,17:50,40.729572,-73.83383,0,0,0,0,4072,-7383,0.4909090909090909
2021-05-24T00:00:00.000,15:03,40.795437,-73.943954,1,0,1,1,4079,-7394,0.3523809523809524
2021-05-24T00:00:00.000,4:30,40.719124,-73.791405,0,0,0,0,4071,-7379,0.3888888888888889
2021-05-22T00:00:00.000,22:50,40.689243,-73.93736,0,0,0,0,4068,-7393,0.3619047619047619
2021-05-22T00:00:00.000,23:59,40.897232,-73.89692,1,0,1,1,4089,-7389,0.5555555555555556
2021-05-24T00:00:00.000,20:15,40.8165,-73.946556,0,0,0,0,4081,-7394,0.38
2021-05-24T00:00:00.000,8:15,40.532604,-74.19051,0,0,0,0,4053,-7419,0.2857142857142857
2021-05-24T00:00:00.000,15:56,40.79395,-73.97417,0,0,0,0,4079,-7397,0.24210526315789474
2021-05-24T00:00:00.000,18:40,40.830334,-73.91895,1,0,1,1,4083,-7391,0.33714285714285713
2021-05-24T00:00:00.000,19:33,40.869442,-73.84736,0,0,0,0,4086,-7384,0.17857142857142858
2021-05-24T00:00:00.000,11:32,40.682693,-73.99043,0,0,0,0,4068,-7399,0.17857142857142858
2021-05-24T00:00:00.000,7:45,40.808243,-73.92785,1,0,1,1,4080,-7392,0.3141025641025641
2021-05-24T00:00:00.000,17:45,40.60122,-74.01014,0,0,0,0,4060,-7401,0.30357142857142855
2021-05-23T00:00:00.000,18:19,40.878563,-73.86574,0,0,0,0,4087,-7386,0.3142857142857143
2021-05-24T00:00:00.000,14:45,40.703854,-73.95128,0,0,0,0,4070,-7395,0.3475177304964539
2021-05-24T00:00:00.000,14:40,40.75826,-73.76829,0,0,0,0,4075,-7376,0.4
2021-05-23T00:00:00.000,14:40,40.685112,-73.94717,0,0,0,0,4068,-7394,0.4409448818897638
2021-05-24T00:00:00.000,15:51,40.82465,-73.94623,3,0,1,1,4082,-7394,0.3812154696132597
2021-05-24T00:00:00.000,4:37,40.81608,-73.917694,1,0,1,1,4081,-7391,0.47244094488188976
2021-05-24T00:00:00.000,16:08,40.715797,-73.99144,0,0,0,0,4071,-7399,0.3263157894736842
2021-05-24T00:00:00.000,0:00,40.81328,-73.89749,3,0,1,1,4081,-7389,0.31543624161073824
2021-05-22T00:00:00.000,18:34,40.62621,-73.927666,0,0,0,0,4062,-7392,0.3611111111111111
2021-05-24T00:00:00.000,17:05,40.859875,-73.89323,0,0,0,0,4085,-7389,0.3353658536585366
2021-05-23T00:00:00.000,18:35,40.63413,-73.928505,0,0,0,0,4063,-7392,0.4036697247706422
2021-05-18T00:00:00.000,8:11,40.8375,-73.91061,0,0,0,0,4083,-7391,0.33714285714285713
2021-05-24T00:00:00.000,5:05,40.853813,-73.90734,0,0,0,0,4085,-7390,0.42207792207792205
2021-05-24T00:00:00.000,16:45,40.638065,-73.97735,0,0,0,0,4063,-7397,0.36893203883495146
2021-05-18T00:00:00.000,16:50,40.700363,-73.784966,0,0,0,0,4070,-7378,0.34523809523809523
2021-05-24T00:00:00.000,13:15,40.77344,-73.92097,0,0,0,0,4077,-7392,0.3269230769230769
2021-05-24T00:00:00.000,12:10,40.624683,-74.14193,1,0,1,1,4062,-7414,0.20408163265306123
2021-05-24T00:00:00.000,0:38,40.7013,-73.93674,0,0,0,0,4070,-7393,0.3300970873786408
2021-05-24T00:00:00.000,9:46,40.861225,-73.83993,0,0,0,0,4086,-7383,0.3448275862068966
2021-05-24T00:00:00.000,6:20,40.7879,-73.95368,0,0,0,0,4078,-7395,0.42168674698795183
2021-05-19T00:00:00.000,9:11,40.64378,-73.89804,0,0,0,0,4064,-7389,0.43478260869565216
2021-05-22T00:00:00.000,5:29,40.667927,-73.93321,0,0,0,0,4066,-7393,0.38578680203045684
2021-05-24T00:00:00.000,18:00,40.81854,-73.921165,0,0,0,0,4081,-7392,0.4714285714285714
2021-05-22T00:00:00.000,11:25,40.57944,-73.979614,1,0,1,1,4057,-7397,0.2619047619047619
2021-05-24T00:00:00.000,1:20,40.694576,-73.95615,3,0,1,1,4069,-7395,0.30952380952380953
2021-05-24T00:00:00.000,1:00,40.680958,-73.75262,0,0,0,0,4068,-7375,0.3877551020408163
2021-05-23T00:00:00.000,16:05,40.62667,-73.9248,2,0,1,1,4062,-7392,0.3611111111111111
2021-05-24T00:00:00.000,13:59,40.830006,-73.908264,1,0,1,1,4083,-7390,0.3064516129032258
2021-05-24T00:00:00.000,8:45,40.751328,-73.94109,1,0,1,1,4075,-7394,0.41333333333333333
2021-05-14T00:00:00.000,18:20,40.88302,-73.85325,0,0,0,0,4088,-7385,0.36619718309859156
2021-05-24T00:00:00.000,17:20,40.747856,-73.97348,1,0,1,1,4074,-7397,0.4810810810810811
2021-05-24T00:00:00.000,16:39,40.71107,-73.79204,2,0,1,1,4071,-7379,0.3888888888888889
2021-05-24T00:00:00.000,17:05,40.72717,-73.78739,1,0,1,1,4072,-7378,0.4
2021-05-24T00:00:00.000,14:52,40.840694,-73.89937,0,0,0,0,4084,-7389,0.33766233766233766
2021-05-24T00:00:00.000,11:41,40.6104,-73.9586,1,0,1,1,4061,-7395,0.4461538461538462
2021-05-24T00:00:00.000,8:09,40.70115,-73.94013,0,0,0,0,4070,-7394,0.3956043956043956
2021-05-24T00:00:00.000,12:23,40.64029,-73.994804,0,0,0,0,4064,-7399,0.3442622950819672
2021-05-24T00:00:00.000,18:05,40.64481,-74.09598,0,0,0,0,4064,-7409,0.3333333333333333
2021-05-24T00:00:00.000,14:10,40.83761,-73.88106,0,0,0,0,4083,-7388,0.26717557251908397
2021-05-24T00:00:00.000,11:15,40.643303,-73.9478,0,0,0,0,4064,-7394,0.42342342342342343
2021-05-21T00:00:00.000,7:40,40.691383,-73.938194,0,0,0,0,4069,-7393,0.3141025641025641
2021-05-24T00:00:00.000,16:13,40.629986,-73.97157,0,0,0,0,4062,-7397,0.38666666666666666
2021-05-21T00:00:00.000,18:05,40.87656,-73.90436,0,0,0,0,4087,-7390,0.3184713375796178
2021-05-17T00:00:00.000,20:17,40.692146,-73.919464,0,0,0,0,4069,-7391,0.2709677419354839
2021-05-22T00:00:00.000,22:00,40.707737,-73.95837,0,0,0,0,4070,-7395,0.3475177304964539
2021-05-24T00:00:00.000,2:22,40.8479,-73.919685,1,0,1,1,4084,-7391,0.32558139534883723
2021-05-24T00:00:00.000,5:40,40.74135,-73.89189,0,0,0,0,4074,-7389,0.3203125
2021-05-11T00:00:00.000,22:53,40.69382,-73.72694,1,0,1,1,4069,-7372,0.40425531914893614
2021-05-24T00:00:00.000,22:40,40.82341,-73.89585,0,0,0,0,4082,-7389,0.37423312883435583
2021-05-16T00:00:00.000,18:15,40.86024,-73.92843,0,0,0,0,4086,-7392,0.359375
2021-05-24T00:00:00.000,1:50,40.692345,-73.88179,2,0,1,1,4069,-7388,0.4375
2021-05-24T00:00:00.000,18:30,40.59255,-73.9946,1,0,1,1,4059,-7399,0.3076923076923077
2021-05-24T00:00:00.000,19:28,40.862743,-73.90357,1,0,1,1,4086,-7390,0.42748091603053434
2022-12-16T00:00:00.000,10:53,40.904472,-73.87844,2,0,1,1,4090,-7387,0.8
2022-12-29T00:00:00.000,7:41,40.762676,-73.954346,2,0,1,1,4076,-7395,0.3696969696969697
2023-01-05T00:00:00.000,19:52,0.0,0.0,1,0,1,1,0,0,0.40425531914893614
2023-01-15T00:00:00.000,20:40,40.598484,-74.07845,1,0,1,1,4059,-7407,0.23076923076923078
2023-01-13T00:00:00.000,7:05,40.72616,-73.90012,0,0,0,0,4072,-7390,0.2978723404255319
2023-01-13T00:00:00.000,9:40,40.656673,-73.76827,0,0,0,0,4065,-7376,0.35714285714285715
2023-01-13T00:00:00.000,6:37,40.759727,-73.99169,0,0,0,0,4075,-7399,0.2830188679245283
2023-01-06T00:00:00.000,10:53,40.597168,-73.97149,1,0,1,1,4059,-7397,0.3191489361702128
2023-01-16T00:00:00.000,23:00,40.60222,-74.12249,0,0,0,0,4060,-7412,0.2608695652173913
2023-01-10T00:00:00.000,11:30,40.843822,-73.9275,0,0,0,0,4084,-7392,0.3181818181818182
2023-01-16T00:00:00.000,20:57,40.763577,-73.979485,0,0,0,0,4076,-7397,0.37
2023-01-17T00:00:00.000,13:52,40.674507,-73.82162,1,0,1,1,4067,-7382,0.4186046511627907
2023-01-17T00:00:00.000,8:30,40.73911,-73.943,0,0,0,0,4073,-7394,0.5
2023-01-17T00:00:00.000,20:00,40.697353,-73.96482,0,0,0,0,4069,-7396,0.325
2023-01-15T00:00:00.000,11:05,40.58061,-73.98565,1,0,1,1,4058,-7398,0.4
2023-01-11T00:00:00.000,16:35,40.738686,-73.99588,1,0,1,1,4073,-7399,0.423728813559322
2023-01-15T00:00:00.000,23:30,40.742973,-73.814316,0,0,0,0,4074,-7381,0.46153846153846156
2023-01-15T00:00:00.000,3:00,40.66172,-74.00011,0,0,0,0,4066,-7400,0.14285714285714285
2023-01-15T00:00:00.000,3:16,40.629353,-73.89764,0,0,0,0,4062,-7389,0.3333333333333333
2023-01-15T00:00:00.000,20:55,40.877476,-73.83661,0,0,0,0,4087,-7383,0.3333333333333333
2023-01-13T00:00:00.000,10:00,40.7515,-73.883675,0,0,0,0,4075,-7388,0.3402061855670103
2023-01-13T00:00:00.000,15:30,40.61574,-73.95839,0,0,0,0,4061,-7395,0.4461538461538462
2023-01-15T00:00:00.000,6:50,40.831146,-73.85384,0,0,0,0,4083,-7385,0.30158730158730157
2023-01-12T00:00:00.000,17:30,40.56345,-74.169754,0,0,0,0,4056,-7416,0.35
2022-12-15T00:00:00.000,2:16,40.892147,-73.91205,0,0,0,0,4089,-7391,0.0
2023-01-15T00:00:00.000,14:15,40.695683,-73.741875,1,0,1,1,4069,-7374,0.46774193548387094
2023-01-15T00:00:00.000,11:04,40.67909,-73.90829,2,0,1,1,4067,-7390,0.3282442748091603
2023-01-11T00:00:00.000,13:20,40.544453,-74.16629,0,0,0,0,4054,-7416,0.42857142857142855
2023-01-14T00:00:00.000,20:00,40.63312,-74.01334,0,0,0,0,4063,-7401,0.37777777777777777
2022-08-25T00:00:00.000,5:16,40.827812,-73.925934,1,1,2,1,4082,-7392,0.3333333333333333
2022-09-12T00:00:00.000,6:21,40.68405,-73.97746,0,0,0,0,4068,-7397,0.3412322274881517
2022-09-14T00:00:00.000,9:25,40.895374,-73.86356,2,0,1,1,4089,-7386,0.28205128205128205
2022-09-21T00:00:00.000,1:45,40.580673,-73.85173,0,0,0,0,4058,-7385,0.3333333333333333
2022-09-23T00:00:00.000,18:39,40.86326,-73.83894,1,0,1,1,4086,-7383,0.3448275862068966
2022-09-19T00:00:00.000,15:00,40.7031,-73.90265,0,0,0,0,4070,-7390,0.37894736842105264
2022-09-17T00:00:00.000,11:04,40.733425,-73.95818,1,0,1,1,4073,-7395,0.30434782608695654
2022-09-22T00:00:00.000,15:53,40.837177,-73.942604,1,0,1,1,4083,-7394,0.38926174496644295
2023-01-02T00:00:00.000,10:00,40.75606,-73.85859,0,0,0,0,4075,-7385,0.3048780487804878
2023-01-04T00:00:00.000,1:18,40.844124,-73.88855,1,0,1,1,4084,-7388,0.390625
2021-11-09T00:00:00.000,6:05,40.681515,-73.90412,0,1,2,1,4068,-7390,0.4421052631578947
2021-10-27T00:00:00.000,20:22,40.861404,-73.87059,0,1,2,1,4086,-7387,0.34545454545454546
2021-12-11T00:00:00.000,19:30,40.66549,-73.75236,1,0,1,1,4066,-7375,0.3
2021-12-13T00:00:00.000,16:52,40.7104,-73.86663,0,1,2,1,4071,-7386,0.5625
2022-03-17T00:00:00.000,20:51,40.702,-73.88009,2,0,1,1,4070,-7388,0.3448275862068966
2021-12-22T00:00:00.000,21:00,40.753372,-73.93126,0,0,0,0,4075,-7393,0.43478260869565216
2021-12-10T00:00:00.000,19:30,40.664993,-73.80229,0,0,0,0,4066,-7380,0.40789473684210525
2021-12-16T00:00:00.000,20:58,40.725018,-73.72205,0,0,0,0,4072,-7372,0.3793103448275862
2021-12-21T00:00:00.000,22:44,40.725266,-73.7212,3,0,1,1,4072,-7372,0.3793103448275862
2021-12-09T00:00:00.000,18:23,40.807507,-73.92701,4,0,1,1,4080,-7392,0.3141025641025641
2025-04-07T00:00:00.000,12:30,40.69691,-73.79043,0,0,0,0,4069,-7379,0.25925925925925924
2021-12-07T00:00:00.000,7:16,40.822628,-73.916695,0,0,0,0,4082,-7391,0.3355263157894737
2022-03-27T00:00:00.000,1:03,40.638824,-73.94492,0,0,0,0,4063,-7394,0.358974358974359
2022-03-28T00:00:00.000,14:02,40.738297,-73.70177,0,0,0,0,4073,-7370,0.23529411764705882
2022-03-29T00:00:00.000,6:55,40.59346,-73.777985,0,0,0,0,4059,-7377,0.2692307692307692
2022-03-29T00:00:00.000,9:33,40.666233,-73.761,1,0,1,1,4066,-7376,0.30434782608695654
2022-03-29T00:00:00.000,15:45,40.609097,-73.756615,0,0,0,0,4060,-7375,0.17117117117117117
2022-03-29T00:00:00.000,18:24,40.82092,-73.94333,0,0,0,0,4082,-7394,0.3812154696132597
2022-04-23T00:00:00.000,16:07,40.800087,-73.9511,0,0,0,0,4080,-7395,0.381294964028777
2022-04-24T00:00:00.000,8:00,40.669422,-73.91744,0,0,0,0,4066,-7391,0.3630952380952381
2022-04-24T00:00:00.000,13:40,0.0,0.0,0,0,0,0,0,0,0.40425531914893614
2022-04-24T00:00:00.000,0:00,40.821945,-73.9281,0,0,0,0,4082,-7392,0.3333333333333333
2022-04-24T00:00:00.000,21:10,40.862812,-73.907555,0,0,0,0,4086,-7390,0.42748091603053434
2022-04-24T00:00:00.000,12:51,40.73448,-73.92243,0,0,0,0,4073,-7392,0.4444444444444444
2021-12-26T00:00:00.000,16:17,40.686302,-73.793915,0,0,0,0,4068,-7379,0.35
2021-12-23T00:00:00.000,17:30,40.70063,-73.904015,1,0,1,1,4070,-7390,0.37894736842105264
2021-12-26T00:00:00.000,21:24,40.84044,-73.86687,1,0,1,1,4084,-7386,0.375
2021-12-26T00:00:00.000,0:04,40.624798,-73.94265,1,0,1,1,4062,-7394,0.41379310344827586
2021-12-26T00:00:00.000,23:15,40.732323,-73.810776,1,0,1,1,4073,-7381,0.3181818181818182
2021-12-26T00:00:00.000,20:30,40.592304,-73.9739,0,0,0,0,4059,-7397,0.3191489361702128
2021-12-26T00:00:00.000,21:30,40.819324,-73.90661,0,0,0,0,4081,-7390,0.3888888888888889
2021-12-24T00:00:00.000,14:00,40.863884,-73.91069,0,0,0,0,4086,-7391,0.38016528925619836
2021-12-26T00:00:00.000,11:30,40.759163,-73.97675,0,0,0,0,4075,-7397,0.375886524822695
2021-12-22T00:00:00.000,14:00,40.722797,-74.00013,0,0,0,0,4072,-7400,0.32926829268292684
2021-12-26T00:00:00.000,19:37,40.73189,-73.95921,0,0,0,0,4073,-7395,0.30434782608695654
2021-12-26T00:00:00.000,7:00,40.663235,-73.90442,0,0,0,0,4066,-7390,0.2777777777777778
2021-12-26T00:00:00.000,11:34,40.618065,-73.9807,0,0,0,0,4061,-7398,0.3698630136986301
2021-12-13T00:00:00.000,13:46,40.72552,-73.9018,0,0,0,0,4072,-7390,0.2978723404255319
2021-12-24T00:00:00.000,6:30,40.773808,-73.8929,0,0,0,0,4077,-7389,0.35
2022-04-01T00:00:00.000,19:10,40.669476,-73.919975,0,0,0,0,4066,-7391,0.3630952380952381
2021-12-23T00:00:00.000,14:20,40.66859,-73.90659,0,0,0,0,4066,-7390,0.2777777777777778
2021-12-26T00:00:00.000,19:00,40.704697,-73.79433,0,0,0,0,4070,-7379,0.3978494623655914
2021-12-26T00:00:00.000,18:40,40.891228,-73.84115,0,0,0,0,4089,-7384,0.3333333333333333
2021-12-26T00:00:00.000,22:30,40.728615,-73.73858,0,0,0,0,4072,-7373,0.4642857142857143
2021-12-26T00:00:00.000,20:00,40.883553,-73.83476,0,0,0,0,4088,-7383,0.3448275862068966
2021-12-26T00:00:00.000,16:00,40.707027,-73.9236,0,0,0,0,4070,-7392,0.24305555555555555
2021-12-26T00:00:00.000,12:48,40.742645,-73.98246,0,0,0,0,4074,-7398,0.40131578947368424
2021-12-21T00:00:00.000,18:00,40.700497,-73.962555,0,0,0,0,4070,-7396,0.3431372549019608
2021-12-26T00:00:00.000,20:25,40.72639,-73.991806,1,0,1,1,4072,-7399,0.3829787234042553
2021-12-06T00:00:00.000,12:06,40.75733,-73.93136,0,0,0,0,4075,-7393,0.43478260869565216
2021-12-26T00:00:00.000,19:00,40.76256,-73.96125,0,0,0,0,4076,-7396,0.3023255813953488
2021-12-25T00:00:00.000,8:51,40.81709,-73.81827,0,0,0,0,4081,-7381,0.25
2021-12-20T00:00:00.000,4:55,40.56345,-74.169754,0,0,0,0,4056,-7416,0.35
2021-12-26T00:00:00.000,11:00,40.66434,-73.93155,1,0,1,1,4066,-7393,0.38578680203045684
2021-12-26T00:00:00.000,21:05,40.73487,-73.92331,1,0,1,1,4073,-7392,0.4444444444444444
2021-12-26T00:00:00.000,15:40,40.66293,-73.920616,0,0,0,0,4066,-7392,0.355
2021-12-24T00:00:00.000,14:01,40.549477,-74.17044,1,0,1,1,4054,-7417,0.4444444444444444
2021-12-19T00:00:00.000,8:16,40.630646,-73.973595,0,0,0,0,4063,-7397,0.36893203883495146
2021-12-26T00:00:00.000,22:48,40.762104,-73.960144,0,0,0,0,4076,-7396,0.3023255813953488
2021-12-26T00:00:00.000,12:20,40.75066,-73.987785,1,0,1,1,4075,-7398,0.3170731707317073
2021-12-26T00:00:00.000,18:30,40.74459,-73.884674,0,0,0,0,4074,-7388,0.2978723404255319
2021-12-18T00:00:00.000,16:17,40.69012,-73.756424,0,0,0,0,4069,-7375,0.3584905660377358
2021-12-09T00:00:00.000,2:00,40.663345,-73.99829,0,0,0,0,4066,-7399,0.40540540540540543
2021-12-24T00:00:00.000,1:00,40.57521,-74.11528,0,0,0,0,4057,-7411,0.37142857142857144
2021-12-26T00:00:00.000,16:55,40.611744,-74.12203,1,0,1,1,4061,-7412,0.25
2021-12-20T00:00:00.000,0:15,40.67994,-73.941216,0,0,0,0,4067,-7394,0.34074074074074073
2021-12-26T00:00:00.000,23:00,40.609764,-73.99914,0,0,0,0,4060,-7399,0.31683168316831684
2021-12-19T00:00:00.000,23:30,40.83533,-73.927,0,0,0,0,4083,-7392,0.310126582278481
2021-12-26T00:00:00.000,20:07,40.813488,-73.89935,0,0,0,0,4081,-7389,0.31543624161073824
2021-12-23T00:00:00.000,19:25,40.75896,-73.82985,0,0,0,0,4075,-7382,0.4915254237288136
2021-12-09T00:00:00.000,10:30,40.75892,-73.92566,1,0,1,1,4075,-7392,0.48148148148148145
2021-12-26T00:00:00.000,21:07,40.852818,-73.90476,0,0,0,0,4085,-7390,0.42207792207792205
2021-12-25T00:00:00.000,14:48,40.721714,-73.902145,0,0,0,0,4072,-7390,0.2978723404255319
2021-12-26T00:00:00.000,18:38,40.6843,-73.94121,1,0,1,1,4068,-7394,0.4409448818897638
2021-12-26T00:00:00.000,0:05,40.612453,-74.037735,0,0,0,0,4061,-7403,0.2777777777777778
2021-12-26T00:00:00.000,11:15,40.806293,-73.93603,0,0,0,0,4080,-7393,0.36312849162011174
2021-12-15T00:00:00.000,4:10,40.74713,-73.88869,0,0,0,0,4074,-7388,0.2978723404255319
2021-12-26T00:00:00.000,2:20,40.59907,-73.90498,0,0,0,0,4059,-7390,0.23404255319148937
2021-05-25T00:00:00.000,17:00,40.624683,-73.961296,0,0,0,0,4062,-7396,0.375
2021-12-26T00:00:00.000,1:20,40.83761,-73.88106,0,0,0,0,4083,-7388,0.26717557251908397
2022-03-30T00:00:00.000,16:20,40.71407,-73.99751,0,0,0,0,4071,-7399,0.3263157894736842
2021-12-26T00:00:00.000,12:11,40.83091,-73.92047,1,0,1,1,4083,-7392,0.310126582278481
2021-12-23T00:00:00.000,21:10,40.547108,-74.16621,1,0,1,1,4054,-7416,0.42857142857142855
2021-12-13T00:00:00.000,17:15,40.635223,-73.89751,0,0,0,0,4063,-7389,0.41818181818181815
2021-12-26T00:00:00.000,11:15,40.70882,-73.99898,0,0,0,0,4070,-7399,0.21052631578947367
2021-12-26T00:00:00.000,17:34,40.68313,-73.922775,0,0,0,0,4068,-7392,0.2542372881355932
2021-12-26T00:00:00.000,17:45,40.751736,-73.939575,0,0,0,0,4075,-7393,0.43478260869565216
2021-12-17T00:00:00.000,13:38,40.69133,-73.95177,0,0,0,0,4069,-7395,0.30952380952380953
2021-12-26T00:00:00.000,16:00,40.692066,-73.7654,0,0,0,0,4069,-7376,0.3392857142857143
2021-12-25T00:00:00.000,8:30,40.525932,-74.221924,0,0,0,0,4052,-7422,0.125
2021-12-26T00:00:00.000,15:36,40.734375,-73.87342,0,0,0,0,4073,-7387,0.3140495867768595
2021-12-23T00:00:00.000,20:00,40.711845,-73.859764,0,0,0,0,4071,-7385,0.4418604651162791
2021-12-20T00:00:00.000,13:06,40.77445,-73.918465,0,0,0,0,4077,-7391,0.3157894736842105
2021-12-26T00:00:00.000,14:43,40.67398,-73.911156,4,0,1,1,4067,-7391,0.36597938144329895
2021-12-25T00:00:00.000,13:33,40.814934,-73.89765,0,0,0,0,4081,-7389,0.31543624161073824
2021-12-19T00:00:00.000,16:18,40.762177,-73.96613,0,0,0,0,4076,-7396,0.3023255813953488
2021-12-26T00:00:00.000,23:47,40.641895,-73.93324,0,0,0,0,4064,-7393,0.3333333333333333
2021-12-26T00:00:00.000,21:20,40.676006,-73.91933,1,0,1,1,4067,-7391,0.36597938144329895
2021-12-24T00:00:00.000,2:30,40.73973,-73.81762,0,0,0,0,4073,-7381,0.3181818181818182
2021-12-25T00:00:00.000,7:00,40.826767,-73.81602,0,0,0,0,4082,-7381,0.17647058823529413
2021-12-26T00:00:00.000,12:44,40.630238,-73.93246,1,0,1,1,4063,-7393,0.46153846153846156
2021-12-19T00:00:00.000,14:30,40.53062,-74.19455,0,0,0,0,4053,-7419,0.2857142857142857
2021-12-26T00:00:00.000,18:25,40.836353,-73.88837,1,0,1,1,4083,-7388,0.26717557251908397
2021-12-20T00:00:00.000,8:25,40.60455,-73.9691,1,0,1,1,4060,-7396,0.5714285714285714
2021-12-19T00:00:00.000,19:00,40.697933,-73.892006,0,0,0,0,4069,-7389,0.3709677419354839
2021-12-26T00:00:00.000,15:00,40.697678,-73.851845,0,0,0,0,4069,-7385,0.34
2021-12-22T00:00:00.000,20:00,40.763775,-73.94034,0,0,0,0,4076,-7394,0.4583333333333333
2021-11-24T00:00:00.000,8:10,40.657658,-73.953224,0,0,0,0,4065,-7395,0.38686131386861317
2021-12-26T00:00:00.000,17:30,40.76156,-73.974686,0,0,0,0,4076,-7397,0.37
2021-12-19T00:00:00.000,12:30,40.520916,-74.235115,2,0,1,1,4052,-7423,0.3333333333333333
2021-12-22T00:00:00.000,7:00,40.715176,-73.951965,0,0,0,0,4071,-7395,0.36585365853658536
2021-12-26T00:00:00.000,15:50,40.671684,-73.912224,0,0,0,0,4067,-7391,0.36597938144329895
2021-12-22T00:00:00.000,19:45,40.5528,-74.191444,0,0,0,0,4055,-7419,0.36363636363636365
2021-12-26T00:00:00.000,9:30,40.6048,-73.966805,3,0,1,1,4060,-7396,0.5714285714285714
2021-12-09T00:00:00.000,18:12,40.771454,-73.897095,0,0,0,0,4077,-7389,0.35
2021-12-26T00:00:00.000,15:26,40.700512,-73.796776,0,0,0,0,4070,-7379,0.3978494623655914
2021-12-11T00:00:00.000,21:45,40.758972,-73.91901,0,0,0,0,4075,-7391,0.4777777777777778
2021-12-26T00:00:00.000,1:30,40.804585,-73.91213,0,0,0,0,4080,-7391,0.38961038961038963
2021-12-25T00:00:00.000,5:41,40.85078,-73.91222,0,0,0,0,4085,-7391,0.373134328358209
2021-12-26T00:00:00.000,16:55,40.613678,-74.07817,0,0,0,0,4061,-7407,0.2
2021-12-26T00:00:00.000,1:00,40.6649,-73.90403,1,0,1,1,4066,-7390,0.2777777777777778
2021-12-21T00:00:00.000,0:00,40.760975,-73.89773,0,0,0,0,4076,-7389,0.35185185185185186
2021-12-26T00:00:00.000,5:35,40.70313,-73.816795,0,0,0,0,4070,-7381,0.3194444444444444
2021-12-26T00:00:00.000,17:07,40.636517,-74.022736,0,0,0,0,4063,-7402,0.3877551020408163
2021-12-20T00:00:00.000,16:32,40.844715,-73.91228,0,0,0,0,4084,-7391,0.32558139534883723
2021-12-26T00:00:00.000,7:20,40.658703,-73.854904,0,0,0,0,4065,-7385,0.4
2021-12-23T00:00:00.000,15:30,40.681446,-73.94644,0,0,0,0,4068,-7394,0.4409448818897638
2021-12-26T00:00:00.000,0:01,40.64226,-73.95156,0,0,0,0,4064,-7395,0.4796747967479675
2021-12-14T00:00:00.000,12:16,40.749966,-73.786804,0,0,0,0,4074,-7378,0.43478260869565216
2021-12-26T00:00:00.000,14:06,40.725853,-73.719025,1,0,1,1,4072,-7371,0.2857142857142857
2022-03-29T00:00:00.000,23:00,40.653862,-73.9296,1,0,1,1,4065,-7392,0.35555555555555557
2021-12-20T00:00:00.000,14:30,40.56222,-74.17935,0,0,0,0,4056,-7417,0.5
2021-12-23T00:00:00.000,9:15,40.50918,-74.24344,0,0,0,0,4050,-7424,0.1
2021-10-01T00:00:00.000,9:30,40.749866,-73.86273,1,0,1,1,4074,-7386,0.3813559322033898
2021-12-26T00:00:00.000,23:17,40.672947,-73.84745,0,0,0,0,4067,-7384,0.28888888888888886
2021-12-26T00:00:00.000,12:30,40.654213,-73.91776,1,0,1,1,4065,-7391,0.425
2021-12-26T00:00:00.000,21:30,40.709522,-74.00167,1,0,1,1,4070,-7400,0.2542372881355932
2021-11-19T00:00:00.000,22:40,40.768127,-73.87625,1,0,1,1,4076,-7387,0.48214285714285715
2021-12-26T00:00:00.000,4:10,40.67715,-73.92559,1,0,1,1,4067,-7392,0.39655172413793105
2021-12-26T00:00:00.000,5:45,40.67329,-73.76585,0,0,0,0,4067,-7376,0.23076923076923078
2021-12-26T00:00:00.000,2:33,40.58571,-73.91276,0,0,0,0,4058,-7391,0.3888888888888889
2021-12-26T00:00:00.000,11:34,40.804585,-73.91213,1,0,1,1,4080,-7391,0.38961038961038963
2021-12-20T00:00:00.000,12:30,40.701454,-73.90181,0,0,0,0,4070,-7390,0.37894736842105264
2021-12-26T00:00:00.000,14:00,40.675175,-73.98471,1,0,1,1,4067,-7398,0.3655913978494624
2021-12-16T00:00:00.000,15:00,40.54653,-74.180435,2,0,1,1,4054,-7418,0.1875
2021-12-26T00:00:00.000,20:05,40.837303,-73.90785,1,0,1,1,4083,-7390,0.3064516129032258
2021-12-23T00:00:00.000,5:28,40.728466,-73.90871,3,0,1,1,4072,-7390,0.2978723404255319
2021-12-18T00:00:00.000,13:21,40.52634,-74.22344,1,0,1,1,4052,-7422,0.125
2021-12-23T00:00:00.000,23:52,40.860588,-73.857506,1,0,1,1,4086,-7385,0.5
2021-12-26T00:00:00.000,13:03,40.655354,-73.951355,0,0,0,0,4065,-7395,0.38686131386861317
2021-12-26T00:00:00.000,21:30,40.86609,-73.88268,0,0,0,0,4086,-7388,0.23943661971830985
2021-12-26T00:00:00.000,17:00,40.808804,-73.95589,1,0,1,1,4080,-7395,0.381294964028777
2021-12-04T00:00:00.000,20:31,40.723648,-73.98529,0,0,0,0,4072,-7398,0.4342105263157895
2021-12-26T00:00:00.000,17:30,40.808857,-73.93014,0,0,0,0,4080,-7393,0.36312849162011174
2021-12-26T00:00:00.000,13:15,40.740818,-73.72044,0,0,0,0,4074,-7372,0.375
2021-12-03T00:00:00.000,18:30,40.584366,-73.98292,1,0,1,1,4058,-7398,0.4
2021-12-26T00:00:00.000,19:50,40.836937,-73.927124,1,0,1,1,4083,-7392,0.310126582278481
2021-12-24T00:00:00.000,19:30,40.828262,-73.909065,0,0,0,0,4082,-7390,0.3025210084033613
2021-12-22T00:00:00.000,20:24,40.715263,-73.976326,1,0,1,1,4071,-7397,0.41509433962264153
2021-12-26T00:00:00.000,10:59,40.856808,-73.92827,0,0,0,0,4085,-7392,0.22
2021-12-26T00:00:00.000,17:43,40.73866,-73.81027,0,0,0,0,4073,-7381,0.3181818181818182
2021-12-23T00:00:00.000,10:10,40.74608,-73.974945,0,0,0,0,4074,-7397,0.4810810810810811
2021-12-21T00:00:00.000,17:25,40.66061,-73.728455,0,0,0,0,4066,-7372,0.6190476190476191
2021-12-24T00:00:00.000,13:45,40.764614,-73.95833,1,0,1,1,4076,-7395,0.3696969696969697
2021-12-26T00:00:00.000,22:15,40.584003,-73.92157,1,0,1,1,4058,-7392,0.375
2021-12-24T00:00:00.000,20:30,40.67213,-73.802666,0,0,0,0,4067,-7380,0.24615384615384617
2021-12-25T00:00:00.000,5:25,40.756397,-73.804535,0,0,0,0,4075,-7380,0.36363636363636365
2021-12-23T00:00:00.000,8:21,40.719555,-73.92287,0,0,0,0,4071,-7392,0.2777777777777778
2021-12-20T00:00:00.000,17:00,40.721233,-73.98778,1,0,1,1,4072,-7398,0.4342105263157895
2021-12-26T00:00:00.000,1:20,40.674908,-73.91386,1,0,1,1,4067,-7391,0.36597938144329895
2021-12-13T00:00:00.000,17:30,40.672844,-73.76405,0,0,0,0,4067,-7376,0.23076923076923078
2021-12-26T00:00:00.000,12:00,40.665733,-73.755585,0,0,0,0,4066,-7375,0.3
2021-12-20T00:00:00.000,12:00,40.811817,-73.85693,0,0,0,0,4081,-7385,0.30434782608695654
2021-12-26T00:00:00.000,21:00,40.633724,-74.02389,0,0,0,0,4063,-7402,0.3877551020408163
2021-12-15T00:00:00.000,8:35,40.68086,-73.95441,1,0,1,1,4068,-7395,0.38571428571428573
2021-12-13T00:00:00.000,19:30,40.680115,-73.75324,1,0,1,1,4068,-7375,0.3877551020408163
2021-12-17T00:00:00.000,14:51,40.689445,-73.95513,1,0,1,1,4068,-7395,0.38571428571428573
2021-12-19T00:00:00.000,12:30,40.538334,-74.18327,0,0,0,0,4053,-7418,0.0
2021-12-26T00:00:00.000,8:05,40.63082,-73.88636,2,0,1,1,4063,-7388,0.3835616438356164
2021-12-26T00:00:00.000,21:30,40.68884,-73.8219,3,0,1,1,4068,-7382,0.41975308641975306
2021-12-26T00:00:00.000,7:10,40.651104,-73.94381,1,0,1,1,4065,-7394,0.43137254901960786
2021-12-26T00:00:00.000,13:51,40.684513,-73.909386,0,0,0,0,4068,-7390,0.4421052631578947
2021-12-26T00:00:00.000,23:38,40.653805,-73.93061,0,0,0,0,4065,-7393,0.44366197183098594
2021-12-18T00:00:00.000,18:30,40.88205,-73.83224,0,0,0,0,4088,-7383,0.3448275862068966
2021-12-24T00:00:00.000,9:21,40.762802,-73.965675,0,2,2,1,4076,-7396,0.3023255813953488
2021-12-26T00:00:00.000,10:45,40.673798,-73.73179,1,0,1,1,4067,-7373,0.46835443037974683
2021-12-08T00:00:00.000,19:00,40.77613,-73.910706,0,0,0,0,4077,-7391,0.3157894736842105
2021-12-26T00:00:00.000,4:45,40.689873,-73.84282,0,0,0,0,4068,-7384,0.3333333333333333
2021-12-25T00:00:00.000,16:45,40.766884,-73.921394,1,0,1,1,4076,-7392,0.42105263157894735
2021-12-26T00:00:00.000,10:59,40.603203,-73.937584,0,0,0,0,4060,-7393,0.4117647058823529
2021-12-26T00:00:00.000,2:15,40.803425,-73.93309,0,0,0,0,4080,-7393,0.36312849162011174
2021-12-20T00:00:00.000,23:30,40.72556,-73.89849,0,0,0,0,4072,-7389,0.41379310344827586
2021-12-20T00:00:00.000,21:30,40.65616,-73.76736,1,0,1,1,4065,-7376,0.35714285714285715
2021-12-24T00:00:00.000,10:35,40.68888,-73.960014,0,0,0,0,4068,-7396,0.42567567567567566
2021-12-26T00:00:00.000,14:00,40.69108,-73.72911,3,0,1,1,4069,-7372,0.40425531914893614
2021-12-26T00:00:00.000,11:00,40.718815,-73.793274,0,0,0,0,4071,-7379,0.3888888888888889
2021-12-07T00:00:00.000,14:40,40.760746,-73.862434,1,0,1,1,4076,-7386,0.40298507462686567
2021-12-26T00:00:00.000,7:40,40.698036,-73.962845,1,0,1,1,4069,-7396,0.325
2021-12-20T00:00:00.000,17:36,40.828915,-73.83841,0,0,0,0,4082,-7383,0.34210526315789475
2021-12-19T00:00:00.000,3:35,40.67657,-73.94431,0,0,0,0,4067,-7394,0.34074074074074073
2021-12-26T00:00:00.000,16:20,40.76843,-73.961555,0,0,0,0,4076,-7396,0.3023255813953488
2021-12-26T00:00:00.000,23:35,40.638733,-73.95665,0,0,0,0,4063,-7395,0.48484848484848486
2021-12-26T00:00:00.000,2:03,40.60536,-73.96174,1,0,1,1,4060,-7396,0.5714285714285714
2021-12-17T00:00:00.000,11:45,40.77485,-73.93387,1,0,1,1,4077,-7393,0.20833333333333334
2021-12-26T00:00:00.000,18:00,40.734272,-73.8626,2,0,1,1,4073,-7386,0.3464566929133858
2021-12-26T00:00:00.000,3:05,40.862686,-73.91187,0,0,0,0,4086,-7391,0.38016528925619836
2021-05-25T00:00:00.000,21:41,40.670807,-73.87468,0,0,0,0,4067,-7387,0.30344827586206896
2021-12-26T00:00:00.000,2:22,40.81969,-73.90161,1,0,1,1,4081,-7390,0.3888888888888889
2021-12-23T00:00:00.000,9:40,40.692627,-73.959,0,0,0,0,4069,-7395,0.30952380952380953
2021-12-26T00:00:00.000,18:16,40.852417,-73.8844,0,0,0,0,4085,-7388,0.3
2021-12-25T00:00:00.000,12:00,40.89304,-73.85863,0,0,0,0,4089,-7385,0.3813559322033898
2021-12-26T00:00:00.000,23:48,40.639286,-73.89869,0,0,0,0,4063,-7389,0.41818181818181815
2021-12-23T00:00:00.000,9:39,40.718292,-73.98248,1,0,1,1,4071,-7398,0.39568345323741005
2021-12-26T00:00:00.000,20:58,40.626213,-74.03872,0,0,0,0,4062,-7403,0.15
2021-12-26T00:00:00.000,22:30,40.759277,-73.919685,1,0,1,1,4075,-7391,0.4777777777777778
2021-12-26T00:00:00.000,20:23,40.742393,-73.87116,1,0,1,1,4074,-7387,0.25663716814159293
2021-12-26T00:00:00.000,16:00,40.700245,-73.92089,0,0,0,0,4070,-7392,0.24305555555555555
2021-12-24T00:00:00.000,13:30,40.556343,-74.203705,0,0,0,0,4055,-7420,0.2
2022-07-12T00:00:00.000,8:45,40.75357,-73.85539,2,0,1,1,4075,-7385,0.3048780487804878
2021-12-26T00:00:00.000,15:40,40.57997,-73.97466,0,0,0,0,4057,-7397,0.2619047619047619
2021-12-13T00:00:00.000,16:39,40.688362,-73.77663,0,0,0,0,4068,-7377,0.3673469387755102
2021-12-26T00:00:00.000,13:00,40.717678,-73.81713,0,0,0,0,4071,-7381,0.3448275862068966
2021-12-25T00:00:00.000,21:30,40.848175,-73.88734,0,0,0,0,4084,-7388,0.390625
2021-12-22T00:00:00.000,21:50,40.686104,-73.794586,0,0,0,0,4068,-7379,0.35
2021-12-26T00:00:00.000,7:42,40.711006,-74.003624,0,0,0,0,4071,-7400,0.25517241379310346
2021-12-26T00:00:00.000,20:50,40.85252,-73.90002,0,0,0,0,4085,-7390,0.42207792207792205
2021-12-18T00:00:00.000,17:30,40.712597,-73.88073,0,0,0,0,4071,-7388,0.10344827586206896
2021-12-26T00:00:00.000,4:19,40.622463,-74.07254,1,0,1,1,4062,-7407,0.35714285714285715
2021-12-26T00:00:00.000,20:27,40.770496,-73.87481,0,0,0,0,4077,-7387,0.35714285714285715
2021-12-24T00:00:00.000,14:15,40.84869,-73.90329,0,0,0,0,4084,-7390,0.366120218579235
2021-12-26T00:00:00.000,15:00,40.748955,-73.87136,0,0,0,0,4074,-7387,0.25663716814159293
2021-12-26T00:00:00.000,22:30,40.598392,-73.90629,0,0,0,0,4059,-7390,0.23404255319148937
2021-12-22T00:00:00.000,18:30,40.527874,-74.23353,0,0,0,0,4052,-7423,0.3333333333333333
2021-12-26T00:00:00.000,15:22,40.666008,-73.789536,1,0,1,1,4066,-7378,0.34615384615384615
2021-12-26T00:00:00.000,11:45,40.650066,-73.94853,0,0,0,0,4065,-7394,0.43137254901960786
2021-12-21T00:00:00.000,12:32,40.566715,-74.13769,0,0,0,0,4056,-7413,0.46153846153846156
2021-12-26T00:00:00.000,13:47,40.763897,-73.95323,1,0,1,1,4076,-7395,0.3696969696969697
2021-12-26T00:00:00.000,15:56,40.7304,-73.815056,0,0,0,0,4073,-7381,0.3181818181818182
2021-12-25T00:00:00.000,9:25,40.66552,-73.74467,1,0,1,1,4066,-7374,0.3698630136986301
2021-12-26T00:00:00.000,23:52,40.691536,-73.99912,0,0,0,0,4069,-7399,0.29473684210526313
2021-12-26T00:00:00.000,22:30,40.624653,-73.99933,0,0,0,0,4062,-7399,0.3835616438356164
2021-12-26T00:00:00.000,22:20,40.688957,-73.79824,0,0,0,0,4068,-7379,0.35
2021-12-24T00:00:00.000,6:39,40.75388,-73.822815,1,0,1,1,4075,-7382,0.4915254237288136
2021-12-25T00:00:00.000,11:46,40.740967,-73.88146,0,0,0,0,4074,-7388,0.2978723404255319
2021-12-26T00:00:00.000,15:15,40.82325,-73.88277,0,0,0,0,4082,-7388,0.27624309392265195
2022-03-31T00:00:00.000,0:30,40.757805,-73.88464,0,0,0,0,4075,-7388,0.3402061855670103
2022-03-27T00:00:00.000,2:00,40.767574,-73.91202,0,0,0,0,4076,-7391,0.40476190476190477
2022-03-31T00:00:00.000,0:14,40.738792,-73.8075,0,0,0,0,4073,-7380,0.34285714285714286
2022-04-01T00:00:00.000,23:30,40.764507,-73.88416,0,0,0,0,4076,-7388,0.43283582089552236
2022-03-31T00:00:00.000,19:35,40.852383,-73.92048,1,0,1,1,4085,-7392,0.22
2022-03-31T00:00:00.000,23:31,40.638786,-73.94538,0,0,0,0,4063,-7394,0.358974358974359
2022-03-17T00:00:00.000,8:00,40.584774,-73.96011,1,0,1,1,4058,-7396,0.37333333333333335
2022-04-01T00:00:00.000,6:32,40.60668,-74.085976,0,0,0,0,4060,-7408,0.3235294117647059
2022-03-31T00:00:00.000,18:30,40.66675,-73.779945,1,0,1,1,4066,-7377,0.37362637362637363
2022-03-30T00:00:00.000,1:47,40.677654,-73.82866,0,0,0,0,4067,-7382,0.4186046511627907
2022-03-31T00:00:00.000,0:00,40.712906,-73.771095,0,0,0,0,4071,-7377,0.20967741935483872
2021-05-12T00:00:00.000,14:53,40.63387,-74.10439,2,0,1,1,4063,-7410,0.4117647058823529
2021-05-24T00:00:00.000,17:26,40.77307,-73.94836,0,0,0,0,4077,-7394,0.28
2021-05-25T00:00:00.000,20:50,40.645027,-73.91998,2,0,1,1,4064,-7391,0.39805825242718446
2021-05-24T00:00:00.000,23:00,40.851852,-73.83376,0,0,0,0,4085,-7383,0.25
2021-05-23T00:00:00.000,20:30,40.658295,-73.93109,2,0,1,1,4065,-7393,0.44366197183098594
2021-05-23T00:00:00.000,20:15,40.78017,-73.9551,0,0,0,0,4078,-7395,0.42168674698795183
2021-05-17T00:00:00.000,1:00,40.637455,-73.92886,0,0,0,0,4063,-7392,0.4036697247706422
2021-05-18T00:00:00.000,19:30,40.830536,-73.91571,0,0,0,0,4083,-7391,0.33714285714285713
2021-05-24T00:00:00.000,7:00,40.81404,-73.9367,0,0,0,0,4081,-7393,0.32432432432432434
2022-04-01T00:00:00.000,12:04,40.73197,-73.78651,1,0,1,1,4073,-7378,0.391304347826087
2022-04-01T00:00:00.000,1:34,40.847366,-73.899506,0,0,0,0,4084,-7389,0.33766233766233766
2022-03-30T00:00:00.000,17:26,40.585056,-73.928894,1,0,1,1,4058,-7392,0.375
2022-04-01T00:00:00.000,17:50,40.611385,-74.033005,0,0,0,0,4061,-7403,0.2777777777777778
2022-04-01T00:00:00.000,9:05,40.726887,-74.00095,0,0,0,0,4072,-7400,0.32926829268292684
2022-03-31T00:00:00.000,0:00,40.83419,-73.84525,1,0,1,1,4083,-7384,0.22727272727272727
2022-03-31T00:00:00.000,7:45,40.718567,-73.9834,0,0,0,0,4071,-7398,0.39568345323741005
2022-04-01T00:00:00.000,0:00,40.86235,-73.89997,0,0,0,0,4086,-7389,0.40606060606060607
2022-04-01T00:00:00.000,8:55,40.74946,-73.98383,1,0,1,1,4074,-7398,0.40131578947368424
2022-03-27T00:00:00.000,11:40,40.712692,-73.925735,0,0,0,0,4071,-7392,0.2777777777777778
2022-03-30T00:00:00.000,21:16,40.633667,-73.978775,1,0,1,1,4063,-7397,0.36893203883495146
2022-03-31T00:00:00.000,22:01,40.67341,-73.93348,2,0,1,1,4067,-7393,0.3755868544600939
2022-04-01T00:00:00.000,22:20,40.59808,-74.081474,1,0,1,1,4059,-7408,0.36363636363636365
2022-03-30T00:00:00.000,8:40,40.71713,-73.7986,0,0,0,0,4071,-7379,0.3888888888888889
2022-03-31T00:00:00.000,19:00,40.817795,-73.89319,0,0,0,0,4081,-7389,0.31543624161073824
2022-03-26T00:00:00.000,16:26,40.677715,-73.93587,0,0,0,0,4067,-7393,0.3755868544600939
2022-03-30T00:00:00.000,7:52,40.583668,-73.94843,1,0,1,1,4058,-7394,0.40816326530612246
2022-03-31T00:00:00.000,22:55,40.66549,-73.75236,0,0,0,0,4066,-7375,0.3
2021-05-25T00:00:00.000,12:45,40.67581,-73.739555,2,0,1,1,4067,-7373,0.46835443037974683
2021-05-25T00:00:00.000,16:40,40.69424,-73.74534,0,0,0,0,4069,-7374,0.46774193548387094
2021-05-25T00:00:00.000,13:15,40.753895,-73.80661,0,0,0,0,4075,-7380,0.36363636363636365
2021-05-24T00:00:00.000,2:41,40.65661,-73.93091,1,0,1,1,4065,-7393,0.44366197183098594
2021-05-24T00:00:00.000,23:30,40.675735,-73.89686,0,0,0,0,4067,-7389,0.33852140077821014
2021-05-24T00:00:00.000,16:30,40.64404,-73.877525,0,0,0,0,4064,-7387,0.4918032786885246
2021-05-22T00:00:00.000,9:50,40.705914,-74.01343,0,0,0,0,4070,-7401,0.140625
2021-05-25T00:00:00.000,18:18,40.701527,-73.98957,0,0,0,0,4070,-7398,0.21568627450980393
2021-05-25T00:00:00.000,15:16,40.696865,-73.815346,1,0,1,1,4069,-7381,0.3902439024390244
2021-05-25T00:00:00.000,18:00,40.73787,-73.877075,1,0,1,1,4073,-7387,0.3140495867768595
2021-05-25T00:00:00.000,17:00,40.641502,-73.91211,0,0,0,0,4064,-7391,0.39805825242718446
2021-05-22T00:00:00.000,13:25,40.67597,-73.933235,0,0,0,0,4067,-7393,0.3755868544600939
2021-05-25T00:00:00.000,6:25,40.869335,-73.88641,0,0,0,0,4086,-7388,0.23943661971830985
2021-05-25T00:00:00.000,22:30,40.646378,-73.97085,3,0,1,1,4064,-7397,0.4095238095238095
2021-05-25T00:00:00.000,20:00,40.674664,-73.97025,1,0,1,1,4067,-7397,0.2818181818181818
2022-03-30T00:00:00.000,19:30,40.841618,-73.86076,0,0,0,0,4084,-7386,0.375
2021-05-25T00:00:00.000,4:43,40.62199,-74.010216,1,0,1,1,4062,-7401,0.3829787234042553
2021-05-25T00:00:00.000,16:50,40.716965,-73.99443,1,0,1,1,4071,-7399,0.3263157894736842
2021-05-25T00:00:00.000,14:16,40.634476,-73.963196,0,0,0,0,4063,-7396,0.34615384615384615
2021-05-25T00:00:00.000,10:10,40.78941,-73.847984,0,0,0,0,4078,-7384,0.23809523809523808
2021-05-22T00:00:00.000,12:51,40.75401,-73.948395,0,0,0,0,4075,-7394,0.41333333333333333
2021-05-21T00:00:00.000,16:20,40.679523,-73.93382,3,0,1,1,4067,-7393,0.3755868544600939
2021-05-25T00:00:00.000,10:40,40.73011,-73.86509,0,0,0,0,4073,-7386,0.3464566929133858
2021-05-25T00:00:00.000,0:21,40.650806,-73.94958,0,0,0,0,4065,-7394,0.43137254901960786
2022-03-31T00:00:00.000,19:30,40.765354,-73.9856,0,0,0,0,4076,-7398,0.3081761006289308
2021-05-25T00:00:00.000,16:45,40.7423,-74.00809,0,0,0,0,4074,-7400,0.27710843373493976
2021-05-25T00:00:00.000,8:09,40.737377,-73.9813,0,0,0,0,4073,-7398,0.36942675159235666
2021-05-25T00:00:00.000,22:28,40.714947,-74.00969,3,0,1,1,4071,-7400,0.25517241379310346
2021-05-25T00:00:00.000,18:20,40.862404,-73.89799,0,0,0,0,4086,-7389,0.40606060606060607
2021-05-25T00:00:00.000,11:00,40.714066,-73.95163,1,0,1,1,4071,-7395,0.36585365853658536
2021-05-25T00:00:00.000,18:33,40.623318,-73.93126,2,0,1,1,4062,-7393,0.4444444444444444
2021-05-25T00:00:00.000,9:30,40.749054,-73.99576,1,0,1,1,4074,-7399,0.3333333333333333
2022-04-01T00:00:00.000,2:47,40.884777,-73.85877,3,0,1,1,4088,-7385,0.36619718309859156
2021-05-25T00:00:00.000,8:10,40.663483,-73.9627,0,0,0,0,4066,-7396,0.4074074074074074
2021-05-25T00:00:00.000,13:00,40.626263,-73.95147,0,0,0,0,4062,-7395,0.4444444444444444
2021-05-25T00:00:00.000,20:34,40.590294,-73.952866,1,0,1,1,4059,-7395,0.3181818181818182
2021-05-25T00:00:00.000,1:00,40.724205,-73.9953,0,0,0,0,4072,-7399,0.3829787234042553
2021-05-25T00:00:00.000,14:20,40.61216,-74.06991,0,0,0,0,4061,-7406,0.2
2021-05-25T00:00:00.000,18:00,40.606373,-73.760506,0,0,0,0,4060,-7376,0.19230769230769232
2021-05-25T00:00:00.000,11:00,40.74954,-73.918396,0,0,0,0,4074,-7391,0.38333333333333336
2021-05-25T00:00:00.000,14:45,40.67918,-73.92736,1,0,1,1,4067,-7392,0.39655172413793105
2021-05-20T00:00:00.000,10:10,40.68061,-73.96608,0,0,0,0,4068,-7396,0.42567567567567566
2021-05-25T00:00:00.000,16:40,40.598907,-73.98567,1,0,1,1,4059,-7398,0.34146341463414637
2023-01-15T00:00:00.000,23:16,40.709152,-74.01055,1,0,1,1,4070,-7401,0.140625
2021-05-25T00:00:00.000,23:02,40.749866,-73.86273,0,0,0,0,4074,-7386,0.3813559322033898
2021-05-25T00:00:00.000,12:20,40.844902,-73.89011,1,0,1,1,4084,-7389,0.33766233766233766
2021-05-25T00:00:00.000,18:20,40.888596,-73.89068,1,0,1,1,4088,-7389,0.4626865671641791
2020-05-26T00:00:00.000,15:20,40.65183,-74.003334,0,0,0,0,4065,-7400,0.41509433962264153
2021-05-25T00:00:00.000,16:05,40.760822,-73.88727,0,0,0,0,4076,-7388,0.43283582089552236
2022-03-29T00:00:00.000,10:00,40.805866,-73.915276,0,0,0,0,4080,-7391,0.38961038961038963
2021-05-25T00:00:00.000,21:22,40.863705,-73.87207,1,0,1,1,4086,-7387,0.34545454545454546
2021-05-25T00:00:00.000,14:30,40.666008,-73.8886,1,0,1,1,4066,-7388,0.37012987012987014
2021-05-25T00:00:00.000,9:00,40.7024,-73.9605,0,0,0,0,4070,-7396,0.3431372549019608
2021-05-25T00:00:00.000,15:00,40.83045,-73.8509,1,0,1,1,4083,-7385,0.30158730158730157
2021-05-25T00:00:00.000,19:35,40.609535,-73.75372,0,0,0,0,4060,-7375,0.17117117117117117
2021-05-25T00:00:00.000,23:16,40.671825,-73.774506,0,0,0,0,4067,-7377,0.32608695652173914
2021-05-25T00:00:00.000,18:45,40.75548,-73.74173,0,0,0,0,4075,-7374,0.3333333333333333
2021-05-25T00:00:00.000,13:50,40.717022,-73.96527,0,0,0,0,4071,-7396,0.3218390804597701
2021-05-25T00:00:00.000,20:50,40.762142,-73.96214,1,0,1,1,4076,-7396,0.3023255813953488
2021-05-25T00:00:00.000,21:30,40.711227,-73.72826,0,0,0,0,4071,-7372,0.40425531914893614
2021-05-25T00:00:00.000,17:50,40.871452,-73.851776,0,0,0,0,4087,-7385,0.37681159420289856
2021-05-25T00:00:00.000,11:16,40.67567,-73.87008,0,0,0,0,4067,-7387,0.30344827586206896
2021-05-25T00:00:00.000,0:35,40.689648,-73.9184,1,0,1,1,4068,-7391,0.344
2021-05-24T00:00:00.000,8:20,40.677353,-73.94424,0,0,0,0,4067,-7394,0.34074074074074073
2021-05-25T00:00:00.000,11:00,40.687008,-73.82219,0,0,0,0,4068,-7382,0.41975308641975306
2021-05-19T00:00:00.000,16:55,40.67625,-73.95308,2,0,1,1,4067,-7395,0.3695652173913043
2022-04-01T00:00:00.000,10:15,40.66922,-73.801094,0,0,0,0,4066,-7380,0.40789473684210525
2021-05-25T00:00:00.000,23:08,40.667835,-73.89484,0,0,0,0,4066,-7389,0.3103448275862069
2021-05-25T00:00:00.000,23:45,40.680016,-73.87743,0,0,0,0,4068,-7387,0.24719101123595505
2021-05-25T00:00:00.000,15:44,40.75796,-73.78567,0,0,0,0,4075,-7378,0.18518518518518517
2021-05-25T00:00:00.000,16:40,40.771076,-73.947586,1,0,1,1,4077,-7394,0.28
2021-05-05T00:00:00.000,15:00,40.727634,-73.8955,1,0,1,1,4072,-7389,0.41379310344827586
2021-05-25T00:00:00.000,16:00,40.844917,-73.926384,1,0,1,1,4084,-7392,0.3181818181818182
2022-03-31T00:00:00.000,19:57,40.820827,-73.950836,0,0,0,0,4082,-7395,0.4117647058823529
2021-05-25T00:00:00.000,21:00,40.661396,-73.741806,1,0,1,1,4066,-7374,0.3698630136986301
2021-05-25T00:00:00.000,8:48,40.828236,-73.88602,0,0,0,0,4082,-7388,0.27624309392265195
2021-05-25T00:00:00.000,14:10,40.787247,-73.820564,1,0,1,1,4078,-7382,0.3
2021-05-09T00:00:00.000,12:01,40.67034,-73.942116,1,0,1,1,4067,-7394,0.34074074074074073
2021-05-25T00:00:00.000,12:15,40.611404,-74.00952,1,0,1,1,4061,-7400,0.3076923076923077
2021-05-25T00:00:00.000,11:40,40.759308,-73.9653,0,0,0,0,4075,-7396,0.4788732394366197
2021-05-25T00:00:00.000,12:00,40.749996,-73.98238,0,0,0,0,4074,-7398,0.40131578947368424
2021-05-24T00:00:00.000,0:24,40.81122,-73.90067,0,0,0,0,4081,-7390,0.3888888888888889
2021-05-25T00:00:00.000,18:30,40.705982,-73.73956,1,0,1,1,4070,-7373,0.52
2021-05-25T00:00:00.000,22:27,40.87191,-73.83491,0,0,0,0,4087,-7383,0.3333333333333333
2021-05-25T00:00:00.000,12:05,40.869076,-73.830666,0,0,0,0,4086,-7383,0.3448275862068966
2021-05-25T00:00:00.000,6:30,40.731983,-73.91912,0,0,0,0,4073,-7391,0.33962264150943394
2021-05-25T00:00:00.000,16:11,40.691666,-73.76239,1,0,1,1,4069,-7376,0.3392857142857143
2021-05-25T00:00:00.000,22:45,40.835808,-73.949455,0,0,0,0,4083,-7394,0.38926174496644295
2021-05-25T00:00:00.000,8:16,40.70191,-73.829475,2,0,1,1,4070,-7382,0.4166666666666667
2021-05-25T00:00:00.000,14:15,40.593384,-73.94442,0,0,0,0,4059,-7394,0.275
2021-05-23T00:00:00.000,22:40,40.75719,-73.89041,0,0,0,0,4075,-7389,0.4805194805194805
2021-05-25T00:00:00.000,19:28,40.608864,-73.92146,0,0,0,0,4060,-7392,0.3333333333333333
2021-05-25T00:00:00.000,1:05,40.69245,-73.811005,2,0,1,1,4069,-7381,0.3902439024390244
2021-05-25T00:00:00.000,16:00,40.787914,-73.841965,2,0,1,1,4078,-7384,0.23809523809523808
2022-03-26T00:00:00.000,11:55,40.657627,-73.90767,1,0,1,1,4065,-7390,0.375
2021-05-23T00:00:00.000,13:20,40.637455,-73.92886,0,0,0,0,4063,-7392,0.4036697247706422
2022-03-31T00:00:00.000,9:25,40.734783,-73.79323,1,0,1,1,4073,-7379,0.4
2021-05-23T00:00:00.000,20:20,40.856712,-73.93264,1,0,1,1,4085,-7393,0.36585365853658536
2021-04-24T00:00:00.000,15:30,40.671787,-73.95311,1,0,1,1,4067,-7395,0.3695652173913043
2021-05-25T00:00:00.000,22:14,40.69003,-73.911,0,0,0,0,4069,-7391,0.2709677419354839
2021-05-25T00:00:00.000,6:47,40.871494,-73.88868,0,0,0,0,4087,-7388,0.3561643835616438
2021-05-25T00:00:00.000,17:11,40.904366,-73.84713,1,0,1,1,4090,-7384,0.28205128205128205
2021-05-25T00:00:00.000,16:49,40.79525,-73.97321,0,0,0,0,4079,-7397,0.24210526315789474
2021-05-25T00:00:00.000,16:33,40.61324,-74.12045,1,0,1,1,4061,-7412,0.25
2021-05-25T00:00:00.000,18:30,40.84782,-73.90756,0,0,0,0,4084,-7390,0.366120218579235
2021-05-25T00:00:00.000,0:00,40.811638,-73.9316,0,0,0,0,4081,-7393,0.32432432432432434
2021-04-28T00:00:00.000,13:00,40.672752,-73.95432,0,0,0,0,4067,-7395,0.3695652173913043
2021-05-17T00:00:00.000,9:00,40.770416,-73.92553,0,0,0,0,4077,-7392,0.3269230769230769
2021-05-25T00:00:00.000,23:35,40.769005,-73.992355,0,0,0,0,4076,-7399,0.3275862068965517
2021-05-19T00:00:00.000,13:20,40.68942,-73.99157,0,0,0,0,4068,-7399,0.17857142857142858
2021-05-25T00:00:00.000,19:15,40.720066,-73.84086,1,0,1,1,4072,-7384,0.2711864406779661
2021-05-25T00:00:00.000,9:15,40.744766,-73.884544,0,0,0,0,4074,-7388,0.2978723404255319
2021-05-25T00:00:00.000,9:00,40.815166,-73.90641,1,0,1,1,4081,-7390,0.3888888888888889
2021-05-25T00:00:00.000,17:28,40.623367,-73.989494,1,0,1,1,4062,-7398,0.38
2021-05-25T00:00:00.000,6:55,40.772327,-73.94531,0,0,0,0,4077,-7394,0.28
2021-05-25T00:00:00.000,11:11,40.64858,-73.959564,0,0,0,0,4064,-7395,0.4796747967479675
2021-05-25T00:00:00.000,16:56,40.666187,-73.916664,0,0,0,0,4066,-7391,0.3630952380952381
2021-05-25T00:00:00.000,6:07,40.66411,-73.96034,0,0,0,0,4066,-7396,0.4074074074074074
2022-03-30T00:00:00.000,22:40,40.74083,-74.00173,1,0,1,1,4074,-7400,0.27710843373493976
2021-05-25T00:00:00.000,13:20,40.651688,-73.88877,1,0,1,1,4065,-7388,0.41509433962264153
2021-05-25T00:00:00.000,16:40,0.0,0.0,1,0,1,1,0,0,0.40425531914893614
2021-05-25T00:00:00.000,15:00,40.68178,-73.87879,0,0,0,0,4068,-7387,0.24719101123595505
2021-05-25T00:00:00.000,0:35,40.86268,-73.90905,1,0,1,1,4086,-7390,0.42748091603053434
2021-05-25T00:00:00.000,7:05,40.608223,-74.1294,0,0,0,0,4060,-7412,0.2608695652173913
2021-05-25T00:00:00.000,15:10,40.67543,-73.81343,1,0,1,1,4067,-7381,0.4230769230769231
2021-05-25T00:00:00.000,8:00,40.83415,-73.85226,1,0,1,1,4083,-7385,0.30158730158730157
2021-09-13T00:00:00.000,1:30,40.78809,-73.98271,1,0,1,1,4078,-7398,0.42105263157894735
2023-01-15T00:00:00.000,12:46,40.626312,-74.15858,0,0,0,0,4062,-7415,0.37037037037037035
2021-05-23T00:00:00.000,0:11,40.81969,-73.90161,0,0,0,0,4081,-7390,0.3888888888888889
2021-05-25T00:00:00.000,16:35,40.81728,-73.938545,0,0,0,0,4081,-7393,0.32432432432432434
2021-05-25T00:00:00.000,12:24,40.63038,-73.90379,1,0,1,1,4063,-7390,0.3561643835616438
2021-05-25T00:00:00.000,12:25,40.73927,-73.99545,0,0,0,0,4073,-7399,0.423728813559322
2021-05-25T00:00:00.000,15:00,40.834675,-73.87891,0,0,0,0,4083,-7387,0.38414634146341464
2021-05-25T00:00:00.000,20:00,40.726803,-73.94655,0,0,0,0,4072,-7394,0.19801980198019803
2021-05-25T00:00:00.000,11:15,40.59506,-73.927605,1,0,1,1,4059,-7392,0.375
2021-05-25T00:00:00.000,21:30,40.75108,-73.98686,0,0,0,0,4075,-7398,0.3170731707317073
2021-05-25T00:00:00.000,15:30,40.8066,-73.95457,0,0,0,0,4080,-7395,0.381294964028777
2021-05-25T00:00:00.000,20:08,40.86247,-73.90029,1,0,1,1,4086,-7390,0.42748091603053434
2021-05-21T00:00:00.000,2:37,40.82193,-73.88844,0,0,0,0,4082,-7388,0.27624309392265195
2021-05-25T00:00:00.000,8:15,40.88845,-73.841965,1,0,1,1,4088,-7384,0.4153846153846154
2021-05-25T00:00:00.000,19:26,40.835438,-73.86412,0,0,0,0,4083,-7386,0.24822695035460993
2021-05-25T00:00:00.000,9:28,40.88736,-73.89426,0,0,0,0,4088,-7389,0.4626865671641791
2021-05-25T00:00:00.000,8:30,40.886364,-73.84554,0,0,0,0,4088,-7384,0.4153846153846154
2021-05-25T00:00:00.000,10:20,40.579887,-73.94772,2,0,1,1,4057,-7394,0.75
2021-05-16T00:00:00.000,0:45,40.66531,-73.890305,1,0,1,1,4066,-7389,0.3103448275862069
2021-04-27T00:00:00.000,9:32,40.67625,-73.95308,0,0,0,0,4067,-7395,0.3695652173913043
2021-05-25T00:00:00.000,17:03,40.631126,-73.97639,0,0,0,0,4063,-7397,0.36893203883495146
2021-05-21T00:00:00.000,10:15,40.71594,-73.94462,1,0,1,1,4071,-7394,0.3710691823899371
2021-05-25T00:00:00.000,15:00,40.696033,-73.98453,0,0,0,0,4069,-7398,0.3229166666666667
2021-05-24T00:00:00.000,6:29,40.852306,-73.89811,1,0,1,1,4085,-7389,0.3353658536585366
2021-05-25T00:00:00.000,16:50,40.73444,-73.72179,1,0,1,1,4073,-7372,0.3333333333333333
2021-05-25T00:00:00.000,5:20,40.627167,-74.07601,0,0,0,0,4062,-7407,0.35714285714285715
2021-05-20T00:00:00.000,13:28,40.671032,-73.93927,1,0,1,1,4067,-7393,0.3755868544600939
2021-05-25T00:00:00.000,9:45,40.602997,-73.747894,0,0,0,0,4060,-7374,0.15789473684210525
2021-05-25T00:00:00.000,12:59,40.683094,-73.80576,1,0,1,1,4068,-7380,0.3829787234042553
2021-05-24T00:00:00.000,23:24,40.681686,-73.871574,2,0,1,1,4068,-7387,0.24719101123595505
2021-05-25T00:00:00.000,19:14,40.687508,-73.80666,0,0,0,0,4068,-7380,0.3829787234042553
2021-05-25T00:00:00.000,21:15,40.87932,-73.869804,0,0,0,0,4087,-7386,0.3142857142857143
2021-05-25T00:00:00.000,13:45,40.83969,-73.88147,1,0,1,1,4083,-7388,0.26717557251908397
2021-05-25T00:00:00.000,14:13,40.884777,-73.85877,1,0,1,1,4088,-7385,0.36619718309859156
2021-05-25T00:00:00.000,10:54,40.68553,-73.95656,0,0,0,0,4068,-7395,0.38571428571428573
2021-05-25T00:00:00.000,0:01,40.72017,-73.943886,0,0,0,0,4072,-7394,0.19801980198019803
2021-05-25T00:00:00.000,16:00,40.54534,-74.160576,0,0,0,0,4054,-7416,0.42857142857142855
2021-05-24T00:00:00.000,18:15,40.84261,-73.82868,1,0,1,1,4084,-7382,0.4
2021-05-25T00:00:00.000,22:25,40.752888,-73.96374,0,0,0,0,4075,-7396,0.4788732394366197
2021-05-24T00:00:00.000,19:50,40.651863,-73.86536,1,0,1,1,4065,-7386,0.36619718309859156
2021-05-25T00:00:00.000,6:41,40.66955,-73.94497,1,0,1,1,4066,-7394,0.36792452830188677
2021-05-25T00:00:00.000,5:00,40.8394,-73.83658,1,0,1,1,4083,-7383,0.36363636363636365
2021-05-25T00:00:00.000,0:00,40.680016,-73.87743,2,0,1,1,4068,-7387,0.24719101123595505
2021-05-25T00:00:00.000,0:25,40.671627,-73.96263,0,0,0,0,4067,-7396,0.3466666666666667
2021-05-25T00:00:00.000,14:32,40.589977,-73.99313,0,0,0,0,4058,-7399,0.23076923076923078
2021-05-25T00:00:00.000,17:28,40.843204,-73.91196,0,0,0,0,4084,-7391,0.32558139534883723
2021-05-24T00:00:00.000,9:00,40.709316,-73.79191,0,0,0,0,4070,-7379,0.3978494623655914
2021-05-23T00:00:00.000,2:40,40.6947,-73.90141,0,0,0,0,4069,-7390,0.29591836734693877
2022-03-31T00:00:00.000,13:45,40.647224,-73.911766,1,0,1,1,4064,-7391,0.39805825242718446
2021-05-25T00:00:00.000,13:48,40.758743,-73.804214,1,0,1,1,4075,-7380,0.36363636363636365
2021-05-25T00:00:00.000,17:30,40.605335,-73.75528,0,0,0,0,4060,-7375,0.17117117117117117
2021-05-25T00:00:00.000,16:15,40.739388,-73.87121,2,0,1,1,4073,-7387,0.3140495867768595
2021-05-25T00:00:00.000,17:20,40.60676,-73.96373,1,0,1,1,4060,-7396,0.5714285714285714
2021-05-24T00:00:00.000,13:18,40.675804,-73.869156,0,0,0,0,4067,-7386,0.3431372549019608
2021-05-25T00:00:00.000,14:50,40.86795,-73.92701,1,0,1,1,4086,-7392,0.359375
2021-05-25T00:00:00.000,8:34,40.696205,-73.91782,1,0,1,1,4069,-7391,0.2709677419354839
2022-04-01T00:00:00.000,0:00,40.72877,-74.007095,0,0,0,0,4072,-7400,0.32926829268292684
2021-05-25T00:00:00.000,19:05,40.806774,-73.92332,0,0,0,0,4080,-7392,0.3141025641025641
2021-05-25T00:00:00.000,9:15,40.70786,-73.959854,2,0,1,1,4070,-7395,0.3475177304964539
2021-05-25T00:00:00.000,21:30,40.692543,-73.77553,1,0,1,1,4069,-7377,0.35135135135135137
2021-05-23T00:00:00.000,22:15,40.67058,-73.93096,2,0,1,1,4067,-7393,0.3755868544600939
2021-05-25T00:00:00.000,9:10,40.824387,-73.901184,0,0,0,0,4082,-7390,0.3025210084033613
2021-05-22T00:00:00.000,3:41,40.826256,-73.88881,2,0,1,1,4082,-7388,0.27624309392265195
2021-05-24T00:00:00.000,11:26,40.66881,-73.873436,0,0,0,0,4066,-7387,0.38461538461538464
2021-05-25T00:00:00.000,0:38,40.58552,-73.95578,0,0,0,0,4058,-7395,0.3465346534653465
2021-05-21T00:00:00.000,21:05,40.662663,-73.88729,2,0,1,1,4066,-7388,0.37012987012987014
2021-05-25T00:00:00.000,18:18,40.61501,-73.99102,0,0,0,0,4061,-7399,0.29411764705882354
2021-05-25T00:00:00.000,23:07,40.69625,-73.894295,0,0,0,0,4069,-7389,0.3709677419354839
2021-05-25T00:00:00.000,11:50,40.716015,-74.00883,1,0,1,1,4071,-7400,0.25517241379310346
2021-05-25T00:00:00.000,22:10,40.84477,-73.846565,0,0,0,0,4084,-7384,0.4222222222222222
2021-05-22T00:00:00.000,10:15,40.763256,-73.88205,0,0,0,0,4076,-7388,0.43283582089552236
2021-05-25T00:00:00.000,21:00,40.810486,-73.905075,0,0,0,0,4081,-7390,0.3888888888888889
2021-05-25T00:00:00.000,16:30,40.723747,-74.00612,0,0,0,0,4072,-7400,0.32926829268292684
2021-05-25T00:00:00.000,12:15,40.767296,-73.98424,0,0,0,0,4076,-7398,0.3081761006289308
2021-05-25T00:00:00.000,16:04,40.827297,-73.86919,1,0,1,1,4082,-7386,0.3493975903614458
2021-05-25T00:00:00.000,11:25,40.693005,-73.789856,1,0,1,1,4069,-7378,0.29310344827586204
2021-05-26T00:00:00.000,0:05,40.652794,-73.946884,1,0,1,1,4065,-7394,0.43137254901960786
2021-05-25T00:00:00.000,17:45,40.669704,-73.94774,2,0,1,1,4066,-7394,0.36792452830188677
2021-05-25T00:00:00.000,13:33,40.822456,-73.88728,2,0,1,1,4082,-7388,0.27624309392265195
2021-05-25T00:00:00.000,8:14,40.878853,-73.87349,0,0,0,0,4087,-7387,0.297029702970297
2021-05-23T00:00:00.000,13:48,40.83569,-73.86857,0,0,0,0,4083,-7386,0.24822695035460993
2021-05-25T00:00:00.000,17:49,40.82677,-73.856155,0,0,0,0,4082,-7385,0.27
2021-05-25T00:00:00.000,19:03,40.82929,-73.91642,0,0,0,0,4082,-7391,0.3355263157894737
2021-05-23T00:00:00.000,15:08,40.675907,-73.931946,0,0,0,0,4067,-7393,0.3755868544600939
2021-05-11T00:00:00.000,2:15,40.762966,-73.973976,1,0,1,1,4076,-7397,0.37
2021-05-21T00:00:00.000,16:30,40.824207,-73.858795,0,0,0,0,4082,-7385,0.27
2021-05-25T00:00:00.000,14:54,40.58618,-74.08989,0,0,0,0,4058,-7408,0.1111111111111111
2021-05-25T00:00:00.000,14:05,40.649654,-74.01635,0,0,0,0,4064,-7401,0.4295774647887324
2021-05-25T00:00:00.000,17:12,40.647526,-73.89469,2,0,1,1,4064,-7389,0.43478260869565216
2021-05-25T00:00:00.000,13:45,40.692753,-73.80866,3,0,1,1,4069,-7380,0.38461538461538464
2021-05-25T00:00:00.000,10:09,40.706257,-73.80034,0,0,0,0,4070,-7380,0.3877551020408163
2021-05-11T00:00:00.000,22:48,40.68993,-73.98148,0,0,0,0,4068,-7398,0.3873239436619718
2021-05-25T00:00:00.000,8:00,40.8166,-73.942764,0,0,0,0,4081,-7394,0.38
2021-05-25T00:00:00.000,10:00,40.773273,-73.92512,3,0,1,1,4077,-7392,0.3269230769230769
2021-05-25T00:00:00.000,11:30,40.658512,-73.953316,4,0,1,1,4065,-7395,0.38686131386861317
2021-05-25T00:00:00.000,21:33,40.857418,-73.899956,0,0,0,0,4085,-7389,0.3353658536585366
2022-03-30T00:00:00.000,9:50,40.76689,-73.99017,0,0,0,0,4076,-7399,0.3275862068965517
2021-05-25T00:00:00.000,17:45,40.745388,-73.71508,0,0,0,0,4074,-7371,0.38095238095238093
2021-05-25T00:00:00.000,14:45,40.884144,-73.90224,0,0,0,0,4088,-7390,0.2702702702702703
2021-04-10T00:00:00.000,19:57,40.67607,-73.93043,2,0,1,1,4067,-7393,0.3755868544600939
2021-05-25T00:00:00.000,16:17,40.681927,-73.97611,5,0,1,1,4068,-7397,0.3412322274881517
2021-05-25T00:00:00.000,8:10,40.610382,-73.950554,0,0,0,0,4061,-7395,0.4461538461538462
2021-05-25T00:00:00.000,6:15,40.66626,-73.884026,0,0,0,0,4066,-7388,0.37012987012987014
2021-05-24T00:00:00.000,22:40,40.680584,-73.88649,0,0,0,0,4068,-7388,0.36538461538461536
2021-05-25T00:00:00.000,20:20,40.835052,-73.92615,0,0,0,0,4083,-7392,0.310126582278481
2021-05-25T00:00:00.000,15:50,40.717014,-73.7994,1,0,1,1,4071,-7379,0.3888888888888889
2021-05-25T00:00:00.000,19:00,40.845104,-73.91494,0,0,0,0,4084,-7391,0.32558139534883723
2021-05-25T00:00:00.000,13:36,40.82246,-73.91478,0,0,0,0,4082,-7391,0.3355263157894737
2021-04-29T00:00:00.000,15:49,40.676853,-73.949326,0,0,0,0,4067,-7394,0.34074074074074073
2021-05-25T00:00:00.000,8:45,40.715973,-73.77111,0,0,0,0,4071,-7377,0.20967741935483872
2021-05-24T00:00:00.000,12:48,40.67556,-73.96334,1,0,1,1,4067,-7396,0.3466666666666667
2021-05-25T00:00:00.000,0:30,40.647007,-73.946266,1,0,1,1,4064,-7394,0.42342342342342343
2021-05-25T00:00:00.000,19:30,40.71699,-73.82402,1,0,1,1,4071,-7382,0.379746835443038
2021-05-25T00:00:00.000,14:10,40.85796,-73.89208,0,0,0,0,4085,-7389,0.3353658536585366
2021-05-25T00:00:00.000,13:30,40.616707,-73.97846,2,0,1,1,4061,-7397,0.421875
2021-05-25T00:00:00.000,17:29,40.719395,-74.00189,0,0,0,0,4071,-7400,0.25517241379310346
2021-05-25T00:00:00.000,8:05,40.69203,-73.94565,0,0,0,0,4069,-7394,0.417910447761194
2021-05-25T00:00:00.000,21:40,40.6229,-74.14943,0,0,0,0,4062,-7414,0.20408163265306123
2021-05-25T00:00:00.000,0:00,40.691994,-73.76111,0,0,0,0,4069,-7376,0.3392857142857143
2021-05-25T00:00:00.000,3:25,40.631905,-74.03349,0,0,0,0,4063,-7403,0.42424242424242425
2021-05-25T00:00:00.000,17:50,40.667976,-73.93399,0,0,0,0,4066,-7393,0.38578680203045684
2021-05-13T00:00:00.000,16:35,40.737385,-73.98373,0,0,0,0,4073,-7398,0.36942675159235666
2021-05-25T00:00:00.000,10:33,40.778812,-73.95609,3,0,1,1,4077,-7395,0.3384615384615385
2021-05-25T00:00:00.000,16:01,40.651226,-73.94096,1,0,1,1,4065,-7394,0.43137254901960786
2021-05-24T00:00:00.000,15:37,40.68086,-73.864685,2,0,1,1,4068,-7386,0.423728813559322
2021-05-25T00:00:00.000,15:55,40.83282,-73.91825,1,0,1,1,4083,-7391,0.33714285714285713
2021-05-23T00:00:00.000,22:26,40.82378,-73.836426,1,0,1,1,4082,-7383,0.34210526315789475
2021-05-25T00:00:00.000,11:34,40.73555,-73.934784,1,0,1,1,4073,-7393,0.38461538461538464
2021-05-25T00:00:00.000,18:25,40.713947,-73.98354,0,0,0,0,4071,-7398,0.39568345323741005
2021-05-24T00:00:00.000,12:00,40.577503,-73.95522,0,0,0,0,4057,-7395,0.47368421052631576
2021-05-25T00:00:00.000,19:40,40.83008,-73.85377,1,0,1,1,4083,-7385,0.30158730158730157
2021-05-24T00:00:00.000,20:20,40.802437,-73.96805,1,0,1,1,4080,-7396,0.31343283582089554
2023-01-15T00:00:00.000,20:00,40.587326,-73.99173,0,0,0,0,4058,-7399,0.23076923076923078
2021-05-25T00:00:00.000,5:34,40.842514,-73.871544,1,1,2,1,4084,-7387,0.48333333333333334
2021-05-25T00:00:00.000,11:50,40.63573,-74.10675,1,0,1,1,4063,-7410,0.4117647058823529
2021-05-11T00:00:00.000,12:45,40.854687,-73.890396,0,0,0,0,4085,-7389,0.3353658536585366
2021-05-25T00:00:00.000,17:00,40.606873,-73.75954,0,0,0,0,4060,-7375,0.17117117117117117
2021-05-25T00:00:00.000,10:50,40.866,-73.84327,0,0,0,0,4086,-7384,0.17857142857142858
2021-05-25T00:00:00.000,15:30,40.691544,-73.9685,1,0,1,1,4069,-7396,0.325
2021-05-25T00:00:00.000,22:00,40.874928,-73.86498,0,0,0,0,4087,-7386,0.3142857142857143
2021-05-25T00:00:00.000,15:40,40.90347,-73.88628,0,0,0,0,4090,-7388,0.36363636363636365
2021-05-25T00:00:00.000,7:50,40.763184,-73.97452,0,0,0,0,4076,-7397,0.37
2021-05-23T00:00:00.000,14:00,40.815098,-73.821144,0,0,0,0,4081,-7382,0.07142857142857142
2021-05-21T00:00:00.000,19:05,40.67342,-73.95017,1,0,1,1,4067,-7395,0.3695652173913043
2021-05-25T00:00:00.000,15:40,40.619698,-74.10771,1,0,1,1,4061,-7410,0.6363636363636364
2021-05-25T00:00:00.000,18:30,40.649483,-73.880714,0,0,0,0,4064,-7388,0.3225806451612903
2021-05-24T00:00:00.000,15:00,40.6789,-73.86574,0,0,0,0,4067,-7386,0.3431372549019608
2021-05-25T00:00:00.000,0:03,40.741234,-73.84573,0,0,0,0,4074,-7384,0.42857142857142855
2021-05-23T00:00:00.000,21:55,40.671032,-73.93927,0,0,0,0,4067,-7393,0.3755868544600939
2021-05-25T00:00:00.000,16:12,40.706673,-73.95443,0,0,0,0,4070,-7395,0.3475177304964539
2021-05-25T00:00:00.000,16:40,40.838875,-73.90266,1,0,1,1,4083,-7390,0.3064516129032258
2021-05-25T00:00:00.000,13:15,40.621994,-73.99493,0,0,0,0,4062,-7399,0.3835616438356164
2021-05-25T00:00:00.000,15:10,40.83945,-73.91209,0,0,0,0,4083,-7391,0.33714285714285713
2021-05-20T00:00:00.000,15:00,40.594257,-73.97361,0,0,0,0,4059,-7397,0.3191489361702128
2021-05-25T00:00:00.000,18:10,40.644753,-73.92493,0,0,0,0,4064,-7392,0.4077669902912621
2021-05-25T00:00:00.000,18:45,40.76023,-73.961525,0,0,0,0,4076,-7396,0.3023255813953488
2021-05-25T00:00:00.000,8:00,40.800663,-73.946465,0,0,0,0,4080,-7394,0.41116751269035534
2021-05-25T00:00:00.000,8:20,40.825897,-73.93936,1,0,1,1,4082,-7393,0.36645962732919257
2021-05-25T00:00:00.000,22:39,40.71328,-73.83311,1,0,1,1,4071,-7383,0.37349397590361444
2021-05-25T00:00:00.000,13:30,40.609974,-73.93534,1,0,1,1,4060,-7393,0.4117647058823529
2021-05-25T00:00:00.000,18:40,40.792183,-73.968025,0,0,0,0,4079,-7396,0.25
2021-05-25T00:00:00.000,9:20,40.60485,-74.02559,1,0,1,1,4060,-7402,0.42105263157894735
2021-05-25T00:00:00.000,17:12,40.696167,-73.8045,5,0,1,1,4069,-7380,0.38461538461538464
2021-05-24T00:00:00.000,6:45,40.769283,-73.82445,0,1,2,1,4076,-7382,0.2987012987012987
2021-05-25T00:00:00.000,10:00,40.67481,-73.73672,0,0,0,0,4067,-7373,0.46835443037974683
2021-05-25T00:00:00.000,18:31,40.71889,-74.002335,0,0,0,0,4071,-7400,0.25517241379310346
2021-05-25T00:00:00.000,23:15,40.75663,-73.875145,0,0,0,0,4075,-7387,0.33884297520661155
2021-05-24T00:00:00.000,13:20,40.679653,-73.88556,0,0,0,0,4067,-7388,0.30434782608695654
2021-05-25T00:00:00.000,12:24,40.702984,-73.94586,0,0,0,0,4070,-7394,0.3956043956043956
2021-05-25T00:00:00.000,14:45,40.743645,-73.94045,3,0,1,1,4074,-7394,0.33962264150943394
2021-05-25T00:00:00.000,16:18,40.71918,-73.99029,0,0,0,0,4071,-7399,0.3263157894736842
2021-05-25T00:00:00.000,17:15,40.56094,-74.14973,1,0,1,1,4056,-7414,0.6666666666666666
2021-05-25T00:00:00.000,23:15,40.656944,-73.88082,1,0,1,1,4065,-7388,0.41509433962264153
2021-05-25T00:00:00.000,11:50,40.810856,-73.92455,0,0,0,0,4081,-7392,0.4714285714285714
2021-05-25T00:00:00.000,7:27,40.676598,-73.93039,1,0,1,1,4067,-7393,0.3755868544600939
2022-03-31T00:00:00.000,19:30,40.713985,-73.73812,0,0,0,0,4071,-7373,0.25
2022-03-23T00:00:00.000,20:50,40.735115,-73.87524,1,0,1,1,4073,-7387,0.3140495867768595
2022-03-30T00:00:00.000,12:00,40.706947,-73.7829,0,0,0,0,4070,-7378,0.34523809523809523
2022-03-27T00:00:00.000,22:53,40.732655,-73.92297,0,0,0,0,4073,-7392,0.4444444444444444
2022-04-01T00:00:00.000,14:00,40.732277,-73.84927,0,0,0,0,4073,-7384,0.2682926829268293
2022-03-30T00:00:00.000,16:00,40.675735,-73.89686,0,0,0,0,4067,-7389,0.33852140077821014
2022-03-30T00:00:00.000,15:40,40.66186,-73.9344,1,0,1,1,4066,-7393,0.38578680203045684
2022-02-02T00:00:00.000,7:40,40.689274,-73.930466,1,0,1,1,4068,-7393,0.3619047619047619
2022-04-01T00:00:00.000,14:35,40.757156,-73.73643,1,0,1,1,4075,-7373,0.18181818181818182
2022-03-30T00:00:00.000,21:05,40.72462,-73.894554,0,0,0,0,4072,-7389,0.41379310344827586
2022-03-30T00:00:00.000,14:00,40.695023,-73.93262,0,0,0,0,4069,-7393,0.3141025641025641
2022-03-23T00:00:00.000,12:00,40.60899,-73.96118,0,0,0,0,4060,-7396,0.5714285714285714
2022-04-01T00:00:00.000,1:57,40.635185,-73.92862,1,0,1,1,4063,-7392,0.4036697247706422
2022-03-30T00:00:00.000,8:00,40.827557,-73.914764,0,0,0,0,4082,-7391,0.3355263157894737
2022-03-09T00:00:00.000,2:45,40.676243,-73.95269,0,0,0,0,4067,-7395,0.3695652173913043
2022-03-30T00:00:00.000,12:21,40.865536,-73.92728,0,0,0,0,4086,-7392,0.359375
2022-03-31T00:00:00.000,13:17,40.822933,-73.85731,0,0,0,0,4082,-7385,0.27
2022-03-31T00:00:00.000,6:54,40.82519,-73.87276,1,0,1,1,4082,-7387,0.33544303797468356
2022-03-30T00:00:00.000,13:04,40.65878,-73.960526,0,0,0,0,4065,-7396,0.3939393939393939
2022-03-31T00:00:00.000,14:40,40.69515,-73.80774,0,0,0,0,4069,-7380,0.38461538461538464
2022-03-31T00:00:00.000,11:56,40.760464,-73.826546,1,0,1,1,4076,-7382,0.2987012987012987
2022-03-24T00:00:00.000,6:30,40.733685,-73.92396,1,0,1,1,4073,-7392,0.4444444444444444
2022-03-30T00:00:00.000,7:25,40.864376,-73.9021,0,0,0,0,4086,-7390,0.42748091603053434
2022-03-31T00:00:00.000,13:10,40.668003,-73.76346,1,0,1,1,4066,-7376,0.30434782608695654
2022-03-30T00:00:00.000,20:30,40.65159,-73.98112,1,0,1,1,4065,-7398,0.2222222222222222
2022-03-31T00:00:00.000,18:25,40.727566,-73.929276,0,0,0,0,4072,-7392,0.4
2022-04-01T00:00:00.000,9:55,40.828648,-73.898445,1,0,1,1,4082,-7389,0.37423312883435583
2022-03-30T00:00:00.000,11:30,40.764988,-73.82067,0,0,0,0,4076,-7382,0.2987012987012987
2022-03-30T00:00:00.000,5:45,40.769646,-73.91425,1,0,1,1,4076,-7391,0.40476190476190477
2022-04-01T00:00:00.000,8:19,40.68238,-73.90565,0,0,0,0,4068,-7390,0.4421052631578947
2022-03-31T00:00:00.000,15:10,40.693172,-73.9711,0,0,0,0,4069,-7397,0.3253012048192771
2022-04-01T00:00:00.000,7:46,40.830143,-73.92858,0,0,0,0,4083,-7392,0.310126582278481
2022-03-30T00:00:00.000,17:00,40.64038,-73.90871,0,0,0,0,4064,-7390,0.4017094017094017
2022-03-15T00:00:00.000,1:00,40.634075,-74.12308,4,0,1,1,4063,-7412,0.36363636363636365
2022-03-30T00:00:00.000,0:40,40.70618,-73.786064,0,0,0,0,4070,-7378,0.34523809523809523
2022-03-31T00:00:00.000,17:07,40.633488,-73.97459,1,0,1,1,4063,-7397,0.36893203883495146
2022-03-31T00:00:00.000,6:20,40.835968,-73.87,0,0,0,0,4083,-7387,0.38414634146341464
2022-03-29T00:00:00.000,7:55,40.575573,-73.99432,1,0,1,1,4057,-7399,0.32558139534883723
2022-03-26T00:00:00.000,21:45,40.769157,-73.92626,0,0,0,0,4076,-7392,0.42105263157894735
2022-03-30T00:00:00.000,20:16,40.644707,-73.90183,1,0,1,1,4064,-7390,0.4017094017094017
2022-03-30T00:00:00.000,0:12,40.635513,-73.98085,1,0,1,1,4063,-7398,0.4827586206896552
2022-03-25T00:00:00.000,14:28,40.698837,-73.91407,0,0,0,0,4069,-7391,0.2709677419354839
2022-03-31T00:00:00.000,18:35,40.704002,-73.85593,1,0,1,1,4070,-7385,0.39436619718309857
2022-04-01T00:00:00.000,1:30,40.71602,-73.79671,0,0,0,0,4071,-7379,0.3888888888888889
2022-03-30T00:00:00.000,18:27,40.730118,-73.86232,1,0,1,1,4073,-7386,0.3464566929133858
2022-03-30T00:00:00.000,17:15,40.86536,-73.87043,0,0,0,0,4086,-7387,0.34545454545454546
2022-04-01T00:00:00.000,3:16,40.71958,-73.83978,0,0,0,0,4071,-7383,0.37349397590361444
2022-03-31T00:00:00.000,10:50,40.67513,-73.89773,1,0,1,1,4067,-7389,0.33852140077821014
2022-03-23T00:00:00.000,17:25,40.791843,-73.94447,2,0,1,1,4079,-7394,0.3523809523809524
2022-03-30T00:00:00.000,18:00,40.707573,-73.8362,0,0,0,0,4070,-7383,0.3541666666666667
2022-04-01T00:00:00.000,16:45,40.6462,-73.93175,1,0,1,1,4064,-7393,0.3333333333333333
2021-05-26T00:00:00.000,19:48,0.0,0.0,0,0,0,0,0,0,0.40425531914893614
2022-03-31T00:00:00.000,6:47,40.733974,-73.9993,0,0,0,0,4073,-7399,0.423728813559322
2022-03-30T00:00:00.000,10:57,40.6758,-73.98742,0,0,0,0,4067,-7398,0.3655913978494624
2022-04-01T00:00:00.000,10:28,40.6848,-73.9138,1,0,1,1,4068,-7391,0.344
2022-03-30T00:00:00.000,0:00,40.73444,-73.72179,0,0,0,0,4073,-7372,0.3333333333333333
2022-03-30T00:00:00.000,22:19,40.747295,-73.87815,1,0,1,1,4074,-7387,0.25663716814159293
2022-03-30T00:00:00.000,15:50,40.667076,-73.99508,0,0,0,0,4066,-7399,0.40540540540540543
2022-03-31T00:00:00.000,9:47,0.0,0.0,0,0,0,0,0,0,0.40425531914893614
2022-03-30T00:00:00.000,12:10,40.594646,-73.956566,0,0,0,0,4059,-7395,0.3181818181818182
2022-03-31T00:00:00.000,21:29,40.84543,-73.91399,1,0,1,1,4084,-7391,0.32558139534883723
2022-03-31T00:00:00.000,8:00,40.67816,-73.897484,0,0,0,0,4067,-7389,0.33852140077821014
2022-03-31T00:00:00.000,16:20,40.7362,-73.9352,1,0,1,1,4073,-7393,0.38461538461538464
2022-03-31T00:00:00.000,22:48,40.763893,-73.96436,0,0,0,0,4076,-7396,0.3023255813953488
2022-04-01T00:00:00.000,18:30,40.678646,-73.75432,1,0,1,1,4067,-7375,0.2608695652173913
2022-03-30T00:00:00.000,17:30,40.698254,-73.86939,0,0,0,0,4069,-7386,0.21052631578947367
2022-03-30T00:00:00.000,9:00,40.81915,-73.93062,0,0,0,0,4081,-7393,0.32432432432432434
2022-03-31T00:00:00.000,5:38,40.706825,-73.93501,1,0,1,1,4070,-7393,0.3300970873786408
2022-03-30T00:00:00.000,7:30,40.687164,-73.99727,0,0,0,0,4068,-7399,0.17857142857142858
2022-03-31T00:00:00.000,11:30,40.631798,-74.13224,0,0,0,0,4063,-7413,0.2903225806451613
2022-04-01T00:00:00.000,21:19,40.723198,-73.73358,2,0,1,1,4072,-7373,0.4642857142857143
2022-04-01T00:00:00.000,23:53,40.679974,-73.77622,0,0,0,0,4067,-7377,0.32608695652173914
2022-03-30T00:00:00.000,10:11,40.826397,-73.92116,0,0,0,0,4082,-7392,0.3333333333333333
2022-04-01T00:00:00.000,12:05,40.793377,-73.97086,0,0,0,0,4079,-7397,0.24210526315789474
2022-03-29T00:00:00.000,15:00,40.71848,-73.94824,0,0,0,0,4071,-7394,0.3710691823899371
2022-03-30T00:00:00.000,0:00,40.854767,-73.83128,1,0,1,1,4085,-7383,0.25
2022-04-01T00:00:00.000,16:18,40.620304,-73.97981,1,0,1,1,4062,-7397,0.38666666666666666
2022-04-01T00:00:00.000,15:45,40.815662,-73.90624,2,0,1,1,4081,-7390,0.3888888888888889
2022-03-31T00:00:00.000,16:40,40.72482,-73.948265,0,0,0,0,4072,-7394,0.19801980198019803
2022-03-24T00:00:00.000,6:45,40.72066,-73.7472,1,0,1,1,4072,-7374,0.44
2022-03-28T00:00:00.000,15:11,40.64231,-73.93327,0,0,0,0,4064,-7393,0.3333333333333333
2022-03-31T00:00:00.000,3:33,40.756172,-73.87961,0,0,0,0,4075,-7387,0.33884297520661155
2022-03-24T00:00:00.000,8:20,40.80016,-73.946846,0,0,0,0,4080,-7394,0.41116751269035534
2022-03-31T00:00:00.000,6:30,40.665257,-73.92291,0,0,0,0,4066,-7392,0.355
2022-03-28T00:00:00.000,23:40,40.64316,-74.01922,1,0,1,1,4064,-7401,0.4295774647887324
2022-03-30T00:00:00.000,0:00,40.845108,-73.913025,1,0,1,1,4084,-7391,0.32558139534883723
2022-03-31T00:00:00.000,6:06,40.80534,-73.92095,0,0,0,0,4080,-7392,0.3141025641025641
2022-04-01T00:00:00.000,22:39,40.862297,-73.89842,0,0,0,0,4086,-7389,0.40606060606060607
2022-04-01T00:00:00.000,8:40,40.638264,-74.021095,0,0,0,0,4063,-7402,0.3877551020408163
2022-02-10T00:00:00.000,9:45,40.733707,-73.9882,1,0,1,1,4073,-7398,0.36942675159235666
2022-03-30T00:00:00.000,15:00,40.801,-73.91371,0,0,0,0,4080,-7391,0.38961038961038963
2022-03-31T00:00:00.000,12:40,40.82676,-73.937584,1,0,1,1,4082,-7393,0.36645962732919257
2022-04-01T00:00:00.000,12:49,40.736103,-73.99354,0,0,0,0,4073,-7399,0.423728813559322
2022-04-01T00:00:00.000,15:55,40.7517,-73.986404,0,0,0,0,4075,-7398,0.3170731707317073
2022-03-28T00:00:00.000,11:56,40.755234,-73.941246,0,0,0,0,4075,-7394,0.41333333333333333
2022-03-30T00:00:00.000,16:46,40.65978,-73.88292,0,0,0,0,4065,-7388,0.41509433962264153
2022-03-26T00:00:00.000,15:10,40.570835,-74.16983,0,0,0,0,4057,-7416,0.36363636363636365
2022-03-30T00:00:00.000,18:00,40.63529,-73.958206,0,0,0,0,4063,-7395,0.48484848484848486
2022-03-31T00:00:00.000,23:30,40.717033,-73.8221,1,0,1,1,4071,-7382,0.379746835443038
2022-03-30T00:00:00.000,12:40,40.744236,-73.92798,0,0,0,0,4074,-7392,0.3709677419354839
2022-03-31T00:00:00.000,18:00,40.648335,-73.91366,0,0,0,0,4064,-7391,0.39805825242718446
2022-03-31T00:00:00.000,10:16,40.675735,-73.89686,0,0,0,0,4067,-7389,0.33852140077821014
2022-04-01T00:00:00.000,1:30,40.62884,-74.07428,0,0,0,0,4062,-7407,0.35714285714285715
2022-03-31T00:00:00.000,6:40,40.751442,-73.97606,0,0,0,0,4075,-7397,0.375886524822695
2022-04-01T00:00:00.000,14:20,40.593796,-74.135445,0,0,0,0,4059,-7413,0.0
2022-03-30T00:00:00.000,12:40,40.696823,-73.91487,0,0,0,0,4069,-7391,0.2709677419354839
2022-09-09T00:00:00.000,15:25,40.818516,-73.89442,0,0,0,0,4081,-7389,0.31543624161073824
2022-03-31T00:00:00.000,16:30,40.633343,-74.13655,0,0,0,0,4063,-7413,0.2903225806451613
2022-03-30T00:00:00.000,23:12,40.609024,-73.96763,0,0,0,0,4060,-7396,0.5714285714285714
2022-03-30T00:00:00.000,18:00,40.702255,-73.92008,1,0,1,1,4070,-7392,0.24305555555555555
2022-03-29T00:00:00.000,18:29,40.75175,-74.007935,1,0,1,1,4075,-7400,0.3888888888888889
2022-03-31T00:00:00.000,17:00,40.822704,-73.86755,0,0,0,0,4082,-7386,0.3493975903614458
2022-03-31T00:00:00.000,1:50,40.634575,-73.97246,0,0,0,0,4063,-7397,0.36893203883495146
2022-03-31T00:00:00.000,12:52,40.569218,-74.111015,0,0,0,0,4056,-7411,0.3448275862068966
2022-03-14T00:00:00.000,17:20,40.814144,-73.95571,0,0,0,0,4081,-7395,0.3509933774834437
2022-03-30T00:00:00.000,6:00,40.77146,-73.994354,0,0,0,0,4077,-7399,0.4166666666666667
2022-03-26T00:00:00.000,17:09,40.721363,-73.84808,1,0,1,1,4072,-7384,0.2711864406779661
2022-04-01T00:00:00.000,7:01,40.69632,-73.960625,8,0,1,1,4069,-7396,0.325
2022-03-30T00:00:00.000,6:35,40.73868,-73.85793,0,0,0,0,4073,-7385,0.3619047619047619
2022-03-30T00:00:00.000,10:45,40.731693,-73.72301,1,0,1,1,4073,-7372,0.3333333333333333
2022-03-31T00:00:00.000,11:36,40.6087,-73.97404,0,0,0,0,4060,-7397,0.3469387755102041
2022-03-31T00:00:00.000,15:22,40.71162,-74.007225,0,0,0,0,4071,-7400,0.25517241379310346
2022-03-30T00:00:00.000,20:30,40.795456,-73.96564,0,0,0,0,4079,-7396,0.25
2022-03-30T00:00:00.000,12:20,40.66555,-73.74239,1,0,1,1,4066,-7374,0.3698630136986301
2022-04-01T00:00:00.000,18:15,40.7247,-74.00932,0,0,0,0,4072,-7400,0.32926829268292684
2022-03-30T00:00:00.000,6:15,40.839405,-73.858574,0,0,0,0,4083,-7385,0.30158730158730157
2022-03-31T00:00:00.000,14:10,40.68372,-74.00334,1,0,1,1,4068,-7400,0.3333333333333333
2022-03-30T00:00:00.000,18:53,40.74743,-73.925476,1,0,1,1,4074,-7392,0.3709677419354839
2022-03-25T00:00:00.000,20:00,40.710903,-73.992096,0,0,0,0,4071,-7399,0.3263157894736842
2022-03-30T00:00:00.000,23:43,40.872322,-73.90659,0,0,0,0,4087,-7390,0.3184713375796178
2022-09-21T00:00:00.000,15:18,40.764763,-73.79469,0,0,0,0,4076,-7379,0.2631578947368421
2021-09-29T00:00:00.000,11:15,40.677357,-73.88687,1,0,1,1,4067,-7388,0.30434782608695654
2022-04-01T00:00:00.000,10:20,40.71143,-73.72845,0,0,0,0,4071,-7372,0.40425531914893614
2022-04-01T00:00:00.000,12:30,40.744747,-73.99717,0,0,0,0,4074,-7399,0.3333333333333333
2022-03-31T00:00:00.000,18:28,40.7042,-73.815254,1,0,1,1,4070,-7381,0.3194444444444444
2022-04-01T00:00:00.000,15:20,40.69831,-73.9498,0,0,0,0,4069,-7394,0.417910447761194
2022-04-01T00:00:00.000,17:48,40.690926,-73.92066,0,0,0,0,4069,-7392,0.3584905660377358
2022-04-01T00:00:00.000,16:00,40.754807,-73.91688,0,0,0,0,4075,-7391,0.4777777777777778
2022-03-20T00:00:00.000,3:51,40.81447,-73.94577,0,0,0,0,4081,-7394,0.38
2022-03-30T00:00:00.000,13:58,40.669777,-73.910065,0,0,0,0,4066,-7391,0.3630952380952381
2021-12-22T00:00:00.000,10:37,40.830624,-73.85206,2,0,1,1,4083,-7385,0.30158730158730157
2021-12-22T00:00:00.000,18:30,40.87004,-73.8997,1,0,1,1,4087,-7389,0.3333333333333333
2021-11-27T00:00:00.000,21:20,40.729084,-73.97828,2,0,1,1,4072,-7397,0.3283582089552239
2021-12-21T00:00:00.000,12:35,40.87125,-73.85662,2,0,1,1,4087,-7385,0.37681159420289856
2021-12-15T00:00:00.000,16:38,40.764614,-73.95833,1,0,1,1,4076,-7395,0.3696969696969697
2021-11-01T00:00:00.000,18:18,40.812134,-73.95178,0,0,0,0,4081,-7395,0.3509933774834437
2021-12-27T00:00:00.000,10:45,40.72972,-73.980865,0,0,0,0,4072,-7398,0.4342105263157895
2021-12-23T00:00:00.000,16:03,40.814167,-73.947,0,0,0,0,4081,-7394,0.38
2022-04-01T00:00:00.000,6:15,40.736916,-73.85429,0,0,0,0,4073,-7385,0.3619047619047619
2022-03-30T00:00:00.000,15:20,40.61292,-74.099884,0,0,0,0,4061,-7409,0.46153846153846156
2021-05-27T00:00:00.000,1:55,40.657753,-73.89612,1,0,1,1,4065,-7389,0.34965034965034963
2020-11-09T00:00:00.000,21:38,40.8399,-73.87562,1,0,1,1,4083,-7387,0.38414634146341464
2021-06-03T00:00:00.000,17:51,40.694687,-73.95521,1,0,1,1,4069,-7395,0.30952380952380953
2022-04-01T00:00:00.000,22:03,40.752155,-73.89995,1,0,1,1,4075,-7389,0.4805194805194805
2022-03-31T00:00:00.000,5:00,40.73136,-73.95708,0,0,0,0,4073,-7395,0.30434782608695654
2021-09-16T00:00:00.000,19:57,40.71582,-73.80799,2,0,1,1,4071,-7380,0.42105263157894735
2021-09-18T00:00:00.000,14:10,40.65616,-73.76736,2,0,1,1,4065,-7376,0.35714285714285715
2021-09-24T00:00:00.000,17:00,40.708805,-73.92577,2,0,1,1,4070,-7392,0.24305555555555555
2021-12-27T00:00:00.000,19:40,40.815975,-73.91102,1,0,1,1,4081,-7391,0.47244094488188976
2021-12-25T00:00:00.000,1:45,40.59654,-73.76748,0,0,0,0,4059,-7376,0.23809523809523808
2021-12-27T00:00:00.000,23:30,40.66968,-73.91075,0,0,0,0,4066,-7391,0.3630952380952381
2021-12-27T00:00:00.000,1:35,40.74833,-73.896095,1,0,1,1,4074,-7389,0.3203125
2021-12-27T00:00:00.000,12:15,40.71042,-73.85964,2,0,1,1,4071,-7385,0.4418604651162791
2021-12-24T00:00:00.000,9:00,40.672688,-73.73544,0,0,0,0,4067,-7373,0.46835443037974683
2021-12-27T00:00:00.000,2:20,40.69248,-73.785034,0,0,0,0,4069,-7378,0.29310344827586204
2021-12-27T00:00:00.000,8:50,40.673965,-73.99998,0,0,0,0,4067,-7399,0.3258426966292135
2021-12-27T00:00:00.000,23:00,40.835808,-73.949455,1,0,1,1,4083,-7394,0.38926174496644295
2021-12-27T00:00:00.000,0:09,40.684204,-73.85858,0,0,0,0,4068,-7385,0.43103448275862066
2021-12-27T00:00:00.000,17:49,40.6419,-73.95946,0,0,0,0,4064,-7395,0.4796747967479675
2021-12-20T00:00:00.000,5:54,40.882465,-73.915794,1,0,1,1,4088,-7391,0.23076923076923078
2021-12-25T00:00:00.000,17:00,40.586353,-73.815674,0,0,0,0,4058,-7381,0.1875
2021-12-27T00:00:00.000,0:32,40.622665,-73.95478,0,0,0,0,4062,-7395,0.4444444444444444
2021-12-25T00:00:00.000,3:30,40.62368,-73.99772,1,0,1,1,4062,-7399,0.3835616438356164
2021-12-27T00:00:00.000,21:30,40.69142,-73.866516,0,0,0,0,4069,-7386,0.21052631578947367
2021-12-27T00:00:00.000,17:55,40.729034,-73.74387,1,0,1,1,4072,-7374,0.44
2021-12-27T00:00:00.000,13:47,40.861115,-73.85491,0,0,0,0,4086,-7385,0.5
2021-12-27T00:00:00.000,22:35,40.66618,-73.74059,1,0,1,1,4066,-7374,0.3698630136986301
2021-12-27T00:00:00.000,10:45,40.661705,-73.73456,0,0,0,0,4066,-7373,0.44339622641509435
2021-12-27T00:00:00.000,14:53,40.87316,-73.87476,1,0,1,1,4087,-7387,0.297029702970297
2021-12-27T00:00:00.000,15:37,40.637356,-74.03127,0,0,0,0,4063,-7403,0.42424242424242425
2021-10-01T00:00:00.000,15:05,40.746338,-73.95291,0,0,0,0,4074,-7395,0.35185185185185186
2021-09-27T00:00:00.000,8:21,40.678165,-73.962234,1,0,1,1,4067,-7396,0.3466666666666667
2021-09-29T00:00:00.000,18:35,40.734314,-73.93803,1,0,1,1,4073,-7393,0.38461538461538464
2021-09-30T00:00:00.000,13:20,40.656616,-73.89027,1,0,1,1,4065,-7389,0.34965034965034963
2021-10-01T00:00:00.000,21:40,40.835037,-73.928185,0,0,0,0,4083,-7392,0.310126582278481
2021-10-01T00:00:00.000,13:30,40.55968,-74.1066,1,0,1,1,4055,-7410,0.5
2021-12-22T00:00:00.000,10:00,40.72083,-73.855316,0,0,0,0,4072,-7385,0.4418604651162791
2021-09-29T00:00:00.000,17:05,40.707893,-73.84889,0,0,0,0,4070,-7384,0.43333333333333335
2021-09-28T00:00:00.000,13:00,40.685112,-73.94717,0,0,0,0,4068,-7394,0.4409448818897638
2021-09-29T00:00:00.000,16:30,40.69242,-73.85151,0,0,0,0,4069,-7385,0.34
2021-09-30T00:00:00.000,9:50,40.8594,-73.87257,0,0,0,0,4085,-7387,0.375
2021-09-30T00:00:00.000,7:42,40.817387,-73.92277,0,0,0,0,4081,-7392,0.4714285714285714
2021-10-01T00:00:00.000,0:20,40.61415,-73.94817,1,0,1,1,4061,-7394,0.48484848484848486
2021-10-01T00:00:00.000,21:43,40.87617,-73.84904,2,0,1,1,4087,-7384,0.47297297297297297
2021-09-30T00:00:00.000,21:19,40.750694,-73.971565,0,0,0,0,4075,-7397,0.375886524822695
2021-10-01T00:00:00.000,10:00,40.56572,-74.129425,1,0,1,1,4056,-7412,0.2222222222222222
2021-09-27T00:00:00.000,16:00,40.670074,-73.86581,0,0,0,0,4067,-7386,0.3431372549019608
2021-09-29T00:00:00.000,22:00,40.71603,-73.81637,2,0,1,1,4071,-7381,0.3448275862068966
2021-09-27T00:00:00.000,9:30,40.72402,-73.992256,1,0,1,1,4072,-7399,0.3829787234042553
2021-09-28T00:00:00.000,6:10,40.76591,-73.96341,0,0,0,0,4076,-7396,0.3023255813953488
2021-09-30T00:00:00.000,22:15,40.71791,-73.95341,0,0,0,0,4071,-7395,0.36585365853658536
2021-10-01T00:00:00.000,5:45,40.811512,-73.89053,1,0,1,1,4081,-7389,0.31543624161073824
2021-10-01T00:00:00.000,7:20,40.841274,-73.91762,0,0,0,0,4084,-7391,0.32558139534883723
2021-10-01T00:00:00.000,18:29,40.83472,-73.93517,0,0,0,0,4083,-7393,0.3333333333333333
2021-09-04T00:00:00.000,1:40,40.839767,-73.905396,0,0,0,0,4083,-7390,0.3064516129032258
2021-09-28T00:00:00.000,17:15,40.6762804,-73.8921621,0,0,0,0,4067,-7389,0.33852140077821014
2021-10-01T00:00:00.000,17:37,40.734234,-73.86881,0,0,0,0,4073,-7386,0.3464566929133858
2021-08-14T00:00:00.000,0:00,40.874435,-73.91006,1,0,1,1,4087,-7391,0.25925925925925924
2021-09-08T00:00:00.000,8:00,40.90799,-73.90381,0,0,0,0,4090,-7390,0.11764705882352941
2021-09-29T00:00:00.000,14:34,40.63367,-74.12945,1,0,1,1,4063,-7412,0.36363636363636365
2021-09-30T00:00:00.000,23:25,40.703835,-73.757416,0,0,0,0,4070,-7375,0.4117647058823529
2021-09-30T00:00:00.000,19:00,40.746887,-73.8347,0,0,0,0,4074,-7383,0.4067796610169492
2021-09-30T00:00:00.000,16:59,40.67897,-73.75985,0,0,0,0,4067,-7375,0.2608695652173913
2021-09-30T00:00:00.000,1:31,40.821712,-73.90646,0,0,0,0,4082,-7390,0.3025210084033613
2021-09-26T00:00:00.000,15:33,40.734245,-74.00756,0,0,0,0,4073,-7400,0.2403846153846154
2021-10-01T00:00:00.000,0:00,40.759132,-73.88697,0,0,0,0,4075,-7388,0.3402061855670103
2021-09-30T00:00:00.000,16:40,40.75052,-73.940636,0,0,0,0,4075,-7394,0.41333333333333333
2021-09-30T00:00:00.000,18:46,40.675232,-73.88723,0,0,0,0,4067,-7388,0.30434782608695654
2021-10-01T00:00:00.000,23:00,40.78468,-73.80911,0,0,0,0,4078,-7380,0.30434782608695654
2021-09-29T00:00:00.000,22:16,40.76317,-73.743195,0,0,0,0,4076,-7374,0.46153846153846156
2021-09-30T00:00:00.000,14:20,40.73561,-73.79023,3,0,1,1,4073,-7379,0.4
2021-09-29T00:00:00.000,0:22,40.622723,-73.96163,3,0,1,1,4062,-7396,0.375
2021-09-30T00:00:00.000,20:42,40.64511,-73.874886,0,0,0,0,4064,-7387,0.4918032786885246
2021-09-29T00:00:00.000,14:20,40.663967,-73.740105,0,0,0,0,4066,-7374,0.3698630136986301
2021-09-24T00:00:00.000,12:08,40.759884,-73.9368,1,0,1,1,4075,-7393,0.43478260869565216
2021-10-01T00:00:00.000,16:40,40.704758,-74.01497,1,0,1,1,4070,-7401,0.140625
2021-09-29T00:00:00.000,5:45,40.673874,-73.819855,0,0,0,0,4067,-7381,0.4230769230769231
2021-09-29T00:00:00.000,19:00,40.57526,-73.968895,1,0,1,1,4057,-7396,0.3191489361702128
2021-10-01T00:00:00.000,9:07,40.79913,-73.96667,1,0,1,1,4079,-7396,0.25
2021-09-29T00:00:00.000,21:10,40.779495,-73.95559,1,0,1,1,4077,-7395,0.3384615384615385
2021-09-29T00:00:00.000,15:48,40.72725,-73.81085,0,0,0,0,4072,-7381,0.2926829268292683
2021-09-30T00:00:00.000,0:00,40.636024,-74.13477,1,0,1,1,4063,-7413,0.2903225806451613
2021-09-03T00:00:00.000,19:24,40.674904,-73.94447,0,0,0,0,4067,-7394,0.34074074074074073
2021-10-01T00:00:00.000,6:12,40.671787,-73.90544,0,0,0,0,4067,-7390,0.3282442748091603
2021-09-30T00:00:00.000,18:10,40.803623,-73.94747,0,0,0,0,4080,-7394,0.41116751269035534
2021-10-01T00:00:00.000,17:01,40.624813,-73.89446,0,0,0,0,4062,-7389,0.3333333333333333
2021-09-29T00:00:00.000,0:00,40.712162,-73.95907,0,0,0,0,4071,-7395,0.36585365853658536
2021-10-01T00:00:00.000,9:00,40.729885,-73.8915,0,0,0,0,4072,-7389,0.41379310344827586
2021-09-29T00:00:00.000,14:10,40.73687,-73.928505,0,0,0,0,4073,-7392,0.4444444444444444
2021-10-01T00:00:00.000,18:46,40.70933,-73.92249,0,0,0,0,4070,-7392,0.24305555555555555
2021-10-01T00:00:00.000,22:24,40.862747,-73.90494,1,0,1,1,4086,-7390,0.42748091603053434
2021-09-29T00:00:00.000,8:00,40.72335,-73.97525,0,0,0,0,4072,-7397,0.3283582089552239
2021-09-30T00:00:00.000,15:30,40.720238,-73.94441,0,0,0,0,4072,-7394,0.19801980198019803
2021-10-01T00:00:00.000,7:00,40.799896,-73.96656,0,0,0,0,4079,-7396,0.25
2021-09-27T00:00:00.000,15:15,40.71431,-73.987175,1,0,1,1,4071,-7398,0.39568345323741005
2021-10-01T00:00:00.000,8:05,40.73725,-73.91799,1,0,1,1,4073,-7391,0.33962264150943394
2021-08-31T00:00:00.000,22:49,40.88559,-73.91498,0,0,0,0,4088,-7391,0.23076923076923078
2021-09-29T00:00:00.000,13:30,40.714687,-73.94271,0,0,0,0,4071,-7394,0.3710691823899371
2021-12-27T00:00:00.000,9:00,40.717884,-73.94114,0,0,0,0,4071,-7394,0.3710691823899371
2021-10-01T00:00:00.000,8:10,40.748985,-73.979965,0,0,0,0,4074,-7397,0.4810810810810811
2021-09-23T00:00:00.000,23:04,40.746174,-73.9947,0,0,0,0,4074,-7399,0.3333333333333333
2021-10-01T00:00:00.000,21:30,40.64891,-73.89256,0,0,0,0,4064,-7389,0.43478260869565216
2021-10-01T00:00:00.000,7:53,40.807903,-73.92005,3,0,1,1,4080,-7392,0.3141025641025641
2021-09-28T00:00:00.000,8:00,40.695614,-73.94056,1,0,1,1,4069,-7394,0.417910447761194
2021-09-29T00:00:00.000,22:17,40.85713,-73.8808,2,0,1,1,4085,-7388,0.3
2021-09-30T00:00:00.000,14:45,40.680923,-73.83544,0,0,0,0,4068,-7383,0.45454545454545453
2021-09-23T00:00:00.000,13:05,40.736053,-73.911385,0,0,0,0,4073,-7391,0.33962264150943394
2021-09-29T00:00:00.000,23:11,40.79423,-73.94695,1,0,1,1,4079,-7394,0.3523809523809524
2021-09-26T00:00:00.000,20:19,40.784973,-73.98264,0,0,0,0,4078,-7398,0.42105263157894735
2021-10-01T00:00:00.000,13:40,40.633766,-73.977715,0,0,0,0,4063,-7397,0.36893203883495146
2021-09-29T00:00:00.000,13:48,40.82598,-73.93591,1,0,1,1,4082,-7393,0.36645962732919257
2021-10-01T00:00:00.000,12:20,40.897854,-73.8647,0,0,0,0,4089,-7386,0.28205128205128205
2021-09-17T00:00:00.000,23:17,40.708057,-73.92255,1,0,1,1,4070,-7392,0.24305555555555555
2021-09-29T00:00:00.000,17:15,40.668507,-73.92561,1,0,1,1,4066,-7392,0.355
2021-09-29T00:00:00.000,7:00,40.724083,-73.97887,0,0,0,0,4072,-7397,0.3283582089552239
2021-09-29T00:00:00.000,8:35,40.67674,-73.88969,2,0,1,1,4067,-7388,0.30434782608695654
2021-09-29T00:00:00.000,12:45,40.755623,-73.778275,0,0,0,0,4075,-7377,0.24
2021-10-01T00:00:00.000,15:43,40.68178,-73.97415,0,0,0,0,4068,-7397,0.3412322274881517
2021-10-01T00:00:00.000,14:43,40.891685,-73.9056,0,0,0,0,4089,-7390,0.0
2021-10-01T00:00:00.000,17:20,40.619156,-73.99388,0,0,0,0,4061,-7399,0.29411764705882354
2021-09-29T00:00:00.000,8:05,40.7242,-73.93765,1,0,1,1,4072,-7393,0.36507936507936506
2021-09-29T00:00:00.000,7:56,40.662617,-73.93365,1,0,1,1,4066,-7393,0.38578680203045684
2021-09-30T00:00:00.000,22:05,40.68378,-73.789734,0,0,0,0,4068,-7378,0.3384615384615385
2021-09-21T00:00:00.000,9:59,40.713757,-73.993706,0,0,0,0,4071,-7399,0.3263157894736842
2021-10-01T00:00:00.000,16:09,40.67452,-73.878044,1,0,1,1,4067,-7387,0.30344827586206896
2021-09-30T00:00:00.000,10:30,40.854687,-73.890396,1,0,1,1,4085,-7389,0.3353658536585366
2021-09-30T00:00:00.000,20:49,40.73077,-73.82619,0,0,0,0,4073,-7382,0.45454545454545453
2021-09-30T00:00:00.000,12:30,40.681725,-73.996216,0,0,0,0,4068,-7399,0.17857142857142858
2021-10-01T00:00:00.000,17:05,40.600136,-74.113014,1,0,1,1,4060,-7411,0.35714285714285715
2021-09-27T00:00:00.000,22:45,40.761093,-73.98327,0,0,0,0,4076,-7398,0.3081761006289308
2021-09-29T00:00:00.000,11:30,40.834423,-73.879265,0,0,0,0,4083,-7387,0.38414634146341464
2021-09-29T00:00:00.000,10:30,40.750153,-73.8768,0,0,0,0,4075,-7387,0.33884297520661155
2021-09-30T00:00:00.000,14:00,40.687542,-73.99046,0,0,0,0,4068,-7399,0.17857142857142858
2021-09-29T00:00:00.000,20:30,40.708805,-73.92577,1,0,1,1,4070,-7392,0.24305555555555555
2021-09-30T00:00:00.000,23:50,40.71448,-73.99137,0,0,0,0,4071,-7399,0.3263157894736842
2021-09-29T00:00:00.000,3:00,40.75087,-73.74939,0,0,0,0,4075,-7374,0.3333333333333333
2021-10-01T00:00:00.000,11:00,40.85592,-73.9172,0,0,0,0,4085,-7391,0.373134328358209
2021-10-01T00:00:00.000,11:20,40.767498,-73.83302,0,0,0,0,4076,-7383,0.33695652173913043
2021-10-01T00:00:00.000,11:39,40.633377,-73.920074,0,0,0,0,4063,-7392,0.4036697247706422
2021-12-27T00:00:00.000,5:50,40.707485,-73.96186,0,0,0,0,4070,-7396,0.3431372549019608
2021-09-29T00:00:00.000,11:42,40.6229,-73.91762,1,0,1,1,4062,-7391,0.3333333333333333
2021-09-30T00:00:00.000,16:04,40.73035,-73.983284,0,0,0,0,4073,-7398,0.36942675159235666
2021-10-01T00:00:00.000,6:48,40.710938,-73.76654,0,0,0,0,4071,-7376,0.37142857142857144
2021-12-27T00:00:00.000,12:40,40.68085,-73.97746,0,0,0,0,4068,-7397,0.3412322274881517
2021-09-29T00:00:00.000,9:20,40.73631,-73.85766,0,0,0,0,4073,-7385,0.3619047619047619
2021-09-30T00:00:00.000,16:50,40.733177,-73.74571,0,0,0,0,4073,-7374,0.21428571428571427
2021-09-16T00:00:00.000,19:42,40.648792,-73.95228,0,0,0,0,4064,-7395,0.4796747967479675
2021-10-01T00:00:00.000,15:55,40.753113,-73.93371,3,0,1,1,4075,-7393,0.43478260869565216
2021-10-01T00:00:00.000,12:18,40.89757,-73.84112,0,0,0,0,4089,-7384,0.3333333333333333
2021-10-01T00:00:00.000,16:50,40.806065,-73.90905,0,0,0,0,4080,-7390,0.36538461538461536
2021-10-01T00:00:00.000,18:45,40.733456,-73.9855,1,0,1,1,4073,-7398,0.36942675159235666
2021-09-29T00:00:00.000,15:35,40.762226,-73.96819,1,0,1,1,4076,-7396,0.3023255813953488
2021-09-30T00:00:00.000,8:30,40.735634,-73.87602,1,0,1,1,4073,-7387,0.3140495867768595
2021-10-01T00:00:00.000,13:10,40.692547,-73.990974,1,0,1,1,4069,-7399,0.29473684210526313
2021-09-30T00:00:00.000,15:00,40.605286,-73.94085,0,0,0,0,4060,-7394,0.5217391304347826
2021-09-30T00:00:00.000,4:00,40.770226,-73.87062,0,0,0,0,4077,-7387,0.35714285714285715
2021-09-16T00:00:00.000,21:30,40.83765,-73.82389,0,0,0,0,4083,-7382,0.44680851063829785
2021-10-01T00:00:00.000,8:55,40.695362,-73.9405,1,0,1,1,4069,-7394,0.417910447761194
2021-09-26T00:00:00.000,22:13,40.876476,-73.904495,1,0,1,1,4087,-7390,0.3184713375796178
2021-08-27T00:00:00.000,17:27,40.576042,-73.99008,1,0,1,1,4057,-7399,0.32558139534883723
2021-09-29T00:00:00.000,7:10,40.66696,-73.87533,0,0,0,0,4066,-7387,0.38461538461538464
2021-09-30T00:00:00.000,16:42,40.745396,-73.99472,0,0,0,0,4074,-7399,0.3333333333333333
2021-09-27T00:00:00.000,16:28,40.783844,-73.979996,1,0,1,1,4078,-7397,0.3434343434343434
2021-09-29T00:00:00.000,22:35,40.676342,-73.910934,1,0,1,1,4067,-7391,0.36597938144329895
2021-10-01T00:00:00.000,16:28,40.669476,-73.919975,1,0,1,1,4066,-7391,0.3630952380952381
2021-09-25T00:00:00.000,21:45,0.0,0.0,0,0,0,0,0,0,0.40425531914893614
2021-09-29T00:00:00.000,8:45,40.585335,-73.98749,0,0,0,0,4058,-7398,0.4
2021-09-29T00:00:00.000,9:35,40.853462,-73.88939,1,0,1,1,4085,-7388,0.3
2021-09-30T00:00:00.000,10:00,40.852383,-73.90365,1,0,1,1,4085,-7390,0.42207792207792205
2021-10-01T00:00:00.000,16:25,40.607464,-74.085144,2,0,1,1,4060,-7408,0.3235294117647059
2021-09-29T00:00:00.000,12:50,40.795456,-73.96564,2,0,1,1,4079,-7396,0.25
2021-12-22T00:00:00.000,12:00,40.751793,-73.86996,0,0,0,0,4075,-7386,0.33653846153846156
2021-09-29T00:00:00.000,8:00,40.65794,-73.907745,1,0,1,1,4065,-7390,0.375
2021-10-01T00:00:00.000,9:10,40.735405,-73.74867,0,0,0,0,4073,-7374,0.21428571428571427
2021-09-27T00:00:00.000,21:00,40.67012,-73.8583,0,0,0,0,4067,-7385,0.26666666666666666
2021-09-30T00:00:00.000,0:00,40.73796,-73.93588,1,0,1,1,4073,-7393,0.38461538461538464
2021-09-16T00:00:00.000,9:00,40.72032,-73.84054,0,0,0,0,4072,-7384,0.2711864406779661
2021-09-20T00:00:00.000,15:00,40.71755,-73.99932,0,0,0,0,4071,-7399,0.3263157894736842
2021-10-01T00:00:00.000,9:00,40.73038,-73.94657,0,0,0,0,4073,-7394,0.5
2021-09-29T00:00:00.000,14:05,40.601265,-74.19402,1,0,1,1,4060,-7419,0.6666666666666666
2021-09-29T00:00:00.000,22:03,40.61234,-73.98809,0,0,0,0,4061,-7398,0.3698630136986301
2021-09-30T00:00:00.000,16:05,40.758465,-73.77648,0,0,0,0,4075,-7377,0.24
2021-09-25T00:00:00.000,20:45,40.745564,-73.87076,0,0,0,0,4074,-7387,0.25663716814159293
2021-09-29T00:00:00.000,11:37,40.606346,-73.95273,0,0,0,0,4060,-7395,0.4791666666666667
2021-09-30T00:00:00.000,16:24,40.746033,-73.93441,0,0,0,0,4074,-7393,0.3333333333333333
2021-09-29T00:00:00.000,13:50,40.683723,-73.96797,0,0,0,0,4068,-7396,0.42567567567567566
2021-09-30T00:00:00.000,17:00,40.7094,-73.96703,0,0,0,0,4070,-7396,0.3431372549019608
2021-09-29T00:00:00.000,8:40,40.68424,-73.8461,2,0,1,1,4068,-7384,0.3333333333333333
2021-09-30T00:00:00.000,11:30,40.673397,-73.98279,0,0,0,0,4067,-7398,0.3655913978494624
2021-09-28T00:00:00.000,17:00,40.80918,-73.93605,0,0,0,0,4080,-7393,0.36312849162011174
2021-01-03T00:00:00.000,13:00,0.0,0.0,0,0,0,0,0,0,0.40425531914893614
2021-09-30T00:00:00.000,11:30,40.71174,-74.006996,1,0,1,1,4071,-7400,0.25517241379310346
2021-09-29T00:00:00.000,13:04,40.865715,-73.86735,0,0,0,0,4086,-7386,0.4642857142857143
2021-09-22T00:00:00.000,13:30,40.84519,-73.9112,1,0,1,1,4084,-7391,0.32558139534883723
2021-09-29T00:00:00.000,16:27,40.763363,-73.95925,0,0,0,0,4076,-7395,0.3696969696969697
2021-10-01T00:00:00.000,17:47,40.66645,-73.75764,0,0,0,0,4066,-7375,0.3
2021-09-29T00:00:00.000,17:20,40.824924,-73.86985,0,0,0,0,4082,-7386,0.3493975903614458
2021-09-27T00:00:00.000,7:10,40.6765,-73.88234,0,0,0,0,4067,-7388,0.30434782608695654
2021-09-30T00:00:00.000,0:19,40.65794,-73.907745,1,0,1,1,4065,-7390,0.375
2021-09-30T00:00:00.000,17:35,40.82419,-73.91385,0,0,0,0,4082,-7391,0.3355263157894737
2021-09-30T00:00:00.000,8:25,40.65102,-73.914024,0,0,0,0,4065,-7391,0.425
2021-09-30T00:00:00.000,13:45,40.67766,-73.968864,0,0,0,0,4067,-7396,0.3466666666666667
2021-10-01T00:00:00.000,21:13,40.676693,-73.74221,1,0,1,1,4067,-7374,0.2619047619047619
2021-09-30T00:00:00.000,10:14,40.66719,-73.93129,0,0,0,0,4066,-7393,0.38578680203045684
2021-09-30T00:00:00.000,8:30,0.0,0.0,0,0,0,0,0,0,0.40425531914893614
2021-09-29T00:00:00.000,12:38,40.748108,-73.947365,0,0,0,0,4074,-7394,0.33962264150943394
2021-09-29T00:00:00.000,15:40,40.71001,-73.79474,0,0,0,0,4071,-7379,0.3888888888888889
2021-09-29T00:00:00.000,15:22,40.70734,-74.00865,0,0,0,0,4070,-7400,0.2542372881355932
2021-09-16T00:00:00.000,23:00,40.607212,-74.07682,0,0,0,0,4060,-7407,0.25
2021-10-01T00:00:00.000,21:00,40.659172,-73.839874,1,0,1,1,4065,-7383,0.38095238095238093
2021-09-30T00:00:00.000,14:30,40.804585,-73.91213,0,0,0,0,4080,-7391,0.38961038961038963
2021-09-29T00:00:00.000,14:45,40.72417,-74.004585,0,0,0,0,4072,-7400,0.32926829268292684
2021-09-17T00:00:00.000,22:00,40.83639,-73.91588,1,0,1,1,4083,-7391,0.33714285714285713
2021-09-30T00:00:00.000,21:00,40.77861,-73.836365,2,0,1,1,4077,-7383,0.25
2021-09-27T00:00:00.000,16:02,40.65739,-73.945595,0,0,0,0,4065,-7394,0.43137254901960786
2021-09-30T00:00:00.000,22:30,40.67513,-73.88291,0,0,0,0,4067,-7388,0.30434782608695654
2021-10-01T00:00:00.000,8:45,40.72857,-73.991135,1,0,1,1,4072,-7399,0.3829787234042553
2021-09-30T00:00:00.000,16:17,40.86315,-73.90907,0,0,0,0,4086,-7390,0.42748091603053434
2021-10-01T00:00:00.000,13:00,40.704872,-73.79443,3,0,1,1,4070,-7379,0.3978494623655914
2021-10-01T00:00:00.000,23:54,40.82311,-73.88076,1,0,1,1,4082,-7388,0.27624309392265195
2021-09-29T00:00:00.000,0:00,40.757286,-73.97812,0,0,0,0,4075,-7397,0.375886524822695
2021-09-30T00:00:00.000,10:45,40.764297,-73.98835,0,0,0,0,4076,-7398,0.3081761006289308
2021-10-01T00:00:00.000,12:00,40.724262,-73.800545,0,0,0,0,4072,-7380,0.2727272727272727
2021-09-30T00:00:00.000,11:05,40.686497,-73.94164,2,0,1,1,4068,-7394,0.4409448818897638
2021-09-29T00:00:00.000,13:15,40.66563,-73.985954,0,0,0,0,4066,-7398,0.421875
2021-09-30T00:00:00.000,9:30,40.57002,-74.11021,0,0,0,0,4057,-7411,0.37142857142857144
2021-09-30T00:00:00.000,17:09,40.714615,-73.9971,0,0,0,0,4071,-7399,0.3263157894736842
2021-09-30T00:00:00.000,6:55,40.70196,-73.90381,0,0,0,0,4070,-7390,0.37894736842105264
2021-10-01T00:00:00.000,23:00,40.607754,-74.13205,0,0,0,0,4060,-7413,0.41935483870967744
2021-09-29T00:00:00.000,22:55,40.744255,-73.986275,0,0,0,0,4074,-7398,0.40131578947368424
2021-09-30T00:00:00.000,16:30,40.665474,-73.74751,1,0,1,1,4066,-7374,0.3698630136986301
2021-09-24T00:00:00.000,8:15,40.64491,-73.92192,0,0,0,0,4064,-7392,0.4077669902912621
2021-09-29T00:00:00.000,18:50,40.6354,-74.106674,0,0,0,0,4063,-7410,0.4117647058823529
2021-10-01T00:00:00.000,12:00,40.819683,-73.80961,0,0,0,0,4081,-7380,0.1111111111111111
2021-09-30T00:00:00.000,8:55,40.8223,-73.873,0,0,0,0,4082,-7387,0.33544303797468356
2021-09-30T00:00:00.000,1:05,40.75585,-73.88259,0,0,0,0,4075,-7388,0.3402061855670103
2021-10-01T00:00:00.000,18:00,40.639977,-73.92623,0,0,0,0,4063,-7392,0.4036697247706422
2021-09-30T00:00:00.000,18:28,40.8541,-73.919106,0,0,0,0,4085,-7391,0.373134328358209
2021-09-29T00:00:00.000,16:30,40.61682,-73.944984,0,0,0,0,4061,-7394,0.48484848484848486
2021-09-29T00:00:00.000,16:05,0.0,0.0,1,0,1,1,0,0,0.40425531914893614
2021-09-25T00:00:00.000,23:00,40.75927,-73.980896,1,0,1,1,4075,-7398,0.3170731707317073
2021-09-30T00:00:00.000,11:56,40.66839,-73.88032,1,0,1,1,4066,-7388,0.37012987012987014
2021-09-29T00:00:00.000,7:00,40.7065,-73.91701,0,0,0,0,4070,-7391,0.27450980392156865
2021-09-30T00:00:00.000,17:00,40.616127,-73.98986,2,0,1,1,4061,-7398,0.3698630136986301
2021-09-29T00:00:00.000,11:45,40.820564,-73.905235,0,0,0,0,4082,-7390,0.3025210084033613
2021-09-29T00:00:00.000,17:58,0.0,0.0,2,0,1,1,0,0,0.40425531914893614
2021-09-30T00:00:00.000,11:03,40.82443,-73.890526,1,0,1,1,4082,-7389,0.37423312883435583
2021-09-29T00:00:00.000,2:20,40.68631,-73.97445,0,0,0,0,4068,-7397,0.3412322274881517
2021-09-29T00:00:00.000,10:15,40.836617,-73.87377,0,0,0,0,4083,-7387,0.38414634146341464
2021-09-29T00:00:00.000,16:40,40.66551,-73.992775,0,0,0,0,4066,-7399,0.40540540540540543
2021-10-01T00:00:00.000,11:50,40.65133,-73.90607,0,0,0,0,4065,-7390,0.375
2021-10-01T00:00:00.000,0:00,40.67435,-73.906105,1,0,1,1,4067,-7390,0.3282442748091603
2021-09-29T00:00:00.000,17:10,0.0,0.0,1,0,1,1,0,0,0.40425531914893614
2021-09-30T00:00:00.000,7:40,40.71122,-73.72827,0,0,0,0,4071,-7372,0.40425531914893614
2021-09-30T00:00:00.000,16:00,40.67608,-73.740326,0,0,0,0,4067,-7374,0.2619047619047619
2021-10-01T00:00:00.000,16:05,40.846443,-73.826004,1,0,1,1,4084,-7382,0.4
2021-09-30T00:00:00.000,0:00,40.723644,-73.73813,1,0,1,1,4072,-7373,0.4642857142857143
2021-09-29T00:00:00.000,16:55,40.83955,-73.91595,0,0,0,0,4083,-7391,0.33714285714285713
2021-09-28T00:00:00.000,19:20,40.815296,-73.86058,0,0,0,0,4081,-7386,0.23333333333333334
2021-09-29T00:00:00.000,7:35,40.839996,-73.87713,0,0,0,0,4083,-7387,0.38414634146341464
2021-10-01T00:00:00.000,19:15,40.893127,-73.8495,0,0,0,0,4089,-7384,0.3333333333333333
2021-09-29T00:00:00.000,17:00,40.726097,-73.76198,2,0,1,1,4072,-7376,0.5
2021-09-29T00:00:00.000,13:10,40.61855,-73.9395,0,0,0,0,4061,-7393,0.34285714285714286
2021-09-27T00:00:00.000,12:00,40.71337,-73.934814,1,0,1,1,4071,-7393,0.2711864406779661
2021-09-29T00:00:00.000,15:21,40.8077,-73.92955,0,0,0,0,4080,-7392,0.3141025641025641
2021-08-19T00:00:00.000,14:15,40.80589,-73.945114,0,0,0,0,4080,-7394,0.41116751269035534
2021-09-29T00:00:00.000,16:43,40.582584,-73.83022,1,0,1,1,4058,-7383,0.38461538461538464
2021-09-30T00:00:00.000,23:46,40.66037,-73.90208,0,0,0,0,4066,-7390,0.2777777777777778
2021-09-30T00:00:00.000,11:30,40.727432,-73.89106,0,0,0,0,4072,-7389,0.41379310344827586
2021-09-30T00:00:00.000,17:20,40.700214,-73.94632,1,0,1,1,4070,-7394,0.3956043956043956
2021-10-01T00:00:00.000,13:10,40.79209,-73.973656,1,0,1,1,4079,-7397,0.24210526315789474
2021-10-01T00:00:00.000,13:55,40.757874,-73.981895,0,0,0,0,4075,-7398,0.3170731707317073
2021-09-23T00:00:00.000,10:30,40.875145,-73.91216,0,0,0,0,4087,-7391,0.25925925925925924
2021-09-30T00:00:00.000,16:35,40.784973,-73.98264,1,0,1,1,4078,-7398,0.42105263157894735
2021-09-29T00:00:00.000,14:19,40.792362,-73.96418,1,0,1,1,4079,-7396,0.25
2021-09-29T00:00:00.000,19:40,40.57777,-74.1637,2,0,1,1,4057,-7416,0.36363636363636365
2021-12-27T00:00:00.000,22:07,40.763042,-73.956535,0,0,0,0,4076,-7395,0.3696969696969697
2021-10-01T00:00:00.000,10:38,40.791904,-73.94151,0,0,0,0,4079,-7394,0.3523809523809524
2021-09-27T00:00:00.000,14:20,40.60809,-74.14093,0,0,0,0,4060,-7414,0.4074074074074074
2021-09-29T00:00:00.000,17:44,40.737804,-73.98276,1,0,1,1,4073,-7398,0.36942675159235666
2021-09-30T00:00:00.000,14:50,40.667614,-73.81888,1,0,1,1,4066,-7381,0.4716981132075472
2021-10-01T00:00:00.000,15:20,40.743484,-73.95809,0,0,0,0,4074,-7395,0.35185185185185186
2021-09-30T00:00:00.000,1:30,40.69717,-73.843925,0,0,0,0,4069,-7384,0.26666666666666666
2021-10-01T00:00:00.000,19:00,40.6185,-73.96014,0,0,0,0,4061,-7396,0.30666666666666664
2021-09-04T00:00:00.000,0:00,40.877106,-73.90616,0,0,0,0,4087,-7390,0.3184713375796178
2021-09-27T00:00:00.000,15:31,40.658577,-73.89063,0,0,0,0,4065,-7389,0.34965034965034963
2021-09-26T00:00:00.000,20:58,40.80755,-73.95291,1,0,1,1,4080,-7395,0.381294964028777
2021-10-01T00:00:00.000,0:28,40.81914,-73.93719,0,0,0,0,4081,-7393,0.32432432432432434
2021-09-29T00:00:00.000,12:13,40.761272,-73.95571,2,0,1,1,4076,-7395,0.3696969696969697
2021-09-24T00:00:00.000,13:46,40.785095,-73.97691,0,0,0,0,4078,-7397,0.3434343434343434
2021-09-29T00:00:00.000,8:50,0.0,0.0,0,0,0,0,0,0,0.40425531914893614
2021-10-01T00:00:00.000,1:25,40.669865,-73.95051,0,0,0,0,4066,-7395,0.44375
2021-10-01T00:00:00.000,16:36,40.812893,-73.92013,1,0,1,1,4081,-7392,0.4714285714285714
2021-10-01T00:00:00.000,11:50,40.67702,-73.80444,0,0,0,0,4067,-7380,0.24615384615384617
2021-10-01T00:00:00.000,20:06,40.636288,-73.99273,0,0,0,0,4063,-7399,0.47692307692307695
2021-10-01T00:00:00.000,10:25,40.70763,-73.803055,0,0,0,0,4070,-7380,0.3877551020408163
2021-10-01T00:00:00.000,12:40,40.74087,-73.98799,0,0,0,0,4074,-7398,0.40131578947368424
2021-09-29T00:00:00.000,16:59,40.67213,-73.876495,1,0,1,1,4067,-7387,0.30344827586206896
2021-09-23T00:00:00.000,1:20,40.67916,-73.927155,0,0,0,0,4067,-7392,0.39655172413793105
2021-09-30T00:00:00.000,19:45,0.0,0.0,3,0,1,1,0,0,0.40425531914893614
2021-09-30T00:00:00.000,17:51,40.785973,-73.96886,1,0,1,1,4078,-7396,0.28125
2024-09-03T00:00:00.000,18:25,40.881966,-73.90335,0,0,0,0,4088,-7390,0.2702702702702703
2021-09-30T00:00:00.000,12:30,40.804394,-73.96518,0,0,0,0,4080,-7396,0.31343283582089554
2021-09-30T00:00:00.000,20:05,40.80543,-73.92087,0,0,0,0,4080,-7392,0.3141025641025641
2021-09-29T00:00:00.000,7:38,40.70302,-73.727776,2,0,1,1,4070,-7372,0.4
2021-09-29T00:00:00.000,7:45,40.72691,-73.80692,0,0,0,0,4072,-7380,0.2727272727272727
2021-09-30T00:00:00.000,6:15,40.62149,-74.028885,0,0,0,0,4062,-7402,0.3625
2021-09-29T00:00:00.000,14:10,40.850475,-73.915436,0,0,0,0,4085,-7391,0.373134328358209
2021-10-01T00:00:00.000,19:07,40.759624,-73.99548,0,0,0,0,4075,-7399,0.2830188679245283
2021-09-28T00:00:00.000,2:36,40.712864,-73.90478,1,0,1,1,4071,-7390,0.4
2021-09-29T00:00:00.000,19:29,40.595596,-74.063126,1,0,1,1,4059,-7406,0.29411764705882354
2021-09-30T00:00:00.000,14:45,40.743397,-73.9384,0,0,0,0,4074,-7393,0.3333333333333333
2021-09-29T00:00:00.000,14:25,40.79149,-73.93577,0,0,0,0,4079,-7393,0.36585365853658536
2021-09-30T00:00:00.000,12:30,40.76199,-73.86934,1,0,1,1,4076,-7386,0.40298507462686567
2021-09-30T00:00:00.000,8:45,40.797344,-73.968254,0,0,0,0,4079,-7396,0.25
2021-10-01T00:00:00.000,14:35,40.738884,-73.79367,1,0,1,1,4073,-7379,0.4
2021-09-29T00:00:00.000,7:54,40.69549,-73.98713,0,0,0,0,4069,-7398,0.3229166666666667
2021-09-30T00:00:00.000,21:37,40.822235,-73.88746,0,0,0,0,4082,-7388,0.27624309392265195
2021-09-29T00:00:00.000,23:10,40.760292,-73.90158,0,0,0,0,4076,-7390,0.3055555555555556
2021-09-29T00:00:00.000,11:13,0.0,0.0,0,0,0,0,0,0,0.40425531914893614
2021-09-29T00:00:00.000,16:10,40.69993,-73.96188,4,0,1,1,4069,-7396,0.325
2021-09-30T00:00:00.000,9:15,40.857414,-73.84662,0,0,0,0,4085,-7384,0.32432432432432434
2021-09-28T00:00:00.000,21:15,40.762024,-74.00116,1,0,1,1,4076,-7400,0.3333333333333333
2021-10-01T00:00:00.000,6:00,40.762745,-73.83329,0,0,0,0,4076,-7383,0.33695652173913043
2021-09-29T00:00:00.000,8:20,40.64507,-73.95803,0,0,0,0,4064,-7395,0.4796747967479675
2021-09-29T00:00:00.000,9:30,0.0,0.0,0,0,0,0,0,0,0.40425531914893614
2021-09-30T00:00:00.000,13:20,40.87167,-73.8486,0,0,0,0,4087,-7384,0.47297297297297297
2021-09-29T00:00:00.000,8:00,40.826283,-73.92566,0,0,0,0,4082,-7392,0.3333333333333333
2021-09-30T00:00:00.000,14:35,40.751522,-73.99396,0,0,0,0,4075,-7399,0.2830188679245283
2021-10-01T00:00:00.000,17:00,40.63265,-73.97536,0,0,0,0,4063,-7397,0.36893203883495146
2021-10-01T00:00:00.000,17:00,40.794735,-73.96988,0,0,0,0,4079,-7396,0.25
2021-09-30T00:00:00.000,12:30,40.611336,-73.89728,1,0,1,1,4061,-7389,0.45454545454545453
2021-09-28T00:00:00.000,2:10,40.67821,-73.89552,0,0,0,0,4067,-7389,0.33852140077821014
2021-09-30T00:00:00.000,12:45,40.769352,-73.83258,1,0,1,1,4076,-7383,0.33695652173913043
2021-09-30T00:00:00.000,9:23,40.79525,-73.97321,1,0,1,1,4079,-7397,0.24210526315789474
2021-09-30T00:00:00.000,8:30,40.59514,-73.754,0,0,0,0,4059,-7375,0.17777777777777778
2021-09-29T00:00:00.000,14:30,40.72166,-73.98659,1,0,1,1,4072,-7398,0.4342105263157895
2021-09-28T00:00:00.000,15:55,40.650944,-73.95249,0,0,0,0,4065,-7395,0.38686131386861317
2021-09-25T00:00:00.000,9:24,40.671474,-73.93088,4,0,1,1,4067,-7393,0.3755868544600939
2021-09-26T00:00:00.000,10:40,40.677032,-73.90993,0,0,0,0,4067,-7390,0.3282442748091603
2021-12-27T00:00:00.000,15:06,40.719395,-74.00189,0,0,0,0,4071,-7400,0.25517241379310346
2021-09-29T00:00:00.000,16:00,40.691902,-73.83562,0,0,0,0,4069,-7383,0.35555555555555557
2021-09-30T00:00:00.000,19:00,40.715263,-73.976326,1,0,1,1,4071,-7397,0.41509433962264153
2021-09-30T00:00:00.000,9:15,40.88647,-73.89603,1,0,1,1,4088,-7389,0.4626865671641791
2021-09-30T00:00:00.000,8:45,0.0,0.0,0,0,0,0,0,0,0.40425531914893614
2021-10-01T00:00:00.000,10:30,40.644093,-73.97635,0,0,0,0,4064,-7397,0.4095238095238095
2021-09-27T00:00:00.000,17:30,40.675186,-73.933304,0,0,0,0,4067,-7393,0.3755868544600939
2021-09-21T00:00:00.000,11:00,40.741394,-73.8848,1,0,1,1,4074,-7388,0.2978723404255319
2021-09-23T00:00:00.000,13:00,40.762074,-73.98628,1,0,1,1,4076,-7398,0.3081761006289308
2021-10-01T00:00:00.000,20:10,40.714066,-73.95163,1,0,1,1,4071,-7395,0.36585365853658536
2021-09-29T00:00:00.000,17:35,40.66704,-73.86984,0,0,0,0,4066,-7386,0.35
2021-10-01T00:00:00.000,14:42,40.64881,-73.97749,1,0,1,1,4064,-7397,0.4095238095238095
2021-09-11T00:00:00.000,6:44,40.88736,-73.89426,0,0,0,0,4088,-7389,0.4626865671641791
2021-10-01T00:00:00.000,16:59,40.583687,-73.94487,0,0,0,0,4058,-7394,0.40816326530612246
2021-09-28T00:00:00.000,8:40,40.663754,-73.9115,0,0,0,0,4066,-7391,0.3630952380952381
2021-10-01T00:00:00.000,23:20,40.718456,-73.99482,0,0,0,0,4071,-7399,0.3263157894736842
2021-09-30T00:00:00.000,16:10,40.58296,-74.112114,1,0,1,1,4058,-7411,0.5
2021-09-23T00:00:00.000,19:25,40.685276,-73.77241,1,0,1,1,4068,-7377,0.3673469387755102
2021-09-28T00:00:00.000,0:31,40.66999,-73.85912,1,0,1,1,4066,-7385,0.3333333333333333
2021-09-29T00:00:00.000,9:30,40.662468,-73.99226,1,0,1,1,4066,-7399,0.40540540540540543
2021-09-29T00:00:00.000,0:00,40.732323,-74.00362,0,0,0,0,4073,-7400,0.2403846153846154
2021-09-27T00:00:00.000,7:30,40.753075,-73.92139,0,0,0,0,4075,-7392,0.48148148148148145
2021-09-30T00:00:00.000,17:40,40.85306,-73.931,0,0,0,0,4085,-7393,0.36585365853658536
2021-10-01T00:00:00.000,19:00,40.717678,-73.81713,0,0,0,0,4071,-7381,0.3448275862068966
2021-10-01T00:00:00.000,20:40,40.676025,-73.80905,0,0,0,0,4067,-7380,0.24615384615384617
2021-10-01T00:00:00.000,15:26,40.576042,-73.99008,1,0,1,1,4057,-7399,0.32558139534883723
2021-09-30T00:00:00.000,0:00,40.65588,-73.90999,0,0,0,0,4065,-7390,0.375
2021-09-30T00:00:00.000,21:40,40.680977,-74.00498,0,0,0,0,4068,-7400,0.3333333333333333
2021-09-30T00:00:00.000,20:27,40.681297,-73.93472,1,0,1,1,4068,-7393,0.3619047619047619
2021-10-01T00:00:00.000,0:00,40.678444,-73.86886,0,0,0,0,4067,-7386,0.3431372549019608
2021-09-30T00:00:00.000,6:46,40.634865,-74.02639,0,0,0,0,4063,-7402,0.3877551020408163
2021-10-01T00:00:00.000,18:16,40.69706,-73.91933,0,0,0,0,4069,-7391,0.2709677419354839
2021-10-01T00:00:00.000,22:50,40.854836,-73.88319,0,0,0,0,4085,-7388,0.3
2021-10-01T00:00:00.000,14:39,40.766724,-73.83636,0,0,0,0,4076,-7383,0.33695652173913043
2021-09-30T00:00:00.000,9:30,40.708687,-73.92657,0,0,0,0,4070,-7392,0.24305555555555555
2021-09-04T00:00:00.000,16:20,40.693703,-73.90505,0,0,0,0,4069,-7390,0.29591836734693877
2021-09-29T00:00:00.000,9:20,40.725094,-73.98305,0,0,0,0,4072,-7398,0.4342105263157895
2021-10-01T00:00:00.000,13:05,40.85132,-73.90842,0,0,0,0,4085,-7390,0.42207792207792205
2021-09-30T00:00:00.000,17:30,40.718075,-73.97511,0,0,0,0,4071,-7397,0.41509433962264153
2021-09-29T00:00:00.000,11:30,40.801342,-73.94598,0,0,0,0,4080,-7394,0.41116751269035534
2021-09-30T00:00:00.000,17:02,40.681202,-73.78019,1,0,1,1,4068,-7378,0.3384615384615385
2021-09-29T00:00:00.000,17:50,40.83583,-73.89068,0,0,0,0,4083,-7389,0.3333333333333333
2021-10-01T00:00:00.000,20:25,40.766647,-73.87018,1,0,1,1,4076,-7387,0.48214285714285715
2022-04-01T00:00:00.000,3:40,40.86676,-73.920616,0,0,0,0,4086,-7392,0.359375
2021-09-30T00:00:00.000,13:00,40.616413,-74.103516,1,0,1,1,4061,-7410,0.6363636363636364
2021-10-01T00:00:00.000,18:30,40.790813,-73.976456,0,0,0,0,4079,-7397,0.24210526315789474
2021-09-29T00:00:00.000,6:08,40.682274,-73.99349,0,0,0,0,4068,-7399,0.17857142857142858
2021-10-01T00:00:00.000,9:16,40.659584,-73.76785,2,0,1,1,4065,-7376,0.35714285714285715
2021-09-29T00:00:00.000,23:15,40.711643,-73.94392,0,0,0,0,4071,-7394,0.3710691823899371
2021-09-29T00:00:00.000,19:41,40.857605,-73.89124,0,0,0,0,4085,-7389,0.3353658536585366
2021-09-30T00:00:00.000,10:35,40.634506,-73.949455,0,0,0,0,4063,-7394,0.358974358974359
2021-09-30T00:00:00.000,0:11,40.71164,-73.83591,0,0,0,0,4071,-7383,0.37349397590361444
2021-07-30T00:00:00.000,17:00,40.77074,-73.99455,1,0,1,1,4077,-7399,0.4166666666666667
2021-09-30T00:00:00.000,7:00,40.701862,-73.94383,2,0,1,1,4070,-7394,0.3956043956043956
2021-09-30T00:00:00.000,18:07,40.672825,-73.93908,1,0,1,1,4067,-7393,0.3755868544600939
2021-09-30T00:00:00.000,18:00,40.66401,-73.88996,2,0,1,1,4066,-7388,0.37012987012987014
2021-09-16T00:00:00.000,20:33,40.71042,-73.85964,1,0,1,1,4071,-7385,0.4418604651162791
2021-09-30T00:00:00.000,5:34,40.680412,-73.85953,1,0,1,1,4068,-7385,0.43103448275862066
2021-09-30T00:00:00.000,0:00,40.805058,-73.93904,1,0,1,1,4080,-7393,0.36312849162011174
2021-09-30T00:00:00.000,19:17,40.669243,-73.80679,0,0,0,0,4066,-7380,0.40789473684210525
2021-10-01T00:00:00.000,9:00,40.68777,-73.98701,0,0,0,0,4068,-7398,0.3873239436619718
2021-09-29T00:00:00.000,19:35,40.748913,-73.9374,1,0,1,1,4074,-7393,0.3333333333333333
2021-09-30T00:00:00.000,20:10,40.72028,-73.86548,1,0,1,1,4072,-7386,0.42424242424242425
2021-10-01T00:00:00.000,16:59,40.815468,-73.905334,1,0,1,1,4081,-7390,0.3888888888888889
2021-09-29T00:00:00.000,7:50,40.87316,-73.87476,2,0,1,1,4087,-7387,0.297029702970297
2021-10-01T00:00:00.000,11:45,40.821003,-73.89787,0,0,0,0,4082,-7389,0.37423312883435583
2021-09-30T00:00:00.000,19:28,40.82217,-73.95625,0,0,0,0,4082,-7395,0.4117647058823529
2021-09-28T00:00:00.000,20:10,40.677574,-73.95548,1,0,1,1,4067,-7395,0.3695652173913043
2021-08-02T00:00:00.000,23:55,40.76428,-73.99859,0,0,0,0,4076,-7399,0.3275862068965517
2021-10-01T00:00:00.000,20:37,40.731472,-73.91922,0,0,0,0,4073,-7391,0.33962264150943394
2021-09-19T00:00:00.000,14:30,40.81467,-73.93622,1,0,1,1,4081,-7393,0.32432432432432434
2021-12-27T00:00:00.000,9:29,40.835094,-73.88697,0,0,0,0,4083,-7388,0.26717557251908397
2021-09-27T00:00:00.000,17:00,40.71729,-73.83208,0,0,0,0,4071,-7383,0.37349397590361444
2021-10-01T00:00:00.000,4:09,40.67816,-73.897484,0,0,0,0,4067,-7389,0.33852140077821014
2021-10-01T00:00:00.000,16:20,40.66563,-73.73921,0,0,0,0,4066,-7373,0.44339622641509435
2021-10-01T00:00:00.000,15:00,40.719177,-73.79223,1,0,1,1,4071,-7379,0.3888888888888889
2021-10-01T00:00:00.000,22:30,40.659412,-73.8708,2,0,1,1,4065,-7387,0.2857142857142857
2021-09-15T00:00:00.000,0:00,40.880398,-73.907646,0,0,0,0,4088,-7390,0.2702702702702703
2021-09-30T00:00:00.000,13:23,40.713993,-73.880295,1,0,1,1,4071,-7388,0.10344827586206896
2021-09-15T00:00:00.000,8:30,40.7418,-73.924675,1,0,1,1,4074,-7392,0.3709677419354839
2021-12-27T00:00:00.000,19:05,40.535355,-74.15594,3,0,1,1,4053,-7415,0.2222222222222222
2021-09-28T00:00:00.000,14:53,40.64479,-73.9546,1,0,1,1,4064,-7395,0.4796747967479675
2021-10-01T00:00:00.000,6:30,40.75303,-73.92163,1,0,1,1,4075,-7392,0.48148148148148145
2021-10-01T00:00:00.000,1:00,40.850735,-73.902824,0,0,0,0,4085,-7390,0.42207792207792205
2021-09-25T00:00:00.000,3:16,40.67614,-73.907166,0,0,0,0,4067,-7390,0.3282442748091603
2021-09-30T00:00:00.000,8:10,40.859055,-73.88795,0,0,0,0,4085,-7388,0.3
2021-09-26T00:00:00.000,11:42,40.83806,-73.94665,0,0,0,0,4083,-7394,0.38926174496644295
2021-09-30T00:00:00.000,12:18,40.780437,-73.94989,0,0,0,0,4078,-7394,0.33513513513513515
2021-09-30T00:00:00.000,2:16,40.640858,-74.16833,0,0,0,0,4064,-7416,0.0
2021-09-30T00:00:00.000,7:28,40.88521,-73.88716,0,0,0,0,4088,-7388,0.42857142857142855
2021-09-30T00:00:00.000,6:42,40.81914,-73.93719,0,0,0,0,4081,-7393,0.32432432432432434
2021-09-30T00:00:00.000,10:00,40.674625,-73.88893,0,0,0,0,4067,-7388,0.30434782608695654
2021-09-30T00:00:00.000,17:00,40.82843,-73.88105,0,0,0,0,4082,-7388,0.27624309392265195
2021-10-01T00:00:00.000,11:00,40.58939,-73.97189,0,0,0,0,4058,-7397,0.2727272727272727
2021-08-03T00:00:00.000,16:25,40.866703,-73.83815,1,0,1,1,4086,-7383,0.3448275862068966
2021-09-29T00:00:00.000,2:23,40.722458,-73.95479,0,0,0,0,4072,-7395,0.22093023255813954
2021-09-30T00:00:00.000,0:50,40.765423,-73.89001,0,0,0,0,4076,-7389,0.35185185185185186
2021-09-30T00:00:00.000,10:50,40.669518,-73.89424,0,0,0,0,4066,-7389,0.3103448275862069
2021-09-30T00:00:00.000,5:00,40.834114,-73.86327,0,0,0,0,4083,-7386,0.24822695035460993
2021-09-16T00:00:00.000,21:35,40.736336,-73.98301,0,0,0,0,4073,-7398,0.36942675159235666
2021-09-30T00:00:00.000,16:30,40.59518,-73.76198,0,0,0,0,4059,-7376,0.23809523809523808
2021-09-30T00:00:00.000,14:42,40.595325,-74.15986,0,0,0,0,4059,-7415,0.5
2021-10-01T00:00:00.000,17:30,40.76259,-73.78547,1,0,1,1,4076,-7378,0.4
2021-09-29T00:00:00.000,7:00,40.703747,-73.954445,0,0,0,0,4070,-7395,0.3475177304964539
2021-09-29T00:00:00.000,16:43,40.602474,-74.12064,0,0,0,0,4060,-7412,0.2608695652173913
2021-09-29T00:00:00.000,15:55,40.75585,-73.88259,0,0,0,0,4075,-7388,0.3402061855670103
2021-09-30T00:00:00.000,11:10,40.680157,-73.9119,1,0,1,1,4068,-7391,0.344
2021-09-30T00:00:00.000,9:45,40.739162,-73.78556,0,0,0,0,4073,-7378,0.391304347826087
2021-09-30T00:00:00.000,4:10,40.755657,-73.76717,1,0,1,1,4075,-7376,0.4
2021-09-29T00:00:00.000,8:25,40.894054,-73.86248,1,0,1,1,4089,-7386,0.28205128205128205
2021-10-01T00:00:00.000,19:40,40.711975,-73.99782,1,0,1,1,4071,-7399,0.3263157894736842
2021-09-23T00:00:00.000,20:30,40.71546,-73.94961,1,0,1,1,4071,-7394,0.3710691823899371
2021-09-29T00:00:00.000,11:25,40.58539,-73.81466,0,0,0,0,4058,-7381,0.1875
2021-09-29T00:00:00.000,14:35,40.87926,-73.86962,0,0,0,0,4087,-7386,0.3142857142857143
2021-10-01T00:00:00.000,14:34,40.56274,-74.11755,0,0,0,0,4056,-7411,0.3448275862068966
2021-10-01T00:00:00.000,6:30,40.724636,-73.94818,1,0,1,1,4072,-7394,0.19801980198019803
2021-10-01T00:00:00.000,13:30,40.843002,-73.90359,1,0,1,1,4084,-7390,0.366120218579235
2021-09-30T00:00:00.000,12:30,40.66652,-73.73645,1,0,1,1,4066,-7373,0.44339622641509435
2021-09-30T00:00:00.000,11:45,40.650948,-74.00793,0,0,0,0,4065,-7400,0.41509433962264153
2021-09-30T00:00:00.000,7:40,40.66157,-73.91548,1,0,1,1,4066,-7391,0.3630952380952381
2021-10-01T00:00:00.000,15:35,40.79926,-73.97489,0,0,0,0,4079,-7397,0.24210526315789474
2021-09-24T00:00:00.000,18:10,40.75708,-73.97956,0,0,0,0,4075,-7397,0.375886524822695
2021-10-01T00:00:00.000,5:17,40.836296,-73.87369,1,0,1,1,4083,-7387,0.38414634146341464
2021-10-01T00:00:00.000,11:30,40.838844,-73.87817,0,0,0,0,4083,-7387,0.38414634146341464
2021-09-30T00:00:00.000,10:50,40.850067,-73.90281,0,0,0,0,4085,-7390,0.42207792207792205
2021-07-29T00:00:00.000,14:57,40.909866,-73.89662,1,0,1,1,4090,-7389,0.2727272727272727
2021-10-01T00:00:00.000,13:36,40.831146,-73.82236,0,0,0,0,4083,-7382,0.44680851063829785
2021-10-01T00:00:00.000,22:44,40.6247,-73.94358,1,0,1,1,4062,-7394,0.41379310344827586
2021-09-28T00:00:00.000,22:00,40.677357,-73.88687,0,0,0,0,4067,-7388,0.30434782608695654
2021-10-01T00:00:00.000,5:20,40.740776,-73.89862,0,0,0,0,4074,-7389,0.3203125
2021-10-01T00:00:00.000,10:55,40.67327,-73.9474,0,0,0,0,4067,-7394,0.34074074074074073
2021-09-29T00:00:00.000,14:01,40.614643,-73.936806,0,0,0,0,4061,-7393,0.34285714285714286
2021-10-01T00:00:00.000,16:30,40.60058,-73.99161,0,0,0,0,4060,-7399,0.31683168316831684
2021-10-01T00:00:00.000,0:00,40.734497,-73.72287,0,0,0,0,4073,-7372,0.3333333333333333
2021-10-01T00:00:00.000,18:00,40.861862,-73.91275,0,0,0,0,4086,-7391,0.38016528925619836
2021-09-27T00:00:00.000,11:30,40.668373,-73.92264,0,0,0,0,4066,-7392,0.355
2021-08-17T00:00:00.000,14:47,40.69631,-73.997086,1,0,1,1,4069,-7399,0.29473684210526313
2021-10-01T00:00:00.000,21:29,40.888798,-73.85316,0,0,0,0,4088,-7385,0.36619718309859156
2021-09-30T00:00:00.000,13:00,40.6915,-73.90956,0,0,0,0,4069,-7390,0.29591836734693877
2021-09-21T00:00:00.000,19:30,0.0,0.0,0,0,0,0,0,0,0.40425531914893614
2021-04-01T00:00:00.000,16:07,40.80662,-73.91762,0,0,0,0,4080,-7391,0.38961038961038963
2021-09-16T00:00:00.000,3:00,40.6481,-73.91474,0,0,0,0,4064,-7391,0.39805825242718446
2021-10-01T00:00:00.000,6:36,40.74568,-73.97213,1,0,1,1,4074,-7397,0.4810810810810811
2021-09-29T00:00:00.000,12:40,40.658722,-73.97517,1,0,1,1,4065,-7397,0.4074074074074074
2021-08-30T00:00:00.000,17:30,40.82866,-73.87824,1,0,1,1,4082,-7387,0.33544303797468356
2021-12-27T00:00:00.000,21:10,40.642796,-74.00197,1,0,1,1,4064,-7400,0.36764705882352944
2021-09-29T00:00:00.000,17:00,0.0,0.0,0,0,0,0,0,0,0.40425531914893614
2021-09-29T00:00:00.000,6:22,40.6492,-73.95841,2,0,1,1,4064,-7395,0.4796747967479675
2021-09-29T00:00:00.000,20:21,40.766502,-73.99418,1,0,1,1,4076,-7399,0.3275862068965517
2021-09-29T00:00:00.000,6:40,40.72839,-73.83302,0,0,0,0,4072,-7383,0.4909090909090909
2021-09-30T00:00:00.000,10:35,40.61929,-73.94837,3,0,1,1,4061,-7394,0.48484848484848486
2021-09-29T00:00:00.000,11:10,40.876022,-73.83387,1,0,1,1,4087,-7383,0.3333333333333333
2021-10-01T00:00:00.000,9:51,40.806786,-73.92335,0,0,0,0,4080,-7392,0.3141025641025641
2021-09-30T00:00:00.000,11:25,40.681805,-73.94987,1,0,1,1,4068,-7394,0.4409448818897638
2021-09-29T00:00:00.000,17:20,40.65362,-73.93352,1,0,1,1,4065,-7393,0.44366197183098594
2021-10-01T00:00:00.000,18:30,40.725674,-74.00578,0,0,0,0,4072,-7400,0.32926829268292684
2021-09-29T00:00:00.000,11:53,40.768646,-73.96983,1,0,1,1,4076,-7396,0.3023255813953488
2021-10-01T00:00:00.000,22:30,40.71001,-73.79474,1,0,1,1,4071,-7379,0.3888888888888889
2021-09-30T00:00:00.000,15:00,40.619247,-73.92208,0,0,0,0,4061,-7392,0.2982456140350877
2021-09-29T00:00:00.000,7:23,40.704426,-73.82577,0,0,0,0,4070,-7382,0.4166666666666667
2021-09-29T00:00:00.000,17:49,40.82322,-73.882996,0,0,0,0,4082,-7388,0.27624309392265195
2021-09-30T00:00:00.000,6:11,40.54443,-74.165405,0,0,0,0,4054,-7416,0.42857142857142855
2021-09-30T00:00:00.000,9:30,40.712357,-73.8263,1,0,1,1,4071,-7382,0.379746835443038
2021-10-01T00:00:00.000,19:19,40.762955,-73.793274,1,0,1,1,4076,-7379,0.2631578947368421
2021-10-01T00:00:00.000,19:08,40.721676,-73.835976,1,0,1,1,4072,-7383,0.4909090909090909
2021-10-01T00:00:00.000,12:30,40.665634,-73.75817,0,0,0,0,4066,-7375,0.3
2021-10-01T00:00:00.000,8:20,40.757732,-73.99686,0,0,0,0,4075,-7399,0.2830188679245283
2021-09-29T00:00:00.000,21:15,40.703083,-73.85766,0,0,0,0,4070,-7385,0.39436619718309857
2021-09-26T00:00:00.000,15:24,40.89121,-73.86076,0,0,0,0,4089,-7386,0.28205128205128205
2021-09-12T00:00:00.000,3:50,40.689915,-73.7779,0,0,0,0,4068,-7377,0.3673469387755102
2021-09-30T00:00:00.000,1:15,40.70029,-73.92904,0,0,0,0,4070,-7392,0.24305555555555555
2021-09-30T00:00:00.000,16:15,40.757885,-73.898926,1,0,1,1,4075,-7389,0.4805194805194805
2021-10-01T00:00:00.000,13:45,40.857327,-73.904526,1,0,1,1,4085,-7390,0.42207792207792205
2021-10-01T00:00:00.000,7:30,40.740463,-73.78193,0,0,0,0,4074,-7378,0.43478260869565216
2021-09-30T00:00:00.000,10:30,40.709217,-73.77562,0,0,0,0,4070,-7377,0.2413793103448276
2021-09-02T00:00:00.000,16:20,40.6992,-73.92309,1,0,1,1,4069,-7392,0.3584905660377358
2021-09-30T00:00:00.000,20:01,40.628445,-74.15413,5,0,1,1,4062,-7415,0.37037037037037035
2021-09-29T00:00:00.000,12:50,40.728954,-73.847565,1,0,1,1,4072,-7384,0.2711864406779661
2021-09-29T00:00:00.000,8:05,40.726074,-73.77865,1,0,1,1,4072,-7377,0.375
2021-09-30T00:00:00.000,11:45,40.63796,-73.89435,2,0,1,1,4063,-7389,0.41818181818181815
2021-09-18T00:00:00.000,2:00,40.770306,-73.91901,0,0,0,0,4077,-7391,0.3157894736842105
2021-09-29T00:00:00.000,11:10,40.629345,-74.127205,0,0,0,0,4062,-7412,0.21739130434782608
2021-09-30T00:00:00.000,16:16,40.624855,-73.99195,0,0,0,0,4062,-7399,0.3835616438356164
2021-09-16T00:00:00.000,6:35,40.848118,-73.93089,0,0,0,0,4084,-7393,0.32786885245901637
2021-10-01T00:00:00.000,15:40,40.58751,-73.95234,0,0,0,0,4058,-7395,0.3465346534653465
2021-09-30T00:00:00.000,20:28,40.87022,-73.9147,2,0,1,1,4087,-7391,0.25925925925925924
2021-09-29T00:00:00.000,10:00,40.653442,-73.93639,0,0,0,0,4065,-7393,0.44366197183098594
2021-09-29T00:00:00.000,13:50,40.82304,-73.88193,1,0,1,1,4082,-7388,0.27624309392265195
2021-09-29T00:00:00.000,16:00,40.612846,-73.9552,0,0,0,0,4061,-7395,0.4461538461538462
2021-09-30T00:00:00.000,14:47,40.630577,-73.88591,4,0,1,1,4063,-7388,0.3835616438356164
2021-09-30T00:00:00.000,8:15,40.798225,-73.9524,0,0,0,0,4079,-7395,0.42
2021-09-29T00:00:00.000,16:20,40.88437,-73.90105,0,0,0,0,4088,-7390,0.2702702702702703
2021-09-30T00:00:00.000,0:00,40.70166,-73.961464,0,0,0,0,4070,-7396,0.3431372549019608
2021-09-29T00:00:00.000,9:15,40.665348,-73.72986,0,0,0,0,4066,-7372,0.6190476190476191
2021-09-30T00:00:00.000,22:48,40.693455,-73.913506,0,0,0,0,4069,-7391,0.2709677419354839
2021-10-01T00:00:00.000,16:33,40.7463,-73.971664,1,0,1,1,4074,-7397,0.4810810810810811
2021-09-29T00:00:00.000,7:45,40.790253,-73.94564,0,0,0,0,4079,-7394,0.3523809523809524
2021-09-29T00:00:00.000,10:00,40.714214,-73.94773,1,0,1,1,4071,-7394,0.3710691823899371
2021-09-29T00:00:00.000,7:45,40.58493,-73.95269,0,0,0,0,4058,-7395,0.3465346534653465
2021-09-29T00:00:00.000,16:49,40.829754,-73.87374,0,0,0,0,4082,-7387,0.33544303797468356
2021-09-30T00:00:00.000,12:15,0.0,0.0,0,0,0,0,0,0,0.40425531914893614
2021-09-30T00:00:00.000,15:55,40.718555,-73.988205,2,0,1,1,4071,-7398,0.39568345323741005
2021-09-29T00:00:00.000,8:29,40.74616,-73.97913,0,0,0,0,4074,-7397,0.4810810810810811
2021-09-30T00:00:00.000,7:28,40.674496,-73.90629,2,0,1,1,4067,-7390,0.3282442748091603
2021-10-01T00:00:00.000,17:40,40.73873,-73.81428,1,0,1,1,4073,-7381,0.3181818181818182
2021-09-29T00:00:00.000,21:30,40.753677,-73.914474,1,0,1,1,4075,-7391,0.4777777777777778
2021-09-29T00:00:00.000,22:25,40.718273,-73.90219,1,0,1,1,4071,-7390,0.4
2021-12-27T00:00:00.000,13:15,40.84664,-73.92568,0,0,0,0,4084,-7392,0.3181818181818182
2022-03-31T00:00:00.000,13:50,40.600224,-73.96032,0,0,0,0,4060,-7396,0.5714285714285714
2021-09-30T00:00:00.000,13:50,40.668102,-73.980576,0,0,0,0,4066,-7398,0.421875
2021-09-23T00:00:00.000,0:00,40.85221,-73.78818,0,0,0,0,4085,-7378,0.16666666666666666
2021-09-29T00:00:00.000,11:45,40.735085,-73.98735,0,0,0,0,4073,-7398,0.36942675159235666
2021-09-29T00:00:00.000,10:00,40.83639,-73.91588,0,0,0,0,4083,-7391,0.33714285714285713
2021-10-01T00:00:00.000,9:30,40.67215,-73.843185,1,0,1,1,4067,-7384,0.28888888888888886
2021-09-30T00:00:00.000,13:40,40.725906,-73.9354,0,0,0,0,4072,-7393,0.36507936507936506
2021-09-29T00:00:00.000,19:50,40.842876,-73.844734,0,0,0,0,4084,-7384,0.4222222222222222
2021-09-22T00:00:00.000,14:35,40.70922,-73.90588,1,0,1,1,4070,-7390,0.37894736842105264
2021-12-27T00:00:00.000,13:30,40.757847,-73.89922,1,0,1,1,4075,-7389,0.4805194805194805
2021-09-09T00:00:00.000,16:56,40.895447,-73.88002,1,0,1,1,4089,-7388,0.5
2021-10-01T00:00:00.000,10:02,40.663906,-73.95098,0,1,2,1,4066,-7395,0.44375
2021-09-30T00:00:00.000,14:00,40.69496,-73.93978,1,0,1,1,4069,-7393,0.3141025641025641
2021-10-01T00:00:00.000,8:40,40.696167,-73.8045,1,0,1,1,4069,-7380,0.38461538461538464
2021-09-29T00:00:00.000,18:13,40.760105,-73.77013,0,0,0,0,4076,-7377,0.20588235294117646
2021-09-29T00:00:00.000,14:20,40.687103,-73.89251,1,0,1,1,4068,-7389,0.5
2021-10-01T00:00:00.000,15:04,40.754986,-73.74535,0,0,0,0,4075,-7374,0.3333333333333333
2021-09-29T00:00:00.000,8:40,40.723835,-73.97357,1,0,1,1,4072,-7397,0.3283582089552239
2021-09-30T00:00:00.000,10:05,40.67164,-73.95034,1,0,1,1,4067,-7395,0.3695652173913043
2021-09-30T00:00:00.000,16:02,40.763035,-73.924515,1,0,1,1,4076,-7392,0.42105263157894735
2021-09-30T00:00:00.000,1:07,40.830933,-73.89156,0,0,0,0,4083,-7389,0.3333333333333333
2021-09-27T00:00:00.000,8:36,40.80304,-73.868904,0,0,0,0,4080,-7386,0.0
2021-09-29T00:00:00.000,15:20,40.7406,-73.879326,0,0,0,0,4074,-7387,0.25663716814159293
2021-10-01T00:00:00.000,12:55,40.714928,-74.00795,1,0,1,1,4071,-7400,0.25517241379310346
2021-09-30T00:00:00.000,5:30,40.75426,-73.74334,1,0,1,1,4075,-7374,0.3333333333333333
2021-09-29T00:00:00.000,8:35,40.87746,-73.853745,1,0,1,1,4087,-7385,0.37681159420289856
2021-09-15T00:00:00.000,16:09,40.725693,-73.989784,0,0,0,0,4072,-7398,0.4342105263157895
2021-09-26T00:00:00.000,20:00,40.6767,-73.86747,0,0,0,0,4067,-7386,0.3431372549019608
2021-10-01T00:00:00.000,8:47,40.819424,-73.955574,1,0,1,1,4081,-7395,0.3509933774834437
2021-09-29T00:00:00.000,14:30,40.682106,-73.74126,0,0,0,0,4068,-7374,0.29411764705882354
2021-09-29T00:00:00.000,13:24,40.66618,-73.88316,1,0,1,1,4066,-7388,0.37012987012987014
2021-10-01T00:00:00.000,17:59,40.76527,-73.90729,1,0,1,1,4076,-7390,0.3055555555555556
2021-09-30T00:00:00.000,9:00,40.708496,-73.96234,0,0,0,0,4070,-7396,0.3431372549019608
2021-10-01T00:00:00.000,23:32,40.778046,-73.94808,0,0,0,0,4077,-7394,0.28
2021-09-27T00:00:00.000,7:53,40.67189,-73.895874,0,0,0,0,4067,-7389,0.33852140077821014
2021-09-30T00:00:00.000,5:04,40.683086,-73.85416,0,0,0,0,4068,-7385,0.43103448275862066
2021-09-29T00:00:00.000,13:34,40.70075,-73.98599,0,0,0,0,4070,-7398,0.21568627450980393
2021-09-30T00:00:00.000,8:40,40.827297,-73.86919,1,0,1,1,4082,-7386,0.3493975903614458
2021-09-29T00:00:00.000,15:30,40.7179,-73.83202,2,0,1,1,4071,-7383,0.37349397590361444
2021-10-01T00:00:00.000,15:10,40.711483,-73.987404,0,0,0,0,4071,-7398,0.39568345323741005
2021-09-29T00:00:00.000,6:30,40.8617,-73.89139,1,0,1,1,4086,-7389,0.40606060606060607
2021-09-30T00:00:00.000,1:00,40.897404,-73.86262,0,0,0,0,4089,-7386,0.28205128205128205
2021-12-27T00:00:00.000,17:35,40.743095,-73.867485,0,0,0,0,4074,-7386,0.3813559322033898
2021-09-29T00:00:00.000,17:44,40.668415,-73.91042,0,0,0,0,4066,-7391,0.3630952380952381
2021-10-01T00:00:00.000,11:57,40.75457,-73.97169,1,0,1,1,4075,-7397,0.375886524822695
2021-09-29T00:00:00.000,12:55,0.0,0.0,1,0,1,1,0,0,0.40425531914893614
2021-12-24T00:00:00.000,18:32,40.745876,-73.992035,0,0,0,0,4074,-7399,0.3333333333333333
2021-10-01T00:00:00.000,13:27,40.679943,-73.98956,1,0,1,1,4067,-7398,0.3655913978494624
2021-09-29T00:00:00.000,17:40,40.6598,-73.88516,2,0,1,1,4065,-7388,0.41509433962264153
2021-09-27T00:00:00.000,1:00,40.835873,-73.8699,0,0,0,0,4083,-7386,0.24822695035460993
2021-09-29T00:00:00.000,17:30,40.687706,-73.82588,1,0,1,1,4068,-7382,0.41975308641975306
2021-10-01T00:00:00.000,17:40,40.685127,-73.90643,0,0,0,0,4068,-7390,0.4421052631578947
2021-09-30T00:00:00.000,14:06,40.61649,-73.92857,1,0,1,1,4061,-7392,0.2982456140350877
2021-09-29T00:00:00.000,17:55,40.710587,-73.94711,1,0,1,1,4071,-7394,0.3710691823899371
2021-09-30T00:00:00.000,11:30,40.67888,-73.728905,0,0,0,0,4067,-7372,0.3888888888888889
2021-10-01T00:00:00.000,17:25,40.63063,-74.00923,0,0,0,0,4063,-7400,0.3068181818181818
2021-09-30T00:00:00.000,8:30,40.640686,-74.09538,0,0,0,0,4064,-7409,0.3333333333333333
2021-09-20T00:00:00.000,15:55,0.0,0.0,0,0,0,0,0,0,0.40425531914893614
2021-09-14T00:00:00.000,16:45,40.76161,-73.99032,1,0,1,1,4076,-7399,0.3275862068965517
2021-09-06T00:00:00.000,16:57,40.71192,-73.99833,1,0,1,1,4071,-7399,0.3263157894736842
2021-09-29T00:00:00.000,0:00,40.719025,-73.98978,1,0,1,1,4071,-7398,0.39568345323741005
2021-10-01T00:00:00.000,8:32,40.853806,-73.855286,1,0,1,1,4085,-7385,0.3125
2021-09-29T00:00:00.000,9:00,40.7242,-73.93765,2,0,1,1,4072,-7393,0.36507936507936506
2021-09-24T00:00:00.000,7:12,40.67079,-73.903275,0,0,0,0,4067,-7390,0.3282442748091603
2021-10-01T00:00:00.000,16:30,40.64316,-74.01922,1,0,1,1,4064,-7401,0.4295774647887324
2021-10-01T00:00:00.000,2:18,40.7366,-73.856674,0,0,0,0,4073,-7385,0.3619047619047619
2021-09-30T00:00:00.000,17:11,40.642944,-73.95862,2,0,1,1,4064,-7395,0.4796747967479675
2021-09-30T00:00:00.000,0:00,40.711384,-73.8366,0,0,0,0,4071,-7383,0.37349397590361444
2021-09-29T00:00:00.000,22:30,40.73446,-73.900024,0,0,0,0,4073,-7390,0.42424242424242425
2021-10-01T00:00:00.000,15:00,40.734314,-73.93803,2,0,1,1,4073,-7393,0.38461538461538464
2021-09-27T00:00:00.000,17:26,40.75898,-73.99595,0,0,0,0,4075,-7399,0.2830188679245283
2021-09-29T00:00:00.000,14:30,40.6893,-73.81629,0,0,0,0,4068,-7381,0.4117647058823529
2021-10-01T00:00:00.000,22:00,40.74545,-73.70838,0,0,0,0,4074,-7370,0.375
2021-09-29T00:00:00.000,9:49,40.755753,-73.883514,1,0,1,1,4075,-7388,0.3402061855670103
2021-09-30T00:00:00.000,16:30,40.749687,-73.88147,0,0,0,0,4074,-7388,0.2978723404255319
2021-09-29T00:00:00.000,17:40,40.707684,-73.96275,0,0,0,0,4070,-7396,0.3431372549019608
2021-10-01T00:00:00.000,2:25,40.60478,-73.97711,0,0,0,0,4060,-7397,0.3469387755102041
2021-09-29T00:00:00.000,20:30,40.714527,-74.015686,0,0,0,0,4071,-7401,0.3181818181818182
2021-10-01T00:00:00.000,20:00,40.76394,-73.828156,0,0,0,0,4076,-7382,0.2987012987012987
2021-09-29T00:00:00.000,15:00,40.66626,-73.99596,0,0,0,0,4066,-7399,0.40540540540540543
2021-09-11T00:00:00.000,1:15,40.767395,-73.99634,0,0,0,0,4076,-7399,0.3275862068965517
2021-09-08T00:00:00.000,17:00,40.667095,-73.92276,0,0,0,0,4066,-7392,0.355
2021-09-28T00:00:00.000,16:20,40.843548,-73.87031,1,0,1,1,4084,-7387,0.48333333333333334
2021-10-01T00:00:00.000,7:10,40.704483,-73.81419,0,0,0,0,4070,-7381,0.3194444444444444
2021-09-29T00:00:00.000,15:49,40.70612,-73.79882,1,0,1,1,4070,-7379,0.3978494623655914
2021-09-30T00:00:00.000,11:22,40.717678,-73.81713,1,0,1,1,4071,-7381,0.3448275862068966
2021-09-29T00:00:00.000,16:47,0.0,0.0,1,0,1,1,0,0,0.40425531914893614
2021-09-30T00:00:00.000,0:00,40.658577,-73.89063,0,0,0,0,4065,-7389,0.34965034965034963
2021-10-01T00:00:00.000,21:31,40.73722,-73.9814,0,0,0,0,4073,-7398,0.36942675159235666
2021-10-01T00:00:00.000,20:12,40.820137,-73.89029,1,0,1,1,4082,-7389,0.37423312883435583
2021-10-01T00:00:00.000,17:40,40.64934,-73.94264,1,0,1,1,4064,-7394,0.42342342342342343
2021-09-25T00:00:00.000,10:55,40.696033,-73.984535,0,0,0,0,4069,-7398,0.3229166666666667
2021-09-17T00:00:00.000,0:00,40.830227,-73.8748,0,0,0,0,4083,-7387,0.38414634146341464
2021-10-01T00:00:00.000,17:45,40.839825,-73.93257,0,0,0,0,4083,-7393,0.3333333333333333
2021-12-27T00:00:00.000,14:33,40.84528,-73.83453,0,0,0,0,4084,-7383,0.4318181818181818
2021-07-26T00:00:00.000,10:10,40.88385,-73.89438,1,0,1,1,4088,-7389,0.4626865671641791
2021-09-29T00:00:00.000,19:25,40.817795,-73.89319,2,0,1,1,4081,-7389,0.31543624161073824
2021-09-30T00:00:00.000,0:00,40.608852,-74.15334,0,0,0,0,4060,-7415,0.3076923076923077
2021-09-29T00:00:00.000,17:40,40.7455,-73.87952,1,0,1,1,4074,-7387,0.25663716814159293
2021-09-30T00:00:00.000,1:28,40.69168,-73.999344,0,0,0,0,4069,-7399,0.29473684210526313
2021-09-11T00:00:00.000,21:59,40.826275,-73.85971,1,0,1,1,4082,-7385,0.27
2021-09-30T00:00:00.000,15:10,40.70206,-73.99262,0,0,0,0,4070,-7399,0.21052631578947367
2021-09-30T00:00:00.000,22:00,40.69099,-73.99175,0,0,0,0,4069,-7399,0.29473684210526313
2021-09-23T00:00:00.000,9:00,40.86794,-73.87221,0,0,0,0,4086,-7387,0.34545454545454546
2021-10-01T00:00:00.000,7:00,40.86663,-73.88647,0,0,0,0,4086,-7388,0.23943661971830985
2021-09-17T00:00:00.000,14:59,40.77226,-73.92591,0,0,0,0,4077,-7392,0.3269230769230769
2021-09-29T00:00:00.000,16:00,40.754646,-73.88143,0,0,0,0,4075,-7388,0.3402061855670103
2021-09-29T00:00:00.000,19:00,40.753456,-73.941414,1,0,1,1,4075,-7394,0.41333333333333333
2021-10-01T00:00:00.000,16:07,40.829697,-73.91313,0,0,0,0,4082,-7391,0.3355263157894737
2021-09-30T00:00:00.000,15:00,40.83609,-73.87039,0,0,0,0,4083,-7387,0.38414634146341464
2021-09-30T00:00:00.000,11:31,40.627117,-73.9896,0,0,0,0,4062,-7398,0.38
2021-10-01T00:00:00.000,19:05,40.569706,-74.144394,0,0,0,0,4056,-7414,0.6666666666666666
2021-09-29T00:00:00.000,19:39,40.668667,-73.868324,1,0,1,1,4066,-7386,0.35
2021-09-30T00:00:00.000,17:33,40.71071,-73.793045,1,0,1,1,4071,-7379,0.3888888888888889
2021-09-24T00:00:00.000,9:20,40.823505,-73.94144,0,0,0,0,4082,-7394,0.3812154696132597
2021-09-30T00:00:00.000,14:15,40.6491,-73.94649,1,0,1,1,4064,-7394,0.42342342342342343
2021-09-30T00:00:00.000,21:00,40.63255,-74.07796,0,0,0,0,4063,-7407,0.4444444444444444
2021-09-30T00:00:00.000,14:55,40.814793,-73.95629,0,0,0,0,4081,-7395,0.3509933774834437
2021-09-30T00:00:00.000,11:30,40.836708,-73.868195,1,0,1,1,4083,-7386,0.24822695035460993
2021-09-28T00:00:00.000,0:00,40.687256,-73.9286,0,0,0,0,4068,-7392,0.2542372881355932
2021-09-28T00:00:00.000,7:15,40.674526,-73.875175,0,0,0,0,4067,-7387,0.30344827586206896
2021-09-30T00:00:00.000,10:00,40.737545,-74.00387,0,0,0,0,4073,-7400,0.2403846153846154
2021-10-01T00:00:00.000,15:02,40.75076,-73.757835,0,0,0,0,4075,-7375,0.3333333333333333
2021-09-30T00:00:00.000,19:47,40.846954,-73.91863,1,0,1,1,4084,-7391,0.32558139534883723
2021-09-14T00:00:00.000,14:56,40.70058,-73.80775,1,0,1,1,4070,-7380,0.3877551020408163
2021-09-30T00:00:00.000,19:05,40.76241,-73.984436,0,0,0,0,4076,-7398,0.3081761006289308
2021-09-30T00:00:00.000,3:49,40.837894,-73.88138,0,0,0,0,4083,-7388,0.26717557251908397
2021-09-30T00:00:00.000,22:21,40.69276,-73.89499,0,0,0,0,4069,-7389,0.3709677419354839
2021-09-28T00:00:00.000,12:00,40.66112,-73.897125,0,0,0,0,4066,-7389,0.3103448275862069
2021-09-30T00:00:00.000,16:00,40.6651,-73.94539,0,0,0,0,4066,-7394,0.36792452830188677
2021-09-29T00:00:00.000,0:00,40.73539,-73.99828,0,0,0,0,4073,-7399,0.423728813559322
2021-09-29T00:00:00.000,3:17,40.63311,-73.97217,1,0,1,1,4063,-7397,0.36893203883495146
2021-09-29T00:00:00.000,18:36,40.77008,-73.94784,0,0,0,0,4077,-7394,0.28
2021-10-01T00:00:00.000,16:15,40.613506,-73.954094,1,0,1,1,4061,-7395,0.4461538461538462
2021-09-28T00:00:00.000,13:40,40.833813,-73.86275,2,0,1,1,4083,-7386,0.24822695035460993
2021-09-30T00:00:00.000,18:52,40.80534,-73.94571,1,0,1,1,4080,-7394,0.41116751269035534
2021-09-29T00:00:00.000,8:05,40.874313,-73.868164,1,0,1,1,4087,-7386,0.3142857142857143
2021-09-29T00:00:00.000,17:00,40.685734,-73.9694,0,0,0,0,4068,-7396,0.42567567567567566
2021-12-15T00:00:00.000,21:30,40.84196,-73.915306,0,0,0,0,4084,-7391,0.32558139534883723
2021-09-29T00:00:00.000,9:48,40.634506,-73.949455,1,0,1,1,4063,-7394,0.358974358974359
2021-10-01T00:00:00.000,16:46,40.762127,-73.99739,0,0,0,0,4076,-7399,0.3275862068965517
2021-10-01T00:00:00.000,8:35,40.673008,-73.78809,0,0,0,0,4067,-7378,0.2
2021-10-01T00:00:00.000,8:20,40.769024,-73.81641,0,0,0,0,4076,-7381,0.4716981132075472
2021-09-27T00:00:00.000,10:45,40.680244,-73.87661,0,0,0,0,4068,-7387,0.24719101123595505
2021-10-01T00:00:00.000,12:45,40.734295,-73.85031,0,0,0,0,4073,-7385,0.3619047619047619
2021-10-01T00:00:00.000,13:18,40.61448,-73.92641,6,0,1,1,4061,-7392,0.2982456140350877
2021-10-01T00:00:00.000,8:08,40.609776,-73.9643,1,0,1,1,4060,-7396,0.5714285714285714
2021-10-01T00:00:00.000,18:35,40.734566,-73.72269,0,0,0,0,4073,-7372,0.3333333333333333
2021-10-01T00:00:00.000,6:20,40.732033,-73.91893,0,0,0,0,4073,-7391,0.33962264150943394
2021-09-18T00:00:00.000,3:50,40.755516,-73.961105,0,0,0,0,4075,-7396,0.4788732394366197
2021-09-24T00:00:00.000,23:43,40.60345,-74.009,0,0,0,0,4060,-7400,0.24074074074074073
2021-10-01T00:00:00.000,17:44,40.726955,-74.003456,1,0,1,1,4072,-7400,0.32926829268292684
2021-10-01T00:00:00.000,20:50,40.769005,-73.992355,1,0,1,1,4076,-7399,0.3275862068965517
2021-10-01T00:00:00.000,15:27,40.67712,-73.900475,1,0,1,1,4067,-7390,0.3282442748091603
2021-10-01T00:00:00.000,16:04,40.78324,-73.97455,0,0,0,0,4078,-7397,0.3434343434343434
2021-09-30T00:00:00.000,20:15,40.72225,-74.00592,1,0,1,1,4072,-7400,0.32926829268292684
2021-09-30T00:00:00.000,17:21,40.79485,-73.962364,1,0,1,1,4079,-7396,0.25
2021-10-01T00:00:00.000,22:56,40.679516,-73.91109,0,0,0,0,4067,-7391,0.36597938144329895
2021-09-29T00:00:00.000,3:40,40.75175,-74.007935,1,0,1,1,4075,-7400,0.3888888888888889
2021-04-20T00:00:00.000,16:03,40.64366,-73.90067,4,0,1,1,4064,-7390,0.4017094017094017
2021-05-18T00:00:00.000,14:20,40.803104,-73.95825,1,0,1,1,4080,-7395,0.381294964028777
2021-05-19T00:00:00.000,10:35,40.657536,-73.902756,1,0,1,1,4065,-7390,0.375
2021-05-20T00:00:00.000,12:28,40.68218,-73.94659,0,0,0,0,4068,-7394,0.4409448818897638
2021-05-20T00:00:00.000,12:23,40.615364,-73.94575,2,0,1,1,4061,-7394,0.48484848484848486
2021-05-28T00:00:00.000,9:26,40.646034,-73.91242,1,0,1,1,4064,-7391,0.39805825242718446
2021-05-26T00:00:00.000,10:30,40.813198,-73.95825,0,0,0,0,4081,-7395,0.3509933774834437
2021-05-26T00:00:00.000,18:28,40.60876,-74.07579,0,0,0,0,4060,-7407,0.25
2021-05-28T00:00:00.000,22:25,40.66549,-73.75236,0,0,0,0,4066,-7375,0.3
2021-05-28T00:00:00.000,2:18,40.74496,-73.935425,0,0,0,0,4074,-7393,0.3333333333333333
2021-05-27T00:00:00.000,6:20,40.58139,-74.10878,0,0,0,0,4058,-7410,0.3076923076923077
2021-05-27T00:00:00.000,16:00,40.736187,-74.00833,0,0,0,0,4073,-7400,0.2403846153846154
2021-05-26T00:00:00.000,14:20,40.812317,-73.9094,1,0,1,1,4081,-7390,0.3888888888888889
2021-05-27T00:00:00.000,13:40,40.694305,-73.91852,0,0,0,0,4069,-7391,0.2709677419354839
2021-05-26T00:00:00.000,20:50,40.649982,-73.91183,0,0,0,0,4064,-7391,0.39805825242718446
2021-05-26T00:00:00.000,13:35,40.70547,-73.95024,0,0,0,0,4070,-7395,0.3475177304964539
2021-05-17T00:00:00.000,20:28,40.654408,-73.946075,1,0,1,1,4065,-7394,0.43137254901960786
2021-05-26T00:00:00.000,6:28,40.646458,-74.0893,1,0,1,1,4064,-7408,0.2894736842105263
2021-05-27T00:00:00.000,0:25,40.64943,-74.01296,1,0,1,1,4064,-7401,0.4295774647887324
2021-05-25T00:00:00.000,17:38,40.817593,-73.95319,0,0,0,0,4081,-7395,0.3509933774834437
2021-05-27T00:00:00.000,16:55,40.70774,-73.787346,1,0,1,1,4070,-7378,0.34523809523809523
2021-05-26T00:00:00.000,0:00,40.75361,-73.90393,0,0,0,0,4075,-7390,0.37254901960784315
2021-05-26T00:00:00.000,9:20,40.84721,-73.93979,1,0,1,1,4084,-7393,0.32786885245901637
2021-05-26T00:00:00.000,20:20,40.73529,-73.98782,0,0,0,0,4073,-7398,0.36942675159235666
2021-04-06T00:00:00.000,6:15,40.671898,-73.92231,0,0,0,0,4067,-7392,0.39655172413793105
2021-05-26T00:00:00.000,0:19,40.734398,-73.9223,0,0,0,0,4073,-7392,0.4444444444444444
2021-05-27T00:00:00.000,21:21,40.73991,-73.9857,1,0,1,1,4073,-7398,0.36942675159235666
2021-05-28T00:00:00.000,11:55,40.746113,-73.73576,0,0,0,0,4074,-7373,0.4
2021-05-27T00:00:00.000,10:15,40.711845,-73.859764,0,0,0,0,4071,-7385,0.4418604651162791
2021-10-01T00:00:00.000,2:16,40.71498,-73.83206,0,0,0,0,4071,-7383,0.37349397590361444
2021-05-27T00:00:00.000,16:06,40.839798,-73.873604,1,0,1,1,4083,-7387,0.38414634146341464
2021-05-27T00:00:00.000,15:40,0.0,0.0,0,0,0,0,0,0,0.40425531914893614
2021-05-27T00:00:00.000,7:17,40.67983,-74.00353,0,0,0,0,4067,-7400,0.20967741935483872
2021-05-28T00:00:00.000,22:28,40.771523,-73.914314,4,0,1,1,4077,-7391,0.3157894736842105
2021-05-28T00:00:00.000,5:00,40.701748,-73.734055,0,0,0,0,4070,-7373,0.52
2021-05-25T00:00:00.000,6:37,40.78065,-73.97643,1,0,1,1,4078,-7397,0.3434343434343434
2021-05-20T00:00:00.000,17:15,40.734165,-73.997215,0,0,0,0,4073,-7399,0.423728813559322
2021-05-28T00:00:00.000,17:55,40.76102,-73.88826,0,0,0,0,4076,-7388,0.43283582089552236
2021-05-26T00:00:00.000,17:00,40.715096,-74.00683,0,0,0,0,4071,-7400,0.25517241379310346
2021-05-27T00:00:00.000,11:58,40.749157,-73.9727,1,0,1,1,4074,-7397,0.4810810810810811
2021-05-22T00:00:00.000,12:00,40.60307,-74.01667,0,0,0,0,4060,-7401,0.30357142857142855
2021-05-26T00:00:00.000,11:47,40.86682,-73.83923,0,0,0,0,4086,-7383,0.3448275862068966
2021-05-26T00:00:00.000,10:38,40.61556,-73.91367,0,0,0,0,4061,-7391,0.358974358974359
2021-05-22T00:00:00.000,15:00,40.586765,-74.14617,1,0,1,1,4058,-7414,0.75
2021-05-26T00:00:00.000,18:30,40.61074,-73.97919,0,0,0,0,4061,-7397,0.421875
2021-05-26T00:00:00.000,2:43,40.717186,-74.0129,0,0,0,0,4071,-7401,0.3181818181818182
2021-05-03T00:00:00.000,0:00,40.669907,-73.939384,0,0,0,0,4066,-7393,0.38578680203045684
2021-05-28T00:00:00.000,0:30,40.85664,-73.86663,1,0,1,1,4085,-7386,0.33766233766233766
2021-05-26T00:00:00.000,21:40,40.744556,-73.870834,0,0,0,0,4074,-7387,0.25663716814159293
2021-05-27T00:00:00.000,10:30,40.666203,-73.97666,0,0,0,0,4066,-7397,0.24390243902439024
2021-05-27T00:00:00.000,18:15,40.72916,-73.95383,0,0,0,0,4072,-7395,0.22093023255813954
2021-09-29T00:00:00.000,14:33,40.819317,-73.93032,1,0,1,1,4081,-7393,0.32432432432432434
2021-05-27T00:00:00.000,11:00,40.67642,-73.94154,2,0,1,1,4067,-7394,0.34074074074074073
2021-05-26T00:00:00.000,17:50,40.675144,-73.98133,0,0,0,0,4067,-7398,0.3655913978494624
2021-05-27T00:00:00.000,23:30,40.725273,-73.89286,1,0,1,1,4072,-7389,0.41379310344827586
2021-05-28T00:00:00.000,16:00,40.77075,-73.78581,1,0,1,1,4077,-7378,0.4444444444444444
2021-05-27T00:00:00.000,10:45,40.718143,-73.993835,0,0,0,0,4071,-7399,0.3263157894736842
2021-05-25T00:00:00.000,5:30,40.676834,-74.00146,0,0,0,0,4067,-7400,0.20967741935483872
2021-05-26T00:00:00.000,16:24,40.820297,-73.854645,2,0,1,1,4082,-7385,0.27
2021-05-27T00:00:00.000,17:16,40.82259,-73.8872,0,0,0,0,4082,-7388,0.27624309392265195
2021-05-26T00:00:00.000,23:20,40.629677,-73.94151,0,0,0,0,4062,-7394,0.41379310344827586
2021-05-26T00:00:00.000,1:45,40.85535,-73.91836,0,0,0,0,4085,-7391,0.373134328358209
2021-05-27T00:00:00.000,10:10,40.8047,-73.91243,0,0,0,0,4080,-7391,0.38961038961038963
2021-05-27T00:00:00.000,14:20,0.0,0.0,1,0,1,1,0,0,0.40425531914893614
2021-05-26T00:00:00.000,17:21,40.799957,-73.96053,0,0,0,0,4079,-7396,0.25
2021-05-28T00:00:00.000,6:50,40.665485,-73.755646,0,0,0,0,4066,-7375,0.3
2021-05-27T00:00:00.000,7:16,40.66737,-73.78266,0,0,0,0,4066,-7378,0.34615384615384615
2021-05-26T00:00:00.000,8:15,40.64271,-73.95548,0,0,0,0,4064,-7395,0.4796747967479675
2021-05-27T00:00:00.000,17:54,40.844902,-73.89011,0,0,0,0,4084,-7389,0.33766233766233766
2021-05-19T00:00:00.000,17:25,40.6691,-73.911545,0,0,0,0,4066,-7391,0.3630952380952381
2021-05-28T00:00:00.000,11:09,40.789085,-73.780464,2,0,1,1,4078,-7378,0.4375
2021-05-17T00:00:00.000,14:50,40.704853,-73.791664,1,0,1,1,4070,-7379,0.3978494623655914
2021-05-21T00:00:00.000,16:30,40.661232,-73.91051,0,0,0,0,4066,-7391,0.3630952380952381
2021-05-24T00:00:00.000,11:34,40.78133,-73.978096,0,0,0,0,4078,-7397,0.3434343434343434
2021-05-27T00:00:00.000,17:48,40.609356,-74.01523,1,0,1,1,4060,-7401,0.30357142857142855
2021-05-28T00:00:00.000,16:25,40.653503,-73.935425,0,0,0,0,4065,-7393,0.44366197183098594
2021-05-28T00:00:00.000,16:25,40.836468,-73.937035,0,0,0,0,4083,-7393,0.3333333333333333
2021-05-26T00:00:00.000,13:50,40.65303,-73.94304,4,0,1,1,4065,-7394,0.43137254901960786
2021-05-20T00:00:00.000,9:00,40.81167,-73.88384,0,0,0,0,4081,-7388,0.25471698113207547
2021-05-26T00:00:00.000,23:08,40.83241,-73.89072,1,0,1,1,4083,-7389,0.3333333333333333
2021-05-28T00:00:00.000,16:15,40.730194,-73.887566,1,0,1,1,4073,-7388,0.2777777777777778
2021-05-27T00:00:00.000,8:54,40.845646,-73.864044,0,0,0,0,4084,-7386,0.375
2021-05-08T00:00:00.000,21:00,40.61037,-74.09264,2,0,1,1,4061,-7409,0.46153846153846156
2021-05-27T00:00:00.000,4:10,40.665092,-73.87063,0,0,0,0,4066,-7387,0.38461538461538464
2021-05-27T00:00:00.000,5:26,40.842335,-73.91619,0,0,0,0,4084,-7391,0.32558139534883723
2021-05-28T00:00:00.000,18:02,40.74333,-73.86264,0,0,0,0,4074,-7386,0.3813559322033898
2021-05-26T00:00:00.000,8:30,40.7568,-73.873665,1,0,1,1,4075,-7387,0.33884297520661155
2021-05-26T00:00:00.000,13:29,40.64024,-73.91947,0,0,0,0,4064,-7391,0.39805825242718446
2021-05-27T00:00:00.000,9:00,40.828384,-73.90283,0,0,0,0,4082,-7390,0.3025210084033613
2021-05-28T00:00:00.000,9:50,40.76595,-73.80984,0,0,0,0,4076,-7380,0.4
2021-05-27T00:00:00.000,21:00,40.720005,-73.98747,0,0,0,0,4072,-7398,0.4342105263157895
2021-05-25T00:00:00.000,14:20,40.820263,-73.92976,2,0,1,1,4082,-7392,0.3333333333333333
2021-05-26T00:00:00.000,8:00,40.668987,-73.80462,0,0,0,0,4066,-7380,0.40789473684210525
2021-05-28T00:00:00.000,18:10,40.75967,-73.92725,0,0,0,0,4075,-7392,0.48148148148148145
2021-10-01T00:00:00.000,23:10,40.717888,-73.99809,0,0,0,0,4071,-7399,0.3263157894736842
2021-05-27T00:00:00.000,15:04,40.83609,-73.87039,1,0,1,1,4083,-7387,0.38414634146341464
2021-05-27T00:00:00.000,14:20,40.717247,-73.80344,0,0,0,0,4071,-7380,0.42105263157894735
2021-05-27T00:00:00.000,15:19,40.691666,-73.76239,0,0,0,0,4069,-7376,0.3392857142857143
2021-05-28T00:00:00.000,13:00,40.718395,-73.826385,0,0,0,0,4071,-7382,0.379746835443038
2021-05-26T00:00:00.000,7:40,40.711033,-73.7281,0,0,0,0,4071,-7372,0.40425531914893614
2021-05-26T00:00:00.000,10:38,40.80705,-73.91734,0,0,0,0,4080,-7391,0.38961038961038963
2021-10-01T00:00:00.000,12:15,40.804344,-73.92158,1,0,1,1,4080,-7392,0.3141025641025641
2021-05-27T00:00:00.000,11:55,40.73735,-73.95479,0,0,0,0,4073,-7395,0.30434782608695654
2021-05-27T00:00:00.000,14:12,40.81721,-73.916,0,0,0,0,4081,-7391,0.47244094488188976
2021-05-26T00:00:00.000,5:45,40.688374,-73.979614,1,0,1,1,4068,-7397,0.3412322274881517
2021-10-01T00:00:00.000,0:40,40.731182,-73.871605,0,0,0,0,4073,-7387,0.3140495867768595
2021-05-28T00:00:00.000,16:45,40.830196,-73.82817,0,0,0,0,4083,-7382,0.44680851063829785
2021-05-26T00:00:00.000,9:52,40.689217,-73.917656,0,0,0,0,4068,-7391,0.344
2021-04-28T00:00:00.000,17:28,40.674,-73.960396,2,0,1,1,4067,-7396,0.3466666666666667
2021-05-26T00:00:00.000,12:20,40.709896,-73.83941,2,0,1,1,4070,-7383,0.3541666666666667
2021-05-26T00:00:00.000,11:24,40.744347,-73.92891,0,0,0,0,4074,-7392,0.3709677419354839
2021-05-28T00:00:00.000,1:09,40.83648,-73.897736,5,0,1,1,4083,-7389,0.3333333333333333
2021-05-27T00:00:00.000,16:15,40.682106,-73.84584,0,0,0,0,4068,-7384,0.3333333333333333
2021-05-28T00:00:00.000,10:25,40.835136,-73.86308,1,0,1,1,4083,-7386,0.24822695035460993
2021-05-26T00:00:00.000,21:00,40.809105,-73.9229,4,0,1,1,4080,-7392,0.3141025641025641
2021-05-27T00:00:00.000,16:28,40.781025,-73.981316,1,0,1,1,4078,-7398,0.42105263157894735
2021-05-28T00:00:00.000,22:17,40.58663,-73.8209,0,0,0,0,4058,-7382,0.11764705882352941
2021-09-23T00:00:00.000,12:35,40.797737,-73.949425,1,0,1,1,4079,-7394,0.3523809523809524
2021-05-27T00:00:00.000,1:10,40.61445,-73.98081,0,0,0,0,4061,-7398,0.3698630136986301
2021-05-28T00:00:00.000,8:29,40.60886,-73.965065,0,0,0,0,4060,-7396,0.5714285714285714
2021-05-25T00:00:00.000,19:45,40.624096,-73.988754,1,0,1,1,4062,-7398,0.38
2021-05-26T00:00:00.000,13:40,40.704414,-73.944466,1,0,1,1,4070,-7394,0.3956043956043956
2021-10-01T00:00:00.000,15:36,40.848118,-73.93089,1,0,1,1,4084,-7393,0.32786885245901637
2021-05-28T00:00:00.000,10:14,40.825573,-73.918465,0,0,0,0,4082,-7391,0.3355263157894737
2021-05-27T00:00:00.000,21:50,40.613586,-74.08267,2,0,1,1,4061,-7408,0.30612244897959184
2021-05-26T00:00:00.000,2:25,40.830696,-73.849075,0,0,0,0,4083,-7384,0.22727272727272727
2021-05-28T00:00:00.000,14:40,40.837894,-73.94239,1,0,1,1,4083,-7394,0.38926174496644295
2021-09-30T00:00:00.000,10:50,40.667114,-73.834656,0,0,0,0,4066,-7383,0.5
2021-05-27T00:00:00.000,4:30,40.839478,-73.883896,0,0,0,0,4083,-7388,0.26717557251908397
2021-05-27T00:00:00.000,8:05,40.666885,-73.911964,0,0,0,0,4066,-7391,0.3630952380952381
2021-05-26T00:00:00.000,14:43,40.81133,-73.96403,1,0,1,1,4081,-7396,0.2222222222222222
2021-05-27T00:00:00.000,7:30,40.656082,-73.95306,1,0,1,1,4065,-7395,0.38686131386861317
2021-05-28T00:00:00.000,21:25,40.85185,-73.902725,0,0,0,0,4085,-7390,0.42207792207792205
2021-05-26T00:00:00.000,18:00,40.69217,-73.95194,0,0,0,0,4069,-7395,0.30952380952380953
2021-05-26T00:00:00.000,15:00,40.75976,-73.90062,0,0,0,0,4075,-7390,0.37254901960784315
2021-05-26T00:00:00.000,8:00,40.702522,-73.88693,0,0,0,0,4070,-7388,0.3448275862068966
2021-05-23T00:00:00.000,21:25,40.838978,-73.84744,0,0,0,0,4083,-7384,0.22727272727272727
2021-05-27T00:00:00.000,14:40,40.6802,-73.953285,0,0,0,0,4068,-7395,0.38571428571428573
2021-05-26T00:00:00.000,8:00,40.90167,-73.90612,0,0,0,0,4090,-7390,0.11764705882352941
2021-05-27T00:00:00.000,15:15,40.88042,-73.84427,2,0,1,1,4088,-7384,0.4153846153846154
2021-05-26T00:00:00.000,12:30,40.8047,-73.91243,1,0,1,1,4080,-7391,0.38961038961038963
2021-05-27T00:00:00.000,17:08,40.81316,-73.90048,0,0,0,0,4081,-7390,0.3888888888888889
2021-05-27T00:00:00.000,12:37,40.704426,-73.80555,0,0,0,0,4070,-7380,0.3877551020408163
2021-05-26T00:00:00.000,9:50,40.62456,-73.95228,0,0,0,0,4062,-7395,0.4444444444444444
2021-05-27T00:00:00.000,7:00,40.85111,-73.93061,0,0,0,0,4085,-7393,0.36585365853658536
2021-05-25T00:00:00.000,8:45,40.765354,-73.81733,0,0,0,0,4076,-7381,0.4716981132075472
2021-05-26T00:00:00.000,14:48,40.82338,-73.902885,0,0,0,0,4082,-7390,0.3025210084033613
2021-09-29T00:00:00.000,11:00,40.766434,-73.921776,1,0,1,1,4076,-7392,0.42105263157894735
2021-05-26T00:00:00.000,15:30,40.67332,-73.8464,0,0,0,0,4067,-7384,0.28888888888888886
2021-05-26T00:00:00.000,14:44,40.59506,-73.79455,0,0,0,0,4059,-7379,0.2692307692307692
2021-05-26T00:00:00.000,16:22,40.72384,-73.941345,0,0,0,0,4072,-7394,0.19801980198019803
2021-05-26T00:00:00.000,16:40,40.73502,-73.896034,0,0,0,0,4073,-7389,0.2857142857142857
2021-05-26T00:00:00.000,8:15,40.842625,-73.87818,2,0,1,1,4084,-7387,0.48333333333333334
2021-05-26T00:00:00.000,22:20,40.603493,-74.067345,1,0,1,1,4060,-7406,0.3076923076923077
2021-05-23T00:00:00.000,13:55,40.7014,-73.91858,0,0,0,0,4070,-7391,0.27450980392156865
2021-05-28T00:00:00.000,0:00,40.63459,-73.93825,0,0,0,0,4063,-7393,0.46153846153846156
2021-05-27T00:00:00.000,20:00,40.687504,-73.91465,0,0,0,0,4068,-7391,0.344
2021-05-27T00:00:00.000,11:45,40.666187,-73.79176,0,0,0,0,4066,-7379,0.3870967741935484
2021-05-26T00:00:00.000,18:10,40.675735,-73.89686,2,0,1,1,4067,-7389,0.33852140077821014
2021-05-27T00:00:00.000,12:30,40.575542,-73.96487,0,0,0,0,4057,-7396,0.3191489361702128
2021-10-01T00:00:00.000,15:22,40.67312,-73.878654,0,0,0,0,4067,-7387,0.30344827586206896
2021-05-28T00:00:00.000,16:20,40.76889,-73.9821,0,0,0,0,4076,-7398,0.3081761006289308
2021-05-28T00:00:00.000,7:30,40.76286,-73.98941,0,0,0,0,4076,-7398,0.3081761006289308
2021-05-27T00:00:00.000,17:54,40.697285,-73.75645,2,0,1,1,4069,-7375,0.3584905660377358
2021-05-27T00:00:00.000,18:20,40.662666,-73.83972,1,0,1,1,4066,-7383,0.5
2021-05-25T00:00:00.000,8:00,40.608154,-74.18262,0,0,0,0,4060,-7418,0.4
2021-05-26T00:00:00.000,0:20,40.73978,-73.97952,0,0,0,0,4073,-7397,0.32558139534883723
2021-05-27T00:00:00.000,9:33,40.666435,-73.83478,1,0,1,1,4066,-7383,0.5
2021-05-26T00:00:00.000,15:00,40.71049,-73.7766,0,0,0,0,4071,-7377,0.20967741935483872
2021-05-28T00:00:00.000,14:25,40.638554,-74.08174,0,0,0,0,4063,-7408,0.2653061224489796
2021-05-27T00:00:00.000,23:38,40.820004,-73.95888,0,0,0,0,4082,-7395,0.4117647058823529
2021-05-27T00:00:00.000,21:35,40.83147,-73.94678,1,0,1,1,4083,-7394,0.38926174496644295
2021-05-27T00:00:00.000,15:05,40.76872,-73.7492,1,0,1,1,4076,-7374,0.46153846153846156
2021-05-28T00:00:00.000,13:45,40.748924,-73.937386,0,0,0,0,4074,-7393,0.3333333333333333
2021-05-25T00:00:00.000,15:29,40.85111,-73.93061,1,0,1,1,4085,-7393,0.36585365853658536
2021-12-27T00:00:00.000,15:35,40.9046,-73.852936,2,0,1,1,4090,-7385,0.42105263157894735
2021-05-26T00:00:00.000,2:12,40.779633,-73.91084,0,0,0,0,4077,-7391,0.3157894736842105
2021-05-27T00:00:00.000,14:15,40.67069,-73.91703,0,0,0,0,4067,-7391,0.36597938144329895
2021-05-26T00:00:00.000,12:30,40.65416,-73.92483,1,0,1,1,4065,-7392,0.35555555555555557
2021-05-25T00:00:00.000,12:16,40.7025,-73.91633,0,0,0,0,4070,-7391,0.27450980392156865
2021-05-27T00:00:00.000,13:00,40.813072,-73.88996,0,0,0,0,4081,-7388,0.25471698113207547
2021-05-26T00:00:00.000,20:40,40.74273,-73.91499,1,0,1,1,4074,-7391,0.38333333333333336
2021-05-28T00:00:00.000,14:00,40.666416,-73.80631,2,0,1,1,4066,-7380,0.40789473684210525
2021-05-21T00:00:00.000,10:00,40.732605,-74.00883,0,0,0,0,4073,-7400,0.2403846153846154
2021-05-26T00:00:00.000,16:35,40.661606,-73.9503,0,0,0,0,4066,-7395,0.44375
2021-05-27T00:00:00.000,15:30,40.850494,-73.91546,1,0,1,1,4085,-7391,0.373134328358209
2021-05-17T00:00:00.000,7:30,40.696033,-73.98453,2,0,1,1,4069,-7398,0.3229166666666667
2021-05-26T00:00:00.000,14:00,40.688904,-73.980934,0,0,0,0,4068,-7398,0.3873239436619718
2021-05-28T00:00:00.000,11:45,40.75548,-73.74173,0,0,0,0,4075,-7374,0.3333333333333333
2021-05-28T00:00:00.000,10:00,40.566185,-73.881966,0,0,0,0,4056,-7388,0.3333333333333333
2021-05-28T00:00:00.000,21:00,40.819046,-73.944695,0,0,0,0,4081,-7394,0.38
2021-05-27T00:00:00.000,5:55,40.729996,-73.91187,0,0,0,0,4072,-7391,0.36
2021-05-27T00:00:00.000,15:30,40.66223,-73.93997,1,0,1,1,4066,-7393,0.38578680203045684
2021-05-16T00:00:00.000,14:20,40.69979,-73.950096,1,0,1,1,4069,-7395,0.30952380952380953
2021-05-27T00:00:00.000,19:05,40.85678,-73.86192,0,0,0,0,4085,-7386,0.33766233766233766
2021-05-26T00:00:00.000,14:30,40.703217,-73.94427,1,0,1,1,4070,-7394,0.3956043956043956
2021-05-26T00:00:00.000,17:25,40.749443,-73.99285,1,0,1,1,4074,-7399,0.3333333333333333
2021-05-27T00:00:00.000,21:55,40.704494,-73.81743,2,0,1,1,4070,-7381,0.3194444444444444
2021-05-26T00:00:00.000,18:30,40.8327,-73.950226,0,0,0,0,4083,-7395,0.4
2021-05-28T00:00:00.000,17:25,40.84175,-73.88546,1,0,1,1,4084,-7388,0.390625
2021-05-26T00:00:00.000,19:15,40.72656,-73.972046,1,0,1,1,4072,-7397,0.3283582089552239
2021-05-25T00:00:00.000,18:00,40.768936,-73.834335,0,0,0,0,4076,-7383,0.33695652173913043
2021-05-26T00:00:00.000,15:33,40.61242,-74.09936,1,0,1,1,4061,-7409,0.46153846153846156
2021-05-26T00:00:00.000,20:55,40.72179,-73.99986,0,0,0,0,4072,-7399,0.3829787234042553
2021-05-26T00:00:00.000,0:00,40.693604,-73.99275,0,0,0,0,4069,-7399,0.29473684210526313
2021-05-27T00:00:00.000,11:00,40.883617,-73.85516,0,0,0,0,4088,-7385,0.36619718309859156
2021-05-26T00:00:00.000,1:50,40.764267,-73.9158,0,0,0,0,4076,-7391,0.40476190476190477
2021-05-26T00:00:00.000,15:40,40.720375,-73.73226,0,0,0,0,4072,-7373,0.4642857142857143
2021-05-28T00:00:00.000,2:00,40.708626,-73.94513,1,0,1,1,4070,-7394,0.3956043956043956
2021-05-27T00:00:00.000,16:08,40.706806,-73.825,1,0,1,1,4070,-7382,0.4166666666666667
2021-05-07T00:00:00.000,23:05,40.836105,-73.917435,1,0,1,1,4083,-7391,0.33714285714285713
2021-05-27T00:00:00.000,16:20,40.72037,-73.76102,0,0,0,0,4072,-7376,0.5
2021-05-26T00:00:00.000,18:07,40.753624,-73.96944,0,0,0,0,4075,-7396,0.4788732394366197
2021-05-26T00:00:00.000,15:40,40.842175,-73.89231,0,0,0,0,4084,-7389,0.33766233766233766
2021-10-01T00:00:00.000,12:20,40.816532,-73.92822,0,0,0,0,4081,-7392,0.4714285714285714
2021-05-27T00:00:00.000,6:25,40.65797,-73.848274,0,0,0,0,4065,-7384,0.5
2021-05-24T00:00:00.000,5:39,40.83468,-73.944435,1,0,1,1,4083,-7394,0.38926174496644295
2021-05-26T00:00:00.000,1:55,40.724262,-73.93766,0,0,0,0,4072,-7393,0.36507936507936506
2021-05-25T00:00:00.000,16:30,40.804886,-73.96248,0,0,0,0,4080,-7396,0.31343283582089554
2021-05-26T00:00:00.000,17:26,40.644424,-73.998604,1,0,1,1,4064,-7399,0.3442622950819672
2021-05-26T00:00:00.000,12:00,40.75723,-73.81715,0,0,0,0,4075,-7381,0.35
2021-05-26T00:00:00.000,12:54,40.684513,-73.909386,0,0,0,0,4068,-7390,0.4421052631578947
2021-05-28T00:00:00.000,21:26,40.670734,-73.93373,1,0,1,1,4067,-7393,0.3755868544600939
2021-05-26T00:00:00.000,19:20,40.741447,-73.84603,0,0,0,0,4074,-7384,0.42857142857142855
2021-05-26T00:00:00.000,16:15,40.674717,-74.01332,0,0,0,0,4067,-7401,0.32142857142857145
2021-05-26T00:00:00.000,16:30,40.815845,-73.89544,0,0,0,0,4081,-7389,0.31543624161073824
2021-05-27T00:00:00.000,17:47,40.85493,-73.82617,0,0,0,0,4085,-7382,0.45714285714285713
2021-05-26T00:00:00.000,17:18,40.7216,-73.912994,1,0,1,1,4072,-7391,0.36
2021-05-27T00:00:00.000,0:00,40.870396,-73.8259,1,0,1,1,4087,-7382,0.3333333333333333
2021-05-28T00:00:00.000,9:26,40.57275,-73.997055,0,0,0,0,4057,-7399,0.32558139534883723
2021-05-26T00:00:00.000,19:30,40.83543,-73.92341,1,0,1,1,4083,-7392,0.310126582278481
2021-05-27T00:00:00.000,6:30,40.832085,-73.85536,0,0,0,0,4083,-7385,0.30158730158730157
2021-05-28T00:00:00.000,17:50,40.73222,-74.00356,0,0,0,0,4073,-7400,0.2403846153846154
2021-05-27T00:00:00.000,21:00,40.647255,-74.087944,0,0,0,0,4064,-7408,0.2894736842105263
2021-05-26T00:00:00.000,13:18,40.72835,-73.95339,0,0,0,0,4072,-7395,0.22093023255813954
2021-05-26T00:00:00.000,17:19,40.813797,-73.94987,1,0,1,1,4081,-7394,0.38
2021-05-15T00:00:00.000,9:00,40.715763,-73.74654,0,0,0,0,4071,-7374,0.23404255319148937
2021-05-26T00:00:00.000,19:10,40.80682,-73.91749,1,0,1,1,4080,-7391,0.38961038961038963
2021-05-27T00:00:00.000,13:55,40.778713,-73.806206,2,0,1,1,4077,-7380,0.25
2021-05-27T00:00:00.000,14:00,40.635303,-74.00617,0,0,0,0,4063,-7400,0.3068181818181818
2021-05-27T00:00:00.000,12:40,40.672966,-73.941864,1,0,1,1,4067,-7394,0.34074074074074073
2021-05-27T00:00:00.000,17:40,40.642014,-73.9313,1,0,1,1,4064,-7393,0.3333333333333333
2021-05-28T00:00:00.000,0:17,40.60487,-74.02955,1,0,1,1,4060,-7402,0.42105263157894735
2021-05-28T00:00:00.000,15:03,40.682487,-73.979614,0,0,0,0,4068,-7397,0.3412322274881517
2021-05-27T00:00:00.000,16:25,40.603054,-74.00825,0,0,0,0,4060,-7400,0.24074074074074073
2021-09-15T00:00:00.000,18:20,40.714268,-73.90571,1,0,1,1,4071,-7390,0.4
2021-05-27T00:00:00.000,20:00,40.827785,-73.90434,0,0,0,0,4082,-7390,0.3025210084033613
2021-05-27T00:00:00.000,17:35,40.707893,-73.78675,0,0,0,0,4070,-7378,0.34523809523809523
2021-05-27T00:00:00.000,15:20,40.72527,-73.816154,0,0,0,0,4072,-7381,0.2926829268292683
2021-05-25T00:00:00.000,17:00,40.63267,-73.93101,1,0,1,1,4063,-7393,0.46153846153846156
2021-05-27T00:00:00.000,16:30,40.74575,-73.78901,0,0,0,0,4074,-7378,0.43478260869565216
2021-05-26T00:00:00.000,10:00,40.70754,-74.01311,0,0,0,0,4070,-7401,0.140625
2021-05-26T00:00:00.000,8:10,40.788864,-73.971855,0,0,0,0,4078,-7397,0.3434343434343434
2021-05-27T00:00:00.000,18:30,40.820004,-73.888885,0,0,0,0,4082,-7388,0.27624309392265195
2021-05-26T00:00:00.000,14:00,40.58196,-73.959946,0,0,0,0,4058,-7395,0.3465346534653465
2021-05-24T00:00:00.000,12:42,40.66484,-73.91494,1,0,1,1,4066,-7391,0.3630952380952381
2021-05-28T00:00:00.000,15:40,40.55381,-74.134995,0,0,0,0,4055,-7413,0.2777777777777778
2021-05-27T00:00:00.000,15:05,40.715683,-73.99751,0,0,0,0,4071,-7399,0.3263157894736842
2021-05-26T00:00:00.000,9:28,40.745686,-73.97213,0,0,0,0,4074,-7397,0.4810810810810811
2021-05-28T00:00:00.000,0:15,40.89154,-73.84127,0,0,0,0,4089,-7384,0.3333333333333333
2021-05-27T00:00:00.000,8:00,40.727226,-73.71051,0,0,0,0,4072,-7371,0.2857142857142857
2021-05-27T00:00:00.000,14:50,40.59241,-73.95327,1,0,1,1,4059,-7395,0.3181818181818182
2021-05-28T00:00:00.000,15:15,40.68561,-73.75027,2,0,1,1,4068,-7375,0.3877551020408163
2021-05-28T00:00:00.000,23:30,40.69636,-73.74459,2,0,1,1,4069,-7374,0.46774193548387094
2021-05-21T00:00:00.000,16:50,40.89074,-73.84,0,0,0,0,4089,-7384,0.3333333333333333
2021-05-26T00:00:00.000,21:49,40.86759,-73.85095,0,0,0,0,4086,-7385,0.5
2021-05-27T00:00:00.000,1:14,40.750988,-73.99063,1,0,1,1,4075,-7399,0.2830188679245283
2021-05-26T00:00:00.000,11:00,40.82789,-73.85012,0,0,0,0,4082,-7385,0.27
2021-05-26T00:00:00.000,17:43,40.707493,-73.94153,0,0,0,0,4070,-7394,0.3956043956043956
2021-05-27T00:00:00.000,8:05,40.675106,-73.90438,0,0,0,0,4067,-7390,0.3282442748091603
2021-05-24T00:00:00.000,12:20,40.860004,-73.825424,2,0,1,1,4086,-7382,0.3611111111111111
2021-05-26T00:00:00.000,10:45,40.748646,-73.794815,0,0,0,0,4074,-7379,0.1
2021-05-26T00:00:00.000,12:40,40.764347,-73.82595,3,0,1,1,4076,-7382,0.2987012987012987
2021-05-28T00:00:00.000,23:20,40.642384,-73.92539,0,0,0,0,4064,-7392,0.4077669902912621
2021-05-27T00:00:00.000,15:26,40.83258,-73.943344,0,0,0,0,4083,-7394,0.38926174496644295
2021-05-27T00:00:00.000,16:50,40.71245,-73.95247,0,0,0,0,4071,-7395,0.36585365853658536
2021-05-28T00:00:00.000,14:00,40.738194,-73.8492,0,0,0,0,4073,-7384,0.2682926829268293
2021-05-28T00:00:00.000,9:00,40.71471,-73.75471,0,0,0,0,4071,-7375,0.3269230769230769
2021-05-27T00:00:00.000,7:01,40.69611,-73.96406,0,0,0,0,4069,-7396,0.325
2021-05-26T00:00:00.000,16:46,40.73986,-73.79012,1,0,1,1,4073,-7379,0.4
2021-05-27T00:00:00.000,22:43,40.737354,-73.918915,1,0,1,1,4073,-7391,0.33962264150943394
2021-05-26T00:00:00.000,14:45,40.711876,-73.73029,0,0,0,0,4071,-7373,0.25
2021-04-29T00:00:00.000,14:20,40.674885,-73.927765,0,0,0,0,4067,-7392,0.39655172413793105
2021-05-27T00:00:00.000,19:45,40.714104,-73.95322,0,0,0,0,4071,-7395,0.36585365853658536
2021-05-24T00:00:00.000,13:22,40.666695,-73.98992,0,0,0,0,4066,-7398,0.421875
2021-05-26T00:00:00.000,0:00,40.876495,-73.88321,0,0,0,0,4087,-7388,0.3561643835616438
2021-05-27T00:00:00.000,19:06,40.636337,-73.919044,0,0,0,0,4063,-7391,0.5
2021-05-28T00:00:00.000,8:47,40.852787,-73.89663,0,0,0,0,4085,-7389,0.3353658536585366
2021-05-14T00:00:00.000,9:20,40.776398,-73.98328,0,0,0,0,4077,-7398,0.38028169014084506
2021-05-27T00:00:00.000,21:10,40.65616,-73.76736,2,0,1,1,4065,-7376,0.35714285714285715
2021-05-28T00:00:00.000,12:25,40.612854,-74.102646,2,0,1,1,4061,-7410,0.6363636363636364
2021-05-26T00:00:00.000,11:00,40.773357,-73.79366,0,0,0,0,4077,-7379,0.5
2021-05-25T00:00:00.000,3:24,40.82523,-73.94761,0,0,0,0,4082,-7394,0.3812154696132597
2021-05-25T00:00:00.000,21:52,40.734093,-74.0085,0,0,0,0,4073,-7400,0.2403846153846154
2021-05-28T00:00:00.000,13:50,40.703434,-73.91181,0,0,0,0,4070,-7391,0.27450980392156865
2021-05-27T00:00:00.000,13:00,40.71154,-73.83624,1,0,1,1,4071,-7383,0.37349397590361444
2021-05-28T00:00:00.000,16:50,40.751785,-73.80705,1,0,1,1,4075,-7380,0.36363636363636365
2021-05-22T00:00:00.000,13:20,40.827774,-73.945755,0,0,0,0,4082,-7394,0.3812154696132597
2021-05-26T00:00:00.000,14:30,40.68438,-73.94702,1,0,1,1,4068,-7394,0.4409448818897638
2021-05-27T00:00:00.000,17:40,40.72636,-73.84854,0,0,0,0,4072,-7384,0.2711864406779661
2021-05-28T00:00:00.000,23:50,40.769333,-73.912445,0,0,0,0,4076,-7391,0.40476190476190477
2021-05-27T00:00:00.000,14:45,40.714073,-73.95534,1,0,1,1,4071,-7395,0.36585365853658536
2021-05-27T00:00:00.000,14:55,40.79525,-73.97321,4,0,1,1,4079,-7397,0.24210526315789474
2021-05-26T00:00:00.000,0:25,40.748924,-73.937386,1,0,1,1,4074,-7393,0.3333333333333333
2021-05-26T00:00:00.000,20:40,40.830532,-73.86147,0,0,0,0,4083,-7386,0.24822695035460993
2021-05-27T00:00:00.000,11:50,40.612637,-73.974785,0,0,0,0,4061,-7397,0.421875
2021-05-19T00:00:00.000,10:44,40.63082,-73.88636,0,0,0,0,4063,-7388,0.3835616438356164
2021-05-27T00:00:00.000,23:00,40.785507,-73.98394,0,0,0,0,4078,-7398,0.42105263157894735
2021-05-22T00:00:00.000,4:12,40.5921,-73.79404,1,0,1,1,4059,-7379,0.2692307692307692
2021-05-27T00:00:00.000,14:38,40.578423,-73.84139,1,0,1,1,4057,-7384,0.8
2021-05-27T00:00:00.000,18:55,40.70255,-73.88984,0,0,0,0,4070,-7388,0.3448275862068966
2021-05-27T00:00:00.000,16:00,40.707115,-73.797966,0,0,0,0,4070,-7379,0.3978494623655914
2021-05-26T00:00:00.000,8:30,40.830975,-73.89158,0,0,0,0,4083,-7389,0.3333333333333333
2021-05-28T00:00:00.000,18:50,40.760586,-73.73126,1,0,1,1,4076,-7373,0.42857142857142855
2021-05-28T00:00:00.000,21:57,40.870014,-73.832436,1,0,1,1,4087,-7383,0.3333333333333333
2021-05-28T00:00:00.000,22:40,40.68714,-73.80801,0,0,0,0,4068,-7380,0.3829787234042553
2021-05-26T00:00:00.000,6:50,40.880478,-73.88594,1,0,1,1,4088,-7388,0.42857142857142855
2021-05-26T00:00:00.000,14:00,40.756893,-73.93044,0,0,0,0,4075,-7393,0.43478260869565216
2021-05-28T00:00:00.000,21:10,40.76448,-73.86633,1,0,1,1,4076,-7386,0.40298507462686567
2021-05-27T00:00:00.000,22:19,40.78318,-73.94362,1,0,1,1,4078,-7394,0.33513513513513515
2021-05-26T00:00:00.000,17:30,40.67013,-73.80938,0,0,0,0,4067,-7380,0.24615384615384617
2021-05-27T00:00:00.000,0:00,40.81316,-73.950356,0,0,0,0,4081,-7395,0.3509933774834437
2021-05-26T00:00:00.000,23:05,40.660656,-73.8809,0,0,0,0,4066,-7388,0.37012987012987014
2021-05-28T00:00:00.000,19:25,40.834198,-73.85169,0,0,0,0,4083,-7385,0.30158730158730157
2021-05-26T00:00:00.000,18:44,40.64935,-73.96329,1,0,1,1,4064,-7396,0.4714285714285714
2021-05-25T00:00:00.000,4:55,40.68578,-73.9544,0,0,0,0,4068,-7395,0.38571428571428573
2021-05-28T00:00:00.000,11:08,40.68174,-73.95859,2,0,1,1,4068,-7395,0.38571428571428573
2021-09-28T00:00:00.000,11:20,40.650146,-74.00508,0,0,0,0,4065,-7400,0.41509433962264153
2021-05-28T00:00:00.000,18:30,40.902233,-73.843666,0,0,0,0,4090,-7384,0.28205128205128205
2021-05-27T00:00:00.000,16:15,40.68617,-73.94448,0,0,0,0,4068,-7394,0.4409448818897638
2021-05-26T00:00:00.000,13:25,40.81676,-73.917465,0,0,0,0,4081,-7391,0.47244094488188976
2021-05-27T00:00:00.000,18:45,40.717014,-73.7994,0,0,0,0,4071,-7379,0.3888888888888889
2021-05-28T00:00:00.000,7:40,40.88415,-73.82607,0,0,0,0,4088,-7382,0.2765957446808511
2021-05-26T00:00:00.000,20:26,40.833588,-73.8615,4,0,1,1,4083,-7386,0.24822695035460993
2021-05-28T00:00:00.000,23:05,40.67533,-73.93609,1,0,1,1,4067,-7393,0.3755868544600939
2021-05-28T00:00:00.000,9:20,40.700768,-73.81019,0,0,0,0,4070,-7381,0.3194444444444444
2021-05-26T00:00:00.000,14:00,40.741394,-73.8848,0,0,0,0,4074,-7388,0.2978723404255319
2021-05-27T00:00:00.000,10:30,40.583252,-73.952515,0,0,0,0,4058,-7395,0.3465346534653465
2021-05-26T00:00:00.000,17:55,40.639717,-73.94549,0,0,0,0,4063,-7394,0.358974358974359
2021-10-01T00:00:00.000,8:20,40.736164,-73.87677,0,0,0,0,4073,-7387,0.3140495867768595
2021-05-27T00:00:00.000,2:15,40.70075,-73.98599,0,0,0,0,4070,-7398,0.21568627450980393
2021-05-28T00:00:00.000,15:13,40.599144,-73.95356,1,0,1,1,4059,-7395,0.3181818181818182
2021-05-27T00:00:00.000,5:45,40.666695,-73.767136,1,0,1,1,4066,-7376,0.30434782608695654
2021-05-23T00:00:00.000,0:00,40.81707,-73.88525,1,0,1,1,4081,-7388,0.25471698113207547
2021-05-27T00:00:00.000,8:49,40.653378,-73.90658,0,0,0,0,4065,-7390,0.375
2021-05-28T00:00:00.000,17:00,40.859257,-73.840004,0,0,0,0,4085,-7384,0.32432432432432434
2021-05-28T00:00:00.000,17:30,40.70559,-73.86599,0,0,0,0,4070,-7386,0.38235294117647056
2021-05-27T00:00:00.000,16:26,40.83335,-73.93524,1,0,1,1,4083,-7393,0.3333333333333333
2021-05-28T00:00:00.000,14:15,40.719936,-74.001434,0,0,0,0,4071,-7400,0.25517241379310346
2021-05-28T00:00:00.000,12:48,40.763485,-73.98895,0,0,0,0,4076,-7398,0.3081761006289308
2021-05-28T00:00:00.000,19:40,40.651955,-74.008095,0,0,0,0,4065,-7400,0.41509433962264153
2021-05-14T00:00:00.000,15:19,40.808723,-73.92201,0,0,0,0,4080,-7392,0.3141025641025641
2021-05-27T00:00:00.000,22:59,40.676067,-74.00509,1,0,1,1,4067,-7400,0.20967741935483872
2021-05-28T00:00:00.000,6:24,40.7672,-73.887825,0,0,0,0,4076,-7388,0.43283582089552236
2021-05-26T00:00:00.000,22:02,40.850494,-73.91546,1,0,1,1,4085,-7391,0.373134328358209
2021-10-01T00:00:00.000,3:05,40.636494,-73.98701,1,0,1,1,4063,-7398,0.4827586206896552
2021-05-28T00:00:00.000,15:00,40.681087,-73.846344,1,0,1,1,4068,-7384,0.3333333333333333
2021-05-26T00:00:00.000,18:56,40.873676,-73.90815,0,0,0,0,4087,-7390,0.3184713375796178
2021-05-28T00:00:00.000,20:20,40.747627,-73.976746,1,0,1,1,4074,-7397,0.4810810810810811
2021-05-28T00:00:00.000,20:55,40.616856,-74.0868,0,0,0,0,4061,-7408,0.30612244897959184
2021-05-19T00:00:00.000,19:40,40.725388,-73.90884,0,0,0,0,4072,-7390,0.2978723404255319
2021-05-25T00:00:00.000,9:19,40.730564,-73.99052,1,0,1,1,4073,-7399,0.423728813559322
2021-05-28T00:00:00.000,7:50,40.820965,-73.939575,1,0,1,1,4082,-7393,0.36645962732919257
2021-05-26T00:00:00.000,14:00,40.611675,-73.99931,0,0,0,0,4061,-7399,0.29411764705882354
2021-05-28T00:00:00.000,19:10,40.82413,-73.94098,0,0,0,0,4082,-7394,0.3812154696132597
2021-09-29T00:00:00.000,12:48,40.757492,-73.902664,1,0,1,1,4075,-7390,0.37254901960784315
2021-05-14T00:00:00.000,18:25,40.821262,-73.94608,1,0,1,1,4082,-7394,0.3812154696132597
2021-05-27T00:00:00.000,5:58,40.674385,-73.88795,1,0,1,1,4067,-7388,0.30434782608695654
2021-05-27T00:00:00.000,23:39,40.655575,-73.926895,0,0,0,0,4065,-7392,0.35555555555555557
2021-05-28T00:00:00.000,16:00,40.701237,-73.79465,0,0,0,0,4070,-7379,0.3978494623655914
2021-05-26T00:00:00.000,1:40,40.825966,-73.862175,0,0,0,0,4082,-7386,0.3493975903614458
2021-05-26T00:00:00.000,12:56,40.745167,-73.82139,0,0,0,0,4074,-7382,0.4057971014492754
2021-05-26T00:00:00.000,18:58,40.72369,-73.976036,1,0,1,1,4072,-7397,0.3283582089552239
2021-05-28T00:00:00.000,14:00,40.667114,-73.834656,3,0,1,1,4066,-7383,0.5
2021-05-26T00:00:00.000,1:05,40.877068,-73.906105,0,0,0,0,4087,-7390,0.3184713375796178
2021-05-27T00:00:00.000,14:00,40.822712,-73.903145,1,0,1,1,4082,-7390,0.3025210084033613
2021-05-27T00:00:00.000,7:30,40.66612,-73.82225,2,0,1,1,4066,-7382,0.43103448275862066
2021-05-28T00:00:00.000,11:04,40.684803,-73.97071,0,0,0,0,4068,-7397,0.3412322274881517
2021-05-28T00:00:00.000,13:00,40.631283,-74.03082,0,0,0,0,4063,-7403,0.42424242424242425
2021-05-26T00:00:00.000,17:25,40.64507,-73.95803,1,0,1,1,4064,-7395,0.4796747967479675
2021-05-26T00:00:00.000,22:55,40.62226,-74.02749,0,0,0,0,4062,-7402,0.3625
2021-09-29T00:00:00.000,14:59,0.0,0.0,1,0,1,1,0,0,0.40425531914893614
2021-05-27T00:00:00.000,4:26,40.764267,-73.722946,0,0,0,0,4076,-7372,0.3333333333333333
2021-05-27T00:00:00.000,16:43,40.68798,-73.9678,3,0,1,1,4068,-7396,0.42567567567567566
2021-05-26T00:00:00.000,11:05,40.633812,-74.002174,0,0,0,0,4063,-7400,0.3068181818181818
2021-05-26T00:00:00.000,1:01,40.79531,-73.93592,1,0,1,1,4079,-7393,0.36585365853658536
2021-05-27T00:00:00.000,17:00,40.594444,-73.98602,0,0,0,0,4059,-7398,0.34146341463414637
2021-05-26T00:00:00.000,1:19,40.71944,-73.84526,1,0,1,1,4071,-7384,0.4
2021-05-27T00:00:00.000,23:30,40.659336,-73.92726,1,0,1,1,4065,-7392,0.35555555555555557
2021-05-26T00:00:00.000,19:50,40.763893,-73.915,1,0,1,1,4076,-7391,0.40476190476190477
2021-05-28T00:00:00.000,16:05,40.855957,-73.86768,1,0,1,1,4085,-7386,0.33766233766233766
2021-05-27T00:00:00.000,18:20,40.745815,-73.945656,1,0,1,1,4074,-7394,0.33962264150943394
2021-05-27T00:00:00.000,21:10,40.61196,-73.96816,0,0,0,0,4061,-7396,0.30666666666666664
2021-05-26T00:00:00.000,14:20,40.850456,-73.899315,0,0,0,0,4085,-7389,0.3353658536585366
2021-05-27T00:00:00.000,19:45,40.68318,-73.7893,0,0,0,0,4068,-7378,0.3384615384615385
2021-05-27T00:00:00.000,16:20,40.745827,-73.90111,1,0,1,1,4074,-7390,0.40625
2021-05-28T00:00:00.000,12:15,40.68871,-73.73944,0,0,0,0,4068,-7373,0.29411764705882354
2021-05-28T00:00:00.000,15:45,40.70399,-73.85589,0,0,0,0,4070,-7385,0.39436619718309857
2021-05-27T00:00:00.000,13:50,40.730713,-73.99557,0,0,0,0,4073,-7399,0.423728813559322
2021-05-27T00:00:00.000,18:13,40.84768,-73.91237,0,0,0,0,4084,-7391,0.32558139534883723
2021-05-26T00:00:00.000,11:50,40.664173,-73.9449,0,0,0,0,4066,-7394,0.36792452830188677
2021-05-28T00:00:00.000,17:20,40.69925,-73.973206,0,0,0,0,4069,-7397,0.3253012048192771
2021-09-29T00:00:00.000,0:00,40.86804,-73.879105,0,0,0,0,4086,-7387,0.34545454545454546
2021-05-28T00:00:00.000,10:40,40.713306,-73.77438,0,0,0,0,4071,-7377,0.20967741935483872
2021-05-25T00:00:00.000,18:23,40.6103,-73.959526,0,0,0,0,4061,-7395,0.4461538461538462
2021-05-28T00:00:00.000,15:35,40.57916,-73.98309,0,0,0,0,4057,-7398,0.36904761904761907
2021-05-28T00:00:00.000,18:55,40.713913,-73.737915,0,0,0,0,4071,-7373,0.25
2021-05-15T00:00:00.000,12:45,40.808857,-73.96586,1,0,1,1,4080,-7396,0.31343283582089554
2021-05-28T00:00:00.000,12:40,40.728653,-73.895584,0,0,0,0,4072,-7389,0.41379310344827586
2021-05-27T00:00:00.000,20:00,40.737373,-73.71722,2,0,1,1,4073,-7371,0.2857142857142857
2021-05-26T00:00:00.000,13:25,40.817543,-73.95694,1,0,1,1,4081,-7395,0.3509933774834437
2021-05-14T00:00:00.000,18:40,40.63986,-73.92811,0,0,0,0,4063,-7392,0.4036697247706422
2021-05-27T00:00:00.000,21:07,40.63926,-73.93777,1,0,1,1,4063,-7393,0.46153846153846156
2021-05-26T00:00:00.000,7:55,40.7158,-73.824486,0,0,0,0,4071,-7382,0.379746835443038
2021-05-27T00:00:00.000,17:50,40.836758,-73.930725,1,0,1,1,4083,-7393,0.3333333333333333
2021-05-25T00:00:00.000,7:00,40.77534,-73.89769,0,0,0,0,4077,-7389,0.35
2021-05-28T00:00:00.000,10:01,40.62167,-73.991264,0,0,0,0,4062,-7399,0.3835616438356164
2021-05-28T00:00:00.000,21:30,40.638824,-74.02272,0,0,0,0,4063,-7402,0.3877551020408163
2021-05-28T00:00:00.000,6:20,40.880257,-73.876785,0,0,0,0,4088,-7387,0.14583333333333334
2021-05-20T00:00:00.000,10:12,40.68278,-73.98243,0,0,0,0,4068,-7398,0.3873239436619718
2021-09-30T00:00:00.000,11:05,40.67239,-73.87463,1,0,1,1,4067,-7387,0.30344827586206896
2021-05-26T00:00:00.000,12:30,40.65993,-73.88413,0,0,0,0,4065,-7388,0.41509433962264153
2021-05-26T00:00:00.000,0:50,40.732937,-73.920395,3,0,1,1,4073,-7392,0.4444444444444444
2021-05-26T00:00:00.000,12:00,40.71546,-74.00594,0,0,0,0,4071,-7400,0.25517241379310346
2021-05-26T00:00:00.000,23:40,40.663303,-73.960625,1,0,1,1,4066,-7396,0.4074074074074074
2021-05-27T00:00:00.000,13:45,40.713596,-73.85964,0,0,0,0,4071,-7385,0.4418604651162791
2021-05-26T00:00:00.000,6:30,40.90967,-73.90052,3,0,1,1,4090,-7390,0.11764705882352941
2021-05-27T00:00:00.000,15:00,40.689022,-73.93925,0,0,0,0,4068,-7393,0.3619047619047619
2021-05-26T00:00:00.000,16:15,40.84512,-73.90663,0,0,0,0,4084,-7390,0.366120218579235
2021-05-26T00:00:00.000,21:11,40.80383,-73.94211,2,0,1,1,4080,-7394,0.41116751269035534
2021-05-26T00:00:00.000,13:00,40.65948,-73.76785,0,0,0,0,4065,-7376,0.35714285714285715
2021-05-28T00:00:00.000,10:40,40.74754,-73.94124,1,0,1,1,4074,-7394,0.33962264150943394
2021-10-01T00:00:00.000,14:10,40.73403,-73.86913,0,0,0,0,4073,-7386,0.3464566929133858
2021-05-28T00:00:00.000,11:20,40.666492,-73.76536,4,0,1,1,4066,-7376,0.30434782608695654
2021-05-27T00:00:00.000,5:20,40.66457,-73.99713,1,0,1,1,4066,-7399,0.40540540540540543
2021-05-27T00:00:00.000,20:47,40.747158,-73.86286,0,0,0,0,4074,-7386,0.3813559322033898
2021-05-26T00:00:00.000,20:00,40.760857,-73.961075,1,0,1,1,4076,-7396,0.3023255813953488
2021-05-27T00:00:00.000,4:50,40.673645,-73.84719,0,0,0,0,4067,-7384,0.28888888888888886
2021-05-28T00:00:00.000,0:05,40.827656,-73.9397,1,0,1,1,4082,-7393,0.36645962732919257
2021-05-26T00:00:00.000,16:21,40.821068,-73.89894,1,0,1,1,4082,-7389,0.37423312883435583
2021-05-12T00:00:00.000,16:35,40.78542,-73.98399,0,0,0,0,4078,-7398,0.42105263157894735
2021-05-28T00:00:00.000,8:50,40.65864,-73.91374,1,0,1,1,4065,-7391,0.425
2021-05-28T00:00:00.000,12:15,40.662006,-73.7546,0,0,0,0,4066,-7375,0.3
2021-05-24T00:00:00.000,14:00,40.638966,-73.94251,0,0,0,0,4063,-7394,0.358974358974359
2021-05-28T00:00:00.000,22:00,40.75526,-73.903305,0,0,0,0,4075,-7390,0.37254901960784315
2021-05-26T00:00:00.000,23:11,40.809525,-73.93789,1,0,1,1,4080,-7393,0.36312849162011174
2021-05-24T00:00:00.000,17:40,40.82675,-73.82051,0,0,0,0,4082,-7382,0.46153846153846156
2021-05-27T00:00:00.000,7:37,40.757847,-73.89922,0,0,0,0,4075,-7389,0.4805194805194805
2021-03-03T00:00:00.000,18:30,40.622726,-73.93934,0,0,0,0,4062,-7393,0.4444444444444444
2021-05-27T00:00:00.000,1:06,40.76707,-73.91905,1,0,1,1,4076,-7391,0.40476190476190477
2021-05-27T00:00:00.000,15:35,40.646515,-73.974655,2,0,1,1,4064,-7397,0.4095238095238095
2021-05-26T00:00:00.000,7:18,40.742874,-73.933945,0,0,0,0,4074,-7393,0.3333333333333333
2021-05-26T00:00:00.000,13:15,40.846874,-73.90877,0,0,0,0,4084,-7390,0.366120218579235
2021-05-28T00:00:00.000,10:15,40.69612,-73.94936,1,0,1,1,4069,-7394,0.417910447761194
2021-05-24T00:00:00.000,17:45,40.624737,-73.95517,0,0,0,0,4062,-7395,0.4444444444444444
2021-05-27T00:00:00.000,16:10,40.69695,-73.962776,0,0,0,0,4069,-7396,0.325
2021-05-26T00:00:00.000,23:12,40.614216,-73.97742,0,0,0,0,4061,-7397,0.421875
2021-05-27T00:00:00.000,23:36,40.68397,-73.944046,1,0,1,1,4068,-7394,0.4409448818897638
2021-05-28T00:00:00.000,19:03,40.630577,-73.88591,0,0,0,0,4063,-7388,0.3835616438356164
2021-05-28T00:00:00.000,14:00,40.76768,-73.83074,0,0,0,0,4076,-7383,0.33695652173913043
2021-05-25T00:00:00.000,19:28,40.635506,-73.913284,1,0,1,1,4063,-7391,0.5
2021-05-26T00:00:00.000,13:30,40.68051,-73.93488,0,0,0,0,4068,-7393,0.3619047619047619
2021-05-26T00:00:00.000,14:00,40.63659,-73.91163,0,0,0,0,4063,-7391,0.5
2021-05-26T00:00:00.000,17:22,40.690216,-73.907295,0,0,0,0,4069,-7390,0.29591836734693877
2021-05-27T00:00:00.000,0:41,40.846485,-73.89434,1,0,1,1,4084,-7389,0.33766233766233766
2021-05-27T00:00:00.000,10:25,40.718143,-73.993835,1,0,1,1,4071,-7399,0.3263157894736842
2021-05-26T00:00:00.000,10:25,40.85535,-73.91836,0,0,0,0,4085,-7391,0.373134328358209
2021-05-23T00:00:00.000,19:00,40.836094,-73.92927,0,0,0,0,4083,-7392,0.310126582278481
2021-05-28T00:00:00.000,14:47,40.72671,-74.00563,0,0,0,0,4072,-7400,0.32926829268292684
2021-05-26T00:00:00.000,16:40,40.743782,-73.97352,0,0,0,0,4074,-7397,0.4810810810810811
2021-05-27T00:00:00.000,20:45,40.803593,-73.919785,0,0,0,0,4080,-7391,0.38961038961038963
2021-05-26T00:00:00.000,0:34,40.60459,-73.753624,1,0,1,1,4060,-7375,0.17117117117117117
2021-05-27T00:00:00.000,12:50,40.66931,-73.97957,1,0,1,1,4066,-7397,0.24390243902439024
2021-09-29T00:00:00.000,11:15,0.0,0.0,1,0,1,1,0,0,0.40425531914893614
2021-05-27T00:00:00.000,17:58,40.59296,-73.79418,0,0,0,0,4059,-7379,0.2692307692307692
2021-05-26T00:00:00.000,17:43,40.87182,-73.861374,0,0,0,0,4087,-7386,0.3142857142857143
2021-05-28T00:00:00.000,15:00,40.685955,-73.98028,0,0,0,0,4068,-7398,0.3873239436619718
2021-05-26T00:00:00.000,15:32,40.63082,-73.88636,0,0,0,0,4063,-7388,0.3835616438356164
2021-05-28T00:00:00.000,15:35,40.75901,-73.79232,0,0,0,0,4075,-7379,0.38461538461538464
2021-05-26T00:00:00.000,18:40,40.57761,-73.96145,1,0,1,1,4057,-7396,0.3191489361702128
2021-05-27T00:00:00.000,0:30,40.78515,-73.94063,0,0,0,0,4078,-7394,0.33513513513513515
2021-05-28T00:00:00.000,2:00,40.83721,-73.879715,0,0,0,0,4083,-7387,0.38414634146341464
2021-05-26T00:00:00.000,13:30,40.601536,-73.93535,1,0,1,1,4060,-7393,0.4117647058823529
2021-05-25T00:00:00.000,21:15,40.845947,-73.93782,1,0,1,1,4084,-7393,0.32786885245901637
2021-05-26T00:00:00.000,20:50,40.636127,-74.075966,0,0,0,0,4063,-7407,0.4444444444444444
2021-05-26T00:00:00.000,8:30,40.645084,-73.99823,0,0,0,0,4064,-7399,0.3442622950819672
2021-05-24T00:00:00.000,8:24,40.86848,-73.918564,0,0,0,0,4086,-7391,0.38016528925619836
2021-05-26T00:00:00.000,16:30,40.759018,-73.855156,0,0,0,0,4075,-7385,0.3048780487804878
2021-05-28T00:00:00.000,23:35,40.68928,-73.79611,0,0,0,0,4068,-7379,0.35
2021-05-28T00:00:00.000,19:00,40.733425,-73.97447,0,0,0,0,4073,-7397,0.32558139534883723
2025-02-02T00:00:00.000,16:15,40.700726,-73.94062,0,0,0,0,4070,-7394,0.3956043956043956
2021-05-27T00:00:00.000,17:45,40.740734,-73.75717,0,0,0,0,4074,-7375,0.16666666666666666
2021-05-28T00:00:00.000,11:30,40.68457,-73.72632,0,0,0,0,4068,-7372,0.375
2021-05-27T00:00:00.000,0:30,40.84434,-73.91475,0,0,0,0,4084,-7391,0.32558139534883723
2021-05-26T00:00:00.000,20:00,40.71074,-73.94548,1,0,1,1,4071,-7394,0.3710691823899371
2021-05-27T00:00:00.000,5:50,40.72844,-73.87116,1,0,1,1,4072,-7387,0.5714285714285714
2021-05-20T00:00:00.000,14:15,40.729794,-74.002144,0,0,0,0,4072,-7400,0.32926829268292684
2021-05-28T00:00:00.000,14:51,40.604763,-74.02746,1,0,1,1,4060,-7402,0.42105263157894735
2021-05-26T00:00:00.000,23:00,40.597668,-73.78534,0,0,0,0,4059,-7378,0.14705882352941177
2021-05-22T00:00:00.000,20:58,40.74796,-73.8602,1,0,1,1,4074,-7386,0.3813559322033898
2021-05-26T00:00:00.000,15:20,40.590397,-73.9519,0,0,0,0,4059,-7395,0.3181818181818182
2021-05-27T00:00:00.000,6:10,40.670326,-73.87796,1,0,1,1,4067,-7387,0.30344827586206896
2021-05-28T00:00:00.000,1:37,40.86131,-73.92124,1,0,1,1,4086,-7392,0.359375
2021-05-26T00:00:00.000,9:10,40.718567,-73.9834,0,0,0,0,4071,-7398,0.39568345323741005
2021-05-27T00:00:00.000,2:43,40.84855,-73.85884,0,0,0,0,4084,-7385,0.32727272727272727
2021-05-27T00:00:00.000,13:52,40.851498,-73.852295,0,0,0,0,4085,-7385,0.3125
2021-05-28T00:00:00.000,9:00,40.860172,-73.90881,0,0,0,0,4086,-7390,0.42748091603053434
2021-05-28T00:00:00.000,18:56,40.750137,-73.8806,0,0,0,0,4075,-7388,0.3402061855670103
2021-05-27T00:00:00.000,23:00,40.832607,-73.91762,1,0,1,1,4083,-7391,0.33714285714285713
2021-05-26T00:00:00.000,17:25,40.72787,-73.92913,0,0,0,0,4072,-7392,0.4
2021-05-28T00:00:00.000,11:59,40.816235,-73.93929,1,0,1,1,4081,-7393,0.32432432432432434
2021-05-28T00:00:00.000,23:40,40.873486,-73.85342,0,0,0,0,4087,-7385,0.37681159420289856
2021-05-22T00:00:00.000,15:26,40.722496,-73.9769,1,0,1,1,4072,-7397,0.3283582089552239
2021-05-27T00:00:00.000,8:52,40.84211,-73.82557,0,0,0,0,4084,-7382,0.4
2021-05-26T00:00:00.000,17:19,40.696033,-73.98453,2,0,1,1,4069,-7398,0.3229166666666667
2021-05-28T00:00:00.000,12:00,40.680916,-73.84135,0,0,0,0,4068,-7384,0.3333333333333333
2021-05-26T00:00:00.000,14:25,40.68818,-73.78869,0,0,0,0,4068,-7378,0.3384615384615385
2021-05-28T00:00:00.000,9:25,40.82815,-73.93491,0,0,0,0,4082,-7393,0.36645962732919257
2021-05-26T00:00:00.000,17:30,40.655827,-73.94336,0,0,0,0,4065,-7394,0.43137254901960786
2021-05-26T00:00:00.000,7:57,40.610214,-73.94371,1,0,1,1,4061,-7394,0.48484848484848486
2021-05-28T00:00:00.000,13:19,40.842064,-73.87609,1,0,1,1,4084,-7387,0.48333333333333334
2021-05-27T00:00:00.000,10:45,40.74623,-73.89037,0,0,0,0,4074,-7389,0.3203125
2021-05-27T00:00:00.000,2:30,40.652355,-73.73857,0,0,0,0,4065,-7373,0.3
2021-05-27T00:00:00.000,9:20,40.726967,-73.85647,1,0,1,1,4072,-7385,0.4418604651162791
2021-05-26T00:00:00.000,20:37,40.825306,-73.89067,0,0,0,0,4082,-7389,0.37423312883435583
2021-05-28T00:00:00.000,14:00,40.85019,-73.939644,0,0,0,0,4085,-7393,0.36585365853658536
2021-05-28T00:00:00.000,15:22,40.63083,-73.90736,0,0,0,0,4063,-7390,0.3561643835616438
2021-05-27T00:00:00.000,16:30,40.83516,-73.94561,0,0,0,0,4083,-7394,0.38926174496644295
2021-05-28T00:00:00.000,7:50,40.642715,-74.09536,1,0,1,1,4064,-7409,0.3333333333333333
2021-05-27T00:00:00.000,14:55,40.777874,-73.95175,0,0,0,0,4077,-7395,0.3384615384615385
2021-05-28T00:00:00.000,8:50,40.700012,-73.93607,0,0,0,0,4070,-7393,0.3300970873786408
2021-05-26T00:00:00.000,21:50,40.73232,-74.00167,0,0,0,0,4073,-7400,0.2403846153846154
2021-05-27T00:00:00.000,20:30,40.64916,-73.94552,0,0,0,0,4064,-7394,0.42342342342342343
2021-05-21T00:00:00.000,23:06,40.6009,-73.912704,0,0,0,0,4060,-7391,0.25
2021-05-28T00:00:00.000,0:20,40.755863,-73.943,0,0,0,0,4075,-7394,0.41333333333333333
2021-05-28T00:00:00.000,0:50,40.666786,-73.78452,1,0,1,1,4066,-7378,0.34615384615384615
2021-05-28T00:00:00.000,9:15,40.666233,-73.761,0,0,0,0,4066,-7376,0.30434782608695654
2021-05-26T00:00:00.000,16:50,40.670715,-73.91697,0,0,0,0,4067,-7391,0.36597938144329895
2021-05-26T00:00:00.000,20:00,40.80543,-73.92087,0,0,0,0,4080,-7392,0.3141025641025641
2021-05-23T00:00:00.000,19:50,40.703197,-73.98959,1,0,1,1,4070,-7398,0.21568627450980393
2021-05-27T00:00:00.000,11:21,40.68315,-73.780304,2,0,1,1,4068,-7378,0.3384615384615385
2021-05-28T00:00:00.000,16:13,40.672947,-73.78083,0,0,0,0,4067,-7378,0.2
2021-05-26T00:00:00.000,16:30,40.66059,-73.931335,1,0,1,1,4066,-7393,0.38578680203045684
2021-05-27T00:00:00.000,13:43,40.616707,-73.97846,1,0,1,1,4061,-7397,0.421875
2021-05-26T00:00:00.000,22:45,40.608307,-74.13132,0,0,0,0,4060,-7413,0.41935483870967744
2021-05-24T00:00:00.000,15:50,40.66602,-73.92947,0,0,0,0,4066,-7392,0.355
2021-05-26T00:00:00.000,11:25,40.787075,-73.94503,0,0,0,0,4078,-7394,0.33513513513513515
2021-09-30T00:00:00.000,21:39,40.647686,-73.90237,0,0,0,0,4064,-7390,0.4017094017094017
2021-05-14T00:00:00.000,22:50,40.597122,-74.00418,4,0,1,1,4059,-7400,0.2962962962962963
2021-05-28T00:00:00.000,11:30,40.79653,-73.97597,0,0,0,0,4079,-7397,0.24210526315789474
2021-05-26T00:00:00.000,19:05,40.679897,-73.74757,0,0,0,0,4067,-7374,0.2619047619047619
2021-05-27T00:00:00.000,11:00,40.65039,-74.00851,1,0,1,1,4065,-7400,0.41509433962264153
2021-05-28T00:00:00.000,20:40,40.74759,-73.88299,0,0,0,0,4074,-7388,0.2978723404255319
2021-05-28T00:00:00.000,20:59,40.88919,-73.83131,3,0,1,1,4088,-7383,0.3448275862068966
2021-05-27T00:00:00.000,14:29,40.660233,-73.93712,1,0,1,1,4066,-7393,0.38578680203045684
2021-05-14T00:00:00.000,22:45,40.64957,-73.92532,0,0,0,0,4064,-7392,0.4077669902912621
2021-05-27T00:00:00.000,14:50,40.641003,-73.956116,0,0,0,0,4064,-7395,0.4796747967479675
2021-05-12T00:00:00.000,16:50,40.676647,-73.91647,0,0,0,0,4067,-7391,0.36597938144329895
2021-05-27T00:00:00.000,0:27,40.784325,-73.94225,2,0,1,1,4078,-7394,0.33513513513513515
2021-05-26T00:00:00.000,12:30,40.8239,-73.876526,0,0,0,0,4082,-7387,0.33544303797468356
2021-05-27T00:00:00.000,1:50,40.862778,-73.906166,1,0,1,1,4086,-7390,0.42748091603053434
2021-05-27T00:00:00.000,20:20,40.65461,-73.922,2,0,1,1,4065,-7392,0.35555555555555557
2021-05-28T00:00:00.000,9:00,40.66484,-73.82229,0,0,0,0,4066,-7382,0.43103448275862066
2021-05-26T00:00:00.000,20:23,40.829697,-73.91313,0,0,0,0,4082,-7391,0.3355263157894737
2021-05-27T00:00:00.000,23:44,40.654137,-73.91234,0,0,0,0,4065,-7391,0.425
2021-05-28T00:00:00.000,13:00,40.625206,-74.020164,0,0,0,0,4062,-7402,0.3625
2021-05-28T00:00:00.000,10:00,40.832294,-73.85932,0,0,0,0,4083,-7385,0.30158730158730157
2021-05-26T00:00:00.000,15:00,40.76104,-73.97538,0,0,0,0,4076,-7397,0.37
2021-05-27T00:00:00.000,19:35,40.725674,-74.00578,0,0,0,0,4072,-7400,0.32926829268292684
2021-05-28T00:00:00.000,18:15,40.717487,-73.95218,0,0,0,0,4071,-7395,0.36585365853658536
2021-05-28T00:00:00.000,9:43,40.61276,-73.96093,1,0,1,1,4061,-7396,0.30666666666666664
2021-05-10T00:00:00.000,21:00,40.577213,-73.96329,0,0,0,0,4057,-7396,0.3191489361702128
2021-05-24T00:00:00.000,14:50,40.648182,-74.02147,1,0,1,1,4064,-7402,0.41379310344827586
2021-05-27T00:00:00.000,19:00,40.786724,-73.983246,0,0,0,0,4078,-7398,0.42105263157894735
2021-05-27T00:00:00.000,13:55,40.69168,-73.999344,0,0,0,0,4069,-7399,0.29473684210526313
2021-05-21T00:00:00.000,23:50,40.682537,-73.95002,1,0,1,1,4068,-7395,0.38571428571428573
2021-05-28T00:00:00.000,22:09,40.829422,-73.897575,1,0,1,1,4082,-7389,0.37423312883435583
2021-05-27T00:00:00.000,16:28,40.82843,-73.88105,0,0,0,0,4082,-7388,0.27624309392265195
2021-05-24T00:00:00.000,10:05,40.67562,-73.9598,0,0,0,0,4067,-7395,0.3695652173913043
2021-05-26T00:00:00.000,17:40,40.84536,-73.89684,0,0,0,0,4084,-7389,0.33766233766233766
2021-05-27T00:00:00.000,22:39,40.681717,-73.84963,0,0,0,0,4068,-7384,0.3333333333333333
2021-05-28T00:00:00.000,18:20,40.849003,-73.91614,0,0,0,0,4084,-7391,0.32558139534883723
2021-05-27T00:00:00.000,16:48,40.715397,-73.772766,0,0,0,0,4071,-7377,0.20967741935483872
2021-05-26T00:00:00.000,19:26,40.757286,-73.97812,1,0,1,1,4075,-7397,0.375886524822695
2021-05-28T00:00:00.000,13:34,40.695683,-73.741875,1,0,1,1,4069,-7374,0.46774193548387094
2021-05-25T00:00:00.000,15:30,40.71896,-74.00128,1,0,1,1,4071,-7400,0.25517241379310346
2021-05-27T00:00:00.000,16:25,40.725536,-73.79256,1,0,1,1,4072,-7379,0.3333333333333333
2021-05-27T00:00:00.000,7:40,40.857418,-73.899956,2,0,1,1,4085,-7389,0.3353658536585366
2021-05-26T00:00:00.000,0:20,40.839237,-73.94688,0,1,2,1,4083,-7394,0.38926174496644295
2021-05-27T00:00:00.000,9:13,40.722626,-74.008125,1,0,1,1,4072,-7400,0.32926829268292684
2021-05-27T00:00:00.000,14:56,40.706917,-73.93972,0,0,0,0,4070,-7393,0.3300970873786408
2021-05-28T00:00:00.000,4:40,40.664993,-73.80229,0,0,0,0,4066,-7380,0.40789473684210525
2021-05-28T00:00:00.000,0:35,40.74593,-73.8563,1,0,1,1,4074,-7385,0.35526315789473684
2021-05-27T00:00:00.000,10:30,40.737682,-73.85206,0,0,0,0,4073,-7385,0.3619047619047619
2021-05-27T00:00:00.000,9:24,40.84211,-73.82557,1,0,1,1,4084,-7382,0.4
2021-05-26T00:00:00.000,18:28,40.746494,-73.932274,1,0,1,1,4074,-7393,0.3333333333333333
2021-05-24T00:00:00.000,17:50,40.71497,-73.913376,1,0,1,1,4071,-7391,0.1836734693877551
2021-05-25T00:00:00.000,0:00,40.808052,-73.957954,0,0,0,0,4080,-7395,0.381294964028777
2021-05-26T00:00:00.000,18:55,40.66839,-73.89109,0,0,0,0,4066,-7389,0.3103448275862069
2021-05-26T00:00:00.000,9:30,40.7549,-73.74548,1,0,1,1,4075,-7374,0.3333333333333333
2021-05-28T00:00:00.000,19:00,40.7122,-73.86208,1,0,1,1,4071,-7386,0.5625
2021-05-12T00:00:00.000,15:00,40.691353,-73.92142,0,0,0,0,4069,-7392,0.3584905660377358
2021-05-27T00:00:00.000,19:00,40.70324,-73.92615,0,0,0,0,4070,-7392,0.24305555555555555
2021-05-26T00:00:00.000,20:00,40.686077,-74.00038,1,0,1,1,4068,-7400,0.3333333333333333
2021-05-19T00:00:00.000,18:27,40.752945,-73.89248,0,0,0,0,4075,-7389,0.4805194805194805
2021-05-25T00:00:00.000,14:37,40.785492,-73.984116,4,0,1,1,4078,-7398,0.42105263157894735
2021-05-27T00:00:00.000,6:39,40.754696,-73.82158,0,0,0,0,4075,-7382,0.4915254237288136
2021-05-28T00:00:00.000,3:58,40.737785,-73.93496,1,0,1,1,4073,-7393,0.38461538461538464
2021-05-22T00:00:00.000,23:46,40.777233,-73.99023,5,0,1,1,4077,-7399,0.4166666666666667
2021-05-26T00:00:00.000,19:11,40.733612,-73.999565,1,0,1,1,4073,-7399,0.423728813559322
2021-05-27T00:00:00.000,0:19,40.67603,-74.01666,0,0,0,0,4067,-7401,0.32142857142857145
2021-05-28T00:00:00.000,12:00,40.853996,-73.8889,0,0,0,0,4085,-7388,0.3
2021-05-27T00:00:00.000,0:00,40.699944,-73.76075,0,0,0,0,4069,-7376,0.3392857142857143
2021-05-28T00:00:00.000,23:00,40.648792,-73.95228,0,0,0,0,4064,-7395,0.4796747967479675
2021-05-28T00:00:00.000,1:45,40.758205,-73.777405,0,0,0,0,4075,-7377,0.24
2021-05-27T00:00:00.000,12:00,40.84143,-73.86232,0,0,0,0,4084,-7386,0.375
2021-05-27T00:00:00.000,23:10,40.722153,-73.9163,2,0,1,1,4072,-7391,0.36
2021-10-01T00:00:00.000,19:38,40.607254,-73.96728,1,0,1,1,4060,-7396,0.5714285714285714
2021-05-28T00:00:00.000,7:45,40.700695,-73.7832,0,0,0,0,4070,-7378,0.34523809523809523
2021-05-25T00:00:00.000,1:45,40.786423,-73.82394,1,0,1,1,4078,-7382,0.3
2021-05-25T00:00:00.000,14:30,40.599705,-73.99016,0,0,0,0,4059,-7399,0.3076923076923077
2021-05-27T00:00:00.000,18:25,40.87787,-73.8701,0,0,0,0,4087,-7387,0.297029702970297
2021-05-28T00:00:00.000,11:50,40.7135,-73.75607,1,0,1,1,4071,-7375,0.3269230769230769
2021-08-18T00:00:00.000,22:00,40.875683,-73.90839,1,0,1,1,4087,-7390,0.3184713375796178
2021-05-26T00:00:00.000,18:43,40.64664,-73.9246,4,0,1,1,4064,-7392,0.4077669902912621
2021-05-26T00:00:00.000,10:45,40.76684,-73.838264,0,0,0,0,4076,-7383,0.33695652173913043
2021-05-27T00:00:00.000,13:00,40.64939,-73.975296,2,0,1,1,4064,-7397,0.4095238095238095
2021-05-27T00:00:00.000,3:49,40.734093,-74.0085,0,0,0,0,4073,-7400,0.2403846153846154
2021-05-26T00:00:00.000,10:27,40.73261,-73.8686,1,0,1,1,4073,-7386,0.3464566929133858
2021-05-27T00:00:00.000,21:00,40.754192,-73.93393,0,0,0,0,4075,-7393,0.43478260869565216
2021-05-27T00:00:00.000,16:31,40.848392,-73.937675,0,0,0,0,4084,-7393,0.32786885245901637
2021-05-28T00:00:00.000,13:45,40.669327,-73.91318,0,0,0,0,4066,-7391,0.3630952380952381
2021-05-28T00:00:00.000,16:00,40.679832,-73.95322,0,0,0,0,4067,-7395,0.3695652173913043
2021-05-27T00:00:00.000,2:34,40.69761,-73.82005,0,0,0,0,4069,-7382,0.37209302325581395
2021-05-26T00:00:00.000,9:17,40.707436,-73.96034,1,0,1,1,4070,-7396,0.3431372549019608
2021-05-28T00:00:00.000,15:40,40.751522,-73.99396,1,0,1,1,4075,-7399,0.2830188679245283
2021-05-26T00:00:00.000,10:50,40.591354,-73.94885,0,0,0,0,4059,-7394,0.275
2021-05-28T00:00:00.000,11:30,40.738266,-73.79706,1,0,1,1,4073,-7379,0.4
2021-09-30T00:00:00.000,2:52,40.660656,-73.885796,0,0,0,0,4066,-7388,0.37012987012987014
2021-05-28T00:00:00.000,12:29,40.87809,-73.86045,0,0,0,0,4087,-7386,0.3142857142857143
2021-05-28T00:00:00.000,12:00,40.672146,-73.84318,0,0,0,0,4067,-7384,0.28888888888888886
2021-05-25T00:00:00.000,10:15,40.684704,-73.94419,0,0,0,0,4068,-7394,0.4409448818897638
2021-05-28T00:00:00.000,14:00,40.665855,-73.750046,0,0,0,0,4066,-7375,0.3
2021-01-10T00:00:00.000,13:48,40.75043,-73.87781,1,0,1,1,4075,-7387,0.33884297520661155
2021-05-22T00:00:00.000,16:30,40.694305,-73.91852,1,0,1,1,4069,-7391,0.2709677419354839
2021-05-26T00:00:00.000,8:33,40.84938,-73.85065,0,0,0,0,4084,-7385,0.32727272727272727
2021-04-26T00:00:00.000,13:50,40.67386,-73.94178,0,0,0,0,4067,-7394,0.34074074074074073
2021-05-28T00:00:00.000,17:00,40.665955,-73.76084,1,0,1,1,4066,-7376,0.30434782608695654
2021-05-27T00:00:00.000,13:25,40.82733,-73.8498,0,0,0,0,4082,-7384,0.3835616438356164
2021-05-26T00:00:00.000,7:30,40.696228,-73.97348,1,0,1,1,4069,-7397,0.3253012048192771
2021-05-28T00:00:00.000,19:30,40.676456,-73.85688,0,0,0,0,4067,-7385,0.26666666666666666
2021-05-27T00:00:00.000,19:30,40.7597,-73.80031,1,0,1,1,4075,-7380,0.36363636363636365
2021-05-27T00:00:00.000,19:30,40.78463,-73.83634,1,0,1,1,4078,-7383,0.2727272727272727
2021-05-25T00:00:00.000,0:20,40.582726,-73.97321,0,0,0,0,4058,-7397,0.2727272727272727
2021-05-26T00:00:00.000,18:00,40.817024,-73.921394,1,0,1,1,4081,-7392,0.4714285714285714
2021-05-27T00:00:00.000,17:20,40.660595,-73.95451,1,0,1,1,4066,-7395,0.44375
2021-05-21T00:00:00.000,13:30,40.687317,-73.979164,0,0,0,0,4068,-7397,0.3412322274881517
2021-05-27T00:00:00.000,10:07,40.61495,-74.0002,0,0,0,0,4061,-7400,0.3076923076923077
2021-05-27T00:00:00.000,16:33,40.888092,-73.85355,1,0,1,1,4088,-7385,0.36619718309859156
2021-05-27T00:00:00.000,10:26,40.702007,-73.821205,0,0,0,0,4070,-7382,0.4166666666666667
2021-05-26T00:00:00.000,16:30,40.801857,-73.957245,1,0,1,1,4080,-7395,0.381294964028777
2021-05-28T00:00:00.000,18:16,40.731995,-73.99022,0,0,0,0,4073,-7399,0.423728813559322
2021-05-26T00:00:00.000,14:42,40.84728,-73.86772,1,0,1,1,4084,-7386,0.375
2021-05-26T00:00:00.000,20:10,40.67024,-73.907005,2,0,1,1,4067,-7390,0.3282442748091603
2021-09-27T00:00:00.000,1:33,40.631706,-73.94649,2,0,1,1,4063,-7394,0.358974358974359
2021-05-28T00:00:00.000,12:30,40.68354,-73.98438,1,0,1,1,4068,-7398,0.3873239436619718
2021-05-26T00:00:00.000,21:25,40.802162,-73.939026,1,0,1,1,4080,-7393,0.36312849162011174
2021-05-27T00:00:00.000,15:31,40.577766,-73.95606,1,0,1,1,4057,-7395,0.47368421052631576
2021-05-27T00:00:00.000,7:07,40.75595,-73.88165,0,0,0,0,4075,-7388,0.3402061855670103
2021-05-26T00:00:00.000,19:00,40.61593,-74.087425,1,0,1,1,4061,-7408,0.30612244897959184
2021-05-28T00:00:00.000,6:10,40.745907,-73.86964,1,0,1,1,4074,-7386,0.3813559322033898
2021-05-26T00:00:00.000,8:37,40.795464,-73.96381,0,0,0,0,4079,-7396,0.25
2021-05-28T00:00:00.000,14:00,40.67884,-73.75419,0,0,0,0,4067,-7375,0.2608695652173913
2021-05-28T00:00:00.000,3:25,40.66397,-73.99777,0,0,0,0,4066,-7399,0.40540540540540543
2021-05-28T00:00:00.000,8:45,40.625828,-73.99967,0,0,0,0,4062,-7399,0.3835616438356164
2021-05-27T00:00:00.000,13:55,40.853504,-73.894424,0,0,0,0,4085,-7389,0.3353658536585366
2021-05-27T00:00:00.000,20:30,40.715485,-73.98514,0,0,0,0,4071,-7398,0.39568345323741005
2021-05-28T00:00:00.000,9:05,40.636097,-74.02724,1,0,1,1,4063,-7402,0.3877551020408163
2021-05-27T00:00:00.000,3:35,40.75455,-73.74317,1,0,1,1,4075,-7374,0.3333333333333333
2021-05-27T00:00:00.000,13:55,40.67002,-73.78312,0,0,0,0,4067,-7378,0.2
2021-05-28T00:00:00.000,4:25,40.896687,-73.84511,0,0,0,0,4089,-7384,0.3333333333333333
2021-05-25T00:00:00.000,13:56,40.646626,-73.90399,1,0,1,1,4064,-7390,0.4017094017094017
2021-05-28T00:00:00.000,19:35,40.689808,-73.80931,0,0,0,0,4068,-7380,0.3829787234042553
2021-05-26T00:00:00.000,10:25,40.85431,-73.93009,1,0,1,1,4085,-7393,0.36585365853658536
2021-05-27T00:00:00.000,7:40,40.82815,-73.93491,1,0,1,1,4082,-7393,0.36645962732919257
2021-05-28T00:00:00.000,23:27,40.6414,-74.02125,0,0,0,0,4064,-7402,0.41379310344827586
2021-05-28T00:00:00.000,13:40,40.830906,-73.8736,0,0,0,0,4083,-7387,0.38414634146341464
2021-05-28T00:00:00.000,16:35,40.652462,-73.92285,2,0,1,1,4065,-7392,0.35555555555555557
2021-05-28T00:00:00.000,17:30,40.602356,-74.01263,0,0,0,0,4060,-7401,0.30357142857142855
2021-05-26T00:00:00.000,14:00,40.628563,-74.11322,0,0,0,0,4062,-7411,0.5238095238095238
2021-05-25T00:00:00.000,7:00,40.599354,-73.98474,0,0,0,0,4059,-7398,0.34146341463414637
2021-05-28T00:00:00.000,14:30,40.70843,-73.871895,2,0,1,1,4070,-7387,0.24324324324324326
2021-05-26T00:00:00.000,23:17,40.783333,-73.94368,1,0,1,1,4078,-7394,0.33513513513513515
2021-05-26T00:00:00.000,20:07,40.813175,-73.89845,3,0,1,1,4081,-7389,0.31543624161073824
2021-05-17T00:00:00.000,18:48,40.693203,-73.953995,0,0,0,0,4069,-7395,0.30952380952380953
2021-05-26T00:00:00.000,7:06,40.679817,-73.76177,0,0,0,0,4067,-7376,0.23076923076923078
2021-05-26T00:00:00.000,20:45,40.755005,-73.966866,0,0,0,0,4075,-7396,0.4788732394366197
2021-05-26T00:00:00.000,16:51,40.8535,-73.888664,1,0,1,1,4085,-7388,0.3
2021-05-28T00:00:00.000,22:19,40.76231,-73.916306,3,0,1,1,4076,-7391,0.40476190476190477
2021-05-27T00:00:00.000,12:20,40.814766,-73.918755,1,0,1,1,4081,-7391,0.47244094488188976
2021-05-28T00:00:00.000,17:35,40.75719,-73.89041,1,0,1,1,4075,-7389,0.4805194805194805
2021-05-27T00:00:00.000,14:52,40.62916,-74.01144,0,0,0,0,4062,-7401,0.3829787234042553
2021-05-28T00:00:00.000,15:03,40.690357,-73.989746,1,0,1,1,4069,-7398,0.3229166666666667
2021-05-28T00:00:00.000,17:19,40.692455,-73.76814,0,0,0,0,4069,-7376,0.3392857142857143
2021-05-28T00:00:00.000,18:55,40.76695,-73.786896,0,0,0,0,4076,-7378,0.4
2021-05-26T00:00:00.000,20:10,40.75843,-73.973076,0,0,0,0,4075,-7397,0.375886524822695
2021-05-28T00:00:00.000,11:23,40.69862,-73.920135,0,0,0,0,4069,-7392,0.3584905660377358
2021-05-21T00:00:00.000,11:20,40.678722,-73.952995,0,0,0,0,4067,-7395,0.3695652173913043
2021-05-21T00:00:00.000,20:00,40.626377,-73.910805,1,0,1,1,4062,-7391,0.3333333333333333
2021-05-25T00:00:00.000,7:41,40.72752,-73.981445,0,0,0,0,4072,-7398,0.4342105263157895
2021-05-28T00:00:00.000,12:44,40.707623,-73.962135,0,0,0,0,4070,-7396,0.3431372549019608
2021-05-27T00:00:00.000,5:46,40.64737,-74.00651,0,0,0,0,4064,-7400,0.36764705882352944
2021-05-25T00:00:00.000,16:00,40.84394,-73.93903,0,0,0,0,4084,-7393,0.32786885245901637
2021-05-27T00:00:00.000,6:50,40.8203,-73.818565,1,0,1,1,4082,-7381,0.17647058823529413
2021-05-28T00:00:00.000,23:00,40.744915,-73.903694,1,0,1,1,4074,-7390,0.40625
2021-05-27T00:00:00.000,16:25,40.833412,-73.859184,0,0,0,0,4083,-7385,0.30158730158730157
2021-05-26T00:00:00.000,1:30,40.67244,-73.73534,1,0,1,1,4067,-7373,0.46835443037974683
2021-05-27T00:00:00.000,12:40,40.821636,-73.93909,0,0,0,0,4082,-7393,0.36645962732919257
2021-05-28T00:00:00.000,15:10,40.79715,-73.97366,0,0,0,0,4079,-7397,0.24210526315789474
2021-05-27T00:00:00.000,21:40,40.835297,-73.91291,1,0,1,1,4083,-7391,0.33714285714285713
2021-05-26T00:00:00.000,8:05,40.602383,-73.75066,0,0,0,0,4060,-7375,0.17117117117117117
2023-01-15T00:00:00.000,17:11,40.60954,-73.956505,1,0,1,1,4060,-7395,0.4791666666666667
2021-05-26T00:00:00.000,12:12,40.851498,-73.88383,0,0,0,0,4085,-7388,0.3
2021-05-28T00:00:00.000,22:30,40.758972,-73.91901,0,0,0,0,4075,-7391,0.4777777777777778
2021-05-25T00:00:00.000,21:42,40.644974,-73.92099,0,0,0,0,4064,-7392,0.4077669902912621
2021-05-27T00:00:00.000,22:16,40.655254,-73.76568,0,0,0,0,4065,-7376,0.35714285714285715
2021-05-28T00:00:00.000,9:30,40.69069,-73.91621,0,0,0,0,4069,-7391,0.2709677419354839
2021-05-27T00:00:00.000,14:15,40.74214,-74.00821,0,0,0,0,4074,-7400,0.27710843373493976
2021-05-25T00:00:00.000,15:40,40.813374,-73.956276,0,0,0,0,4081,-7395,0.3509933774834437
2021-05-26T00:00:00.000,17:00,40.787548,-73.85054,0,0,0,0,4078,-7385,0.0
2021-05-20T00:00:00.000,23:13,40.751884,-73.88376,0,0,0,0,4075,-7388,0.3402061855670103
2021-05-27T00:00:00.000,12:20,40.747917,-73.9736,1,0,1,1,4074,-7397,0.4810810810810811
2021-05-21T00:00:00.000,11:40,40.691017,-73.954475,1,0,1,1,4069,-7395,0.30952380952380953
2021-05-28T00:00:00.000,5:50,40.82674,-73.8879,1,0,1,1,4082,-7388,0.27624309392265195
2021-05-27T00:00:00.000,14:55,40.78994,-73.98036,1,0,1,1,4078,-7398,0.42105263157894735
2021-05-27T00:00:00.000,15:12,40.774113,-73.98863,1,0,1,1,4077,-7398,0.38028169014084506
2021-09-29T00:00:00.000,14:32,0.0,0.0,0,0,0,0,0,0,0.40425531914893614
2021-05-27T00:00:00.000,20:10,40.718636,-73.959015,2,0,1,1,4071,-7395,0.36585365853658536
2021-05-27T00:00:00.000,13:05,40.686497,-73.9168,0,0,0,0,4068,-7391,0.344
2021-04-15T00:00:00.000,10:30,40.761993,-73.942474,0,0,0,0,4076,-7394,0.4583333333333333
2021-05-28T00:00:00.000,8:00,40.7145,-73.77114,0,0,0,0,4071,-7377,0.20967741935483872
2021-05-26T00:00:00.000,17:44,40.642384,-73.92539,1,0,1,1,4064,-7392,0.4077669902912621
2021-05-28T00:00:00.000,13:00,40.700737,-73.99499,0,0,0,0,4070,-7399,0.21052631578947367
2021-05-28T00:00:00.000,18:50,40.596184,-74.00053,0,0,0,0,4059,-7400,0.2962962962962963
2021-05-26T00:00:00.000,10:21,40.598156,-73.951195,3,0,1,1,4059,-7395,0.3181818181818182
2021-05-27T00:00:00.000,16:40,40.624798,-73.96494,0,0,0,0,4062,-7396,0.375
2021-05-26T00:00:00.000,12:36,40.807507,-73.92701,0,0,0,0,4080,-7392,0.3141025641025641
2021-05-23T00:00:00.000,17:30,40.644863,-73.91113,0,0,0,0,4064,-7391,0.39805825242718446
2021-05-26T00:00:00.000,17:21,40.843525,-73.89667,0,0,0,0,4084,-7389,0.33766233766233766
2021-05-28T00:00:00.000,15:35,40.902157,-73.847626,0,0,0,0,4090,-7384,0.28205128205128205
2021-05-27T00:00:00.000,17:00,40.767693,-73.78181,1,0,1,1,4076,-7378,0.4
2021-05-27T00:00:00.000,17:10,40.805973,-73.91546,2,0,1,1,4080,-7391,0.38961038961038963
2021-05-26T00:00:00.000,22:31,40.767067,-73.87603,0,0,0,0,4076,-7387,0.48214285714285715
2021-05-26T00:00:00.000,16:20,40.79356,-73.96702,0,0,0,0,4079,-7396,0.25
2021-05-26T00:00:00.000,16:30,40.71716,-74.004684,0,0,0,0,4071,-7400,0.25517241379310346
2021-05-28T00:00:00.000,3:53,40.712727,-73.72899,1,0,1,1,4071,-7372,0.40425531914893614
2021-05-27T00:00:00.000,16:35,40.849407,-73.900894,1,0,1,1,4084,-7390,0.366120218579235
2021-09-15T00:00:00.000,0:00,40.752064,-73.97351,0,0,0,0,4075,-7397,0.375886524822695
2021-05-26T00:00:00.000,13:05,40.77207,-73.94994,0,0,0,0,4077,-7394,0.28
2021-05-24T00:00:00.000,12:00,40.58464,-73.96017,0,0,0,0,4058,-7396,0.37333333333333335
2021-05-22T00:00:00.000,22:26,40.573326,-74.002556,1,0,1,1,4057,-7400,0.3157894736842105
2021-05-27T00:00:00.000,2:00,40.82839,-73.89385,0,0,0,0,4082,-7389,0.37423312883435583
2021-05-26T00:00:00.000,8:36,40.767673,-73.98306,1,0,1,1,4076,-7398,0.3081761006289308
2021-05-28T00:00:00.000,11:50,40.717518,-73.99832,0,0,0,0,4071,-7399,0.3263157894736842
2021-09-28T00:00:00.000,18:29,40.661835,-73.893105,1,0,1,1,4066,-7389,0.3103448275862069
2021-05-28T00:00:00.000,11:50,40.664337,-73.813156,0,0,0,0,4066,-7381,0.4716981132075472
2021-05-26T00:00:00.000,9:45,40.67834,-73.95521,0,0,0,0,4067,-7395,0.3695652173913043
2021-05-26T00:00:00.000,19:45,40.79599,-73.96896,1,0,1,1,4079,-7396,0.25
2021-05-28T00:00:00.000,11:09,40.652462,-73.92285,2,0,1,1,4065,-7392,0.35555555555555557
2021-05-27T00:00:00.000,13:41,40.666435,-73.83478,0,0,0,0,4066,-7383,0.5
2021-05-27T00:00:00.000,10:53,40.735855,-73.99325,1,0,1,1,4073,-7399,0.423728813559322
2021-05-26T00:00:00.000,12:40,40.675076,-73.98801,0,0,0,0,4067,-7398,0.3655913978494624
2021-05-19T00:00:00.000,10:00,40.745228,-73.882576,0,0,0,0,4074,-7388,0.2978723404255319
2021-05-28T00:00:00.000,9:30,40.871494,-73.88868,0,0,0,0,4087,-7388,0.3561643835616438
2021-05-26T00:00:00.000,18:20,40.73701,-73.98465,0,0,0,0,4073,-7398,0.36942675159235666
2021-05-25T00:00:00.000,6:41,40.71957,-73.890945,0,0,0,0,4071,-7389,0.38095238095238093
2021-05-24T00:00:00.000,7:50,40.691074,-73.88733,0,0,0,0,4069,-7388,0.4375
2021-05-27T00:00:00.000,10:37,40.6952,-73.92844,0,0,0,0,4069,-7392,0.3584905660377358
2021-05-28T00:00:00.000,23:57,40.767612,-73.950005,3,0,1,1,4076,-7395,0.3696969696969697
2021-05-27T00:00:00.000,9:50,40.82466,-73.870804,1,0,1,1,4082,-7387,0.33544303797468356
2021-05-27T00:00:00.000,15:00,40.777874,-73.95175,0,0,0,0,4077,-7395,0.3384615384615385
2021-05-28T00:00:00.000,23:15,40.74005,-73.86622,0,0,0,0,4074,-7386,0.3813559322033898
2021-05-20T00:00:00.000,8:30,40.639507,-73.896034,1,0,1,1,4063,-7389,0.41818181818181815
2021-05-24T00:00:00.000,14:00,40.636078,-74.019714,0,0,0,0,4063,-7401,0.37777777777777777
2021-05-26T00:00:00.000,9:00,40.652454,-73.92535,1,0,1,1,4065,-7392,0.35555555555555557
2021-05-27T00:00:00.000,8:20,40.67667,-73.790665,0,0,0,0,4067,-7379,0.4264705882352941
2021-05-27T00:00:00.000,1:55,40.746185,-73.92949,1,0,1,1,4074,-7392,0.3709677419354839
2021-05-24T00:00:00.000,21:30,40.74198,-73.82475,0,0,0,0,4074,-7382,0.4057971014492754
2021-05-27T00:00:00.000,15:00,40.85543,-73.84388,1,0,1,1,4085,-7384,0.32432432432432434
2021-05-27T00:00:00.000,18:00,40.712173,-73.78897,1,0,1,1,4071,-7378,0.32653061224489793
2021-05-25T00:00:00.000,7:50,40.712357,-74.0009,0,0,0,0,4071,-7400,0.25517241379310346
2021-05-28T00:00:00.000,15:18,40.58613,-73.95011,0,0,0,0,4058,-7395,0.3465346534653465
2021-05-27T00:00:00.000,16:23,40.63258,-74.021385,0,0,0,0,4063,-7402,0.3877551020408163
2021-05-27T00:00:00.000,19:00,40.7487,-73.86916,0,0,0,0,4074,-7386,0.3813559322033898
2021-05-28T00:00:00.000,13:30,40.640175,-74.08852,0,0,0,0,4064,-7408,0.2894736842105263
2021-05-27T00:00:00.000,8:50,40.784184,-73.83641,0,0,0,0,4078,-7383,0.2727272727272727
2021-05-26T00:00:00.000,5:10,40.659023,-73.749176,0,0,0,0,4065,-7374,0.4583333333333333
2021-05-27T00:00:00.000,13:30,40.759296,-73.91968,1,0,1,1,4075,-7391,0.4777777777777778
2021-05-27T00:00:00.000,15:57,40.689877,-73.80499,0,0,0,0,4068,-7380,0.3829787234042553
2021-05-26T00:00:00.000,19:41,40.667168,-73.88087,1,0,1,1,4066,-7388,0.37012987012987014
2021-05-28T00:00:00.000,14:43,40.623253,-74.08383,0,0,0,0,4062,-7408,0.2
2021-05-26T00:00:00.000,0:00,40.64286,-73.91519,0,0,0,0,4064,-7391,0.39805825242718446
2021-05-26T00:00:00.000,14:15,40.669857,-73.95051,0,0,0,0,4066,-7395,0.44375
2021-05-26T00:00:00.000,12:08,40.8315,-73.85096,0,0,0,0,4083,-7385,0.30158730158730157
2021-05-26T00:00:00.000,10:02,40.665043,-73.9115,0,0,0,0,4066,-7391,0.3630952380952381
2021-05-27T00:00:00.000,15:00,40.680824,-73.91264,0,0,0,0,4068,-7391,0.344
2021-05-27T00:00:00.000,11:30,40.832314,-73.93161,0,0,0,0,4083,-7393,0.3333333333333333
2021-05-23T00:00:00.000,16:25,40.69822,-73.943954,0,0,0,0,4069,-7394,0.417910447761194
2021-05-26T00:00:00.000,22:01,40.63007,-74.159325,0,0,0,0,4063,-7415,0.3333333333333333
2021-05-26T00:00:00.000,17:00,40.606964,-73.76077,0,0,0,0,4060,-7376,0.19230769230769232
2021-05-26T00:00:00.000,5:50,40.70703,-73.909325,0,0,0,0,4070,-7390,0.37894736842105264
2021-05-27T00:00:00.000,17:00,40.609627,-74.14955,0,0,0,0,4060,-7414,0.4074074074074074
2021-05-27T00:00:00.000,14:00,40.59098,-73.98963,0,0,0,0,4059,-7398,0.34146341463414637
2021-05-24T00:00:00.000,13:30,40.700726,-73.94194,1,0,1,1,4070,-7394,0.3956043956043956
2021-05-27T00:00:00.000,12:11,40.85979,-73.847725,0,0,0,0,4085,-7384,0.32432432432432434
2021-12-27T00:00:00.000,2:26,40.653595,-73.9341,2,0,1,1,4065,-7393,0.44366197183098594
2021-05-27T00:00:00.000,16:15,40.670864,-73.81207,0,0,0,0,4067,-7381,0.4230769230769231
2021-05-22T00:00:00.000,3:55,40.822834,-73.941925,0,0,0,0,4082,-7394,0.3812154696132597
2021-05-26T00:00:00.000,14:00,40.720165,-73.844795,0,0,0,0,4072,-7384,0.2711864406779661
2021-05-27T00:00:00.000,12:15,40.618958,-74.02404,0,0,0,0,4061,-7402,0.4090909090909091
2021-05-26T00:00:00.000,17:25,40.84253,-73.8529,1,0,1,1,4084,-7385,0.32727272727272727
2021-05-27T00:00:00.000,18:45,40.664017,-73.7686,1,0,1,1,4066,-7376,0.30434782608695654
2021-05-27T00:00:00.000,0:30,40.65616,-73.76736,0,0,0,0,4065,-7376,0.35714285714285715
2021-05-26T00:00:00.000,0:30,40.617287,-73.97786,3,0,1,1,4061,-7397,0.421875
2021-05-27T00:00:00.000,7:45,40.828613,-73.943855,0,0,0,0,4082,-7394,0.3812154696132597
2021-05-26T00:00:00.000,10:00,40.65433,-74.00742,1,0,1,1,4065,-7400,0.41509433962264153
2021-05-26T00:00:00.000,17:40,40.705887,-73.94297,0,0,0,0,4070,-7394,0.3956043956043956
2021-05-26T00:00:00.000,18:46,40.810368,-73.95375,0,0,0,0,4081,-7395,0.3509933774834437
2021-05-25T00:00:00.000,15:15,40.616707,-73.97846,1,0,1,1,4061,-7397,0.421875
2021-05-26T00:00:00.000,22:00,40.708782,-73.94344,1,0,1,1,4070,-7394,0.3956043956043956
2021-05-27T00:00:00.000,20:10,40.66435,-73.92906,1,0,1,1,4066,-7392,0.355
2021-05-22T00:00:00.000,8:00,40.699314,-73.83157,0,0,0,0,4069,-7383,0.35555555555555557
2021-05-27T00:00:00.000,11:51,40.719395,-74.00189,0,0,0,0,4071,-7400,0.25517241379310346
2021-05-27T00:00:00.000,12:42,40.815304,-73.94371,0,0,0,0,4081,-7394,0.38
2021-05-26T00:00:00.000,20:30,40.68213,-73.8457,0,0,0,0,4068,-7384,0.3333333333333333
2021-05-28T00:00:00.000,9:05,40.64194,-73.982735,0,0,0,0,4064,-7398,0.40425531914893614
2021-05-26T00:00:00.000,18:38,40.709896,-73.83941,1,0,1,1,4070,-7383,0.3541666666666667
2021-05-27T00:00:00.000,18:30,40.662407,-73.96516,2,0,1,1,4066,-7396,0.4074074074074074
2021-05-28T00:00:00.000,23:00,40.747032,-73.87937,0,0,0,0,4074,-7387,0.25663716814159293
2021-05-27T00:00:00.000,11:40,40.83801,-73.87329,0,0,0,0,4083,-7387,0.38414634146341464
2021-05-14T00:00:00.000,14:00,40.636806,-73.96425,1,0,1,1,4063,-7396,0.34615384615384615
2021-05-27T00:00:00.000,12:45,40.844055,-73.88837,0,0,0,0,4084,-7388,0.390625
2021-05-26T00:00:00.000,15:34,40.85061,-73.913826,0,0,0,0,4085,-7391,0.373134328358209
2021-05-27T00:00:00.000,19:35,40.875496,-73.92628,0,0,0,0,4087,-7392,0.0
2021-05-27T00:00:00.000,15:30,40.71453,-73.9444,0,0,0,0,4071,-7394,0.3710691823899371
2021-05-24T00:00:00.000,16:39,40.640263,-74.019035,0,0,0,0,4064,-7401,0.4295774647887324
2021-05-27T00:00:00.000,8:20,40.675095,-73.72715,1,0,1,1,4067,-7372,0.3888888888888889
2021-05-28T00:00:00.000,21:50,40.781666,-73.986694,0,0,0,0,4078,-7398,0.42105263157894735
2021-05-24T00:00:00.000,14:26,40.735928,-73.8921,0,0,0,0,4073,-7389,0.2857142857142857
2021-09-30T00:00:00.000,23:20,40.81914,-73.93719,0,0,0,0,4081,-7393,0.32432432432432434
2021-05-26T00:00:00.000,12:57,40.783245,-73.94473,0,0,0,0,4078,-7394,0.33513513513513515
2021-05-28T00:00:00.000,12:15,40.61196,-73.96816,0,0,0,0,4061,-7396,0.30666666666666664
2021-05-26T00:00:00.000,11:09,40.711082,-73.77798,0,0,0,0,4071,-7377,0.20967741935483872
2021-05-20T00:00:00.000,13:15,40.757908,-73.9893,0,0,0,0,4075,-7398,0.3170731707317073
2021-05-27T00:00:00.000,9:05,40.815918,-73.82164,0,0,0,0,4081,-7382,0.07142857142857142
2021-05-28T00:00:00.000,6:43,40.848038,-73.93285,0,0,0,0,4084,-7393,0.32786885245901637
2021-05-27T00:00:00.000,10:27,40.61042,-73.98212,0,0,0,0,4061,-7398,0.3698630136986301
2021-05-28T00:00:00.000,8:15,40.62979,-74.015495,1,0,1,1,4062,-7401,0.3829787234042553
2021-05-27T00:00:00.000,1:35,40.609047,-74.062935,0,0,0,0,4060,-7406,0.3076923076923077
2021-05-28T00:00:00.000,10:15,40.579002,-73.83783,0,0,0,0,4057,-7383,0.25
2021-05-27T00:00:00.000,18:30,40.748955,-73.87136,1,0,1,1,4074,-7387,0.25663716814159293
2021-05-28T00:00:00.000,18:15,40.665257,-73.739555,1,0,1,1,4066,-7373,0.44339622641509435
2021-05-28T00:00:00.000,13:40,40.5832,-73.97304,0,0,0,0,4058,-7397,0.2727272727272727
2021-05-23T00:00:00.000,21:15,40.820095,-73.955086,1,0,1,1,4082,-7395,0.4117647058823529
2021-05-28T00:00:00.000,4:55,40.65621,-73.914665,2,0,1,1,4065,-7391,0.425
2021-05-28T00:00:00.000,11:30,40.721024,-73.981094,0,0,0,0,4072,-7398,0.4342105263157895
2021-05-28T00:00:00.000,21:30,40.703342,-73.80021,1,0,1,1,4070,-7380,0.3877551020408163
2021-05-27T00:00:00.000,11:40,40.84999,-73.93866,0,0,0,0,4084,-7393,0.32786885245901637
2021-05-26T00:00:00.000,13:10,40.631687,-73.975174,1,0,1,1,4063,-7397,0.36893203883495146
2021-05-26T00:00:00.000,9:30,40.603268,-73.947266,0,0,0,0,4060,-7394,0.5217391304347826
2021-05-26T00:00:00.000,8:09,40.696175,-73.98036,0,0,0,0,4069,-7398,0.3229166666666667
2021-05-26T00:00:00.000,21:00,40.66384,-73.8784,0,0,0,0,4066,-7387,0.38461538461538464
2021-05-26T00:00:00.000,23:40,40.82615,-73.87766,0,0,0,0,4082,-7387,0.33544303797468356
2021-05-28T00:00:00.000,18:20,40.71337,-73.934814,0,0,0,0,4071,-7393,0.2711864406779661
2021-05-26T00:00:00.000,19:45,40.717014,-73.82971,3,0,1,1,4071,-7382,0.379746835443038
2021-05-28T00:00:00.000,17:00,40.666573,-73.811775,1,0,1,1,4066,-7381,0.4716981132075472
2021-10-01T00:00:00.000,13:20,40.579803,-73.97184,0,0,0,0,4057,-7397,0.2619047619047619
2021-05-26T00:00:00.000,17:05,40.762016,-73.89656,0,0,0,0,4076,-7389,0.35185185185185186
2021-05-27T00:00:00.000,6:15,40.801754,-73.93121,1,0,1,1,4080,-7393,0.36312849162011174
2021-05-15T00:00:00.000,23:10,40.814526,-73.9116,0,0,0,0,4081,-7391,0.47244094488188976
2021-05-25T00:00:00.000,15:00,40.672318,-73.977066,0,0,0,0,4067,-7397,0.2818181818181818
2021-05-27T00:00:00.000,20:15,40.69423,-73.94608,1,0,1,1,4069,-7394,0.417910447761194
2021-05-26T00:00:00.000,22:17,40.84247,-73.89232,0,0,0,0,4084,-7389,0.33766233766233766
2021-05-27T00:00:00.000,15:15,40.755756,-73.96479,1,0,1,1,4075,-7396,0.4788732394366197
2021-05-28T00:00:00.000,12:55,40.625027,-74.02744,0,0,0,0,4062,-7402,0.3625
2021-05-26T00:00:00.000,7:15,40.716084,-73.9872,0,0,0,0,4071,-7398,0.39568345323741005
2021-05-27T00:00:00.000,9:25,40.6332,-74.01034,1,0,1,1,4063,-7401,0.37777777777777777
2021-05-26T00:00:00.000,13:00,40.839348,-73.84362,1,0,1,1,4083,-7384,0.22727272727272727
2021-05-27T00:00:00.000,14:52,40.671326,-73.798225,1,0,1,1,4067,-7379,0.4264705882352941
2021-04-28T00:00:00.000,12:15,40.695457,-73.80536,0,0,0,0,4069,-7380,0.38461538461538464
2021-05-24T00:00:00.000,18:23,40.61149,-73.972404,0,0,0,0,4061,-7397,0.421875
2021-05-27T00:00:00.000,9:50,40.63854,-74.107346,0,0,0,0,4063,-7410,0.4117647058823529
2021-05-26T00:00:00.000,0:55,40.737694,-73.88224,0,0,0,0,4073,-7388,0.2777777777777778
2021-05-27T00:00:00.000,20:22,40.843494,-73.93912,0,0,0,0,4084,-7393,0.32786885245901637
2021-05-28T00:00:00.000,10:45,40.671337,-73.9448,0,0,0,0,4067,-7394,0.34074074074074073
2021-05-26T00:00:00.000,10:00,40.663403,-73.99835,0,0,0,0,4066,-7399,0.40540540540540543
2021-05-26T00:00:00.000,20:00,40.743374,-73.92056,0,0,0,0,4074,-7392,0.3709677419354839
2021-05-28T00:00:00.000,15:46,40.825424,-73.923485,1,0,1,1,4082,-7392,0.3333333333333333
2021-05-27T00:00:00.000,17:18,40.766685,-73.892136,0,0,0,0,4076,-7389,0.35185185185185186
2021-05-27T00:00:00.000,8:00,0.0,0.0,0,0,0,0,0,0,0.40425531914893614
2021-05-27T00:00:00.000,18:30,40.82324,-73.88856,0,0,0,0,4082,-7388,0.27624309392265195
2021-05-24T00:00:00.000,13:06,40.709515,-73.89878,1,0,1,1,4070,-7389,0.2711864406779661
2021-05-28T00:00:00.000,12:15,40.71137,-74.00862,0,0,0,0,4071,-7400,0.25517241379310346
2021-05-26T00:00:00.000,19:00,40.84309,-73.86536,0,0,0,0,4084,-7386,0.375
2021-05-28T00:00:00.000,7:15,40.83451,-73.88526,0,0,0,0,4083,-7388,0.26717557251908397
2021-05-28T00:00:00.000,8:46,40.65484,-73.9597,1,0,1,1,4065,-7395,0.38686131386861317
2021-05-27T00:00:00.000,16:00,40.690926,-73.92066,1,0,1,1,4069,-7392,0.3584905660377358
2021-05-27T00:00:00.000,16:14,40.73305,-74.00642,1,0,1,1,4073,-7400,0.2403846153846154
2021-05-27T00:00:00.000,22:00,40.675117,-74.00962,3,0,1,1,4067,-7400,0.20967741935483872
2021-05-26T00:00:00.000,22:48,40.82465,-73.94623,4,0,1,1,4082,-7394,0.3812154696132597
2021-05-27T00:00:00.000,9:45,40.72349,-73.87136,1,0,1,1,4072,-7387,0.5714285714285714
2021-05-16T00:00:00.000,14:30,40.78577,-73.97459,1,0,1,1,4078,-7397,0.3434343434343434
2021-05-28T00:00:00.000,7:08,40.69874,-73.926315,1,0,1,1,4069,-7392,0.3584905660377358
2021-05-27T00:00:00.000,16:34,40.740364,-73.89972,1,0,1,1,4074,-7389,0.3203125
2021-05-28T00:00:00.000,16:00,40.66929,-73.842445,1,0,1,1,4066,-7384,0.5925925925925926
2021-05-27T00:00:00.000,22:30,40.7366,-73.98185,1,0,1,1,4073,-7398,0.36942675159235666
2021-05-26T00:00:00.000,11:55,40.786,-73.84574,0,0,0,0,4078,-7384,0.23809523809523808
2021-05-28T00:00:00.000,15:45,40.762157,-73.94962,1,0,1,1,4076,-7394,0.4583333333333333
2021-09-19T00:00:00.000,8:14,40.88475,-73.87972,1,0,1,1,4088,-7387,0.14583333333333334
2021-09-30T00:00:00.000,13:20,40.74408,-73.949684,1,0,1,1,4074,-7394,0.33962264150943394
2021-09-30T00:00:00.000,3:10,40.755882,-73.88234,0,0,0,0,4075,-7388,0.3402061855670103
2021-10-01T00:00:00.000,21:00,40.74889,-73.94215,0,0,0,0,4074,-7394,0.33962264150943394
2021-09-19T00:00:00.000,20:41,40.72032,-73.99405,0,0,0,0,4072,-7399,0.3829787234042553
2021-09-30T00:00:00.000,16:10,40.696117,-73.905014,0,0,0,0,4069,-7390,0.29591836734693877
2021-10-01T00:00:00.000,14:55,40.771038,-73.83413,0,0,0,0,4077,-7383,0.25
2021-09-30T00:00:00.000,23:06,40.617676,-73.9432,0,0,0,0,4061,-7394,0.48484848484848486
2021-09-19T00:00:00.000,15:46,40.69423,-73.94608,1,0,1,1,4069,-7394,0.417910447761194
2021-10-01T00:00:00.000,16:45,40.6256,-74.15314,0,0,0,0,4062,-7415,0.37037037037037035
2021-09-28T00:00:00.000,7:00,40.69969,-73.91557,0,0,0,0,4069,-7391,0.2709677419354839
2021-09-30T00:00:00.000,17:00,40.767612,-73.950005,0,0,0,0,4076,-7395,0.3696969696969697
2021-09-07T00:00:00.000,1:17,40.60567,-74.030945,2,1,2,1,4060,-7403,0.3
2021-09-30T00:00:00.000,20:45,40.696297,-73.97716,0,0,0,0,4069,-7397,0.3253012048192771
2021-09-29T00:00:00.000,0:30,40.659218,-73.89113,0,0,0,0,4065,-7389,0.34965034965034963
2021-09-29T00:00:00.000,14:06,40.88812,-73.84682,1,0,1,1,4088,-7384,0.4153846153846154
2021-10-01T00:00:00.000,17:10,40.649906,-73.886566,1,0,1,1,4064,-7388,0.3225806451612903
2021-09-29T00:00:00.000,18:00,40.689354,-73.936325,0,0,0,0,4068,-7393,0.3619047619047619
2021-09-30T00:00:00.000,11:45,40.61865,-74.156624,0,0,0,0,4061,-7415,0.3333333333333333
2021-10-01T00:00:00.000,23:00,40.729176,-73.87898,0,0,0,0,4072,-7387,0.5714285714285714
2021-09-29T00:00:00.000,23:00,40.822834,-73.941925,1,0,1,1,4082,-7394,0.3812154696132597
2021-09-20T00:00:00.000,10:30,40.614628,-74.004196,0,0,0,0,4061,-7400,0.3076923076923077
2021-09-29T00:00:00.000,20:00,40.734276,-73.8477,1,0,1,1,4073,-7384,0.2682926829268293
2021-09-17T00:00:00.000,10:04,40.678276,-73.91076,0,0,0,0,4067,-7391,0.36597938144329895
2021-09-29T00:00:00.000,11:10,40.745327,-73.922066,0,0,0,0,4074,-7392,0.3709677419354839
2021-10-01T00:00:00.000,13:52,40.71122,-73.72827,1,0,1,1,4071,-7372,0.40425531914893614
2021-09-30T00:00:00.000,10:20,40.830902,-73.88846,0,0,0,0,4083,-7388,0.26717557251908397
2021-09-30T00:00:00.000,9:58,40.619984,-73.91124,0,0,0,0,4061,-7391,0.358974358974359
2021-09-27T00:00:00.000,12:00,40.63252,-73.99702,0,0,0,0,4063,-7399,0.47692307692307695
2021-09-12T00:00:00.000,16:42,40.82923,-73.87551,1,0,1,1,4082,-7387,0.33544303797468356
2021-09-29T00:00:00.000,17:50,0.0,0.0,2,0,1,1,0,0,0.40425531914893614
2021-09-30T00:00:00.000,15:20,40.679863,-73.83884,0,0,0,0,4067,-7383,0.48148148148148145
2021-09-03T00:00:00.000,20:45,40.76082,-73.990906,0,0,0,0,4076,-7399,0.3275862068965517
2021-09-25T00:00:00.000,18:45,40.862602,-73.92028,0,0,0,0,4086,-7392,0.359375
2021-09-27T00:00:00.000,15:45,40.68222,-73.922585,0,0,0,0,4068,-7392,0.2542372881355932
2021-09-30T00:00:00.000,12:30,40.786808,-73.94524,0,0,0,0,4078,-7394,0.33513513513513515
2021-10-01T00:00:00.000,4:46,40.725243,-73.933914,1,0,1,1,4072,-7393,0.36507936507936506
2021-10-01T00:00:00.000,23:28,40.74128,-73.90257,1,0,1,1,4074,-7390,0.40625
2021-09-26T00:00:00.000,21:00,40.874638,-73.909744,0,0,0,0,4087,-7390,0.3184713375796178
2021-10-01T00:00:00.000,19:04,40.778606,-73.98163,0,0,0,0,4077,-7398,0.38028169014084506
2021-12-27T00:00:00.000,20:02,40.8494,-73.90304,2,0,1,1,4084,-7390,0.366120218579235
2021-10-01T00:00:00.000,6:48,40.748913,-73.9374,0,0,0,0,4074,-7393,0.3333333333333333
2021-10-01T00:00:00.000,2:30,40.68846,-73.80878,0,0,0,0,4068,-7380,0.3829787234042553
2021-09-30T00:00:00.000,13:10,40.839176,-73.94114,0,0,0,0,4083,-7394,0.38926174496644295
2021-08-06T00:00:00.000,8:00,40.764435,-73.99512,1,0,1,1,4076,-7399,0.3275862068965517
2021-09-28T00:00:00.000,7:45,40.662796,-73.893555,1,0,1,1,4066,-7389,0.3103448275862069
2021-09-30T00:00:00.000,0:00,40.64727,-73.894424,0,0,0,0,4064,-7389,0.43478260869565216
2021-09-29T00:00:00.000,15:10,40.60805,-74.15736,0,0,0,0,4060,-7415,0.3076923076923077
2021-10-01T00:00:00.000,1:03,40.628403,-74.02553,2,0,1,1,4062,-7402,0.3625
2021-09-29T00:00:00.000,14:25,40.651863,-73.86536,6,0,1,1,4065,-7386,0.36619718309859156
2021-09-29T00:00:00.000,16:21,40.57475,-74.00174,0,0,0,0,4057,-7400,0.3157894736842105
2021-09-29T00:00:00.000,8:00,40.766357,-73.88756,0,0,0,0,4076,-7388,0.43283582089552236
2021-10-01T00:00:00.000,9:30,40.776398,-73.81765,0,0,0,0,4077,-7381,0.3157894736842105
2021-12-27T00:00:00.000,4:47,40.62413,-73.99844,1,0,1,1,4062,-7399,0.3835616438356164
2021-09-30T00:00:00.000,1:00,40.680664,-73.902626,0,0,0,0,4068,-7390,0.4421052631578947
2021-09-29T00:00:00.000,14:35,40.84869,-73.8524,0,0,0,0,4084,-7385,0.32727272727272727
2021-09-24T00:00:00.000,18:45,40.70444,-73.80556,0,0,0,0,4070,-7380,0.3877551020408163
2021-09-26T00:00:00.000,18:20,40.720173,-73.98865,0,0,0,0,4072,-7398,0.4342105263157895
2021-09-27T00:00:00.000,8:00,40.844902,-73.89011,0,0,0,0,4084,-7389,0.33766233766233766
2021-09-29T00:00:00.000,11:00,40.83356,-73.8767,0,0,0,0,4083,-7387,0.38414634146341464
2021-10-01T00:00:00.000,12:47,40.626804,-73.94668,0,0,0,0,4062,-7394,0.41379310344827586
2021-10-01T00:00:00.000,16:25,40.706566,-73.9576,0,0,0,0,4070,-7395,0.3475177304964539
2021-09-30T00:00:00.000,13:56,40.63947,-73.902756,1,0,1,1,4063,-7390,0.3561643835616438
2021-09-29T00:00:00.000,13:00,40.691433,-73.89063,0,0,0,0,4069,-7389,0.3709677419354839
2021-09-29T00:00:00.000,14:45,40.69041,-73.75557,1,0,1,1,4069,-7375,0.3584905660377358
2021-09-30T00:00:00.000,17:00,40.72032,-73.99405,1,0,1,1,4072,-7399,0.3829787234042553
2021-09-30T00:00:00.000,21:17,40.859642,-73.90534,0,0,0,0,4085,-7390,0.42207792207792205
2021-09-27T00:00:00.000,22:15,40.67453,-73.92137,0,0,0,0,4067,-7392,0.39655172413793105
2021-09-16T00:00:00.000,23:10,40.59709,-73.99523,1,0,1,1,4059,-7399,0.3076923076923077
2021-09-30T00:00:00.000,9:30,40.689167,-73.82753,0,0,0,0,4068,-7382,0.41975308641975306
2021-09-15T00:00:00.000,14:17,40.823082,-73.86722,1,0,1,1,4082,-7386,0.3493975903614458
2021-09-29T00:00:00.000,19:15,40.81701,-73.9595,0,0,0,0,4081,-7395,0.3509933774834437
2021-10-01T00:00:00.000,21:15,40.664375,-73.92376,0,0,0,0,4066,-7392,0.355
2021-12-27T00:00:00.000,19:25,40.73406,-73.8739,1,0,1,1,4073,-7387,0.3140495867768595
2021-10-01T00:00:00.000,12:52,40.7226,-73.93711,0,0,0,0,4072,-7393,0.36507936507936506
2021-09-29T00:00:00.000,18:00,40.586117,-73.93604,0,0,0,0,4058,-7393,0.24324324324324326
2021-09-30T00:00:00.000,14:00,40.596207,-73.768745,0,0,0,0,4059,-7376,0.23809523809523808
2021-09-17T00:00:00.000,16:30,40.72082,-73.892265,1,0,1,1,4072,-7389,0.41379310344827586
2021-10-01T00:00:00.000,8:23,40.75455,-73.96252,0,0,0,0,4075,-7396,0.4788732394366197
2021-09-29T00:00:00.000,14:30,40.71442,-73.77009,0,0,0,0,4071,-7377,0.20967741935483872
2021-09-29T00:00:00.000,19:00,40.760284,-73.769356,0,0,0,0,4076,-7376,0.21739130434782608
2021-10-01T00:00:00.000,8:09,40.675842,-73.78305,0,0,0,0,4067,-7378,0.2
2021-09-29T00:00:00.000,18:00,40.806705,-73.952866,2,0,1,1,4080,-7395,0.381294964028777
2021-09-30T00:00:00.000,15:08,40.868847,-73.902626,0,0,0,0,4086,-7390,0.42748091603053434
2021-09-26T00:00:00.000,14:57,40.680782,-73.975075,2,0,1,1,4068,-7397,0.3412322274881517
2021-10-01T00:00:00.000,17:10,40.730827,-73.82856,2,0,1,1,4073,-7382,0.45454545454545453
2021-09-29T00:00:00.000,17:00,40.62194,-73.91753,0,0,0,0,4062,-7391,0.3333333333333333
2021-09-30T00:00:00.000,10:00,40.736176,-74.00353,0,0,0,0,4073,-7400,0.2403846153846154
2021-10-01T00:00:00.000,12:10,40.7494,-73.88427,0,0,0,0,4074,-7388,0.2978723404255319
2021-10-01T00:00:00.000,7:00,40.86536,-73.87043,0,0,0,0,4086,-7387,0.34545454545454546
2021-08-26T00:00:00.000,15:55,40.717922,-73.9931,1,0,1,1,4071,-7399,0.3263157894736842
2021-09-30T00:00:00.000,12:45,40.825905,-73.94712,1,0,1,1,4082,-7394,0.3812154696132597
2021-09-29T00:00:00.000,14:00,40.678852,-73.834114,1,0,1,1,4067,-7383,0.48148148148148145
2021-09-27T00:00:00.000,9:00,40.665024,-73.870575,0,0,0,0,4066,-7387,0.38461538461538464
2021-09-26T00:00:00.000,15:11,40.670116,-73.92248,0,0,0,0,4067,-7392,0.39655172413793105
2021-09-29T00:00:00.000,15:58,40.786694,-73.82534,0,0,0,0,4078,-7382,0.3
2021-10-01T00:00:00.000,15:05,40.665257,-73.739555,3,0,1,1,4066,-7373,0.44339622641509435
2021-09-29T00:00:00.000,8:30,40.708138,-73.80303,2,0,1,1,4070,-7380,0.3877551020408163
2021-10-01T00:00:00.000,16:30,40.816193,-73.895996,1,0,1,1,4081,-7389,0.31543624161073824
2021-10-01T00:00:00.000,17:55,40.64367,-74.015495,0,0,0,0,4064,-7401,0.4295774647887324
2021-09-30T00:00:00.000,8:48,40.812897,-73.90145,0,0,0,0,4081,-7390,0.3888888888888889
2021-09-20T00:00:00.000,12:45,40.805706,-73.95633,0,0,0,0,4080,-7395,0.381294964028777
2021-09-30T00:00:00.000,9:52,40.673004,-73.99935,1,0,1,1,4067,-7399,0.3258426966292135
2021-09-23T00:00:00.000,8:18,40.681118,-73.96443,1,0,1,1,4068,-7396,0.42567567567567566
2021-10-01T00:00:00.000,7:30,40.811207,-73.90686,0,0,0,0,4081,-7390,0.3888888888888889
2021-09-29T00:00:00.000,11:15,40.755566,-73.79172,2,0,1,1,4075,-7379,0.38461538461538464
2021-09-30T00:00:00.000,18:15,40.840874,-73.91979,0,0,0,0,4084,-7391,0.32558139534883723
2021-09-30T00:00:00.000,14:50,40.839165,-73.88333,1,0,1,1,4083,-7388,0.26717557251908397
2021-09-29T00:00:00.000,9:00,40.667973,-73.75082,0,0,0,0,4066,-7375,0.3
2021-08-27T00:00:00.000,22:16,40.74873,-73.87365,0,0,0,0,4074,-7387,0.25663716814159293
2021-09-30T00:00:00.000,0:00,40.70166,-73.961464,0,0,0,0,4070,-7396,0.3431372549019608
2021-09-29T00:00:00.000,11:15,40.825504,-73.886086,0,0,0,0,4082,-7388,0.27624309392265195
2021-09-30T00:00:00.000,10:30,40.75519,-73.835205,0,0,0,0,4075,-7383,0.37681159420289856
2021-09-30T00:00:00.000,2:25,40.71886,-73.97492,1,0,1,1,4071,-7397,0.41509433962264153
2021-09-30T00:00:00.000,10:25,40.7052,-73.79926,1,0,1,1,4070,-7379,0.3978494623655914
2021-09-29T00:00:00.000,13:09,40.74892,-73.9779,1,0,1,1,4074,-7397,0.4810810810810811
2021-09-29T00:00:00.000,12:15,40.803905,-73.91844,1,0,1,1,4080,-7391,0.38961038961038963
2021-10-01T00:00:00.000,13:08,40.582756,-74.13041,0,0,0,0,4058,-7413,0.6363636363636364
2021-10-01T00:00:00.000,6:18,40.578804,-73.96582,0,0,0,0,4057,-7396,0.3191489361702128
2021-09-30T00:00:00.000,7:41,40.830345,-73.89389,0,0,0,0,4083,-7389,0.3333333333333333
2021-09-29T00:00:00.000,15:37,40.768166,-73.83749,5,0,1,1,4076,-7383,0.33695652173913043
2021-05-29T00:00:00.000,6:30,40.835808,-73.949455,0,0,0,0,4083,-7394,0.38926174496644295
2021-09-30T00:00:00.000,11:55,40.753857,-73.91764,1,0,1,1,4075,-7391,0.4777777777777778
2021-09-30T00:00:00.000,23:44,40.736156,-73.71371,0,0,0,0,4073,-7371,0.2857142857142857
2021-09-30T00:00:00.000,7:20,40.72059,-73.974884,0,0,0,0,4072,-7397,0.3283582089552239
2021-09-30T00:00:00.000,8:18,40.721497,-73.83531,0,0,0,0,4072,-7383,0.4909090909090909
2021-09-29T00:00:00.000,10:06,40.637634,-74.17122,0,0,0,0,4063,-7417,0.0
2021-09-29T00:00:00.000,21:00,40.68032,-73.89133,0,0,0,0,4068,-7389,0.5
2021-09-29T00:00:00.000,2:18,40.85278,-73.853294,0,0,0,0,4085,-7385,0.3125
2021-09-29T00:00:00.000,13:40,40.726814,-73.83846,0,0,0,0,4072,-7383,0.4909090909090909
2021-10-01T00:00:00.000,3:20,40.666138,-73.82422,1,0,1,1,4066,-7382,0.43103448275862066
2021-10-01T00:00:00.000,17:47,40.617306,-73.92865,0,0,0,0,4061,-7392,0.2982456140350877
2021-09-29T00:00:00.000,16:48,40.814934,-73.91496,1,0,1,1,4081,-7391,0.47244094488188976
2021-09-29T00:00:00.000,15:25,40.75831,-73.96294,1,0,1,1,4075,-7396,0.4788732394366197
2021-09-30T00:00:00.000,8:52,40.67948,-73.93291,1,0,1,1,4067,-7393,0.3755868544600939
2021-09-30T00:00:00.000,14:30,40.60805,-74.15736,0,0,0,0,4060,-7415,0.3076923076923077
2021-09-29T00:00:00.000,22:00,40.736504,-73.977875,0,0,0,0,4073,-7397,0.32558139534883723
2021-09-30T00:00:00.000,8:04,40.88619,-73.857994,2,0,1,1,4088,-7385,0.36619718309859156
2021-09-24T00:00:00.000,22:06,40.814598,-73.864685,0,0,0,0,4081,-7386,0.23333333333333334
2021-09-28T00:00:00.000,0:00,0.0,0.0,1,0,1,1,0,0,0.40425531914893614
2021-09-30T00:00:00.000,11:20,40.61652,-73.98586,1,0,1,1,4061,-7398,0.3698630136986301
2021-09-08T00:00:00.000,18:40,40.869534,-73.9001,0,0,0,0,4086,-7390,0.42748091603053434
2021-10-01T00:00:00.000,18:53,40.785732,-73.97645,1,0,1,1,4078,-7397,0.3434343434343434
2021-10-01T00:00:00.000,19:45,40.768192,-73.970665,0,0,0,0,4076,-7397,0.37
2021-09-30T00:00:00.000,7:45,40.875,-73.87471,0,0,0,0,4087,-7387,0.297029702970297
2021-09-30T00:00:00.000,9:00,40.531918,-74.19175,0,0,0,0,4053,-7419,0.2857142857142857
2021-09-30T00:00:00.000,18:15,40.79485,-73.962364,1,0,1,1,4079,-7396,0.25
2021-09-29T00:00:00.000,14:20,40.71396,-73.9912,1,0,1,1,4071,-7399,0.3263157894736842
2021-09-28T00:00:00.000,9:00,40.706917,-73.93972,1,0,1,1,4070,-7393,0.3300970873786408
2021-10-01T00:00:00.000,5:00,40.691612,-73.83667,0,0,0,0,4069,-7383,0.35555555555555557
2021-09-29T00:00:00.000,18:00,40.87892,-73.90479,0,0,0,0,4087,-7390,0.3184713375796178
2021-10-01T00:00:00.000,13:45,40.734863,-73.93879,2,0,1,1,4073,-7393,0.38461538461538464
2021-09-29T00:00:00.000,14:15,40.711628,-73.729385,2,0,1,1,4071,-7372,0.40425531914893614
2021-09-30T00:00:00.000,0:00,40.67719,-73.88754,0,0,0,0,4067,-7388,0.30434782608695654
2021-10-01T00:00:00.000,15:48,40.86173,-73.91182,3,0,1,1,4086,-7391,0.38016528925619836
2021-09-29T00:00:00.000,17:00,40.708797,-74.01086,0,0,0,0,4070,-7401,0.140625
2021-10-01T00:00:00.000,13:45,40.73825,-73.97973,0,0,0,0,4073,-7397,0.32558139534883723
2021-09-30T00:00:00.000,1:00,40.852566,-73.88749,0,0,0,0,4085,-7388,0.3
2021-09-29T00:00:00.000,9:05,40.648705,-74.010254,1,0,1,1,4064,-7401,0.4295774647887324
2021-09-30T00:00:00.000,10:16,40.684,-73.95031,0,0,0,0,4068,-7395,0.38571428571428573
2021-12-27T00:00:00.000,11:30,40.873592,-73.88506,0,0,0,0,4087,-7388,0.3561643835616438
2021-09-26T00:00:00.000,23:15,40.65621,-73.914665,0,0,0,0,4065,-7391,0.425
2021-10-01T00:00:00.000,13:50,40.818558,-73.92732,0,0,0,0,4081,-7392,0.4714285714285714
2021-09-29T00:00:00.000,23:55,40.83029,-73.850655,0,0,0,0,4083,-7385,0.30158730158730157
2021-09-30T00:00:00.000,19:55,40.74841,-73.89764,1,0,1,1,4074,-7389,0.3203125
2021-10-01T00:00:00.000,9:35,40.79856,-73.96336,0,0,0,0,4079,-7396,0.25
2021-10-01T00:00:00.000,2:35,40.632195,-73.97408,0,0,0,0,4063,-7397,0.36893203883495146
2021-09-29T00:00:00.000,8:53,40.65319,-73.96622,1,0,1,1,4065,-7396,0.3939393939393939
2021-10-01T00:00:00.000,17:00,0.0,0.0,0,0,0,0,0,0,0.40425531914893614
2021-09-29T00:00:00.000,7:20,40.67758,-73.92659,0,0,0,0,4067,-7392,0.39655172413793105
2021-09-29T00:00:00.000,7:05,40.840874,-73.820076,1,0,1,1,4084,-7382,0.4
2021-09-29T00:00:00.000,10:48,40.805107,-73.963036,0,0,0,0,4080,-7396,0.31343283582089554
2021-09-29T00:00:00.000,0:01,40.699413,-73.95902,4,0,1,1,4069,-7395,0.30952380952380953
2021-09-30T00:00:00.000,5:35,40.737286,-73.95543,2,0,1,1,4073,-7395,0.30434782608695654
2021-09-29T00:00:00.000,8:30,0.0,0.0,1,0,1,1,0,0,0.40425531914893614
2021-09-29T00:00:00.000,14:15,40.744526,-73.77161,0,0,0,0,4074,-7377,0.36363636363636365
2021-09-30T00:00:00.000,16:15,40.755116,-74.00248,0,0,0,0,4075,-7400,0.3888888888888889
2021-09-28T00:00:00.000,8:44,40.764378,-73.94099,1,0,1,1,4076,-7394,0.4583333333333333
2021-10-01T00:00:00.000,9:30,40.633636,-73.951065,1,0,1,1,4063,-7395,0.48484848484848486
2021-09-29T00:00:00.000,22:01,40.636005,-73.99827,0,0,0,0,4063,-7399,0.47692307692307695
2021-09-29T00:00:00.000,7:00,40.840004,-73.877396,0,0,0,0,4084,-7387,0.48333333333333334
2021-09-30T00:00:00.000,22:30,40.762005,-73.98262,0,0,0,0,4076,-7398,0.3081761006289308
2021-10-01T00:00:00.000,20:00,40.721447,-73.997406,1,0,1,1,4072,-7399,0.3829787234042553
2021-09-29T00:00:00.000,19:44,40.57754,-73.99789,0,0,0,0,4057,-7399,0.32558139534883723
2021-09-29T00:00:00.000,16:00,40.895374,-73.86356,0,0,0,0,4089,-7386,0.28205128205128205
2021-10-01T00:00:00.000,15:27,40.583565,-73.98738,0,0,0,0,4058,-7398,0.4
2021-09-30T00:00:00.000,15:50,40.6028,-73.74879,0,0,0,0,4060,-7374,0.15789473684210525
2021-09-30T00:00:00.000,3:34,40.617924,-74.155785,1,0,1,1,4061,-7415,0.3333333333333333
2021-09-30T00:00:00.000,21:20,40.699886,-73.90584,1,0,1,1,4069,-7390,0.29591836734693877
2021-09-30T00:00:00.000,16:37,40.81848,-73.9553,1,0,1,1,4081,-7395,0.3509933774834437
2021-09-30T00:00:00.000,9:30,40.68559,-73.97332,0,0,0,0,4068,-7397,0.3412322274881517
2021-10-01T00:00:00.000,0:50,40.632755,-73.92984,0,0,0,0,4063,-7392,0.4036697247706422
2021-09-29T00:00:00.000,0:00,40.756565,-73.99028,1,0,1,1,4075,-7399,0.2830188679245283
2021-09-30T00:00:00.000,0:13,40.710663,-73.798706,1,0,1,1,4071,-7379,0.3888888888888889
2021-09-29T00:00:00.000,12:30,40.89341,-73.85737,1,0,1,1,4089,-7385,0.3813559322033898
2021-09-29T00:00:00.000,5:37,40.720375,-74.003265,1,0,1,1,4072,-7400,0.32926829268292684
2021-09-30T00:00:00.000,17:56,40.61952,-74.0402,0,0,0,0,4061,-7404,0.0
2021-09-29T00:00:00.000,11:30,40.7613,-73.86527,0,0,0,0,4076,-7386,0.40298507462686567
2021-09-27T00:00:00.000,7:15,40.883446,-73.86238,0,0,0,0,4088,-7386,0.23809523809523808
2021-10-01T00:00:00.000,16:04,40.78614,-73.93929,1,0,1,1,4078,-7393,0.4444444444444444
2021-09-29T00:00:00.000,13:57,40.69993,-73.96188,1,0,1,1,4069,-7396,0.325
2021-09-30T00:00:00.000,20:45,40.610245,-73.99846,1,0,1,1,4061,-7399,0.29411764705882354
2021-09-26T00:00:00.000,11:02,40.7441,-73.97637,0,0,0,0,4074,-7397,0.4810810810810811
2021-09-30T00:00:00.000,8:25,40.700424,-73.9444,0,0,0,0,4070,-7394,0.3956043956043956
2021-10-01T00:00:00.000,5:45,40.663517,-73.957214,3,0,1,1,4066,-7395,0.44375
2021-09-29T00:00:00.000,14:15,40.743336,-73.90804,0,0,0,0,4074,-7390,0.40625
2021-09-30T00:00:00.000,11:00,40.825577,-73.918465,0,0,0,0,4082,-7391,0.3355263157894737
2021-09-29T00:00:00.000,21:26,40.639225,-74.0021,1,0,1,1,4063,-7400,0.3068181818181818
2021-09-29T00:00:00.000,12:15,40.826176,-73.84971,1,0,1,1,4082,-7384,0.3835616438356164
2021-08-07T00:00:00.000,23:04,40.676243,-73.95269,1,0,1,1,4067,-7395,0.3695652173913043
2021-09-21T00:00:00.000,11:00,40.733376,-73.86665,2,0,1,1,4073,-7386,0.3464566929133858
2021-10-01T00:00:00.000,16:30,40.75225,-73.702095,1,0,1,1,4075,-7370,0.4166666666666667
2021-10-01T00:00:00.000,14:15,40.85394,-73.91468,2,0,1,1,4085,-7391,0.373134328358209
2021-10-01T00:00:00.000,21:00,40.767918,-73.985725,0,0,0,0,4076,-7398,0.3081761006289308
2021-09-28T00:00:00.000,8:33,40.67298,-73.88852,1,0,1,1,4067,-7388,0.30434782608695654
2021-09-30T00:00:00.000,22:28,40.852818,-73.90476,0,0,0,0,4085,-7390,0.42207792207792205
2021-09-30T00:00:00.000,12:39,40.629444,-73.984406,1,0,1,1,4062,-7398,0.38
2021-10-01T00:00:00.000,17:27,40.68459,-73.97017,1,0,1,1,4068,-7397,0.3412322274881517
2021-12-27T00:00:00.000,20:55,40.7591,-73.99214,0,0,0,0,4075,-7399,0.2830188679245283
2021-10-01T00:00:00.000,8:40,40.738693,-73.940926,1,0,1,1,4073,-7394,0.5
2021-09-30T00:00:00.000,21:58,40.81728,-73.938545,1,0,1,1,4081,-7393,0.32432432432432434
2021-10-01T00:00:00.000,8:20,40.72752,-73.75879,0,0,0,0,4072,-7375,0.2727272727272727
2021-09-30T00:00:00.000,4:50,40.607765,-74.13169,0,0,0,0,4060,-7413,0.41935483870967744
2021-09-21T00:00:00.000,16:05,40.678963,-73.94965,0,0,0,0,4067,-7394,0.34074074074074073
2021-09-29T00:00:00.000,8:25,40.652843,-73.90741,0,0,0,0,4065,-7390,0.375
2021-05-27T00:00:00.000,6:45,40.551056,-74.184364,0,0,0,0,4055,-7418,0.4
2021-09-25T00:00:00.000,20:42,40.805386,-73.95468,1,0,1,1,4080,-7395,0.381294964028777
2021-09-29T00:00:00.000,6:20,40.6606,-74.001274,1,0,1,1,4066,-7400,0.14285714285714285
2021-09-28T00:00:00.000,21:25,40.688564,-73.93019,0,0,0,0,4068,-7393,0.3619047619047619
2021-10-01T00:00:00.000,1:49,40.783337,-73.970764,0,0,0,0,4078,-7397,0.3434343434343434
2021-10-01T00:00:00.000,8:59,40.69535,-73.91632,1,0,1,1,4069,-7391,0.2709677419354839
2021-09-26T00:00:00.000,19:15,40.699356,-73.84235,0,0,0,0,4069,-7384,0.26666666666666666
2021-10-01T00:00:00.000,7:30,40.680294,-73.84465,0,0,0,0,4068,-7384,0.3333333333333333
2021-10-01T00:00:00.000,10:37,40.639915,-73.92717,1,0,1,1,4063,-7392,0.4036697247706422
2021-12-27T00:00:00.000,19:25,40.714397,-73.89799,0,0,0,0,4071,-7389,0.38095238095238093
2021-10-01T00:00:00.000,13:30,40.784187,-73.84582,0,0,0,0,4078,-7384,0.23809523809523808
2021-10-01T00:00:00.000,23:41,40.638462,-74.13984,0,0,0,0,4063,-7413,0.2903225806451613
2021-09-29T00:00:00.000,14:30,0.0,0.0,0,0,0,0,0,0,0.40425531914893614
2021-09-13T00:00:00.000,17:15,40.828083,-73.85211,1,0,1,1,4082,-7385,0.27
2021-09-29T00:00:00.000,22:53,40.76093,-73.96914,1,0,1,1,4076,-7396,0.3023255813953488
2021-10-01T00:00:00.000,8:36,40.606316,-73.95782,0,0,0,0,4060,-7395,0.4791666666666667
2021-09-29T00:00:00.000,15:00,40.817234,-73.95814,0,0,0,0,4081,-7395,0.3509933774834437
2021-10-01T00:00:00.000,10:30,40.704624,-73.93503,0,0,0,0,4070,-7393,0.3300970873786408
2021-10-01T00:00:00.000,17:00,40.680264,-73.89224,0,0,0,0,4068,-7389,0.5
2021-09-30T00:00:00.000,22:42,40.800735,-73.95867,0,0,0,0,4080,-7395,0.381294964028777
2021-10-01T00:00:00.000,20:00,40.74413,-73.927055,1,0,1,1,4074,-7392,0.3709677419354839
2021-10-01T00:00:00.000,8:30,40.75254,-73.85261,1,0,1,1,4075,-7385,0.3048780487804878
2021-09-30T00:00:00.000,21:30,40.882423,-73.86602,0,0,0,0,4088,-7386,0.23809523809523808
2021-10-01T00:00:00.000,4:00,40.763126,-73.83125,0,0,0,0,4076,-7383,0.33695652173913043
2021-09-28T00:00:00.000,22:00,40.632908,-73.905365,0,0,0,0,4063,-7390,0.3561643835616438
2021-09-29T00:00:00.000,22:40,40.77164,-73.871445,0,0,0,0,4077,-7387,0.35714285714285715
2021-09-29T00:00:00.000,13:37,40.78961,-73.97362,0,0,0,0,4078,-7397,0.3434343434343434
2021-09-29T00:00:00.000,7:48,40.74253,-73.88035,0,0,0,0,4074,-7388,0.2978723404255319
2021-09-29T00:00:00.000,16:30,40.810173,-73.937416,0,0,0,0,4081,-7393,0.32432432432432434
2021-09-29T00:00:00.000,8:26,40.712414,-73.99294,1,0,1,1,4071,-7399,0.3263157894736842
2021-12-27T00:00:00.000,1:53,40.719875,-73.97854,0,0,0,0,4071,-7397,0.41509433962264153
2021-09-29T00:00:00.000,16:42,40.79653,-73.97597,0,0,0,0,4079,-7397,0.24210526315789474
2021-09-23T00:00:00.000,15:53,40.761272,-73.95571,1,0,1,1,4076,-7395,0.3696969696969697
2021-09-29T00:00:00.000,8:37,40.69892,-73.80273,0,0,0,0,4069,-7380,0.38461538461538464
2021-09-30T00:00:00.000,14:30,40.659275,-73.889,0,0,0,0,4065,-7388,0.41509433962264153
2021-09-30T00:00:00.000,9:36,40.678253,-74.00273,0,0,0,0,4067,-7400,0.20967741935483872
2021-09-29T00:00:00.000,17:26,40.653564,-73.934494,0,0,0,0,4065,-7393,0.44366197183098594
2021-09-29T00:00:00.000,13:08,40.828938,-73.84559,0,0,0,0,4082,-7384,0.3835616438356164
2021-10-01T00:00:00.000,22:15,40.616535,-74.065315,0,0,0,0,4061,-7406,0.2
2021-09-28T00:00:00.000,17:12,40.867733,-73.88285,0,0,0,0,4086,-7388,0.23943661971830985
2021-09-30T00:00:00.000,20:25,40.796642,-73.96848,0,0,0,0,4079,-7396,0.25
2021-10-01T00:00:00.000,15:30,40.74733,-73.755806,0,0,0,0,4074,-7375,0.16666666666666666
2021-09-29T00:00:00.000,14:32,40.673897,-74.00614,0,0,0,0,4067,-7400,0.20967741935483872
2021-09-29T00:00:00.000,11:30,40.734604,-73.864784,0,0,0,0,4073,-7386,0.3464566929133858
2021-09-29T00:00:00.000,16:00,40.764915,-73.79677,0,0,0,0,4076,-7379,0.2631578947368421
2021-09-29T00:00:00.000,8:15,40.616314,-74.00083,1,0,1,1,4061,-7400,0.3076923076923077
2021-09-30T00:00:00.000,19:25,40.69868,-73.96024,0,0,0,0,4069,-7396,0.325
2021-10-01T00:00:00.000,19:20,40.744064,-73.987755,1,0,1,1,4074,-7398,0.40131578947368424
2021-09-30T00:00:00.000,11:13,40.660847,-73.8403,0,0,0,0,4066,-7384,0.5925925925925926
2021-09-29T00:00:00.000,9:49,40.596745,-73.985275,1,0,1,1,4059,-7398,0.34146341463414637
2021-10-01T00:00:00.000,0:00,40.831722,-73.915016,0,0,0,0,4083,-7391,0.33714285714285713
2021-09-30T00:00:00.000,20:32,40.8351,-73.93823,0,0,0,0,4083,-7393,0.3333333333333333
2021-09-29T00:00:00.000,14:05,40.686646,-73.97982,0,0,0,0,4068,-7397,0.3412322274881517
2021-09-29T00:00:00.000,8:00,40.636074,-73.92191,2,0,1,1,4063,-7392,0.4036697247706422
2021-10-01T00:00:00.000,5:57,40.85874,-73.93012,0,0,0,0,4085,-7393,0.36585365853658536
2021-09-26T00:00:00.000,4:45,40.705486,-73.776535,1,0,1,1,4070,-7377,0.2413793103448276
2021-09-30T00:00:00.000,22:35,40.678783,-73.74412,0,0,0,0,4067,-7374,0.2619047619047619
2021-09-01T00:00:00.000,18:30,40.760937,-73.971245,0,0,0,0,4076,-7397,0.37
2021-06-17T00:00:00.000,17:45,40.894653,-73.882484,0,0,0,0,4089,-7388,0.5
2021-09-29T00:00:00.000,18:30,40.58657,-74.09206,0,0,0,0,4058,-7409,0.15625
2021-10-01T00:00:00.000,15:50,40.678246,-73.870186,0,0,0,0,4067,-7387,0.30344827586206896
2021-09-30T00:00:00.000,20:15,40.7334,-73.873055,0,0,0,0,4073,-7387,0.3140495867768595
2021-10-01T00:00:00.000,13:04,40.7966,-73.929,0,0,0,0,4079,-7392,0.4
2021-10-01T00:00:00.000,14:00,40.741272,-73.97535,1,0,1,1,4074,-7397,0.4810810810810811
2021-09-23T00:00:00.000,20:00,40.844864,-73.92256,0,0,0,0,4084,-7392,0.3181818181818182
2021-09-30T00:00:00.000,13:15,40.719933,-73.97876,1,0,1,1,4071,-7397,0.41509433962264153
2021-09-20T00:00:00.000,23:48,40.76579,-73.9807,1,0,1,1,4076,-7398,0.3081761006289308
2021-10-01T00:00:00.000,12:30,40.686234,-73.82418,1,0,1,1,4068,-7382,0.41975308641975306
2021-09-29T00:00:00.000,18:40,40.73564,-73.98257,2,0,1,1,4073,-7398,0.36942675159235666
2021-10-01T00:00:00.000,9:45,40.69803,-73.975555,1,0,1,1,4069,-7397,0.3253012048192771
2021-09-28T00:00:00.000,11:40,40.66278,-73.88086,0,0,0,0,4066,-7388,0.37012987012987014
2021-10-01T00:00:00.000,6:00,40.82325,-73.88277,0,0,0,0,4082,-7388,0.27624309392265195
2021-09-29T00:00:00.000,8:30,40.73352,-73.87489,0,0,0,0,4073,-7387,0.3140495867768595
2021-09-30T00:00:00.000,12:23,40.87884,-73.9046,0,0,0,0,4087,-7390,0.3184713375796178
2021-09-29T00:00:00.000,13:40,40.829136,-73.9114,1,0,1,1,4082,-7391,0.3355263157894737
2021-10-01T00:00:00.000,15:45,40.67612,-73.936005,0,0,0,0,4067,-7393,0.3755868544600939
2021-09-29T00:00:00.000,19:48,40.595707,-73.965065,1,0,1,1,4059,-7396,0.38596491228070173
2021-09-28T00:00:00.000,20:15,40.66203,-73.891075,0,0,0,0,4066,-7389,0.3103448275862069
2021-12-22T00:00:00.000,0:00,40.82325,-73.88277,0,0,0,0,4082,-7388,0.27624309392265195
2021-05-29T00:00:00.000,1:25,40.689003,-73.829346,0,0,0,0,4068,-7382,0.41975308641975306
2021-05-29T00:00:00.000,13:00,40.59601,-73.74267,0,0,0,0,4059,-7374,0.18181818181818182
2021-05-24T00:00:00.000,17:20,40.67492,-73.836334,3,0,1,1,4067,-7383,0.48148148148148145
2021-09-26T00:00:00.000,14:30,40.674088,-73.79837,0,0,0,0,4067,-7379,0.4264705882352941
2021-12-27T00:00:00.000,19:15,40.68064,-73.95338,0,0,0,0,4068,-7395,0.38571428571428573
2021-12-27T00:00:00.000,11:33,40.727524,-73.9443,0,0,0,0,4072,-7394,0.19801980198019803
2021-12-27T00:00:00.000,14:10,40.700813,-73.95447,1,0,1,1,4070,-7395,0.3475177304964539
2021-12-19T00:00:00.000,19:00,40.761486,-73.96061,1,0,1,1,4076,-7396,0.3023255813953488
2021-12-27T00:00:00.000,13:48,40.632885,-73.94771,0,0,0,0,4063,-7394,0.358974358974359
2021-12-27T00:00:00.000,18:01,40.69897,-73.95702,0,0,0,0,4069,-7395,0.30952380952380953
2021-12-27T00:00:00.000,21:53,40.681515,-73.90412,1,0,1,1,4068,-7390,0.4421052631578947
2021-12-27T00:00:00.000,20:31,40.593227,-73.973755,0,0,0,0,4059,-7397,0.3191489361702128
2021-12-24T00:00:00.000,14:11,40.78588,-73.94884,0,0,0,0,4078,-7394,0.33513513513513515
2021-12-27T00:00:00.000,8:15,40.860577,-73.90255,0,0,0,0,4086,-7390,0.42748091603053434
2021-12-27T00:00:00.000,7:45,40.68122,-73.98047,0,0,0,0,4068,-7398,0.3873239436619718
2021-12-27T00:00:00.000,18:30,40.67816,-73.897484,1,0,1,1,4067,-7389,0.33852140077821014
2021-10-08T00:00:00.000,8:00,40.769333,-73.912445,1,0,1,1,4076,-7391,0.40476190476190477
2021-12-06T00:00:00.000,21:50,40.882908,-73.908264,0,0,0,0,4088,-7390,0.2702702702702703
2021-12-27T00:00:00.000,20:40,40.624653,-73.99933,1,0,1,1,4062,-7399,0.3835616438356164
2021-12-27T00:00:00.000,18:15,40.77099,-73.99092,1,0,1,1,4077,-7399,0.4166666666666667
2021-12-27T00:00:00.000,23:37,40.591423,-73.92358,0,0,0,0,4059,-7392,0.375
2021-12-22T00:00:00.000,20:45,40.71795,-73.94769,0,0,0,0,4071,-7394,0.3710691823899371
2021-12-27T00:00:00.000,11:59,40.670094,-73.907974,0,0,0,0,4067,-7390,0.3282442748091603
2021-12-27T00:00:00.000,1:25,40.764053,-73.96476,0,0,0,0,4076,-7396,0.3023255813953488
2021-12-27T00:00:00.000,20:00,40.74539,-73.90559,1,0,1,1,4074,-7390,0.40625
2021-12-27T00:00:00.000,0:00,40.837906,-73.93835,1,0,1,1,4083,-7393,0.3333333333333333
2021-05-29T00:00:00.000,20:40,40.830223,-73.908966,0,0,0,0,4083,-7390,0.3064516129032258
2021-05-29T00:00:00.000,16:55,40.749302,-73.86822,0,0,0,0,4074,-7386,0.3813559322033898
2021-05-29T00:00:00.000,19:35,40.644955,-73.92113,0,0,0,0,4064,-7392,0.4077669902912621
2021-05-28T00:00:00.000,8:00,40.665314,-73.86846,0,0,0,0,4066,-7386,0.35
2021-05-29T00:00:00.000,1:50,40.66827,-73.90263,0,0,0,0,4066,-7390,0.2777777777777778
2021-05-29T00:00:00.000,16:35,40.69165,-73.779205,1,0,1,1,4069,-7377,0.35135135135135137
2021-05-27T00:00:00.000,16:55,40.794376,-73.933655,0,0,0,0,4079,-7393,0.36585365853658536
2021-05-29T00:00:00.000,6:15,40.6957,-73.7933,0,0,0,0,4069,-7379,0.25925925925925924
2021-05-27T00:00:00.000,19:15,40.741077,-74.001564,0,0,0,0,4074,-7400,0.27710843373493976
2021-05-21T00:00:00.000,21:20,40.700123,-73.90622,1,0,1,1,4070,-7390,0.37894736842105264
2021-05-29T00:00:00.000,0:14,40.7636,-73.77098,0,0,0,0,4076,-7377,0.20588235294117646
2021-05-29T00:00:00.000,10:00,40.684746,-73.83112,1,0,1,1,4068,-7383,0.45454545454545453
2021-05-29T00:00:00.000,16:40,40.654484,-73.886536,0,0,0,0,4065,-7388,0.41509433962264153
2021-05-25T00:00:00.000,11:55,40.74688,-74.00224,0,0,0,0,4074,-7400,0.27710843373493976
2021-05-28T00:00:00.000,13:18,40.67989,-73.94034,0,0,0,0,4067,-7394,0.34074074074074073
2021-05-29T00:00:00.000,10:38,40.604618,-74.02771,0,0,0,0,4060,-7402,0.42105263157894735
2021-05-29T00:00:00.000,19:17,40.748825,-73.96984,2,0,1,1,4074,-7396,0.7
2021-05-27T00:00:00.000,17:30,40.75081,-73.89398,0,0,0,0,4075,-7389,0.4805194805194805
2021-05-20T00:00:00.000,18:03,40.70603,-73.92842,1,0,1,1,4070,-7392,0.24305555555555555
2023-01-17T00:00:00.000,10:37,40.71976,-73.94476,0,0,0,0,4071,-7394,0.3710691823899371
2021-05-28T00:00:00.000,14:14,40.8077,-73.92955,1,0,1,1,4080,-7392,0.3141025641025641
2021-05-29T00:00:00.000,1:20,40.874992,-73.81846,1,0,1,1,4087,-7381,0.5
2021-05-29T00:00:00.000,13:00,40.666355,-73.8045,0,0,0,0,4066,-7380,0.40789473684210525
2021-05-23T00:00:00.000,20:50,40.713207,-73.97739,0,0,0,0,4071,-7397,0.41509433962264153
2021-05-25T00:00:00.000,14:00,40.61306,-73.92618,1,0,1,1,4061,-7392,0.2982456140350877
2021-05-27T00:00:00.000,16:50,40.86101,-73.910355,1,0,1,1,4086,-7391,0.38016528925619836
2021-05-29T00:00:00.000,20:30,40.703835,-73.778496,0,0,0,0,4070,-7377,0.2413793103448276
2021-05-29T00:00:00.000,18:10,40.68418,-73.78298,0,0,0,0,4068,-7378,0.3384615384615385
2021-05-27T00:00:00.000,0:00,40.68857,-73.8757,0,0,0,0,4068,-7387,0.24719101123595505
2021-05-29T00:00:00.000,18:55,40.590187,-73.95383,1,0,1,1,4059,-7395,0.3181818181818182
2021-05-26T00:00:00.000,14:30,40.81626,-73.92725,1,0,1,1,4081,-7392,0.4714285714285714
2021-05-29T00:00:00.000,16:30,40.60503,-74.06574,0,0,0,0,4060,-7406,0.3076923076923077
2021-05-25T00:00:00.000,9:07,40.73332,-73.95945,2,0,1,1,4073,-7395,0.30434782608695654
2021-05-27T00:00:00.000,22:20,40.709713,-73.95489,1,0,1,1,4070,-7395,0.3475177304964539
2021-05-29T00:00:00.000,18:47,40.710247,-73.74215,0,0,0,0,4071,-7374,0.23404255319148937
2021-05-29T00:00:00.000,14:25,40.59894,-73.997894,0,0,0,0,4059,-7399,0.3076923076923077
2021-05-29T00:00:00.000,20:15,40.86357,-73.92602,1,0,1,1,4086,-7392,0.359375
2021-05-27T00:00:00.000,15:50,40.704746,-73.91404,0,0,0,0,4070,-7391,0.27450980392156865
2021-05-24T00:00:00.000,16:00,40.72543,-73.99678,1,0,1,1,4072,-7399,0.3829787234042553
2021-05-28T00:00:00.000,15:42,40.830025,-73.872765,0,0,0,0,4083,-7387,0.38414634146341464
2021-05-29T00:00:00.000,19:04,40.656116,-73.89666,1,0,1,1,4065,-7389,0.34965034965034963
2021-05-22T00:00:00.000,23:30,40.717724,-73.98579,0,0,0,0,4071,-7398,0.39568345323741005
2021-05-29T00:00:00.000,16:40,40.75858,-73.82562,0,0,0,0,4075,-7382,0.4915254237288136
2021-05-28T00:00:00.000,13:15,40.74331,-73.87451,0,1,2,1,4074,-7387,0.25663716814159293
2021-05-29T00:00:00.000,15:30,40.605568,-74.03118,0,0,0,0,4060,-7403,0.3
2021-05-23T00:00:00.000,17:05,40.674652,-73.87712,0,0,0,0,4067,-7387,0.30344827586206896
2021-05-29T00:00:00.000,17:45,40.665794,-73.7464,0,0,0,0,4066,-7374,0.3698630136986301
2021-05-27T00:00:00.000,10:00,40.677494,-73.90186,0,0,0,0,4067,-7390,0.3282442748091603
2021-05-29T00:00:00.000,9:30,40.83419,-73.84525,0,0,0,0,4083,-7384,0.22727272727272727
2021-05-29T00:00:00.000,17:24,40.80751,-73.93413,2,0,1,1,4080,-7393,0.36312849162011174
2021-05-24T00:00:00.000,20:00,40.706173,-73.85186,0,0,0,0,4070,-7385,0.39436619718309857
2021-05-28T00:00:00.000,19:15,40.603188,-74.06724,0,0,0,0,4060,-7406,0.3076923076923077
2021-05-26T00:00:00.000,9:00,40.547836,-74.22037,0,0,0,0,4054,-7422,0.2222222222222222
2021-05-29T00:00:00.000,20:44,40.830738,-73.9105,2,0,1,1,4083,-7391,0.33714285714285713
2021-05-27T00:00:00.000,15:00,40.679504,-73.87136,0,0,0,0,4067,-7387,0.30344827586206896
2021-05-29T00:00:00.000,7:20,40.846413,-73.91689,0,0,0,0,4084,-7391,0.32558139534883723
2021-05-29T00:00:00.000,19:24,40.637745,-74.07603,1,0,1,1,4063,-7407,0.4444444444444444
2021-05-22T00:00:00.000,17:35,40.827595,-73.85004,1,0,1,1,4082,-7385,0.27
2021-05-28T00:00:00.000,14:30,40.758915,-73.9997,0,0,0,0,4075,-7399,0.2830188679245283
2021-05-29T00:00:00.000,10:37,40.82419,-73.91385,2,0,1,1,4082,-7391,0.3355263157894737
2021-05-27T00:00:00.000,18:00,40.672314,-73.893036,1,0,1,1,4067,-7389,0.33852140077821014
2021-05-27T00:00:00.000,13:00,40.60981,-73.92251,1,0,1,1,4060,-7392,0.3333333333333333
2021-05-29T00:00:00.000,1:30,40.712696,-73.99878,0,0,0,0,4071,-7399,0.3263157894736842
2021-05-29T00:00:00.000,12:15,40.662556,-73.91963,1,0,1,1,4066,-7391,0.3630952380952381
2021-05-29T00:00:00.000,16:30,40.575645,-74.169815,0,0,0,0,4057,-7416,0.36363636363636365
2021-05-29T00:00:00.000,13:35,40.71808,-73.94781,0,0,0,0,4071,-7394,0.3710691823899371
2021-05-27T00:00:00.000,18:34,40.66278,-73.88086,1,0,1,1,4066,-7388,0.37012987012987014
2021-05-29T00:00:00.000,3:02,40.74348,-73.921486,0,0,0,0,4074,-7392,0.3709677419354839
2021-05-28T00:00:00.000,19:00,40.739902,-73.791275,0,0,0,0,4073,-7379,0.4
2021-05-29T00:00:00.000,2:15,40.882217,-73.88046,0,0,0,0,4088,-7388,0.42857142857142855
2021-05-29T00:00:00.000,23:58,40.84954,-73.93641,0,0,0,0,4084,-7393,0.32786885245901637
2021-05-29T00:00:00.000,11:20,40.622288,-73.92624,0,0,0,0,4062,-7392,0.3611111111111111
2021-05-15T00:00:00.000,2:10,40.658577,-73.89063,1,0,1,1,4065,-7389,0.34965034965034963
2021-05-29T00:00:00.000,4:24,40.843994,-73.89752,0,0,0,0,4084,-7389,0.33766233766233766
2021-05-25T00:00:00.000,19:50,40.53561,-74.18344,0,0,0,0,4053,-7418,0.0
2021-05-29T00:00:00.000,15:19,40.72455,-74.00194,1,0,1,1,4072,-7400,0.32926829268292684
2021-05-29T00:00:00.000,15:50,40.722286,-73.957466,1,0,1,1,4072,-7395,0.22093023255813954
2021-05-25T00:00:00.000,21:00,40.744373,-74.00396,0,0,0,0,4074,-7400,0.27710843373493976
2021-05-29T00:00:00.000,19:30,40.716522,-73.98863,1,0,1,1,4071,-7398,0.39568345323741005
2021-05-28T00:00:00.000,0:01,40.668613,-73.86857,0,0,0,0,4066,-7386,0.35
2021-05-27T00:00:00.000,10:34,40.673916,-73.88598,1,0,1,1,4067,-7388,0.30434782608695654
2021-05-29T00:00:00.000,5:53,40.84497,-73.9092,0,0,0,0,4084,-7390,0.366120218579235
2021-05-28T00:00:00.000,11:50,40.62797,-73.92683,0,0,0,0,4062,-7392,0.3611111111111111
2021-05-28T00:00:00.000,11:55,40.56393,-74.18512,0,0,0,0,4056,-7418,0.2
2021-05-29T00:00:00.000,13:30,40.62488,-74.01964,0,0,0,0,4062,-7401,0.3829787234042553
2021-05-28T00:00:00.000,7:00,40.710533,-73.95514,0,0,0,0,4071,-7395,0.36585365853658536
2021-05-27T00:00:00.000,16:47,40.633144,-73.92356,0,0,0,0,4063,-7392,0.4036697247706422
2021-05-27T00:00:00.000,18:28,40.774284,-73.94734,0,0,0,0,4077,-7394,0.28
2021-05-27T00:00:00.000,22:30,40.7509,-73.99812,0,0,0,0,4075,-7399,0.2830188679245283
2021-05-29T00:00:00.000,15:00,40.685436,-73.79326,0,0,0,0,4068,-7379,0.35
2021-05-29T00:00:00.000,8:08,40.84664,-73.92568,1,0,1,1,4084,-7392,0.3181818181818182
2021-05-29T00:00:00.000,12:15,40.818768,-73.86338,0,0,0,0,4081,-7386,0.23333333333333334
2021-05-29T00:00:00.000,21:07,40.745235,-73.937706,0,0,0,0,4074,-7393,0.3333333333333333
2021-05-29T00:00:00.000,20:45,40.672016,-73.92425,0,0,0,0,4067,-7392,0.39655172413793105
2021-05-27T00:00:00.000,14:00,40.679195,-73.88544,0,0,0,0,4067,-7388,0.30434782608695654
2021-05-26T00:00:00.000,8:45,40.520916,-74.235115,0,0,0,0,4052,-7423,0.3333333333333333
2021-05-28T00:00:00.000,19:40,40.64336,-73.973526,2,0,1,1,4064,-7397,0.4095238095238095
2021-05-29T00:00:00.000,18:00,40.7429,-73.99281,0,0,0,0,4074,-7399,0.3333333333333333
2021-05-29T00:00:00.000,17:00,40.736317,-73.85903,0,0,0,0,4073,-7385,0.3619047619047619
2021-05-28T00:00:00.000,22:20,40.602592,-73.74969,0,0,0,0,4060,-7374,0.15789473684210525
2021-05-29T00:00:00.000,21:35,40.716194,-73.996086,0,0,0,0,4071,-7399,0.3263157894736842
2021-05-29T00:00:00.000,21:35,40.699627,-73.923836,0,0,0,0,4069,-7392,0.3584905660377358
2021-05-27T00:00:00.000,16:05,40.675735,-73.89686,0,0,0,0,4067,-7389,0.33852140077821014
2021-05-26T00:00:00.000,22:10,40.771725,-73.92633,2,0,1,1,4077,-7392,0.3269230769230769
2021-05-28T00:00:00.000,23:10,40.83302,-73.862724,1,0,1,1,4083,-7386,0.24822695035460993
2021-05-29T00:00:00.000,9:48,40.62578,-74.02416,1,0,1,1,4062,-7402,0.3625
2021-05-28T00:00:00.000,20:00,40.80719,-73.92431,1,0,1,1,4080,-7392,0.3141025641025641
2021-05-29T00:00:00.000,2:10,40.59855,-73.95904,0,0,0,0,4059,-7395,0.3181818181818182
2021-05-28T00:00:00.000,14:00,40.832386,-73.86457,0,0,0,0,4083,-7386,0.24822695035460993
2021-05-29T00:00:00.000,2:00,40.74166,-73.735886,0,0,0,0,4074,-7373,0.4
2021-05-29T00:00:00.000,22:45,40.756474,-73.805466,1,0,1,1,4075,-7380,0.36363636363636365
2021-05-25T00:00:00.000,19:15,40.709095,-73.99622,0,0,0,0,4070,-7399,0.21052631578947367
2021-05-27T00:00:00.000,19:29,40.664074,-73.86052,0,0,0,0,4066,-7386,0.35
2021-05-27T00:00:00.000,21:20,40.671795,-73.89195,1,0,1,1,4067,-7389,0.33852140077821014
2021-05-29T00:00:00.000,21:00,40.676342,-73.910934,0,0,0,0,4067,-7391,0.36597938144329895
2021-05-27T00:00:00.000,11:30,40.683598,-73.88563,0,0,0,0,4068,-7388,0.36538461538461536
2021-05-26T00:00:00.000,9:55,40.611122,-74.11283,0,0,0,0,4061,-7411,0.36
2021-05-29T00:00:00.000,15:10,40.68714,-73.98124,1,0,1,1,4068,-7398,0.3873239436619718
2021-05-29T00:00:00.000,13:35,40.688904,-73.980934,0,0,0,0,4068,-7398,0.3873239436619718
2021-05-29T00:00:00.000,9:45,40.61242,-74.13245,0,0,0,0,4061,-7413,0.23076923076923078
2021-05-29T00:00:00.000,21:55,40.699844,-73.991035,0,0,0,0,4069,-7399,0.29473684210526313
2021-05-29T00:00:00.000,17:00,40.718777,-73.995705,0,0,0,0,4071,-7399,0.3263157894736842
2021-05-29T00:00:00.000,19:10,40.675884,-73.75577,0,0,0,0,4067,-7375,0.2608695652173913
2021-05-29T00:00:00.000,10:00,40.63215,-74.16525,0,0,0,0,4063,-7416,0.3333333333333333
2021-05-24T00:00:00.000,13:20,40.815155,-73.95784,0,0,0,0,4081,-7395,0.3509933774834437
2021-05-29T00:00:00.000,22:16,40.713116,-73.90972,2,0,1,1,4071,-7390,0.4
2021-05-28T00:00:00.000,18:35,40.65662,-73.889175,1,0,1,1,4065,-7388,0.41509433962264153
2021-05-29T00:00:00.000,3:19,40.634396,-74.02363,0,0,0,0,4063,-7402,0.3877551020408163
2021-05-21T00:00:00.000,17:15,40.680775,-73.76383,0,0,0,0,4068,-7376,0.35714285714285715
2021-05-22T00:00:00.000,3:47,40.685028,-73.94135,0,0,0,0,4068,-7394,0.4409448818897638
2021-05-27T00:00:00.000,18:20,40.705265,-73.81606,1,0,1,1,4070,-7381,0.3194444444444444
2021-05-25T00:00:00.000,19:46,40.618366,-73.94428,5,0,1,1,4061,-7394,0.48484848484848486
2021-05-29T00:00:00.000,13:07,40.830906,-73.8736,0,0,0,0,4083,-7387,0.38414634146341464
2021-05-29T00:00:00.000,18:00,40.7185,-73.73531,0,0,0,0,4071,-7373,0.25
2021-05-29T00:00:00.000,20:45,40.73532,-73.920265,1,0,1,1,4073,-7392,0.4444444444444444
2021-05-29T00:00:00.000,17:10,40.64254,-73.87652,1,0,1,1,4064,-7387,0.4918032786885246
2021-05-27T00:00:00.000,13:25,40.541153,-74.16696,1,0,1,1,4054,-7416,0.42857142857142855
2021-05-29T00:00:00.000,12:29,40.60712,-73.983376,0,0,0,0,4060,-7398,0.2711864406779661
2021-12-27T00:00:00.000,11:20,40.85038,-73.90699,2,0,1,1,4085,-7390,0.42207792207792205
2021-05-27T00:00:00.000,17:25,40.699627,-73.923836,1,0,1,1,4069,-7392,0.3584905660377358
2021-05-29T00:00:00.000,5:30,40.74549,-73.99307,0,0,0,0,4074,-7399,0.3333333333333333
2021-05-27T00:00:00.000,17:33,40.806847,-73.906845,1,0,1,1,4080,-7390,0.36538461538461536
2021-05-27T00:00:00.000,16:30,40.61432,-73.92772,0,0,0,0,4061,-7392,0.2982456140350877
2021-05-28T00:00:00.000,0:27,40.7055,-73.95972,0,0,0,0,4070,-7395,0.3475177304964539
2021-05-28T00:00:00.000,21:57,40.805737,-73.94065,0,0,0,0,4080,-7394,0.41116751269035534
2021-05-21T00:00:00.000,17:00,40.805637,-73.9344,0,0,0,0,4080,-7393,0.36312849162011174
2021-05-29T00:00:00.000,7:00,40.66632,-73.83481,1,0,1,1,4066,-7383,0.5
2021-05-29T00:00:00.000,1:10,40.61913,-73.99019,0,0,0,0,4061,-7399,0.29411764705882354
2021-05-29T00:00:00.000,13:55,40.74777,-74.000404,1,0,1,1,4074,-7400,0.27710843373493976
2021-05-28T00:00:00.000,23:30,40.59907,-73.90498,0,0,0,0,4059,-7390,0.23404255319148937
2021-05-29T00:00:00.000,23:02,40.765446,-73.827194,0,0,0,0,4076,-7382,0.2987012987012987
2021-05-29T00:00:00.000,1:58,40.584557,-73.950874,0,0,0,0,4058,-7395,0.3465346534653465
2021-05-29T00:00:00.000,13:19,40.69939,-73.91938,0,0,0,0,4069,-7391,0.2709677419354839
2021-05-28T00:00:00.000,22:15,40.696453,-73.956535,0,0,0,0,4069,-7395,0.30952380952380953
2021-05-29T00:00:00.000,6:10,40.66912,-73.88222,0,0,0,0,4066,-7388,0.37012987012987014
2021-05-29T00:00:00.000,12:30,40.74778,-73.81294,0,0,0,0,4074,-7381,0.46153846153846156
2021-05-29T00:00:00.000,14:15,40.582752,-73.98633,0,0,0,0,4058,-7398,0.4
2021-05-29T00:00:00.000,8:30,40.84519,-73.9112,1,0,1,1,4084,-7391,0.32558139534883723
2021-05-29T00:00:00.000,10:01,40.662563,-73.94758,0,0,0,0,4066,-7394,0.36792452830188677
2021-05-28T00:00:00.000,0:05,40.732037,-73.814926,1,0,1,1,4073,-7381,0.3181818181818182
2021-05-27T00:00:00.000,14:00,40.71162,-73.952995,0,0,0,0,4071,-7395,0.36585365853658536
2021-05-29T00:00:00.000,11:10,40.621616,-73.99831,0,0,0,0,4062,-7399,0.3835616438356164
2021-05-26T00:00:00.000,12:00,40.678394,-73.880905,0,0,0,0,4067,-7388,0.30434782608695654
2021-12-27T00:00:00.000,16:00,40.776157,-73.932625,0,0,0,0,4077,-7393,0.20833333333333334
2021-05-29T00:00:00.000,9:15,40.7154,-73.92693,0,0,0,0,4071,-7392,0.2777777777777778
2021-05-29T00:00:00.000,6:08,40.834198,-73.86474,0,0,0,0,4083,-7386,0.24822695035460993
2021-05-29T00:00:00.000,1:21,40.80853,-73.90497,0,0,0,0,4080,-7390,0.36538461538461536
2021-05-27T00:00:00.000,11:00,40.66933,-73.8758,0,0,0,0,4066,-7387,0.38461538461538464
2021-05-27T00:00:00.000,17:40,40.755215,-73.99668,0,0,0,0,4075,-7399,0.2830188679245283
2021-05-29T00:00:00.000,11:00,40.614937,-74.12742,0,0,0,0,4061,-7412,0.25
2021-05-27T00:00:00.000,17:53,40.652752,-73.88629,0,0,0,0,4065,-7388,0.41509433962264153
2021-05-29T00:00:00.000,13:37,40.668377,-73.92012,0,0,0,0,4066,-7392,0.355
2021-05-29T00:00:00.000,9:35,40.642014,-73.907974,0,0,0,0,4064,-7390,0.4017094017094017
2021-05-27T00:00:00.000,19:00,40.671432,-73.88718,1,0,1,1,4067,-7388,0.30434782608695654
2021-05-27T00:00:00.000,19:57,40.70886,-73.942566,0,0,0,0,4070,-7394,0.3956043956043956
2021-05-29T00:00:00.000,19:40,40.761143,-73.838905,0,0,0,0,4076,-7383,0.33695652173913043
2021-05-29T00:00:00.000,8:45,40.613937,-73.918526,0,0,0,0,4061,-7391,0.358974358974359
2021-05-26T00:00:00.000,10:55,40.746815,-74.00612,1,0,1,1,4074,-7400,0.27710843373493976
2021-05-29T00:00:00.000,0:05,40.86769,-73.92122,0,0,0,0,4086,-7392,0.359375
2021-05-29T00:00:00.000,13:20,40.63944,-73.94935,0,0,0,0,4063,-7394,0.358974358974359
2021-05-26T00:00:00.000,21:35,40.667522,-73.78063,0,0,0,0,4066,-7378,0.34615384615384615
2021-05-29T00:00:00.000,18:05,40.84944,-73.906006,2,0,1,1,4084,-7390,0.366120218579235
2021-05-27T00:00:00.000,12:00,40.60998,-74.12017,1,0,1,1,4060,-7412,0.2608695652173913
2021-05-29T00:00:00.000,14:40,40.677483,-73.93033,0,0,0,0,4067,-7393,0.3755868544600939
2021-05-29T00:00:00.000,20:31,40.829597,-73.902245,1,0,1,1,4082,-7390,0.3025210084033613
2021-05-08T00:00:00.000,15:38,40.85382,-73.93636,0,0,0,0,4085,-7393,0.36585365853658536
2021-05-27T00:00:00.000,23:34,40.536373,-74.176865,1,0,1,1,4053,-7417,1.0
2021-05-28T00:00:00.000,23:42,40.816406,-73.86734,0,0,0,0,4081,-7386,0.23333333333333334
2021-05-29T00:00:00.000,21:58,40.625973,-73.97624,0,0,0,0,4062,-7397,0.38666666666666666
2021-05-29T00:00:00.000,6:23,40.830738,-73.9105,0,0,0,0,4083,-7391,0.33714285714285713
2021-05-27T00:00:00.000,16:35,40.876022,-73.862144,0,0,0,0,4087,-7386,0.3142857142857143
2021-05-29T00:00:00.000,3:31,40.636204,-74.150505,0,0,0,0,4063,-7415,0.3333333333333333
2021-05-27T00:00:00.000,16:30,40.82752,-73.84776,2,0,1,1,4082,-7384,0.3835616438356164
2021-05-27T00:00:00.000,11:05,40.667343,-73.89471,0,0,0,0,4066,-7389,0.3103448275862069
2021-05-28T00:00:00.000,20:15,40.844147,-73.90061,0,0,0,0,4084,-7390,0.366120218579235
2021-05-29T00:00:00.000,19:55,40.84944,-73.906006,2,0,1,1,4084,-7390,0.366120218579235
2021-05-28T00:00:00.000,16:00,40.62997,-73.936775,1,0,1,1,4062,-7393,0.4444444444444444
2021-05-27T00:00:00.000,23:30,40.652714,-73.8906,3,0,1,1,4065,-7389,0.34965034965034963
2021-05-29T00:00:00.000,2:30,40.663773,-73.99596,0,0,0,0,4066,-7399,0.40540540540540543
2021-05-20T00:00:00.000,18:00,40.751446,-74.001434,0,0,0,0,4075,-7400,0.3888888888888889
2021-05-27T00:00:00.000,8:23,40.672047,-73.892975,0,0,0,0,4067,-7389,0.33852140077821014
2021-05-29T00:00:00.000,12:00,40.61476,-74.069016,0,0,0,0,4061,-7406,0.2
2021-05-28T00:00:00.000,23:45,40.823902,-73.87451,0,0,0,0,4082,-7387,0.33544303797468356
2021-05-29T00:00:00.000,19:00,40.6778,-73.823845,0,0,0,0,4067,-7382,0.4186046511627907
2021-05-20T00:00:00.000,22:43,40.708805,-73.92577,0,0,0,0,4070,-7392,0.24305555555555555
2021-12-27T00:00:00.000,22:10,40.782887,-73.9439,1,0,1,1,4078,-7394,0.33513513513513515
2021-05-29T00:00:00.000,1:21,40.608727,-74.08839,0,0,0,0,4060,-7408,0.3235294117647059
2021-05-29T00:00:00.000,18:05,40.829,-73.83642,0,0,0,0,4082,-7383,0.34210526315789475
2021-05-29T00:00:00.000,20:08,40.631275,-73.97606,0,0,0,0,4063,-7397,0.36893203883495146
2021-05-27T00:00:00.000,12:40,40.577545,-73.99789,0,0,0,0,4057,-7399,0.32558139534883723
2021-05-27T00:00:00.000,18:45,40.70322,-73.94079,1,0,1,1,4070,-7394,0.3956043956043956
2021-05-29T00:00:00.000,21:00,40.620804,-73.99294,0,0,0,0,4062,-7399,0.3835616438356164
2021-05-29T00:00:00.000,0:30,40.746037,-73.9886,1,0,1,1,4074,-7398,0.40131578947368424
2021-05-29T00:00:00.000,11:50,40.60625,-73.92374,0,0,0,0,4060,-7392,0.3333333333333333
2021-05-29T00:00:00.000,13:15,40.66718,-73.95076,3,0,1,1,4066,-7395,0.44375
2021-05-29T00:00:00.000,11:30,40.69939,-73.91938,0,0,0,0,4069,-7391,0.2709677419354839
2021-05-28T00:00:00.000,10:40,40.71473,-73.94208,0,0,0,0,4071,-7394,0.3710691823899371
2021-05-29T00:00:00.000,14:15,40.638477,-73.91528,0,0,0,0,4063,-7391,0.5
2021-05-29T00:00:00.000,9:45,40.695065,-73.75001,1,0,1,1,4069,-7375,0.3584905660377358
2021-05-29T00:00:00.000,2:25,40.82472,-73.89179,0,0,0,0,4082,-7389,0.37423312883435583
2021-05-26T00:00:00.000,18:25,40.726376,-73.76624,1,0,1,1,4072,-7376,0.5
2021-05-29T00:00:00.000,22:55,40.665558,-73.72985,1,0,1,1,4066,-7372,0.6190476190476191
2021-05-29T00:00:00.000,11:10,40.82463,-73.91059,0,0,0,0,4082,-7391,0.3355263157894737
2021-05-25T00:00:00.000,1:40,40.637264,-73.9898,1,0,1,1,4063,-7398,0.4827586206896552
2021-05-29T00:00:00.000,4:35,40.798225,-73.9291,0,0,0,0,4079,-7392,0.4
2021-05-29T00:00:00.000,15:09,40.690216,-73.854645,0,0,0,0,4069,-7385,0.34
2021-05-29T00:00:00.000,4:53,40.589012,-73.788246,0,0,0,0,4058,-7378,0.0
2021-05-29T00:00:00.000,9:20,40.70314,-73.76007,1,0,1,1,4070,-7376,0.43902439024390244
2021-05-29T00:00:00.000,22:00,40.846783,-73.907394,0,0,0,0,4084,-7390,0.366120218579235
2021-05-27T00:00:00.000,11:00,40.834896,-73.87495,1,0,1,1,4083,-7387,0.38414634146341464
2021-05-29T00:00:00.000,11:03,40.617764,-74.03338,0,0,0,0,4061,-7403,0.2777777777777778
2021-05-29T00:00:00.000,15:34,40.58209,-73.955185,1,0,1,1,4058,-7395,0.3465346534653465
2021-05-28T00:00:00.000,6:18,40.79965,-73.93999,0,0,0,0,4079,-7393,0.36585365853658536
2021-05-29T00:00:00.000,21:00,40.71952,-73.814255,0,0,0,0,4071,-7381,0.3448275862068966
2021-05-28T00:00:00.000,19:59,40.703934,-73.959854,2,0,1,1,4070,-7395,0.3475177304964539
2021-05-29T00:00:00.000,13:00,40.606895,-74.00663,0,0,0,0,4060,-7400,0.24074074074074073
2021-05-24T00:00:00.000,1:33,40.66999,-73.85912,0,0,0,0,4066,-7385,0.3333333333333333
2021-05-29T00:00:00.000,3:50,40.675735,-73.89686,0,0,0,0,4067,-7389,0.33852140077821014
2021-05-29T00:00:00.000,11:00,40.74785,-73.88183,0,0,0,0,4074,-7388,0.2978723404255319
2021-05-29T00:00:00.000,12:20,40.694576,-73.95615,2,0,1,1,4069,-7395,0.30952380952380953
2021-05-25T00:00:00.000,20:22,40.690796,-73.95637,0,0,0,0,4069,-7395,0.30952380952380953
2021-05-27T00:00:00.000,17:06,40.678864,-73.881454,0,0,0,0,4067,-7388,0.30434782608695654
2021-05-29T00:00:00.000,22:03,40.652477,-73.94686,1,0,1,1,4065,-7394,0.43137254901960786
2021-03-26T00:00:00.000,15:40,40.693436,-73.97784,0,0,0,0,4069,-7397,0.3253012048192771
2021-05-28T00:00:00.000,13:45,40.61477,-73.93663,0,0,0,0,4061,-7393,0.34285714285714286
2021-05-27T00:00:00.000,23:45,40.66796,-73.87009,0,0,0,0,4066,-7387,0.38461538461538464
2021-12-27T00:00:00.000,5:30,40.75388,-73.822815,1,0,1,1,4075,-7382,0.4915254237288136
2021-05-29T00:00:00.000,10:00,40.809418,-73.92158,0,0,0,0,4080,-7392,0.3141025641025641
2021-05-29T00:00:00.000,8:40,40.65737,-73.94614,0,0,0,0,4065,-7394,0.43137254901960786
2021-05-29T00:00:00.000,3:50,40.708935,-73.77721,0,0,0,0,4070,-7377,0.2413793103448276
2021-05-27T00:00:00.000,16:50,40.80129,-73.9439,1,0,1,1,4080,-7394,0.41116751269035534
2021-05-29T00:00:00.000,2:10,40.747135,-73.89242,0,0,0,0,4074,-7389,0.3203125
2021-05-29T00:00:00.000,1:10,40.658703,-73.854904,1,0,1,1,4065,-7385,0.4
2021-05-29T00:00:00.000,4:30,40.712696,-73.900604,0,0,0,0,4071,-7390,0.4
2021-05-29T00:00:00.000,1:18,40.67843,-73.91357,0,0,0,0,4067,-7391,0.36597938144329895
2021-05-28T00:00:00.000,19:00,40.597523,-73.79907,0,0,0,0,4059,-7379,0.2692307692307692
2021-05-29T00:00:00.000,21:43,40.776695,-73.906685,1,0,1,1,4077,-7390,0.3404255319148936
2021-05-29T00:00:00.000,19:15,40.765137,-73.81944,0,0,0,0,4076,-7381,0.4716981132075472
2021-05-27T00:00:00.000,17:20,40.660736,-73.89966,1,0,1,1,4066,-7389,0.3103448275862069
2021-05-28T00:00:00.000,21:21,40.655075,-73.86772,1,0,1,1,4065,-7386,0.36619718309859156
2021-05-19T00:00:00.000,11:47,40.601948,-73.99382,0,0,0,0,4060,-7399,0.31683168316831684
2021-05-19T00:00:00.000,14:41,40.720413,-73.98341,1,0,1,1,4072,-7398,0.4342105263157895
2021-05-28T00:00:00.000,18:00,40.830563,-73.87091,0,0,0,0,4083,-7387,0.38414634146341464
2021-05-28T00:00:00.000,21:15,40.61463,-73.91298,0,0,0,0,4061,-7391,0.358974358974359
2021-05-29T00:00:00.000,16:08,40.720535,-73.776215,0,0,0,0,4072,-7377,0.375
2021-05-29T00:00:00.000,19:00,40.702526,-73.81384,0,0,0,0,4070,-7381,0.3194444444444444
2021-05-29T00:00:00.000,15:30,40.834232,-73.874,1,0,1,1,4083,-7387,0.38414634146341464
2021-05-24T00:00:00.000,21:42,40.511948,-74.23971,0,0,0,0,4051,-7423,0.0625
2021-05-26T00:00:00.000,18:10,40.833496,-73.858246,0,0,0,0,4083,-7385,0.30158730158730157
2021-05-29T00:00:00.000,16:45,40.66607,-73.76175,0,0,0,0,4066,-7376,0.30434782608695654
2021-05-29T00:00:00.000,17:12,40.64667,-73.896034,1,0,1,1,4064,-7389,0.43478260869565216
2021-05-28T00:00:00.000,23:45,40.767612,-73.950005,0,0,0,0,4076,-7395,0.3696969696969697
2021-05-27T00:00:00.000,12:15,40.81721,-73.916,1,0,1,1,4081,-7391,0.47244094488188976
2021-05-29T00:00:00.000,12:18,40.72988,-73.74952,0,0,0,0,4072,-7374,0.44
2021-05-26T00:00:00.000,15:59,40.74817,-74.00529,1,0,1,1,4074,-7400,0.27710843373493976
2021-05-29T00:00:00.000,14:37,40.61925,-73.92192,1,0,1,1,4061,-7392,0.2982456140350877
2021-05-28T00:00:00.000,10:30,40.607685,-74.13892,1,0,1,1,4060,-7413,0.41935483870967744
2021-05-29T00:00:00.000,10:53,40.838425,-73.920425,0,0,0,0,4083,-7392,0.310126582278481
2021-05-29T00:00:00.000,9:15,40.686115,-73.86992,0,0,0,0,4068,-7386,0.423728813559322
2021-05-27T00:00:00.000,18:00,40.645344,-73.87897,0,0,0,0,4064,-7387,0.4918032786885246
2021-05-29T00:00:00.000,4:29,40.726067,-73.9089,0,0,0,0,4072,-7390,0.2978723404255319
2021-05-28T00:00:00.000,9:00,40.628223,-73.91497,0,0,0,0,4062,-7391,0.3333333333333333
2021-05-29T00:00:00.000,17:33,40.680687,-73.84459,0,0,0,0,4068,-7384,0.3333333333333333
2021-05-29T00:00:00.000,18:45,40.728195,-73.984886,1,0,1,1,4072,-7398,0.4342105263157895
2021-05-25T00:00:00.000,10:30,40.745823,-74.001816,0,0,0,0,4074,-7400,0.27710843373493976
2021-05-29T00:00:00.000,9:32,40.636707,-74.11938,0,0,0,0,4063,-7411,0.20689655172413793
2021-05-29T00:00:00.000,20:45,40.567966,-74.1231,0,0,0,0,4056,-7412,0.2222222222222222
2021-05-29T00:00:00.000,0:30,40.627243,-74.124084,0,0,0,0,4062,-7412,0.21739130434782608
2021-05-29T00:00:00.000,22:30,40.70239,-73.924644,0,0,0,0,4070,-7392,0.24305555555555555
2021-12-24T00:00:00.000,22:30,40.804012,-73.93097,0,0,0,0,4080,-7393,0.36312849162011174
2021-05-29T00:00:00.000,8:30,40.605522,-73.76088,0,0,0,0,4060,-7376,0.19230769230769232
2021-05-29T00:00:00.000,10:40,40.884968,-73.830345,0,0,0,0,4088,-7383,0.3448275862068966
2021-05-29T00:00:00.000,12:00,40.61239,-74.000916,0,0,0,0,4061,-7400,0.3076923076923077
2021-05-29T00:00:00.000,5:35,40.68303,-73.782295,1,0,1,1,4068,-7378,0.3384615384615385
2021-05-29T00:00:00.000,10:16,40.831413,-73.86795,0,0,0,0,4083,-7386,0.24822695035460993
2021-05-29T00:00:00.000,14:30,40.565235,-74.181404,0,0,0,0,4056,-7418,0.2
2021-05-29T00:00:00.000,19:00,40.834614,-73.90506,0,0,0,0,4083,-7390,0.3064516129032258
2021-05-29T00:00:00.000,5:22,40.74967,-73.99531,0,0,0,0,4074,-7399,0.3333333333333333
2021-05-29T00:00:00.000,15:18,40.814156,-73.935074,0,0,0,0,4081,-7393,0.32432432432432434
2021-05-28T00:00:00.000,9:45,40.757694,-74.000595,0,0,0,0,4075,-7400,0.3888888888888889
2021-05-29T00:00:00.000,11:30,40.69217,-73.95194,0,0,0,0,4069,-7395,0.30952380952380953
2021-05-29T00:00:00.000,20:45,40.80119,-73.93003,1,0,1,1,4080,-7393,0.36312849162011174
2021-05-28T00:00:00.000,16:00,40.660023,-73.891426,0,0,0,0,4066,-7389,0.3103448275862069
2021-05-29T00:00:00.000,14:40,40.88808,-73.8587,0,0,0,0,4088,-7385,0.36619718309859156
2021-05-29T00:00:00.000,16:00,40.64203,-74.08771,1,0,1,1,4064,-7408,0.2894736842105263
2021-05-28T00:00:00.000,9:20,40.66937,-73.89523,2,0,1,1,4066,-7389,0.3103448275862069
2021-05-27T00:00:00.000,7:45,40.666023,-73.86371,2,0,1,1,4066,-7386,0.35
2021-05-23T00:00:00.000,15:30,40.662395,-73.89634,1,0,1,1,4066,-7389,0.3103448275862069
2021-05-29T00:00:00.000,6:30,40.81588,-73.96056,0,0,0,0,4081,-7396,0.2222222222222222
2021-12-27T00:00:00.000,16:04,40.576393,-73.9869,1,0,1,1,4057,-7398,0.36904761904761907
2021-12-27T00:00:00.000,14:38,40.682484,-73.86371,1,0,1,1,4068,-7386,0.423728813559322
2021-12-16T00:00:00.000,8:00,40.771374,-73.877144,0,0,0,0,4077,-7387,0.35714285714285715
2021-12-24T00:00:00.000,12:26,40.859608,-73.90778,1,0,1,1,4085,-7390,0.42207792207792205
2021-12-27T00:00:00.000,16:40,40.68949,-73.92207,0,0,0,0,4068,-7392,0.2542372881355932
2021-12-27T00:00:00.000,15:15,40.816166,-73.95361,0,0,0,0,4081,-7395,0.3509933774834437
2021-12-27T00:00:00.000,12:45,40.597874,-73.98549,1,0,1,1,4059,-7398,0.34146341463414637
2021-12-19T00:00:00.000,17:00,40.753925,-73.859535,0,0,0,0,4075,-7385,0.3048780487804878
2021-12-27T00:00:00.000,7:00,40.64477,-73.954735,0,0,0,0,4064,-7395,0.4796747967479675
2021-12-13T00:00:00.000,15:55,40.813606,-73.94367,0,0,0,0,4081,-7394,0.38
2021-12-27T00:00:00.000,14:00,40.724216,-73.94947,0,0,0,0,4072,-7394,0.19801980198019803
2021-12-27T00:00:00.000,20:20,40.712376,-73.94404,1,0,1,1,4071,-7394,0.3710691823899371
2021-12-27T00:00:00.000,9:00,40.75118,-73.85192,0,0,0,0,4075,-7385,0.3048780487804878
2021-12-27T00:00:00.000,8:28,40.75795,-73.96808,0,0,0,0,4075,-7396,0.4788732394366197
2021-12-27T00:00:00.000,15:27,40.735023,-73.761444,0,0,0,0,4073,-7376,0.2857142857142857
2021-12-27T00:00:00.000,9:00,40.830738,-73.9105,0,0,0,0,4083,-7391,0.33714285714285713
2021-12-27T00:00:00.000,14:19,40.6338,-73.8897,1,0,1,1,4063,-7388,0.3835616438356164
2021-12-27T00:00:00.000,23:40,40.69622,-73.89988,2,0,1,1,4069,-7389,0.3709677419354839
2021-12-27T00:00:00.000,16:30,40.831978,-73.93515,0,0,0,0,4083,-7393,0.3333333333333333
2021-12-27T00:00:00.000,23:15,40.803566,-73.96715,0,0,0,0,4080,-7396,0.31343283582089554
2021-12-27T00:00:00.000,19:45,40.567627,-74.11262,0,0,0,0,4056,-7411,0.3448275862068966
2021-12-08T00:00:00.000,7:30,40.69168,-73.999344,0,0,0,0,4069,-7399,0.29473684210526313
2021-12-26T00:00:00.000,21:00,0.0,0.0,1,0,1,1,0,0,0.40425531914893614
2021-12-27T00:00:00.000,17:37,40.674934,-73.80186,4,0,1,1,4067,-7380,0.24615384615384617
2021-12-27T00:00:00.000,17:30,40.66484,-73.82229,0,0,0,0,4066,-7382,0.43103448275862066
2021-12-27T00:00:00.000,13:45,40.76038,-73.99326,0,0,0,0,4076,-7399,0.3275862068965517
2021-12-27T00:00:00.000,6:43,40.73649,-73.80478,0,0,0,0,4073,-7380,0.34285714285714286
2021-12-27T00:00:00.000,20:55,40.771477,-73.8173,0,0,0,0,4077,-7381,0.3157894736842105
2021-12-27T00:00:00.000,16:47,40.769028,-73.78252,0,0,0,0,4076,-7378,0.4
2021-12-27T00:00:00.000,9:37,40.62356,-74.011215,1,0,1,1,4062,-7401,0.3829787234042553
2021-12-02T00:00:00.000,9:10,40.887444,-73.878006,0,0,0,0,4088,-7387,0.14583333333333334
2021-12-27T00:00:00.000,19:05,40.601864,-74.00232,0,0,0,0,4060,-7400,0.24074074074074073
2021-12-27T00:00:00.000,0:00,40.698696,-73.93477,0,0,0,0,4069,-7393,0.3141025641025641
2021-12-22T00:00:00.000,22:00,40.788685,-73.94386,1,0,1,1,4078,-7394,0.33513513513513515
2021-12-27T00:00:00.000,14:40,40.89034,-73.8502,0,0,0,0,4089,-7385,0.3813559322033898
2021-12-27T00:00:00.000,17:00,40.77012,-73.95741,0,0,0,0,4077,-7395,0.3384615384615385
2021-12-27T00:00:00.000,0:00,40.781677,-73.84868,0,0,0,0,4078,-7384,0.23809523809523808
2021-12-27T00:00:00.000,13:20,40.64485,-73.911125,1,0,1,1,4064,-7391,0.39805825242718446
2021-12-27T00:00:00.000,11:11,40.656185,-73.95121,0,0,0,0,4065,-7395,0.38686131386861317
2021-12-27T00:00:00.000,17:52,40.76532,-73.771904,2,0,1,1,4076,-7377,0.20588235294117646
2021-12-23T00:00:00.000,14:05,40.59183,-74.10098,0,0,0,0,4059,-7410,0.2
2021-12-27T00:00:00.000,14:10,40.5832,-73.97304,0,0,0,0,4058,-7397,0.2727272727272727
2021-12-27T00:00:00.000,13:15,40.664494,-73.93431,0,0,0,0,4066,-7393,0.38578680203045684
2021-12-26T00:00:00.000,11:30,40.748215,-73.968544,2,0,1,1,4074,-7396,0.7
2021-12-23T00:00:00.000,12:00,40.844368,-73.88902,1,0,1,1,4084,-7388,0.390625
2021-12-27T00:00:00.000,8:30,40.710785,-73.95995,1,0,1,1,4071,-7395,0.36585365853658536
2021-12-27T00:00:00.000,4:30,40.742638,-73.869934,0,0,0,0,4074,-7386,0.3813559322033898
2021-12-27T00:00:00.000,9:50,40.82406,-73.92815,2,0,1,1,4082,-7392,0.3333333333333333
2021-12-20T00:00:00.000,10:20,40.75815,-73.85675,0,0,0,0,4075,-7385,0.3048780487804878
2021-12-27T00:00:00.000,6:00,40.82364,-73.87994,0,0,0,0,4082,-7387,0.33544303797468356
2021-12-27T00:00:00.000,23:38,40.662178,-73.85025,0,0,0,0,4066,-7385,0.3333333333333333
2021-12-27T00:00:00.000,5:18,40.804695,-73.92239,0,0,0,0,4080,-7392,0.3141025641025641
2021-12-05T00:00:00.000,8:15,40.815826,-73.947044,0,0,0,0,4081,-7394,0.38
2021-12-25T00:00:00.000,6:12,40.87683,-73.86472,1,0,1,1,4087,-7386,0.3142857142857143
2021-12-27T00:00:00.000,13:55,40.783245,-73.94473,0,0,0,0,4078,-7394,0.33513513513513515
2021-12-27T00:00:00.000,23:55,40.635933,-74.02298,1,0,1,1,4063,-7402,0.3877551020408163
2021-12-27T00:00:00.000,9:37,40.757664,-73.99275,0,0,0,0,4075,-7399,0.2830188679245283
2021-12-27T00:00:00.000,13:44,40.684437,-73.97773,0,0,0,0,4068,-7397,0.3412322274881517
2021-12-20T00:00:00.000,14:50,40.650208,-73.959984,0,0,0,0,4065,-7395,0.38686131386861317
2021-12-20T00:00:00.000,6:47,40.89091,-73.887215,0,0,0,0,4089,-7388,0.5
2021-12-27T00:00:00.000,17:15,40.64647,-74.01258,1,0,1,1,4064,-7401,0.4295774647887324
2021-12-27T00:00:00.000,17:00,40.66831,-73.902336,0,0,0,0,4066,-7390,0.2777777777777778
2021-12-27T00:00:00.000,19:58,40.731895,-73.88826,1,0,1,1,4073,-7388,0.2777777777777778
2021-12-27T00:00:00.000,18:47,40.779495,-73.9535,1,0,1,1,4077,-7395,0.3384615384615385
2021-12-27T00:00:00.000,17:40,40.708824,-73.74739,0,0,0,0,4070,-7374,0.3333333333333333
2021-12-27T00:00:00.000,13:05,40.610165,-73.913086,0,0,0,0,4061,-7391,0.358974358974359
2021-12-26T00:00:00.000,0:31,40.737682,-73.85206,1,0,1,1,4073,-7385,0.3619047619047619
2021-12-14T00:00:00.000,23:25,40.878212,-73.84115,0,0,0,0,4087,-7384,0.47297297297297297
2021-12-27T00:00:00.000,22:00,40.656437,-73.94727,1,0,1,1,4065,-7394,0.43137254901960786
2021-12-27T00:00:00.000,22:18,40.683342,-73.80433,0,0,0,0,4068,-7380,0.3829787234042553
2021-12-23T00:00:00.000,1:09,40.791904,-73.94151,0,0,0,0,4079,-7394,0.3523809523809524
2021-12-26T00:00:00.000,14:45,40.732094,-73.73658,0,0,0,0,4073,-7373,0.3
2021-12-27T00:00:00.000,8:00,40.721363,-73.94556,1,0,1,1,4072,-7394,0.19801980198019803
2021-12-27T00:00:00.000,9:30,40.717564,-73.781494,0,0,0,0,4071,-7378,0.32653061224489793
2021-12-27T00:00:00.000,1:06,40.711906,-74.00604,0,0,0,0,4071,-7400,0.25517241379310346
2021-12-27T00:00:00.000,23:35,40.835808,-73.949455,0,0,0,0,4083,-7394,0.38926174496644295
2021-12-27T00:00:00.000,10:55,40.757233,-73.9898,0,0,0,0,4075,-7398,0.3170731707317073
2021-12-15T00:00:00.000,7:43,40.752853,-73.86291,0,0,0,0,4075,-7386,0.33653846153846156
2021-12-27T00:00:00.000,17:15,40.630394,-73.91844,0,0,0,0,4063,-7391,0.5
2021-12-27T00:00:00.000,21:00,40.74901,-73.83465,0,0,0,0,4074,-7383,0.4067796610169492
2021-12-27T00:00:00.000,11:30,40.689835,-73.9147,0,0,0,0,4068,-7391,0.344
2021-12-27T00:00:00.000,10:30,40.5901,-73.988174,0,0,0,0,4059,-7398,0.34146341463414637
2021-12-27T00:00:00.000,19:17,40.631935,-73.91321,1,0,1,1,4063,-7391,0.5
2021-09-23T00:00:00.000,18:20,40.815327,-73.93576,0,0,0,0,4081,-7393,0.32432432432432434
2021-12-24T00:00:00.000,20:19,40.886295,-73.847916,1,0,1,1,4088,-7384,0.4153846153846154
2021-12-27T00:00:00.000,3:50,40.729946,-73.95416,0,0,0,0,4072,-7395,0.22093023255813954
2021-12-27T00:00:00.000,11:41,40.89204,-73.85814,0,0,0,0,4089,-7385,0.3813559322033898
2021-12-27T00:00:00.000,2:00,40.71572,-73.825745,0,0,0,0,4071,-7382,0.379746835443038
2021-12-27T00:00:00.000,18:10,40.753242,-73.96662,1,0,1,1,4075,-7396,0.4788732394366197
2021-12-26T00:00:00.000,17:05,40.63311,-73.97217,0,0,0,0,4063,-7397,0.36893203883495146
2021-12-27T00:00:00.000,13:53,40.681988,-73.83698,0,0,0,0,4068,-7383,0.45454545454545453
2021-12-11T00:00:00.000,23:20,40.741272,-73.97535,2,0,1,1,4074,-7397,0.4810810810810811
2021-12-27T00:00:00.000,13:40,40.65616,-73.76736,1,0,1,1,4065,-7376,0.35714285714285715
2021-12-27T00:00:00.000,21:27,40.85586,-73.89462,1,0,1,1,4085,-7389,0.3353658536585366
2021-12-27T00:00:00.000,11:41,40.708168,-73.95067,1,0,1,1,4070,-7395,0.3475177304964539
2021-12-27T00:00:00.000,8:28,40.84616,-73.9018,0,0,0,0,4084,-7390,0.366120218579235
2021-12-23T00:00:00.000,15:40,40.563145,-74.10787,1,0,1,1,4056,-7410,0.4
2021-12-27T00:00:00.000,16:33,40.810093,-73.92523,1,0,1,1,4081,-7392,0.4714285714285714
2021-12-27T00:00:00.000,11:00,40.732887,-73.87443,0,0,0,0,4073,-7387,0.3140495867768595
2021-12-26T00:00:00.000,23:00,40.811584,-73.96129,0,0,0,0,4081,-7396,0.2222222222222222
2021-12-27T00:00:00.000,11:26,40.76546,-73.86382,0,0,0,0,4076,-7386,0.40298507462686567
2021-12-27T00:00:00.000,11:00,40.582977,-73.95491,0,0,0,0,4058,-7395,0.3465346534653465
2021-12-27T00:00:00.000,0:00,40.668797,-73.93113,0,0,0,0,4066,-7393,0.38578680203045684
2021-12-27T00:00:00.000,10:20,40.65387,-73.838585,0,0,0,0,4065,-7383,0.38095238095238093
2021-12-27T00:00:00.000,20:50,40.67619,-73.9081,0,0,0,0,4067,-7390,0.3282442748091603
2022-03-26T00:00:00.000,9:55,40.678715,-73.91864,1,0,1,1,4067,-7391,0.36597938144329895
2022-03-31T00:00:00.000,14:50,40.703163,-73.81662,1,0,1,1,4070,-7381,0.3194444444444444
2022-03-31T00:00:00.000,18:13,40.76428,-73.97302,0,0,0,0,4076,-7397,0.37
2022-03-31T00:00:00.000,13:00,40.707474,-73.95704,0,0,0,0,4070,-7395,0.3475177304964539
2022-03-30T00:00:00.000,12:00,40.76787,-73.82845,0,0,0,0,4076,-7382,0.2987012987012987
2022-03-31T00:00:00.000,7:50,40.73174,-73.99147,1,0,1,1,4073,-7399,0.423728813559322
2022-03-31T00:00:00.000,7:49,40.853683,-73.86917,1,0,1,1,4085,-7386,0.33766233766233766
2022-04-01T00:00:00.000,21:00,40.6665,-73.9962,1,0,1,1,4066,-7399,0.40540540540540543
2022-04-01T00:00:00.000,3:00,40.767395,-73.99634,1,0,1,1,4076,-7399,0.3275862068965517
2022-03-30T00:00:00.000,21:36,40.525764,-74.2273,0,0,0,0,4052,-7422,0.125
2022-03-30T00:00:00.000,8:55,40.62729,-73.94217,0,0,0,0,4062,-7394,0.41379310344827586
2022-03-31T00:00:00.000,9:00,40.57642,-73.96977,0,0,0,0,4057,-7396,0.3191489361702128
2022-03-28T00:00:00.000,13:00,40.87374,-73.84459,0,0,0,0,4087,-7384,0.47297297297297297
2022-03-31T00:00:00.000,10:00,40.676964,-73.89895,0,0,0,0,4067,-7389,0.33852140077821014
2022-03-30T00:00:00.000,12:52,40.64503,-73.91998,1,0,1,1,4064,-7391,0.39805825242718446
2022-03-27T00:00:00.000,14:23,40.77428,-73.97738,1,0,1,1,4077,-7397,0.38235294117647056
2022-04-01T00:00:00.000,5:50,40.673107,-73.99959,0,0,0,0,4067,-7399,0.3258426966292135
2022-03-30T00:00:00.000,9:22,40.719048,-73.939095,0,0,0,0,4071,-7393,0.2711864406779661
2022-03-30T00:00:00.000,6:39,40.832035,-73.85568,0,0,0,0,4083,-7385,0.30158730158730157
2022-03-31T00:00:00.000,8:00,40.818558,-73.92732,0,0,0,0,4081,-7392,0.4714285714285714
2022-03-30T00:00:00.000,10:55,40.632782,-73.99446,0,0,0,0,4063,-7399,0.47692307692307695
2022-03-30T00:00:00.000,19:59,40.610714,-73.95575,1,0,1,1,4061,-7395,0.4461538461538462
2022-04-01T00:00:00.000,15:30,40.672764,-73.733315,1,0,1,1,4067,-7373,0.46835443037974683
2022-03-31T00:00:00.000,14:39,40.65133,-73.90607,3,0,1,1,4065,-7390,0.375
2022-04-01T00:00:00.000,9:00,40.830917,-73.897865,0,0,0,0,4083,-7389,0.3333333333333333
2021-10-02T00:00:00.000,23:12,0.0,0.0,0,0,0,0,0,0,0.40425531914893614
2022-03-31T00:00:00.000,12:50,40.767384,-73.73461,0,0,0,0,4076,-7373,0.42857142857142855
2022-03-28T00:00:00.000,8:00,40.66322,-73.893654,0,0,0,0,4066,-7389,0.3103448275862069
2022-03-30T00:00:00.000,8:21,40.616753,-74.027756,1,0,1,1,4061,-7402,0.4090909090909091
2022-03-29T00:00:00.000,12:02,40.6568,-73.928,1,0,1,1,4065,-7392,0.35555555555555557
2022-04-01T00:00:00.000,17:43,40.66375,-73.771255,0,0,0,0,4066,-7377,0.37362637362637363
2022-03-30T00:00:00.000,14:15,40.698036,-73.962845,1,0,1,1,4069,-7396,0.325
2022-03-31T00:00:00.000,19:45,40.868988,-73.900505,0,0,0,0,4086,-7390,0.42748091603053434
2022-03-19T00:00:00.000,13:00,40.88794,-73.84526,1,0,1,1,4088,-7384,0.4153846153846154
2022-03-31T00:00:00.000,15:29,40.64804,-73.97199,1,0,1,1,4064,-7397,0.4095238095238095
2022-04-01T00:00:00.000,18:02,40.85406,-73.91936,0,0,0,0,4085,-7391,0.373134328358209
2022-04-01T00:00:00.000,14:45,40.57554,-73.979645,0,0,0,0,4057,-7397,0.2619047619047619
2022-04-01T00:00:00.000,21:40,40.616726,-74.01833,0,0,0,0,4061,-7401,0.2972972972972973
2022-04-01T00:00:00.000,13:30,40.787743,-73.973045,0,0,0,0,4078,-7397,0.3434343434343434
2022-03-29T00:00:00.000,13:40,40.676895,-73.93593,0,0,0,0,4067,-7393,0.3755868544600939
2022-04-01T00:00:00.000,15:17,40.682697,-74.00009,2,0,1,1,4068,-7400,0.3333333333333333
2022-03-29T00:00:00.000,23:08,40.785767,-73.816376,0,0,0,0,4078,-7381,0.22580645161290322
2022-03-31T00:00:00.000,18:00,40.57438,-73.991936,1,0,1,1,4057,-7399,0.32558139534883723
2022-03-31T00:00:00.000,16:00,40.856743,-73.89527,0,0,0,0,4085,-7389,0.3353658536585366
2022-04-01T00:00:00.000,3:19,40.658253,-73.98465,0,0,0,0,4065,-7398,0.2222222222222222
2022-03-30T00:00:00.000,14:55,40.705826,-73.79397,1,0,1,1,4070,-7379,0.3978494623655914
2022-03-31T00:00:00.000,17:00,40.60373,-73.9968,0,0,0,0,4060,-7399,0.31683168316831684
2022-04-01T00:00:00.000,17:01,40.67858,-73.92169,1,0,1,1,4067,-7392,0.39655172413793105
2022-04-01T00:00:00.000,20:08,40.729465,-73.98426,1,0,1,1,4072,-7398,0.4342105263157895
2022-03-29T00:00:00.000,16:25,40.69707,-73.90017,0,0,0,0,4069,-7390,0.29591836734693877
2022-03-31T00:00:00.000,18:15,40.840645,-73.84205,0,0,0,0,4084,-7384,0.4222222222222222
2022-02-23T00:00:00.000,8:45,40.700058,-73.93279,0,0,0,0,4070,-7393,0.3300970873786408
2021-10-02T00:00:00.000,12:20,40.802757,-73.93026,0,0,0,0,4080,-7393,0.36312849162011174
2022-03-31T00:00:00.000,10:46,40.65794,-73.907745,1,0,1,1,4065,-7390,0.375
2022-04-01T00:00:00.000,11:37,40.692123,-73.9847,0,0,0,0,4069,-7398,0.3229166666666667
2022-03-13T00:00:00.000,12:00,40.89466,-73.83863,0,0,0,0,4089,-7383,0.0
2022-03-30T00:00:00.000,8:32,40.680283,-73.85471,2,0,1,1,4068,-7385,0.43103448275862066
2022-03-31T00:00:00.000,8:40,40.66561,-73.73568,1,0,1,1,4066,-7373,0.44339622641509435
2022-04-01T00:00:00.000,6:30,40.750763,-73.97445,0,0,0,0,4075,-7397,0.375886524822695
2022-03-30T00:00:00.000,17:00,40.661198,-73.770966,0,0,0,0,4066,-7377,0.37362637362637363
2022-03-27T00:00:00.000,7:45,40.719902,-74.00031,0,0,0,0,4071,-7400,0.25517241379310346
2022-03-31T00:00:00.000,8:12,40.696297,-73.97716,1,0,1,1,4069,-7397,0.3253012048192771
2022-03-28T00:00:00.000,14:00,40.62427,-73.99255,0,0,0,0,4062,-7399,0.3835616438356164
2022-03-30T00:00:00.000,12:35,40.672314,-73.893036,1,0,1,1,4067,-7389,0.33852140077821014
2022-04-01T00:00:00.000,22:54,40.726437,-74.00566,0,0,0,0,4072,-7400,0.32926829268292684
2022-03-31T00:00:00.000,17:30,40.70569,-73.806145,0,0,0,0,4070,-7380,0.3877551020408163
2022-09-14T00:00:00.000,9:46,40.767326,-73.92986,0,0,0,0,4076,-7392,0.42105263157894735
2022-04-01T00:00:00.000,15:00,40.676968,-73.83527,0,0,0,0,4067,-7383,0.48148148148148145
2022-03-30T00:00:00.000,12:00,40.734074,-73.989075,0,0,0,0,4073,-7398,0.36942675159235666
2022-03-31T00:00:00.000,23:10,40.82967,-73.931076,0,0,0,0,4082,-7393,0.36645962732919257
2022-03-31T00:00:00.000,17:22,40.65814,-73.76765,0,0,0,0,4065,-7376,0.35714285714285715
2022-03-25T00:00:00.000,15:20,40.77131,-73.77835,0,0,0,0,4077,-7377,0.25
2022-03-30T00:00:00.000,15:04,40.71413,-73.834946,0,0,0,0,4071,-7383,0.37349397590361444
2022-03-30T00:00:00.000,7:20,40.697205,-73.81334,0,0,0,0,4069,-7381,0.3902439024390244
2022-03-31T00:00:00.000,1:24,40.634655,-74.132866,0,0,0,0,4063,-7413,0.2903225806451613
2022-03-30T00:00:00.000,8:05,40.80006,-73.93059,0,0,0,0,4080,-7393,0.36312849162011174
2022-04-01T00:00:00.000,10:00,40.739296,-73.78505,0,0,0,0,4073,-7378,0.391304347826087
2022-04-01T00:00:00.000,17:48,40.697926,-73.84067,2,0,1,1,4069,-7384,0.26666666666666666
2021-12-28T00:00:00.000,14:21,40.84681,-73.9083,1,0,1,1,4084,-7390,0.366120218579235
2022-03-31T00:00:00.000,10:58,40.739563,-73.97704,0,0,0,0,4073,-7397,0.32558139534883723
2022-04-01T00:00:00.000,23:45,40.749294,-73.942955,1,0,1,1,4074,-7394,0.33962264150943394
2022-03-17T00:00:00.000,11:58,40.67417,-73.95671,0,0,0,0,4067,-7395,0.3695652173913043
2022-03-31T00:00:00.000,20:30,40.836758,-73.930725,3,0,1,1,4083,-7393,0.3333333333333333
2022-04-01T00:00:00.000,14:35,40.643604,-73.94301,2,0,1,1,4064,-7394,0.42342342342342343
2022-03-31T00:00:00.000,3:22,40.68137,-73.94063,1,0,1,1,4068,-7394,0.4409448818897638
2022-03-30T00:00:00.000,12:41,40.64537,-73.94511,0,0,0,0,4064,-7394,0.42342342342342343
2022-04-01T00:00:00.000,15:40,40.76155,-73.96659,1,0,1,1,4076,-7396,0.3023255813953488
2022-04-01T00:00:00.000,11:15,40.62919,-73.98745,1,0,1,1,4062,-7398,0.38
2022-03-20T00:00:00.000,23:22,40.676094,-73.94992,2,0,1,1,4067,-7394,0.34074074074074073
2022-04-01T00:00:00.000,7:05,40.78393,-73.94423,0,0,0,0,4078,-7394,0.33513513513513515
2022-03-30T00:00:00.000,13:05,40.87987,-73.842026,0,0,0,0,4087,-7384,0.47297297297297297
2022-04-01T00:00:00.000,10:51,40.784454,-73.843056,0,0,0,0,4078,-7384,0.23809523809523808
2022-03-30T00:00:00.000,22:10,40.707436,-74.00407,1,0,1,1,4070,-7400,0.2542372881355932
2022-03-30T00:00:00.000,9:29,40.658836,-73.92046,1,0,1,1,4065,-7392,0.35555555555555557
2022-03-26T00:00:00.000,11:30,40.650146,-74.00508,0,0,0,0,4065,-7400,0.41509433962264153
2022-03-21T00:00:00.000,18:47,40.805836,-73.94691,1,0,1,1,4080,-7394,0.41116751269035534
2022-03-21T00:00:00.000,19:57,40.69757,-73.87144,3,0,1,1,4069,-7387,0.5
2022-03-31T00:00:00.000,19:00,40.84065,-73.91902,0,0,0,0,4084,-7391,0.32558139534883723
2022-04-01T00:00:00.000,6:40,40.67497,-73.96054,0,0,0,0,4067,-7396,0.3466666666666667
2022-03-19T00:00:00.000,23:00,40.760822,-73.99832,1,0,1,1,4076,-7399,0.3275862068965517
2022-04-01T00:00:00.000,19:25,40.605328,-73.990295,1,0,1,1,4060,-7399,0.31683168316831684
2022-03-30T00:00:00.000,8:40,40.863365,-73.909615,0,0,0,0,4086,-7390,0.42748091603053434
2022-04-01T00:00:00.000,15:10,40.567627,-74.11262,0,0,0,0,4056,-7411,0.3448275862068966
2022-03-30T00:00:00.000,0:46,40.760166,-73.83262,0,0,0,0,4076,-7383,0.33695652173913043
2022-03-30T00:00:00.000,21:30,40.821136,-73.86587,0,0,0,0,4082,-7386,0.3493975903614458
2022-03-31T00:00:00.000,18:04,40.63178,-73.945625,0,0,0,0,4063,-7394,0.358974358974359
2022-03-30T00:00:00.000,13:00,40.834385,-73.85388,0,0,0,0,4083,-7385,0.30158730158730157
2022-04-01T00:00:00.000,10:33,40.70026,-73.80868,0,0,0,0,4070,-7380,0.3877551020408163
2022-03-25T00:00:00.000,13:00,40.748814,-73.75656,0,0,0,0,4074,-7375,0.16666666666666666
2022-04-01T00:00:00.000,10:30,40.7518,-73.817314,0,0,0,0,4075,-7381,0.35
2022-03-30T00:00:00.000,15:31,40.685226,-73.91454,2,0,1,1,4068,-7391,0.344
2022-03-30T00:00:00.000,9:40,40.733124,-73.72272,0,0,0,0,4073,-7372,0.3333333333333333
2022-03-31T00:00:00.000,7:55,40.717045,-73.94076,0,0,0,0,4071,-7394,0.3710691823899371
2022-04-01T00:00:00.000,6:42,40.866383,-73.88515,2,0,1,1,4086,-7388,0.23943661971830985
2022-03-30T00:00:00.000,14:18,40.60323,-74.09261,0,0,0,0,4060,-7409,0.36363636363636365
2022-03-31T00:00:00.000,2:30,40.845108,-73.913025,0,0,0,0,4084,-7391,0.32558139534883723
2022-03-31T00:00:00.000,17:00,40.61139,-74.03648,0,0,0,0,4061,-7403,0.2777777777777778
2022-04-01T00:00:00.000,20:29,40.81728,-73.938545,0,0,0,0,4081,-7393,0.32432432432432434
2022-03-30T00:00:00.000,1:10,40.845467,-73.92813,0,0,0,0,4084,-7392,0.3181818181818182
2022-03-31T00:00:00.000,16:46,40.681484,-73.84788,1,0,1,1,4068,-7384,0.3333333333333333
2022-04-01T00:00:00.000,1:54,40.843246,-73.94505,0,0,0,0,4084,-7394,0.17543859649122806
2022-03-31T00:00:00.000,0:00,40.66742,-73.897644,0,0,0,0,4066,-7389,0.3103448275862069
2022-03-31T00:00:00.000,9:44,40.60058,-73.99161,1,0,1,1,4060,-7399,0.31683168316831684
2022-04-01T00:00:00.000,15:30,40.730633,-73.871635,0,0,0,0,4073,-7387,0.3140495867768595
2022-03-31T00:00:00.000,4:24,40.815132,-73.886444,0,0,0,0,4081,-7388,0.25471698113207547
2021-05-03T00:00:00.000,11:19,40.75167,-73.94188,1,0,1,1,4075,-7394,0.41333333333333333
2021-05-27T00:00:00.000,20:32,40.764034,-73.74351,1,0,1,1,4076,-7374,0.46153846153846156
2021-05-28T00:00:00.000,3:53,40.733597,-73.91062,0,0,0,0,4073,-7391,0.33962264150943394
2021-05-27T00:00:00.000,11:54,40.8359,-73.890396,1,0,1,1,4083,-7389,0.3333333333333333
2021-05-27T00:00:00.000,19:50,40.697403,-73.80536,0,0,0,0,4069,-7380,0.38461538461538464
2021-05-28T00:00:00.000,16:39,40.593796,-74.135445,0,0,0,0,4059,-7413,0.0
2021-05-23T00:00:00.000,0:30,40.83164,-73.930115,0,0,0,0,4083,-7393,0.3333333333333333
2021-05-30T00:00:00.000,12:00,40.60501,-73.95248,0,0,0,0,4060,-7395,0.4791666666666667
2021-05-30T00:00:00.000,0:30,40.556,-74.19475,1,0,1,1,4055,-7419,0.36363636363636365
2021-05-30T00:00:00.000,22:12,40.825573,-73.918465,0,0,0,0,4082,-7391,0.3355263157894737
2022-04-01T00:00:00.000,17:15,40.774563,-73.9126,0,0,0,0,4077,-7391,0.3157894736842105
2021-05-30T00:00:00.000,1:05,40.71081,-73.792786,0,0,0,0,4071,-7379,0.3888888888888889
2021-05-30T00:00:00.000,19:30,40.613644,-73.957275,0,0,0,0,4061,-7395,0.4461538461538462
2021-05-30T00:00:00.000,17:42,40.61448,-73.92641,0,0,0,0,4061,-7392,0.2982456140350877
2021-05-30T00:00:00.000,12:31,40.84631,-73.91947,1,0,1,1,4084,-7391,0.32558139534883723
2021-05-24T00:00:00.000,7:20,40.757378,-73.92691,2,0,1,1,4075,-7392,0.48148148148148145
2021-05-30T00:00:00.000,4:40,40.6228,-74.02836,0,0,0,0,4062,-7402,0.3625
2021-05-30T00:00:00.000,8:20,40.798622,-73.94163,1,0,1,1,4079,-7394,0.3523809523809524
2021-05-27T00:00:00.000,3:30,40.787117,-73.94793,0,0,0,0,4078,-7394,0.33513513513513515
2021-05-30T00:00:00.000,1:25,40.61642,-73.97445,0,0,0,0,4061,-7397,0.421875
2021-05-30T00:00:00.000,0:00,40.700768,-73.81019,0,0,0,0,4070,-7381,0.3194444444444444
2021-05-30T00:00:00.000,12:00,40.661396,-73.89277,0,0,0,0,4066,-7389,0.3103448275862069
2021-05-30T00:00:00.000,17:39,40.753628,-73.718445,0,0,0,0,4075,-7371,0.0
2021-05-27T00:00:00.000,11:46,0.0,0.0,1,0,1,1,0,0,0.40425531914893614
2021-05-30T00:00:00.000,11:23,40.724895,-73.89214,0,0,0,0,4072,-7389,0.41379310344827586
2021-05-30T00:00:00.000,5:08,40.7447,-73.82718,0,0,0,0,4074,-7382,0.4057971014492754
2021-05-30T00:00:00.000,2:00,40.67774,-73.79755,0,0,0,0,4067,-7379,0.4264705882352941
2021-05-30T00:00:00.000,6:30,40.786423,-73.82394,0,0,0,0,4078,-7382,0.3
2021-05-30T00:00:00.000,20:00,40.632744,-73.88367,0,0,0,0,4063,-7388,0.3835616438356164
2021-05-30T00:00:00.000,9:00,40.744846,-73.835686,0,0,0,0,4074,-7383,0.4067796610169492
2021-05-24T00:00:00.000,10:00,40.61269,-73.982666,0,0,0,0,4061,-7398,0.3698630136986301
2021-05-30T00:00:00.000,18:20,40.76501,-73.8871,0,0,0,0,4076,-7388,0.43283582089552236
2021-05-30T00:00:00.000,13:40,40.814705,-73.92453,4,0,1,1,4081,-7392,0.4714285714285714
2021-05-25T00:00:00.000,22:40,40.75114,-73.9345,1,0,1,1,4075,-7393,0.43478260869565216
2021-05-30T00:00:00.000,18:30,40.65662,-73.889175,0,0,0,0,4065,-7388,0.41509433962264153
2021-05-28T00:00:00.000,7:20,40.768627,-73.93583,1,0,1,1,4076,-7393,0.44680851063829785
2021-05-30T00:00:00.000,5:50,40.740467,-73.97295,1,0,1,1,4074,-7397,0.4810810810810811
2021-05-30T00:00:00.000,17:56,40.644955,-73.92113,0,0,0,0,4064,-7392,0.4077669902912621
2021-05-30T00:00:00.000,16:46,40.740185,-73.986374,1,0,1,1,4074,-7398,0.40131578947368424
2021-05-30T00:00:00.000,11:20,40.675938,-73.86823,1,0,1,1,4067,-7386,0.3431372549019608
2021-05-29T00:00:00.000,10:00,40.739353,-73.78614,0,0,0,0,4073,-7378,0.391304347826087
2021-05-30T00:00:00.000,21:06,40.68983,-73.97863,0,0,0,0,4068,-7397,0.3412322274881517
2021-05-30T00:00:00.000,16:15,40.757782,-73.9165,0,0,0,0,4075,-7391,0.4777777777777778
2021-05-30T00:00:00.000,15:54,40.839832,-73.92392,0,0,0,0,4083,-7392,0.310126582278481
2021-05-30T00:00:00.000,11:45,40.74562,-73.85953,0,0,0,0,4074,-7385,0.35526315789473684
2021-05-30T00:00:00.000,1:30,40.644753,-73.92493,2,0,1,1,4064,-7392,0.4077669902912621
2021-05-30T00:00:00.000,0:10,40.696117,-73.905014,1,0,1,1,4069,-7390,0.29591836734693877
2021-05-30T00:00:00.000,20:00,40.699024,-73.91623,1,0,1,1,4069,-7391,0.2709677419354839
2021-05-24T00:00:00.000,15:19,40.72603,-73.870155,1,0,1,1,4072,-7387,0.5714285714285714
2021-05-30T00:00:00.000,10:00,40.66656,-73.93921,0,0,0,0,4066,-7393,0.38578680203045684
2021-05-30T00:00:00.000,2:30,40.755302,-73.86811,0,0,0,0,4075,-7386,0.33653846153846156
2021-05-28T00:00:00.000,9:00,40.806965,-73.952866,0,0,0,0,4080,-7395,0.381294964028777
2021-05-30T00:00:00.000,18:11,40.828407,-73.84392,1,0,1,1,4082,-7384,0.3835616438356164
2021-05-30T00:00:00.000,19:30,40.74479,-73.91743,0,0,0,0,4074,-7391,0.38333333333333336
2021-05-30T00:00:00.000,18:50,40.724693,-73.7541,0,0,0,0,4072,-7375,0.2727272727272727
2021-05-30T00:00:00.000,21:04,40.70212,-73.90959,1,0,1,1,4070,-7390,0.37894736842105264
2021-05-30T00:00:00.000,13:37,40.78318,-73.94362,0,0,0,0,4078,-7394,0.33513513513513515
2021-05-30T00:00:00.000,20:28,40.822834,-73.941925,1,0,1,1,4082,-7394,0.3812154696132597
2021-05-30T00:00:00.000,16:05,40.77263,-73.95744,0,0,0,0,4077,-7395,0.3384615384615385
2021-05-30T00:00:00.000,6:15,40.81777,-73.85728,0,0,0,0,4081,-7385,0.30434782608695654
2021-05-30T00:00:00.000,4:00,40.67875,-73.8205,4,0,1,1,4067,-7382,0.4186046511627907
2022-03-21T00:00:00.000,9:20,40.681828,-73.90467,0,0,0,0,4068,-7390,0.4421052631578947
2021-05-23T00:00:00.000,12:47,40.82142,-73.891685,0,0,0,0,4082,-7389,0.37423312883435583
2021-05-30T00:00:00.000,0:11,40.769485,-73.91503,0,0,0,0,4076,-7391,0.40476190476190477
2021-05-28T00:00:00.000,7:55,40.63234,-74.02834,0,0,0,0,4063,-7402,0.3877551020408163
2021-05-30T00:00:00.000,18:37,40.861862,-73.91282,1,0,1,1,4086,-7391,0.38016528925619836
2021-05-16T00:00:00.000,8:33,40.70194,-73.9086,0,0,0,0,4070,-7390,0.37894736842105264
2021-05-26T00:00:00.000,16:30,40.80928,-73.949036,0,0,0,0,4080,-7394,0.41116751269035534
2021-05-30T00:00:00.000,2:40,40.830757,-73.88852,0,0,0,0,4083,-7388,0.26717557251908397
2021-05-29T00:00:00.000,15:00,40.57912,-74.13289,0,0,0,0,4057,-7413,0.125
2021-05-30T00:00:00.000,18:00,40.660328,-73.73935,0,0,0,0,4066,-7373,0.44339622641509435
2021-05-30T00:00:00.000,8:20,40.83609,-73.87039,0,0,0,0,4083,-7387,0.38414634146341464
2021-05-30T00:00:00.000,14:40,40.66943,-73.986084,0,0,0,0,4066,-7398,0.421875
2021-05-25T00:00:00.000,15:06,40.75588,-73.92371,0,0,0,0,4075,-7392,0.48148148148148145
2021-05-30T00:00:00.000,18:56,40.758865,-73.98488,0,0,0,0,4075,-7398,0.3170731707317073
2021-05-30T00:00:00.000,23:49,40.834507,-73.91772,0,0,0,0,4083,-7391,0.33714285714285713
2021-05-27T00:00:00.000,4:50,40.828316,-73.93118,1,0,1,1,4082,-7393,0.36645962732919257
2021-05-30T00:00:00.000,0:30,40.744133,-73.88008,0,0,0,0,4074,-7388,0.2978723404255319
2021-05-30T00:00:00.000,13:59,40.713627,-73.91545,1,0,1,1,4071,-7391,0.1836734693877551
2021-05-30T00:00:00.000,21:10,40.697117,-73.74839,0,0,0,0,4069,-7374,0.46774193548387094
2021-05-30T00:00:00.000,15:50,40.610214,-73.94371,0,0,0,0,4061,-7394,0.48484848484848486
2021-05-14T00:00:00.000,8:50,40.770527,-73.92731,0,0,0,0,4077,-7392,0.3269230769230769
2021-05-30T00:00:00.000,12:55,40.73771,-73.974266,1,0,1,1,4073,-7397,0.32558139534883723
2021-05-30T00:00:00.000,13:45,40.679592,-73.94126,0,0,0,0,4067,-7394,0.34074074074074073
2021-05-30T00:00:00.000,20:00,40.6992,-73.92309,0,0,0,0,4069,-7392,0.3584905660377358
2021-05-30T00:00:00.000,13:50,40.83214,-73.92729,1,0,1,1,4083,-7392,0.310126582278481
2021-05-30T00:00:00.000,20:45,40.73283,-73.97415,0,0,0,0,4073,-7397,0.32558139534883723
2021-05-29T00:00:00.000,8:58,40.692394,-73.967674,0,0,0,0,4069,-7396,0.325
2021-05-30T00:00:00.000,18:57,40.777855,-73.981964,0,0,0,0,4077,-7398,0.38028169014084506
2021-05-29T00:00:00.000,22:30,40.833233,-73.8282,0,0,0,0,4083,-7382,0.44680851063829785
2021-05-30T00:00:00.000,12:45,40.755756,-73.96479,0,0,0,0,4075,-7396,0.4788732394366197
2021-05-30T00:00:00.000,13:07,40.871334,-73.86139,0,0,0,0,4087,-7386,0.3142857142857143
2021-05-25T00:00:00.000,13:00,40.76099,-73.99077,0,0,0,0,4076,-7399,0.3275862068965517
2021-05-30T00:00:00.000,17:05,40.678955,-73.86516,1,0,1,1,4067,-7386,0.3431372549019608
2021-05-30T00:00:00.000,1:40,40.69103,-73.78079,2,0,1,1,4069,-7378,0.29310344827586204
2021-05-30T00:00:00.000,14:15,40.77077,-73.91727,0,0,0,0,4077,-7391,0.3157894736842105
2021-05-30T00:00:00.000,17:49,40.781673,-73.84662,0,0,0,0,4078,-7384,0.23809523809523808
2021-05-30T00:00:00.000,16:41,40.629143,-73.923134,1,0,1,1,4062,-7392,0.3611111111111111
2021-05-30T00:00:00.000,15:35,40.669575,-73.88858,0,0,0,0,4066,-7388,0.37012987012987014
2021-05-30T00:00:00.000,23:30,40.755554,-73.885376,0,0,0,0,4075,-7388,0.3402061855670103
2021-05-30T00:00:00.000,2:15,40.80843,-73.923386,0,0,0,0,4080,-7392,0.3141025641025641
2021-05-25T00:00:00.000,8:10,40.768414,-73.99097,0,0,0,0,4076,-7399,0.3275862068965517
2021-05-30T00:00:00.000,13:28,40.582977,-73.98042,2,0,1,1,4058,-7398,0.4
2021-05-26T00:00:00.000,9:03,40.62051,-73.99248,1,0,1,1,4062,-7399,0.3835616438356164
2021-05-29T00:00:00.000,20:40,40.651176,-73.94165,0,0,0,0,4065,-7394,0.43137254901960786
2021-05-30T00:00:00.000,8:35,40.861862,-73.91282,0,0,0,0,4086,-7391,0.38016528925619836
2021-05-30T00:00:00.000,22:35,40.68844,-73.741585,0,0,0,0,4068,-7374,0.29411764705882354
2021-05-30T00:00:00.000,0:00,40.778595,-73.8469,0,0,0,0,4077,-7384,0.125
2021-05-30T00:00:00.000,18:30,40.80808,-73.92838,0,0,0,0,4080,-7392,0.3141025641025641
2021-05-30T00:00:00.000,13:27,40.692905,-73.895256,0,0,0,0,4069,-7389,0.3709677419354839
2021-05-30T00:00:00.000,3:10,40.691635,-73.800026,0,0,0,0,4069,-7380,0.38461538461538464
2021-05-30T00:00:00.000,15:15,40.83613,-73.88987,1,0,1,1,4083,-7388,0.26717557251908397
2021-05-30T00:00:00.000,1:24,40.689236,-73.82852,0,0,0,0,4068,-7382,0.41975308641975306
2021-05-28T00:00:00.000,16:00,40.80034,-73.94789,0,0,0,0,4080,-7394,0.41116751269035534
2021-05-30T00:00:00.000,12:00,40.725624,-73.995514,0,0,0,0,4072,-7399,0.3829787234042553
2021-05-29T00:00:00.000,15:03,40.827656,-73.8861,0,0,0,0,4082,-7388,0.27624309392265195
2021-05-30T00:00:00.000,0:15,40.780224,-73.80255,0,0,0,0,4078,-7380,0.30434782608695654
2021-04-29T00:00:00.000,19:00,40.723156,-73.908485,0,0,0,0,4072,-7390,0.2978723404255319
2021-05-30T00:00:00.000,14:51,40.81109,-73.95334,2,0,1,1,4081,-7395,0.3509933774834437
2021-05-30T00:00:00.000,15:50,40.652954,-73.944466,0,0,0,0,4065,-7394,0.43137254901960786
2021-05-30T00:00:00.000,3:57,40.634018,-73.94758,1,0,1,1,4063,-7394,0.358974358974359
2021-05-30T00:00:00.000,19:10,40.747334,-73.955055,1,0,1,1,4074,-7395,0.35185185185185186
2021-05-30T00:00:00.000,14:25,40.746906,-73.86371,0,0,0,0,4074,-7386,0.3813559322033898
2021-05-30T00:00:00.000,18:30,40.66235,-73.95082,0,0,0,0,4066,-7395,0.44375
2021-05-30T00:00:00.000,1:26,40.691895,-73.77822,0,0,0,0,4069,-7377,0.35135135135135137
2021-05-30T00:00:00.000,15:38,40.635803,-74.017624,0,0,0,0,4063,-7401,0.37777777777777777
2021-05-29T00:00:00.000,12:15,40.595734,-73.77478,0,0,0,0,4059,-7377,0.2692307692307692
2021-05-30T00:00:00.000,2:25,40.718555,-73.988205,0,0,0,0,4071,-7398,0.39568345323741005
2021-05-30T00:00:00.000,14:00,40.652187,-73.86843,0,0,0,0,4065,-7386,0.36619718309859156
2021-05-30T00:00:00.000,20:35,40.72496,-73.82756,0,0,0,0,4072,-7382,0.45454545454545453
2021-05-12T00:00:00.000,23:53,40.590477,-73.810104,1,0,1,1,4059,-7381,1.0
2021-05-30T00:00:00.000,9:30,40.737194,-73.97447,1,0,1,1,4073,-7397,0.32558139534883723
2021-05-30T00:00:00.000,9:45,40.719833,-73.82624,0,0,0,0,4071,-7382,0.379746835443038
2021-05-30T00:00:00.000,15:45,40.734497,-73.72287,0,0,0,0,4073,-7372,0.3333333333333333
2021-05-30T00:00:00.000,15:30,40.82663,-73.87285,1,0,1,1,4082,-7387,0.33544303797468356
2021-05-20T00:00:00.000,17:55,40.706356,-73.900276,0,0,0,0,4070,-7390,0.37894736842105264
2021-05-28T00:00:00.000,13:23,40.57629,-73.968544,0,0,0,0,4057,-7396,0.3191489361702128
2021-05-30T00:00:00.000,9:15,40.74523,-73.86265,0,0,0,0,4074,-7386,0.3813559322033898
2021-05-30T00:00:00.000,22:07,40.59938,-73.95141,1,0,1,1,4059,-7395,0.3181818181818182
2021-05-30T00:00:00.000,18:00,40.76702,-73.82283,0,0,0,0,4076,-7382,0.2987012987012987
2021-05-30T00:00:00.000,14:00,40.668293,-73.87841,0,0,0,0,4066,-7387,0.38461538461538464
2021-05-28T00:00:00.000,16:25,40.80047,-73.95777,0,0,0,0,4080,-7395,0.381294964028777
2021-05-30T00:00:00.000,0:30,40.595203,-73.75603,1,0,1,1,4059,-7375,0.17777777777777778
2021-05-30T00:00:00.000,14:55,40.66965,-73.978516,0,0,0,0,4066,-7397,0.24390243902439024
2021-05-30T00:00:00.000,19:15,40.683094,-73.80596,1,0,1,1,4068,-7380,0.3829787234042553
2021-05-28T00:00:00.000,12:00,40.843197,-73.881096,1,0,1,1,4084,-7388,0.390625
2021-05-30T00:00:00.000,21:58,40.60981,-73.92251,1,0,1,1,4060,-7392,0.3333333333333333
2021-05-30T00:00:00.000,7:55,40.594616,-73.99743,0,0,0,0,4059,-7399,0.3076923076923077
2021-05-30T00:00:00.000,16:51,40.893814,-73.85873,1,0,1,1,4089,-7385,0.3813559322033898
2021-05-22T00:00:00.000,23:00,40.739872,-74.00066,0,0,0,0,4073,-7400,0.2403846153846154
2021-05-30T00:00:00.000,23:35,40.871834,-73.8775,1,0,1,1,4087,-7387,0.297029702970297
2021-05-30T00:00:00.000,6:59,40.82293,-73.90409,0,0,0,0,4082,-7390,0.3025210084033613
2021-05-28T00:00:00.000,18:15,40.646515,-73.974655,1,0,1,1,4064,-7397,0.4095238095238095
2021-05-30T00:00:00.000,12:36,40.697674,-73.898384,0,0,0,0,4069,-7389,0.3709677419354839
2021-05-30T00:00:00.000,14:00,40.760128,-73.73047,1,0,1,1,4076,-7373,0.42857142857142855
2021-05-27T00:00:00.000,16:48,40.704742,-73.86016,2,0,1,1,4070,-7386,0.38235294117647056
2021-05-30T00:00:00.000,2:59,40.878407,-73.83713,0,0,0,0,4087,-7383,0.3333333333333333
2021-05-30T00:00:00.000,15:15,40.66737,-73.996414,0,0,0,0,4066,-7399,0.40540540540540543
2021-05-27T00:00:00.000,22:50,40.65451,-73.92968,3,0,1,1,4065,-7392,0.35555555555555557
2022-03-28T00:00:00.000,11:00,40.773605,-73.929886,0,0,0,0,4077,-7392,0.3269230769230769
2021-05-30T00:00:00.000,23:05,40.895267,-73.86157,1,0,1,1,4089,-7386,0.28205128205128205
2021-05-30T00:00:00.000,2:20,40.686592,-73.868,0,0,0,0,4068,-7386,0.423728813559322
2021-05-27T00:00:00.000,7:05,40.753677,-73.914474,0,0,0,0,4075,-7391,0.4777777777777778
2021-05-30T00:00:00.000,17:00,40.749084,-73.87025,0,0,0,0,4074,-7387,0.25663716814159293
2021-05-30T00:00:00.000,1:36,40.801765,-73.93723,1,0,1,1,4080,-7393,0.36312849162011174
2021-05-19T00:00:00.000,20:20,40.701103,-73.89088,0,0,0,0,4070,-7389,0.2711864406779661
2021-05-30T00:00:00.000,23:00,40.68888,-73.960014,1,0,1,1,4068,-7396,0.42567567567567566
2021-05-30T00:00:00.000,20:10,40.605274,-73.75516,0,0,0,0,4060,-7375,0.17117117117117117
2021-05-30T00:00:00.000,1:00,40.74835,-73.967865,0,0,0,0,4074,-7396,0.7
2021-05-29T00:00:00.000,1:00,40.639996,-74.02312,0,0,0,0,4063,-7402,0.3877551020408163
2021-05-29T00:00:00.000,20:40,40.8068,-73.94993,0,0,0,0,4080,-7394,0.41116751269035534
2021-05-30T00:00:00.000,1:55,40.77077,-73.91727,0,0,0,0,4077,-7391,0.3157894736842105
2021-05-30T00:00:00.000,14:50,40.749638,-73.99905,0,0,0,0,4074,-7399,0.3333333333333333
2021-05-30T00:00:00.000,0:28,40.65156,-73.93428,0,0,0,0,4065,-7393,0.44366197183098594
2021-05-30T00:00:00.000,10:52,40.832573,-73.91052,0,0,0,0,4083,-7391,0.33714285714285713
2021-05-25T00:00:00.000,13:20,40.68064,-73.95338,0,0,0,0,4068,-7395,0.38571428571428573
2021-05-30T00:00:00.000,13:50,40.71226,-73.96395,0,0,0,0,4071,-7396,0.3218390804597701
2021-05-30T00:00:00.000,23:41,40.83351,-73.85809,0,0,0,0,4083,-7385,0.30158730158730157
2021-05-30T00:00:00.000,16:41,40.76615,-73.919785,1,0,1,1,4076,-7391,0.40476190476190477
2021-05-30T00:00:00.000,7:30,40.66216,-73.87284,0,0,0,0,4066,-7387,0.38461538461538464
2021-05-30T00:00:00.000,6:45,40.64721,-74.01531,0,0,0,0,4064,-7401,0.4295774647887324
2021-05-30T00:00:00.000,14:22,40.620903,-74.006805,0,0,0,0,4062,-7400,0.3150684931506849
2021-05-30T00:00:00.000,9:30,40.63222,-73.88793,0,0,0,0,4063,-7388,0.3835616438356164
2021-05-30T00:00:00.000,17:30,40.68541,-73.87274,0,0,0,0,4068,-7387,0.24719101123595505
2021-05-30T00:00:00.000,5:39,40.728035,-73.97183,0,0,0,0,4072,-7397,0.3283582089552239
2021-05-26T00:00:00.000,13:00,40.739113,-73.88975,2,0,1,1,4073,-7388,0.2777777777777778
2021-05-30T00:00:00.000,16:00,40.62734,-73.94126,0,0,0,0,4062,-7394,0.41379310344827586
2021-05-30T00:00:00.000,12:43,40.730553,-74.010376,1,0,1,1,4073,-7401,0.42857142857142855
2021-05-30T00:00:00.000,10:40,40.625584,-74.0818,0,0,0,0,4062,-7408,0.2
2021-05-30T00:00:00.000,19:47,40.682,-73.96867,0,1,2,1,4068,-7396,0.42567567567567566
2021-05-30T00:00:00.000,12:15,40.59626,-73.76773,1,0,1,1,4059,-7376,0.23809523809523808
2021-05-30T00:00:00.000,0:50,40.64509,-74.07733,0,0,0,0,4064,-7407,0.2222222222222222
2021-05-30T00:00:00.000,23:50,40.83348,-73.85851,0,0,0,0,4083,-7385,0.30158730158730157
2021-05-30T00:00:00.000,16:10,40.81245,-73.96065,0,0,0,0,4081,-7396,0.2222222222222222
2021-05-30T00:00:00.000,17:45,40.669228,-73.8962,1,0,1,1,4066,-7389,0.3103448275862069
2021-05-30T00:00:00.000,10:05,40.79722,-73.96993,0,0,0,0,4079,-7396,0.25
2021-05-30T00:00:00.000,22:05,40.66434,-73.93155,1,0,1,1,4066,-7393,0.38578680203045684
2021-05-30T00:00:00.000,15:55,40.726135,-73.76318,0,0,0,0,4072,-7376,0.5
2021-05-30T00:00:00.000,6:15,40.67613,-73.884865,1,0,1,1,4067,-7388,0.30434782608695654
2021-05-30T00:00:00.000,16:00,40.62734,-73.94126,0,0,0,0,4062,-7394,0.41379310344827586
2021-05-28T00:00:00.000,21:00,40.721054,-73.8552,1,0,1,1,4072,-7385,0.4418604651162791
2021-05-25T00:00:00.000,18:30,40.71896,-74.00128,1,0,1,1,4071,-7400,0.25517241379310346
2021-05-30T00:00:00.000,5:12,40.747993,-73.86519,0,0,0,0,4074,-7386,0.3813559322033898
2021-05-30T00:00:00.000,19:45,40.67885,-73.978806,0,0,0,0,4067,-7397,0.2818181818181818
2021-05-17T00:00:00.000,20:00,40.683807,-73.92291,0,0,0,0,4068,-7392,0.2542372881355932
2021-05-25T00:00:00.000,8:45,40.872078,-73.9296,0,0,0,0,4087,-7392,0.0
2021-05-30T00:00:00.000,3:30,40.724274,-73.99082,0,0,0,0,4072,-7399,0.3829787234042553
2021-05-30T00:00:00.000,5:20,40.709854,-73.89826,0,0,0,0,4070,-7389,0.2711864406779661
2021-05-30T00:00:00.000,10:40,40.7785,-73.77644,0,0,0,0,4077,-7377,0.25
2021-05-28T00:00:00.000,23:45,40.8396,-73.929474,1,0,1,1,4083,-7392,0.310126582278481
2021-05-30T00:00:00.000,22:20,40.834312,-73.85792,1,0,1,1,4083,-7385,0.30158730158730157
2021-05-30T00:00:00.000,11:15,40.83238,-73.940895,0,0,0,0,4083,-7394,0.38926174496644295
2021-05-30T00:00:00.000,15:45,40.584064,-73.91971,4,0,1,1,4058,-7391,0.3888888888888889
2021-05-30T00:00:00.000,21:48,40.635258,-73.92745,0,0,0,0,4063,-7392,0.4036697247706422
2021-05-30T00:00:00.000,10:07,40.873062,-73.91177,0,0,0,0,4087,-7391,0.25925925925925924
2021-05-30T00:00:00.000,13:50,40.661568,-73.95073,2,0,1,1,4066,-7395,0.44375
2021-05-30T00:00:00.000,4:50,40.838963,-73.90484,0,0,0,0,4083,-7390,0.3064516129032258
2021-05-30T00:00:00.000,20:34,40.861744,-73.911804,1,0,1,1,4086,-7391,0.38016528925619836
2021-05-30T00:00:00.000,20:00,40.82304,-73.88193,0,0,0,0,4082,-7388,0.27624309392265195
2021-05-26T00:00:00.000,19:30,40.80876,-73.944786,1,0,1,1,4080,-7394,0.41116751269035534
2021-05-23T00:00:00.000,21:50,40.603615,-74.06931,0,0,0,0,4060,-7406,0.3076923076923077
2021-05-30T00:00:00.000,23:35,40.692055,-73.982544,1,0,1,1,4069,-7398,0.3229166666666667
2021-05-30T00:00:00.000,21:50,40.646923,-73.94818,1,0,1,1,4064,-7394,0.42342342342342343
2021-05-30T00:00:00.000,1:30,40.66937,-73.89523,3,0,1,1,4066,-7389,0.3103448275862069
2021-05-30T00:00:00.000,6:16,40.64953,-73.91633,1,0,1,1,4064,-7391,0.39805825242718446
2021-05-30T00:00:00.000,17:45,40.74683,-74.002174,2,0,1,1,4074,-7400,0.27710843373493976
2021-05-24T00:00:00.000,7:30,40.77072,-73.95297,0,0,0,0,4077,-7395,0.3384615384615385
2021-05-30T00:00:00.000,20:05,40.649193,-73.88768,0,0,0,0,4064,-7388,0.3225806451612903
2021-05-30T00:00:00.000,11:00,40.639763,-73.958015,1,0,1,1,4063,-7395,0.48484848484848486
2021-05-30T00:00:00.000,15:00,40.83427,-73.94537,0,0,0,0,4083,-7394,0.38926174496644295
2021-05-23T00:00:00.000,11:42,40.759884,-73.9368,1,0,1,1,4075,-7393,0.43478260869565216
2021-05-30T00:00:00.000,6:17,40.68821,-73.83086,0,0,0,0,4068,-7383,0.45454545454545453
2021-05-30T00:00:00.000,9:47,40.624294,-74.13724,5,0,1,1,4062,-7413,0.4074074074074074
2021-05-29T00:00:00.000,18:30,40.758305,-74.000145,3,0,1,1,4075,-7400,0.3888888888888889
2021-05-30T00:00:00.000,18:40,40.713398,-73.95641,1,0,1,1,4071,-7395,0.36585365853658536
2021-05-29T00:00:00.000,5:43,40.825504,-73.886086,0,0,0,0,4082,-7388,0.27624309392265195
2021-05-30T00:00:00.000,1:28,40.644917,-73.894325,2,0,1,1,4064,-7389,0.43478260869565216
2021-05-30T00:00:00.000,23:50,40.799984,-73.944855,0,0,0,0,4079,-7394,0.3523809523809524
2021-05-30T00:00:00.000,13:53,40.718636,-73.959015,0,0,0,0,4071,-7395,0.36585365853658536
2021-05-30T00:00:00.000,19:05,40.868813,-73.838234,0,0,0,0,4086,-7383,0.3448275862068966
2021-05-25T00:00:00.000,12:50,40.7632,-73.92109,1,0,1,1,4076,-7392,0.42105263157894735
2021-05-30T00:00:00.000,11:20,40.857105,-73.90936,0,0,0,0,4085,-7390,0.42207792207792205
2021-05-30T00:00:00.000,15:57,40.772373,-73.96079,1,0,1,1,4077,-7396,0.3695652173913043
2021-05-30T00:00:00.000,4:09,40.83232,-73.87395,0,1,2,1,4083,-7387,0.38414634146341464
2021-05-30T00:00:00.000,3:21,40.658913,-73.90119,0,0,0,0,4065,-7390,0.375
2021-05-30T00:00:00.000,11:00,40.85687,-73.93477,1,0,1,1,4085,-7393,0.36585365853658536
2021-05-25T00:00:00.000,11:30,40.827103,-73.94997,1,0,1,1,4082,-7394,0.3812154696132597
2021-05-30T00:00:00.000,20:07,40.728024,-73.74764,0,0,0,0,4072,-7374,0.44
2021-05-30T00:00:00.000,11:11,40.62579,-74.00119,0,0,0,0,4062,-7400,0.3150684931506849
2021-05-30T00:00:00.000,22:15,40.727673,-73.70845,0,0,0,0,4072,-7370,0.0
2021-05-30T00:00:00.000,10:48,40.809692,-73.94409,0,0,0,0,4080,-7394,0.41116751269035534
2021-05-30T00:00:00.000,0:30,40.740273,-73.89586,3,0,1,1,4074,-7389,0.3203125
2021-05-15T00:00:00.000,23:35,40.74006,-73.789894,0,0,0,0,4074,-7378,0.43478260869565216
2021-05-30T00:00:00.000,17:40,40.808376,-73.93874,0,0,0,0,4080,-7393,0.36312849162011174
2021-05-30T00:00:00.000,15:10,40.679253,-73.81871,0,0,0,0,4067,-7381,0.4230769230769231
2021-05-30T00:00:00.000,22:20,40.650517,-73.92359,1,0,1,1,4065,-7392,0.35555555555555557
2021-05-03T00:00:00.000,4:10,40.713287,-73.87163,1,0,1,1,4071,-7387,0.5652173913043478
2021-05-22T00:00:00.000,17:35,40.643635,-73.975555,1,0,1,1,4064,-7397,0.4095238095238095
2021-05-30T00:00:00.000,6:25,40.739574,-73.79167,0,0,0,0,4073,-7379,0.4
2022-03-26T00:00:00.000,19:15,40.848118,-73.93089,3,0,1,1,4084,-7393,0.32786885245901637
2022-03-11T00:00:00.000,15:48,40.524017,-74.23921,1,0,1,1,4052,-7423,0.3333333333333333
2022-03-25T00:00:00.000,9:42,40.7509,-73.99812,0,0,0,0,4075,-7399,0.2830188679245283
2022-03-29T00:00:00.000,9:23,40.690907,-73.95542,1,0,1,1,4069,-7395,0.30952380952380953
2022-03-30T00:00:00.000,14:41,40.75303,-73.92163,2,0,1,1,4075,-7392,0.48148148148148145
2022-03-31T00:00:00.000,18:40,40.618443,-73.9694,0,0,0,0,4061,-7396,0.30666666666666664
2022-04-01T00:00:00.000,23:40,40.698807,-73.91837,0,0,0,0,4069,-7391,0.2709677419354839
2022-04-01T00:00:00.000,22:45,40.582977,-73.98042,2,0,1,1,4058,-7398,0.4
2022-03-31T00:00:00.000,14:50,40.763718,-73.975746,0,0,0,0,4076,-7397,0.37
2020-04-01T00:00:00.000,9:10,40.823177,-73.842705,0,0,0,0,4082,-7384,0.3835616438356164
2022-03-29T00:00:00.000,10:30,40.747635,-73.904335,0,0,0,0,4074,-7390,0.40625
2022-03-23T00:00:00.000,8:48,40.66223,-73.929146,0,0,0,0,4066,-7392,0.355
2022-04-01T00:00:00.000,17:54,40.853027,-73.91827,0,0,0,0,4085,-7391,0.373134328358209
2022-04-01T00:00:00.000,15:10,40.883633,-73.88517,2,0,1,1,4088,-7388,0.42857142857142855
2022-03-26T00:00:00.000,19:20,40.749428,-73.880455,0,0,0,0,4074,-7388,0.2978723404255319
2022-03-30T00:00:00.000,11:15,40.761486,-73.96061,0,0,0,0,4076,-7396,0.3023255813953488
2022-03-30T00:00:00.000,9:15,40.639854,-73.983505,0,0,0,0,4063,-7398,0.4827586206896552
2022-03-30T00:00:00.000,10:50,40.748287,-73.99008,0,0,0,0,4074,-7399,0.3333333333333333
2022-03-31T00:00:00.000,0:49,40.678165,-73.890785,2,0,1,1,4067,-7389,0.33852140077821014
2022-03-31T00:00:00.000,20:45,40.87316,-73.87476,0,0,0,0,4087,-7387,0.297029702970297
2022-03-30T00:00:00.000,8:15,40.698086,-73.7396,0,0,0,0,4069,-7373,0.36585365853658536
2022-03-31T00:00:00.000,10:10,40.868572,-73.84522,0,0,0,0,4086,-7384,0.17857142857142858
2022-03-21T00:00:00.000,5:53,40.6803,-73.93454,1,0,1,1,4068,-7393,0.3619047619047619
2022-04-01T00:00:00.000,2:30,40.71602,-73.77955,0,0,0,0,4071,-7377,0.20967741935483872
2022-03-30T00:00:00.000,18:00,40.631073,-74.00998,0,0,0,0,4063,-7400,0.3068181818181818
2022-03-28T00:00:00.000,14:15,40.65217,-73.96141,0,0,0,0,4065,-7396,0.3939393939393939
2022-03-30T00:00:00.000,3:55,40.665733,-73.755585,0,0,0,0,4066,-7375,0.3
2022-03-25T00:00:00.000,3:10,40.685375,-73.95433,0,0,0,0,4068,-7395,0.38571428571428573
2022-03-31T00:00:00.000,13:54,40.764366,-73.99496,0,0,0,0,4076,-7399,0.3275862068965517
2022-03-30T00:00:00.000,7:11,40.76199,-73.86934,0,0,0,0,4076,-7386,0.40298507462686567
2022-03-31T00:00:00.000,6:30,40.811638,-73.9316,1,0,1,1,4081,-7393,0.32432432432432434
2022-03-30T00:00:00.000,21:33,40.7651,-73.93149,0,0,0,0,4076,-7393,0.44680851063829785
2022-04-01T00:00:00.000,9:34,40.710285,-73.95041,0,0,0,0,4071,-7395,0.36585365853658536
2022-04-01T00:00:00.000,22:30,40.732944,-73.86667,0,0,0,0,4073,-7386,0.3464566929133858
2022-03-27T00:00:00.000,15:21,40.721184,-74.00134,0,0,0,0,4072,-7400,0.32926829268292684
2022-03-31T00:00:00.000,21:30,40.756557,-73.986115,1,0,1,1,4075,-7398,0.3170731707317073
2022-04-01T00:00:00.000,6:56,40.515675,-74.23762,0,0,0,0,4051,-7423,0.0625
2022-03-30T00:00:00.000,5:25,40.66008,-73.774155,1,0,1,1,4066,-7377,0.37362637362637363
2022-03-31T00:00:00.000,4:05,40.62621,-73.927666,5,0,1,1,4062,-7392,0.3611111111111111
2022-04-01T00:00:00.000,3:00,40.672855,-73.87131,0,0,0,0,4067,-7387,0.30344827586206896
2022-04-01T00:00:00.000,11:05,40.771305,-73.87664,1,0,1,1,4077,-7387,0.35714285714285715
2022-04-01T00:00:00.000,8:33,40.691193,-73.99777,1,0,1,1,4069,-7399,0.29473684210526313
2022-03-30T00:00:00.000,12:00,40.72631,-74.0075,0,0,0,0,4072,-7400,0.32926829268292684
2022-03-30T00:00:00.000,7:50,40.609417,-73.9677,1,0,1,1,4060,-7396,0.5714285714285714
2022-03-28T00:00:00.000,7:15,40.779434,-73.94752,0,0,0,0,4077,-7394,0.28
2022-03-29T00:00:00.000,22:40,40.695217,-73.93749,0,0,0,0,4069,-7393,0.3141025641025641
2022-04-01T00:00:00.000,17:25,40.625282,-73.96047,1,0,1,1,4062,-7396,0.375
2022-03-30T00:00:00.000,3:38,40.77138,-73.82193,0,0,0,0,4077,-7382,0.4444444444444444
2022-03-11T00:00:00.000,19:40,40.75196,-73.85456,0,0,0,0,4075,-7385,0.3048780487804878
2022-03-30T00:00:00.000,20:28,40.676693,-73.74221,1,0,1,1,4067,-7374,0.2619047619047619
2022-03-31T00:00:00.000,5:00,40.832348,-73.89663,0,0,0,0,4083,-7389,0.3333333333333333
2022-03-31T00:00:00.000,10:28,40.730015,-73.82348,0,0,0,0,4073,-7382,0.45454545454545453
2022-03-30T00:00:00.000,14:33,40.61303,-73.91225,0,0,0,0,4061,-7391,0.358974358974359
2022-04-01T00:00:00.000,13:00,40.791405,-73.93569,0,0,0,0,4079,-7393,0.36585365853658536
2022-03-31T00:00:00.000,17:30,40.703934,-73.9348,0,0,0,0,4070,-7393,0.3300970873786408
2022-03-30T00:00:00.000,8:49,40.605934,-74.000465,0,0,0,0,4060,-7400,0.24074074074074073
2022-04-01T00:00:00.000,8:58,40.8361,-73.86909,0,0,0,0,4083,-7386,0.24822695035460993
2022-03-30T00:00:00.000,11:00,40.840786,-73.9232,0,0,0,0,4084,-7392,0.3181818181818182
2022-03-30T00:00:00.000,8:51,40.750763,-73.97445,0,0,0,0,4075,-7397,0.375886524822695
2022-04-01T00:00:00.000,12:00,40.65992,-73.8755,0,0,0,0,4065,-7387,0.2857142857142857
2022-03-30T00:00:00.000,0:10,40.682377,-73.767166,0,0,0,0,4068,-7376,0.35714285714285715
2022-04-01T00:00:00.000,8:20,40.663906,-73.76043,0,0,0,0,4066,-7376,0.30434782608695654
2021-05-31T00:00:00.000,17:30,40.770554,-73.83551,0,0,0,0,4077,-7383,0.25
2022-03-30T00:00:00.000,7:20,40.715523,-74.001236,0,0,0,0,4071,-7400,0.25517241379310346
2022-03-30T00:00:00.000,17:05,40.639736,-73.906746,2,0,1,1,4063,-7390,0.3561643835616438
2022-03-31T00:00:00.000,16:46,40.631115,-73.972626,0,0,0,0,4063,-7397,0.36893203883495146
2022-03-31T00:00:00.000,5:09,40.81085,-73.88187,0,0,0,0,4081,-7388,0.25471698113207547
2022-03-25T00:00:00.000,15:35,40.730675,-73.78291,1,0,1,1,4073,-7378,0.391304347826087
2022-03-21T00:00:00.000,16:40,40.8375,-73.91061,2,0,1,1,4083,-7391,0.33714285714285713
2022-03-30T00:00:00.000,7:37,40.672195,-73.902664,0,0,0,0,4067,-7390,0.3282442748091603
2022-03-31T00:00:00.000,14:00,40.86159,-73.92475,0,0,0,0,4086,-7392,0.359375
2022-03-31T00:00:00.000,16:00,40.66602,-73.92947,0,0,0,0,4066,-7392,0.355
2021-09-26T00:00:00.000,0:00,40.66682,-73.88166,1,0,1,1,4066,-7388,0.37012987012987014
2021-08-31T00:00:00.000,10:00,40.816902,-73.91799,0,0,0,0,4081,-7391,0.47244094488188976
2021-10-02T00:00:00.000,15:40,40.881687,-73.90283,0,0,0,0,4088,-7390,0.2702702702702703
2021-09-21T00:00:00.000,20:12,40.71759,-73.94995,0,0,0,0,4071,-7394,0.3710691823899371
2021-10-01T00:00:00.000,14:30,40.66319,-73.93727,0,0,0,0,4066,-7393,0.38578680203045684
2021-09-28T00:00:00.000,1:00,40.779762,-73.94437,1,0,1,1,4077,-7394,0.28
2021-10-01T00:00:00.000,19:10,0.0,0.0,4,0,1,1,0,0,0.40425531914893614
2021-09-30T00:00:00.000,16:49,40.71596,-73.951935,1,0,1,1,4071,-7395,0.36585365853658536
2021-09-29T00:00:00.000,20:15,40.79428,-73.94902,3,0,1,1,4079,-7394,0.3523809523809524
2021-09-30T00:00:00.000,12:48,40.787506,-73.9383,2,0,1,1,4078,-7393,0.4444444444444444
2022-03-30T00:00:00.000,16:08,40.68158,-73.76548,0,0,0,0,4068,-7376,0.35714285714285715
2022-03-31T00:00:00.000,19:00,40.804585,-73.91213,0,0,0,0,4080,-7391,0.38961038961038963
2022-03-30T00:00:00.000,14:12,40.74233,-73.83764,0,0,0,0,4074,-7383,0.4067796610169492
2022-03-31T00:00:00.000,2:00,40.6572,-74.004684,0,0,0,0,4065,-7400,0.41509433962264153
2022-04-01T00:00:00.000,18:30,40.705498,-73.87746,0,0,0,0,4070,-7387,0.24324324324324326
2021-10-02T00:00:00.000,1:50,40.83404,-73.85328,1,0,1,1,4083,-7385,0.30158730158730157
2021-10-02T00:00:00.000,10:00,40.607765,-73.98255,0,0,0,0,4060,-7398,0.2711864406779661
2021-09-19T00:00:00.000,3:29,40.699165,-73.914925,0,0,0,0,4069,-7391,0.2709677419354839
2021-09-28T00:00:00.000,6:55,40.69889,-73.91753,0,0,0,0,4069,-7391,0.2709677419354839
2021-10-02T00:00:00.000,16:29,40.83109,-73.89147,1,0,1,1,4083,-7389,0.3333333333333333
2021-10-02T00:00:00.000,17:01,40.80297,-73.93844,0,0,0,0,4080,-7393,0.36312849162011174
2021-10-02T00:00:00.000,3:15,40.67619,-73.9081,0,0,0,0,4067,-7390,0.3282442748091603
2021-10-02T00:00:00.000,11:15,40.680733,-73.97451,0,0,0,0,4068,-7397,0.3412322274881517
2021-10-02T00:00:00.000,22:50,40.751495,-73.87991,0,0,0,0,4075,-7387,0.33884297520661155
2021-10-02T00:00:00.000,8:30,40.68126,-73.81869,0,0,0,0,4068,-7381,0.4117647058823529
2021-10-02T00:00:00.000,17:45,40.863327,-73.89921,0,0,0,0,4086,-7389,0.40606060606060607
2021-10-01T00:00:00.000,13:00,40.59721,-73.79275,0,0,0,0,4059,-7379,0.2692307692307692
2021-10-02T00:00:00.000,0:57,40.69246,-73.726875,1,0,1,1,4069,-7372,0.40425531914893614
2021-10-02T00:00:00.000,18:55,40.62588,-73.993675,0,0,0,0,4062,-7399,0.3835616438356164
2021-10-01T00:00:00.000,16:58,40.839268,-73.903824,1,0,1,1,4083,-7390,0.3064516129032258
2021-10-02T00:00:00.000,12:25,40.679058,-73.86343,1,0,1,1,4067,-7386,0.3431372549019608
2021-10-02T00:00:00.000,7:40,40.718864,-73.97483,0,0,0,0,4071,-7397,0.41509433962264153
2021-10-02T00:00:00.000,16:15,40.75399,-73.90031,0,0,0,0,4075,-7390,0.37254901960784315
2021-10-02T00:00:00.000,16:45,40.62213,-73.927216,0,0,0,0,4062,-7392,0.3611111111111111
2021-09-25T00:00:00.000,23:55,40.88074,-73.9101,0,0,0,0,4088,-7391,0.23076923076923078
2021-10-02T00:00:00.000,12:58,40.689137,-73.990715,0,0,0,0,4068,-7399,0.17857142857142858
2021-10-02T00:00:00.000,8:36,40.710476,-73.963844,0,0,0,0,4071,-7396,0.3218390804597701
2021-10-02T00:00:00.000,0:00,40.666706,-73.871826,1,0,1,1,4066,-7387,0.38461538461538464
2021-10-02T00:00:00.000,9:57,40.818058,-73.90501,1,0,1,1,4081,-7390,0.3888888888888889
2021-10-02T00:00:00.000,6:40,40.74389,-73.788155,1,0,1,1,4074,-7378,0.43478260869565216
2021-10-02T00:00:00.000,15:50,40.577045,-74.080795,1,0,1,1,4057,-7408,1.0
2021-10-01T00:00:00.000,17:56,40.75228,-73.9897,0,0,0,0,4075,-7398,0.3170731707317073
2021-10-02T00:00:00.000,11:30,40.74709,-73.76325,0,0,0,0,4074,-7376,0.3333333333333333
2021-09-26T00:00:00.000,17:18,40.614964,-74.08673,0,0,0,0,4061,-7408,0.30612244897959184
2021-10-02T00:00:00.000,15:00,40.713535,-73.96731,0,0,0,0,4071,-7396,0.3218390804597701
2022-09-21T00:00:00.000,19:21,40.818798,-73.89213,0,0,0,0,4081,-7389,0.31543624161073824
2021-10-02T00:00:00.000,19:45,40.68046,-73.84309,0,0,0,0,4068,-7384,0.3333333333333333
2021-10-02T00:00:00.000,1:30,40.74487,-73.99957,0,0,0,0,4074,-7399,0.3333333333333333
2021-10-02T00:00:00.000,14:25,40.60416,-73.99752,0,0,0,0,4060,-7399,0.31683168316831684
2021-10-01T00:00:00.000,23:20,40.69216,-73.914764,0,0,0,0,4069,-7391,0.2709677419354839
2021-10-02T00:00:00.000,13:14,40.73767,-74.00178,0,0,0,0,4073,-7400,0.2403846153846154
2021-10-02T00:00:00.000,2:00,40.866062,-73.92251,0,0,0,0,4086,-7392,0.359375
2021-10-02T00:00:00.000,13:25,40.704006,-73.7668,1,0,1,1,4070,-7376,0.43902439024390244
2021-10-02T00:00:00.000,5:50,40.68012,-73.74824,0,0,0,0,4068,-7374,0.29411764705882354
2021-10-02T00:00:00.000,15:10,40.722927,-74.00218,0,0,0,0,4072,-7400,0.32926829268292684
2021-10-02T00:00:00.000,19:40,40.76966,-73.92365,1,0,1,1,4076,-7392,0.42105263157894735
2021-10-02T00:00:00.000,14:20,40.865383,-73.89348,2,0,1,1,4086,-7389,0.40606060606060607
2021-10-02T00:00:00.000,13:05,40.657642,-73.8749,0,0,0,0,4065,-7387,0.2857142857142857
2021-10-01T00:00:00.000,14:40,40.689842,-73.850075,1,0,1,1,4068,-7385,0.43103448275862066
2021-09-30T00:00:00.000,8:40,40.59595,-74.09587,2,0,1,1,4059,-7409,0.42857142857142855
2021-10-02T00:00:00.000,0:15,40.687668,-73.951035,0,0,0,0,4068,-7395,0.38571428571428573
2021-09-29T00:00:00.000,14:00,40.7509,-73.98449,1,0,1,1,4075,-7398,0.3170731707317073
2021-10-02T00:00:00.000,2:30,40.792713,-73.96925,0,0,0,0,4079,-7396,0.25
2021-10-02T00:00:00.000,5:30,40.759193,-73.86865,0,0,0,0,4075,-7386,0.33653846153846156
2021-10-02T00:00:00.000,4:45,40.723213,-73.94847,0,0,0,0,4072,-7394,0.19801980198019803
2021-10-02T00:00:00.000,18:11,40.825546,-73.9312,0,0,0,0,4082,-7393,0.36645962732919257
2021-10-02T00:00:00.000,15:10,40.60547,-73.96074,1,0,1,1,4060,-7396,0.5714285714285714
2021-09-25T00:00:00.000,17:15,40.584755,-73.94712,1,0,1,1,4058,-7394,0.40816326530612246
2021-10-02T00:00:00.000,16:25,40.73046,-73.95149,0,0,0,0,4073,-7395,0.30434782608695654
2021-09-30T00:00:00.000,12:00,40.70003,-73.81279,0,0,0,0,4070,-7381,0.3194444444444444
2021-10-02T00:00:00.000,8:00,40.659252,-73.988434,0,0,0,0,4065,-7398,0.2222222222222222
2021-09-28T00:00:00.000,12:00,40.659496,-73.912994,0,0,0,0,4065,-7391,0.425
2021-10-02T00:00:00.000,16:25,40.752228,-73.93911,1,0,1,1,4075,-7393,0.43478260869565216
2021-10-02T00:00:00.000,21:39,40.68366,-73.90788,4,0,1,1,4068,-7390,0.4421052631578947
2021-10-02T00:00:00.000,20:15,40.801155,-73.959656,0,0,0,0,4080,-7395,0.381294964028777
2021-10-02T00:00:00.000,8:15,40.87829,-73.87006,0,0,0,0,4087,-7387,0.297029702970297
2021-10-02T00:00:00.000,15:38,40.870033,-73.889,1,0,1,1,4087,-7388,0.3561643835616438
2021-10-02T00:00:00.000,17:00,40.65812,-73.934006,0,0,0,0,4065,-7393,0.44366197183098594
2021-10-02T00:00:00.000,22:36,40.679726,-73.829834,0,0,0,0,4067,-7382,0.4186046511627907
2021-10-02T00:00:00.000,3:14,40.652565,-73.74656,1,0,1,1,4065,-7374,0.4583333333333333
2021-10-02T00:00:00.000,3:00,40.8188,-73.956024,0,0,0,0,4081,-7395,0.3509933774834437
2021-10-02T00:00:00.000,6:16,40.67236,-74.01124,0,0,0,0,4067,-7401,0.32142857142857145
2021-10-02T00:00:00.000,14:28,40.860344,-73.90713,1,0,1,1,4086,-7390,0.42748091603053434
2021-10-02T00:00:00.000,22:14,40.620914,-73.9753,1,0,1,1,4062,-7397,0.38666666666666666
2021-09-23T00:00:00.000,10:00,40.63206,-73.88876,0,0,0,0,4063,-7388,0.3835616438356164
2021-10-01T00:00:00.000,15:24,40.830208,-73.90324,0,0,0,0,4083,-7390,0.3064516129032258
2021-10-02T00:00:00.000,17:31,40.646297,-73.91274,0,0,0,0,4064,-7391,0.39805825242718446
2021-10-02T00:00:00.000,5:13,40.732822,-73.8684,0,0,0,0,4073,-7386,0.3464566929133858
2021-10-02T00:00:00.000,16:20,40.827633,-73.93577,1,0,1,1,4082,-7393,0.36645962732919257
2021-09-27T00:00:00.000,16:15,40.810097,-73.93926,0,0,0,0,4081,-7393,0.32432432432432434
2021-10-02T00:00:00.000,22:30,0.0,0.0,0,0,0,0,0,0,0.40425531914893614
2021-10-01T00:00:00.000,18:12,40.80016,-73.93538,1,0,1,1,4080,-7393,0.36312849162011174
2021-10-02T00:00:00.000,1:35,40.700836,-73.99495,1,0,1,1,4070,-7399,0.21052631578947367
2021-09-19T00:00:00.000,2:26,40.600567,-73.7621,1,0,1,1,4060,-7376,0.19230769230769232
2021-10-02T00:00:00.000,18:39,40.68815,-73.84884,0,0,0,0,4068,-7384,0.3333333333333333
2021-10-02T00:00:00.000,20:30,40.640682,-73.995476,0,0,0,0,4064,-7399,0.3442622950819672
2022-03-29T00:00:00.000,20:15,40.81388,-73.91182,2,0,1,1,4081,-7391,0.47244094488188976
2021-10-02T00:00:00.000,20:25,40.66937,-73.89523,0,0,0,0,4066,-7389,0.3103448275862069
2021-10-02T00:00:00.000,14:37,40.659878,-73.841095,1,0,1,1,4065,-7384,0.5
2021-10-02T00:00:00.000,17:00,40.69706,-73.91933,0,0,0,0,4069,-7391,0.2709677419354839
2021-09-29T00:00:00.000,6:45,40.74377,-73.91383,1,0,1,1,4074,-7391,0.38333333333333336
2021-09-19T00:00:00.000,19:30,40.69269,-73.91894,2,0,1,1,4069,-7391,0.2709677419354839
2021-10-02T00:00:00.000,4:10,40.760098,-73.8593,1,0,1,1,4076,-7385,0.2727272727272727
2021-10-02T00:00:00.000,14:10,40.760822,-73.99832,0,0,0,0,4076,-7399,0.3275862068965517
2021-10-02T00:00:00.000,23:00,40.698765,-73.939384,0,0,0,0,4069,-7393,0.3141025641025641
2021-08-11T00:00:00.000,9:12,40.87626,-73.90395,0,0,0,0,4087,-7390,0.3184713375796178
2021-10-02T00:00:00.000,11:45,40.739902,-73.791275,1,0,1,1,4073,-7379,0.4
2021-10-02T00:00:00.000,20:35,40.697205,-73.81334,1,0,1,1,4069,-7381,0.3902439024390244
2021-09-14T00:00:00.000,7:00,40.88073,-73.9073,0,0,0,0,4088,-7390,0.2702702702702703
2021-10-02T00:00:00.000,11:20,40.66645,-73.75764,1,0,1,1,4066,-7375,0.3
2021-10-02T00:00:00.000,2:00,40.676243,-73.95269,0,0,0,0,4067,-7395,0.3695652173913043
2021-10-02T00:00:00.000,1:23,40.815,-73.89402,0,0,0,0,4081,-7389,0.31543624161073824
2021-10-02T00:00:00.000,22:55,40.65973,-73.74174,1,0,1,1,4065,-7374,0.4583333333333333
2021-10-02T00:00:00.000,14:30,40.685463,-73.84747,1,0,1,1,4068,-7384,0.3333333333333333
2021-09-24T00:00:00.000,21:53,40.702496,-73.81303,0,0,0,0,4070,-7381,0.3194444444444444
2021-10-02T00:00:00.000,23:35,40.66669,-73.81173,0,0,0,0,4066,-7381,0.4716981132075472
2021-10-02T00:00:00.000,12:50,40.824158,-73.87462,1,0,1,1,4082,-7387,0.33544303797468356
2022-03-30T00:00:00.000,13:00,40.75167,-73.94188,0,0,0,0,4075,-7394,0.41333333333333333
2021-10-02T00:00:00.000,14:00,40.603058,-73.98261,1,0,1,1,4060,-7398,0.2711864406779661
2021-10-01T00:00:00.000,15:00,40.68251,-73.976326,0,0,0,0,4068,-7397,0.3412322274881517
2021-09-30T00:00:00.000,13:20,40.8617,-73.89139,1,0,1,1,4086,-7389,0.40606060606060607
2021-09-29T00:00:00.000,10:23,40.73046,-73.95149,0,0,0,0,4073,-7395,0.30434782608695654
2021-09-30T00:00:00.000,13:40,40.754177,-73.984604,0,0,0,0,4075,-7398,0.3170731707317073
2021-10-02T00:00:00.000,4:10,40.86795,-73.92701,0,0,0,0,4086,-7392,0.359375
2021-10-02T00:00:00.000,3:00,40.897877,-73.897,0,0,0,0,4089,-7389,0.5555555555555556
2021-10-02T00:00:00.000,8:00,40.702255,-73.814865,0,0,0,0,4070,-7381,0.3194444444444444
2021-10-02T00:00:00.000,18:41,40.8018,-73.96108,0,0,0,0,4080,-7396,0.31343283582089554
2021-10-02T00:00:00.000,12:45,40.65104,-74.0111,1,0,1,1,4065,-7401,0.43478260869565216
2021-10-02T00:00:00.000,1:05,40.738995,-73.97955,0,0,0,0,4073,-7397,0.32558139534883723
2021-10-02T00:00:00.000,11:55,40.637657,-73.913956,1,0,1,1,4063,-7391,0.5
2021-09-04T00:00:00.000,12:00,40.763344,-73.75791,0,0,0,0,4076,-7375,0.3409090909090909
2021-09-28T00:00:00.000,5:47,40.640694,-74.07573,1,0,1,1,4064,-7407,0.2222222222222222
2021-10-02T00:00:00.000,14:00,40.770306,-73.91901,2,0,1,1,4077,-7391,0.3157894736842105
2021-10-01T00:00:00.000,23:45,40.68592,-73.846924,1,0,1,1,4068,-7384,0.3333333333333333
2021-10-01T00:00:00.000,22:09,40.690834,-73.90435,1,0,1,1,4069,-7390,0.29591836734693877
2021-10-02T00:00:00.000,15:25,40.745033,-73.87153,0,0,0,0,4074,-7387,0.25663716814159293
2021-10-02T00:00:00.000,22:40,40.671165,-73.895676,0,0,0,0,4067,-7389,0.33852140077821014
2021-10-02T00:00:00.000,21:07,40.833233,-73.8282,1,0,1,1,4083,-7382,0.44680851063829785
2021-10-02T00:00:00.000,20:13,40.602535,-73.99321,0,0,0,0,4060,-7399,0.31683168316831684
2021-10-02T00:00:00.000,23:40,40.66735,-73.76994,0,0,0,0,4066,-7376,0.30434782608695654
2021-10-02T00:00:00.000,4:30,40.70978,-73.82043,5,0,1,1,4070,-7382,0.4166666666666667
2021-10-02T00:00:00.000,22:55,40.618214,-73.95815,0,0,0,0,4061,-7395,0.4461538461538462
2021-10-02T00:00:00.000,9:24,40.81103,-73.92149,1,0,1,1,4081,-7392,0.4714285714285714
2022-09-11T00:00:00.000,21:20,40.722275,-73.98018,1,0,1,1,4072,-7398,0.4342105263157895
2021-10-02T00:00:00.000,15:50,40.862747,-73.90494,0,0,0,0,4086,-7390,0.42748091603053434
2021-10-02T00:00:00.000,18:00,40.742676,-73.839516,0,0,0,0,4074,-7383,0.4067796610169492
2021-10-02T00:00:00.000,20:30,40.63765,-73.9528,1,0,1,1,4063,-7395,0.48484848484848486
2021-10-02T00:00:00.000,14:17,40.871643,-73.9002,0,0,0,0,4087,-7390,0.3184713375796178
2021-09-23T00:00:00.000,14:14,40.72114,-73.941895,0,0,0,0,4072,-7394,0.19801980198019803
2021-10-02T00:00:00.000,13:02,40.79149,-73.93577,0,0,0,0,4079,-7393,0.36585365853658536
2021-10-02T00:00:00.000,20:45,40.696976,-73.79276,0,0,0,0,4069,-7379,0.25925925925925924
2021-10-02T00:00:00.000,0:50,40.644295,-73.90139,0,0,0,0,4064,-7390,0.4017094017094017
2021-10-01T00:00:00.000,17:46,40.830135,-73.89088,1,0,1,1,4083,-7389,0.3333333333333333
2021-10-02T00:00:00.000,1:29,40.81275,-73.94558,0,0,0,0,4081,-7394,0.38
2021-10-01T00:00:00.000,19:34,40.612175,-73.99397,0,0,0,0,4061,-7399,0.29411764705882354
2021-09-27T00:00:00.000,8:00,40.711605,-73.763214,0,0,0,0,4071,-7376,0.37142857142857144
2021-10-02T00:00:00.000,16:29,40.63969,-73.95321,1,0,1,1,4063,-7395,0.48484848484848486
2021-10-02T00:00:00.000,4:49,40.762657,-73.79895,0,0,0,0,4076,-7379,0.2631578947368421
2021-10-02T00:00:00.000,1:00,40.63024,-74.139915,1,0,1,1,4063,-7413,0.2903225806451613
2021-10-02T00:00:00.000,12:00,40.696323,-73.90534,0,0,0,0,4069,-7390,0.29591836734693877
2021-09-30T00:00:00.000,10:30,40.839733,-73.89882,0,0,0,0,4083,-7389,0.3333333333333333
2021-10-02T00:00:00.000,12:00,40.68489,-73.96211,0,0,0,0,4068,-7396,0.42567567567567566
2021-10-02T00:00:00.000,16:11,40.601,-74.07645,0,0,0,0,4060,-7407,0.25
2021-10-02T00:00:00.000,15:30,40.82768,-73.866356,0,0,0,0,4082,-7386,0.3493975903614458
2021-10-02T00:00:00.000,12:10,40.59469,-73.92721,2,0,1,1,4059,-7392,0.375
2021-09-30T00:00:00.000,8:33,40.68384,-73.95162,1,0,1,1,4068,-7395,0.38571428571428573
2021-10-02T00:00:00.000,8:24,40.71671,-73.913124,0,0,0,0,4071,-7391,0.1836734693877551
2021-10-02T00:00:00.000,11:23,40.727768,-73.89658,0,0,0,0,4072,-7389,0.41379310344827586
2021-10-02T00:00:00.000,13:19,40.699715,-73.79869,0,0,0,0,4069,-7379,0.25925925925925924
2021-10-02T00:00:00.000,10:50,40.72604,-73.71829,0,0,0,0,4072,-7371,0.2857142857142857
2021-10-02T00:00:00.000,0:42,40.654915,-73.95859,1,0,1,1,4065,-7395,0.38686131386861317
2021-09-28T00:00:00.000,8:00,40.860287,-73.90494,3,0,1,1,4086,-7390,0.42748091603053434
2021-09-18T00:00:00.000,18:00,40.560776,-74.16273,0,0,0,0,4056,-7416,0.35
2021-10-02T00:00:00.000,17:43,40.69635,-73.94071,1,0,1,1,4069,-7394,0.417910447761194
2021-10-02T00:00:00.000,4:20,40.644913,-73.97443,0,0,0,0,4064,-7397,0.4095238095238095
2021-10-02T00:00:00.000,14:30,40.69249,-73.81706,1,0,1,1,4069,-7381,0.3902439024390244
2021-10-02T00:00:00.000,18:07,40.71976,-73.94476,1,0,1,1,4071,-7394,0.3710691823899371
2021-09-12T00:00:00.000,5:01,40.736145,-73.92651,1,0,1,1,4073,-7392,0.4444444444444444
2021-10-02T00:00:00.000,0:50,40.760704,-73.858246,3,0,1,1,4076,-7385,0.2727272727272727
2021-10-02T00:00:00.000,16:48,40.694355,-73.976585,0,0,0,0,4069,-7397,0.3253012048192771
2022-03-30T00:00:00.000,23:34,40.86463,-73.892136,0,0,0,0,4086,-7389,0.40606060606060607
2021-10-02T00:00:00.000,2:00,40.66235,-73.95082,0,0,0,0,4066,-7395,0.44375
2021-10-02T00:00:00.000,19:00,40.65743,-73.9451,1,0,1,1,4065,-7394,0.43137254901960786
2021-10-02T00:00:00.000,17:00,40.879345,-73.84797,0,0,0,0,4087,-7384,0.47297297297297297
2021-05-28T00:00:00.000,12:19,40.639507,-74.09417,4,0,1,1,4063,-7409,0.15384615384615385
2021-05-28T00:00:00.000,20:39,40.777958,-73.90847,1,1,2,1,4077,-7390,0.3404255319148936
2021-05-31T00:00:00.000,14:30,40.680687,-73.84459,0,0,0,0,4068,-7384,0.3333333333333333
2021-05-31T00:00:00.000,14:30,40.634533,-74.0867,3,0,1,1,4063,-7408,0.2653061224489796
2021-05-31T00:00:00.000,15:00,40.707573,-73.8362,0,0,0,0,4070,-7383,0.3541666666666667
2021-05-29T00:00:00.000,18:00,40.876343,-73.83673,0,0,0,0,4087,-7383,0.3333333333333333
2021-05-30T00:00:00.000,20:50,40.682453,-73.88723,1,0,1,1,4068,-7388,0.36538461538461536
2021-05-20T00:00:00.000,19:00,40.74746,-73.88566,2,0,1,1,4074,-7388,0.2978723404255319
2021-05-27T00:00:00.000,11:30,40.67622,-73.961945,0,0,0,0,4067,-7396,0.3466666666666667
2021-05-31T00:00:00.000,1:10,40.66479,-73.82047,3,0,1,1,4066,-7382,0.43103448275862066
2021-05-31T00:00:00.000,19:30,40.705627,-73.91552,0,0,0,0,4070,-7391,0.27450980392156865
2021-05-25T00:00:00.000,13:20,40.815826,-73.947044,0,0,0,0,4081,-7394,0.38
2021-05-31T00:00:00.000,14:20,40.69811,-73.91713,1,0,1,1,4069,-7391,0.2709677419354839
2021-05-31T00:00:00.000,2:00,40.61739,-74.150475,0,0,0,0,4061,-7415,0.3333333333333333
2021-05-31T00:00:00.000,17:10,40.810925,-73.904396,0,0,0,0,4081,-7390,0.3888888888888889
2021-05-29T00:00:00.000,0:00,40.67238,-73.94749,0,0,0,0,4067,-7394,0.34074074074074073
2021-03-03T00:00:00.000,18:30,40.622726,-73.93934,0,0,0,0,4062,-7393,0.4444444444444444
2021-05-31T00:00:00.000,16:41,40.863235,-73.92693,0,0,0,0,4086,-7392,0.359375
2021-05-31T00:00:00.000,1:33,40.66425,-73.922104,0,0,0,0,4066,-7392,0.355
2021-05-31T00:00:00.000,23:40,40.583733,-74.08655,0,0,0,0,4058,-7408,0.1111111111111111
2021-05-31T00:00:00.000,19:40,40.644753,-73.92493,0,0,0,0,4064,-7392,0.4077669902912621
2021-05-31T00:00:00.000,16:20,40.71916,-73.739845,1,0,1,1,4071,-7373,0.25
2021-05-27T00:00:00.000,22:30,40.88333,-73.85617,2,0,1,1,4088,-7385,0.36619718309859156
2021-05-31T00:00:00.000,11:49,40.713596,-73.85964,0,0,0,0,4071,-7385,0.4418604651162791
2021-05-31T00:00:00.000,11:37,40.674118,-73.89839,1,0,1,1,4067,-7389,0.33852140077821014
2021-05-31T00:00:00.000,23:00,40.717392,-73.97515,0,0,0,0,4071,-7397,0.41509433962264153
2021-05-31T00:00:00.000,14:50,40.79913,-73.96667,0,0,0,0,4079,-7396,0.25
2021-05-18T00:00:00.000,9:30,40.75688,-73.9655,1,0,1,1,4075,-7396,0.4788732394366197
2021-05-31T00:00:00.000,16:23,40.75425,-73.81354,1,0,1,1,4075,-7381,0.35
2021-05-31T00:00:00.000,8:10,40.77887,-73.943245,0,0,0,0,4077,-7394,0.28
2021-05-31T00:00:00.000,22:20,40.66755,-73.773575,4,0,1,1,4066,-7377,0.37362637362637363
2021-05-31T00:00:00.000,12:40,40.675007,-73.88373,0,0,0,0,4067,-7388,0.30434782608695654
2021-05-31T00:00:00.000,14:08,40.601036,-73.99235,0,0,0,0,4060,-7399,0.31683168316831684
2021-05-30T00:00:00.000,6:10,40.615627,-74.08406,0,0,0,0,4061,-7408,0.30612244897959184
2021-05-30T00:00:00.000,2:50,40.727055,-73.83229,0,0,0,0,4072,-7383,0.4909090909090909
2021-05-31T00:00:00.000,5:45,40.671085,-73.736275,1,0,1,1,4067,-7373,0.46835443037974683
2021-05-31T00:00:00.000,0:55,40.62154,-73.92424,1,0,1,1,4062,-7392,0.3611111111111111
2021-05-31T00:00:00.000,18:35,40.698536,-73.91788,0,0,0,0,4069,-7391,0.2709677419354839
2021-05-31T00:00:00.000,14:21,40.67807,-73.94139,1,0,1,1,4067,-7394,0.34074074074074073
2021-05-24T00:00:00.000,15:07,40.585087,-74.15594,1,0,1,1,4058,-7415,0.42857142857142855
2021-05-22T00:00:00.000,2:19,40.88302,-73.85325,2,0,1,1,4088,-7385,0.36619718309859156
2021-05-31T00:00:00.000,16:40,40.738194,-73.8492,4,0,1,1,4073,-7384,0.2682926829268293
2021-05-31T00:00:00.000,0:15,40.587826,-73.93468,1,0,1,1,4058,-7393,0.24324324324324326
2021-05-31T00:00:00.000,15:55,40.687557,-73.93896,0,0,0,0,4068,-7393,0.3619047619047619
2021-05-31T00:00:00.000,4:20,40.68064,-73.89672,0,0,0,0,4068,-7389,0.5
2021-05-30T00:00:00.000,18:00,40.613476,-74.09793,0,0,0,0,4061,-7409,0.46153846153846156
2021-10-02T00:00:00.000,17:42,40.753307,-73.90669,1,0,1,1,4075,-7390,0.37254901960784315
2021-05-25T00:00:00.000,6:28,40.670383,-73.985306,0,0,0,0,4067,-7398,0.3655913978494624
2021-05-31T00:00:00.000,23:51,40.768826,-73.86631,0,0,0,0,4076,-7386,0.40298507462686567
2021-05-31T00:00:00.000,19:53,40.62237,-74.0017,1,0,1,1,4062,-7400,0.3150684931506849
2021-05-31T00:00:00.000,14:00,40.769836,-73.87181,0,0,0,0,4076,-7387,0.48214285714285715
2021-05-31T00:00:00.000,19:15,40.820995,-73.91298,0,0,0,0,4082,-7391,0.3355263157894737
2021-05-31T00:00:00.000,20:30,40.72787,-73.92913,0,0,0,0,4072,-7392,0.4
2021-05-31T00:00:00.000,0:00,40.65001,-73.9558,1,0,1,1,4065,-7395,0.38686131386861317
2021-05-29T00:00:00.000,7:35,40.70145,-73.989624,0,0,0,0,4070,-7398,0.21568627450980393
2021-05-31T00:00:00.000,22:54,40.686085,-73.982666,0,1,2,1,4068,-7398,0.3873239436619718
2021-10-02T00:00:00.000,15:06,40.688488,-73.91636,0,0,0,0,4068,-7391,0.344
2021-04-14T00:00:00.000,15:00,40.615005,-73.980225,0,0,0,0,4061,-7398,0.3698630136986301
2021-05-31T00:00:00.000,10:00,40.692604,-73.92751,0,0,0,0,4069,-7392,0.3584905660377358
2021-05-31T00:00:00.000,16:10,40.855465,-73.88893,0,0,0,0,4085,-7388,0.3
2021-05-31T00:00:00.000,9:45,40.817387,-73.92277,2,0,1,1,4081,-7392,0.4714285714285714
2021-05-31T00:00:00.000,21:00,40.676632,-73.95944,0,0,0,0,4067,-7395,0.3695652173913043
2021-05-31T00:00:00.000,5:20,40.6575,-73.839455,0,0,0,0,4065,-7383,0.38095238095238093
2021-05-30T00:00:00.000,17:23,40.864403,-73.923775,0,0,0,0,4086,-7392,0.359375
2021-05-31T00:00:00.000,11:00,40.598743,-73.95713,0,0,0,0,4059,-7395,0.3181818181818182
2021-05-30T00:00:00.000,16:35,40.65045,-73.95755,0,0,0,0,4065,-7395,0.38686131386861317
2021-05-30T00:00:00.000,21:10,40.667995,-73.786766,1,0,1,1,4066,-7378,0.34615384615384615
2021-05-31T00:00:00.000,2:17,40.837864,-73.9114,1,0,1,1,4083,-7391,0.33714285714285713
2021-05-31T00:00:00.000,0:18,40.778603,-73.846115,0,0,0,0,4077,-7384,0.125
2021-05-31T00:00:00.000,5:46,40.819283,-73.924034,0,0,0,0,4081,-7392,0.4714285714285714
2021-05-31T00:00:00.000,16:03,40.84492,-73.90552,1,0,1,1,4084,-7390,0.366120218579235
2021-05-31T00:00:00.000,14:15,40.865547,-73.92728,2,0,1,1,4086,-7392,0.359375
2021-05-24T00:00:00.000,17:15,40.669228,-73.908714,1,0,1,1,4066,-7390,0.2777777777777778
2021-05-31T00:00:00.000,22:45,40.84519,-73.9112,2,0,1,1,4084,-7391,0.32558139534883723
2021-05-31T00:00:00.000,7:00,40.69879,-73.95326,0,0,0,0,4069,-7395,0.30952380952380953
2021-05-31T00:00:00.000,12:00,40.56011,-74.16495,3,0,1,1,4056,-7416,0.35
2021-05-31T00:00:00.000,6:15,40.64159,-74.02123,0,0,0,0,4064,-7402,0.41379310344827586
2021-05-31T00:00:00.000,2:19,40.75587,-73.972824,1,0,1,1,4075,-7397,0.375886524822695
2021-05-27T00:00:00.000,17:35,40.567875,-74.16969,1,0,1,1,4056,-7416,0.35
2021-05-31T00:00:00.000,18:00,40.73178,-74.00781,0,0,0,0,4073,-7400,0.2403846153846154
2021-05-31T00:00:00.000,8:30,40.64581,-74.00242,0,0,0,0,4064,-7400,0.36764705882352944
2021-05-31T00:00:00.000,16:48,40.861656,-73.89132,1,0,1,1,4086,-7389,0.40606060606060607
2021-05-31T00:00:00.000,10:15,40.705185,-73.79557,0,0,0,0,4070,-7379,0.3978494623655914
2021-05-31T00:00:00.000,6:00,40.685608,-73.79636,0,0,0,0,4068,-7379,0.35
2021-05-26T00:00:00.000,20:00,40.767567,-73.88486,2,0,1,1,4076,-7388,0.43283582089552236
2021-05-31T00:00:00.000,15:03,40.68366,-73.90788,0,0,0,0,4068,-7390,0.4421052631578947
2021-05-29T00:00:00.000,13:00,40.689274,-73.99913,0,0,0,0,4068,-7399,0.17857142857142858
2021-05-31T00:00:00.000,22:00,40.756943,-73.87222,0,0,0,0,4075,-7387,0.33884297520661155
2021-05-31T00:00:00.000,15:59,40.764683,-73.99179,0,0,0,0,4076,-7399,0.3275862068965517
2021-09-29T00:00:00.000,20:24,40.69986,-73.92829,1,0,1,1,4069,-7392,0.3584905660377358
2021-05-31T00:00:00.000,17:50,40.670895,-73.91405,1,0,1,1,4067,-7391,0.36597938144329895
2021-05-30T00:00:00.000,6:19,40.818893,-73.89229,3,0,1,1,4081,-7389,0.31543624161073824
2021-05-31T00:00:00.000,3:00,40.76403,-73.982475,0,0,0,0,4076,-7398,0.3081761006289308
2021-05-31T00:00:00.000,2:35,40.672195,-73.91133,2,0,1,1,4067,-7391,0.36597938144329895
2021-05-22T00:00:00.000,0:00,40.70898,-73.80418,0,0,0,0,4070,-7380,0.3877551020408163
2021-05-31T00:00:00.000,17:10,40.77812,-73.80917,1,0,1,1,4077,-7380,0.25
2021-05-31T00:00:00.000,13:22,40.643486,-73.97252,0,0,0,0,4064,-7397,0.4095238095238095
2021-05-31T00:00:00.000,17:45,40.594845,-73.761925,0,0,0,0,4059,-7376,0.23809523809523808
2021-05-31T00:00:00.000,12:44,40.6229,-73.91762,1,0,1,1,4062,-7391,0.3333333333333333
2021-05-31T00:00:00.000,17:35,40.596455,-73.78196,0,0,0,0,4059,-7378,0.14705882352941177
2021-05-20T00:00:00.000,9:35,40.820095,-73.81086,0,0,0,0,4082,-7381,0.17647058823529413
2021-05-31T00:00:00.000,12:40,40.586098,-73.93237,0,0,0,0,4058,-7393,0.24324324324324326
2021-05-31T00:00:00.000,18:25,40.667854,-73.905396,2,0,1,1,4066,-7390,0.2777777777777778
2021-05-30T00:00:00.000,1:47,40.591393,-73.907875,2,0,1,1,4059,-7390,0.23404255319148937
2021-05-31T00:00:00.000,9:31,40.88118,-73.85273,0,0,0,0,4088,-7385,0.36619718309859156
2021-05-31T00:00:00.000,19:30,40.660347,-73.767975,0,0,0,0,4066,-7376,0.30434782608695654
2021-05-31T00:00:00.000,0:01,40.824924,-73.86985,0,0,0,0,4082,-7386,0.3493975903614458
2021-05-31T00:00:00.000,16:03,40.716133,-73.8185,3,0,1,1,4071,-7381,0.3448275862068966
2021-05-31T00:00:00.000,14:40,40.681847,-73.792496,2,0,1,1,4068,-7379,0.35
2021-05-31T00:00:00.000,21:00,40.820553,-73.85283,0,0,0,0,4082,-7385,0.27
2021-05-31T00:00:00.000,23:36,40.636536,-73.89124,0,0,0,0,4063,-7389,0.41818181818181815
2021-05-31T00:00:00.000,22:40,40.749744,-73.884315,0,0,0,0,4074,-7388,0.2978723404255319
2021-05-31T00:00:00.000,19:06,40.68594,-73.84686,1,0,1,1,4068,-7384,0.3333333333333333
2021-10-02T00:00:00.000,18:37,40.601868,-73.98911,0,0,0,0,4060,-7398,0.2711864406779661
2021-05-31T00:00:00.000,0:30,40.686222,-73.8299,0,0,0,0,4068,-7382,0.41975308641975306
2021-05-26T00:00:00.000,14:40,40.629616,-73.94248,1,0,1,1,4062,-7394,0.41379310344827586
2021-05-27T00:00:00.000,1:18,40.83142,-73.92644,1,0,1,1,4083,-7392,0.310126582278481
2021-05-31T00:00:00.000,23:10,40.70903,-73.78858,0,0,0,0,4070,-7378,0.34523809523809523
2021-05-31T00:00:00.000,11:42,40.711685,-73.74672,3,0,1,1,4071,-7374,0.23404255319148937
2021-05-31T00:00:00.000,12:15,40.69297,-73.78024,2,0,1,1,4069,-7378,0.29310344827586204
2021-05-31T00:00:00.000,17:08,40.68005,-73.94327,1,0,1,1,4068,-7394,0.4409448818897638
2021-05-31T00:00:00.000,16:07,40.681137,-73.95567,0,0,0,0,4068,-7395,0.38571428571428573
2021-05-31T00:00:00.000,0:00,40.665535,-73.93699,0,0,0,0,4066,-7393,0.38578680203045684
2021-05-31T00:00:00.000,23:42,40.698673,-73.75109,0,0,0,0,4069,-7375,0.3584905660377358
2021-05-26T00:00:00.000,13:00,40.586124,-73.990715,0,0,0,0,4058,-7399,0.23076923076923078
2021-05-31T00:00:00.000,8:00,40.745907,-73.86964,0,0,0,0,4074,-7386,0.3813559322033898
2021-05-18T00:00:00.000,16:15,40.666855,-73.80425,0,0,0,0,4066,-7380,0.40789473684210525
2021-05-31T00:00:00.000,1:07,40.55659,-74.15881,0,0,0,0,4055,-7415,0.3
2021-05-31T00:00:00.000,13:52,40.661606,-73.92066,1,0,1,1,4066,-7392,0.355
2021-05-31T00:00:00.000,22:45,40.723347,-73.939316,0,0,0,0,4072,-7393,0.36507936507936506
2021-05-31T00:00:00.000,19:21,40.704494,-73.81743,0,0,0,0,4070,-7381,0.3194444444444444
2021-05-31T00:00:00.000,13:15,40.658417,-73.76768,0,0,0,0,4065,-7376,0.35714285714285715
2021-05-31T00:00:00.000,16:40,40.586746,-73.81712,1,0,1,1,4058,-7381,0.1875
2021-05-27T00:00:00.000,18:30,40.7232,-73.9525,1,0,1,1,4072,-7395,0.22093023255813954
2021-05-31T00:00:00.000,13:45,40.738476,-73.7991,0,0,0,0,4073,-7379,0.4
2021-05-31T00:00:00.000,19:20,40.68845,-73.87593,2,0,1,1,4068,-7387,0.24719101123595505
2021-05-30T00:00:00.000,22:00,40.71186,-73.73554,0,0,0,0,4071,-7373,0.25
2021-05-31T00:00:00.000,21:30,40.682507,-73.86709,0,0,0,0,4068,-7386,0.423728813559322
2021-05-31T00:00:00.000,21:30,40.587814,-74.155075,0,0,0,0,4058,-7415,0.42857142857142855
2021-05-31T00:00:00.000,11:05,40.86357,-73.92602,1,0,1,1,4086,-7392,0.359375
2021-05-31T00:00:00.000,23:09,40.648335,-73.905685,1,0,1,1,4064,-7390,0.4017094017094017
2021-05-31T00:00:00.000,3:30,40.80684,-73.9275,0,0,0,0,4080,-7392,0.3141025641025641
2021-05-31T00:00:00.000,13:30,40.752068,-73.83067,0,0,0,0,4075,-7383,0.37681159420289856
2021-05-31T00:00:00.000,2:42,40.681805,-73.94987,1,0,1,1,4068,-7394,0.4409448818897638
2021-05-31T00:00:00.000,17:00,40.728733,-73.73717,1,0,1,1,4072,-7373,0.4642857142857143
2021-05-31T00:00:00.000,15:00,40.736664,-73.887566,0,0,0,0,4073,-7388,0.2777777777777778
2021-05-31T00:00:00.000,19:28,40.65965,-73.773834,0,0,0,0,4065,-7377,0.3125
2021-05-31T00:00:00.000,8:50,40.711994,-73.86073,0,0,0,0,4071,-7386,0.5625
2021-05-30T00:00:00.000,12:07,40.75022,-73.979065,0,0,0,0,4075,-7397,0.375886524822695
2021-05-31T00:00:00.000,1:40,40.561447,-74.1265,0,0,0,0,4056,-7412,0.2222222222222222
2021-05-31T00:00:00.000,18:40,40.8733,-73.853645,1,0,1,1,4087,-7385,0.37681159420289856
2021-05-31T00:00:00.000,9:36,40.826176,-73.93576,1,0,1,1,4082,-7393,0.36645962732919257
2021-05-15T00:00:00.000,17:30,40.732254,-73.99636,0,0,0,0,4073,-7399,0.423728813559322
2021-05-31T00:00:00.000,0:13,40.64885,-73.91559,2,0,1,1,4064,-7391,0.39805825242718446
2021-05-31T00:00:00.000,20:45,40.605286,-73.94085,0,0,0,0,4060,-7394,0.5217391304347826
2021-05-31T00:00:00.000,6:40,40.759544,-73.883,1,0,1,1,4075,-7388,0.3402061855670103
2021-05-29T00:00:00.000,0:14,40.678165,-73.962234,1,0,1,1,4067,-7396,0.3466666666666667
2021-05-31T00:00:00.000,11:05,40.64685,-74.019264,0,0,0,0,4064,-7401,0.4295774647887324
2021-05-31T00:00:00.000,20:30,40.666702,-73.92363,0,0,0,0,4066,-7392,0.355
2021-05-27T00:00:00.000,12:00,40.756176,-73.892136,0,0,0,0,4075,-7389,0.4805194805194805
2021-04-28T00:00:00.000,7:56,40.721428,-73.89069,0,0,0,0,4072,-7389,0.41379310344827586
2021-10-02T00:00:00.000,1:40,40.687912,-73.92943,0,0,0,0,4068,-7392,0.2542372881355932
2021-05-31T00:00:00.000,16:55,40.83541,-73.88574,0,0,0,0,4083,-7388,0.26717557251908397
2021-05-31T00:00:00.000,16:12,40.627274,-73.98081,0,0,0,0,4062,-7398,0.38
2021-05-31T00:00:00.000,2:25,40.6441,-74.111984,0,0,0,0,4064,-7411,0.42857142857142855
2021-05-31T00:00:00.000,21:45,40.70028,-73.941154,1,0,1,1,4070,-7394,0.3956043956043956
2021-05-31T00:00:00.000,21:30,40.71759,-73.94995,0,0,0,0,4071,-7394,0.3710691823899371
2021-05-18T00:00:00.000,8:40,40.762657,-73.87326,0,0,0,0,4076,-7387,0.48214285714285715
2021-05-31T00:00:00.000,18:30,40.7561,-73.86251,1,0,1,1,4075,-7386,0.33653846153846156
2021-05-31T00:00:00.000,18:00,40.64563,-73.88891,0,0,0,0,4064,-7388,0.3225806451612903
2021-05-24T00:00:00.000,21:57,40.607185,-74.16239,1,0,1,1,4060,-7416,0.42857142857142855
2021-05-31T00:00:00.000,20:04,40.861942,-73.89373,1,0,1,1,4086,-7389,0.40606060606060607
2021-05-31T00:00:00.000,17:19,40.61837,-73.95677,0,0,0,0,4061,-7395,0.4461538461538462
2021-05-30T00:00:00.000,12:40,40.650578,-74.00464,0,0,0,0,4065,-7400,0.41509433962264153
2021-05-31T00:00:00.000,17:35,40.60915,-74.14987,0,0,0,0,4060,-7414,0.4074074074074074
2021-05-31T00:00:00.000,16:56,40.858253,-73.88452,1,0,1,1,4085,-7388,0.3
2021-05-24T00:00:00.000,10:30,40.668385,-73.74736,1,0,1,1,4066,-7374,0.3698630136986301
2021-05-31T00:00:00.000,1:33,40.6299,-74.025,0,0,0,0,4062,-7402,0.3625
2021-05-31T00:00:00.000,15:11,40.704525,-73.928406,1,0,1,1,4070,-7392,0.24305555555555555
2021-05-01T00:00:00.000,9:24,40.75233,-73.86264,0,0,0,0,4075,-7386,0.33653846153846156
2021-05-31T00:00:00.000,17:21,40.86268,-73.90905,0,0,0,0,4086,-7390,0.42748091603053434
2021-05-31T00:00:00.000,15:00,40.56116,-74.13188,1,0,1,1,4056,-7413,0.46153846153846156
2021-05-31T00:00:00.000,4:58,40.665245,-73.80204,0,0,0,0,4066,-7380,0.40789473684210525
2021-05-31T00:00:00.000,23:00,40.674088,-73.79837,1,0,1,1,4067,-7379,0.4264705882352941
2021-05-12T00:00:00.000,12:51,40.74917,-73.88977,0,0,0,0,4074,-7388,0.2978723404255319
2021-03-29T00:00:00.000,11:30,40.699966,-73.90749,0,0,0,0,4069,-7390,0.29591836734693877
2021-05-31T00:00:00.000,18:08,40.673275,-73.86853,1,0,1,1,4067,-7386,0.3431372549019608
2021-05-31T00:00:00.000,12:00,40.808006,-73.91434,1,0,1,1,4080,-7391,0.38961038961038963
2021-05-26T00:00:00.000,14:17,40.611404,-74.176285,0,0,0,0,4061,-7417,0.6666666666666666
2021-05-31T00:00:00.000,8:35,40.768482,-73.98208,0,0,0,0,4076,-7398,0.3081761006289308
2021-05-31T00:00:00.000,16:11,40.631344,-73.89352,1,0,1,1,4063,-7389,0.41818181818181815
2021-05-31T00:00:00.000,23:11,40.712837,-73.7465,1,0,1,1,4071,-7374,0.23404255319148937
2021-05-31T00:00:00.000,8:45,40.834423,-73.879265,0,0,0,0,4083,-7387,0.38414634146341464
2021-05-27T00:00:00.000,15:00,40.81821,-73.96144,0,0,0,0,4081,-7396,0.2222222222222222
2021-05-31T00:00:00.000,17:10,40.639915,-73.92717,1,0,1,1,4063,-7392,0.4036697247706422
2021-05-31T00:00:00.000,18:16,40.668762,-73.76417,0,0,0,0,4066,-7376,0.30434782608695654
2021-05-18T00:00:00.000,11:30,40.689228,-73.957,0,0,0,0,4068,-7395,0.38571428571428573
2021-05-31T00:00:00.000,2:05,40.780502,-73.825905,0,0,0,0,4078,-7382,0.3
2021-05-31T00:00:00.000,23:00,40.707153,-73.93149,0,0,0,0,4070,-7393,0.3300970873786408
2021-05-31T00:00:00.000,0:00,40.85037,-73.89521,0,0,0,0,4085,-7389,0.3353658536585366
2021-05-31T00:00:00.000,11:30,40.835396,-73.92031,0,0,0,0,4083,-7392,0.310126582278481
2021-05-19T00:00:00.000,14:50,40.724823,-73.980644,0,0,0,0,4072,-7398,0.4342105263157895
2021-05-31T00:00:00.000,9:45,40.616035,-74.16385,0,0,0,0,4061,-7416,0.2727272727272727
2021-05-31T00:00:00.000,9:16,40.63669,-73.96452,0,0,0,0,4063,-7396,0.34615384615384615
2021-05-31T00:00:00.000,11:00,40.828827,-73.86279,0,0,0,0,4082,-7386,0.3493975903614458
2021-05-31T00:00:00.000,21:30,40.644432,-73.9296,1,0,1,1,4064,-7392,0.4077669902912621
2021-05-31T00:00:00.000,0:05,40.67951,-73.81784,1,0,1,1,4067,-7381,0.4230769230769231
2021-05-31T00:00:00.000,20:45,40.645443,-73.89493,0,0,0,0,4064,-7389,0.43478260869565216
2021-05-31T00:00:00.000,16:00,40.74198,-73.94643,0,0,0,0,4074,-7394,0.33962264150943394
2021-05-31T00:00:00.000,14:06,40.72565,-73.93205,1,0,1,1,4072,-7393,0.36507936507936506
2021-05-31T00:00:00.000,14:20,40.710175,-73.84907,0,0,0,0,4071,-7384,0.4
2021-05-27T00:00:00.000,15:37,40.90316,-73.84599,0,0,0,0,4090,-7384,0.28205128205128205
2021-05-31T00:00:00.000,18:15,40.681995,-74.002625,1,0,1,1,4068,-7400,0.3333333333333333
2021-05-31T00:00:00.000,22:40,40.899246,-73.84609,6,0,1,1,4089,-7384,0.3333333333333333
2021-05-31T00:00:00.000,14:25,40.819977,-73.93724,0,0,0,0,4081,-7393,0.32432432432432434
2021-05-25T00:00:00.000,10:00,40.668903,-73.89834,0,0,0,0,4066,-7389,0.3103448275862069
2021-05-11T00:00:00.000,15:45,40.822933,-73.93813,0,0,0,0,4082,-7393,0.36645962732919257
2021-05-31T00:00:00.000,21:53,40.855385,-73.9181,0,0,0,0,4085,-7391,0.373134328358209
2021-05-31T00:00:00.000,15:42,40.674683,-73.7634,0,0,0,0,4067,-7376,0.23076923076923078
2021-05-31T00:00:00.000,13:00,40.741936,-73.95381,0,0,0,0,4074,-7395,0.35185185185185186
2021-05-20T00:00:00.000,15:43,40.749527,-73.97361,0,0,0,0,4074,-7397,0.4810810810810811
2021-05-31T00:00:00.000,18:05,40.755566,-73.96494,1,0,1,1,4075,-7396,0.4788732394366197
2021-05-30T00:00:00.000,14:30,40.89278,-73.855484,0,0,0,0,4089,-7385,0.3813559322033898
2021-05-31T00:00:00.000,14:21,40.757114,-73.82999,1,0,1,1,4075,-7382,0.4915254237288136
2021-05-31T00:00:00.000,8:09,40.701706,-73.99144,0,0,0,0,4070,-7399,0.21052631578947367
2021-05-31T00:00:00.000,1:32,40.69376,-73.89905,0,0,0,0,4069,-7389,0.3709677419354839
2021-05-31T00:00:00.000,5:40,40.80451,-73.96352,0,0,0,0,4080,-7396,0.31343283582089554
2021-05-31T00:00:00.000,1:00,40.740017,-73.84565,0,0,0,0,4074,-7384,0.42857142857142855
2021-05-31T00:00:00.000,19:37,40.590084,-73.95476,0,0,0,0,4059,-7395,0.3181818181818182
2021-05-28T00:00:00.000,10:28,40.777897,-73.95389,0,0,0,0,4077,-7395,0.3384615384615385
2021-05-31T00:00:00.000,21:40,40.667385,-73.88709,0,0,0,0,4066,-7388,0.37012987012987014
2021-05-31T00:00:00.000,9:11,40.72924,-73.8152,0,0,0,0,4072,-7381,0.2926829268292683
2021-05-27T00:00:00.000,11:50,40.577366,-74.11145,0,0,0,0,4057,-7411,0.37142857142857144
2021-05-29T00:00:00.000,23:35,40.675663,-73.9277,1,0,1,1,4067,-7392,0.39655172413793105
2021-05-23T00:00:00.000,14:00,40.716347,-73.90119,0,0,0,0,4071,-7390,0.4
2021-05-30T00:00:00.000,11:16,40.75993,-73.89846,1,0,1,1,4075,-7389,0.4805194805194805
2021-05-31T00:00:00.000,20:46,40.86166,-73.910965,0,0,0,0,4086,-7391,0.38016528925619836
2021-05-27T00:00:00.000,17:15,40.642773,-74.11403,0,0,0,0,4064,-7411,0.42857142857142855
2021-05-20T00:00:00.000,17:45,40.8284,-73.9453,0,0,0,0,4082,-7394,0.3812154696132597
2021-05-31T00:00:00.000,19:54,40.64667,-73.92015,1,0,1,1,4064,-7392,0.4077669902912621
2021-05-31T00:00:00.000,13:43,40.700478,-73.92534,1,0,1,1,4070,-7392,0.24305555555555555
2021-05-31T00:00:00.000,18:23,40.64665,-74.014404,0,0,0,0,4064,-7401,0.4295774647887324
2021-05-30T00:00:00.000,7:26,40.693733,-73.95597,0,0,0,0,4069,-7395,0.30952380952380953
2021-05-31T00:00:00.000,0:38,40.648567,-73.91781,1,0,1,1,4064,-7391,0.39805825242718446
2021-05-31T00:00:00.000,7:21,40.82518,-73.89757,0,0,0,0,4082,-7389,0.37423312883435583
2021-05-31T00:00:00.000,14:30,40.761047,-73.83518,1,0,1,1,4076,-7383,0.33695652173913043
2021-05-29T00:00:00.000,22:50,40.722233,-73.81079,0,0,0,0,4072,-7381,0.2926829268292683
2021-05-31T00:00:00.000,0:00,40.666008,-73.789536,0,0,0,0,4066,-7378,0.34615384615384615
2021-05-31T00:00:00.000,12:50,40.648464,-74.00683,1,0,1,1,4064,-7400,0.36764705882352944
2021-05-27T00:00:00.000,16:35,40.677208,-73.89723,0,0,0,0,4067,-7389,0.33852140077821014
2021-05-09T00:00:00.000,15:20,40.7005,-73.90116,0,0,0,0,4070,-7390,0.37894736842105264
2021-05-31T00:00:00.000,22:30,40.855385,-73.9181,2,0,1,1,4085,-7391,0.373134328358209
2021-05-12T00:00:00.000,14:00,40.76294,-73.86067,2,0,1,1,4076,-7386,0.40298507462686567
2021-05-29T00:00:00.000,17:30,40.677025,-73.95268,1,0,1,1,4067,-7395,0.3695652173913043
2021-05-31T00:00:00.000,13:50,40.86261,-73.82679,0,0,0,0,4086,-7382,0.3611111111111111
2021-05-26T00:00:00.000,19:39,40.866333,-73.92501,2,0,1,1,4086,-7392,0.359375
2021-05-31T00:00:00.000,15:46,40.863705,-73.87207,1,0,1,1,4086,-7387,0.34545454545454546
2021-10-02T00:00:00.000,10:40,40.680016,-73.87743,1,0,1,1,4068,-7387,0.24719101123595505
2021-05-31T00:00:00.000,15:45,40.6586,-74.00339,0,0,0,0,4065,-7400,0.41509433962264153
2021-05-31T00:00:00.000,20:19,40.636272,-73.9513,2,0,1,1,4063,-7395,0.48484848484848486
2021-05-31T00:00:00.000,16:45,40.67708,-73.79318,5,0,1,1,4067,-7379,0.4264705882352941
2021-05-31T00:00:00.000,3:45,40.633583,-74.00797,0,0,0,0,4063,-7400,0.3068181818181818
2021-05-31T00:00:00.000,10:25,40.849907,-73.85225,0,0,0,0,4084,-7385,0.32727272727272727
2021-05-28T00:00:00.000,9:00,40.844204,-73.89742,0,0,0,0,4084,-7389,0.33766233766233766
2021-05-31T00:00:00.000,21:00,40.68821,-73.96583,1,0,1,1,4068,-7396,0.42567567567567566
2021-05-31T00:00:00.000,19:30,40.665474,-73.74751,0,0,0,0,4066,-7374,0.3698630136986301
2021-05-31T00:00:00.000,23:00,40.811787,-73.90465,0,0,0,0,4081,-7390,0.3888888888888889
2021-05-31T00:00:00.000,18:30,40.681503,-73.904106,1,0,1,1,4068,-7390,0.4421052631578947
2021-05-31T00:00:00.000,20:45,40.669895,-73.909386,1,0,1,1,4066,-7390,0.2777777777777778
2021-05-31T00:00:00.000,17:00,40.67816,-73.897484,0,0,0,0,4067,-7389,0.33852140077821014
2021-05-26T00:00:00.000,15:23,40.75173,-73.88183,1,0,1,1,4075,-7388,0.3402061855670103
2021-05-19T00:00:00.000,20:49,40.702454,-73.859406,1,0,1,1,4070,-7385,0.39436619718309857
2021-05-31T00:00:00.000,14:20,40.60097,-73.98762,0,0,0,0,4060,-7398,0.2711864406779661
2021-05-31T00:00:00.000,18:00,40.697575,-73.984055,0,0,0,0,4069,-7398,0.3229166666666667
2021-05-31T00:00:00.000,11:07,40.62735,-74.078705,0,0,0,0,4062,-7407,0.35714285714285715
2021-05-31T00:00:00.000,23:00,40.6271,-74.12514,0,0,0,0,4062,-7412,0.21739130434782608
2021-05-28T00:00:00.000,16:35,40.723625,-74.00479,1,0,1,1,4072,-7400,0.32926829268292684
2021-05-31T00:00:00.000,14:45,40.886448,-73.84577,0,0,0,0,4088,-7384,0.4153846153846154
2021-10-02T00:00:00.000,15:00,40.67948,-73.75741,1,0,1,1,4067,-7375,0.2608695652173913
2021-10-02T00:00:00.000,21:19,40.831944,-73.91987,0,0,0,0,4083,-7391,0.33714285714285713
2021-09-18T00:00:00.000,0:00,40.897144,-73.88029,1,0,1,1,4089,-7388,0.5
2021-10-02T00:00:00.000,19:40,40.741642,-73.997444,0,0,0,0,4074,-7399,0.3333333333333333
2021-10-01T00:00:00.000,8:20,40.68951,-73.827545,0,0,0,0,4068,-7382,0.41975308641975306
2022-03-25T00:00:00.000,8:00,40.74777,-74.000404,0,0,0,0,4074,-7400,0.27710843373493976
2021-10-02T00:00:00.000,3:30,40.76161,-73.97076,2,0,1,1,4076,-7397,0.37
2021-09-29T00:00:00.000,14:40,40.642292,-73.90449,0,0,0,0,4064,-7390,0.4017094017094017
2021-09-30T00:00:00.000,21:05,40.7522,-73.99348,1,0,1,1,4075,-7399,0.2830188679245283
2021-10-02T00:00:00.000,16:41,40.759293,-73.92646,1,0,1,1,4075,-7392,0.48148148148148145
2021-10-02T00:00:00.000,16:09,40.718094,-74.001335,0,0,0,0,4071,-7400,0.25517241379310346
2021-10-02T00:00:00.000,20:18,40.64485,-73.911125,1,0,1,1,4064,-7391,0.39805825242718446
2021-09-29T00:00:00.000,11:05,40.641186,-73.91956,0,0,0,0,4064,-7391,0.39805825242718446
2021-10-02T00:00:00.000,20:45,40.81404,-73.9367,2,0,1,1,4081,-7393,0.32432432432432434
2021-10-02T00:00:00.000,9:00,40.8283,-73.92447,0,0,0,0,4082,-7392,0.3333333333333333
2021-10-01T00:00:00.000,19:20,40.6041,-74.06908,0,0,0,0,4060,-7406,0.3076923076923077
2021-09-27T00:00:00.000,12:38,40.6874614,-73.9064878,0,0,0,0,4068,-7390,0.4421052631578947
2021-10-02T00:00:00.000,11:40,40.74669,-73.992096,0,0,0,0,4074,-7399,0.3333333333333333
2021-10-02T00:00:00.000,23:58,40.729527,-73.7444,0,0,0,0,4072,-7374,0.44
2021-10-02T00:00:00.000,17:05,40.673992,-73.73508,0,0,0,0,4067,-7373,0.46835443037974683
2021-09-27T00:00:00.000,4:45,40.85586,-73.89462,2,0,1,1,4085,-7389,0.3353658536585366
2021-10-02T00:00:00.000,3:00,40.606686,-73.75015,0,0,0,0,4060,-7375,0.17117117117117117
2021-10-02T00:00:00.000,13:06,40.701527,-73.98957,1,0,1,1,4070,-7398,0.21568627450980393
2021-10-02T00:00:00.000,20:15,40.672314,-73.8036,1,0,1,1,4067,-7380,0.24615384615384617
2021-10-02T00:00:00.000,20:03,40.651424,-74.00742,1,0,1,1,4065,-7400,0.41509433962264153
2021-10-02T00:00:00.000,9:20,40.642006,-73.9646,0,0,0,0,4064,-7396,0.4714285714285714
2021-10-02T00:00:00.000,1:00,40.60545,-74.092636,0,0,0,0,4060,-7409,0.36363636363636365
2021-10-02T00:00:00.000,3:09,40.62015,-74.02301,0,0,0,0,4062,-7402,0.3625
2021-10-01T00:00:00.000,15:30,40.884842,-73.91348,0,0,0,0,4088,-7391,0.23076923076923078
2022-03-27T00:00:00.000,13:40,40.753487,-73.93795,0,0,0,0,4075,-7393,0.43478260869565216
2021-09-30T00:00:00.000,7:35,40.68772,-73.79988,1,0,1,1,4068,-7379,0.35
2021-09-28T00:00:00.000,10:45,40.72339,-73.95628,0,0,0,0,4072,-7395,0.22093023255813954
2021-09-25T00:00:00.000,7:30,40.851723,-73.89165,0,0,0,0,4085,-7389,0.3353658536585366
2021-09-08T00:00:00.000,8:30,40.691864,-73.83579,1,0,1,1,4069,-7383,0.35555555555555557
2021-10-02T00:00:00.000,19:05,40.73722,-73.9814,0,0,0,0,4073,-7398,0.36942675159235666
2021-10-02T00:00:00.000,6:55,40.818798,-73.89213,1,0,1,1,4081,-7389,0.31543624161073824
2021-10-02T00:00:00.000,6:30,40.604218,-74.14058,0,0,0,0,4060,-7414,0.4074074074074074
2021-10-02T00:00:00.000,18:50,40.65416,-73.92483,1,0,1,1,4065,-7392,0.35555555555555557
2021-10-02T00:00:00.000,13:22,40.605064,-73.74954,0,0,0,0,4060,-7374,0.15789473684210525
2021-10-02T00:00:00.000,11:33,40.789124,-73.94294,0,0,0,0,4078,-7394,0.33513513513513515
2021-10-01T00:00:00.000,7:09,40.75914,-73.968346,0,0,0,0,4075,-7396,0.4788732394366197
2021-10-02T00:00:00.000,8:20,40.7317,-73.87188,1,0,1,1,4073,-7387,0.3140495867768595
2021-10-02T00:00:00.000,7:45,40.678402,-73.80769,0,0,0,0,4067,-7380,0.24615384615384617
2021-10-02T00:00:00.000,16:00,40.88713,-73.863594,0,0,0,0,4088,-7386,0.23809523809523808
2021-10-02T00:00:00.000,17:45,40.72225,-74.00592,0,0,0,0,4072,-7400,0.32926829268292684
2022-04-01T00:00:00.000,20:55,0.0,0.0,0,0,0,0,0,0,0.40425531914893614
2021-09-25T00:00:00.000,7:29,40.83859,-73.85188,0,0,0,0,4083,-7385,0.30158730158730157
2021-10-02T00:00:00.000,0:33,40.868015,-73.89997,0,0,0,0,4086,-7389,0.40606060606060607
2021-10-02T00:00:00.000,14:25,40.72924,-73.8152,0,0,0,0,4072,-7381,0.2926829268292683
2021-10-02T00:00:00.000,20:17,40.86848,-73.918564,0,0,0,0,4086,-7391,0.38016528925619836
2021-10-01T00:00:00.000,21:09,40.828278,-73.907036,1,0,1,1,4082,-7390,0.3025210084033613
2021-08-07T00:00:00.000,16:30,40.678757,-73.95869,0,0,0,0,4067,-7395,0.3695652173913043
2021-10-02T00:00:00.000,14:00,40.657784,-73.77032,0,0,0,0,4065,-7377,0.3125
2021-10-02T00:00:00.000,11:50,40.826088,-73.86121,1,0,1,1,4082,-7386,0.3493975903614458
2021-10-02T00:00:00.000,22:09,40.66696,-73.89262,0,0,0,0,4066,-7389,0.3103448275862069
2021-10-02T00:00:00.000,13:29,40.5956,-73.94098,0,0,0,0,4059,-7394,0.275
2021-10-02T00:00:00.000,16:19,40.66004,-73.91509,1,0,1,1,4066,-7391,0.3630952380952381
2021-10-02T00:00:00.000,18:10,40.69889,-73.91753,0,0,0,0,4069,-7391,0.2709677419354839
2021-10-02T00:00:00.000,10:00,40.708668,-73.89997,0,0,0,0,4070,-7389,0.2711864406779661
2021-10-02T00:00:00.000,12:25,40.649548,-73.958496,1,0,1,1,4064,-7395,0.4796747967479675
2021-10-02T00:00:00.000,14:05,40.607605,-74.08843,0,0,0,0,4060,-7408,0.3235294117647059
2021-10-01T00:00:00.000,16:46,40.674503,-73.83773,0,0,0,0,4067,-7383,0.48148148148148145
2021-10-02T00:00:00.000,13:02,40.632847,-73.928375,4,0,1,1,4063,-7392,0.4036697247706422
2021-08-03T00:00:00.000,3:00,40.694546,-73.92724,0,0,0,0,4069,-7392,0.3584905660377358
2021-10-02T00:00:00.000,15:15,40.68963,-73.98575,0,0,0,0,4068,-7398,0.3873239436619718
2022-03-30T00:00:00.000,14:45,40.73814,-74.0056,0,0,0,0,4073,-7400,0.2403846153846154
2021-10-02T00:00:00.000,0:56,40.725994,-73.89843,1,0,1,1,4072,-7389,0.41379310344827586
2021-10-02T00:00:00.000,19:41,40.749603,-73.97951,0,0,0,0,4074,-7397,0.4810810810810811
2021-10-02T00:00:00.000,20:34,40.71307,-73.75362,0,0,0,0,4071,-7375,0.3269230769230769
2021-09-20T00:00:00.000,16:30,40.745796,-73.982285,1,0,1,1,4074,-7398,0.40131578947368424
2021-10-02T00:00:00.000,16:44,40.885204,-73.857544,0,0,0,0,4088,-7385,0.36619718309859156
2021-10-02T00:00:00.000,15:05,40.816406,-73.92778,0,0,0,0,4081,-7392,0.4714285714285714
2021-09-29T00:00:00.000,17:00,40.827656,-73.8861,0,0,0,0,4082,-7388,0.27624309392265195
2021-09-29T00:00:00.000,16:32,40.69308,-73.85372,1,0,1,1,4069,-7385,0.34
2021-10-02T00:00:00.000,12:30,40.80652,-73.944595,0,0,0,0,4080,-7394,0.41116751269035534
2021-10-02T00:00:00.000,2:49,40.71042,-73.85964,1,0,1,1,4071,-7385,0.4418604651162791
2021-10-02T00:00:00.000,16:30,40.678528,-73.977394,0,0,0,0,4067,-7397,0.2818181818181818
2021-10-02T00:00:00.000,19:00,40.66045,-73.86719,0,0,0,0,4066,-7386,0.35
2021-10-02T00:00:00.000,13:30,40.67725,-73.826096,0,0,0,0,4067,-7382,0.4186046511627907
2021-10-02T00:00:00.000,22:53,40.64479,-74.01433,3,0,1,1,4064,-7401,0.4295774647887324
2021-10-01T00:00:00.000,20:48,40.842915,-73.9366,0,0,0,0,4084,-7393,0.32786885245901637
2021-10-01T00:00:00.000,20:30,40.753475,-73.9906,0,0,0,0,4075,-7399,0.2830188679245283
2021-10-02T00:00:00.000,4:04,40.807808,-73.92384,0,0,0,0,4080,-7392,0.3141025641025641
2021-10-02T00:00:00.000,9:05,40.756382,-73.96433,1,0,1,1,4075,-7396,0.4788732394366197
2021-10-02T00:00:00.000,13:50,40.609108,-73.74685,0,0,0,0,4060,-7374,0.15789473684210525
2021-10-02T00:00:00.000,22:59,40.589108,-73.80101,0,0,0,0,4058,-7380,0.4
2021-09-27T00:00:00.000,7:00,40.72257,-73.75729,0,0,0,0,4072,-7375,0.2727272727272727
2021-10-02T00:00:00.000,16:00,40.748913,-73.9374,1,0,1,1,4074,-7393,0.3333333333333333
2021-10-02T00:00:00.000,13:00,40.667522,-73.78063,1,0,1,1,4066,-7378,0.34615384615384615
2021-10-02T00:00:00.000,18:02,40.7224,-73.99165,1,0,1,1,4072,-7399,0.3829787234042553
2021-10-02T00:00:00.000,13:45,40.886967,-73.90856,0,0,0,0,4088,-7390,0.2702702702702703
2021-10-02T00:00:00.000,2:46,40.84497,-73.90247,0,1,2,1,4084,-7390,0.366120218579235
2021-10-02T00:00:00.000,8:20,40.84721,-73.93979,1,0,1,1,4084,-7393,0.32786885245901637
2021-10-02T00:00:00.000,7:44,40.692776,-73.95769,1,0,1,1,4069,-7395,0.30952380952380953
2021-10-02T00:00:00.000,18:16,40.80256,-73.943,1,0,1,1,4080,-7394,0.41116751269035534
2021-10-02T00:00:00.000,14:00,40.64,-73.90194,0,0,0,0,4064,-7390,0.4017094017094017
2021-10-02T00:00:00.000,14:36,40.812603,-73.94567,2,0,1,1,4081,-7394,0.38
2021-09-27T00:00:00.000,7:20,40.69663,-73.91857,1,0,1,1,4069,-7391,0.2709677419354839
2021-10-02T00:00:00.000,1:30,40.823982,-73.952255,0,0,0,0,4082,-7395,0.4117647058823529
2021-10-02T00:00:00.000,20:24,40.81883,-73.8171,2,0,1,1,4081,-7381,0.25
2021-10-02T00:00:00.000,17:25,40.865383,-73.89348,0,0,0,0,4086,-7389,0.40606060606060607
2021-10-02T00:00:00.000,14:20,0.0,0.0,1,0,1,1,0,0,0.40425531914893614
2021-09-03T00:00:00.000,20:14,40.624603,-74.079605,1,0,1,1,4062,-7407,0.35714285714285715
2021-10-01T00:00:00.000,14:54,40.635014,-73.89727,0,0,0,0,4063,-7389,0.41818181818181815
2021-10-02T00:00:00.000,13:10,40.66153,-73.95149,0,0,0,0,4066,-7395,0.44375
2021-10-02T00:00:00.000,13:30,40.751575,-73.982285,0,0,0,0,4075,-7398,0.3170731707317073
2021-10-02T00:00:00.000,22:47,40.69003,-73.93048,1,0,1,1,4069,-7393,0.3141025641025641
2021-10-02T00:00:00.000,13:37,40.799976,-73.958626,1,0,1,1,4079,-7395,0.42
2021-10-02T00:00:00.000,12:15,40.70736,-73.93978,0,0,0,0,4070,-7393,0.3300970873786408
2021-10-02T00:00:00.000,10:30,40.858418,-73.88514,0,0,0,0,4085,-7388,0.3
2021-10-02T00:00:00.000,17:52,40.671925,-73.904526,0,0,0,0,4067,-7390,0.3282442748091603
2021-10-02T00:00:00.000,3:55,40.904293,-73.89989,0,0,0,0,4090,-7389,0.2727272727272727
2021-10-02T00:00:00.000,15:00,40.592087,-73.786255,0,0,0,0,4059,-7378,0.14705882352941177
2021-10-02T00:00:00.000,20:18,40.874638,-73.909744,1,0,1,1,4087,-7390,0.3184713375796178
2021-10-02T00:00:00.000,7:15,40.599537,-74.13154,0,0,0,0,4059,-7413,0.0
2021-10-01T00:00:00.000,13:47,40.722424,-73.94094,1,0,1,1,4072,-7394,0.19801980198019803
2021-09-25T00:00:00.000,6:00,40.767494,-73.95933,0,0,0,0,4076,-7395,0.3696969696969697
2022-03-31T00:00:00.000,8:13,40.862953,-73.89066,1,0,1,1,4086,-7389,0.40606060606060607
2021-10-02T00:00:00.000,20:56,40.66968,-73.91075,0,0,0,0,4066,-7391,0.3630952380952381
2021-10-02T00:00:00.000,19:20,40.57655,-73.966385,1,0,1,1,4057,-7396,0.3191489361702128
2021-10-02T00:00:00.000,11:50,40.59892,-73.75677,0,0,0,0,4059,-7375,0.17777777777777778
2021-10-01T00:00:00.000,15:25,40.726547,-73.94838,0,0,0,0,4072,-7394,0.19801980198019803
2021-10-02T00:00:00.000,15:20,40.754803,-73.84501,0,0,0,0,4075,-7384,0.25
2021-10-02T00:00:00.000,13:08,40.661533,-73.878845,0,0,0,0,4066,-7387,0.38461538461538464
2021-10-02T00:00:00.000,17:30,40.770527,-73.892654,0,0,0,0,4077,-7389,0.35
2021-10-01T00:00:00.000,17:43,40.58037,-74.099525,0,0,0,0,4058,-7409,0.15625
2021-09-29T00:00:00.000,21:00,40.686497,-73.9168,0,0,0,0,4068,-7391,0.344
2021-10-02T00:00:00.000,14:10,40.64671,-73.95811,4,0,1,1,4064,-7395,0.4796747967479675
2021-10-02T00:00:00.000,14:58,40.830906,-73.8736,0,0,0,0,4083,-7387,0.38414634146341464
2021-10-02T00:00:00.000,2:04,40.64883,-73.90492,1,0,1,1,4064,-7390,0.4017094017094017
2021-10-02T00:00:00.000,18:15,40.65619,-73.930855,1,0,1,1,4065,-7393,0.44366197183098594
2021-10-02T00:00:00.000,19:00,40.664295,-73.83938,6,0,1,1,4066,-7383,0.5
2021-10-02T00:00:00.000,13:48,40.83236,-73.85329,0,0,0,0,4083,-7385,0.30158730158730157
2021-10-02T00:00:00.000,3:48,40.82817,-73.86265,0,0,0,0,4082,-7386,0.3493975903614458
2021-10-02T00:00:00.000,15:43,40.76696,-73.96386,0,0,0,0,4076,-7396,0.3023255813953488
2021-09-29T00:00:00.000,17:48,40.86315,-73.90907,2,0,1,1,4086,-7390,0.42748091603053434
2021-09-24T00:00:00.000,12:30,40.753826,-73.7568,0,0,0,0,4075,-7375,0.3333333333333333
2021-10-02T00:00:00.000,18:44,40.67236,-74.01124,0,0,0,0,4067,-7401,0.32142857142857145
2021-10-02T00:00:00.000,9:00,40.74959,-74.00279,0,0,0,0,4074,-7400,0.27710843373493976
2021-09-18T00:00:00.000,15:52,40.760155,-73.99676,2,0,1,1,4076,-7399,0.3275862068965517
2021-09-19T00:00:00.000,19:08,40.60981,-73.92251,1,0,1,1,4060,-7392,0.3333333333333333
2021-09-27T00:00:00.000,10:50,40.61632,-74.15936,0,0,0,0,4061,-7415,0.3333333333333333
2021-10-02T00:00:00.000,11:00,40.739635,-73.86074,1,0,1,1,4073,-7386,0.3464566929133858
2021-10-02T00:00:00.000,19:43,40.588486,-73.98552,0,0,0,0,4058,-7398,0.4
2021-10-02T00:00:00.000,18:00,40.835873,-73.8699,0,0,0,0,4083,-7386,0.24822695035460993
2021-10-02T00:00:00.000,2:10,40.714066,-73.94938,1,0,1,1,4071,-7394,0.3710691823899371
2021-06-25T00:00:00.000,10:30,40.81782,-73.915276,1,0,1,1,4081,-7391,0.47244094488188976
2021-10-01T00:00:00.000,17:25,40.794613,-73.9321,0,0,0,0,4079,-7393,0.36585365853658536
2021-10-02T00:00:00.000,3:00,40.61179,-73.987206,0,0,0,0,4061,-7398,0.3698630136986301
2021-10-02T00:00:00.000,2:25,40.603503,-74.0673374,0,0,0,0,4060,-7406,0.3076923076923077
2021-12-19T00:00:00.000,23:35,40.726444,-73.76579,1,0,1,1,4072,-7376,0.5
2022-03-30T00:00:00.000,20:10,40.620914,-73.9753,1,0,1,1,4062,-7397,0.38666666666666666
2022-03-25T00:00:00.000,15:37,40.676548,-73.96354,0,0,0,0,4067,-7396,0.3466666666666667
2022-03-30T00:00:00.000,10:00,40.640465,-74.08796,0,0,0,0,4064,-7408,0.2894736842105263
2022-03-31T00:00:00.000,18:50,40.822716,-73.9032,1,0,1,1,4082,-7390,0.3025210084033613
2022-03-20T00:00:00.000,1:05,40.721474,-73.98383,1,0,1,1,4072,-7398,0.4342105263157895
2022-03-30T00:00:00.000,18:31,40.670403,-73.85629,0,0,0,0,4067,-7385,0.26666666666666666
2022-03-22T00:00:00.000,6:10,40.69985,-73.991035,0,0,0,0,4069,-7399,0.29473684210526313
2022-04-01T00:00:00.000,1:17,40.70281,-73.74387,0,0,0,0,4070,-7374,0.3333333333333333
2022-03-31T00:00:00.000,15:36,40.762283,-73.827446,0,0,0,0,4076,-7382,0.2987012987012987
2022-03-30T00:00:00.000,21:30,40.666233,-73.761,0,0,0,0,4066,-7376,0.30434782608695654
2022-04-01T00:00:00.000,10:47,40.83677,-73.88597,0,0,0,0,4083,-7388,0.26717557251908397
2022-03-30T00:00:00.000,2:30,40.688698,-73.942085,1,0,1,1,4068,-7394,0.4409448818897638
2021-12-11T00:00:00.000,3:10,40.833916,-73.879654,0,0,0,0,4083,-7387,0.38414634146341464
2021-12-26T00:00:00.000,23:11,40.637096,-73.93465,0,0,0,0,4063,-7393,0.46153846153846156
2021-12-28T00:00:00.000,0:00,40.837166,-73.88718,0,0,0,0,4083,-7388,0.26717557251908397
2021-12-24T00:00:00.000,9:16,40.894875,-73.88219,1,0,1,1,4089,-7388,0.5
2021-12-28T00:00:00.000,0:25,40.760777,-73.95702,1,0,1,1,4076,-7395,0.3696969696969697
2021-12-28T00:00:00.000,16:00,40.762966,-73.973976,0,0,0,0,4076,-7397,0.37
2021-12-24T00:00:00.000,12:22,40.613277,-73.9717,0,0,0,0,4061,-7397,0.421875
2021-12-28T00:00:00.000,12:55,40.76322,-73.77481,0,0,0,0,4076,-7377,0.20588235294117646
2021-12-14T00:00:00.000,7:35,40.677414,-73.93033,0,0,0,0,4067,-7393,0.3755868544600939
2021-12-28T00:00:00.000,0:07,40.68662,-73.82319,1,0,1,1,4068,-7382,0.41975308641975306
2021-12-28T00:00:00.000,6:37,40.724285,-73.9756,0,0,0,0,4072,-7397,0.3283582089552239
2021-12-12T00:00:00.000,19:50,40.8666,-73.895454,1,0,1,1,4086,-7389,0.40606060606060607
2021-12-28T00:00:00.000,9:30,40.684135,-73.82413,1,0,1,1,4068,-7382,0.41975308641975306
2021-12-28T00:00:00.000,14:40,40.653778,-73.931145,1,0,1,1,4065,-7393,0.44366197183098594
2021-12-26T00:00:00.000,10:00,40.75769,-73.86446,0,0,0,0,4075,-7386,0.33653846153846156
2021-12-12T00:00:00.000,1:00,40.706978,-73.813065,0,0,0,0,4070,-7381,0.3194444444444444
2021-11-23T00:00:00.000,10:00,40.686203,-73.950745,1,0,1,1,4068,-7395,0.38571428571428573
2021-12-28T00:00:00.000,21:49,40.77228,-73.80708,0,0,0,0,4077,-7380,0.25
2021-12-28T00:00:00.000,9:05,40.79009,-73.797485,0,0,0,0,4079,-7379,0.5
2021-12-28T00:00:00.000,12:45,40.606762,-74.16583,1,0,1,1,4060,-7416,0.42857142857142855
2021-12-28T00:00:00.000,11:09,40.77962,-73.80217,0,0,0,0,4077,-7380,0.25
2021-12-28T00:00:00.000,17:58,40.734314,-73.93803,2,0,1,1,4073,-7393,0.38461538461538464
2021-12-28T00:00:00.000,9:20,40.832,-73.89643,1,0,1,1,4083,-7389,0.3333333333333333
2021-12-28T00:00:00.000,7:57,40.68976,-73.85619,0,0,0,0,4068,-7385,0.43103448275862066
2021-12-28T00:00:00.000,16:57,40.597553,-73.99117,0,0,0,0,4059,-7399,0.3076923076923077
2021-12-24T00:00:00.000,17:25,40.84224,-73.84406,1,0,1,1,4084,-7384,0.4222222222222222
2021-12-24T00:00:00.000,7:49,40.794132,-73.94282,3,0,1,1,4079,-7394,0.3523809523809524
2021-12-10T00:00:00.000,13:30,40.69133,-73.95177,0,0,0,0,4069,-7395,0.30952380952380953
2021-12-28T00:00:00.000,23:05,40.754093,-73.99209,1,0,1,1,4075,-7399,0.2830188679245283
2021-12-28T00:00:00.000,14:31,40.67193,-73.89106,0,0,0,0,4067,-7389,0.33852140077821014
2021-12-28T00:00:00.000,4:30,40.78679,-73.823425,1,0,1,1,4078,-7382,0.3
2021-12-28T00:00:00.000,11:41,40.735653,-73.851006,1,0,1,1,4073,-7385,0.3619047619047619
2021-12-28T00:00:00.000,19:00,40.755978,-73.88144,0,0,0,0,4075,-7388,0.3402061855670103
2021-12-23T00:00:00.000,0:26,40.67268,-73.953026,0,0,0,0,4067,-7395,0.3695652173913043
2021-12-28T00:00:00.000,8:25,40.828407,-73.93125,1,0,1,1,4082,-7393,0.36645962732919257
2021-12-28T00:00:00.000,7:40,40.83196,-73.9439,0,0,0,0,4083,-7394,0.38926174496644295
2021-12-28T00:00:00.000,23:42,40.66955,-73.94497,0,0,0,0,4066,-7394,0.36792452830188677
2021-12-27T00:00:00.000,16:47,40.6097,-73.965096,1,0,1,1,4060,-7396,0.5714285714285714
2021-12-28T00:00:00.000,10:00,40.810177,-73.91397,0,0,0,0,4081,-7391,0.47244094488188976
2021-12-27T00:00:00.000,0:02,40.668648,-73.92835,0,0,0,0,4066,-7392,0.355
2021-12-28T00:00:00.000,17:20,40.753635,-73.91893,3,0,1,1,4075,-7391,0.4777777777777778
2021-12-22T00:00:00.000,10:00,40.87314,-73.90572,1,0,1,1,4087,-7390,0.3184713375796178
2021-12-28T00:00:00.000,20:00,40.81431,-73.92102,0,0,0,0,4081,-7392,0.4714285714285714
2021-12-21T00:00:00.000,13:50,40.88414,-73.90602,0,0,0,0,4088,-7390,0.2702702702702703
2021-12-28T00:00:00.000,19:53,40.811043,-73.88073,4,0,1,1,4081,-7388,0.25471698113207547
2021-12-26T00:00:00.000,14:30,40.60805,-74.15736,0,0,0,0,4060,-7415,0.3076923076923077
2022-03-31T00:00:00.000,20:15,40.665245,-73.73709,0,0,0,0,4066,-7373,0.44339622641509435
2021-12-28T00:00:00.000,18:30,40.75906,-73.97262,2,0,1,1,4075,-7397,0.375886524822695
2021-12-24T00:00:00.000,17:00,40.728943,-73.88299,0,0,0,0,4072,-7388,0.4
2021-12-28T00:00:00.000,23:00,40.719845,-73.94726,1,0,1,1,4071,-7394,0.3710691823899371
2021-12-21T00:00:00.000,22:00,40.746548,-73.87975,0,0,0,0,4074,-7387,0.25663716814159293
2021-12-28T00:00:00.000,1:52,40.820145,-73.890656,0,0,0,0,4082,-7389,0.37423312883435583
2021-12-28T00:00:00.000,9:00,40.599754,-73.750114,0,0,0,0,4059,-7375,0.17777777777777778
2021-06-01T00:00:00.000,8:08,40.76015,-73.9988,0,1,2,1,4076,-7399,0.3275862068965517
2021-12-27T00:00:00.000,15:45,40.699715,-73.96182,0,0,0,0,4069,-7396,0.325
2021-12-28T00:00:00.000,7:30,40.64366,-73.90067,1,0,1,1,4064,-7390,0.4017094017094017
2021-12-28T00:00:00.000,17:50,40.62389,-73.94053,0,0,0,0,4062,-7394,0.41379310344827586
2021-12-28T00:00:00.000,10:45,40.7181,-73.95818,0,0,0,0,4071,-7395,0.36585365853658536
2021-12-28T00:00:00.000,12:00,40.838943,-73.938385,0,0,0,0,4083,-7393,0.3333333333333333
2021-12-26T00:00:00.000,21:25,40.87016,-73.89099,0,0,0,0,4087,-7389,0.3333333333333333
2021-12-23T00:00:00.000,9:20,40.804905,-73.91883,1,0,1,1,4080,-7391,0.38961038961038963
2021-12-28T00:00:00.000,16:11,40.605568,-74.03118,0,0,0,0,4060,-7403,0.3
2021-12-28T00:00:00.000,13:15,40.578938,-73.98522,0,0,0,0,4057,-7398,0.36904761904761907
2021-12-16T00:00:00.000,13:45,40.78533,-73.95175,0,0,0,0,4078,-7395,0.42168674698795183
2021-12-28T00:00:00.000,15:35,40.75928,-73.959274,0,0,0,0,4075,-7395,0.38095238095238093
2021-12-16T00:00:00.000,7:51,40.897808,-73.85262,1,0,1,1,4089,-7385,0.3813559322033898
2021-12-28T00:00:00.000,10:33,40.874214,-73.866104,0,0,0,0,4087,-7386,0.3142857142857143
2021-12-23T00:00:00.000,15:49,40.65661,-73.93091,1,0,1,1,4065,-7393,0.44366197183098594
2021-12-28T00:00:00.000,14:53,40.61437,-73.97096,0,0,0,0,4061,-7397,0.421875
2021-12-28T00:00:00.000,15:45,40.73068,-73.94923,1,0,1,1,4073,-7394,0.5
2021-12-28T00:00:00.000,8:00,40.766357,-73.88756,0,0,0,0,4076,-7388,0.43283582089552236
2021-12-28T00:00:00.000,17:30,40.670887,-73.93649,0,0,0,0,4067,-7393,0.3755868544600939
2021-12-26T00:00:00.000,13:46,40.748955,-73.87136,0,0,0,0,4074,-7387,0.25663716814159293
2021-12-28T00:00:00.000,12:30,40.760586,-73.84592,0,0,0,0,4076,-7384,0.0
2021-12-28T00:00:00.000,20:15,40.856045,-73.84395,0,0,0,0,4085,-7384,0.32432432432432434
2021-12-28T00:00:00.000,12:00,40.743103,-73.879814,0,0,0,0,4074,-7387,0.25663716814159293
2021-12-27T00:00:00.000,8:30,40.827362,-73.86019,0,0,0,0,4082,-7386,0.3493975903614458
2021-12-28T00:00:00.000,3:37,40.673183,-73.81425,3,0,1,1,4067,-7381,0.4230769230769231
2021-12-28T00:00:00.000,14:10,40.624268,-74.01948,1,0,1,1,4062,-7401,0.3829787234042553
2021-12-27T00:00:00.000,20:01,40.64091,-73.994316,0,0,0,0,4064,-7399,0.3442622950819672
2021-12-27T00:00:00.000,0:50,40.663124,-73.92237,2,0,1,1,4066,-7392,0.355
2021-12-28T00:00:00.000,14:20,40.613655,-73.978,1,0,1,1,4061,-7397,0.421875
2021-12-28T00:00:00.000,19:26,40.701912,-73.93699,0,0,0,0,4070,-7393,0.3300970873786408
2021-12-28T00:00:00.000,9:30,40.775738,-73.94882,0,0,0,0,4077,-7394,0.28
2021-12-28T00:00:00.000,4:00,40.713974,-73.953094,0,0,0,0,4071,-7395,0.36585365853658536
2021-12-28T00:00:00.000,14:30,40.880547,-73.86111,1,0,1,1,4088,-7386,0.23809523809523808
2021-12-21T00:00:00.000,14:30,40.67058,-73.93096,0,0,0,0,4067,-7393,0.3755868544600939
2021-12-28T00:00:00.000,9:00,40.71512,-73.83224,0,0,0,0,4071,-7383,0.37349397590361444
2022-04-01T00:00:00.000,11:30,40.67657,-73.94431,0,0,0,0,4067,-7394,0.34074074074074073
2021-12-28T00:00:00.000,11:45,40.763824,-73.926094,0,0,0,0,4076,-7392,0.42105263157894735
2021-12-18T00:00:00.000,23:12,40.876476,-73.904495,0,0,0,0,4087,-7390,0.3184713375796178
2021-12-28T00:00:00.000,21:43,40.719013,-73.79419,0,0,0,0,4071,-7379,0.3888888888888889
2021-12-12T00:00:00.000,5:00,40.71997,-73.992905,1,0,1,1,4071,-7399,0.3263157894736842
2021-12-28T00:00:00.000,11:05,40.8477,-73.90097,0,0,0,0,4084,-7390,0.366120218579235
2021-12-28T00:00:00.000,17:05,40.88809,-73.89254,0,0,0,0,4088,-7389,0.4626865671641791
2021-12-28T00:00:00.000,22:40,40.85814,-73.895744,0,0,0,0,4085,-7389,0.3353658536585366
2021-12-28T00:00:00.000,3:36,40.804523,-73.91199,0,0,0,0,4080,-7391,0.38961038961038963
2021-12-28T00:00:00.000,4:15,40.6606,-74.001274,0,0,0,0,4066,-7400,0.14285714285714285
2021-12-24T00:00:00.000,0:02,40.639153,-73.99142,0,0,0,0,4063,-7399,0.47692307692307695
2021-12-28T00:00:00.000,9:20,0.0,0.0,4,0,1,1,0,0,0.40425531914893614
2021-12-28T00:00:00.000,17:18,40.74697,-73.979,1,0,1,1,4074,-7397,0.4810810810810811
2021-12-25T00:00:00.000,23:40,40.790165,-73.95411,0,0,0,0,4079,-7395,0.42
2021-12-28T00:00:00.000,10:00,40.66257,-73.947426,0,0,0,0,4066,-7394,0.36792452830188677
2021-12-26T00:00:00.000,19:50,40.63578,-73.97597,1,0,1,1,4063,-7397,0.36893203883495146
2021-12-28T00:00:00.000,12:00,40.742786,-73.88264,1,0,1,1,4074,-7388,0.2978723404255319
2022-09-22T00:00:00.000,6:39,40.815304,-73.94371,0,0,0,0,4081,-7394,0.38
2021-04-20T00:00:00.000,16:22,40.674088,-73.79837,1,0,1,1,4067,-7379,0.4264705882352941
2021-06-01T00:00:00.000,15:08,40.62506,-74.13582,1,0,1,1,4062,-7413,0.4074074074074074
2021-05-31T00:00:00.000,17:02,40.634167,-74.02073,1,0,1,1,4063,-7402,0.3877551020408163
2021-12-24T00:00:00.000,10:32,40.79483,-73.95035,0,0,0,0,4079,-7395,0.42
2021-12-28T00:00:00.000,7:45,40.665627,-73.909706,0,0,0,0,4066,-7390,0.2777777777777778
2021-12-22T00:00:00.000,14:55,40.81051,-73.90658,0,0,0,0,4081,-7390,0.3888888888888889
2021-12-23T00:00:00.000,5:55,40.78588,-73.94884,0,0,0,0,4078,-7394,0.33513513513513515
2021-12-21T00:00:00.000,8:00,40.684303,-73.90961,0,0,0,0,4068,-7390,0.4421052631578947
2021-12-28T00:00:00.000,0:09,40.87388,-73.8478,1,0,1,1,4087,-7384,0.47297297297297297
2021-12-28T00:00:00.000,15:00,40.6601,-73.947655,0,0,0,0,4066,-7394,0.36792452830188677
2021-12-28T00:00:00.000,10:30,40.6229,-73.91762,0,0,0,0,4062,-7391,0.3333333333333333
2021-12-28T00:00:00.000,21:05,40.610214,-73.94371,0,0,0,0,4061,-7394,0.48484848484848486
2021-12-28T00:00:00.000,10:30,40.601734,-73.935036,3,0,1,1,4060,-7393,0.4117647058823529
2021-12-28T00:00:00.000,16:25,40.852398,-73.86662,0,0,0,0,4085,-7386,0.33766233766233766
2021-12-28T00:00:00.000,4:10,40.694836,-73.98393,0,0,0,0,4069,-7398,0.3229166666666667
2021-12-28T00:00:00.000,19:33,40.662743,-73.926056,0,0,0,0,4066,-7392,0.355
2021-12-28T00:00:00.000,9:20,40.68281,-74.002846,0,0,0,0,4068,-7400,0.3333333333333333
2021-12-21T00:00:00.000,21:01,40.883038,-73.89964,0,0,0,0,4088,-7389,0.4626865671641791
2021-12-25T00:00:00.000,10:20,40.78722,-73.952065,0,0,0,0,4078,-7395,0.42168674698795183
2021-12-26T00:00:00.000,18:20,40.76152,-73.83293,0,0,0,0,4076,-7383,0.33695652173913043
2021-11-23T00:00:00.000,16:20,40.678585,-73.95207,0,0,0,0,4067,-7395,0.3695652173913043
2021-12-24T00:00:00.000,18:55,40.643646,-73.989784,1,0,1,1,4064,-7398,0.40425531914893614
2021-12-28T00:00:00.000,20:55,40.58406,-73.96901,0,0,0,0,4058,-7396,0.37333333333333335
2021-12-28T00:00:00.000,6:48,40.818798,-73.89213,0,0,0,0,4081,-7389,0.31543624161073824
2021-12-28T00:00:00.000,23:00,40.80194,-73.93414,0,0,0,0,4080,-7393,0.36312849162011174
2021-12-16T00:00:00.000,15:30,40.679203,-73.9553,0,0,0,0,4067,-7395,0.3695652173913043
2021-06-01T00:00:00.000,17:39,40.762486,-73.96298,0,0,0,0,4076,-7396,0.3023255813953488
2021-06-01T00:00:00.000,19:47,40.629883,-73.895775,0,0,0,0,4062,-7389,0.3333333333333333
2021-05-24T00:00:00.000,17:30,40.82488,-73.94472,0,0,0,0,4082,-7394,0.3812154696132597
2021-06-01T00:00:00.000,19:25,40.864254,-73.88813,0,0,0,0,4086,-7388,0.23943661971830985
2021-06-01T00:00:00.000,3:02,40.749283,-73.756645,0,0,0,0,4074,-7375,0.16666666666666666
2021-06-01T00:00:00.000,21:01,40.701187,-73.74148,0,0,0,0,4070,-7374,0.3333333333333333
2021-06-01T00:00:00.000,15:07,40.852535,-73.82799,0,0,0,0,4085,-7382,0.45714285714285713
2021-06-01T00:00:00.000,13:50,40.58862,-73.98373,0,0,0,0,4058,-7398,0.4
2021-06-01T00:00:00.000,0:50,40.670887,-73.93649,2,0,1,1,4067,-7393,0.3755868544600939
2021-05-26T00:00:00.000,23:19,40.64513,-73.948975,0,0,0,0,4064,-7394,0.42342342342342343
2021-06-01T00:00:00.000,0:38,40.69328,-73.9043,0,0,0,0,4069,-7390,0.29591836734693877
2021-06-01T00:00:00.000,13:15,40.58582,-73.96029,0,0,0,0,4058,-7396,0.37333333333333335
2021-05-25T00:00:00.000,13:45,40.596878,-74.16226,0,0,0,0,4059,-7416,0.29411764705882354
2021-05-10T00:00:00.000,23:15,40.709396,-73.90931,0,0,0,0,4070,-7390,0.37894736842105264
2021-06-01T00:00:00.000,19:55,40.59244,-73.78603,0,0,0,0,4059,-7378,0.14705882352941177
2021-06-01T00:00:00.000,0:01,40.656876,-73.895905,0,0,0,0,4065,-7389,0.34965034965034963
2021-06-01T00:00:00.000,12:16,40.880173,-73.87097,0,0,0,0,4088,-7387,0.14583333333333334
2021-06-01T00:00:00.000,22:10,40.66709,-73.76376,0,0,0,0,4066,-7376,0.30434782608695654
2021-06-01T00:00:00.000,0:00,40.83287,-73.90107,0,0,0,0,4083,-7390,0.3064516129032258
2021-06-01T00:00:00.000,7:55,40.824265,-73.94087,0,0,0,0,4082,-7394,0.3812154696132597
2021-06-01T00:00:00.000,10:22,40.719547,-73.9749,4,0,1,1,4071,-7397,0.41509433962264153
2021-06-01T00:00:00.000,9:00,40.849743,-73.89837,0,0,0,0,4084,-7389,0.33766233766233766
2021-05-22T00:00:00.000,8:15,40.74531,-74.000626,0,0,0,0,4074,-7400,0.27710843373493976
2021-06-01T00:00:00.000,16:55,40.69775,-73.81393,1,0,1,1,4069,-7381,0.3902439024390244
2021-06-01T00:00:00.000,8:10,40.836754,-73.875084,0,0,0,0,4083,-7387,0.38414634146341464
2021-06-01T00:00:00.000,9:00,40.79653,-73.97597,0,0,0,0,4079,-7397,0.24210526315789474
2021-05-14T00:00:00.000,14:05,40.666206,-73.92061,0,0,0,0,4066,-7392,0.355
2021-06-01T00:00:00.000,12:45,40.68969,-73.99237,0,0,0,0,4068,-7399,0.17857142857142858
2021-06-01T00:00:00.000,5:30,40.591564,-73.96504,0,0,0,0,4059,-7396,0.38596491228070173
2021-06-01T00:00:00.000,13:16,40.80573,-73.93855,1,0,1,1,4080,-7393,0.36312849162011174
2021-06-01T00:00:00.000,18:15,40.885567,-73.879105,0,0,0,0,4088,-7387,0.14583333333333334
2021-06-01T00:00:00.000,16:22,40.702625,-74.01287,0,0,0,0,4070,-7401,0.140625
2021-06-01T00:00:00.000,10:50,40.83882,-73.94564,0,0,0,0,4083,-7394,0.38926174496644295
2021-06-01T00:00:00.000,16:00,40.724113,-73.79676,0,0,0,0,4072,-7379,0.3333333333333333
2021-06-01T00:00:00.000,8:00,40.81394,-73.948425,0,0,0,0,4081,-7394,0.38
2021-06-01T00:00:00.000,1:22,40.825935,-73.85913,0,0,0,0,4082,-7385,0.27
2021-06-01T00:00:00.000,12:00,40.763897,-73.95323,1,0,1,1,4076,-7395,0.3696969696969697
2021-06-01T00:00:00.000,18:50,40.821697,-73.95292,0,0,0,0,4082,-7395,0.4117647058823529
2021-06-01T00:00:00.000,22:30,40.673767,-73.76381,0,0,0,0,4067,-7376,0.23076923076923078
2021-06-01T00:00:00.000,16:20,40.74357,-73.83772,1,0,1,1,4074,-7383,0.4067796610169492
2021-06-01T00:00:00.000,15:15,40.644547,-74.01091,0,0,0,0,4064,-7401,0.4295774647887324
2021-06-01T00:00:00.000,13:33,40.71517,-74.01016,0,0,0,0,4071,-7401,0.3181818181818182
2021-06-01T00:00:00.000,12:04,0.0,0.0,0,0,0,0,0,0,0.40425531914893614
2021-06-01T00:00:00.000,15:53,40.8156,-73.86163,0,0,0,0,4081,-7386,0.23333333333333334
2021-06-01T00:00:00.000,6:36,40.661545,-73.97941,0,0,0,0,4066,-7397,0.24390243902439024
2021-06-01T00:00:00.000,16:36,40.860954,-73.92651,0,0,0,0,4086,-7392,0.359375
2021-06-01T00:00:00.000,19:18,40.68358,-73.97617,0,0,0,0,4068,-7397,0.3412322274881517
2021-06-01T00:00:00.000,14:10,40.61536,-73.987076,1,0,1,1,4061,-7398,0.3698630136986301
2021-12-28T00:00:00.000,23:08,40.83562,-73.927864,0,0,0,0,4083,-7392,0.310126582278481
2021-06-01T00:00:00.000,17:17,40.607082,-73.94607,1,0,1,1,4060,-7394,0.5217391304347826
2021-06-01T00:00:00.000,16:55,40.809563,-73.92923,2,0,1,1,4080,-7392,0.3141025641025641
2021-06-01T00:00:00.000,14:20,40.818428,-73.847885,0,0,0,0,4081,-7384,0.3333333333333333
2021-06-01T00:00:00.000,18:10,40.680115,-73.75324,3,0,1,1,4068,-7375,0.3877551020408163
2021-06-01T00:00:00.000,10:36,40.728638,-73.88239,0,0,0,0,4072,-7388,0.4
2021-05-25T00:00:00.000,18:10,40.652786,-73.91997,0,0,0,0,4065,-7391,0.425
2021-06-01T00:00:00.000,12:55,40.810627,-73.95828,0,0,0,0,4081,-7395,0.3509933774834437
2021-06-01T00:00:00.000,14:47,40.69731,-73.932274,1,0,1,1,4069,-7393,0.3141025641025641
2021-05-30T00:00:00.000,14:00,40.67005,-73.94213,0,0,0,0,4067,-7394,0.34074074074074073
2021-06-01T00:00:00.000,15:30,40.771023,-73.95365,0,0,0,0,4077,-7395,0.3384615384615385
2021-06-01T00:00:00.000,18:10,40.80943,-73.95544,0,0,0,0,4080,-7395,0.381294964028777
2021-06-01T00:00:00.000,16:05,40.710285,-73.93519,2,0,1,1,4071,-7393,0.2711864406779661
2021-12-28T00:00:00.000,7:00,40.759624,-73.99548,0,0,0,0,4075,-7399,0.2830188679245283
2021-06-01T00:00:00.000,16:55,40.746655,-73.856415,0,0,0,0,4074,-7385,0.35526315789473684
2021-06-01T00:00:00.000,6:00,40.756424,-73.7403,0,0,0,0,4075,-7374,0.3333333333333333
2021-06-01T00:00:00.000,10:30,40.59727,-73.99868,0,0,0,0,4059,-7399,0.3076923076923077
2021-06-01T00:00:00.000,10:30,40.64986,-74.01972,0,0,0,0,4064,-7401,0.4295774647887324
2021-06-01T00:00:00.000,16:29,40.749866,-73.86273,0,0,0,0,4074,-7386,0.3813559322033898
2021-05-20T00:00:00.000,17:40,40.677338,-73.927536,1,0,1,1,4067,-7392,0.39655172413793105
2021-06-01T00:00:00.000,11:25,40.756283,-73.77024,0,0,0,0,4075,-7377,0.24
2021-06-01T00:00:00.000,0:45,40.704716,-73.92875,1,0,1,1,4070,-7392,0.24305555555555555
2021-05-28T00:00:00.000,14:30,40.675198,-73.99936,0,0,0,0,4067,-7399,0.3258426966292135
2021-06-01T00:00:00.000,14:30,40.710773,-73.74041,1,0,1,1,4071,-7374,0.23404255319148937
2021-06-01T00:00:00.000,18:30,40.80719,-73.92431,0,0,0,0,4080,-7392,0.3141025641025641
2021-05-31T00:00:00.000,12:00,40.65214,-73.944885,0,0,0,0,4065,-7394,0.43137254901960786
2021-06-01T00:00:00.000,19:41,40.66642,-73.756584,0,0,0,0,4066,-7375,0.3
2021-06-01T00:00:00.000,17:57,40.90121,-73.84684,0,0,0,0,4090,-7384,0.28205128205128205
2021-06-01T00:00:00.000,14:30,40.6993,-73.91361,0,0,0,0,4069,-7391,0.2709677419354839
2021-06-01T00:00:00.000,15:30,40.733013,-73.76064,0,0,0,0,4073,-7376,0.2857142857142857
2021-06-01T00:00:00.000,17:00,40.734417,-73.84993,0,0,0,0,4073,-7384,0.2682926829268293
2021-05-31T00:00:00.000,22:15,40.817173,-73.861725,3,0,1,1,4081,-7386,0.23333333333333334
2021-06-01T00:00:00.000,0:00,40.702763,-73.85692,1,0,1,1,4070,-7385,0.39436619718309857
2021-06-01T00:00:00.000,11:30,40.845238,-73.900894,0,0,0,0,4084,-7390,0.366120218579235
2021-06-01T00:00:00.000,12:18,40.672073,-73.91135,0,0,0,0,4067,-7391,0.36597938144329895
2021-06-01T00:00:00.000,10:30,40.83009,-73.94542,2,0,1,1,4083,-7394,0.38926174496644295
2021-06-01T00:00:00.000,10:07,40.84636,-73.84463,0,0,0,0,4084,-7384,0.4222222222222222
2021-05-31T00:00:00.000,3:40,40.658836,-73.92046,0,0,0,0,4065,-7392,0.35555555555555557
2021-06-01T00:00:00.000,2:23,40.836746,-73.86336,0,0,0,0,4083,-7386,0.24822695035460993
2021-06-01T00:00:00.000,21:42,40.70807,-73.94333,0,0,0,0,4070,-7394,0.3956043956043956
2021-06-01T00:00:00.000,19:20,40.655487,-73.90287,1,0,1,1,4065,-7390,0.375
2021-06-01T00:00:00.000,9:50,40.719746,-73.93941,0,0,0,0,4071,-7393,0.2711864406779661
2021-12-28T00:00:00.000,17:56,40.771656,-73.83153,0,0,0,0,4077,-7383,0.25
2021-05-29T00:00:00.000,22:35,40.846577,-73.913155,1,0,1,1,4084,-7391,0.32558139534883723
2021-06-01T00:00:00.000,9:16,40.74579,-73.99072,0,0,0,0,4074,-7399,0.3333333333333333
2021-06-01T00:00:00.000,22:40,40.666348,-73.76093,1,0,1,1,4066,-7376,0.30434782608695654
2021-05-04T00:00:00.000,11:50,40.813797,-73.94987,0,0,0,0,4081,-7394,0.38
2021-06-01T00:00:00.000,17:30,40.656315,-73.93961,0,0,0,0,4065,-7393,0.44366197183098594
2021-06-01T00:00:00.000,20:36,40.66695,-73.766335,0,0,0,0,4066,-7376,0.30434782608695654
2021-06-01T00:00:00.000,1:05,40.722115,-73.999596,0,0,0,0,4072,-7399,0.3829787234042553
2021-06-01T00:00:00.000,17:25,40.852715,-73.85771,1,0,1,1,4085,-7385,0.3125
2021-06-01T00:00:00.000,13:49,40.686085,-73.982666,1,0,1,1,4068,-7398,0.3873239436619718
2021-06-01T00:00:00.000,23:20,40.84216,-73.831024,0,0,0,0,4084,-7383,0.4318181818181818
2021-12-28T00:00:00.000,14:46,40.83136,-73.86816,0,0,0,0,4083,-7386,0.24822695035460993
2021-06-01T00:00:00.000,15:47,40.88462,-73.8798,0,0,0,0,4088,-7387,0.14583333333333334
2021-05-14T00:00:00.000,15:55,40.750942,-74.00598,0,0,0,0,4075,-7400,0.3888888888888889
2021-06-01T00:00:00.000,16:31,40.826275,-73.85971,0,0,0,0,4082,-7385,0.27
2021-06-01T00:00:00.000,17:10,40.554417,-74.13047,0,0,0,0,4055,-7413,0.2777777777777778
2021-06-01T00:00:00.000,11:25,40.664963,-73.98982,0,0,0,0,4066,-7398,0.421875
2021-06-01T00:00:00.000,19:30,40.802395,-73.936775,0,0,0,0,4080,-7393,0.36312849162011174
2021-06-01T00:00:00.000,14:50,40.85533,-73.93332,1,0,1,1,4085,-7393,0.36585365853658536
2021-06-01T00:00:00.000,19:15,40.666306,-73.76731,1,0,1,1,4066,-7376,0.30434782608695654
2021-06-01T00:00:00.000,3:43,40.80853,-73.90497,0,0,0,0,4080,-7390,0.36538461538461536
2021-06-01T00:00:00.000,9:25,40.7072,-73.96614,0,0,0,0,4070,-7396,0.3431372549019608
2021-06-01T00:00:00.000,10:26,40.66542,-73.745995,3,0,1,1,4066,-7374,0.3698630136986301
2021-06-01T00:00:00.000,14:55,40.770477,-73.96639,1,0,1,1,4077,-7396,0.3695652173913043
2021-06-01T00:00:00.000,11:35,40.711823,-73.83612,0,0,0,0,4071,-7383,0.37349397590361444
2021-06-01T00:00:00.000,20:10,40.723625,-74.00479,1,0,1,1,4072,-7400,0.32926829268292684
2021-06-01T00:00:00.000,17:36,40.604454,-73.96675,0,0,0,0,4060,-7396,0.5714285714285714
2021-05-28T00:00:00.000,16:48,40.57916,-73.98309,1,0,1,1,4057,-7398,0.36904761904761907
2021-06-01T00:00:00.000,12:34,40.84521,-73.90845,0,0,0,0,4084,-7390,0.366120218579235
2021-06-01T00:00:00.000,10:20,40.67532,-73.79322,0,0,0,0,4067,-7379,0.4264705882352941
2021-05-10T00:00:00.000,14:55,40.695866,-73.96969,0,0,0,0,4069,-7396,0.325
2021-06-01T00:00:00.000,19:15,40.6234,-74.162,0,0,0,0,4062,-7416,0.24444444444444444
2021-06-01T00:00:00.000,8:15,40.71786,-73.96223,1,0,1,1,4071,-7396,0.3218390804597701
2021-06-01T00:00:00.000,15:20,40.79536,-73.96942,1,0,1,1,4079,-7396,0.25
2021-06-01T00:00:00.000,11:08,40.67892,-73.798836,0,0,0,0,4067,-7379,0.4264705882352941
2021-06-01T00:00:00.000,20:38,40.69365,-73.98333,0,0,0,0,4069,-7398,0.3229166666666667
2021-06-01T00:00:00.000,6:50,40.659336,-73.92726,0,0,0,0,4065,-7392,0.35555555555555557
2021-06-01T00:00:00.000,12:03,40.844875,-73.8678,0,0,0,0,4084,-7386,0.375
2021-06-01T00:00:00.000,16:20,40.85401,-73.87187,0,0,0,0,4085,-7387,0.375
2021-05-18T00:00:00.000,6:40,40.674576,-73.92206,0,0,0,0,4067,-7392,0.39655172413793105
2021-06-01T00:00:00.000,0:00,40.634792,-73.896965,0,0,0,0,4063,-7389,0.41818181818181815
2021-06-01T00:00:00.000,13:20,40.743935,-73.85749,0,0,0,0,4074,-7385,0.35526315789473684
2021-06-01T00:00:00.000,22:10,40.660656,-73.885796,1,0,1,1,4066,-7388,0.37012987012987014
2021-06-01T00:00:00.000,16:10,40.84827,-73.86713,2,0,1,1,4084,-7386,0.375
2021-06-01T00:00:00.000,7:15,40.757954,-73.8982,0,0,0,0,4075,-7389,0.4805194805194805
2021-06-01T00:00:00.000,8:00,40.63781,-74.08729,0,0,0,0,4063,-7408,0.2653061224489796
2021-05-28T00:00:00.000,17:17,40.888924,-73.842155,1,0,1,1,4088,-7384,0.4153846153846154
2021-05-31T00:00:00.000,13:30,40.65362,-73.933525,0,0,0,0,4065,-7393,0.44366197183098594
2021-12-16T00:00:00.000,20:20,40.677845,-73.95282,0,0,0,0,4067,-7395,0.3695652173913043
2021-06-01T00:00:00.000,21:47,40.816204,-73.91423,0,0,0,0,4081,-7391,0.47244094488188976
2021-06-01T00:00:00.000,13:00,40.76635,-73.95103,1,0,1,1,4076,-7395,0.3696969696969697
2021-05-21T00:00:00.000,19:15,40.72185,-73.97919,0,0,0,0,4072,-7397,0.3283582089552239
2021-06-01T00:00:00.000,10:38,40.816307,-73.90806,0,0,0,0,4081,-7390,0.3888888888888889
2021-06-01T00:00:00.000,18:50,40.575363,-74.10485,0,0,0,0,4057,-7410,0.3877551020408163
2021-06-01T00:00:00.000,0:00,40.82267,-73.92007,1,0,1,1,4082,-7392,0.3333333333333333
2021-06-01T00:00:00.000,12:15,40.63491,-74.01017,0,0,0,0,4063,-7401,0.37777777777777777
2021-06-01T00:00:00.000,19:49,40.670845,-73.79601,0,0,0,0,4067,-7379,0.4264705882352941
2021-06-01T00:00:00.000,9:35,40.76229,-73.75711,1,0,1,1,4076,-7375,0.3409090909090909
2021-06-01T00:00:00.000,6:20,40.880535,-73.83212,0,1,2,1,4088,-7383,0.3448275862068966
2021-06-01T00:00:00.000,17:10,40.850494,-73.91546,1,0,1,1,4085,-7391,0.373134328358209
2021-06-01T00:00:00.000,17:36,40.68928,-73.86418,0,0,0,0,4068,-7386,0.423728813559322
2021-06-01T00:00:00.000,16:22,40.81126,-73.943985,0,0,0,0,4081,-7394,0.38
2021-06-01T00:00:00.000,10:00,40.664894,-73.875946,1,0,1,1,4066,-7387,0.38461538461538464
2021-06-01T00:00:00.000,16:15,40.724255,-73.91251,0,0,0,0,4072,-7391,0.36
2021-06-01T00:00:00.000,12:53,40.7044,-73.92384,0,0,0,0,4070,-7392,0.24305555555555555
2021-05-31T00:00:00.000,9:00,40.658638,-73.921486,0,0,0,0,4065,-7392,0.35555555555555557
2021-06-01T00:00:00.000,11:54,40.68558,-73.96423,0,0,0,0,4068,-7396,0.42567567567567566
2021-06-01T00:00:00.000,20:55,40.821484,-73.94855,0,0,0,0,4082,-7394,0.3812154696132597
2021-06-01T00:00:00.000,0:05,40.647297,-73.9803,0,0,0,0,4064,-7398,0.40425531914893614
2021-06-01T00:00:00.000,6:30,40.898006,-73.861115,0,0,0,0,4089,-7386,0.28205128205128205
2021-05-28T00:00:00.000,13:10,40.576885,-74.00323,2,0,1,1,4057,-7400,0.3157894736842105
2021-06-01T00:00:00.000,14:29,40.736652,-73.9079,0,0,0,0,4073,-7390,0.42424242424242425
2021-06-01T00:00:00.000,11:20,40.750637,-73.94283,0,0,0,0,4075,-7394,0.41333333333333333
2021-06-01T00:00:00.000,20:30,40.781693,-73.839615,0,0,0,0,4078,-7383,0.2727272727272727
2021-06-01T00:00:00.000,11:56,40.822018,-73.95368,1,0,1,1,4082,-7395,0.4117647058823529
2021-06-01T00:00:00.000,21:10,40.632885,-73.94771,1,0,1,1,4063,-7394,0.358974358974359
2021-06-01T00:00:00.000,7:35,40.74936,-73.88789,1,0,1,1,4074,-7388,0.2978723404255319
2021-06-01T00:00:00.000,18:07,40.764885,-73.8656,2,0,1,1,4076,-7386,0.40298507462686567
2021-12-28T00:00:00.000,22:30,40.71512,-73.77358,0,0,0,0,4071,-7377,0.20967741935483872
2021-06-01T00:00:00.000,22:16,40.708904,-73.95926,0,0,0,0,4070,-7395,0.3475177304964539
2021-05-28T00:00:00.000,20:55,40.8518,-73.909225,0,0,0,0,4085,-7390,0.42207792207792205
2021-06-01T00:00:00.000,14:54,40.824707,-73.91552,0,0,0,0,4082,-7391,0.3355263157894737
2021-06-01T00:00:00.000,1:18,40.682056,-73.990875,0,0,0,0,4068,-7399,0.17857142857142858
2021-06-01T00:00:00.000,22:18,40.583797,-73.941315,0,0,0,0,4058,-7394,0.40816326530612246
2021-06-01T00:00:00.000,13:32,40.703842,-73.941795,1,0,1,1,4070,-7394,0.3956043956043956
2021-05-31T00:00:00.000,14:45,40.6502,-73.91963,0,0,0,0,4065,-7391,0.425
2021-06-01T00:00:00.000,19:45,40.687023,-73.97621,0,0,0,0,4068,-7397,0.3412322274881517
2021-05-29T00:00:00.000,17:55,40.69124,-73.98535,0,0,0,0,4069,-7398,0.3229166666666667
2021-06-01T00:00:00.000,8:00,40.762142,-73.86246,0,0,0,0,4076,-7386,0.40298507462686567
2021-06-01T00:00:00.000,16:45,40.7140707,-73.9543399,2,0,1,1,4071,-7395,0.36585365853658536
2021-06-01T00:00:00.000,1:29,40.746876,-73.95272,1,0,1,1,4074,-7395,0.35185185185185186
2021-06-01T00:00:00.000,17:00,40.818558,-73.92732,1,0,1,1,4081,-7392,0.4714285714285714
2021-06-01T00:00:00.000,5:50,40.66319,-73.93727,0,0,0,0,4066,-7393,0.38578680203045684
2021-06-01T00:00:00.000,20:00,40.854942,-73.88941,0,0,0,0,4085,-7388,0.3
2021-06-01T00:00:00.000,7:32,40.715763,-73.74654,0,0,0,0,4071,-7374,0.23404255319148937
2021-06-01T00:00:00.000,15:00,40.69761,-73.82005,0,0,0,0,4069,-7382,0.37209302325581395
2021-06-01T00:00:00.000,18:00,40.743855,-73.82221,1,0,1,1,4074,-7382,0.4057971014492754
2021-06-01T00:00:00.000,14:00,40.873238,-73.88946,0,0,0,0,4087,-7388,0.3561643835616438
2021-06-01T00:00:00.000,14:20,40.828037,-73.852325,0,0,0,0,4082,-7385,0.27
2021-06-01T00:00:00.000,18:07,40.859074,-73.86755,1,0,1,1,4085,-7386,0.33766233766233766
2021-06-01T00:00:00.000,15:39,40.681988,-73.76634,0,0,0,0,4068,-7376,0.35714285714285715
2021-06-01T00:00:00.000,0:07,40.680294,-73.76282,0,0,0,0,4068,-7376,0.35714285714285715
2021-06-01T00:00:00.000,15:00,40.813374,-73.956276,1,0,1,1,4081,-7395,0.3509933774834437
2021-06-01T00:00:00.000,1:30,40.850933,-73.89589,1,0,1,1,4085,-7389,0.3353658536585366
2021-05-21T00:00:00.000,12:30,40.635853,-74.16619,0,0,0,0,4063,-7416,0.3333333333333333
2021-05-24T00:00:00.000,22:40,40.78866,-73.778625,3,0,1,1,4078,-7377,0.5384615384615384
2021-06-01T00:00:00.000,8:27,40.697556,-73.80498,1,0,1,1,4069,-7380,0.38461538461538464
2021-06-01T00:00:00.000,23:35,40.803696,-73.93792,1,0,1,1,4080,-7393,0.36312849162011174
2021-06-01T00:00:00.000,18:45,40.72452,-73.90626,1,0,1,1,4072,-7390,0.2978723404255319
2021-06-01T00:00:00.000,3:35,40.65217,-73.96141,0,0,0,0,4065,-7396,0.3939393939393939
2021-06-01T00:00:00.000,17:20,40.76148,-73.80479,0,0,0,0,4076,-7380,0.4
2021-06-01T00:00:00.000,7:25,40.70921,-73.87017,0,0,0,0,4070,-7387,0.24324324324324326
2021-06-01T00:00:00.000,18:40,40.828384,-73.90283,0,0,0,0,4082,-7390,0.3025210084033613
2021-06-01T00:00:00.000,0:35,40.68024,-73.89602,0,0,0,0,4068,-7389,0.5
2021-06-01T00:00:00.000,11:00,40.73204,-73.87034,0,0,0,0,4073,-7387,0.3140495867768595
2021-06-01T00:00:00.000,18:00,40.65892,-73.889824,2,0,1,1,4065,-7388,0.41509433962264153
2021-06-01T00:00:00.000,12:55,40.782055,-73.95373,1,0,1,1,4078,-7395,0.42168674698795183
2021-06-01T00:00:00.000,11:50,40.78071,-73.948555,1,0,1,1,4078,-7394,0.33513513513513515
2021-06-01T00:00:00.000,16:30,40.64313,-73.99647,0,0,0,0,4064,-7399,0.3442622950819672
2021-06-01T00:00:00.000,13:10,40.64405,-73.90399,2,0,1,1,4064,-7390,0.4017094017094017
2021-06-01T00:00:00.000,21:00,40.677654,-73.82866,0,0,0,0,4067,-7382,0.4186046511627907
2021-06-01T00:00:00.000,17:03,40.67447,-73.8027,0,0,0,0,4067,-7380,0.24615384615384617
2021-06-01T00:00:00.000,20:30,40.674088,-73.79837,0,0,0,0,4067,-7379,0.4264705882352941
2021-06-01T00:00:00.000,18:20,40.8716,-73.91507,0,0,0,0,4087,-7391,0.25925925925925924
2021-06-01T00:00:00.000,15:23,40.72484,-73.93677,0,0,0,0,4072,-7393,0.36507936507936506
2021-12-27T00:00:00.000,20:30,40.652462,-73.92285,1,0,1,1,4065,-7392,0.35555555555555557
2021-06-01T00:00:00.000,7:52,40.60548,-73.93922,0,0,0,0,4060,-7393,0.4117647058823529
2021-05-30T00:00:00.000,11:25,40.66894,-73.91581,0,0,0,0,4066,-7391,0.3630952380952381
2021-06-01T00:00:00.000,19:00,40.719475,-73.79263,1,0,1,1,4071,-7379,0.3888888888888889
2021-06-01T00:00:00.000,19:49,40.815304,-73.94371,1,0,1,1,4081,-7394,0.38
2021-06-01T00:00:00.000,9:18,40.705578,-73.94119,1,0,1,1,4070,-7394,0.3956043956043956
2021-06-01T00:00:00.000,11:18,40.803593,-73.919785,0,0,0,0,4080,-7391,0.38961038961038963
2021-06-01T00:00:00.000,16:00,40.836502,-73.825165,0,0,0,0,4083,-7382,0.44680851063829785
2021-06-01T00:00:00.000,8:28,40.707077,-73.954025,1,0,1,1,4070,-7395,0.3475177304964539
2021-06-01T00:00:00.000,6:12,40.732727,-73.97451,0,0,0,0,4073,-7397,0.32558139534883723
2021-06-01T00:00:00.000,15:10,40.659912,-73.998604,0,0,0,0,4065,-7399,0.4117647058823529
2021-05-29T00:00:00.000,20:30,40.650856,-73.9486,0,0,0,0,4065,-7394,0.43137254901960786
2021-06-01T00:00:00.000,14:16,40.880466,-73.88384,1,0,1,1,4088,-7388,0.42857142857142855
2021-06-01T00:00:00.000,20:00,40.81636,-73.91876,1,0,1,1,4081,-7391,0.47244094488188976
2021-06-01T00:00:00.000,15:40,40.68989,-73.81819,1,0,1,1,4068,-7381,0.4117647058823529
2021-05-31T00:00:00.000,22:55,40.57699,-73.98153,1,0,1,1,4057,-7398,0.36904761904761907
2021-06-01T00:00:00.000,12:30,40.763344,-73.87731,6,0,1,1,4076,-7387,0.48214285714285715
2021-05-28T00:00:00.000,0:09,40.64625,-73.918816,0,0,0,0,4064,-7391,0.39805825242718446
2021-12-27T00:00:00.000,10:50,40.66925,-73.93944,1,0,1,1,4066,-7393,0.38578680203045684
2021-06-01T00:00:00.000,6:13,40.669765,-73.94869,0,0,0,0,4066,-7394,0.36792452830188677
2021-06-01T00:00:00.000,15:18,40.733154,-73.87056,0,0,0,0,4073,-7387,0.3140495867768595
2021-05-27T00:00:00.000,18:15,40.71071,-73.793045,0,0,0,0,4071,-7379,0.3888888888888889
2021-06-01T00:00:00.000,0:07,40.680313,-73.72879,0,0,0,0,4068,-7372,0.375
2021-06-01T00:00:00.000,17:30,40.865574,-73.82314,0,0,0,0,4086,-7382,0.3611111111111111
2021-06-01T00:00:00.000,15:15,40.72619,-73.952156,1,0,1,1,4072,-7395,0.22093023255813954
2021-06-01T00:00:00.000,20:40,40.782097,-73.79724,1,0,1,1,4078,-7379,0.42105263157894735
2021-06-01T00:00:00.000,9:15,40.66878,-73.9785,0,0,0,0,4066,-7397,0.24390243902439024
2021-06-01T00:00:00.000,13:45,40.691994,-73.76111,0,0,0,0,4069,-7376,0.3392857142857143
2021-06-01T00:00:00.000,12:49,40.8542,-73.854416,1,0,1,1,4085,-7385,0.3125
2021-06-01T00:00:00.000,20:00,40.691074,-73.88733,3,0,1,1,4069,-7388,0.4375
2021-06-01T00:00:00.000,6:45,40.86268,-73.90905,0,0,0,0,4086,-7390,0.42748091603053434
2021-05-30T00:00:00.000,18:12,40.65605,-73.92361,1,0,1,1,4065,-7392,0.35555555555555557
2021-06-01T00:00:00.000,17:38,40.611885,-73.94508,1,0,1,1,4061,-7394,0.48484848484848486
2021-06-01T00:00:00.000,12:15,40.80321,-73.91892,1,0,1,1,4080,-7391,0.38961038961038963
2021-12-28T00:00:00.000,1:07,40.7558,-73.86535,2,0,1,1,4075,-7386,0.33653846153846156
2021-06-01T00:00:00.000,0:45,40.6848,-73.9138,0,0,0,0,4068,-7391,0.344
2021-05-12T00:00:00.000,12:00,40.673996,-73.92785,0,0,0,0,4067,-7392,0.39655172413793105
2021-06-01T00:00:00.000,7:30,40.708508,-74.01336,0,0,0,0,4070,-7401,0.140625
2021-06-01T00:00:00.000,19:30,40.71337,-73.934814,0,0,0,0,4071,-7393,0.2711864406779661
2021-05-31T00:00:00.000,12:44,40.578938,-73.98522,1,0,1,1,4057,-7398,0.36904761904761907
2021-06-01T00:00:00.000,20:10,40.607685,-74.13892,0,0,0,0,4060,-7413,0.41935483870967744
2021-06-01T00:00:00.000,6:31,40.666363,-73.935555,0,0,0,0,4066,-7393,0.38578680203045684
2021-05-30T00:00:00.000,5:15,40.609867,-73.74515,0,0,0,0,4060,-7374,0.15789473684210525
2021-06-01T00:00:00.000,14:50,40.712315,-73.957085,0,0,0,0,4071,-7395,0.36585365853658536
2021-06-01T00:00:00.000,0:07,40.63315,-73.96703,2,0,1,1,4063,-7396,0.34615384615384615
2021-06-01T00:00:00.000,13:40,40.60242,-74.174675,2,0,1,1,4060,-7417,0.5
2021-06-01T00:00:00.000,13:45,40.68593,-73.97635,0,0,0,0,4068,-7397,0.3412322274881517
2021-06-01T00:00:00.000,13:43,40.705425,-73.78258,0,0,0,0,4070,-7378,0.34523809523809523
2021-06-01T00:00:00.000,15:55,40.72089,-73.84682,0,0,0,0,4072,-7384,0.2711864406779661
2021-06-01T00:00:00.000,9:30,40.672665,-73.98828,0,0,0,0,4067,-7398,0.3655913978494624
2021-05-30T00:00:00.000,14:00,40.658478,-73.92818,1,0,1,1,4065,-7392,0.35555555555555557
2021-06-01T00:00:00.000,20:50,40.66468,-73.95101,3,0,1,1,4066,-7395,0.44375
2021-05-27T00:00:00.000,11:38,40.61919,-73.92302,1,0,1,1,4061,-7392,0.2982456140350877
2021-06-01T00:00:00.000,18:00,40.608143,-74.00412,0,0,0,0,4060,-7400,0.24074074074074073
2021-06-01T00:00:00.000,17:52,40.754543,-73.83056,0,0,0,0,4075,-7383,0.37681159420289856
2021-06-01T00:00:00.000,0:30,40.67381,-73.754776,0,0,0,0,4067,-7375,0.2608695652173913
2021-06-01T00:00:00.000,21:50,40.68723,-73.941795,0,0,0,0,4068,-7394,0.4409448818897638
2021-06-01T00:00:00.000,19:46,40.867275,-73.91922,0,0,0,0,4086,-7391,0.38016528925619836
2021-06-01T00:00:00.000,15:53,40.744778,-73.97589,0,0,0,0,4074,-7397,0.4810810810810811
2021-06-01T00:00:00.000,17:00,40.763344,-73.75791,0,0,0,0,4076,-7375,0.3409090909090909
2021-06-01T00:00:00.000,18:15,40.830563,-73.92727,1,0,1,1,4083,-7392,0.310126582278481
2021-12-28T00:00:00.000,23:08,40.77054,-73.93205,1,0,1,1,4077,-7393,0.20833333333333334
2021-12-23T00:00:00.000,21:09,40.8179,-73.86406,1,0,1,1,4081,-7386,0.23333333333333334
2021-12-28T00:00:00.000,16:40,40.696198,-73.98877,1,0,1,1,4069,-7398,0.3229166666666667
2021-12-28T00:00:00.000,22:56,40.81569,-73.958305,1,0,1,1,4081,-7395,0.3509933774834437
2021-12-28T00:00:00.000,14:52,40.714993,-73.99887,0,0,0,0,4071,-7399,0.3263157894736842
2021-11-26T00:00:00.000,2:51,40.749718,-73.86419,1,0,1,1,4074,-7386,0.3813559322033898
2021-12-27T00:00:00.000,12:02,40.639297,-73.98409,1,0,1,1,4063,-7398,0.4827586206896552
2021-12-20T00:00:00.000,14:00,40.673256,-73.9307,1,0,1,1,4067,-7393,0.3755868544600939
2021-12-28T00:00:00.000,3:15,0.0,0.0,0,0,0,0,0,0,0.40425531914893614
2021-12-25T00:00:00.000,22:45,40.856808,-73.92827,0,0,0,0,4085,-7392,0.22
2021-12-28T00:00:00.000,19:20,40.703434,-73.96035,0,0,0,0,4070,-7396,0.3431372549019608
2021-12-23T00:00:00.000,13:50,40.799046,-73.94133,0,0,0,0,4079,-7394,0.3523809523809524
2021-12-28T00:00:00.000,19:40,40.73578,-73.746544,0,0,0,0,4073,-7374,0.21428571428571427
2021-12-27T00:00:00.000,11:30,40.638794,-73.97075,0,0,0,0,4063,-7397,0.36893203883495146
2021-12-27T00:00:00.000,3:30,40.674736,-73.925,2,0,1,1,4067,-7392,0.39655172413793105
2021-12-28T00:00:00.000,20:02,40.671055,-73.98815,0,0,0,0,4067,-7398,0.3655913978494624
2021-12-28T00:00:00.000,15:17,40.75379,-73.91548,2,0,1,1,4075,-7391,0.4777777777777778
2021-12-26T00:00:00.000,13:45,40.82081,-73.81236,0,0,0,0,4082,-7381,0.17647058823529413
2021-12-28T00:00:00.000,17:45,40.65196,-73.90995,1,0,1,1,4065,-7390,0.375
2021-12-28T00:00:00.000,8:30,40.745472,-73.8661,0,0,0,0,4074,-7386,0.3813559322033898
2021-12-28T00:00:00.000,12:50,40.681286,-73.76979,0,0,0,0,4068,-7376,0.35714285714285715
2021-12-18T00:00:00.000,10:28,40.80549,-73.91031,1,0,1,1,4080,-7391,0.38961038961038963
2021-12-28T00:00:00.000,10:30,40.669403,-73.94221,0,0,0,0,4066,-7394,0.36792452830188677
2021-12-28T00:00:00.000,15:05,40.682243,-73.82222,1,0,1,1,4068,-7382,0.41975308641975306
2021-12-23T00:00:00.000,17:14,40.718864,-73.97483,0,0,0,0,4071,-7397,0.41509433962264153
2021-12-24T00:00:00.000,20:21,40.793552,-73.945335,2,0,1,1,4079,-7394,0.3523809523809524
2021-12-01T00:00:00.000,8:00,40.766876,-73.97908,1,0,1,1,4076,-7397,0.37
2021-12-28T00:00:00.000,0:00,40.804375,-73.93742,0,0,0,0,4080,-7393,0.36312849162011174
2021-12-15T00:00:00.000,13:13,40.83717,-73.8433,0,0,0,0,4083,-7384,0.22727272727272727
2021-10-03T00:00:00.000,23:00,40.660114,-73.90149,0,0,0,0,4066,-7390,0.2777777777777778
2021-12-28T00:00:00.000,16:35,40.874992,-73.844246,1,0,1,1,4087,-7384,0.47297297297297297
2021-12-24T00:00:00.000,21:49,40.820534,-73.94054,0,0,0,0,4082,-7394,0.3812154696132597
2021-12-28T00:00:00.000,7:03,40.586296,-74.162994,1,0,1,1,4058,-7416,0.3
2021-12-28T00:00:00.000,23:15,40.74278,-73.82817,2,0,1,1,4074,-7382,0.4057971014492754
2021-12-23T00:00:00.000,15:21,40.790894,-73.945175,1,0,1,1,4079,-7394,0.3523809523809524
2021-12-28T00:00:00.000,10:00,40.644615,-73.926506,0,0,0,0,4064,-7392,0.4077669902912621
2021-12-28T00:00:00.000,1:50,40.75899,-73.83454,0,0,0,0,4075,-7383,0.37681159420289856
2021-12-20T00:00:00.000,16:00,40.74713,-73.88869,1,0,1,1,4074,-7388,0.2978723404255319
2021-12-28T00:00:00.000,0:00,40.824207,-73.87529,0,0,0,0,4082,-7387,0.33544303797468356
2021-12-28T00:00:00.000,11:30,40.762127,-73.99739,0,0,0,0,4076,-7399,0.3275862068965517
2021-12-19T00:00:00.000,1:00,40.864254,-73.88813,2,0,1,1,4086,-7388,0.23943661971830985
2021-12-28T00:00:00.000,6:00,40.70648,-73.94449,0,0,0,0,4070,-7394,0.3956043956043956
2021-12-28T00:00:00.000,13:44,40.854626,-73.90882,0,0,0,0,4085,-7390,0.42207792207792205
2021-12-28T00:00:00.000,15:14,40.71717,-73.834946,11,0,1,1,4071,-7383,0.37349397590361444
2021-12-28T00:00:00.000,15:40,40.597713,-73.96665,0,0,0,0,4059,-7396,0.38596491228070173
2021-12-28T00:00:00.000,19:54,40.616413,-74.103516,2,0,1,1,4061,-7410,0.6363636363636364
2021-12-28T00:00:00.000,15:15,40.68871,-73.95499,1,0,1,1,4068,-7395,0.38571428571428573
2021-12-28T00:00:00.000,0:30,40.64824,-74.01401,0,0,0,0,4064,-7401,0.4295774647887324
2021-12-28T00:00:00.000,10:20,40.633026,-73.92546,0,0,0,0,4063,-7392,0.4036697247706422
2021-12-28T00:00:00.000,20:30,40.648254,-73.971405,0,0,0,0,4064,-7397,0.4095238095238095
2021-12-26T00:00:00.000,19:05,40.642254,-73.92742,0,0,0,0,4064,-7392,0.4077669902912621
2021-12-28T00:00:00.000,9:20,40.677048,-73.98004,1,0,1,1,4067,-7398,0.3655913978494624
2021-12-28T00:00:00.000,20:40,40.586536,-73.93345,0,0,0,0,4058,-7393,0.24324324324324326
2021-12-28T00:00:00.000,20:50,40.713284,-73.7358,1,0,1,1,4071,-7373,0.25
2022-04-01T00:00:00.000,21:00,40.729866,-73.87733,0,0,0,0,4072,-7387,0.5714285714285714
2021-12-27T00:00:00.000,13:03,40.670887,-73.93649,0,0,0,0,4067,-7393,0.3755868544600939
2021-12-28T00:00:00.000,23:55,40.632885,-73.94771,0,0,0,0,4063,-7394,0.358974358974359
2021-12-03T00:00:00.000,9:45,40.671535,-73.957664,1,0,1,1,4067,-7395,0.3695652173913043
2021-12-24T00:00:00.000,14:49,40.683506,-73.97386,2,0,1,1,4068,-7397,0.3412322274881517
2021-12-28T00:00:00.000,17:38,40.85132,-73.90842,3,0,1,1,4085,-7390,0.42207792207792205
2021-12-20T00:00:00.000,6:38,40.793766,-73.93411,0,0,0,0,4079,-7393,0.36585365853658536
2021-12-24T00:00:00.000,14:03,40.650806,-73.94958,1,0,1,1,4065,-7394,0.43137254901960786
2021-12-28T00:00:00.000,19:25,40.659405,-73.9505,3,0,1,1,4065,-7395,0.38686131386861317
2021-12-20T00:00:00.000,21:30,40.720997,-73.94088,0,0,0,0,4072,-7394,0.19801980198019803
2021-12-28T00:00:00.000,16:00,40.541744,-74.207,0,0,0,0,4054,-7420,0.5555555555555556
2021-12-28T00:00:00.000,15:00,40.52418,-74.2348,1,0,1,1,4052,-7423,0.3333333333333333
2021-12-23T00:00:00.000,19:19,40.676937,-73.92183,1,0,1,1,4067,-7392,0.39655172413793105
2021-12-28T00:00:00.000,8:30,40.757824,-73.79006,0,0,0,0,4075,-7379,0.38461538461538464
2021-12-24T00:00:00.000,19:14,40.848938,-73.93708,1,0,1,1,4084,-7393,0.32786885245901637
2021-12-26T00:00:00.000,18:26,40.7338,-73.871414,0,0,0,0,4073,-7387,0.3140495867768595
2021-12-28T00:00:00.000,0:15,40.859306,-73.89885,4,0,1,1,4085,-7389,0.3353658536585366
2021-12-24T00:00:00.000,19:50,40.8376,-73.8202,0,0,0,0,4083,-7382,0.44680851063829785
2021-12-28T00:00:00.000,0:51,40.722916,-73.990524,0,0,0,0,4072,-7399,0.3829787234042553
2021-12-28T00:00:00.000,12:14,40.709393,-73.94014,0,0,0,0,4070,-7394,0.3956043956043956
2021-12-27T00:00:00.000,17:00,40.704002,-73.85593,1,0,1,1,4070,-7385,0.39436619718309857
2021-12-28T00:00:00.000,15:59,40.73093,-73.864586,1,0,1,1,4073,-7386,0.3464566929133858
2021-12-18T00:00:00.000,20:44,40.719418,-74.00194,1,0,1,1,4071,-7400,0.25517241379310346
2021-12-28T00:00:00.000,12:00,40.77079,-73.92079,1,0,1,1,4077,-7392,0.3269230769230769
2021-12-26T00:00:00.000,13:50,40.636726,-74.00251,0,0,0,0,4063,-7400,0.3068181818181818
2021-12-19T00:00:00.000,2:17,40.744442,-73.979065,0,0,0,0,4074,-7397,0.4810810810810811
2021-12-28T00:00:00.000,7:45,40.812824,-73.923836,1,0,1,1,4081,-7392,0.4714285714285714
2021-12-28T00:00:00.000,14:30,40.693413,-73.940125,0,0,0,0,4069,-7394,0.417910447761194
2021-12-25T00:00:00.000,12:10,40.788795,-73.93755,1,0,1,1,4078,-7393,0.4444444444444444
2021-12-28T00:00:00.000,17:04,40.69841,-73.913315,1,0,1,1,4069,-7391,0.2709677419354839
2021-12-28T00:00:00.000,19:00,40.59981,-74.00857,0,0,0,0,4059,-7400,0.2962962962962963
2021-12-17T00:00:00.000,9:10,40.669403,-73.94221,1,0,1,1,4066,-7394,0.36792452830188677
2021-12-28T00:00:00.000,19:20,40.71407,-73.954346,0,0,0,0,4071,-7395,0.36585365853658536
2021-12-19T00:00:00.000,10:00,40.678455,-73.949684,0,0,0,0,4067,-7394,0.34074074074074073
2021-12-23T00:00:00.000,0:00,40.607754,-74.13205,1,0,1,1,4060,-7413,0.41935483870967744
2021-12-27T00:00:00.000,6:15,40.586105,-74.09109,0,0,0,0,4058,-7409,0.15625
2021-12-28T00:00:00.000,19:00,40.58175,-74.10429,0,0,0,0,4058,-7410,0.3076923076923077
2022-03-29T00:00:00.000,18:01,40.737545,-73.98409,0,0,0,0,4073,-7398,0.36942675159235666
2022-03-29T00:00:00.000,5:24,40.776295,-73.98215,1,0,1,1,4077,-7398,0.38028169014084506
2022-03-30T00:00:00.000,1:45,40.64491,-73.95802,0,0,0,0,4064,-7395,0.4796747967479675
2022-03-28T00:00:00.000,9:37,40.67449,-73.916664,1,0,1,1,4067,-7391,0.36597938144329895
2022-03-30T00:00:00.000,15:38,40.821358,-73.889114,0,0,0,0,4082,-7388,0.27624309392265195
2022-03-31T00:00:00.000,17:28,40.836273,-73.888435,3,0,1,1,4083,-7388,0.26717557251908397
2022-03-31T00:00:00.000,7:30,40.66965,-73.89332,0,0,0,0,4066,-7389,0.3103448275862069
2022-04-01T00:00:00.000,13:07,40.73135,-73.98256,1,0,1,1,4073,-7398,0.36942675159235666
2022-03-31T00:00:00.000,20:30,40.83236,-73.93197,0,0,0,0,4083,-7393,0.3333333333333333
2022-03-31T00:00:00.000,7:05,40.769012,-73.9224,0,0,0,0,4076,-7392,0.42105263157894735
2022-03-27T00:00:00.000,10:00,40.75377,-73.92654,0,0,0,0,4075,-7392,0.48148148148148145
2022-03-31T00:00:00.000,10:33,40.638786,-73.94538,1,0,1,1,4063,-7394,0.358974358974359
2022-04-01T00:00:00.000,4:45,40.707153,-73.93149,0,0,0,0,4070,-7393,0.3300970873786408
2021-12-11T00:00:00.000,14:50,40.63075,-73.92425,0,0,0,0,4063,-7392,0.4036697247706422
2021-10-01T00:00:00.000,17:00,40.6825692,-73.7820143,0,0,0,0,4068,-7378,0.3384615384615385
2021-12-10T00:00:00.000,9:30,40.839344,-73.834236,0,0,0,0,4083,-7383,0.36363636363636365
2022-03-29T00:00:00.000,23:37,40.60164,-73.820274,0,0,0,0,4060,-7382,0.75
2022-04-01T00:00:00.000,4:09,40.748722,-73.89881,1,0,1,1,4074,-7389,0.3203125
2022-03-30T00:00:00.000,0:00,40.621216,-73.93539,0,0,0,0,4062,-7393,0.4444444444444444
2022-04-01T00:00:00.000,21:50,40.73225,-73.92452,0,0,0,0,4073,-7392,0.4444444444444444
2022-03-30T00:00:00.000,14:55,40.857903,-73.86468,0,0,0,0,4085,-7386,0.33766233766233766
2022-03-31T00:00:00.000,17:20,40.724167,-74.00113,0,0,0,0,4072,-7400,0.32926829268292684
2022-04-01T00:00:00.000,3:53,40.60954,-74.13226,1,0,1,1,4060,-7413,0.41935483870967744
2022-03-31T00:00:00.000,17:35,40.7577,-73.98946,1,0,1,1,4075,-7398,0.3170731707317073
2022-03-31T00:00:00.000,9:00,40.756298,-73.89893,1,0,1,1,4075,-7389,0.4805194805194805
2022-02-25T00:00:00.000,2:30,40.749283,-73.756645,0,0,0,0,4074,-7375,0.16666666666666666
2022-03-31T00:00:00.000,4:34,40.887737,-73.86755,2,0,1,1,4088,-7386,0.23809523809523808
2022-04-01T00:00:00.000,17:00,40.643124,-74.07705,0,0,0,0,4064,-7407,0.2222222222222222
2022-04-01T00:00:00.000,20:00,40.636395,-73.945854,1,0,1,1,4063,-7394,0.358974358974359
2022-03-30T00:00:00.000,18:50,40.60924,-73.95644,0,0,0,0,4060,-7395,0.4791666666666667
2022-04-01T00:00:00.000,9:40,40.738686,-73.99588,1,0,1,1,4073,-7399,0.423728813559322
2022-03-31T00:00:00.000,19:59,40.680477,-73.951164,1,0,1,1,4068,-7395,0.38571428571428573
2022-03-31T00:00:00.000,7:00,40.641533,-74.01045,1,0,1,1,4064,-7401,0.4295774647887324
2022-03-30T00:00:00.000,16:49,40.636505,-74.02176,2,0,1,1,4063,-7402,0.3877551020408163
2022-03-30T00:00:00.000,16:28,40.606594,-74.0754,1,0,1,1,4060,-7407,0.25
2022-03-31T00:00:00.000,10:30,40.75112,-73.97127,0,0,0,0,4075,-7397,0.375886524822695
2022-03-20T00:00:00.000,14:30,40.840195,-73.94307,0,0,0,0,4084,-7394,0.17543859649122806
2022-04-01T00:00:00.000,18:19,40.59219,-73.97492,2,0,1,1,4059,-7397,0.3191489361702128
2022-03-30T00:00:00.000,16:13,40.844486,-73.88692,0,0,0,0,4084,-7388,0.390625
2022-03-30T00:00:00.000,7:35,40.83005,-73.922424,0,0,0,0,4083,-7392,0.310126582278481
2022-03-30T00:00:00.000,11:30,40.71659,-73.74293,0,0,0,0,4071,-7374,0.23404255319148937
2022-03-30T00:00:00.000,3:46,40.845108,-73.913025,1,0,1,1,4084,-7391,0.32558139534883723
2022-03-31T00:00:00.000,11:57,40.825577,-73.918465,1,0,1,1,4082,-7391,0.3355263157894737
2022-04-01T00:00:00.000,20:16,40.58185,-73.96569,0,0,0,0,4058,-7396,0.37333333333333335
2022-04-01T00:00:00.000,21:46,40.8541,-73.919106,0,0,0,0,4085,-7391,0.373134328358209
2022-03-30T00:00:00.000,15:00,40.720486,-74.00723,0,0,0,0,4072,-7400,0.32926829268292684
2022-03-31T00:00:00.000,12:30,40.659355,-73.9992,1,0,1,1,4065,-7399,0.4117647058823529
2022-03-29T00:00:00.000,12:00,40.782055,-73.95373,0,0,0,0,4078,-7395,0.42168674698795183
2022-04-01T00:00:00.000,10:00,40.844788,-73.93705,0,0,0,0,4084,-7393,0.32786885245901637
2022-03-29T00:00:00.000,19:00,40.678154,-73.94416,0,0,0,0,4067,-7394,0.34074074074074073
2022-03-30T00:00:00.000,20:00,40.693485,-73.81087,0,0,0,0,4069,-7381,0.3902439024390244
2022-03-29T00:00:00.000,10:25,40.775486,-73.98217,0,0,0,0,4077,-7398,0.38028169014084506
2022-03-30T00:00:00.000,16:47,40.607258,-74.00265,0,0,0,0,4060,-7400,0.24074074074074073
2022-03-29T00:00:00.000,8:34,40.790627,-73.942444,0,0,0,0,4079,-7394,0.3523809523809524
2022-03-31T00:00:00.000,1:00,40.65912,-74.00181,0,0,0,0,4065,-7400,0.41509433962264153
2022-03-31T00:00:00.000,22:05,40.748974,-73.87111,0,0,0,0,4074,-7387,0.25663716814159293
2022-03-30T00:00:00.000,7:30,40.855385,-73.9181,0,0,0,0,4085,-7391,0.373134328358209
2022-03-13T00:00:00.000,1:40,40.63989,-74.02162,1,0,1,1,4063,-7402,0.3877551020408163
2022-03-31T00:00:00.000,0:00,40.763298,-73.990555,0,0,0,0,4076,-7399,0.3275862068965517
2022-03-31T00:00:00.000,17:00,40.743366,-73.942986,0,0,0,0,4074,-7394,0.33962264150943394
2022-03-30T00:00:00.000,5:26,40.8514,-73.90606,1,0,1,1,4085,-7390,0.42207792207792205
2022-03-31T00:00:00.000,19:53,40.684143,-73.86152,1,0,1,1,4068,-7386,0.423728813559322
2022-04-01T00:00:00.000,17:02,40.757286,-73.97812,0,0,0,0,4075,-7397,0.375886524822695
2022-09-19T00:00:00.000,15:16,40.901062,-73.86157,1,0,1,1,4090,-7386,0.5
2022-03-30T00:00:00.000,20:05,40.677032,-73.824684,1,0,1,1,4067,-7382,0.4186046511627907
2022-03-28T00:00:00.000,15:50,40.680115,-73.75324,1,0,1,1,4068,-7375,0.3877551020408163
2022-03-30T00:00:00.000,16:55,40.798584,-73.93353,0,0,0,0,4079,-7393,0.36585365853658536
2022-03-30T00:00:00.000,3:28,40.717834,-73.75159,0,0,0,0,4071,-7375,0.3269230769230769
2022-04-01T00:00:00.000,14:52,40.704006,-73.7668,2,0,1,1,4070,-7376,0.43902439024390244
2022-04-01T00:00:00.000,13:15,40.69913,-73.958954,0,0,0,0,4069,-7395,0.30952380952380953
2022-03-30T00:00:00.000,4:40,40.6224,-73.936646,0,0,0,0,4062,-7393,0.4444444444444444
2022-04-01T00:00:00.000,18:50,40.75653,-73.966644,1,0,1,1,4075,-7396,0.4788732394366197
2022-03-27T00:00:00.000,13:30,40.750675,-74.00831,0,0,0,0,4075,-7400,0.3888888888888889
2022-04-01T00:00:00.000,14:17,40.850067,-73.90281,0,0,0,0,4085,-7390,0.42207792207792205
2022-03-31T00:00:00.000,8:15,40.83829,-73.930016,0,0,0,0,4083,-7393,0.3333333333333333
2022-04-01T00:00:00.000,7:45,40.745068,-73.93826,0,0,0,0,4074,-7393,0.3333333333333333
2022-04-01T00:00:00.000,0:20,40.74147,-73.82281,0,0,0,0,4074,-7382,0.4057971014492754
2022-03-29T00:00:00.000,12:23,40.704308,-73.91924,1,0,1,1,4070,-7391,0.27450980392156865
2021-09-09T00:00:00.000,10:00,40.80951,-73.94556,0,0,0,0,4080,-7394,0.41116751269035534
2021-09-28T00:00:00.000,18:45,40.612495,-73.97922,1,0,1,1,4061,-7397,0.421875
2021-10-01T00:00:00.000,16:00,40.56895,-74.12491,1,0,1,1,4056,-7412,0.2222222222222222
2021-10-02T00:00:00.000,16:40,40.576504,-74.1037,1,0,1,1,4057,-7410,0.3877551020408163
2021-10-02T00:00:00.000,15:15,40.745598,-73.864296,0,0,0,0,4074,-7386,0.3813559322033898
2021-10-03T00:00:00.000,4:30,0.0,0.0,0,0,0,0,0,0,0.40425531914893614
2021-10-02T00:00:00.000,15:55,40.788586,-73.95529,0,0,0,0,4078,-7395,0.42168674698795183
2021-10-01T00:00:00.000,9:30,40.73566,-73.9019,0,0,0,0,4073,-7390,0.42424242424242425
2021-09-29T00:00:00.000,13:30,40.820187,-73.890686,0,0,0,0,4082,-7389,0.37423312883435583
2021-09-04T00:00:00.000,0:21,0.0,0.0,0,0,0,0,0,0,0.40425531914893614
2021-10-03T00:00:00.000,15:26,0.0,0.0,1,0,1,1,0,0,0.40425531914893614
2022-03-30T00:00:00.000,16:40,40.753925,-73.99761,0,0,0,0,4075,-7399,0.2830188679245283
2022-03-26T00:00:00.000,12:20,40.7494,-73.88425,0,0,0,0,4074,-7388,0.2978723404255319
2022-03-02T00:00:00.000,9:07,40.694485,-73.93735,1,0,1,1,4069,-7393,0.3141025641025641
2021-12-06T00:00:00.000,6:40,0.0,0.0,1,0,1,1,0,0,0.40425531914893614
2021-10-03T00:00:00.000,20:00,40.7461,-73.87178,0,0,0,0,4074,-7387,0.25663716814159293
2021-10-03T00:00:00.000,4:17,40.67636,-73.86643,1,0,1,1,4067,-7386,0.3431372549019608
2021-10-03T00:00:00.000,19:09,40.68542,-73.76526,1,0,1,1,4068,-7376,0.35714285714285715
2021-09-29T00:00:00.000,21:38,40.85779,-73.88264,0,0,0,0,4085,-7388,0.3
2022-03-31T00:00:00.000,13:00,40.660984,-73.90879,1,0,1,1,4066,-7390,0.2777777777777778
2021-10-03T00:00:00.000,1:41,40.72469,-73.7541,1,0,1,1,4072,-7375,0.2727272727272727
2021-10-03T00:00:00.000,0:00,40.72486,-73.98441,1,0,1,1,4072,-7398,0.4342105263157895
2021-10-03T00:00:00.000,2:45,40.680202,-73.82123,1,0,1,1,4068,-7382,0.41975308641975306
2021-10-03T00:00:00.000,2:30,40.749912,-73.99584,0,0,0,0,4074,-7399,0.3333333333333333
2021-10-03T00:00:00.000,12:30,40.63558,-73.97786,0,0,0,0,4063,-7397,0.36893203883495146
2021-10-02T00:00:00.000,10:11,40.711838,-73.917496,0,0,0,0,4071,-7391,0.1836734693877551
2021-10-03T00:00:00.000,2:08,40.741447,-73.84603,0,0,0,0,4074,-7384,0.42857142857142855
2022-04-01T00:00:00.000,14:56,40.80922,-73.94683,0,0,0,0,4080,-7394,0.41116751269035534
2021-10-03T00:00:00.000,19:00,40.687088,-73.96662,0,0,0,0,4068,-7396,0.42567567567567566
2021-10-03T00:00:00.000,21:57,40.655502,-73.88414,0,0,0,0,4065,-7388,0.41509433962264153
2021-10-03T00:00:00.000,2:10,40.816067,-73.91765,2,0,1,1,4081,-7391,0.47244094488188976
2021-10-03T00:00:00.000,5:30,40.696613,-73.832115,0,0,0,0,4069,-7383,0.35555555555555557
2021-10-03T00:00:00.000,6:30,40.635834,-74.0374,0,0,0,0,4063,-7403,0.42424242424242425
2021-10-03T00:00:00.000,8:45,40.723644,-73.81108,0,0,0,0,4072,-7381,0.2926829268292683
2021-10-02T00:00:00.000,22:01,40.772156,-73.95591,0,0,0,0,4077,-7395,0.3384615384615385
2021-09-29T00:00:00.000,12:00,40.83677,-73.88597,1,0,1,1,4083,-7388,0.26717557251908397
2021-09-26T00:00:00.000,17:41,40.69979,-73.950096,6,0,1,1,4069,-7395,0.30952380952380953
2021-10-03T00:00:00.000,3:00,40.88516,-73.83564,0,0,0,0,4088,-7383,0.3448275862068966
2021-10-03T00:00:00.000,0:00,40.70521,-73.82203,0,0,0,0,4070,-7382,0.4166666666666667
2021-10-03T00:00:00.000,11:35,40.79286,-73.96754,1,0,1,1,4079,-7396,0.25
2021-10-02T00:00:00.000,12:00,40.82523,-73.939735,0,0,0,0,4082,-7393,0.36645962732919257
2021-10-03T00:00:00.000,19:35,40.748013,-73.889755,0,0,0,0,4074,-7388,0.2978723404255319
2021-10-03T00:00:00.000,1:56,40.842503,-73.92797,0,0,0,0,4084,-7392,0.3181818181818182
2021-10-03T00:00:00.000,6:00,40.70024,-73.814926,1,0,1,1,4070,-7381,0.3194444444444444
2021-10-03T00:00:00.000,12:00,40.763966,-73.92267,1,0,1,1,4076,-7392,0.42105263157894735
2021-10-03T00:00:00.000,19:30,40.76687,-73.959785,0,0,0,0,4076,-7395,0.3696969696969697
2021-10-03T00:00:00.000,11:24,40.604275,-73.74571,0,0,0,0,4060,-7374,0.15789473684210525
2021-10-03T00:00:00.000,3:45,40.738647,-73.984764,0,0,0,0,4073,-7398,0.36942675159235666
2021-10-03T00:00:00.000,5:05,40.634888,-73.8909,1,0,1,1,4063,-7389,0.41818181818181815
2021-10-03T00:00:00.000,11:00,40.61384,-73.981445,3,0,1,1,4061,-7398,0.3698630136986301
2021-10-03T00:00:00.000,13:40,40.713085,-73.94415,1,0,1,1,4071,-7394,0.3710691823899371
2021-10-03T00:00:00.000,20:20,40.677406,-73.983055,1,0,1,1,4067,-7398,0.3655913978494624
2021-08-21T00:00:00.000,17:30,40.716713,-73.99272,0,0,0,0,4071,-7399,0.3263157894736842
2021-10-02T00:00:00.000,1:04,40.696686,-73.9378,0,0,0,0,4069,-7393,0.3141025641025641
2021-10-03T00:00:00.000,15:28,0.0,0.0,0,0,0,0,0,0,0.40425531914893614
2021-10-03T00:00:00.000,0:50,40.696335,-73.930504,0,0,0,0,4069,-7393,0.3141025641025641
2021-09-02T00:00:00.000,23:30,40.832733,-73.89802,1,0,1,1,4083,-7389,0.3333333333333333
2021-10-03T00:00:00.000,21:00,40.690468,-73.96932,0,0,0,0,4069,-7396,0.325
2021-10-02T00:00:00.000,17:10,40.678116,-73.90787,0,0,0,0,4067,-7390,0.3282442748091603
2021-10-03T00:00:00.000,11:05,40.663605,-73.934395,1,0,1,1,4066,-7393,0.38578680203045684
2021-10-03T00:00:00.000,9:40,40.613586,-74.08267,0,0,0,0,4061,-7408,0.30612244897959184
2021-10-03T00:00:00.000,12:50,40.705147,-73.90213,0,0,0,0,4070,-7390,0.37894736842105264
2021-10-03T00:00:00.000,16:39,0.0,0.0,0,0,0,0,0,0,0.40425531914893614
2021-10-03T00:00:00.000,9:52,40.681046,-73.849304,0,0,0,0,4068,-7384,0.3333333333333333
2021-10-03T00:00:00.000,11:40,40.81183,-73.96112,1,0,1,1,4081,-7396,0.2222222222222222
2021-09-30T00:00:00.000,17:55,40.679035,-73.938515,1,0,1,1,4067,-7393,0.3755868544600939
2021-10-03T00:00:00.000,6:00,40.643635,-73.899155,0,0,0,0,4064,-7389,0.43478260869565216
2021-09-24T00:00:00.000,4:20,40.76619,-73.77237,0,0,0,0,4076,-7377,0.20588235294117646
2021-10-03T00:00:00.000,11:00,40.7672,-73.887825,1,0,1,1,4076,-7388,0.43283582089552236
2021-10-03T00:00:00.000,21:00,40.810413,-73.90468,0,0,0,0,4081,-7390,0.3888888888888889
2021-10-03T00:00:00.000,4:40,40.699715,-73.79869,0,0,0,0,4069,-7379,0.25925925925925924
2021-10-03T00:00:00.000,21:30,40.63415,-74.02964,0,0,0,0,4063,-7402,0.3877551020408163
2021-10-03T00:00:00.000,9:05,40.799953,-73.95274,1,0,1,1,4079,-7395,0.42
2021-10-03T00:00:00.000,3:10,40.646885,-73.94916,0,0,0,0,4064,-7394,0.42342342342342343
2021-10-03T00:00:00.000,20:32,40.69419,-73.976,1,0,1,1,4069,-7397,0.3253012048192771
2021-10-03T00:00:00.000,22:30,40.8645,-73.91904,0,0,0,0,4086,-7391,0.38016528925619836
2021-10-03T00:00:00.000,22:44,40.684414,-73.869514,0,0,0,0,4068,-7386,0.423728813559322
2021-10-03T00:00:00.000,11:00,40.7858,-73.85131,0,0,0,0,4078,-7385,0.0
2021-10-03T00:00:00.000,0:42,40.664677,-73.84509,1,0,1,1,4066,-7384,0.5925925925925926
2021-10-03T00:00:00.000,12:00,40.66858,-73.84223,1,0,1,1,4066,-7384,0.5925925925925926
2021-10-03T00:00:00.000,12:08,40.824825,-73.95066,0,0,0,0,4082,-7395,0.4117647058823529
2021-10-03T00:00:00.000,3:05,40.718292,-73.98248,0,0,0,0,4071,-7398,0.39568345323741005
2021-09-17T00:00:00.000,2:20,40.72656,-73.83802,1,0,1,1,4072,-7383,0.4909090909090909
2021-10-03T00:00:00.000,14:27,40.83432,-73.85058,1,0,1,1,4083,-7385,0.30158730158730157
2021-10-03T00:00:00.000,11:09,40.874638,-73.909744,1,0,1,1,4087,-7390,0.3184713375796178
2021-10-03T00:00:00.000,20:00,40.704525,-73.86939,0,0,0,0,4070,-7386,0.38235294117647056
2022-03-30T00:00:00.000,8:55,40.67482,-73.89368,3,0,1,1,4067,-7389,0.33852140077821014
2021-10-03T00:00:00.000,20:34,40.642624,-73.97987,0,0,0,0,4064,-7397,0.4095238095238095
2021-10-03T00:00:00.000,3:45,40.78944,-73.82045,7,0,1,1,4078,-7382,0.3
2021-09-26T00:00:00.000,13:31,40.681625,-74.00132,0,0,0,0,4068,-7400,0.3333333333333333
2021-10-03T00:00:00.000,19:50,40.702892,-73.94422,0,0,0,0,4070,-7394,0.3956043956043956
2021-10-03T00:00:00.000,18:00,40.69245,-73.811005,0,0,0,0,4069,-7381,0.3902439024390244
2021-10-01T00:00:00.000,17:35,40.67875,-73.794,1,0,1,1,4067,-7379,0.4264705882352941
2021-10-03T00:00:00.000,2:20,40.75829,-73.83431,1,0,1,1,4075,-7383,0.37681159420289856
2021-10-03T00:00:00.000,14:11,40.608776,-74.09113,0,0,0,0,4060,-7409,0.36363636363636365
2021-10-03T00:00:00.000,8:00,40.698166,-73.924614,0,0,0,0,4069,-7392,0.3584905660377358
2021-10-03T00:00:00.000,1:14,40.712803,-73.95417,0,0,0,0,4071,-7395,0.36585365853658536
2021-08-02T00:00:00.000,0:13,40.69424,-73.810905,0,0,0,0,4069,-7381,0.3902439024390244
2021-09-28T00:00:00.000,17:34,40.839268,-73.903824,0,0,0,0,4083,-7390,0.3064516129032258
2021-10-02T00:00:00.000,9:51,40.685673,-73.76338,0,0,0,0,4068,-7376,0.35714285714285715
2021-06-26T00:00:00.000,15:30,40.75888,-73.93011,0,0,0,0,4075,-7393,0.43478260869565216
2021-10-03T00:00:00.000,1:15,40.72293,-73.98865,0,0,0,0,4072,-7398,0.4342105263157895
2025-04-11T00:00:00.000,20:02,0.0,0.0,0,0,0,0,0,0,0.40425531914893614
2021-10-03T00:00:00.000,5:09,40.89154,-73.83935,0,0,0,0,4089,-7383,0.0
2021-10-03T00:00:00.000,0:00,40.804695,-73.92239,2,0,1,1,4080,-7392,0.3141025641025641
2021-09-28T00:00:00.000,12:55,40.69309,-73.94296,0,0,0,0,4069,-7394,0.417910447761194
2021-10-03T00:00:00.000,14:34,40.891384,-73.83929,0,0,0,0,4089,-7383,0.0
2021-10-03T00:00:00.000,17:15,40.747852,-73.99291,0,0,0,0,4074,-7399,0.3333333333333333
2021-10-03T00:00:00.000,11:45,40.667824,-73.93122,2,0,1,1,4066,-7393,0.38578680203045684
2021-10-03T00:00:00.000,3:36,40.711628,-73.729385,1,0,1,1,4071,-7372,0.40425531914893614
2021-10-03T00:00:00.000,22:24,40.684414,-73.869514,1,0,1,1,4068,-7386,0.423728813559322
2021-10-03T00:00:00.000,12:40,0.0,0.0,3,0,1,1,0,0,0.40425531914893614
2021-10-03T00:00:00.000,8:20,40.622944,-74.15826,0,0,0,0,4062,-7415,0.37037037037037035
2021-10-03T00:00:00.000,9:34,40.772346,-73.824684,0,0,0,0,4077,-7382,0.4444444444444444
2021-10-03T00:00:00.000,5:45,40.69174,-73.91401,0,0,0,0,4069,-7391,0.2709677419354839
2021-10-02T00:00:00.000,21:30,40.708004,-73.84458,0,0,0,0,4070,-7384,0.43333333333333335
2021-10-03T00:00:00.000,15:30,0.0,0.0,1,0,1,1,0,0,0.40425531914893614
2021-10-03T00:00:00.000,21:12,40.684856,-73.97805,0,0,0,0,4068,-7397,0.3412322274881517
2021-10-03T00:00:00.000,1:30,40.674953,-73.80205,0,0,0,0,4067,-7380,0.24615384615384617
2021-09-30T00:00:00.000,15:48,40.89317,-73.859085,0,0,0,0,4089,-7385,0.3813559322033898
2021-10-03T00:00:00.000,6:10,40.682507,-73.94375,0,0,0,0,4068,-7394,0.4409448818897638
2021-10-02T00:00:00.000,0:10,40.637623,-74.10274,0,0,0,0,4063,-7410,0.4117647058823529
2021-10-03T00:00:00.000,9:50,40.89844,-73.87228,0,0,0,0,4089,-7387,0.2
2021-10-03T00:00:00.000,19:10,40.801624,-73.90968,1,0,1,1,4080,-7390,0.36538461538461536
2021-10-03T00:00:00.000,3:59,40.749973,-74.002525,0,0,0,0,4074,-7400,0.27710843373493976
2021-10-03T00:00:00.000,20:30,40.83215,-73.84932,0,0,0,0,4083,-7384,0.22727272727272727
2021-10-03T00:00:00.000,17:50,40.807182,-73.85155,0,0,0,0,4080,-7385,0.125
2021-10-03T00:00:00.000,23:04,40.66723,-73.785034,0,0,0,0,4066,-7378,0.34615384615384615
2021-10-03T00:00:00.000,1:50,40.856987,-73.890305,0,0,0,0,4085,-7389,0.3353658536585366
2021-10-03T00:00:00.000,5:00,40.67812,-73.85828,1,0,1,1,4067,-7385,0.26666666666666666
2021-09-30T00:00:00.000,10:00,40.549427,-74.16019,1,0,1,1,4054,-7416,0.42857142857142855
2021-10-03T00:00:00.000,18:30,40.66447,-73.89593,0,0,0,0,4066,-7389,0.3103448275862069
2021-10-03T00:00:00.000,9:43,40.689598,-73.91025,0,0,0,0,4068,-7391,0.344
2021-08-06T00:00:00.000,15:50,40.88102,-73.90331,0,0,0,0,4088,-7390,0.2702702702702703
2021-10-03T00:00:00.000,4:40,40.663284,-73.96096,0,0,0,0,4066,-7396,0.4074074074074074
2021-10-03T00:00:00.000,13:00,0.0,0.0,0,0,0,0,0,0,0.40425531914893614
2021-10-03T00:00:00.000,2:50,40.71872,-73.99062,0,0,0,0,4071,-7399,0.3263157894736842
2021-10-03T00:00:00.000,6:15,40.700005,-73.7547,0,0,0,0,4070,-7375,0.4117647058823529
2021-10-03T00:00:00.000,1:50,40.69552,-73.86456,0,0,0,0,4069,-7386,0.21052631578947367
2021-10-03T00:00:00.000,5:20,40.84263,-73.90597,0,0,0,0,4084,-7390,0.366120218579235
2021-10-03T00:00:00.000,18:21,40.658413,-73.8861,0,0,0,0,4065,-7388,0.41509433962264153
2021-10-03T00:00:00.000,12:00,40.774853,-73.98067,0,0,0,0,4077,-7398,0.38028169014084506
2021-10-03T00:00:00.000,0:30,40.736004,-73.99362,0,0,0,0,4073,-7399,0.423728813559322
2021-10-03T00:00:00.000,16:41,0.0,0.0,0,0,0,0,0,0,0.40425531914893614
2021-10-03T00:00:00.000,15:15,0.0,0.0,1,0,1,1,0,0,0.40425531914893614
2022-03-31T00:00:00.000,7:30,40.646793,-74.013145,0,0,0,0,4064,-7401,0.4295774647887324
2021-10-03T00:00:00.000,16:00,40.78515,-73.94063,0,0,0,0,4078,-7394,0.33513513513513515
2021-10-03T00:00:00.000,13:49,0.0,0.0,1,0,1,1,0,0,0.40425531914893614
2021-10-03T00:00:00.000,2:00,40.66706,-73.7392,2,0,1,1,4066,-7373,0.44339622641509435
2021-10-03T00:00:00.000,16:10,0.0,0.0,0,0,0,0,0,0,0.40425531914893614
2021-10-03T00:00:00.000,6:33,40.88768,-73.877556,0,0,0,0,4088,-7387,0.14583333333333334
2021-09-28T00:00:00.000,18:30,40.60228,-74.140366,0,0,0,0,4060,-7414,0.4074074074074074
2021-10-02T00:00:00.000,1:08,40.687347,-73.87516,0,0,0,0,4068,-7387,0.24719101123595505
2022-03-30T00:00:00.000,22:00,40.63465,-73.90733,0,0,0,0,4063,-7390,0.3561643835616438
2021-10-03T00:00:00.000,13:00,40.73599,-73.98946,0,0,0,0,4073,-7398,0.36942675159235666
2021-10-03T00:00:00.000,15:05,0.0,0.0,1,0,1,1,0,0,0.40425531914893614
2021-12-18T00:00:00.000,11:29,40.753147,-73.86339,0,0,0,0,4075,-7386,0.33653846153846156
2021-10-03T00:00:00.000,16:00,0.0,0.0,0,0,0,0,0,0,0.40425531914893614
2021-10-03T00:00:00.000,22:30,40.720013,-73.96204,0,0,0,0,4072,-7396,0.3333333333333333
2021-10-03T00:00:00.000,19:51,40.80327,-73.95812,1,0,1,1,4080,-7395,0.381294964028777
2021-10-03T00:00:00.000,14:35,0.0,0.0,0,0,0,0,0,0,0.40425531914893614
2021-10-03T00:00:00.000,2:35,40.817596,-73.95319,0,0,0,0,4081,-7395,0.3509933774834437
2021-09-29T00:00:00.000,6:03,40.68605,-73.831726,0,0,0,0,4068,-7383,0.45454545454545453
2021-10-03T00:00:00.000,0:25,40.71713,-73.7986,0,0,0,0,4071,-7379,0.3888888888888889
2021-10-03T00:00:00.000,20:22,40.621265,-73.952614,1,0,1,1,4062,-7395,0.4444444444444444
2021-10-03T00:00:00.000,10:00,40.692574,-73.81142,2,0,1,1,4069,-7381,0.3902439024390244
2021-10-03T00:00:00.000,13:30,40.612183,-74.08798,0,0,0,0,4061,-7408,0.30612244897959184
2021-10-03T00:00:00.000,4:14,40.671555,-73.915924,0,0,0,0,4067,-7391,0.36597938144329895
2021-10-03T00:00:00.000,0:00,40.74266,-73.88165,0,0,0,0,4074,-7388,0.2978723404255319
2021-10-03T00:00:00.000,13:14,40.70447,-73.94274,1,0,1,1,4070,-7394,0.3956043956043956
2021-10-03T00:00:00.000,3:00,40.8311573,-73.8538364,1,0,1,1,4083,-7385,0.30158730158730157
2021-10-01T00:00:00.000,15:00,40.790997,-73.94931,0,0,0,0,4079,-7394,0.3523809523809524
2021-10-02T00:00:00.000,20:00,40.835094,-73.88697,0,0,0,0,4083,-7388,0.26717557251908397
2021-10-03T00:00:00.000,10:00,40.88145,-73.91685,0,0,0,0,4088,-7391,0.23076923076923078
2021-10-03T00:00:00.000,19:34,40.76077,-73.91756,1,0,1,1,4076,-7391,0.40476190476190477
2021-10-02T00:00:00.000,18:30,40.70729,-73.804245,0,0,0,0,4070,-7380,0.3877551020408163
2021-10-03T00:00:00.000,20:15,40.59265,-74.10083,1,0,1,1,4059,-7410,0.2
2021-10-03T00:00:00.000,5:27,40.614582,-74.08547,1,0,1,1,4061,-7408,0.30612244897959184
2021-10-03T00:00:00.000,6:50,40.589367,-73.98093,0,0,0,0,4058,-7398,0.4
2021-10-03T00:00:00.000,19:15,40.682915,-73.96416,1,0,1,1,4068,-7396,0.42567567567567566
2025-04-11T00:00:00.000,16:05,40.800983,-73.92927,0,0,0,0,4080,-7392,0.3141025641025641
2021-10-03T00:00:00.000,3:50,40.75585,-73.88259,0,0,0,0,4075,-7388,0.3402061855670103
2021-10-03T00:00:00.000,14:57,0.0,0.0,1,0,1,1,0,0,0.40425531914893614
2021-10-03T00:00:00.000,18:00,40.832367,-73.82971,0,0,0,0,4083,-7382,0.44680851063829785
2021-10-03T00:00:00.000,11:55,40.859642,-73.899826,0,0,0,0,4085,-7389,0.3353658536585366
2021-09-26T00:00:00.000,17:06,40.524612,-74.230446,0,0,0,0,4052,-7423,0.3333333333333333
2021-10-03T00:00:00.000,21:20,40.629913,-73.98668,1,0,1,1,4062,-7398,0.38
2021-10-03T00:00:00.000,1:31,40.848793,-73.91495,0,0,0,0,4084,-7391,0.32558139534883723
2021-10-02T00:00:00.000,16:15,40.717464,-74.0053,1,0,1,1,4071,-7400,0.25517241379310346
2021-10-03T00:00:00.000,4:30,40.762875,-73.79516,0,0,0,0,4076,-7379,0.2631578947368421
2021-10-03T00:00:00.000,8:25,40.816067,-73.91765,0,0,0,0,4081,-7391,0.47244094488188976
2021-10-03T00:00:00.000,18:33,40.63174,-73.90532,0,0,0,0,4063,-7390,0.3561643835616438
2021-10-03T00:00:00.000,11:57,40.701218,-73.81622,0,0,0,0,4070,-7381,0.3194444444444444
2021-10-03T00:00:00.000,20:15,40.77731,-73.91239,1,0,1,1,4077,-7391,0.3157894736842105
2021-10-03T00:00:00.000,15:00,40.741394,-73.82303,0,0,0,0,4074,-7382,0.4057971014492754
2021-10-03T00:00:00.000,10:55,40.644306,-74.01804,0,0,0,0,4064,-7401,0.4295774647887324
2021-10-03T00:00:00.000,18:42,40.694687,-73.91112,2,0,1,1,4069,-7391,0.2709677419354839
2021-10-03T00:00:00.000,21:04,40.82364,-73.89391,0,0,0,0,4082,-7389,0.37423312883435583
2021-10-03T00:00:00.000,7:38,40.72174,-74.00523,1,0,1,1,4072,-7400,0.32926829268292684
2021-10-03T00:00:00.000,23:30,40.845985,-73.884476,1,0,1,1,4084,-7388,0.390625
2021-10-03T00:00:00.000,14:20,0.0,0.0,1,0,1,1,0,0,0.40425531914893614
2021-10-03T00:00:00.000,10:20,40.68775,-73.79039,0,0,0,0,4068,-7379,0.35
2021-10-01T00:00:00.000,9:21,40.67878,-73.91986,0,0,0,0,4067,-7391,0.36597938144329895
2021-09-29T00:00:00.000,11:15,0.0,0.0,1,0,1,1,0,0,0.40425531914893614
2021-10-03T00:00:00.000,10:18,40.61135,-74.09847,2,0,1,1,4061,-7409,0.46153846153846156
2022-03-26T00:00:00.000,11:26,40.649868,-73.93409,0,0,0,0,4064,-7393,0.3333333333333333
2021-10-03T00:00:00.000,17:07,0.0,0.0,0,0,0,0,0,0,0.40425531914893614
2021-10-02T00:00:00.000,16:20,40.680717,-73.9463,0,0,0,0,4068,-7394,0.4409448818897638
2021-10-03T00:00:00.000,0:45,40.84708,-73.8867,0,0,0,0,4084,-7388,0.390625
2021-10-03T00:00:00.000,2:10,40.731983,-73.91912,0,0,0,0,4073,-7391,0.33962264150943394
2021-10-03T00:00:00.000,2:54,40.74198,-73.82475,1,0,1,1,4074,-7382,0.4057971014492754
2021-10-03T00:00:00.000,21:30,40.751545,-73.87085,1,0,1,1,4075,-7387,0.33884297520661155
2021-10-03T00:00:00.000,4:50,40.827377,-73.94483,0,0,0,0,4082,-7394,0.3812154696132597
2021-10-02T00:00:00.000,3:21,40.66552,-73.74467,0,0,0,0,4066,-7374,0.3698630136986301
2021-10-03T00:00:00.000,18:45,40.818993,-73.909744,0,0,0,0,4081,-7390,0.3888888888888889
2021-10-03T00:00:00.000,16:15,0.0,0.0,0,0,0,0,0,0,0.40425531914893614
2021-10-03T00:00:00.000,0:30,40.671932,-73.85165,0,0,0,0,4067,-7385,0.26666666666666666
2021-10-03T00:00:00.000,7:05,40.852318,-73.89258,0,0,0,0,4085,-7389,0.3353658536585366
2021-10-01T00:00:00.000,13:50,40.80629,-73.95773,1,0,1,1,4080,-7395,0.381294964028777
2021-10-01T00:00:00.000,20:24,40.672886,-73.99922,0,0,0,0,4067,-7399,0.3258426966292135
2021-10-03T00:00:00.000,0:30,40.66496,-73.82226,1,0,1,1,4066,-7382,0.43103448275862066
2021-09-26T00:00:00.000,12:50,40.5569311,-74.1748459,0,0,0,0,4055,-7417,0.25
2021-09-29T00:00:00.000,12:42,40.67732,-73.87871,1,0,1,1,4067,-7387,0.30344827586206896
2021-10-03T00:00:00.000,6:32,40.70409,-73.9265,0,0,0,0,4070,-7392,0.24305555555555555
2021-10-03T00:00:00.000,3:00,40.718582,-73.99175,0,0,0,0,4071,-7399,0.3263157894736842
2021-10-03T00:00:00.000,2:30,40.863777,-73.86477,0,0,0,0,4086,-7386,0.4642857142857143
2021-10-03T00:00:00.000,4:19,40.82403,-73.94476,6,0,1,1,4082,-7394,0.3812154696132597
2021-10-03T00:00:00.000,14:45,40.668293,-73.93952,0,0,0,0,4066,-7393,0.38578680203045684
2021-10-03T00:00:00.000,22:45,40.758106,-73.85721,0,0,0,0,4075,-7385,0.3048780487804878
2021-10-03T00:00:00.000,10:40,0.0,0.0,1,0,1,1,0,0,0.40425531914893614
2021-10-03T00:00:00.000,16:45,40.655743,-73.85908,0,0,0,0,4065,-7385,0.4
2025-04-11T00:00:00.000,23:37,40.66912,-73.74422,0,0,0,0,4066,-7374,0.3698630136986301
2021-09-29T00:00:00.000,8:38,40.85885,-73.885956,2,0,1,1,4085,-7388,0.3
2021-10-03T00:00:00.000,22:38,40.64313,-73.95044,0,0,0,0,4064,-7395,0.4796747967479675
2021-10-03T00:00:00.000,18:47,40.60064,-73.93997,0,0,0,0,4060,-7393,0.4117647058823529
2021-10-03T00:00:00.000,4:00,40.6832,-73.82742,0,0,0,0,4068,-7382,0.41975308641975306
2021-10-03T00:00:00.000,4:23,40.724667,-73.820786,0,0,0,0,4072,-7382,0.45454545454545453
2021-10-03T00:00:00.000,12:47,40.845886,-73.915085,0,0,0,0,4084,-7391,0.32558139534883723
2021-10-03T00:00:00.000,19:12,40.76522,-73.8719,1,0,1,1,4076,-7387,0.48214285714285715
2021-10-03T00:00:00.000,19:55,40.70658,-73.954346,1,0,1,1,4070,-7395,0.3475177304964539
2021-09-27T00:00:00.000,11:00,40.805668,-73.93648,0,0,0,0,4080,-7393,0.36312849162011174
2022-03-31T00:00:00.000,8:18,40.827812,-73.925934,1,0,1,1,4082,-7392,0.3333333333333333
2021-10-02T00:00:00.000,4:10,40.693005,-73.789856,0,0,0,0,4069,-7378,0.29310344827586204
2021-10-03T00:00:00.000,4:30,40.842182,-73.85105,0,0,0,0,4084,-7385,0.32727272727272727
2021-10-03T00:00:00.000,22:45,40.828114,-73.93107,0,0,0,0,4082,-7393,0.36645962732919257
2021-10-01T00:00:00.000,17:55,40.858406,-73.86792,0,0,0,0,4085,-7386,0.33766233766233766
2021-09-16T00:00:00.000,18:18,40.71382,-73.85676,0,0,0,0,4071,-7385,0.4418604651162791
2021-10-01T00:00:00.000,18:00,40.746567,-73.94789,0,0,0,0,4074,-7394,0.33962264150943394
2021-10-03T00:00:00.000,14:00,40.6955916,-73.742008,0,0,0,0,4069,-7374,0.46774193548387094
2021-06-04T00:00:00.000,16:05,40.754147,-73.722885,0,0,0,0,4075,-7372,0.2857142857142857
2021-10-03T00:00:00.000,1:21,40.828114,-73.93107,1,0,1,1,4082,-7393,0.36645962732919257
2021-10-03T00:00:00.000,15:55,0.0,0.0,0,0,0,0,0,0,0.40425531914893614
2021-10-03T00:00:00.000,19:35,40.684208,-73.86646,0,0,0,0,4068,-7386,0.423728813559322
2021-10-03T00:00:00.000,17:35,40.733288,-74.005,1,0,1,1,4073,-7400,0.2403846153846154
2021-09-09T00:00:00.000,19:50,40.549606,-74.22105,0,0,0,0,4054,-7422,0.2222222222222222
2021-10-03T00:00:00.000,4:30,40.816795,-73.850685,0,0,0,0,4081,-7385,0.30434782608695654
2021-09-02T00:00:00.000,21:45,40.87824,-73.90115,0,0,0,0,4087,-7390,0.3184713375796178
2021-10-03T00:00:00.000,0:32,40.74579,-73.990715,0,0,0,0,4074,-7399,0.3333333333333333
2021-10-01T00:00:00.000,9:00,40.693604,-73.86143,0,0,0,0,4069,-7386,0.21052631578947367
2021-10-03T00:00:00.000,16:50,40.817913,-73.911156,1,0,1,1,4081,-7391,0.47244094488188976
2021-10-03T00:00:00.000,9:45,40.75286,-73.87446,2,0,1,1,4075,-7387,0.33884297520661155
2021-10-03T00:00:00.000,22:20,40.83406,-73.944885,1,0,1,1,4083,-7394,0.38926174496644295
2021-10-03T00:00:00.000,17:50,40.719215,-73.95701,0,0,0,0,4071,-7395,0.36585365853658536
2021-10-03T00:00:00.000,16:20,40.70145,-73.989624,0,0,0,0,4070,-7398,0.21568627450980393
2021-09-26T00:00:00.000,15:15,40.65814,-74.00356,2,0,1,1,4065,-7400,0.41509433962264153
2021-10-03T00:00:00.000,6:58,40.710785,-73.95995,1,0,1,1,4071,-7395,0.36585365853658536
2021-10-03T00:00:00.000,0:45,40.575165,-74.12785,0,0,0,0,4057,-7412,0.36363636363636365
2021-10-03T00:00:00.000,16:57,40.76268,-73.77052,0,0,0,0,4076,-7377,0.20588235294117646
2021-10-03T00:00:00.000,1:05,40.703915,-73.94817,0,0,0,0,4070,-7394,0.3956043956043956
2021-10-01T00:00:00.000,11:15,40.642265,-73.99655,0,0,0,0,4064,-7399,0.3442622950819672
2021-10-03T00:00:00.000,16:05,0.0,0.0,0,0,0,0,0,0,0.40425531914893614
2021-09-20T00:00:00.000,18:45,40.824398,-73.88306,1,0,1,1,4082,-7388,0.27624309392265195
2021-10-03T00:00:00.000,11:30,0.0,0.0,0,0,0,0,0,0,0.40425531914893614
2021-10-01T00:00:00.000,23:38,40.82929,-73.93501,3,0,1,1,4082,-7393,0.36645962732919257
2021-10-03T00:00:00.000,8:00,40.812813,-73.91595,0,0,0,0,4081,-7391,0.47244094488188976
2021-10-03T00:00:00.000,21:00,40.759308,-73.944176,1,0,1,1,4075,-7394,0.41333333333333333
2021-10-03T00:00:00.000,16:24,40.687805,-73.833565,0,0,0,0,4068,-7383,0.45454545454545453
2021-10-03T00:00:00.000,18:55,40.757183,-73.85503,1,0,1,1,4075,-7385,0.3048780487804878
2021-10-03T00:00:00.000,1:20,40.609333,-73.948425,0,0,0,0,4060,-7394,0.5217391304347826
2021-10-03T00:00:00.000,17:53,40.70403,-73.81711,1,0,1,1,4070,-7381,0.3194444444444444
2021-10-03T00:00:00.000,13:26,40.855812,-73.890785,1,0,1,1,4085,-7389,0.3353658536585366
2021-10-03T00:00:00.000,11:14,40.619434,-74.15082,0,0,0,0,4061,-7415,0.3333333333333333
2021-10-03T00:00:00.000,6:45,40.63528,-73.91047,0,0,0,0,4063,-7391,0.5
2021-10-03T00:00:00.000,18:00,40.814594,-73.88588,0,0,0,0,4081,-7388,0.25471698113207547
2021-10-02T00:00:00.000,2:50,40.73235,-73.984955,1,0,1,1,4073,-7398,0.36942675159235666
2021-10-03T00:00:00.000,17:20,40.7605,-73.95699,0,0,0,0,4076,-7395,0.3696969696969697
2021-10-03T00:00:00.000,16:25,40.88437,-73.90105,0,0,0,0,4088,-7390,0.2702702702702703
2021-10-03T00:00:00.000,15:15,0.0,0.0,1,0,1,1,0,0,0.40425531914893614
2021-09-28T00:00:00.000,15:34,40.68727,-73.9102,0,0,0,0,4068,-7391,0.344
2021-10-03T00:00:00.000,20:30,40.789696,-73.94026,0,0,0,0,4078,-7394,0.33513513513513515
2021-10-03T00:00:00.000,11:50,40.694767,-73.74698,0,0,0,0,4069,-7374,0.46774193548387094
2021-09-30T00:00:00.000,18:55,40.84506,-73.91309,1,0,1,1,4084,-7391,0.32558139534883723
2021-10-03T00:00:00.000,23:00,40.82615,-73.87766,0,0,0,0,4082,-7387,0.33544303797468356
2021-10-01T00:00:00.000,13:00,40.762737,-73.9597,0,0,0,0,4076,-7395,0.3696969696969697
2021-10-03T00:00:00.000,10:05,40.834267,-73.82617,0,0,0,0,4083,-7382,0.44680851063829785
2021-09-25T00:00:00.000,0:00,40.721386,-73.816376,0,0,0,0,4072,-7381,0.2926829268292683
2021-10-03T00:00:00.000,11:45,40.747066,-73.97925,1,0,1,1,4074,-7397,0.4810810810810811
2021-10-03T00:00:00.000,0:00,40.62243,-73.94197,1,0,1,1,4062,-7394,0.41379310344827586
2021-10-03T00:00:00.000,19:50,40.74461,-73.996895,2,0,1,1,4074,-7399,0.3333333333333333
2021-09-28T00:00:00.000,23:12,40.726295,-73.84619,1,0,1,1,4072,-7384,0.2711864406779661
2021-10-03T00:00:00.000,4:28,40.81594,-73.945244,0,0,0,0,4081,-7394,0.38
2021-10-03T00:00:00.000,10:45,40.679565,-73.93436,0,0,0,0,4067,-7393,0.3755868544600939
2021-10-03T00:00:00.000,19:00,40.793556,-73.967026,0,0,0,0,4079,-7396,0.25
2021-10-03T00:00:00.000,16:10,40.82906,-73.91001,0,0,0,0,4082,-7391,0.3355263157894737
2021-10-03T00:00:00.000,19:15,40.799305,-73.94324,1,0,1,1,4079,-7394,0.3523809523809524
2021-10-03T00:00:00.000,11:08,40.734943,-73.751396,0,0,0,0,4073,-7375,0.125
2021-10-01T00:00:00.000,19:40,40.680183,-73.7937,4,0,1,1,4068,-7379,0.35
2021-10-03T00:00:00.000,19:23,40.868694,-73.90237,0,0,0,0,4086,-7390,0.42748091603053434
2021-09-21T00:00:00.000,15:00,40.679203,-73.9553,0,0,0,0,4067,-7395,0.3695652173913043
2021-10-03T00:00:00.000,22:25,40.760857,-73.961075,0,0,0,0,4076,-7396,0.3023255813953488
2021-10-03T00:00:00.000,22:10,40.80534,-73.92095,1,0,1,1,4080,-7392,0.3141025641025641
2021-10-03T00:00:00.000,11:30,40.750397,-73.83514,0,0,0,0,4075,-7383,0.37681159420289856
2021-10-03T00:00:00.000,0:27,40.72125,-73.99224,0,0,0,0,4072,-7399,0.3829787234042553
2021-10-03T00:00:00.000,4:13,40.660297,-73.947685,1,0,1,1,4066,-7394,0.36792452830188677
2021-10-03T00:00:00.000,21:03,40.762676,-73.954346,0,0,0,0,4076,-7395,0.3696969696969697
2021-10-03T00:00:00.000,4:00,40.67303,-73.901,0,0,0,0,4067,-7390,0.3282442748091603
2021-09-30T00:00:00.000,19:20,40.793186,-73.94057,1,0,1,1,4079,-7394,0.3523809523809524
2021-10-03T00:00:00.000,0:39,40.63656,-74.168236,0,0,0,0,4063,-7416,0.3333333333333333
2021-09-13T00:00:00.000,2:30,40.765755,-73.924515,0,0,0,0,4076,-7392,0.42105263157894735
2021-10-03T00:00:00.000,19:26,40.65723,-73.96025,0,0,0,0,4065,-7396,0.3939393939393939
2021-10-03T00:00:00.000,16:35,0.0,0.0,1,0,1,1,0,0,0.40425531914893614
2021-10-03T00:00:00.000,21:39,40.66584,-73.75551,0,0,0,0,4066,-7375,0.3
2021-09-06T00:00:00.000,1:15,40.72378,-73.80227,0,0,0,0,4072,-7380,0.2727272727272727
2021-09-09T00:00:00.000,12:05,40.5528,-74.191444,0,0,0,0,4055,-7419,0.36363636363636365
2022-03-30T00:00:00.000,18:22,40.73093,-73.864586,4,0,1,1,4073,-7386,0.3464566929133858
2021-10-03T00:00:00.000,4:15,40.577065,-74.11635,1,0,1,1,4057,-7411,0.37142857142857144
2021-10-02T00:00:00.000,11:20,40.6913651,-73.926333,0,0,0,0,4069,-7392,0.3584905660377358
2021-05-15T00:00:00.000,11:00,40.749744,-73.884315,1,0,1,1,4074,-7388,0.2978723404255319
2021-10-03T00:00:00.000,23:10,40.681923,-73.831924,0,0,0,0,4068,-7383,0.45454545454545453
2021-10-03T00:00:00.000,16:48,0.0,0.0,0,0,0,0,0,0,0.40425531914893614
2021-10-03T00:00:00.000,20:40,40.734768,-73.87459,0,0,0,0,4073,-7387,0.3140495867768595
2021-10-03T00:00:00.000,16:50,40.872314,-73.91274,2,0,1,1,4087,-7391,0.25925925925925924
2021-10-03T00:00:00.000,23:00,40.71258,-73.958115,0,0,0,0,4071,-7395,0.36585365853658536
2021-09-30T00:00:00.000,12:29,40.61654,-73.9766,0,0,0,0,4061,-7397,0.421875
2021-10-03T00:00:00.000,11:59,40.75097,-73.825775,3,0,1,1,4075,-7382,0.4915254237288136
2021-08-28T00:00:00.000,5:00,40.764225,-73.77839,0,0,0,0,4076,-7377,0.20588235294117646
2025-04-12T00:00:00.000,1:08,40.770252,-73.91167,0,0,0,0,4077,-7391,0.3157894736842105
2021-10-03T00:00:00.000,19:06,40.612434,-74.15366,0,0,0,0,4061,-7415,0.3333333333333333
2021-10-03T00:00:00.000,8:30,40.697903,-73.9468,0,0,0,0,4069,-7394,0.417910447761194
2021-10-03T00:00:00.000,22:30,40.57917,-74.10106,0,0,0,0,4057,-7410,0.3877551020408163
2021-10-03T00:00:00.000,16:18,40.676437,-73.91246,0,0,0,0,4067,-7391,0.36597938144329895
2021-10-03T00:00:00.000,22:21,40.627598,-74.03821,0,0,0,0,4062,-7403,0.15
2021-09-30T00:00:00.000,19:50,40.644913,-73.97443,0,0,0,0,4064,-7397,0.4095238095238095
2021-10-03T00:00:00.000,23:00,40.629936,-73.90448,0,0,0,0,4062,-7390,0.3888888888888889
2021-10-03T00:00:00.000,6:40,40.69169,-73.90585,0,0,0,0,4069,-7390,0.29591836734693877
2021-10-03T00:00:00.000,21:20,40.721703,-73.95065,0,0,0,0,4072,-7395,0.22093023255813954
2021-10-03T00:00:00.000,14:30,0.0,0.0,2,0,1,1,0,0,0.40425531914893614
2022-03-30T00:00:00.000,17:50,40.730118,-73.86232,1,0,1,1,4073,-7386,0.3464566929133858
2022-03-26T00:00:00.000,4:42,40.752968,-73.83689,1,0,1,1,4075,-7383,0.37681159420289856
2022-04-01T00:00:00.000,17:20,40.788685,-73.94386,0,0,0,0,4078,-7394,0.33513513513513515
2022-04-01T00:00:00.000,17:18,40.708363,-73.92401,0,0,0,0,4070,-7392,0.24305555555555555
2022-03-31T00:00:00.000,11:20,40.75681,-73.971146,0,0,0,0,4075,-7397,0.375886524822695
2021-11-15T00:00:00.000,11:00,40.76649,-73.95696,2,0,1,1,4076,-7395,0.3696969696969697
2021-12-08T00:00:00.000,8:00,40.630318,-74.08683,0,0,0,0,4063,-7408,0.2653061224489796
2021-12-09T00:00:00.000,9:21,40.830994,-73.92291,0,0,0,0,4083,-7392,0.310126582278481
2022-03-30T00:00:00.000,10:30,40.67264,-73.87281,0,0,0,0,4067,-7387,0.30344827586206896
2022-03-30T00:00:00.000,15:55,40.68378,-73.789734,1,0,1,1,4068,-7378,0.3384615384615385
2022-03-22T00:00:00.000,21:12,40.66188,-73.94557,1,0,1,1,4066,-7394,0.36792452830188677
2022-03-31T00:00:00.000,13:10,40.81313,-73.89428,0,0,0,0,4081,-7389,0.31543624161073824
2022-04-01T00:00:00.000,16:47,40.667236,-73.770004,1,0,1,1,4066,-7377,0.37362637362637363
2022-03-23T00:00:00.000,14:31,40.715233,-74.005424,0,0,0,0,4071,-7400,0.25517241379310346
2022-04-01T00:00:00.000,20:15,40.663643,-73.89084,0,0,0,0,4066,-7389,0.3103448275862069
2022-03-30T00:00:00.000,1:00,40.7158,-73.824486,0,0,0,0,4071,-7382,0.379746835443038
2022-03-31T00:00:00.000,16:30,40.651733,-73.93039,0,0,0,0,4065,-7393,0.44366197183098594
2022-03-30T00:00:00.000,10:40,40.805077,-73.91092,0,0,0,0,4080,-7391,0.38961038961038963
2022-04-01T00:00:00.000,0:30,40.74147,-73.82281,0,0,0,0,4074,-7382,0.4057971014492754
2022-03-31T00:00:00.000,14:02,40.65115,-73.890015,0,0,0,0,4065,-7389,0.34965034965034963
2022-03-30T00:00:00.000,18:30,40.665306,-73.883804,1,0,1,1,4066,-7388,0.37012987012987014
2022-03-31T00:00:00.000,10:15,40.76295,-73.83196,0,0,0,0,4076,-7383,0.33695652173913043
2022-04-01T00:00:00.000,14:05,40.609913,-73.94852,3,0,1,1,4060,-7394,0.5217391304347826
2022-03-30T00:00:00.000,18:00,40.598694,-74.00592,0,0,0,0,4059,-7400,0.2962962962962963
2022-03-30T00:00:00.000,17:42,40.830936,-73.91241,0,0,0,0,4083,-7391,0.33714285714285713
2022-03-27T00:00:00.000,12:30,40.769226,-73.98477,0,0,0,0,4076,-7398,0.3081761006289308
2022-03-31T00:00:00.000,14:00,40.824757,-73.87733,0,0,0,0,4082,-7387,0.33544303797468356
2022-03-31T00:00:00.000,11:50,40.705246,-73.95908,2,0,1,1,4070,-7395,0.3475177304964539
2022-03-30T00:00:00.000,12:21,40.699364,-73.89495,0,0,0,0,4069,-7389,0.3709677419354839
2022-03-30T00:00:00.000,18:58,40.68668,-73.97937,0,0,0,0,4068,-7397,0.3412322274881517
2022-03-30T00:00:00.000,19:00,40.7432,-73.89589,2,0,1,1,4074,-7389,0.3203125
2022-09-21T00:00:00.000,5:50,40.61913,-73.99019,1,0,1,1,4061,-7399,0.29411764705882354
2021-06-04T00:00:00.000,9:00,40.82244,-73.91289,0,0,0,0,4082,-7391,0.3355263157894737
2022-03-31T00:00:00.000,6:23,40.6818,-73.73257,0,0,0,0,4068,-7373,0.29411764705882354
2022-04-01T00:00:00.000,19:39,40.826504,-73.93451,1,0,1,1,4082,-7393,0.36645962732919257
2022-03-31T00:00:00.000,9:40,40.755657,-73.86244,1,0,1,1,4075,-7386,0.33653846153846156
2022-03-04T00:00:00.000,0:00,40.83872,-73.91378,1,0,1,1,4083,-7391,0.33714285714285713
2022-03-31T00:00:00.000,20:36,40.80684,-73.9275,2,0,1,1,4080,-7392,0.3141025641025641
2022-03-30T00:00:00.000,4:35,40.751972,-73.879974,0,0,0,0,4075,-7387,0.33884297520661155
2022-03-31T00:00:00.000,9:15,40.61748,-73.96482,1,0,1,1,4061,-7396,0.30666666666666664
2022-04-01T00:00:00.000,6:31,40.556534,-74.12813,1,0,1,1,4055,-7412,0.75
2022-04-01T00:00:00.000,18:30,40.74175,-73.86157,0,0,0,0,4074,-7386,0.3813559322033898
2022-03-29T00:00:00.000,11:25,40.66435,-73.95099,0,0,0,0,4066,-7395,0.44375
2022-04-01T00:00:00.000,9:58,40.629974,-74.00813,0,0,0,0,4062,-7400,0.3150684931506849
2022-03-30T00:00:00.000,8:16,40.73228,-73.85183,0,0,0,0,4073,-7385,0.3619047619047619
2022-03-30T00:00:00.000,17:45,40.63401,-74.16625,3,0,1,1,4063,-7416,0.3333333333333333
2022-04-01T00:00:00.000,6:00,40.748226,-73.75979,0,0,0,0,4074,-7375,0.16666666666666666
2022-03-30T00:00:00.000,12:57,40.721024,-73.981094,1,0,1,1,4072,-7398,0.4342105263157895
2022-03-27T00:00:00.000,4:32,40.845177,-73.91417,1,0,1,1,4084,-7391,0.32558139534883723
2022-04-01T00:00:00.000,14:00,40.718395,-73.826385,2,0,1,1,4071,-7382,0.379746835443038
2022-03-30T00:00:00.000,8:11,40.678318,-73.94693,0,0,0,0,4067,-7394,0.34074074074074073
2022-03-30T00:00:00.000,20:00,40.695316,-73.936714,0,0,0,0,4069,-7393,0.3141025641025641
2022-03-29T00:00:00.000,13:50,40.839622,-73.870285,2,0,1,1,4083,-7387,0.38414634146341464
2022-03-31T00:00:00.000,20:41,40.622055,-73.955696,1,0,1,1,4062,-7395,0.4444444444444444
2022-04-01T00:00:00.000,20:45,40.67318,-73.78103,0,0,0,0,4067,-7378,0.2
2022-03-26T00:00:00.000,9:20,40.67655,-73.91465,0,0,0,0,4067,-7391,0.36597938144329895
2022-03-30T00:00:00.000,1:02,40.8396,-73.929474,0,0,0,0,4083,-7392,0.310126582278481
2022-04-01T00:00:00.000,19:39,40.746536,-73.985954,0,0,0,0,4074,-7398,0.40131578947368424
2022-03-30T00:00:00.000,3:00,40.736763,-73.97853,0,0,0,0,4073,-7397,0.32558139534883723
2022-04-01T00:00:00.000,11:40,40.686653,-73.9841,0,0,0,0,4068,-7398,0.3873239436619718
2022-03-30T00:00:00.000,6:05,40.60487,-74.02955,0,0,0,0,4060,-7402,0.42105263157894735
2022-03-31T00:00:00.000,8:00,40.666115,-73.79358,1,0,1,1,4066,-7379,0.3870967741935484
2022-03-26T00:00:00.000,10:37,40.900143,-73.86919,0,0,0,0,4090,-7386,0.5
2022-03-31T00:00:00.000,12:00,40.752045,-73.85425,0,0,0,0,4075,-7385,0.3048780487804878
2022-09-23T00:00:00.000,23:54,40.622417,-74.01095,0,0,0,0,4062,-7401,0.3829787234042553
2022-03-31T00:00:00.000,11:28,40.63428,-73.9492,1,0,1,1,4063,-7394,0.358974358974359
2022-04-01T00:00:00.000,11:26,40.747078,-73.981346,0,0,0,0,4074,-7398,0.40131578947368424
2022-03-31T00:00:00.000,15:30,40.73498,-73.85581,0,0,0,0,4073,-7385,0.3619047619047619
2022-03-31T00:00:00.000,2:50,40.65823,-74.00035,0,0,0,0,4065,-7400,0.41509433962264153
2022-04-01T00:00:00.000,10:36,40.658527,-73.939575,0,0,0,0,4065,-7393,0.44366197183098594
2022-03-30T00:00:00.000,11:37,40.691444,-73.75211,0,0,0,0,4069,-7375,0.3584905660377358
2022-03-31T00:00:00.000,0:16,40.75875,-73.96864,0,0,0,0,4075,-7396,0.4788732394366197
2022-04-01T00:00:00.000,7:30,40.581516,-73.96734,0,0,0,0,4058,-7396,0.37333333333333335
2022-03-31T00:00:00.000,14:50,40.616413,-74.103516,1,0,1,1,4061,-7410,0.6363636363636364
2022-04-01T00:00:00.000,14:00,40.843807,-73.93405,0,0,0,0,4084,-7393,0.32786885245901637
2022-04-01T00:00:00.000,9:30,40.727253,-73.74808,0,0,0,0,4072,-7374,0.44
2022-03-30T00:00:00.000,7:45,40.76996,-73.82658,0,0,0,0,4076,-7382,0.2987012987012987
2022-03-31T00:00:00.000,23:43,40.788895,-73.81869,1,0,1,1,4078,-7381,0.22580645161290322
2022-04-01T00:00:00.000,14:32,40.719135,-73.78949,0,0,0,0,4071,-7378,0.32653061224489793
2022-03-29T00:00:00.000,9:00,40.776882,-73.92332,0,0,0,0,4077,-7392,0.3269230769230769
2022-03-26T00:00:00.000,4:34,40.739086,-73.99139,1,0,1,1,4073,-7399,0.423728813559322
2022-03-31T00:00:00.000,12:20,40.66224,-73.99944,2,0,1,1,4066,-7399,0.40540540540540543
2022-03-20T00:00:00.000,7:15,40.668797,-73.93113,0,0,0,0,4066,-7393,0.38578680203045684
2022-04-01T00:00:00.000,16:50,40.657814,-73.89613,2,0,1,1,4065,-7389,0.34965034965034963
2022-03-29T00:00:00.000,17:45,40.66747,-73.9396,0,0,0,0,4066,-7393,0.38578680203045684
2022-04-01T00:00:00.000,3:58,40.759727,-73.99169,1,0,1,1,4075,-7399,0.2830188679245283
2021-10-04T00:00:00.000,13:30,40.712727,-73.72899,0,0,0,0,4071,-7372,0.40425531914893614
2022-03-21T00:00:00.000,17:08,40.75694,-73.93464,2,0,1,1,4075,-7393,0.43478260869565216
2022-03-30T00:00:00.000,16:45,40.66874,-73.99668,1,0,1,1,4066,-7399,0.40540540540540543
2022-03-31T00:00:00.000,13:00,40.641987,-74.01724,0,0,0,0,4064,-7401,0.4295774647887324
2022-03-30T00:00:00.000,20:00,40.84474,-73.922585,0,0,0,0,4084,-7392,0.3181818181818182
2022-04-01T00:00:00.000,0:00,40.745308,-73.90753,0,0,0,0,4074,-7390,0.40625
2022-04-01T00:00:00.000,11:15,40.735508,-73.99461,1,0,1,1,4073,-7399,0.423728813559322
2022-03-31T00:00:00.000,15:58,40.731155,-73.89368,0,0,0,0,4073,-7389,0.2857142857142857
2022-04-01T00:00:00.000,16:15,40.8585,-73.86783,0,0,0,0,4085,-7386,0.33766233766233766
2022-03-31T00:00:00.000,23:17,40.71406,-73.95292,0,0,0,0,4071,-7395,0.36585365853658536
2022-04-01T00:00:00.000,12:00,40.732403,-73.74357,0,0,0,0,4073,-7374,0.21428571428571427
2022-03-30T00:00:00.000,13:40,40.777874,-73.95175,1,0,1,1,4077,-7395,0.3384615384615385
2022-03-30T00:00:00.000,10:28,40.859547,-73.80091,0,0,0,0,4085,-7380,0.0
2022-03-31T00:00:00.000,10:19,40.704876,-73.95571,0,0,0,0,4070,-7395,0.3475177304964539
2022-03-22T00:00:00.000,1:00,40.689964,-73.796776,0,0,0,0,4068,-7379,0.35
2022-03-30T00:00:00.000,13:20,40.75597,-73.91262,1,0,1,1,4075,-7391,0.4777777777777778
2022-04-01T00:00:00.000,8:42,40.83609,-73.92926,0,0,0,0,4083,-7392,0.310126582278481
2022-03-31T00:00:00.000,10:40,40.84741,-73.85137,0,0,0,0,4084,-7385,0.32727272727272727
2022-03-30T00:00:00.000,15:03,40.644623,-73.90709,0,0,0,0,4064,-7390,0.4017094017094017
2022-03-30T00:00:00.000,15:11,40.61359,-73.97082,1,0,1,1,4061,-7397,0.421875
2022-03-31T00:00:00.000,18:30,40.84231,-73.937035,0,0,0,0,4084,-7393,0.32786885245901637
2022-03-25T00:00:00.000,12:30,40.65881,-73.98172,0,0,0,0,4065,-7398,0.2222222222222222
2022-03-31T00:00:00.000,8:00,40.872494,-73.88147,1,0,1,1,4087,-7388,0.3561643835616438
2022-03-31T00:00:00.000,0:15,40.64367,-74.015495,1,0,1,1,4064,-7401,0.4295774647887324
2022-03-28T00:00:00.000,10:00,40.68629,-73.98527,0,0,0,0,4068,-7398,0.3873239436619718
2022-04-01T00:00:00.000,9:50,40.676014,-73.90511,0,0,0,0,4067,-7390,0.3282442748091603
2022-03-28T00:00:00.000,15:07,40.828728,-73.914734,1,0,1,1,4082,-7391,0.3355263157894737
2022-04-01T00:00:00.000,17:40,40.708916,-73.78614,0,0,0,0,4070,-7378,0.34523809523809523
2022-03-30T00:00:00.000,7:55,40.60102,-74.004364,0,0,0,0,4060,-7400,0.24074074074074073
2022-03-30T00:00:00.000,3:30,40.689766,-73.855255,0,0,0,0,4068,-7385,0.43103448275862066
2022-03-30T00:00:00.000,15:55,40.847897,-73.92499,0,0,0,0,4084,-7392,0.3181818181818182
2022-04-01T00:00:00.000,12:06,40.827793,-73.89466,3,0,1,1,4082,-7389,0.37423312883435583
2022-03-31T00:00:00.000,22:00,40.67711,-73.78129,0,0,0,0,4067,-7378,0.2
2022-03-30T00:00:00.000,8:40,40.82138,-73.86298,0,0,0,0,4082,-7386,0.3493975903614458
2022-03-30T00:00:00.000,18:25,40.716923,-73.98322,4,0,1,1,4071,-7398,0.39568345323741005
2022-03-29T00:00:00.000,1:03,40.68159,-73.74459,0,0,0,0,4068,-7374,0.29411764705882354
2022-03-31T00:00:00.000,16:00,40.678467,-73.99597,0,0,0,0,4067,-7399,0.3258426966292135
2022-03-28T00:00:00.000,17:18,40.78366,-73.98167,1,0,1,1,4078,-7398,0.42105263157894735
2022-04-01T00:00:00.000,8:23,40.63868,-73.91682,0,0,0,0,4063,-7391,0.5
2022-03-31T00:00:00.000,11:50,40.643894,-74.012825,1,0,1,1,4064,-7401,0.4295774647887324
2022-03-27T00:00:00.000,10:49,40.846504,-73.89644,0,0,0,0,4084,-7389,0.33766233766233766
2022-04-01T00:00:00.000,18:00,40.76663,-73.88903,1,0,1,1,4076,-7388,0.43283582089552236
2022-04-01T00:00:00.000,17:31,40.71192,-73.95625,0,0,0,0,4071,-7395,0.36585365853658536
2022-09-18T00:00:00.000,11:24,40.642845,-73.97826,0,0,0,0,4064,-7397,0.4095238095238095
2022-03-07T00:00:00.000,7:30,40.73957,-73.86705,3,0,1,1,4073,-7386,0.3464566929133858
2022-03-31T00:00:00.000,22:11,40.60567,-74.030945,0,0,0,0,4060,-7403,0.3
2022-03-30T00:00:00.000,8:10,40.66223,-73.93997,1,0,1,1,4066,-7393,0.38578680203045684
2022-03-29T00:00:00.000,1:00,40.795822,-73.94686,0,0,0,0,4079,-7394,0.3523809523809524
2022-04-01T00:00:00.000,11:05,40.705666,-73.818474,2,0,1,1,4070,-7381,0.3194444444444444
2022-03-30T00:00:00.000,19:30,40.83727,-73.90236,0,0,0,0,4083,-7390,0.3064516129032258
2022-03-28T00:00:00.000,10:30,40.575302,-73.9766,0,0,0,0,4057,-7397,0.2619047619047619
2022-03-31T00:00:00.000,7:21,40.89341,-73.85737,0,0,0,0,4089,-7385,0.3813559322033898
2022-03-10T00:00:00.000,18:15,40.788788,-73.78443,1,0,1,1,4078,-7378,0.4375
2022-03-30T00:00:00.000,16:18,40.653416,-73.98146,1,0,1,1,4065,-7398,0.2222222222222222
2022-03-31T00:00:00.000,18:25,40.760403,-73.98748,1,0,1,1,4076,-7398,0.3081761006289308
2022-04-01T00:00:00.000,20:33,40.785805,-73.942856,0,0,0,0,4078,-7394,0.33513513513513515
2022-03-27T00:00:00.000,15:46,40.60981,-73.92251,1,0,1,1,4060,-7392,0.3333333333333333
2022-03-31T00:00:00.000,21:30,40.666862,-73.77837,0,0,0,0,4066,-7377,0.37362637362637363
2022-03-31T00:00:00.000,0:00,40.81943,-73.88972,0,0,0,0,4081,-7388,0.25471698113207547
2022-03-17T00:00:00.000,9:30,40.7795,-73.981636,0,0,0,0,4077,-7398,0.38028169014084506
2022-03-31T00:00:00.000,21:34,40.823826,-73.86163,0,0,0,0,4082,-7386,0.3493975903614458
2022-03-30T00:00:00.000,13:04,40.675854,-73.73163,1,0,1,1,4067,-7373,0.46835443037974683
2022-03-31T00:00:00.000,9:15,40.807266,-73.93744,0,0,0,0,4080,-7393,0.36312849162011174
2022-03-31T00:00:00.000,18:40,40.701008,-73.9424,1,0,1,1,4070,-7394,0.3956043956043956
2022-03-30T00:00:00.000,14:00,40.850807,-73.86781,0,0,0,0,4085,-7386,0.33766233766233766
2022-03-30T00:00:00.000,18:20,40.681385,-73.84748,0,0,0,0,4068,-7384,0.3333333333333333
2022-03-28T00:00:00.000,8:11,40.868145,-73.833725,0,0,0,0,4086,-7383,0.3448275862068966
2022-03-30T00:00:00.000,19:30,40.728912,-74.0086,0,0,0,0,4072,-7400,0.32926829268292684
2022-03-30T00:00:00.000,17:00,40.8163,-73.80891,0,0,0,0,4081,-7380,0.1111111111111111
2022-03-30T00:00:00.000,8:29,40.638813,-73.90818,0,0,0,0,4063,-7390,0.3561643835616438
2022-01-24T00:00:00.000,20:45,40.84506,-73.916855,0,0,0,0,4084,-7391,0.32558139534883723
2022-04-01T00:00:00.000,8:00,40.729256,-73.94605,0,0,0,0,4072,-7394,0.19801980198019803
2022-03-30T00:00:00.000,6:30,40.72098,-73.98696,0,0,0,0,4072,-7398,0.4342105263157895
2022-03-31T00:00:00.000,11:09,40.722744,-73.93658,0,0,0,0,4072,-7393,0.36507936507936506
2022-04-01T00:00:00.000,15:31,40.747772,-73.985054,1,0,1,1,4074,-7398,0.40131578947368424
2022-03-25T00:00:00.000,10:50,40.68733,-73.98183,1,0,1,1,4068,-7398,0.3873239436619718
2022-03-31T00:00:00.000,21:49,40.76536,-73.98759,0,0,0,0,4076,-7398,0.3081761006289308
2022-03-30T00:00:00.000,19:00,40.83078,-73.82631,1,0,1,1,4083,-7382,0.44680851063829785
2022-03-31T00:00:00.000,12:03,40.830067,-73.92915,0,0,0,0,4083,-7392,0.310126582278481
2022-03-30T00:00:00.000,9:25,40.612144,-74.00308,0,0,0,0,4061,-7400,0.3076923076923077
2022-03-30T00:00:00.000,16:40,40.589035,-74.08988,1,0,1,1,4058,-7408,0.1111111111111111
2022-03-31T00:00:00.000,19:15,40.6094,-74.11657,0,0,0,0,4060,-7411,0.35714285714285715
2022-03-30T00:00:00.000,7:30,40.82403,-73.94476,0,0,0,0,4082,-7394,0.3812154696132597
2022-03-31T00:00:00.000,18:30,40.80332,-73.97263,0,0,0,0,4080,-7397,0.375
2022-03-31T00:00:00.000,0:05,40.734985,-73.85066,1,0,1,1,4073,-7385,0.3619047619047619
2022-03-31T00:00:00.000,3:07,40.634586,-73.97785,0,0,0,0,4063,-7397,0.36893203883495146
2022-04-01T00:00:00.000,0:40,40.587616,-73.93656,0,0,0,0,4058,-7393,0.24324324324324326
2022-04-01T00:00:00.000,23:07,40.758224,-73.97844,0,0,0,0,4075,-7397,0.375886524822695
2022-04-01T00:00:00.000,0:09,40.743782,-73.97352,0,0,0,0,4074,-7397,0.4810810810810811
2022-03-30T00:00:00.000,3:30,40.68698,-73.789604,0,0,0,0,4068,-7378,0.3384615384615385
2022-03-30T00:00:00.000,6:15,40.60487,-74.02955,0,0,0,0,4060,-7402,0.42105263157894735
2022-03-31T00:00:00.000,10:10,40.68087,-73.97515,0,0,0,0,4068,-7397,0.3412322274881517
2022-04-01T00:00:00.000,13:30,40.74297,-73.71042,1,0,1,1,4074,-7371,0.38095238095238093
2022-03-30T00:00:00.000,11:00,40.709442,-73.95252,0,0,0,0,4070,-7395,0.3475177304964539
2022-03-28T00:00:00.000,19:48,40.7527,-73.92741,0,0,0,0,4075,-7392,0.48148148148148145
2022-04-01T00:00:00.000,20:00,40.741646,-74.00487,2,0,1,1,4074,-7400,0.27710843373493976
2022-03-28T00:00:00.000,7:10,40.659008,-73.98157,0,0,0,0,4065,-7398,0.2222222222222222
2022-03-31T00:00:00.000,8:30,40.649635,-73.9379,1,0,1,1,4064,-7393,0.3333333333333333
2022-03-29T00:00:00.000,11:40,40.712852,-73.90486,0,0,0,0,4071,-7390,0.4
2022-03-30T00:00:00.000,13:00,40.71337,-73.934814,1,0,1,1,4071,-7393,0.2711864406779661
2022-04-01T00:00:00.000,5:55,40.7242,-73.93765,1,0,1,1,4072,-7393,0.36507936507936506
2022-04-01T00:00:00.000,1:19,40.690662,-73.81033,1,0,1,1,4069,-7381,0.3902439024390244
2022-04-01T00:00:00.000,15:00,40.585106,-73.943405,1,0,1,1,4058,-7394,0.40816326530612246
2022-03-25T00:00:00.000,17:00,40.882812,-73.85519,0,0,0,0,4088,-7385,0.36619718309859156
2022-03-29T00:00:00.000,18:27,40.657856,-73.9165,0,0,0,0,4065,-7391,0.425
2022-03-31T00:00:00.000,19:55,40.6271,-74.12514,0,0,0,0,4062,-7412,0.21739130434782608
2022-04-01T00:00:00.000,21:30,40.8188,-73.956024,0,0,0,0,4081,-7395,0.3509933774834437
2022-04-01T00:00:00.000,17:10,40.628643,-74.005936,0,0,0,0,4062,-7400,0.3150684931506849
2022-03-27T00:00:00.000,21:00,40.843002,-73.90359,0,0,0,0,4084,-7390,0.366120218579235
2022-03-30T00:00:00.000,22:15,40.635277,-73.96756,0,0,0,0,4063,-7396,0.34615384615384615
2022-04-01T00:00:00.000,13:50,40.6612,-73.85184,0,0,0,0,4066,-7385,0.3333333333333333
2022-03-27T00:00:00.000,13:00,40.730305,-73.99989,0,0,0,0,4073,-7399,0.423728813559322
2022-03-31T00:00:00.000,16:28,40.69268,-73.93998,0,0,0,0,4069,-7393,0.3141025641025641
2022-03-23T00:00:00.000,21:30,40.80781,-73.945564,0,0,0,0,4080,-7394,0.41116751269035534
2022-03-26T00:00:00.000,19:50,40.719715,-73.9901,0,0,0,0,4071,-7399,0.3263157894736842
2022-03-30T00:00:00.000,17:25,40.63682,-74.08142,1,0,1,1,4063,-7408,0.2653061224489796
2022-03-30T00:00:00.000,15:00,40.70808,-74.01445,0,0,0,0,4070,-7401,0.140625
2022-03-30T00:00:00.000,13:13,40.642235,-74.00255,0,0,0,0,4064,-7400,0.36764705882352944
2022-03-30T00:00:00.000,6:28,40.79826,-73.92955,0,0,0,0,4079,-7392,0.4
2022-03-30T00:00:00.000,15:17,40.825413,-73.923485,0,0,0,0,4082,-7392,0.3333333333333333
2022-03-31T00:00:00.000,5:35,40.730442,-73.91367,0,0,0,0,4073,-7391,0.33962264150943394
2022-03-30T00:00:00.000,13:50,40.699482,-73.98047,1,0,1,1,4069,-7398,0.3229166666666667
2022-03-30T00:00:00.000,18:59,40.757896,-73.78761,1,0,1,1,4075,-7378,0.18518518518518517
2022-03-31T00:00:00.000,20:17,40.606842,-74.0155,1,0,1,1,4060,-7401,0.30357142857142855
2022-04-01T00:00:00.000,11:57,40.66045,-73.86719,1,0,1,1,4066,-7386,0.35
2022-03-24T00:00:00.000,1:30,40.8097,-73.90304,0,0,0,0,4080,-7390,0.36538461538461536
2022-04-01T00:00:00.000,9:30,40.735413,-73.91835,1,0,1,1,4073,-7391,0.33962264150943394
2022-04-01T00:00:00.000,21:10,40.67544,-73.85322,1,0,1,1,4067,-7385,0.26666666666666666
2022-04-24T00:00:00.000,2:00,40.67007,-73.89927,1,0,1,1,4067,-7389,0.33852140077821014
2022-04-01T00:00:00.000,20:40,40.76465,-73.823494,0,0,0,0,4076,-7382,0.2987012987012987
2022-03-30T00:00:00.000,17:00,40.60312,-73.960556,0,0,0,0,4060,-7396,0.5714285714285714
2022-03-30T00:00:00.000,14:35,40.6365,-74.00364,0,0,0,0,4063,-7400,0.3068181818181818
2022-03-31T00:00:00.000,1:23,40.66302,-73.90582,0,0,0,0,4066,-7390,0.2777777777777778
2022-03-31T00:00:00.000,0:30,40.693428,-73.81046,0,0,0,0,4069,-7381,0.3902439024390244
2022-03-31T00:00:00.000,17:03,40.900967,-73.90002,0,0,0,0,4090,-7390,0.11764705882352941
2022-03-29T00:00:00.000,14:35,40.644863,-74.01748,0,0,0,0,4064,-7401,0.4295774647887324
2022-03-31T00:00:00.000,18:18,40.850163,-73.8652,1,0,1,1,4085,-7386,0.33766233766233766
2022-03-30T00:00:00.000,18:47,40.72823,-73.83313,1,0,1,1,4072,-7383,0.4909090909090909
2022-04-01T00:00:00.000,19:00,40.616035,-74.0295,0,0,0,0,4061,-7402,0.4090909090909091
2022-03-28T00:00:00.000,8:47,40.847897,-73.92499,1,0,1,1,4084,-7392,0.3181818181818182
2022-03-30T00:00:00.000,15:45,40.834667,-73.88936,2,0,1,1,4083,-7388,0.26717557251908397
2022-03-31T00:00:00.000,12:41,40.708828,-74.016205,0,0,0,0,4070,-7401,0.140625
2022-03-30T00:00:00.000,0:30,40.759525,-73.99925,0,0,0,0,4075,-7399,0.2830188679245283
2022-04-01T00:00:00.000,4:20,40.763893,-73.915,1,0,1,1,4076,-7391,0.40476190476190477
2022-03-31T00:00:00.000,12:30,40.70447,-73.94274,1,0,1,1,4070,-7394,0.3956043956043956
2022-09-23T00:00:00.000,14:43,40.675777,-73.980896,0,0,0,0,4067,-7398,0.3655913978494624
2022-04-01T00:00:00.000,15:20,40.638523,-73.92607,0,0,0,0,4063,-7392,0.4036697247706422
2022-04-01T00:00:00.000,13:30,40.682594,-73.962654,1,0,1,1,4068,-7396,0.42567567567567566
2022-03-30T00:00:00.000,19:15,40.754257,-74.00309,0,0,0,0,4075,-7400,0.3888888888888889
2022-03-30T00:00:00.000,15:45,40.74616,-73.97913,0,0,0,0,4074,-7397,0.4810810810810811
2022-03-31T00:00:00.000,10:57,40.74249,-73.989815,0,0,0,0,4074,-7398,0.40131578947368424
2022-03-28T00:00:00.000,1:30,40.637756,-74.00721,1,0,1,1,4063,-7400,0.3068181818181818
2022-03-31T00:00:00.000,9:30,40.753883,-73.919846,0,0,0,0,4075,-7391,0.4777777777777778
2022-04-01T00:00:00.000,14:15,40.617943,-74.03332,0,0,0,0,4061,-7403,0.2777777777777778
2022-03-31T00:00:00.000,22:53,40.827564,-73.83363,1,0,1,1,4082,-7383,0.34210526315789475
2020-08-01T00:00:00.000,17:16,40.840508,-73.85515,0,1,2,1,4084,-7385,0.32727272727272727
2021-05-15T00:00:00.000,21:15,40.665794,-73.7464,3,0,1,1,4066,-7374,0.3698630136986301
2021-05-25T00:00:00.000,21:51,40.617043,-73.89733,2,0,1,1,4061,-7389,0.45454545454545453
2021-05-25T00:00:00.000,12:55,40.830334,-73.91895,2,0,1,1,4083,-7391,0.33714285714285713
2022-04-01T00:00:00.000,8:10,40.760662,-73.814,1,0,1,1,4076,-7381,0.4716981132075472
2022-03-31T00:00:00.000,10:45,40.75225,-73.702095,1,0,1,1,4075,-7370,0.4166666666666667
2022-03-30T00:00:00.000,20:30,40.724174,-73.937355,1,0,1,1,4072,-7393,0.36507936507936506
2022-04-17T00:00:00.000,19:07,40.814735,-73.82421,0,0,0,0,4081,-7382,0.07142857142857142
2022-04-24T00:00:00.000,5:45,40.649376,-74.0023,1,0,1,1,4064,-7400,0.36764705882352944
2025-04-12T00:00:00.000,14:40,40.70636,-73.79253,1,0,1,1,4070,-7379,0.3978494623655914
2022-04-23T00:00:00.000,5:00,40.751602,-73.88635,1,0,1,1,4075,-7388,0.3402061855670103
2022-04-24T00:00:00.000,20:41,40.666306,-73.785934,0,0,0,0,4066,-7378,0.34615384615384615
2022-04-24T00:00:00.000,11:30,40.70153,-73.92314,0,0,0,0,4070,-7392,0.24305555555555555
2022-04-24T00:00:00.000,9:10,40.58667,-73.966156,1,0,1,1,4058,-7396,0.37333333333333335
2022-04-24T00:00:00.000,4:00,40.725933,-73.98961,0,0,0,0,4072,-7398,0.4342105263157895
2022-04-24T00:00:00.000,13:22,40.61137,-73.973495,0,0,0,0,4061,-7397,0.421875
2022-04-24T00:00:00.000,5:00,40.743954,-73.87423,2,0,1,1,4074,-7387,0.25663716814159293
2022-04-24T00:00:00.000,17:30,40.685806,-73.80728,0,0,0,0,4068,-7380,0.3829787234042553
2022-04-24T00:00:00.000,11:35,40.69435,-73.85597,0,0,0,0,4069,-7385,0.34
2022-04-24T00:00:00.000,16:50,0.0,0.0,0,0,0,0,0,0,0.40425531914893614
2022-04-23T00:00:00.000,18:35,0.0,0.0,1,0,1,1,0,0,0.40425531914893614
2022-04-23T00:00:00.000,20:20,0.0,0.0,0,0,0,0,0,0,0.40425531914893614
2022-04-24T00:00:00.000,16:25,40.725388,-73.81579,0,0,0,0,4072,-7381,0.2926829268292683
2022-04-20T00:00:00.000,15:40,40.666393,-73.75177,0,0,0,0,4066,-7375,0.3
2022-04-24T00:00:00.000,4:00,40.87631,-73.83068,0,0,0,0,4087,-7383,0.3333333333333333
2022-04-22T00:00:00.000,14:50,40.743397,-73.88388,1,0,1,1,4074,-7388,0.2978723404255319
2022-04-24T00:00:00.000,10:13,40.73619,-73.85806,0,0,0,0,4073,-7385,0.3619047619047619
2021-06-04T00:00:00.000,0:15,40.756653,-73.98635,0,0,0,0,4075,-7398,0.3170731707317073
2021-06-02T00:00:00.000,17:10,40.666603,-73.73605,1,0,1,1,4066,-7373,0.44339622641509435
2021-06-04T00:00:00.000,18:55,40.679276,-73.92906,0,0,0,0,4067,-7392,0.39655172413793105
2021-06-03T00:00:00.000,19:05,40.701958,-73.9239,1,0,1,1,4070,-7392,0.24305555555555555
2021-06-02T00:00:00.000,20:30,40.751595,-73.98422,1,0,1,1,4075,-7398,0.3170731707317073
2021-06-03T00:00:00.000,10:35,40.672848,-73.9675,0,0,0,0,4067,-7396,0.3466666666666667
2022-09-13T00:00:00.000,19:15,40.643375,-73.978096,0,0,0,0,4064,-7397,0.4095238095238095
2021-06-04T00:00:00.000,13:11,40.699936,-73.91181,0,0,0,0,4069,-7391,0.2709677419354839
2021-06-03T00:00:00.000,11:55,40.857784,-73.83081,0,0,0,0,4085,-7383,0.25
2021-06-03T00:00:00.000,14:22,40.837368,-73.887764,1,0,1,1,4083,-7388,0.26717557251908397
2021-06-03T00:00:00.000,10:00,40.7134,-74.008,0,0,0,0,4071,-7400,0.25517241379310346
2021-06-04T00:00:00.000,18:30,40.66563,-73.73921,0,0,0,0,4066,-7373,0.44339622641509435
2021-06-02T00:00:00.000,16:00,40.74477,-73.98179,0,0,0,0,4074,-7398,0.40131578947368424
2021-06-02T00:00:00.000,0:50,40.737537,-73.929955,1,0,1,1,4073,-7392,0.4444444444444444
2021-06-04T00:00:00.000,4:30,40.70165,-73.88446,0,0,0,0,4070,-7388,0.3448275862068966
2021-06-04T00:00:00.000,22:00,40.847027,-73.89807,0,0,0,0,4084,-7389,0.33766233766233766
2021-06-03T00:00:00.000,8:00,40.782185,-73.911575,0,0,0,0,4078,-7391,0.2777777777777778
2021-06-02T00:00:00.000,21:19,40.763668,-73.82303,0,0,0,0,4076,-7382,0.2987012987012987
2021-06-04T00:00:00.000,6:30,40.732887,-73.920586,2,0,1,1,4073,-7392,0.4444444444444444
2021-06-03T00:00:00.000,10:35,40.829247,-73.914444,0,0,0,0,4082,-7391,0.3355263157894737
2021-06-04T00:00:00.000,12:00,40.607075,-73.9627,1,0,1,1,4060,-7396,0.5714285714285714
2021-06-02T00:00:00.000,17:30,40.73856,-73.87912,0,0,0,0,4073,-7387,0.3140495867768595
2021-06-04T00:00:00.000,15:15,40.583626,-73.98407,0,0,0,0,4058,-7398,0.4
2021-06-03T00:00:00.000,20:45,40.746555,-73.82621,1,0,1,1,4074,-7382,0.4057971014492754
2021-06-02T00:00:00.000,22:35,40.58552,-73.941925,1,0,1,1,4058,-7394,0.40816326530612246
2021-06-02T00:00:00.000,17:54,40.8967,-73.85969,0,0,0,0,4089,-7385,0.3813559322033898
2021-05-30T00:00:00.000,2:35,40.63721,-74.12689,0,0,0,0,4063,-7412,0.36363636363636365
2021-06-03T00:00:00.000,11:30,40.69519,-73.84296,0,0,0,0,4069,-7384,0.26666666666666666
2021-06-02T00:00:00.000,8:50,40.712055,-73.75319,0,0,0,0,4071,-7375,0.3269230769230769
2021-06-02T00:00:00.000,21:00,40.59457,-73.76441,0,0,0,0,4059,-7376,0.23809523809523808
2021-06-02T00:00:00.000,1:40,40.82581,-73.907036,0,0,0,0,4082,-7390,0.3025210084033613
2021-06-04T00:00:00.000,12:22,40.84486,-73.88551,1,0,1,1,4084,-7388,0.390625
2021-06-04T00:00:00.000,9:30,40.712505,-73.78818,0,0,0,0,4071,-7378,0.32653061224489793
2021-06-02T00:00:00.000,11:15,40.877293,-73.889534,0,0,0,0,4087,-7388,0.3561643835616438
2021-06-02T00:00:00.000,18:15,40.71531,-74.00876,0,0,0,0,4071,-7400,0.25517241379310346
2021-06-02T00:00:00.000,18:00,40.76246,-73.97682,0,0,0,0,4076,-7397,0.37
2021-06-03T00:00:00.000,21:40,40.577366,-74.11145,0,0,0,0,4057,-7411,0.37142857142857144
2021-06-04T00:00:00.000,19:58,40.70417,-73.81538,2,0,1,1,4070,-7381,0.3194444444444444
2021-05-28T00:00:00.000,0:45,40.64741,-74.018684,1,0,1,1,4064,-7401,0.4295774647887324
2021-06-04T00:00:00.000,1:07,40.788895,-73.81869,0,0,0,0,4078,-7381,0.22580645161290322
2021-06-02T00:00:00.000,18:10,40.58493,-73.95269,2,0,1,1,4058,-7395,0.3465346534653465
2021-05-30T00:00:00.000,0:00,40.743763,-73.82463,0,0,0,0,4074,-7382,0.4057971014492754
2021-06-02T00:00:00.000,19:05,40.68989,-73.81819,3,0,1,1,4068,-7381,0.4117647058823529
2021-05-31T00:00:00.000,23:30,40.61269,-73.982666,0,0,0,0,4061,-7398,0.3698630136986301
2021-05-28T00:00:00.000,11:40,40.841877,-73.8888,3,0,1,1,4084,-7388,0.390625
2021-06-02T00:00:00.000,7:50,40.72062,-73.84607,0,0,0,0,4072,-7384,0.2711864406779661
2021-05-26T00:00:00.000,11:37,40.71991,-73.7622,0,0,0,0,4071,-7376,0.37142857142857144
2021-06-02T00:00:00.000,17:40,40.762074,-73.98628,0,0,0,0,4076,-7398,0.3081761006289308
2021-06-02T00:00:00.000,13:33,40.720375,-74.003265,0,0,0,0,4072,-7400,0.32926829268292684
2021-06-04T00:00:00.000,12:00,40.703724,-73.95979,0,0,0,0,4070,-7395,0.3475177304964539
2021-06-04T00:00:00.000,17:10,40.815422,-73.9161,0,0,0,0,4081,-7391,0.47244094488188976
2021-12-11T00:00:00.000,22:35,40.785805,-73.942856,1,0,1,1,4078,-7394,0.33513513513513515
2021-06-02T00:00:00.000,22:15,40.69613,-73.987114,2,0,1,1,4069,-7398,0.3229166666666667
2021-06-04T00:00:00.000,17:30,40.66447,-73.97829,0,0,0,0,4066,-7397,0.24390243902439024
2021-02-06T00:00:00.000,0:40,40.67695,-73.93675,0,0,0,0,4067,-7393,0.3755868544600939
2021-06-03T00:00:00.000,14:43,40.72032,-73.99404,0,0,0,0,4072,-7399,0.3829787234042553
2021-06-03T00:00:00.000,10:46,40.75829,-73.83431,1,0,1,1,4075,-7383,0.37681159420289856
2021-06-01T00:00:00.000,11:00,40.657276,-73.92102,0,0,0,0,4065,-7392,0.35555555555555557
2021-06-01T00:00:00.000,13:30,40.646286,-73.96028,1,0,1,1,4064,-7396,0.4714285714285714
2021-06-01T00:00:00.000,7:50,40.677483,-73.93033,0,0,0,0,4067,-7393,0.3755868544600939
2021-06-03T00:00:00.000,9:32,40.84103,-73.94463,0,0,0,0,4084,-7394,0.17543859649122806
2021-06-03T00:00:00.000,10:15,40.71161,-73.95754,1,0,1,1,4071,-7395,0.36585365853658536
2021-06-02T00:00:00.000,10:50,40.65965,-73.773834,0,0,0,0,4065,-7377,0.3125
2021-06-01T00:00:00.000,17:40,40.66284,-73.99894,2,0,1,1,4066,-7399,0.40540540540540543
2021-05-06T00:00:00.000,17:52,40.689228,-73.957,0,0,0,0,4068,-7395,0.38571428571428573
2021-06-02T00:00:00.000,19:30,40.57257,-74.169876,0,0,0,0,4057,-7416,0.36363636363636365
2021-06-03T00:00:00.000,17:30,40.723362,-73.81738,0,0,0,0,4072,-7381,0.2926829268292683
2021-06-02T00:00:00.000,2:52,40.685654,-73.86427,0,0,0,0,4068,-7386,0.423728813559322
2021-06-02T00:00:00.000,13:18,40.757755,-73.77912,0,0,0,0,4075,-7377,0.24
2021-04-24T00:00:00.000,1:48,40.722897,-73.91386,0,0,0,0,4072,-7391,0.36
2021-06-01T00:00:00.000,17:33,40.72235,-73.99327,1,0,1,1,4072,-7399,0.3829787234042553
2021-06-03T00:00:00.000,19:55,40.78821,-73.7907,2,0,1,1,4078,-7379,0.42105263157894735
2021-06-04T00:00:00.000,8:24,40.62359,-74.025055,0,0,0,0,4062,-7402,0.3625
2021-06-02T00:00:00.000,11:04,40.67123,-73.900375,0,0,0,0,4067,-7390,0.3282442748091603
2021-06-02T00:00:00.000,19:15,40.72592,-73.72439,0,0,0,0,4072,-7372,0.3793103448275862
2021-06-03T00:00:00.000,20:50,40.62051,-73.99248,0,0,0,0,4062,-7399,0.3835616438356164
2021-06-02T00:00:00.000,21:00,40.724667,-73.95232,0,0,0,0,4072,-7395,0.22093023255813954
2021-06-03T00:00:00.000,21:34,40.684177,-73.992195,0,0,0,0,4068,-7399,0.17857142857142858
2021-06-04T00:00:00.000,13:22,40.63245,-74.146515,0,0,0,0,4063,-7414,0.5769230769230769
2021-06-02T00:00:00.000,14:00,40.822285,-73.87772,0,0,0,0,4082,-7387,0.33544303797468356
2021-06-02T00:00:00.000,8:30,40.634747,-74.01752,0,0,0,0,4063,-7401,0.37777777777777777
2021-06-04T00:00:00.000,17:00,40.731785,-73.81082,0,0,0,0,4073,-7381,0.3181818181818182
2021-06-02T00:00:00.000,11:15,40.755238,-73.782074,0,0,0,0,4075,-7378,0.18518518518518517
2021-05-30T00:00:00.000,5:45,40.73656,-73.79923,0,0,0,0,4073,-7379,0.4
2021-06-02T00:00:00.000,16:00,40.54208,-74.157234,0,0,0,0,4054,-7415,0.3125
2021-06-03T00:00:00.000,13:30,40.680473,-73.9614,0,0,0,0,4068,-7396,0.42567567567567566
2021-06-02T00:00:00.000,3:00,40.675346,-73.92198,0,0,0,0,4067,-7392,0.39655172413793105
2021-06-03T00:00:00.000,21:31,40.774155,-73.984886,1,0,1,1,4077,-7398,0.38028169014084506
2021-05-29T00:00:00.000,21:00,40.67277,-73.9628,1,0,1,1,4067,-7396,0.3466666666666667
2021-06-01T00:00:00.000,5:45,40.718967,-73.88871,0,0,0,0,4071,-7388,0.10344827586206896
2022-09-21T00:00:00.000,8:17,40.714928,-74.00795,1,0,1,1,4071,-7400,0.25517241379310346
2021-06-04T00:00:00.000,10:40,40.58938,-73.81556,0,0,0,0,4058,-7381,0.1875
2021-06-02T00:00:00.000,0:00,40.667114,-73.834656,3,0,1,1,4066,-7383,0.5
2021-05-31T00:00:00.000,8:00,40.646885,-73.94891,0,0,0,0,4064,-7394,0.42342342342342343
2021-06-03T00:00:00.000,21:00,40.65217,-73.96141,1,0,1,1,4065,-7396,0.3939393939393939
2021-06-03T00:00:00.000,17:25,40.78223,-73.77119,0,0,0,0,4078,-7377,0.5384615384615384
2021-05-28T00:00:00.000,10:30,40.688473,-73.93105,0,0,0,0,4068,-7393,0.3619047619047619
2021-06-01T00:00:00.000,15:18,40.74581,-74.00554,0,0,0,0,4074,-7400,0.27710843373493976
2021-05-09T00:00:00.000,17:20,40.668495,-73.925606,0,0,0,0,4066,-7392,0.355
2021-06-02T00:00:00.000,23:04,40.873947,-73.88341,1,0,1,1,4087,-7388,0.3561643835616438
2021-06-02T00:00:00.000,15:53,40.810303,-73.93942,0,0,0,0,4081,-7393,0.32432432432432434
2021-06-03T00:00:00.000,15:48,40.84036,-73.91807,0,0,0,0,4084,-7391,0.32558139534883723
2021-06-03T00:00:00.000,7:46,40.68587,-73.76349,0,0,0,0,4068,-7376,0.35714285714285715
2021-06-04T00:00:00.000,17:49,40.709988,-73.933304,0,0,0,0,4070,-7393,0.3300970873786408
2021-06-02T00:00:00.000,20:30,40.82431,-73.89263,0,0,0,0,4082,-7389,0.37423312883435583
2021-06-02T00:00:00.000,12:18,40.675198,-73.789894,0,0,0,0,4067,-7378,0.2
2021-06-03T00:00:00.000,11:45,40.724262,-73.93766,1,0,1,1,4072,-7393,0.36507936507936506
2021-06-02T00:00:00.000,8:45,40.760906,-73.87295,0,0,0,0,4076,-7387,0.48214285714285715
2021-06-02T00:00:00.000,12:30,40.58227,-73.98612,0,0,0,0,4058,-7398,0.4
2021-05-14T00:00:00.000,20:07,40.721474,-73.98383,0,0,0,0,4072,-7398,0.4342105263157895
2021-06-02T00:00:00.000,10:00,40.823635,-73.93095,0,0,0,0,4082,-7393,0.36645962732919257
2021-06-02T00:00:00.000,9:24,40.84211,-73.82557,0,0,0,0,4084,-7382,0.4
2021-06-02T00:00:00.000,18:00,40.62448,-73.938835,1,0,1,1,4062,-7393,0.4444444444444444
2021-06-04T00:00:00.000,19:27,40.81401,-73.94466,0,0,0,0,4081,-7394,0.38
2021-06-02T00:00:00.000,10:08,40.61222,-73.918846,1,0,1,1,4061,-7391,0.358974358974359
2021-06-02T00:00:00.000,16:00,40.74106,-73.946106,2,0,1,1,4074,-7394,0.33962264150943394
2021-06-04T00:00:00.000,17:05,40.67909,-73.90829,1,0,1,1,4067,-7390,0.3282442748091603
2021-06-03T00:00:00.000,17:50,40.65807,-73.960434,0,0,0,0,4065,-7396,0.3939393939393939
2020-06-04T00:00:00.000,7:30,40.744232,-73.861275,0,0,0,0,4074,-7386,0.3813559322033898
2021-06-03T00:00:00.000,9:30,40.842655,-73.89052,0,0,0,0,4084,-7389,0.33766233766233766
2021-06-04T00:00:00.000,9:59,40.66685,-73.73672,1,0,1,1,4066,-7373,0.44339622641509435
2021-06-03T00:00:00.000,2:45,40.844982,-73.92067,0,0,0,0,4084,-7392,0.3181818181818182
2021-06-02T00:00:00.000,22:40,40.712055,-73.96615,1,0,1,1,4071,-7396,0.3218390804597701
2021-06-03T00:00:00.000,11:20,40.8701,-73.8937,0,0,0,0,4087,-7389,0.3333333333333333
2021-06-03T00:00:00.000,19:57,40.63083,-73.90736,0,0,0,0,4063,-7390,0.3561643835616438
2021-06-04T00:00:00.000,8:45,40.724453,-73.810234,0,0,0,0,4072,-7381,0.2926829268292683
2021-06-02T00:00:00.000,15:10,40.760254,-73.967545,1,0,1,1,4076,-7396,0.3023255813953488
2021-06-04T00:00:00.000,1:51,40.769863,-73.947914,0,0,0,0,4076,-7394,0.4583333333333333
2021-06-02T00:00:00.000,14:28,40.745945,-73.95552,0,0,0,0,4074,-7395,0.35185185185185186
2021-06-02T00:00:00.000,13:00,40.64025,-73.89287,2,0,1,1,4064,-7389,0.43478260869565216
2021-06-04T00:00:00.000,17:00,40.750637,-73.94283,1,0,1,1,4075,-7394,0.41333333333333333
2021-06-04T00:00:00.000,13:30,40.74273,-73.95412,0,0,0,0,4074,-7395,0.35185185185185186
2021-06-03T00:00:00.000,6:46,40.644615,-73.962166,0,0,0,0,4064,-7396,0.4714285714285714
2021-05-27T00:00:00.000,20:36,40.642742,-73.92242,0,0,0,0,4064,-7392,0.4077669902912621
2021-06-01T00:00:00.000,22:29,40.739124,-73.85466,0,0,0,0,4073,-7385,0.3619047619047619
2021-06-02T00:00:00.000,16:35,40.83801,-73.87329,0,0,0,0,4083,-7387,0.38414634146341464
2021-06-02T00:00:00.000,20:04,40.645546,-73.90566,0,0,0,0,4064,-7390,0.4017094017094017
2021-06-03T00:00:00.000,6:30,40.685078,-73.980064,0,0,0,0,4068,-7398,0.3873239436619718
2021-06-04T00:00:00.000,1:53,40.674953,-73.80205,0,0,0,0,4067,-7380,0.24615384615384617
2021-06-02T00:00:00.000,6:40,40.766834,-73.98105,0,0,0,0,4076,-7398,0.3081761006289308
2021-06-04T00:00:00.000,16:28,40.632446,-73.9685,0,0,0,0,4063,-7396,0.34615384615384615
2021-06-04T00:00:00.000,17:21,40.758427,-73.99264,0,0,0,0,4075,-7399,0.2830188679245283
2021-06-02T00:00:00.000,14:25,40.677017,-73.92182,0,0,0,0,4067,-7392,0.39655172413793105
2022-09-22T00:00:00.000,13:30,40.59628,-73.95497,0,0,0,0,4059,-7395,0.3181818181818182
2021-06-02T00:00:00.000,14:30,40.69415,-73.94027,0,0,0,0,4069,-7394,0.417910447761194
2021-06-02T00:00:00.000,23:05,40.830845,-73.947235,0,0,0,0,4083,-7394,0.38926174496644295
2021-06-02T00:00:00.000,11:35,0.0,0.0,1,0,1,1,0,0,0.40425531914893614
2021-06-02T00:00:00.000,19:29,40.878574,-73.88488,0,0,0,0,4087,-7388,0.3561643835616438
2021-06-04T00:00:00.000,21:30,40.78322,-73.84586,0,0,0,0,4078,-7384,0.23809523809523808
2021-06-02T00:00:00.000,14:30,40.60485,-73.74822,0,0,0,0,4060,-7374,0.15789473684210525
2021-06-03T00:00:00.000,2:44,40.772434,-73.99238,0,0,0,0,4077,-7399,0.4166666666666667
2021-06-01T00:00:00.000,0:24,40.68316,-73.93809,3,0,1,1,4068,-7393,0.3619047619047619
2022-09-22T00:00:00.000,11:30,40.73796,-73.79301,0,0,0,0,4073,-7379,0.4
2021-06-03T00:00:00.000,15:00,40.843906,-73.92413,1,0,1,1,4084,-7392,0.3181818181818182
2021-06-03T00:00:00.000,20:10,40.68854,-73.92384,0,0,0,0,4068,-7392,0.2542372881355932
2021-06-04T00:00:00.000,16:13,40.666935,-73.782715,1,0,1,1,4066,-7378,0.34615384615384615
2021-06-04T00:00:00.000,10:55,40.668243,-73.90651,0,0,0,0,4066,-7390,0.2777777777777778
2021-06-04T00:00:00.000,17:41,40.758915,-73.9997,0,0,0,0,4075,-7399,0.2830188679245283
2021-06-02T00:00:00.000,11:45,40.596325,-73.76673,1,0,1,1,4059,-7376,0.23809523809523808
2021-05-31T00:00:00.000,0:00,40.722095,-73.77772,0,0,0,0,4072,-7377,0.375
2021-05-27T00:00:00.000,15:45,40.724876,-73.975174,1,0,1,1,4072,-7397,0.3283582089552239
2021-06-02T00:00:00.000,14:58,40.610844,-73.978264,0,0,0,0,4061,-7397,0.421875
2021-06-04T00:00:00.000,17:30,40.832047,-73.885704,0,0,0,0,4083,-7388,0.26717557251908397
2021-05-27T00:00:00.000,21:23,40.885952,-73.8279,2,0,1,1,4088,-7382,0.2765957446808511
2021-06-04T00:00:00.000,9:00,40.87823,-73.864395,0,0,0,0,4087,-7386,0.3142857142857143
2021-06-03T00:00:00.000,9:25,40.784325,-73.94225,0,0,0,0,4078,-7394,0.33513513513513515
2021-06-03T00:00:00.000,0:02,40.651985,-73.92073,1,0,1,1,4065,-7392,0.35555555555555557
2021-06-03T00:00:00.000,8:15,40.66408,-73.94817,1,0,1,1,4066,-7394,0.36792452830188677
2021-06-03T00:00:00.000,0:03,40.820965,-73.939575,1,0,1,1,4082,-7393,0.36645962732919257
2021-06-04T00:00:00.000,17:20,40.576504,-74.1037,1,0,1,1,4057,-7410,0.3877551020408163
2021-06-02T00:00:00.000,9:40,40.816032,-73.90809,2,0,1,1,4081,-7390,0.3888888888888889
2021-06-01T00:00:00.000,5:00,40.74337,-73.87008,0,0,0,0,4074,-7387,0.25663716814159293
2021-06-02T00:00:00.000,3:00,40.753494,-73.82987,1,0,1,1,4075,-7382,0.4915254237288136
2021-06-02T00:00:00.000,12:30,40.818794,-73.92213,0,0,0,0,4081,-7392,0.4714285714285714
2021-06-02T00:00:00.000,8:48,40.77694,-73.901085,0,0,0,0,4077,-7390,0.3404255319148936
2021-06-03T00:00:00.000,19:20,40.71713,-73.7986,2,0,1,1,4071,-7379,0.3888888888888889
2021-06-02T00:00:00.000,12:58,40.680008,-73.82305,1,0,1,1,4068,-7382,0.41975308641975306
2021-06-04T00:00:00.000,13:30,40.65973,-73.74174,1,0,1,1,4065,-7374,0.4583333333333333
2021-06-03T00:00:00.000,12:08,40.72592,-73.72439,0,0,0,0,4072,-7372,0.3793103448275862
2021-06-04T00:00:00.000,23:45,40.674362,-73.999,0,0,0,0,4067,-7399,0.3258426966292135
2021-06-03T00:00:00.000,20:15,40.654488,-73.979034,0,0,0,0,4065,-7397,0.4074074074074074
2021-06-03T00:00:00.000,11:40,40.816532,-73.92822,1,0,1,1,4081,-7392,0.4714285714285714
2021-06-03T00:00:00.000,15:20,40.84782,-73.90756,2,0,1,1,4084,-7390,0.366120218579235
2021-06-03T00:00:00.000,22:15,40.737675,-73.930244,0,0,0,0,4073,-7393,0.38461538461538464
2021-06-03T00:00:00.000,14:12,40.69802,-73.7623,0,0,0,0,4069,-7376,0.3392857142857143
2021-06-04T00:00:00.000,16:20,40.55234,-74.133194,0,0,0,0,4055,-7413,0.2777777777777778
2021-06-02T00:00:00.000,2:00,40.672848,-73.76405,0,0,0,0,4067,-7376,0.23076923076923078
2021-06-03T00:00:00.000,15:15,40.847145,-73.854454,1,0,1,1,4084,-7385,0.32727272727272727
2021-06-02T00:00:00.000,11:55,40.60756,-73.984406,0,0,0,0,4060,-7398,0.2711864406779661
2021-06-02T00:00:00.000,20:54,40.584644,-73.94899,0,0,0,0,4058,-7394,0.40816326530612246
2021-06-04T00:00:00.000,22:46,40.786396,-73.80593,3,0,1,1,4078,-7380,0.30434782608695654
2021-06-03T00:00:00.000,14:07,40.553093,-74.142334,2,0,1,1,4055,-7414,0.4444444444444444
2021-06-03T00:00:00.000,1:20,40.73835,-73.997055,1,0,1,1,4073,-7399,0.423728813559322
2021-06-03T00:00:00.000,17:09,40.797886,-73.973465,1,0,1,1,4079,-7397,0.24210526315789474
2021-06-03T00:00:00.000,9:21,40.53975,-74.20163,0,0,0,0,4053,-7420,0.5555555555555556
2021-06-02T00:00:00.000,14:00,40.76985,-73.92295,1,0,1,1,4076,-7392,0.42105263157894735
2021-06-04T00:00:00.000,17:47,40.861813,-73.91053,1,0,1,1,4086,-7391,0.38016528925619836
2021-05-27T00:00:00.000,20:40,40.677917,-73.93861,0,0,0,0,4067,-7393,0.3755868544600939
2021-06-02T00:00:00.000,16:51,40.748363,-73.98041,0,0,0,0,4074,-7398,0.40131578947368424
2021-06-03T00:00:00.000,10:00,40.689804,-73.98621,1,0,1,1,4068,-7398,0.3873239436619718
2021-05-11T00:00:00.000,22:40,40.677338,-73.927536,1,0,1,1,4067,-7392,0.39655172413793105
2021-06-04T00:00:00.000,23:15,40.66034,-73.92837,2,0,1,1,4066,-7392,0.355
2021-05-24T00:00:00.000,9:05,40.61782,-73.94309,0,0,0,0,4061,-7394,0.48484848484848486
2021-06-03T00:00:00.000,8:25,40.87521,-73.833694,0,0,0,0,4087,-7383,0.3333333333333333
2021-06-03T00:00:00.000,23:17,40.687935,-73.9154,0,0,0,0,4068,-7391,0.344
2021-06-03T00:00:00.000,16:45,40.70317,-73.9327,0,0,0,0,4070,-7393,0.3300970873786408
2021-06-02T00:00:00.000,23:42,40.662148,-73.72892,2,0,1,1,4066,-7372,0.6190476190476191
2021-06-02T00:00:00.000,21:21,40.67612,-73.936005,2,0,1,1,4067,-7393,0.3755868544600939
2021-04-06T00:00:00.000,10:45,40.67416,-73.94732,0,0,0,0,4067,-7394,0.34074074074074073
2021-06-03T00:00:00.000,6:40,40.860203,-73.82649,1,0,1,1,4086,-7382,0.3611111111111111
2021-05-30T00:00:00.000,22:00,40.671303,-73.933685,0,0,0,0,4067,-7393,0.3755868544600939
2021-06-01T00:00:00.000,21:30,40.64499,-73.93549,3,0,1,1,4064,-7393,0.3333333333333333
2022-09-23T00:00:00.000,23:20,40.74577,-73.97043,0,0,0,0,4074,-7397,0.4810810810810811
2021-06-03T00:00:00.000,10:37,40.727127,-73.93716,0,0,0,0,4072,-7393,0.36507936507936506
2021-06-03T00:00:00.000,14:50,40.799328,-73.96099,0,0,0,0,4079,-7396,0.25
2021-06-04T00:00:00.000,11:26,40.840866,-73.87281,1,0,1,1,4084,-7387,0.48333333333333334
2021-05-31T00:00:00.000,16:15,40.837124,-73.909645,0,0,0,0,4083,-7390,0.3064516129032258
2021-06-02T00:00:00.000,12:05,40.72201,-73.853485,0,0,0,0,4072,-7385,0.4418604651162791
2021-06-02T00:00:00.000,8:00,40.608204,-73.920715,0,0,0,0,4060,-7392,0.3333333333333333
2021-05-27T00:00:00.000,18:20,40.821285,-73.90095,1,0,1,1,4082,-7390,0.3025210084033613
2021-06-02T00:00:00.000,16:30,40.632717,-73.96692,0,0,0,0,4063,-7396,0.34615384615384615
2021-06-04T00:00:00.000,21:20,40.677853,-73.93026,0,0,0,0,4067,-7393,0.3755868544600939
2021-05-28T00:00:00.000,18:50,40.73791,-73.77444,0,0,0,0,4073,-7377,0.5789473684210527
2021-06-02T00:00:00.000,10:40,40.644455,-74.0183,1,0,1,1,4064,-7401,0.4295774647887324
2021-04-13T00:00:00.000,21:40,40.810997,-73.905846,0,0,0,0,4081,-7390,0.3888888888888889
2021-06-03T00:00:00.000,8:00,40.86862,-73.892426,0,0,0,0,4086,-7389,0.40606060606060607
2021-05-30T00:00:00.000,16:29,40.607754,-74.13205,0,0,0,0,4060,-7413,0.41935483870967744
2021-06-04T00:00:00.000,0:57,40.87745,-73.85179,0,0,0,0,4087,-7385,0.37681159420289856
2021-06-04T00:00:00.000,14:39,40.828236,-73.88602,0,0,0,0,4082,-7388,0.27624309392265195
2021-06-03T00:00:00.000,16:24,40.801155,-73.959656,0,0,0,0,4080,-7395,0.381294964028777
2021-05-24T00:00:00.000,8:24,40.7033,-73.91078,0,0,0,0,4070,-7391,0.27450980392156865
2021-06-02T00:00:00.000,0:00,40.72106,-73.75945,3,0,1,1,4072,-7375,0.2727272727272727
2021-06-02T00:00:00.000,18:30,40.757145,-73.99357,0,0,0,0,4075,-7399,0.2830188679245283
2021-06-02T00:00:00.000,13:20,40.84115,-73.942696,0,0,0,0,4084,-7394,0.17543859649122806
2021-06-04T00:00:00.000,12:50,40.57826,-73.95838,0,0,0,0,4057,-7395,0.47368421052631576
2021-06-01T00:00:00.000,15:00,40.64934,-73.94264,0,0,0,0,4064,-7394,0.42342342342342343
2021-06-01T00:00:00.000,13:50,40.734974,-73.97987,2,0,1,1,4073,-7397,0.32558139534883723
2021-06-02T00:00:00.000,11:52,40.724552,-73.72452,1,0,1,1,4072,-7372,0.3793103448275862
2021-06-02T00:00:00.000,16:15,40.7185,-73.73531,1,0,1,1,4071,-7373,0.25
2021-06-04T00:00:00.000,17:40,40.544735,-74.14359,2,0,1,1,4054,-7414,0.2631578947368421
2021-06-03T00:00:00.000,12:05,40.865387,-73.893456,0,0,0,0,4086,-7389,0.40606060606060607
2021-06-04T00:00:00.000,18:43,40.684082,-73.90864,0,0,0,0,4068,-7390,0.4421052631578947
2021-06-04T00:00:00.000,23:40,40.769318,-73.8666,0,0,0,0,4076,-7386,0.40298507462686567
2024-09-29T00:00:00.000,9:30,40.714104,-73.95322,0,0,0,0,4071,-7395,0.36585365853658536
2021-06-02T00:00:00.000,17:21,40.62731,-73.941826,1,0,1,1,4062,-7394,0.41379310344827586
2021-06-03T00:00:00.000,15:54,40.610844,-73.978264,0,0,0,0,4061,-7397,0.421875
2021-06-02T00:00:00.000,9:40,40.724545,-73.97994,0,0,0,0,4072,-7397,0.3283582089552239
2021-05-26T00:00:00.000,7:00,40.69584,-73.92959,0,0,0,0,4069,-7392,0.3584905660377358
2021-06-02T00:00:00.000,9:45,40.677265,-73.8262,2,0,1,1,4067,-7382,0.4186046511627907
2021-06-04T00:00:00.000,23:26,40.650097,-73.960815,0,0,0,0,4065,-7396,0.3939393939393939
2021-06-01T00:00:00.000,21:14,40.84615,-73.818344,1,0,1,1,4084,-7381,0.4
2021-06-03T00:00:00.000,11:24,40.70166,-73.961464,1,0,1,1,4070,-7396,0.3431372549019608
2021-06-04T00:00:00.000,3:45,40.6929,-73.80551,0,0,0,0,4069,-7380,0.38461538461538464
2021-06-03T00:00:00.000,16:19,40.8451,-73.91878,0,0,0,0,4084,-7391,0.32558139534883723
2021-06-02T00:00:00.000,23:05,40.767647,-73.92078,0,0,0,0,4076,-7392,0.42105263157894735
2021-06-04T00:00:00.000,21:55,40.67536,-73.8126,1,0,1,1,4067,-7381,0.4230769230769231
2021-06-04T00:00:00.000,22:50,40.700737,-73.99499,1,0,1,1,4070,-7399,0.21052631578947367
2022-09-22T00:00:00.000,13:22,40.771694,-73.95919,0,0,0,0,4077,-7395,0.3384615384615385
2021-06-04T00:00:00.000,21:50,40.693604,-73.93857,0,0,0,0,4069,-7393,0.3141025641025641
2021-03-10T00:00:00.000,13:08,40.676094,-73.94992,1,0,1,1,4067,-7394,0.34074074074074073
2021-06-02T00:00:00.000,17:30,40.872707,-73.8411,0,0,0,0,4087,-7384,0.47297297297297297
2021-06-04T00:00:00.000,15:12,40.805073,-73.92331,0,0,0,0,4080,-7392,0.3141025641025641
2022-07-02T00:00:00.000,8:00,40.69644,-73.92228,0,0,0,0,4069,-7392,0.3584905660377358
2021-06-01T00:00:00.000,15:05,40.67646,-73.9499,0,0,0,0,4067,-7394,0.34074074074074073
2021-05-17T00:00:00.000,6:30,40.821,-73.8969,0,0,0,0,4082,-7389,0.37423312883435583
2021-06-03T00:00:00.000,12:56,40.851654,-73.91566,2,0,1,1,4085,-7391,0.373134328358209
2021-06-02T00:00:00.000,22:20,40.518517,-74.199684,0,0,0,0,4051,-7419,0.0
2021-06-03T00:00:00.000,12:35,40.62156,-74.16849,0,0,0,0,4062,-7416,0.24444444444444444
2021-06-04T00:00:00.000,22:30,40.723602,-73.731766,0,0,0,0,4072,-7373,0.4642857142857143
2021-06-02T00:00:00.000,18:50,40.670277,-73.92542,1,0,1,1,4067,-7392,0.39655172413793105
2021-06-04T00:00:00.000,18:00,40.758327,-73.96894,0,0,0,0,4075,-7396,0.4788732394366197
2021-06-03T00:00:00.000,19:45,40.61617,-73.9546,1,0,1,1,4061,-7395,0.4461538461538462
2021-06-04T00:00:00.000,17:50,40.83761,-73.88106,0,0,0,0,4083,-7388,0.26717557251908397
2021-06-04T00:00:00.000,3:50,40.779495,-73.95559,3,0,1,1,4077,-7395,0.3384615384615385
2021-05-31T00:00:00.000,4:00,40.59011,-73.97422,0,0,0,0,4059,-7397,0.3191489361702128
2021-06-02T00:00:00.000,11:51,40.69385,-73.76643,1,0,1,1,4069,-7376,0.3392857142857143
2021-06-04T00:00:00.000,3:48,40.66895,-73.9339,0,0,0,0,4066,-7393,0.38578680203045684
2021-06-03T00:00:00.000,11:55,40.71572,-73.825745,1,0,1,1,4071,-7382,0.379746835443038
2021-06-02T00:00:00.000,8:33,40.76411,-73.9885,1,0,1,1,4076,-7398,0.3081761006289308
2021-06-03T00:00:00.000,7:00,40.74977,-73.987785,0,0,0,0,4074,-7398,0.40131578947368424
2021-06-02T00:00:00.000,7:15,40.68864,-73.983665,0,0,0,0,4068,-7398,0.3873239436619718
2021-06-02T00:00:00.000,2:52,40.700245,-73.92089,0,0,0,0,4070,-7392,0.24305555555555555
2021-06-03T00:00:00.000,2:50,40.736294,-73.867096,0,0,0,0,4073,-7386,0.3464566929133858
2021-06-04T00:00:00.000,18:42,40.747543,-73.97079,1,0,1,1,4074,-7397,0.4810810810810811
2021-06-03T00:00:00.000,2:30,40.709698,-73.92161,0,0,0,0,4070,-7392,0.24305555555555555
2021-05-20T00:00:00.000,17:00,40.899815,-73.85781,0,0,0,0,4089,-7385,0.3813559322033898
2021-06-04T00:00:00.000,2:00,40.72676,-73.90582,0,0,0,0,4072,-7390,0.2978723404255319
2021-05-30T00:00:00.000,10:53,40.69912,-73.90789,0,0,0,0,4069,-7390,0.29591836734693877
2021-06-04T00:00:00.000,12:15,40.756096,-73.74655,1,0,1,1,4075,-7374,0.3333333333333333
2021-06-04T00:00:00.000,23:35,40.68668,-73.97937,1,0,1,1,4068,-7397,0.3412322274881517
2021-05-31T00:00:00.000,21:00,40.841347,-73.9169,0,0,0,0,4084,-7391,0.32558139534883723
2021-06-03T00:00:00.000,16:19,40.859974,-73.900795,0,0,0,0,4085,-7390,0.42207792207792205
2021-06-03T00:00:00.000,16:00,40.75411,-73.898705,0,0,0,0,4075,-7389,0.4805194805194805
2021-06-03T00:00:00.000,11:25,40.768448,-73.77077,1,0,1,1,4076,-7377,0.20588235294117646
2021-06-03T00:00:00.000,16:37,40.89466,-73.86137,1,0,1,1,4089,-7386,0.28205128205128205
2021-06-04T00:00:00.000,18:15,40.66485,-73.94098,0,0,0,0,4066,-7394,0.36792452830188677
2021-06-03T00:00:00.000,11:10,40.616047,-74.025734,0,0,0,0,4061,-7402,0.4090909090909091
2021-06-03T00:00:00.000,9:38,40.831566,-73.942986,0,0,0,0,4083,-7394,0.38926174496644295
2021-06-02T00:00:00.000,10:00,40.69614,-73.9734,0,0,0,0,4069,-7397,0.3253012048192771
2021-06-01T00:00:00.000,7:57,40.755844,-73.964714,0,0,0,0,4075,-7396,0.4788732394366197
2021-06-02T00:00:00.000,22:00,40.74675,-73.99799,0,0,0,0,4074,-7399,0.3333333333333333
2021-06-02T00:00:00.000,10:12,40.67428,-73.916695,0,0,0,0,4067,-7391,0.36597938144329895
2021-06-04T00:00:00.000,11:00,40.70735,-73.959404,0,0,0,0,4070,-7395,0.3475177304964539
2021-06-04T00:00:00.000,3:30,40.7666,-73.89117,1,0,1,1,4076,-7389,0.35185185185185186
2021-06-04T00:00:00.000,10:30,40.731586,-73.99158,1,0,1,1,4073,-7399,0.423728813559322
2021-03-14T00:00:00.000,12:30,40.689213,-73.97701,1,0,1,1,4068,-7397,0.3412322274881517
2021-06-04T00:00:00.000,8:30,40.589844,-73.99111,0,0,0,0,4058,-7399,0.23076923076923078
2021-06-04T00:00:00.000,18:00,40.692856,-73.74703,0,0,0,0,4069,-7374,0.46774193548387094
2021-05-27T00:00:00.000,9:40,40.705246,-73.95908,0,0,0,0,4070,-7395,0.3475177304964539
2021-06-04T00:00:00.000,18:40,40.76031,-73.774315,0,0,0,0,4076,-7377,0.20588235294117646
2021-06-04T00:00:00.000,0:00,40.71256,-73.732994,1,0,1,1,4071,-7373,0.25
2021-06-04T00:00:00.000,17:35,40.737194,-73.97447,0,0,0,0,4073,-7397,0.32558139534883723
2021-06-03T00:00:00.000,12:47,40.76242,-73.82752,1,0,1,1,4076,-7382,0.2987012987012987
2021-06-02T00:00:00.000,15:05,40.845642,-73.90211,0,0,0,0,4084,-7390,0.366120218579235
2021-03-27T00:00:00.000,8:30,40.68507,-73.92649,0,0,0,0,4068,-7392,0.2542372881355932
2021-06-02T00:00:00.000,4:00,40.75786,-73.830246,0,0,0,0,4075,-7383,0.37681159420289856
2021-06-04T00:00:00.000,15:58,40.63939,-73.96852,1,0,1,1,4063,-7396,0.34615384615384615
2021-06-04T00:00:00.000,21:21,40.764706,-73.811005,1,0,1,1,4076,-7381,0.4716981132075472
2021-06-03T00:00:00.000,13:40,40.829597,-73.94814,0,0,0,0,4082,-7394,0.3812154696132597
2021-06-03T00:00:00.000,19:35,40.760353,-73.99124,1,0,1,1,4076,-7399,0.3275862068965517
2021-05-17T00:00:00.000,13:40,40.690765,-73.92429,1,0,1,1,4069,-7392,0.3584905660377358
2021-06-01T00:00:00.000,17:24,40.620686,-74.11002,0,0,0,0,4062,-7411,0.5238095238095238
2021-05-29T00:00:00.000,18:25,40.76496,-73.90532,0,0,0,0,4076,-7390,0.3055555555555556
2021-05-30T00:00:00.000,19:16,40.826775,-73.89496,0,0,0,0,4082,-7389,0.37423312883435583
2021-06-04T00:00:00.000,0:54,40.672413,-73.957344,0,0,0,0,4067,-7395,0.3695652173913043
2021-06-02T00:00:00.000,9:21,40.70085,-73.95894,0,0,0,0,4070,-7395,0.3475177304964539
2021-06-02T00:00:00.000,11:58,40.715473,-73.95185,0,0,0,0,4071,-7395,0.36585365853658536
2021-06-04T00:00:00.000,12:20,40.697716,-73.96488,2,0,1,1,4069,-7396,0.325
2021-06-02T00:00:00.000,11:09,40.644264,-73.97402,0,0,0,0,4064,-7397,0.4095238095238095
2021-06-04T00:00:00.000,14:55,40.72691,-73.90033,0,0,0,0,4072,-7390,0.2978723404255319
2021-06-03T00:00:00.000,18:37,40.826042,-73.85933,0,0,0,0,4082,-7385,0.27
2021-06-03T00:00:00.000,15:00,40.584534,-73.82233,0,0,0,0,4058,-7382,0.11764705882352941
2021-06-04T00:00:00.000,14:20,40.663517,-73.90238,0,0,0,0,4066,-7390,0.2777777777777778
2021-06-02T00:00:00.000,19:05,40.804905,-73.91883,0,0,0,0,4080,-7391,0.38961038961038963
2021-06-02T00:00:00.000,16:43,40.566494,-74.11377,3,0,1,1,4056,-7411,0.3448275862068966
2021-06-03T00:00:00.000,18:20,40.62055,-74.16919,1,0,1,1,4062,-7416,0.24444444444444444
2021-06-03T00:00:00.000,1:21,40.8651,-73.92189,1,0,1,1,4086,-7392,0.359375
2021-06-03T00:00:00.000,4:00,40.742508,-73.91788,0,0,0,0,4074,-7391,0.38333333333333336
2021-06-02T00:00:00.000,16:05,40.751522,-73.99396,0,0,0,0,4075,-7399,0.2830188679245283
2021-04-08T00:00:00.000,13:40,40.673683,-73.92214,0,0,0,0,4067,-7392,0.39655172413793105
2021-06-03T00:00:00.000,13:59,40.74455,-73.703094,0,0,0,0,4074,-7370,0.375
2021-06-03T00:00:00.000,10:00,40.83044,-73.89654,0,0,0,0,4083,-7389,0.3333333333333333
2021-06-03T00:00:00.000,8:16,40.681946,-73.904884,0,0,0,0,4068,-7390,0.4421052631578947
2021-05-31T00:00:00.000,23:00,40.69296,-73.93106,0,0,0,0,4069,-7393,0.3141025641025641
2021-06-03T00:00:00.000,9:15,40.73351,-73.87491,0,0,0,0,4073,-7387,0.3140495867768595
2022-09-21T00:00:00.000,2:35,40.665474,-73.95231,0,0,0,0,4066,-7395,0.44375
2021-06-04T00:00:00.000,5:24,40.75064,-73.73935,0,0,0,0,4075,-7373,0.18181818181818182
2021-06-03T00:00:00.000,19:45,40.701424,-73.94307,0,0,0,0,4070,-7394,0.3956043956043956
2021-05-31T00:00:00.000,17:00,40.75205,-73.92792,0,0,0,0,4075,-7392,0.48148148148148145
2021-06-01T00:00:00.000,23:20,40.74782,-73.99665,1,0,1,1,4074,-7399,0.3333333333333333
2021-06-01T00:00:00.000,11:30,40.61384,-73.981445,1,0,1,1,4061,-7398,0.3698630136986301
2021-06-04T00:00:00.000,13:37,40.774223,-73.893715,0,0,0,0,4077,-7389,0.35
2021-06-04T00:00:00.000,16:28,40.842594,-73.866394,0,0,0,0,4084,-7386,0.375
2021-05-31T00:00:00.000,21:37,40.737953,-73.85109,1,0,1,1,4073,-7385,0.3619047619047619
2021-06-04T00:00:00.000,15:20,40.7422,-73.840965,1,0,1,1,4074,-7384,0.42857142857142855
2021-06-04T00:00:00.000,19:30,40.674137,-73.83903,1,0,1,1,4067,-7383,0.48148148148148145
2022-06-25T00:00:00.000,2:15,40.678116,-73.92172,0,0,0,0,4067,-7392,0.39655172413793105
2021-06-03T00:00:00.000,5:25,40.67625,-73.95308,4,0,1,1,4067,-7395,0.3695652173913043
2021-05-12T00:00:00.000,6:59,40.69245,-73.811005,0,0,0,0,4069,-7381,0.3902439024390244
2021-06-03T00:00:00.000,18:00,40.8541,-73.919106,1,0,1,1,4085,-7391,0.373134328358209
2021-06-03T00:00:00.000,15:40,40.58531,-73.95353,0,0,0,0,4058,-7395,0.3465346534653465
2021-05-21T00:00:00.000,19:35,40.7602,-73.996864,0,0,0,0,4076,-7399,0.3275862068965517
2021-06-03T00:00:00.000,21:26,40.623,-73.95905,1,0,1,1,4062,-7395,0.4444444444444444
2021-06-04T00:00:00.000,7:35,40.80988,-73.90308,0,0,0,0,4080,-7390,0.36538461538461536
2021-06-04T00:00:00.000,15:40,40.78417,-73.84675,0,0,0,0,4078,-7384,0.23809523809523808
2021-06-02T00:00:00.000,22:00,40.840977,-73.916016,1,0,1,1,4084,-7391,0.32558139534883723
2021-06-02T00:00:00.000,16:43,40.677174,-73.924774,0,0,0,0,4067,-7392,0.39655172413793105
2021-06-02T00:00:00.000,21:45,40.84491,-73.93324,0,0,0,0,4084,-7393,0.32786885245901637
2021-06-02T00:00:00.000,12:36,40.71308,-73.72979,0,0,0,0,4071,-7372,0.40425531914893614
2021-06-02T00:00:00.000,10:40,40.660328,-73.73935,0,0,0,0,4066,-7373,0.44339622641509435
2021-06-02T00:00:00.000,16:40,40.778805,-73.947975,0,0,0,0,4077,-7394,0.28
2021-06-02T00:00:00.000,13:15,40.6688,-73.742805,0,0,0,0,4066,-7374,0.3698630136986301
2021-06-02T00:00:00.000,12:25,40.67989,-73.94034,1,0,1,1,4067,-7394,0.34074074074074073
2021-05-28T00:00:00.000,1:54,40.84479,-73.91587,1,0,1,1,4084,-7391,0.32558139534883723
2021-06-02T00:00:00.000,16:23,40.621986,-73.95465,0,0,0,0,4062,-7395,0.4444444444444444
2021-06-04T00:00:00.000,19:45,40.850693,-73.92748,0,0,0,0,4085,-7392,0.22
2021-06-02T00:00:00.000,13:00,40.7155,-73.75532,0,0,0,0,4071,-7375,0.3269230769230769
2021-06-02T00:00:00.000,14:00,40.658134,-73.9896,0,0,0,0,4065,-7398,0.2222222222222222
2021-06-02T00:00:00.000,6:00,40.78426,-73.974945,0,0,0,0,4078,-7397,0.3434343434343434
2021-06-02T00:00:00.000,16:55,40.695847,-73.81996,0,0,0,0,4069,-7381,0.3902439024390244
2021-06-03T00:00:00.000,15:50,40.885303,-73.82954,1,0,1,1,4088,-7382,0.2765957446808511
2021-06-03T00:00:00.000,15:00,40.830437,-73.83748,1,0,1,1,4083,-7383,0.36363636363636365
2021-06-02T00:00:00.000,9:00,40.61815,-74.03165,1,0,1,1,4061,-7403,0.2777777777777778
2021-06-04T00:00:00.000,12:57,40.7177,-74.00406,0,0,0,0,4071,-7400,0.25517241379310346
2021-06-02T00:00:00.000,16:50,40.718555,-73.988205,1,0,1,1,4071,-7398,0.39568345323741005
2021-06-03T00:00:00.000,10:30,40.76737,-73.98445,0,0,0,0,4076,-7398,0.3081761006289308
2021-05-31T00:00:00.000,22:12,40.618282,-74.105194,1,0,1,1,4061,-7410,0.6363636363636364
2021-06-03T00:00:00.000,11:11,40.683933,-73.91228,0,0,0,0,4068,-7391,0.344
2021-06-04T00:00:00.000,0:00,40.668266,-73.84214,1,0,1,1,4066,-7384,0.5925925925925926
2021-05-24T00:00:00.000,15:10,40.67958,-73.919334,0,0,0,0,4067,-7391,0.36597938144329895
2021-06-04T00:00:00.000,19:15,40.707153,-73.8189,1,0,1,1,4070,-7381,0.3194444444444444
2021-06-02T00:00:00.000,13:30,40.67641,-74.00104,0,0,0,0,4067,-7400,0.20967741935483872
2021-04-10T00:00:00.000,23:30,40.8047,-73.91243,0,0,0,0,4080,-7391,0.38961038961038963
2021-05-31T00:00:00.000,20:00,40.89482,-73.85899,0,0,0,0,4089,-7385,0.3813559322033898
2021-06-02T00:00:00.000,17:30,40.83349,-73.94158,0,0,0,0,4083,-7394,0.38926174496644295
2021-06-01T00:00:00.000,9:00,40.61238,-74.07117,0,0,0,0,4061,-7407,0.2
2021-08-26T00:00:00.000,16:20,40.598553,-73.997345,0,1,2,1,4059,-7399,0.3076923076923077
2021-06-02T00:00:00.000,8:20,40.67994,-73.941216,0,0,0,0,4067,-7394,0.34074074074074073
2021-06-04T00:00:00.000,23:49,40.743324,-73.83379,0,0,0,0,4074,-7383,0.4067796610169492
2021-06-01T00:00:00.000,15:27,40.745014,-73.86394,0,0,0,0,4074,-7386,0.3813559322033898
2021-06-03T00:00:00.000,16:40,40.5171,-74.233894,0,0,0,0,4051,-7423,0.0625
2021-05-22T00:00:00.000,15:40,40.677513,-73.95913,1,0,1,1,4067,-7395,0.3695652173913043
2021-06-03T00:00:00.000,23:30,40.854355,-73.88515,0,0,0,0,4085,-7388,0.3
2021-06-04T00:00:00.000,14:30,40.842438,-73.93926,0,0,0,0,4084,-7393,0.32786885245901637
2021-06-03T00:00:00.000,20:17,40.774853,-73.98067,0,0,0,0,4077,-7398,0.38028169014084506
2021-05-30T00:00:00.000,23:12,40.72032,-73.99404,0,0,0,0,4072,-7399,0.3829787234042553
2021-06-03T00:00:00.000,23:59,40.752693,-73.97305,1,0,1,1,4075,-7397,0.375886524822695
2021-12-11T00:00:00.000,7:09,40.644157,-73.976234,0,0,0,0,4064,-7397,0.4095238095238095
2021-06-02T00:00:00.000,17:25,40.55959,-74.16958,0,0,0,0,4055,-7416,0.5416666666666666
2021-06-02T00:00:00.000,17:02,40.872585,-73.88128,0,0,0,0,4087,-7388,0.3561643835616438
2021-06-03T00:00:00.000,6:25,40.694027,-73.801315,0,0,0,0,4069,-7380,0.38461538461538464
2021-06-04T00:00:00.000,15:40,40.878826,-73.8829,0,0,0,0,4087,-7388,0.3561643835616438
2021-06-02T00:00:00.000,6:30,40.73504,-73.982994,1,0,1,1,4073,-7398,0.36942675159235666
2021-06-02T00:00:00.000,10:30,40.60153,-74.06939,0,0,0,0,4060,-7406,0.3076923076923077
2021-04-07T00:00:00.000,19:00,40.74564,-73.97527,0,0,0,0,4074,-7397,0.4810810810810811
2021-06-03T00:00:00.000,21:00,40.582977,-73.98042,0,0,0,0,4058,-7398,0.4
2021-06-02T00:00:00.000,15:54,40.79672,-73.97618,0,0,0,0,4079,-7397,0.24210526315789474
2021-06-04T00:00:00.000,0:30,40.81172,-73.853745,0,0,0,0,4081,-7385,0.30434782608695654
2021-06-02T00:00:00.000,15:16,40.829155,-73.93728,1,0,1,1,4082,-7393,0.36645962732919257
2021-06-02T00:00:00.000,8:10,40.859463,-73.88759,0,0,0,0,4085,-7388,0.3
2021-06-02T00:00:00.000,7:00,40.660988,-73.77241,0,0,0,0,4066,-7377,0.37362637362637363
2021-10-04T00:00:00.000,10:00,40.699684,-73.97944,1,0,1,1,4069,-7397,0.3253012048192771
2021-06-02T00:00:00.000,11:20,40.706013,-74.00882,0,0,0,0,4070,-7400,0.2542372881355932
2021-06-02T00:00:00.000,15:15,40.779922,-73.98068,1,0,1,1,4077,-7398,0.38028169014084506
2021-06-02T00:00:00.000,15:11,40.690468,-73.9879,0,0,0,0,4069,-7398,0.3229166666666667
2021-06-02T00:00:00.000,17:00,40.70519,-73.91478,0,0,0,0,4070,-7391,0.27450980392156865
2021-06-02T00:00:00.000,13:00,40.835552,-73.88566,0,0,0,0,4083,-7388,0.26717557251908397
2021-06-04T00:00:00.000,18:06,40.671364,-73.9845,0,0,0,0,4067,-7398,0.3655913978494624
2021-06-02T00:00:00.000,13:42,40.79084,-73.97457,2,0,1,1,4079,-7397,0.24210526315789474
2021-06-04T00:00:00.000,17:16,40.82098,-73.89536,0,0,0,0,4082,-7389,0.37423312883435583
2021-05-30T00:00:00.000,14:47,40.86879,-73.83168,1,0,1,1,4086,-7383,0.3448275862068966
2021-06-03T00:00:00.000,12:45,40.81369,-73.95654,0,0,0,0,4081,-7395,0.3509933774834437
2021-06-01T00:00:00.000,0:23,40.68274,-73.92222,0,0,0,0,4068,-7392,0.2542372881355932
2021-06-02T00:00:00.000,7:15,40.695858,-73.82773,1,0,1,1,4069,-7382,0.37209302325581395
2021-05-07T00:00:00.000,21:00,40.67934,-73.9305,0,0,0,0,4067,-7393,0.3755868544600939
2021-06-02T00:00:00.000,8:46,40.83057,-73.93072,0,0,0,0,4083,-7393,0.3333333333333333
2021-06-03T00:00:00.000,17:55,40.71403,-73.9443,0,0,0,0,4071,-7394,0.3710691823899371
2021-06-02T00:00:00.000,17:17,40.7606,-73.96434,1,0,1,1,4076,-7396,0.3023255813953488
2021-06-02T00:00:00.000,15:07,40.685802,-73.754326,0,0,0,0,4068,-7375,0.3877551020408163
2021-06-03T00:00:00.000,13:15,40.644547,-74.01091,0,0,0,0,4064,-7401,0.4295774647887324
2021-05-29T00:00:00.000,3:47,40.757145,-73.99357,0,0,0,0,4075,-7399,0.2830188679245283
2021-06-04T00:00:00.000,19:30,40.670166,-73.914795,0,0,0,0,4067,-7391,0.36597938144329895
2021-06-03T00:00:00.000,6:02,40.8523,-73.8951,0,0,0,0,4085,-7389,0.3353658536585366
2021-06-04T00:00:00.000,9:30,40.629066,-74.16622,0,0,0,0,4062,-7416,0.24444444444444444
2021-06-03T00:00:00.000,6:00,40.724182,-73.911354,0,0,0,0,4072,-7391,0.36
2021-05-15T00:00:00.000,2:10,40.72773,-73.90674,0,0,0,0,4072,-7390,0.2978723404255319
2021-06-04T00:00:00.000,19:25,40.83472,-73.93517,0,0,0,0,4083,-7393,0.3333333333333333
2021-06-02T00:00:00.000,15:50,40.59732,-73.928795,0,0,0,0,4059,-7392,0.375
2021-06-01T00:00:00.000,6:30,40.88689,-73.8576,0,0,0,0,4088,-7385,0.36619718309859156
2021-06-03T00:00:00.000,11:15,40.750317,-73.99112,1,0,1,1,4075,-7399,0.2830188679245283
2021-06-03T00:00:00.000,15:50,40.62707,-74.01865,2,0,1,1,4062,-7401,0.3829787234042553
2021-05-28T00:00:00.000,10:00,40.73881,-73.85071,0,0,0,0,4073,-7385,0.3619047619047619
2021-10-04T00:00:00.000,14:35,40.7684,-73.73755,0,0,0,0,4076,-7373,0.42857142857142855
2021-06-02T00:00:00.000,14:45,40.760452,-73.75383,0,0,0,0,4076,-7375,0.3409090909090909
2021-06-02T00:00:00.000,12:55,40.760063,-73.976974,0,0,0,0,4076,-7397,0.37
2021-06-03T00:00:00.000,9:45,40.631935,-73.91321,0,0,0,0,4063,-7391,0.5
2021-05-27T00:00:00.000,15:20,40.703114,-73.921585,1,0,1,1,4070,-7392,0.24305555555555555
2021-06-03T00:00:00.000,1:13,40.686527,-73.83005,0,0,0,0,4068,-7383,0.45454545454545453
2021-06-03T00:00:00.000,11:40,40.596222,-73.98897,0,0,0,0,4059,-7398,0.34146341463414637
2021-06-01T00:00:00.000,14:25,40.625225,-74.074844,0,0,0,0,4062,-7407,0.35714285714285715
2021-06-03T00:00:00.000,19:56,40.724968,-74.00158,1,0,1,1,4072,-7400,0.32926829268292684
2021-06-03T00:00:00.000,23:20,40.60729,-74.14086,1,0,1,1,4060,-7414,0.4074074074074074
2021-05-29T00:00:00.000,10:10,40.585346,-73.98754,2,0,1,1,4058,-7398,0.4
2021-06-04T00:00:00.000,7:55,40.703163,-73.81662,0,0,0,0,4070,-7381,0.3194444444444444
2021-06-02T00:00:00.000,21:05,40.703403,-73.917786,0,0,0,0,4070,-7391,0.27450980392156865
2021-06-03T00:00:00.000,13:36,40.622894,-73.96002,0,0,0,0,4062,-7396,0.375
2021-06-03T00:00:00.000,20:35,40.67815,-73.83109,1,0,1,1,4067,-7383,0.48148148148148145
2021-06-02T00:00:00.000,23:20,40.591312,-73.99388,0,0,0,0,4059,-7399,0.3076923076923077
2021-06-03T00:00:00.000,10:25,40.853462,-73.88939,1,0,1,1,4085,-7388,0.3
2021-06-03T00:00:00.000,23:29,40.671364,-73.91975,1,0,1,1,4067,-7391,0.36597938144329895
2021-06-04T00:00:00.000,17:20,40.84152,-73.8746,0,0,0,0,4084,-7387,0.48333333333333334
2021-06-04T00:00:00.000,15:20,40.734848,-73.90002,0,0,0,0,4073,-7390,0.42424242424242425
2021-06-02T00:00:00.000,10:53,40.677975,-73.91913,1,0,1,1,4067,-7391,0.36597938144329895
2021-06-04T00:00:00.000,10:25,40.77227,-73.90812,0,0,0,0,4077,-7390,0.3404255319148936
2021-06-04T00:00:00.000,13:19,40.640583,-73.91894,1,0,1,1,4064,-7391,0.39805825242718446
2021-06-02T00:00:00.000,12:34,40.879204,-73.82601,0,0,0,0,4087,-7382,0.3333333333333333
2021-05-23T00:00:00.000,15:20,40.674576,-73.92206,1,0,1,1,4067,-7392,0.39655172413793105
2021-05-31T00:00:00.000,9:30,40.64581,-74.00242,0,0,0,0,4064,-7400,0.36764705882352944
2021-06-04T00:00:00.000,22:35,40.822456,-73.92692,0,0,0,0,4082,-7392,0.3333333333333333
2021-06-03T00:00:00.000,6:10,40.832863,-73.84494,0,0,0,0,4083,-7384,0.22727272727272727
2021-06-04T00:00:00.000,20:15,40.817738,-73.924164,0,0,0,0,4081,-7392,0.4714285714285714
2021-06-04T00:00:00.000,15:15,40.713047,-73.95326,0,0,0,0,4071,-7395,0.36585365853658536
2021-06-04T00:00:00.000,16:24,40.717472,-73.95862,0,0,0,0,4071,-7395,0.36585365853658536
2021-06-02T00:00:00.000,12:00,40.745617,-73.75496,0,0,0,0,4074,-7375,0.16666666666666666
2021-06-04T00:00:00.000,23:28,40.663906,-73.95098,0,0,0,0,4066,-7395,0.44375
2021-05-21T00:00:00.000,12:07,40.83228,-73.90963,0,0,0,0,4083,-7390,0.3064516129032258
2021-06-02T00:00:00.000,19:15,40.697956,-73.985466,6,0,1,1,4069,-7398,0.3229166666666667
2021-06-01T00:00:00.000,11:04,40.643986,-73.937004,1,0,1,1,4064,-7393,0.3333333333333333
2021-06-02T00:00:00.000,12:07,40.832764,-73.94583,1,0,1,1,4083,-7394,0.38926174496644295
2021-05-04T00:00:00.000,8:05,40.67795,-73.93936,0,0,0,0,4067,-7393,0.3755868544600939
2021-06-04T00:00:00.000,11:10,40.634506,-73.949455,0,0,0,0,4063,-7394,0.358974358974359
2021-06-02T00:00:00.000,18:00,40.727997,-73.73543,1,0,1,1,4072,-7373,0.4642857142857143
2021-06-04T00:00:00.000,15:36,40.62636,-73.91901,0,0,0,0,4062,-7391,0.3333333333333333
2021-06-02T00:00:00.000,21:30,40.690937,-73.924576,0,0,0,0,4069,-7392,0.3584905660377358
2021-05-27T00:00:00.000,22:28,40.68026,-73.91669,1,0,1,1,4068,-7391,0.344
2021-06-04T00:00:00.000,5:14,40.669052,-73.993034,0,0,0,0,4066,-7399,0.40540540540540543
2021-06-02T00:00:00.000,15:48,40.65999,-73.7475,0,0,0,0,4065,-7374,0.4583333333333333
2021-06-02T00:00:00.000,17:41,40.887882,-73.81244,0,0,0,0,4088,-7381,0.4444444444444444
2021-06-03T00:00:00.000,15:42,40.670116,-73.92248,0,0,0,0,4067,-7392,0.39655172413793105
2021-06-04T00:00:00.000,0:41,40.856358,-73.826515,3,0,1,1,4085,-7382,0.45714285714285713
2021-06-03T00:00:00.000,14:15,40.72861,-73.88721,2,0,1,1,4072,-7388,0.4
2021-06-03T00:00:00.000,17:05,40.77548,-73.914444,0,0,0,0,4077,-7391,0.3157894736842105
2021-06-02T00:00:00.000,10:30,40.719025,-73.98978,0,0,0,0,4071,-7398,0.39568345323741005
2021-06-02T00:00:00.000,23:47,40.79166,-73.96469,0,0,0,0,4079,-7396,0.25
2021-06-02T00:00:00.000,16:28,40.611053,-73.936554,0,0,0,0,4061,-7393,0.34285714285714286
2021-06-02T00:00:00.000,18:15,40.73031,-73.865616,0,0,0,0,4073,-7386,0.3464566929133858
2021-06-04T00:00:00.000,15:45,40.728474,-73.882614,1,0,1,1,4072,-7388,0.4
2021-10-04T00:00:00.000,16:00,40.827957,-73.872246,1,0,1,1,4082,-7387,0.33544303797468356
2021-06-02T00:00:00.000,0:00,40.81552,-73.918625,1,0,1,1,4081,-7391,0.47244094488188976
2021-06-03T00:00:00.000,11:35,40.630127,-73.94482,1,0,1,1,4063,-7394,0.358974358974359
2021-05-30T00:00:00.000,18:38,40.69334,-73.96689,0,0,0,0,4069,-7396,0.325
2021-09-24T00:00:00.000,12:20,40.660954,-73.960686,0,0,0,0,4066,-7396,0.4074074074074074
2021-06-04T00:00:00.000,14:44,40.832836,-73.88521,0,0,0,0,4083,-7388,0.26717557251908397
2021-06-03T00:00:00.000,10:50,40.890648,-73.84875,1,0,1,1,4089,-7384,0.3333333333333333
2021-06-02T00:00:00.000,7:20,40.71014,-73.76111,0,0,0,0,4071,-7376,0.37142857142857144
2021-06-01T00:00:00.000,0:00,40.836384,-73.824524,0,0,0,0,4083,-7382,0.44680851063829785
2021-06-04T00:00:00.000,20:05,40.712757,-73.90225,0,0,0,0,4071,-7390,0.4
2021-06-01T00:00:00.000,14:30,40.81707,-73.88525,0,0,0,0,4081,-7388,0.25471698113207547
2021-06-02T00:00:00.000,15:44,40.84771,-73.895195,0,0,0,0,4084,-7389,0.33766233766233766
2021-06-02T00:00:00.000,8:00,40.85664,-73.9247,2,0,1,1,4085,-7392,0.22
2021-06-04T00:00:00.000,13:30,40.66772,-73.92951,0,0,0,0,4066,-7392,0.355
2021-10-04T00:00:00.000,1:36,40.71702,-73.830505,0,0,0,0,4071,-7383,0.37349397590361444
2021-06-01T00:00:00.000,1:00,40.728382,-73.80523,0,0,0,0,4072,-7380,0.2727272727272727
2021-06-03T00:00:00.000,15:12,40.8514,-73.90606,4,0,1,1,4085,-7390,0.42207792207792205
2021-06-02T00:00:00.000,19:26,40.815384,-73.90934,1,0,1,1,4081,-7390,0.3888888888888889
2021-06-03T00:00:00.000,14:49,40.753056,-73.865265,0,0,0,0,4075,-7386,0.33653846153846156
2021-06-03T00:00:00.000,23:23,40.695137,-73.74014,1,0,1,1,4069,-7374,0.46774193548387094
2021-06-03T00:00:00.000,13:03,40.683094,-73.80576,0,0,0,0,4068,-7380,0.3829787234042553
2021-06-02T00:00:00.000,2:10,40.80801,-73.91895,0,0,0,0,4080,-7391,0.38961038961038963
2021-06-03T00:00:00.000,16:13,40.702522,-73.98963,0,0,0,0,4070,-7398,0.21568627450980393
2021-05-25T00:00:00.000,16:45,40.776104,-73.97975,0,0,0,0,4077,-7397,0.38235294117647056
2021-06-04T00:00:00.000,17:55,40.58729,-73.81317,0,0,0,0,4058,-7381,0.1875
2021-06-03T00:00:00.000,12:11,40.56895,-74.12491,0,0,0,0,4056,-7412,0.2222222222222222
2021-05-27T00:00:00.000,22:00,40.83142,-73.92644,1,0,1,1,4083,-7392,0.310126582278481
2021-06-03T00:00:00.000,1:45,40.89466,-73.86137,0,0,0,0,4089,-7386,0.28205128205128205
2021-06-02T00:00:00.000,20:10,40.610588,-74.01397,0,0,0,0,4061,-7401,0.2972972972972973
2021-06-02T00:00:00.000,14:25,40.76479,-73.98429,0,0,0,0,4076,-7398,0.3081761006289308
2021-06-01T00:00:00.000,19:42,40.76164,-73.9102,0,0,0,0,4076,-7391,0.40476190476190477
2021-06-03T00:00:00.000,23:00,40.7859,-73.848656,1,0,1,1,4078,-7384,0.23809523809523808
2021-06-04T00:00:00.000,0:44,40.71302,-73.99447,1,0,1,1,4071,-7399,0.3263157894736842
2021-06-04T00:00:00.000,19:35,40.74976,-73.75628,0,0,0,0,4074,-7375,0.16666666666666666
2021-06-03T00:00:00.000,10:00,40.812397,-73.90937,0,0,0,0,4081,-7390,0.3888888888888889
2021-05-27T00:00:00.000,19:00,40.663517,-73.957214,0,0,0,0,4066,-7395,0.44375
2021-06-02T00:00:00.000,19:50,40.639065,-73.95598,1,0,1,1,4063,-7395,0.48484848484848486
2021-06-04T00:00:00.000,17:13,40.85604,-73.85975,0,0,0,0,4085,-7385,0.3125
2021-06-04T00:00:00.000,9:00,40.731716,-73.878716,0,0,0,0,4073,-7387,0.3140495867768595
2021-05-29T00:00:00.000,22:22,40.87831,-73.870155,0,0,0,0,4087,-7387,0.297029702970297
2021-06-02T00:00:00.000,16:30,40.75115,-73.93452,0,0,0,0,4075,-7393,0.43478260869565216
2021-06-04T00:00:00.000,10:20,40.69212,-73.98435,0,0,0,0,4069,-7398,0.3229166666666667
2021-06-04T00:00:00.000,9:15,40.60009,-73.96591,0,0,0,0,4060,-7396,0.5714285714285714
2021-06-02T00:00:00.000,13:15,40.676243,-73.95269,1,0,1,1,4067,-7395,0.3695652173913043
2021-06-02T00:00:00.000,12:20,40.637966,-73.981895,1,0,1,1,4063,-7398,0.4827586206896552
2021-06-01T00:00:00.000,17:00,40.747574,-73.76147,2,0,1,1,4074,-7376,0.3333333333333333
2021-06-03T00:00:00.000,14:30,40.741623,-73.87918,0,0,0,0,4074,-7387,0.25663716814159293
2021-06-04T00:00:00.000,20:00,40.696278,-73.75698,0,0,0,0,4069,-7375,0.3584905660377358
2021-06-03T00:00:00.000,20:20,40.65217,-73.96141,1,0,1,1,4065,-7396,0.3939393939393939
2021-06-04T00:00:00.000,17:30,40.66447,-73.97829,0,0,0,0,4066,-7397,0.24390243902439024
2021-06-03T00:00:00.000,17:53,40.62175,-74.138405,1,0,1,1,4062,-7413,0.4074074074074074
2021-06-02T00:00:00.000,22:03,40.674896,-73.80745,0,0,0,0,4067,-7380,0.24615384615384617
2021-06-04T00:00:00.000,21:17,40.859085,-73.90948,0,0,0,0,4085,-7390,0.42207792207792205
2021-06-01T00:00:00.000,16:15,40.813175,-73.89845,2,0,1,1,4081,-7389,0.31543624161073824
2021-06-02T00:00:00.000,20:50,40.677296,-73.92674,1,0,1,1,4067,-7392,0.39655172413793105
2021-05-28T00:00:00.000,20:55,40.61762,-74.1441,0,0,0,0,4061,-7414,0.625
2021-06-02T00:00:00.000,14:48,40.667706,-73.90636,2,0,1,1,4066,-7390,0.2777777777777778
2021-06-02T00:00:00.000,0:00,40.828815,-73.90828,0,0,0,0,4082,-7390,0.3025210084033613
2021-06-01T00:00:00.000,12:14,40.598515,-73.97986,1,0,1,1,4059,-7397,0.3191489361702128
2021-06-02T00:00:00.000,15:03,40.609264,-73.93209,0,0,0,0,4060,-7393,0.4117647058823529
2021-06-04T00:00:00.000,14:48,40.67948,-73.75741,1,0,1,1,4067,-7375,0.2608695652173913
2021-05-28T00:00:00.000,11:30,40.71364,-73.99514,0,0,0,0,4071,-7399,0.3263157894736842
2021-06-04T00:00:00.000,20:20,40.605137,-74.01729,0,0,0,0,4060,-7401,0.30357142857142855
2021-05-30T00:00:00.000,18:22,40.753624,-73.96944,1,0,1,1,4075,-7396,0.4788732394366197
2021-05-16T00:00:00.000,13:30,40.84366,-73.920044,0,0,0,0,4084,-7392,0.3181818181818182
2021-06-03T00:00:00.000,15:09,40.89903,-73.86666,0,0,0,0,4089,-7386,0.28205128205128205
2021-06-02T00:00:00.000,13:25,40.638523,-74.01,1,0,1,1,4063,-7401,0.37777777777777777
2021-05-29T00:00:00.000,8:50,40.58576,-73.97442,1,0,1,1,4058,-7397,0.2727272727272727
2021-06-02T00:00:00.000,22:24,40.853485,-73.82643,2,0,1,1,4085,-7382,0.45714285714285713
2021-06-02T00:00:00.000,10:00,40.823647,-73.943855,0,0,0,0,4082,-7394,0.3812154696132597
2021-06-03T00:00:00.000,15:00,40.750927,-73.88926,0,0,0,0,4075,-7388,0.3402061855670103
2021-10-04T00:00:00.000,19:20,40.65965,-73.773834,0,0,0,0,4065,-7377,0.3125
2021-06-02T00:00:00.000,22:00,40.71702,-73.830505,4,0,1,1,4071,-7383,0.37349397590361444
2021-06-02T00:00:00.000,17:35,40.768543,-73.9657,0,0,0,0,4076,-7396,0.3023255813953488
2021-05-30T00:00:00.000,15:37,40.676838,-73.91831,2,0,1,1,4067,-7391,0.36597938144329895
2021-06-02T00:00:00.000,6:25,40.727833,-73.998505,0,0,0,0,4072,-7399,0.3829787234042553
2021-06-03T00:00:00.000,20:21,40.866444,-73.86117,1,0,1,1,4086,-7386,0.4642857142857143
2021-06-04T00:00:00.000,12:10,40.856503,-73.93277,1,0,1,1,4085,-7393,0.36585365853658536
2021-06-03T00:00:00.000,18:30,40.666405,-73.74661,0,0,0,0,4066,-7374,0.3698630136986301
2021-06-03T00:00:00.000,23:15,40.59338,-73.778946,0,0,0,0,4059,-7377,0.2692307692307692
2021-06-02T00:00:00.000,12:24,40.692844,-73.99311,0,0,0,0,4069,-7399,0.29473684210526313
2021-06-02T00:00:00.000,18:25,40.667137,-73.752754,0,0,0,0,4066,-7375,0.3
2021-06-03T00:00:00.000,1:00,40.831524,-73.86343,0,0,0,0,4083,-7386,0.24822695035460993
2021-06-04T00:00:00.000,12:38,40.655273,-74.0105,0,0,0,0,4065,-7401,0.43478260869565216
2021-06-02T00:00:00.000,18:35,40.68969,-73.99237,0,0,0,0,4068,-7399,0.17857142857142858
2021-05-23T00:00:00.000,22:00,40.672062,-73.925255,0,0,0,0,4067,-7392,0.39655172413793105
2021-06-02T00:00:00.000,21:42,40.70313,-73.816795,1,0,1,1,4070,-7381,0.3194444444444444
2021-06-02T00:00:00.000,13:46,40.65965,-73.773834,0,0,0,0,4065,-7377,0.3125
2021-06-04T00:00:00.000,9:58,40.595913,-74.06231,0,0,0,0,4059,-7406,0.29411764705882354
2021-06-02T00:00:00.000,5:11,40.631615,-74.016335,1,0,1,1,4063,-7401,0.37777777777777777
2021-06-04T00:00:00.000,12:50,40.681263,-73.83954,0,0,0,0,4068,-7383,0.45454545454545453
2021-06-04T00:00:00.000,6:29,40.81751,-73.85921,0,0,0,0,4081,-7385,0.30434782608695654
2021-06-03T00:00:00.000,2:58,40.665916,-73.92547,0,0,0,0,4066,-7392,0.355
2021-06-03T00:00:00.000,8:51,40.674274,-73.98204,0,0,0,0,4067,-7398,0.3655913978494624
2021-06-04T00:00:00.000,21:00,40.763496,-73.80734,0,0,0,0,4076,-7380,0.4
2021-06-03T00:00:00.000,9:50,40.82518,-73.88872,0,0,0,0,4082,-7388,0.27624309392265195
2021-06-03T00:00:00.000,3:20,40.720314,-73.9443,1,0,1,1,4072,-7394,0.19801980198019803
2021-06-02T00:00:00.000,16:50,40.60809,-74.14093,0,0,0,0,4060,-7414,0.4074074074074074
2021-06-03T00:00:00.000,22:48,40.599255,-73.9894,1,0,1,1,4059,-7398,0.34146341463414637
2021-06-04T00:00:00.000,22:16,40.77929,-73.98114,1,0,1,1,4077,-7398,0.38028169014084506
2021-06-04T00:00:00.000,21:30,40.68781,-73.9237,0,0,0,0,4068,-7392,0.2542372881355932
2021-06-04T00:00:00.000,8:30,40.6934,-73.75602,0,0,0,0,4069,-7375,0.3584905660377358
2021-10-04T00:00:00.000,8:30,40.72611,-73.82106,0,0,0,0,4072,-7382,0.45454545454545453
2021-05-26T00:00:00.000,21:00,40.67607,-73.93043,0,0,0,0,4067,-7393,0.3755868544600939
2021-06-04T00:00:00.000,2:30,40.677044,-73.771614,0,0,0,0,4067,-7377,0.32608695652173914
2021-06-01T00:00:00.000,13:26,40.728535,-73.86076,0,0,0,0,4072,-7386,0.42424242424242425
2021-05-29T00:00:00.000,18:00,40.776466,-73.92738,0,0,0,0,4077,-7392,0.3269230769230769
2021-06-04T00:00:00.000,23:00,40.629124,-74.02371,0,0,0,0,4062,-7402,0.3625
2021-06-02T00:00:00.000,16:40,40.700424,-73.9444,1,0,1,1,4070,-7394,0.3956043956043956
2021-06-03T00:00:00.000,8:53,40.662132,-73.911736,1,0,1,1,4066,-7391,0.3630952380952381
2021-06-02T00:00:00.000,9:30,40.70417,-73.81538,0,0,0,0,4070,-7381,0.3194444444444444
2021-05-29T00:00:00.000,19:35,40.642643,-74.07669,0,0,0,0,4064,-7407,0.2222222222222222
2021-06-02T00:00:00.000,16:44,40.582287,-74.16907,1,0,1,1,4058,-7416,0.3
2021-06-02T00:00:00.000,19:40,40.5832,-73.97304,0,0,0,0,4058,-7397,0.2727272727272727
2021-06-04T00:00:00.000,8:40,40.685333,-73.85875,0,0,0,0,4068,-7385,0.43103448275862066
2021-06-03T00:00:00.000,12:50,40.76211,-73.96016,2,0,1,1,4076,-7396,0.3023255813953488
2021-06-04T00:00:00.000,13:00,40.724308,-73.72474,0,0,0,0,4072,-7372,0.3793103448275862
2021-06-03T00:00:00.000,20:17,40.774853,-73.98067,0,0,0,0,4077,-7398,0.38028169014084506
2021-06-02T00:00:00.000,8:50,40.639496,-73.95464,1,0,1,1,4063,-7395,0.48484848484848486
2021-06-01T00:00:00.000,12:29,40.607258,-74.00265,0,0,0,0,4060,-7400,0.24074074074074073
2021-06-04T00:00:00.000,0:46,40.728645,-73.88074,0,0,0,0,4072,-7388,0.4
2021-06-02T00:00:00.000,23:20,40.70092,-73.951294,0,0,0,0,4070,-7395,0.3475177304964539
2021-06-01T00:00:00.000,0:00,40.66774,-73.988594,0,0,0,0,4066,-7398,0.421875
2021-06-02T00:00:00.000,14:14,40.843143,-73.85575,1,0,1,1,4084,-7385,0.32727272727272727
2021-05-28T00:00:00.000,17:52,40.88125,-73.86071,1,0,1,1,4088,-7386,0.23809523809523808
2021-05-30T00:00:00.000,3:40,40.834236,-73.90524,0,0,0,0,4083,-7390,0.3064516129032258
2021-06-03T00:00:00.000,20:00,40.703915,-73.9409,1,0,1,1,4070,-7394,0.3956043956043956
2021-06-04T00:00:00.000,0:49,40.803486,-73.87405,0,0,0,0,4080,-7387,0.0
2021-06-02T00:00:00.000,12:34,40.868473,-73.92404,0,0,0,0,4086,-7392,0.359375
2021-06-04T00:00:00.000,10:00,40.88473,-73.81571,3,0,1,1,4088,-7381,0.4444444444444444
2021-06-02T00:00:00.000,17:10,40.700516,-73.89838,0,0,0,0,4070,-7389,0.2711864406779661
2021-06-04T00:00:00.000,20:17,40.6026,-74.01491,3,0,1,1,4060,-7401,0.30357142857142855
2021-06-03T00:00:00.000,23:55,40.709473,-73.96088,2,0,1,1,4070,-7396,0.3431372549019608
2021-06-02T00:00:00.000,18:50,40.711227,-73.72826,2,0,1,1,4071,-7372,0.40425531914893614
2021-06-03T00:00:00.000,8:35,40.815975,-73.94322,0,0,0,0,4081,-7394,0.38
2021-05-29T00:00:00.000,17:10,40.661583,-73.993195,0,0,0,0,4066,-7399,0.40540540540540543
2021-06-03T00:00:00.000,15:10,40.757698,-73.9694,0,0,0,0,4075,-7396,0.4788732394366197
2021-06-04T00:00:00.000,14:50,40.700005,-73.7547,1,0,1,1,4070,-7375,0.4117647058823529
2021-05-29T00:00:00.000,18:43,40.693005,-73.789856,0,0,0,0,4069,-7378,0.29310344827586204
2021-06-04T00:00:00.000,19:33,40.650944,-73.905975,0,0,0,0,4065,-7390,0.375
2021-06-03T00:00:00.000,12:50,40.668648,-73.92835,0,0,0,0,4066,-7392,0.355
2021-06-02T00:00:00.000,13:16,40.698757,-73.89291,1,0,1,1,4069,-7389,0.3709677419354839
2021-06-02T00:00:00.000,2:00,40.821262,-73.94608,0,0,0,0,4082,-7394,0.3812154696132597
2021-06-04T00:00:00.000,4:00,40.76778,-73.90542,0,0,0,0,4076,-7390,0.3055555555555556
2021-05-31T00:00:00.000,10:30,40.733154,-73.87056,1,0,1,1,4073,-7387,0.3140495867768595
2021-06-04T00:00:00.000,1:52,40.65605,-73.92361,0,0,0,0,4065,-7392,0.35555555555555557
2021-06-04T00:00:00.000,13:10,40.69078,-73.72728,0,0,0,0,4069,-7372,0.40425531914893614
2021-05-27T00:00:00.000,15:15,40.68936,-73.92315,0,0,0,0,4068,-7392,0.2542372881355932
2021-06-03T00:00:00.000,21:30,40.711227,-73.72826,1,0,1,1,4071,-7372,0.40425531914893614
2021-05-21T00:00:00.000,22:00,40.76163,-73.959015,1,0,1,1,4076,-7395,0.3696969696969697
2021-06-02T00:00:00.000,12:27,40.756763,-73.96716,1,0,1,1,4075,-7396,0.4788732394366197
2021-10-04T00:00:00.000,10:15,40.616283,-74.026115,1,0,1,1,4061,-7402,0.4090909090909091
2021-06-02T00:00:00.000,8:25,40.738064,-73.88645,0,0,0,0,4073,-7388,0.2777777777777778
2021-06-03T00:00:00.000,13:22,40.642406,-73.989265,0,0,0,0,4064,-7398,0.40425531914893614
2021-06-02T00:00:00.000,16:40,40.697823,-73.76799,0,0,0,0,4069,-7376,0.3392857142857143
2021-05-27T00:00:00.000,23:20,40.768616,-73.92508,1,0,1,1,4076,-7392,0.42105263157894735
2021-06-02T00:00:00.000,22:30,40.834774,-73.92527,0,0,0,0,4083,-7392,0.310126582278481
2021-06-01T00:00:00.000,18:20,40.735043,-73.767105,0,0,0,0,4073,-7376,0.2857142857142857
2021-06-02T00:00:00.000,23:59,40.579197,-73.98195,0,0,0,0,4057,-7398,0.36904761904761907
2021-06-02T00:00:00.000,8:58,40.61384,-73.981445,1,0,1,1,4061,-7398,0.3698630136986301
2021-06-02T00:00:00.000,17:37,40.608498,-73.958916,0,0,0,0,4060,-7395,0.4791666666666667
2021-06-04T00:00:00.000,16:20,40.837025,-73.906906,1,0,1,1,4083,-7390,0.3064516129032258
2021-06-02T00:00:00.000,23:50,40.731777,-73.77011,1,0,1,1,4073,-7377,0.5789473684210527
2021-06-02T00:00:00.000,18:10,40.734604,-73.864784,0,0,0,0,4073,-7386,0.3464566929133858
2021-06-02T00:00:00.000,23:40,40.700924,-73.96308,0,0,0,0,4070,-7396,0.3431372549019608
2021-05-31T00:00:00.000,9:31,40.62291,-74.132065,2,0,1,1,4062,-7413,0.4074074074074074
2021-05-16T00:00:00.000,2:58,40.70823,-73.9105,0,0,0,0,4070,-7391,0.27450980392156865
2021-06-04T00:00:00.000,20:23,40.728363,-73.88449,1,0,1,1,4072,-7388,0.4
2021-06-02T00:00:00.000,10:30,40.697556,-73.852776,3,0,1,1,4069,-7385,0.34
2021-06-02T00:00:00.000,14:13,40.663654,-73.93551,0,0,0,0,4066,-7393,0.38578680203045684
2021-06-04T00:00:00.000,17:51,40.715343,-73.74845,1,0,1,1,4071,-7374,0.23404255319148937
2021-06-02T00:00:00.000,9:55,40.75831,-73.96294,1,0,1,1,4075,-7396,0.4788732394366197
2021-06-02T00:00:00.000,13:45,40.7599,-73.98043,0,0,0,0,4075,-7398,0.3170731707317073
2021-06-02T00:00:00.000,10:30,40.725388,-73.90884,0,0,0,0,4072,-7390,0.2978723404255319
2021-06-03T00:00:00.000,11:48,40.80536,-73.96359,0,0,0,0,4080,-7396,0.31343283582089554
2021-06-04T00:00:00.000,13:00,40.63003,-74.140175,1,0,1,1,4063,-7414,0.5769230769230769
2021-06-02T00:00:00.000,18:19,40.64367,-74.015495,0,0,0,0,4064,-7401,0.4295774647887324
2021-06-03T00:00:00.000,4:30,40.60968,-73.99298,0,0,0,0,4060,-7399,0.31683168316831684
2021-06-03T00:00:00.000,13:30,40.772945,-73.91899,0,0,0,0,4077,-7391,0.3157894736842105
2021-06-04T00:00:00.000,13:43,40.693798,-73.96272,0,0,0,0,4069,-7396,0.325
2021-05-27T00:00:00.000,9:34,40.679585,-73.96507,0,0,0,0,4067,-7396,0.3466666666666667
2021-06-03T00:00:00.000,12:00,40.76177,-73.979065,1,0,1,1,4076,-7397,0.37
2021-06-03T00:00:00.000,18:35,40.605568,-74.03118,0,0,0,0,4060,-7403,0.3
2021-06-03T00:00:00.000,22:00,40.727844,-73.98223,0,0,0,0,4072,-7398,0.4342105263157895
2021-06-03T00:00:00.000,14:00,40.813946,-73.93675,0,0,0,0,4081,-7393,0.32432432432432434
2021-06-04T00:00:00.000,22:00,40.713253,-73.94419,1,0,1,1,4071,-7394,0.3710691823899371
2021-04-29T00:00:00.000,8:40,40.716194,-73.996086,1,0,1,1,4071,-7399,0.3263157894736842
2021-06-03T00:00:00.000,11:20,40.702545,-73.89804,0,0,0,0,4070,-7389,0.2711864406779661
2021-06-02T00:00:00.000,22:08,40.653805,-73.93061,1,0,1,1,4065,-7393,0.44366197183098594
2021-06-03T00:00:00.000,20:15,40.696846,-73.961754,0,0,0,0,4069,-7396,0.325
2021-06-02T00:00:00.000,23:30,40.621464,-74.006226,0,0,0,0,4062,-7400,0.3150684931506849
2021-06-03T00:00:00.000,20:55,40.736984,-73.71001,0,0,0,0,4073,-7371,0.2857142857142857
2021-06-04T00:00:00.000,4:05,40.65217,-73.96141,0,0,0,0,4065,-7396,0.3939393939393939
2021-06-04T00:00:00.000,8:45,40.758377,-73.994385,0,0,0,0,4075,-7399,0.2830188679245283
2021-06-03T00:00:00.000,1:00,40.76154,-73.9556,0,0,0,0,4076,-7395,0.3696969696969697
2021-06-03T00:00:00.000,17:25,40.841957,-73.85794,1,0,1,1,4084,-7385,0.32727272727272727
2021-06-03T00:00:00.000,16:50,40.71995,-73.8089,0,0,0,0,4071,-7380,0.42105263157894735
2021-06-02T00:00:00.000,12:15,0.0,0.0,3,0,1,1,0,0,0.40425531914893614
2021-06-04T00:00:00.000,16:10,40.63656,-74.16357,1,0,1,1,4063,-7416,0.3333333333333333
2021-06-02T00:00:00.000,17:55,40.766666,-73.9304,1,0,1,1,4076,-7393,0.44680851063829785
2021-06-03T00:00:00.000,1:30,40.824783,-73.9084,0,0,0,0,4082,-7390,0.3025210084033613
2021-06-02T00:00:00.000,13:30,40.690918,-73.7623,0,0,0,0,4069,-7376,0.3392857142857143
2021-06-02T00:00:00.000,14:00,40.595966,-74.08715,0,0,0,0,4059,-7408,0.36363636363636365
2021-06-02T00:00:00.000,19:32,40.68004,-73.92604,0,0,0,0,4068,-7392,0.2542372881355932
2021-06-03T00:00:00.000,14:30,40.708725,-73.81006,0,0,0,0,4070,-7381,0.3194444444444444
2021-06-04T00:00:00.000,14:10,40.777023,-73.96394,0,0,0,0,4077,-7396,0.3695652173913043
2021-06-02T00:00:00.000,18:16,40.835724,-73.92129,1,0,1,1,4083,-7392,0.310126582278481
2021-06-03T00:00:00.000,8:00,40.85429,-73.90027,0,0,0,0,4085,-7390,0.42207792207792205
2021-06-02T00:00:00.000,9:00,40.834976,-73.86405,0,0,0,0,4083,-7386,0.24822695035460993
2021-06-04T00:00:00.000,1:10,40.63082,-73.88636,0,0,0,0,4063,-7388,0.3835616438356164
2021-06-03T00:00:00.000,21:03,40.742096,-73.86748,1,0,1,1,4074,-7386,0.3813559322033898
2021-06-04T00:00:00.000,15:27,40.81963,-73.946075,3,0,1,1,4081,-7394,0.38
2021-06-03T00:00:00.000,19:45,40.63066,-74.03107,1,0,1,1,4063,-7403,0.42424242424242425
2021-06-01T00:00:00.000,17:00,40.840748,-73.93545,1,0,1,1,4084,-7393,0.32786885245901637
2021-06-02T00:00:00.000,14:00,40.7568,-73.98085,0,0,0,0,4075,-7398,0.3170731707317073
2021-06-03T00:00:00.000,11:15,40.657803,-73.90868,1,0,1,1,4065,-7390,0.375
2021-10-02T00:00:00.000,14:00,40.683228,-73.907135,0,0,0,0,4068,-7390,0.4421052631578947
2021-06-04T00:00:00.000,0:25,40.760113,-73.87768,0,0,0,0,4076,-7387,0.48214285714285715
2021-06-04T00:00:00.000,0:40,40.69168,-73.999344,1,0,1,1,4069,-7399,0.29473684210526313
2021-06-03T00:00:00.000,9:30,40.829533,-73.84733,0,0,0,0,4082,-7384,0.3835616438356164
2021-06-03T00:00:00.000,21:10,40.865532,-73.86238,1,0,1,1,4086,-7386,0.4642857142857143
2021-06-02T00:00:00.000,0:28,40.8327,-73.950226,2,0,1,1,4083,-7395,0.4
2021-06-02T00:00:00.000,13:20,40.878807,-73.86388,1,0,1,1,4087,-7386,0.3142857142857143
2021-06-02T00:00:00.000,0:57,40.611584,-73.95374,0,0,0,0,4061,-7395,0.4461538461538462
2021-06-04T00:00:00.000,0:15,40.687344,-73.97985,0,0,0,0,4068,-7397,0.3412322274881517
2021-06-02T00:00:00.000,18:30,40.71469,-73.942696,0,0,0,0,4071,-7394,0.3710691823899371
2021-06-04T00:00:00.000,12:01,40.659107,-73.923225,0,0,0,0,4065,-7392,0.35555555555555557
2021-06-03T00:00:00.000,0:00,40.691936,-73.919685,0,0,0,0,4069,-7391,0.2709677419354839
2021-06-04T00:00:00.000,4:00,40.596626,-74.162186,0,0,0,0,4059,-7416,0.29411764705882354
2021-06-04T00:00:00.000,15:01,40.748302,-73.97835,1,0,1,1,4074,-7397,0.4810810810810811
2021-06-02T00:00:00.000,11:30,40.651974,-73.86542,0,0,0,0,4065,-7386,0.36619718309859156
2021-06-03T00:00:00.000,12:44,40.86553,-73.86056,1,0,1,1,4086,-7386,0.4642857142857143
2021-06-04T00:00:00.000,0:00,40.65492,-73.92101,0,0,0,0,4065,-7392,0.35555555555555557
2021-06-02T00:00:00.000,13:38,40.67638,-73.911736,0,0,0,0,4067,-7391,0.36597938144329895
2021-06-03T00:00:00.000,18:45,40.596294,-74.09491,0,0,0,0,4059,-7409,0.42857142857142855
2021-06-04T00:00:00.000,18:40,40.783897,-73.97407,0,0,0,0,4078,-7397,0.3434343434343434
2021-05-29T00:00:00.000,15:00,40.77543,-73.98398,0,0,0,0,4077,-7398,0.38028169014084506
2021-06-02T00:00:00.000,20:23,40.767963,-73.91169,1,0,1,1,4076,-7391,0.40476190476190477
2021-06-02T00:00:00.000,0:50,40.71512,-73.77358,0,0,0,0,4071,-7377,0.20967741935483872
2021-06-04T00:00:00.000,11:15,40.8354,-73.9488,0,0,0,0,4083,-7394,0.38926174496644295
2021-06-03T00:00:00.000,11:20,40.83639,-73.88485,0,0,0,0,4083,-7388,0.26717557251908397
2021-06-04T00:00:00.000,19:45,40.796528,-73.97412,0,0,0,0,4079,-7397,0.24210526315789474
2021-06-02T00:00:00.000,13:21,40.634506,-73.949455,0,0,0,0,4063,-7394,0.358974358974359
2021-05-03T00:00:00.000,21:26,40.724136,-73.992615,1,0,1,1,4072,-7399,0.3829787234042553
2021-03-24T00:00:00.000,19:45,40.672516,-73.93356,1,0,1,1,4067,-7393,0.3755868544600939
2021-06-03T00:00:00.000,20:38,40.660435,-73.94542,0,0,0,0,4066,-7394,0.36792452830188677
2021-06-04T00:00:00.000,9:00,40.766624,-73.98179,1,0,1,1,4076,-7398,0.3081761006289308
2021-06-03T00:00:00.000,9:34,40.607174,-73.930984,0,0,0,0,4060,-7393,0.4117647058823529
2021-06-02T00:00:00.000,18:00,40.71865,-73.813644,0,0,0,0,4071,-7381,0.3448275862068966
2021-06-04T00:00:00.000,18:30,40.628998,-73.95703,0,0,0,0,4062,-7395,0.4444444444444444
2021-06-04T00:00:00.000,11:30,40.820004,-73.95888,1,0,1,1,4082,-7395,0.4117647058823529
2021-05-03T00:00:00.000,12:40,40.67672,-73.94708,1,0,1,1,4067,-7394,0.34074074074074073
2021-06-03T00:00:00.000,19:26,40.67066,-73.957985,0,0,0,0,4067,-7395,0.3695652173913043
2021-06-03T00:00:00.000,10:29,40.821075,-73.89286,0,0,0,0,4082,-7389,0.37423312883435583
2021-06-02T00:00:00.000,23:17,40.69103,-73.78079,1,0,1,1,4069,-7378,0.29310344827586204
2021-06-03T00:00:00.000,16:50,40.7773,-73.99034,0,0,0,0,4077,-7399,0.4166666666666667
2021-06-04T00:00:00.000,10:00,40.665257,-73.739555,0,0,0,0,4066,-7373,0.44339622641509435
2021-06-03T00:00:00.000,15:30,40.856956,-73.88209,0,0,0,0,4085,-7388,0.3
2021-06-01T00:00:00.000,12:37,40.609463,-74.00632,0,0,0,0,4060,-7400,0.24074074074074073
2021-06-01T00:00:00.000,4:30,40.67868,-73.799706,0,0,0,0,4067,-7379,0.4264705882352941
2021-06-03T00:00:00.000,16:25,40.75066,-73.987785,0,0,0,0,4075,-7398,0.3170731707317073
2021-05-30T00:00:00.000,11:00,40.824135,-73.89295,1,0,1,1,4082,-7389,0.37423312883435583
2021-04-30T00:00:00.000,8:30,40.732094,-73.81298,0,0,0,0,4073,-7381,0.3181818181818182
2021-10-01T00:00:00.000,22:00,40.824265,-73.94087,0,0,0,0,4082,-7394,0.3812154696132597
2021-06-02T00:00:00.000,2:00,40.694576,-73.95615,0,0,0,0,4069,-7395,0.30952380952380953
2021-06-02T00:00:00.000,5:00,40.606693,-74.08371,0,0,0,0,4060,-7408,0.3235294117647059
2021-06-02T00:00:00.000,16:27,40.655376,-73.96058,0,0,0,0,4065,-7396,0.3939393939393939
2021-06-03T00:00:00.000,4:15,40.834114,-73.86327,1,0,1,1,4083,-7386,0.24822695035460993
2021-06-04T00:00:00.000,13:00,40.683388,-74.00168,1,0,1,1,4068,-7400,0.3333333333333333
2021-06-02T00:00:00.000,18:30,40.78094,-73.96117,0,0,0,0,4078,-7396,0.28125
2021-06-02T00:00:00.000,4:52,40.636574,-74.019196,1,0,1,1,4063,-7401,0.37777777777777777
2021-10-04T00:00:00.000,0:00,40.807186,-73.924286,0,0,0,0,4080,-7392,0.3141025641025641
2021-06-02T00:00:00.000,20:40,40.661953,-73.731155,0,0,0,0,4066,-7373,0.44339622641509435
2021-06-03T00:00:00.000,23:00,40.87823,-73.864395,0,0,0,0,4087,-7386,0.3142857142857143
2021-06-02T00:00:00.000,15:30,40.679237,-73.9836,0,0,0,0,4067,-7398,0.3655913978494624
2021-06-04T00:00:00.000,1:00,40.821327,-73.86608,0,0,0,0,4082,-7386,0.3493975903614458
2021-05-30T00:00:00.000,6:45,40.66982,-73.917114,1,0,1,1,4066,-7391,0.3630952380952381
2021-06-02T00:00:00.000,13:15,40.667313,-73.73926,1,0,1,1,4066,-7373,0.44339622641509435
2021-06-02T00:00:00.000,20:30,40.728962,-73.85523,0,0,0,0,4072,-7385,0.4418604651162791
2021-06-02T00:00:00.000,18:29,40.67058,-73.93096,1,0,1,1,4067,-7393,0.3755868544600939
2021-06-03T00:00:00.000,8:30,40.87294,-73.88534,1,0,1,1,4087,-7388,0.3561643835616438
2021-05-19T00:00:00.000,17:48,40.83988,-73.916794,1,0,1,1,4083,-7391,0.33714285714285713
2021-06-04T00:00:00.000,16:37,40.748722,-73.75776,0,0,0,0,4074,-7375,0.16666666666666666
2021-06-04T00:00:00.000,15:30,40.751034,-73.85499,1,0,1,1,4075,-7385,0.3048780487804878
2021-05-31T00:00:00.000,23:35,40.68085,-73.79907,0,0,0,0,4068,-7379,0.35
2021-06-04T00:00:00.000,12:45,40.594593,-73.99551,2,0,1,1,4059,-7399,0.3076923076923077
2021-10-04T00:00:00.000,10:05,40.84506,-73.916855,1,0,1,1,4084,-7391,0.32558139534883723
2021-06-02T00:00:00.000,18:25,40.753788,-73.744286,2,0,1,1,4075,-7374,0.3333333333333333
2021-06-03T00:00:00.000,11:15,40.82523,-73.94761,0,0,0,0,4082,-7394,0.3812154696132597
2021-06-02T00:00:00.000,0:01,40.775936,-73.90094,1,0,1,1,4077,-7390,0.3404255319148936
2021-06-02T00:00:00.000,2:50,40.85045,-73.93667,0,0,0,0,4085,-7393,0.36585365853658536
2021-06-02T00:00:00.000,18:49,40.71756,-73.9051,0,0,0,0,4071,-7390,0.4
2021-06-02T00:00:00.000,22:00,40.753323,-73.868706,1,0,1,1,4075,-7386,0.33653846153846156
2021-06-02T00:00:00.000,19:17,40.578682,-74.00595,0,0,0,0,4057,-7400,0.3157894736842105
2021-06-04T00:00:00.000,18:00,40.759514,-73.99926,0,0,0,0,4075,-7399,0.2830188679245283
2021-06-02T00:00:00.000,1:23,40.622692,-73.933105,0,0,0,0,4062,-7393,0.4444444444444444
2021-06-04T00:00:00.000,19:29,40.761017,-73.78715,0,0,0,0,4076,-7378,0.4
2021-06-03T00:00:00.000,8:20,40.817715,-73.91795,0,0,0,0,4081,-7391,0.47244094488188976
2021-06-04T00:00:00.000,19:57,40.724308,-73.842575,1,0,1,1,4072,-7384,0.2711864406779661
2021-06-04T00:00:00.000,16:38,40.641727,-73.907646,1,0,1,1,4064,-7390,0.4017094017094017
2021-06-04T00:00:00.000,18:30,40.59643,-74.091225,0,0,0,0,4059,-7409,0.42857142857142855
2021-06-03T00:00:00.000,12:12,40.758316,-73.91069,0,0,0,0,4075,-7391,0.4777777777777778
2021-06-01T00:00:00.000,0:00,40.718456,-73.99482,0,0,0,0,4071,-7399,0.3263157894736842
2021-06-03T00:00:00.000,7:30,40.638813,-73.90818,0,0,0,0,4063,-7390,0.3561643835616438
2021-06-03T00:00:00.000,16:03,40.877033,-73.846375,1,0,1,1,4087,-7384,0.47297297297297297
2021-06-02T00:00:00.000,20:52,40.63082,-73.88636,0,0,0,0,4063,-7388,0.3835616438356164
2021-10-04T00:00:00.000,15:00,40.711777,-73.99971,0,0,0,0,4071,-7399,0.3263157894736842
2021-10-03T00:00:00.000,12:00,40.840767,-73.8658,5,0,1,1,4084,-7386,0.375
2021-10-04T00:00:00.000,19:20,40.826427,-73.950455,2,0,1,1,4082,-7395,0.4117647058823529
2021-10-04T00:00:00.000,3:17,40.815662,-73.88702,0,0,0,0,4081,-7388,0.25471698113207547
2021-10-04T00:00:00.000,15:31,40.64366,-73.90067,1,0,1,1,4064,-7390,0.4017094017094017
2021-10-04T00:00:00.000,8:30,40.6293,-74.07661,0,0,0,0,4062,-7407,0.35714285714285715
2021-10-04T00:00:00.000,10:52,40.616283,-73.97547,0,0,0,0,4061,-7397,0.421875
2021-10-04T00:00:00.000,8:00,40.680367,-73.92226,0,0,0,0,4068,-7392,0.2542372881355932
2021-10-04T00:00:00.000,18:00,40.696785,-73.95659,0,0,0,0,4069,-7395,0.30952380952380953
2021-10-04T00:00:00.000,1:35,40.739964,-73.89424,1,0,1,1,4073,-7389,0.2857142857142857
2021-10-04T00:00:00.000,10:30,40.713436,-73.76119,1,0,1,1,4071,-7376,0.37142857142857144
2021-10-04T00:00:00.000,8:42,40.760994,-73.82443,0,0,0,0,4076,-7382,0.2987012987012987
2021-10-03T00:00:00.000,4:19,40.670624,-73.895546,1,0,1,1,4067,-7389,0.33852140077821014
2021-10-04T00:00:00.000,0:04,40.621246,-74.168884,0,0,0,0,4062,-7416,0.24444444444444444
2021-10-04T00:00:00.000,6:39,40.703228,-73.727165,0,0,0,0,4070,-7372,0.4
2021-10-04T00:00:00.000,15:37,40.747704,-73.75447,0,0,0,0,4074,-7375,0.16666666666666666
2021-10-04T00:00:00.000,12:00,40.57924,-73.84483,1,0,1,1,4057,-7384,0.8
2021-10-04T00:00:00.000,5:59,40.74128,-73.90257,1,0,1,1,4074,-7390,0.40625
2021-10-04T00:00:00.000,22:37,40.641323,-73.983,1,0,1,1,4064,-7398,0.40425531914893614
2021-10-04T00:00:00.000,7:55,40.67584,-73.91655,1,0,1,1,4067,-7391,0.36597938144329895
2021-10-04T00:00:00.000,23:00,40.738964,-73.85273,0,0,0,0,4073,-7385,0.3619047619047619
2021-10-04T00:00:00.000,13:18,40.837246,-73.885704,0,0,0,0,4083,-7388,0.26717557251908397
2021-10-04T00:00:00.000,17:00,40.702023,-73.95583,1,0,1,1,4070,-7395,0.3475177304964539
2021-10-04T00:00:00.000,3:00,40.630505,-74.143456,0,0,0,0,4063,-7414,0.5769230769230769
2022-09-22T00:00:00.000,20:45,40.75254,-73.85261,1,0,1,1,4075,-7385,0.3048780487804878
2021-10-04T00:00:00.000,10:45,40.723774,-73.93754,0,0,0,0,4072,-7393,0.36507936507936506
2021-10-04T00:00:00.000,18:42,40.574894,-73.98662,1,0,1,1,4057,-7398,0.36904761904761907
2021-10-04T00:00:00.000,20:06,40.68085,-73.97112,1,0,1,1,4068,-7397,0.3412322274881517
2021-09-25T00:00:00.000,16:40,40.867313,-73.90752,0,0,0,0,4086,-7390,0.42748091603053434
2021-10-04T00:00:00.000,15:58,40.76295,-73.83196,1,0,1,1,4076,-7383,0.33695652173913043
2021-10-04T00:00:00.000,15:57,40.664375,-73.92376,0,0,0,0,4066,-7392,0.355
2021-10-04T00:00:00.000,17:42,40.65416,-73.91353,0,0,0,0,4065,-7391,0.425
2021-10-04T00:00:00.000,10:40,40.79507,-73.93919,0,0,0,0,4079,-7393,0.36585365853658536
2021-09-29T00:00:00.000,17:00,40.70718,-73.92107,0,0,0,0,4070,-7392,0.24305555555555555
2021-10-04T00:00:00.000,7:40,40.694576,-73.95615,1,0,1,1,4069,-7395,0.30952380952380953
2021-10-04T00:00:00.000,5:11,40.695343,-73.90362,0,0,0,0,4069,-7390,0.29591836734693877
2021-10-01T00:00:00.000,1:17,40.84224,-73.917694,0,0,0,0,4084,-7391,0.32558139534883723
2021-10-01T00:00:00.000,16:12,40.812073,-73.93604,1,0,1,1,4081,-7393,0.32432432432432434
2021-10-04T00:00:00.000,15:30,40.71137,-73.936966,0,0,0,0,4071,-7393,0.2711864406779661
2021-09-29T00:00:00.000,20:00,40.702595,-73.8553,0,0,0,0,4070,-7385,0.39436619718309857
2021-10-04T00:00:00.000,6:45,40.8240665,-73.9087095,1,0,1,1,4082,-7390,0.3025210084033613
2021-10-04T00:00:00.000,18:40,40.738644,-73.887314,0,0,0,0,4073,-7388,0.2777777777777778
2021-10-04T00:00:00.000,16:30,40.69216,-73.914764,2,0,1,1,4069,-7391,0.2709677419354839
2022-09-16T00:00:00.000,13:16,40.667522,-73.78063,0,0,0,0,4066,-7378,0.34615384615384615
2021-10-04T00:00:00.000,14:00,40.582977,-73.98042,0,0,0,0,4058,-7398,0.4
2021-10-04T00:00:00.000,7:50,40.6777,-73.87405,2,0,1,1,4067,-7387,0.30344827586206896
2021-10-02T00:00:00.000,12:45,40.72475,-73.98043,0,0,0,0,4072,-7398,0.4342105263157895
2021-10-04T00:00:00.000,19:40,40.763382,-73.8303,0,0,0,0,4076,-7383,0.33695652173913043
2021-10-04T00:00:00.000,17:00,40.750717,-73.85877,0,0,0,0,4075,-7385,0.3048780487804878
2021-10-04T00:00:00.000,16:30,40.88647,-73.89603,2,0,1,1,4088,-7389,0.4626865671641791
2021-10-04T00:00:00.000,17:35,40.75813,-73.85696,0,0,0,0,4075,-7385,0.3048780487804878
2021-10-04T00:00:00.000,19:30,40.618324,-73.95719,0,0,0,0,4061,-7395,0.4461538461538462
2021-09-30T00:00:00.000,15:20,40.700493,-73.90142,0,0,0,0,4070,-7390,0.37894736842105264
2021-10-04T00:00:00.000,0:15,40.682343,-73.84005,0,0,0,0,4068,-7384,0.3333333333333333
2021-10-04T00:00:00.000,15:50,40.84678,-73.85526,0,0,0,0,4084,-7385,0.32727272727272727
2021-10-04T00:00:00.000,14:30,40.752064,-73.97351,1,0,1,1,4075,-7397,0.375886524822695
2021-10-04T00:00:00.000,22:23,40.833424,-73.909,1,0,1,1,4083,-7390,0.3064516129032258
2021-10-02T00:00:00.000,13:00,40.778275,-73.906075,0,0,0,0,4077,-7390,0.3404255319148936
2021-10-04T00:00:00.000,8:30,40.78534,-73.843925,0,0,0,0,4078,-7384,0.23809523809523808
2021-10-04T00:00:00.000,17:30,40.859642,-73.90534,0,0,0,0,4085,-7390,0.42207792207792205
2021-10-04T00:00:00.000,0:48,40.804585,-73.91213,0,0,0,0,4080,-7391,0.38961038961038963
2021-10-04T00:00:00.000,9:19,40.667507,-73.88007,1,0,1,1,4066,-7388,0.37012987012987014
2021-10-04T00:00:00.000,18:00,40.6483,-73.961914,0,0,0,0,4064,-7396,0.4714285714285714
2021-09-30T00:00:00.000,8:21,40.77178,-73.9792,1,0,1,1,4077,-7397,0.38235294117647056
2021-10-04T00:00:00.000,19:35,40.771347,-73.92285,1,0,1,1,4077,-7392,0.3269230769230769
2021-10-03T00:00:00.000,13:40,40.75184,-73.94806,0,0,0,0,4075,-7394,0.41333333333333333
2021-10-04T00:00:00.000,6:39,40.667862,-73.85073,2,0,1,1,4066,-7385,0.3333333333333333
2021-10-02T00:00:00.000,5:30,40.75383,-73.81841,0,0,0,0,4075,-7381,0.35
2021-10-04T00:00:00.000,18:50,40.70898,-73.80418,1,0,1,1,4070,-7380,0.3877551020408163
2021-10-04T00:00:00.000,4:40,40.747852,-73.99291,0,0,0,0,4074,-7399,0.3333333333333333
2021-10-04T00:00:00.000,8:00,40.830875,-73.83435,0,0,0,0,4083,-7383,0.36363636363636365
2021-10-04T00:00:00.000,15:15,40.70191,-73.829475,1,0,1,1,4070,-7382,0.4166666666666667
2021-10-04T00:00:00.000,16:36,40.757725,-73.779274,1,0,1,1,4075,-7377,0.24
2021-10-04T00:00:00.000,10:40,40.73131,-73.984665,1,0,1,1,4073,-7398,0.36942675159235666
2021-09-29T00:00:00.000,11:00,40.665535,-73.93699,0,0,0,0,4066,-7393,0.38578680203045684
2021-10-04T00:00:00.000,7:07,40.607147,-74.01157,1,0,1,1,4060,-7401,0.30357142857142855
2021-10-04T00:00:00.000,14:21,40.695827,-73.855385,0,0,0,0,4069,-7385,0.34
2021-10-04T00:00:00.000,11:50,40.684704,-73.94419,1,0,1,1,4068,-7394,0.4409448818897638
2021-10-04T00:00:00.000,7:00,40.792114,-73.941345,0,0,0,0,4079,-7394,0.3523809523809524
2021-10-04T00:00:00.000,15:00,40.772346,-73.826584,1,0,1,1,4077,-7382,0.4444444444444444
2022-09-21T00:00:00.000,21:01,40.59938,-73.95141,1,0,1,1,4059,-7395,0.3181818181818182
2021-10-04T00:00:00.000,13:40,40.81937,-73.884285,0,0,0,0,4081,-7388,0.25471698113207547
2021-10-04T00:00:00.000,15:00,40.804886,-73.96248,0,0,0,0,4080,-7396,0.31343283582089554
2021-10-04T00:00:00.000,20:11,40.68037,-73.84248,1,0,1,1,4068,-7384,0.3333333333333333
2021-09-18T00:00:00.000,7:00,40.77056,-73.91751,1,0,1,1,4077,-7391,0.3157894736842105
2021-10-04T00:00:00.000,0:17,40.83552,-73.840996,0,0,0,0,4083,-7384,0.22727272727272727
2021-10-04T00:00:00.000,0:57,40.812077,-73.88681,3,0,1,1,4081,-7388,0.25471698113207547
2021-10-04T00:00:00.000,11:30,40.731815,-73.8713,0,0,0,0,4073,-7387,0.3140495867768595
2021-10-04T00:00:00.000,13:55,40.62167,-73.991264,1,0,1,1,4062,-7399,0.3835616438356164
2021-10-04T00:00:00.000,8:30,40.680202,-73.934525,0,0,0,0,4068,-7393,0.3619047619047619
2021-10-04T00:00:00.000,20:15,40.5953,-74.06287,2,0,1,1,4059,-7406,0.29411764705882354
2021-10-04T00:00:00.000,16:40,40.714382,-73.93345,0,0,0,0,4071,-7393,0.2711864406779661
2021-10-03T00:00:00.000,19:15,40.62037,-73.96538,0,0,0,0,4062,-7396,0.375
2021-10-04T00:00:00.000,19:46,40.742374,-73.88013,0,0,0,0,4074,-7388,0.2978723404255319
2021-09-14T00:00:00.000,8:23,40.78028,-73.91387,0,0,0,0,4078,-7391,0.2777777777777778
2021-10-04T00:00:00.000,21:18,40.69783,-73.93677,2,0,1,1,4069,-7393,0.3141025641025641
2021-10-04T00:00:00.000,7:39,40.72618,-73.99128,0,0,0,0,4072,-7399,0.3829787234042553
2021-09-27T00:00:00.000,15:00,40.830994,-73.928116,0,0,0,0,4083,-7392,0.310126582278481
2021-10-04T00:00:00.000,19:33,40.591255,-73.96378,1,0,1,1,4059,-7396,0.38596491228070173
2021-10-04T00:00:00.000,0:00,40.67887,-73.92165,0,0,0,0,4067,-7392,0.39655172413793105
2021-10-04T00:00:00.000,3:55,40.746845,-73.89144,0,0,0,0,4074,-7389,0.3203125
2021-10-04T00:00:00.000,19:17,40.707954,-73.83715,0,0,0,0,4070,-7383,0.3541666666666667
2021-10-04T00:00:00.000,8:30,40.73984,-73.89766,0,0,0,0,4073,-7389,0.2857142857142857
2021-10-04T00:00:00.000,20:32,40.84353,-73.89401,0,0,0,0,4084,-7389,0.33766233766233766
2021-10-04T00:00:00.000,5:00,40.606544,-73.98906,0,0,0,0,4060,-7398,0.2711864406779661
2021-10-04T00:00:00.000,16:05,40.7553,-73.97535,0,0,0,0,4075,-7397,0.375886524822695
2021-09-30T00:00:00.000,18:09,40.713955,-73.92302,0,0,0,0,4071,-7392,0.2777777777777778
2021-10-04T00:00:00.000,10:30,40.80543,-73.92087,1,0,1,1,4080,-7392,0.3141025641025641
2022-09-20T00:00:00.000,20:39,40.680733,-73.97451,0,0,0,0,4068,-7397,0.3412322274881517
2021-10-04T00:00:00.000,3:55,40.699013,-73.79573,1,0,1,1,4069,-7379,0.25925925925925924
2021-10-02T00:00:00.000,19:47,40.84438,-73.86583,3,0,1,1,4084,-7386,0.375
2021-10-04T00:00:00.000,8:15,40.72773,-73.90674,0,0,0,0,4072,-7390,0.2978723404255319
2021-09-22T00:00:00.000,11:30,40.863228,-73.883026,1,0,1,1,4086,-7388,0.23943661971830985
2021-10-04T00:00:00.000,10:20,40.86159,-73.92475,0,0,0,0,4086,-7392,0.359375
2021-10-04T00:00:00.000,9:30,40.67455,-73.89551,0,0,0,0,4067,-7389,0.33852140077821014
2021-10-04T00:00:00.000,8:10,40.632687,-73.97308,0,0,0,0,4063,-7397,0.36893203883495146
2022-09-21T00:00:00.000,11:50,40.63833,-73.99006,1,0,1,1,4063,-7399,0.47692307692307695
2021-10-03T00:00:00.000,7:50,40.5874,-73.97247,0,0,0,0,4058,-7397,0.2727272727272727
2021-10-04T00:00:00.000,14:50,40.79119,-73.965645,0,0,0,0,4079,-7396,0.25
2021-10-04T00:00:00.000,9:25,40.57925,-74.07781,0,0,0,0,4057,-7407,0.6666666666666666
2021-10-01T00:00:00.000,15:25,40.59241,-73.789,1,0,1,1,4059,-7378,0.14705882352941177
2021-10-04T00:00:00.000,17:50,40.57981,-73.837204,0,0,0,0,4057,-7383,0.25
2021-10-04T00:00:00.000,19:34,40.634605,-73.9767,1,0,1,1,4063,-7397,0.36893203883495146
2021-10-02T00:00:00.000,22:09,40.87391,-73.909164,1,0,1,1,4087,-7390,0.3184713375796178
2021-10-04T00:00:00.000,6:13,40.732445,-73.99129,0,0,0,0,4073,-7399,0.423728813559322
2021-10-04T00:00:00.000,18:20,40.628662,-74.13675,1,0,1,1,4062,-7413,0.4074074074074074
2021-10-04T00:00:00.000,18:30,40.90617,-73.84913,0,0,0,0,4090,-7384,0.28205128205128205
2021-10-04T00:00:00.000,17:00,40.70518,-73.95934,0,0,0,0,4070,-7395,0.3475177304964539
2021-10-04T00:00:00.000,9:50,40.617004,-74.00659,0,0,0,0,4061,-7400,0.3076923076923077
2021-10-04T00:00:00.000,4:15,40.737064,-74.002144,0,0,0,0,4073,-7400,0.2403846153846154
2021-09-28T00:00:00.000,8:00,40.587265,-73.983475,0,0,0,0,4058,-7398,0.4
2021-09-24T00:00:00.000,18:30,40.724674,-73.80831,0,0,0,0,4072,-7380,0.2727272727272727
2021-10-04T00:00:00.000,17:55,40.59506,-73.7944,1,0,1,1,4059,-7379,0.2692307692307692
2021-10-04T00:00:00.000,22:24,40.63018,-73.960175,2,0,1,1,4063,-7396,0.34615384615384615
2021-09-20T00:00:00.000,17:00,40.85922,-73.88555,0,0,0,0,4085,-7388,0.3
2021-10-01T00:00:00.000,15:31,40.66255,-73.90893,1,0,1,1,4066,-7390,0.2777777777777778
2021-10-04T00:00:00.000,2:30,40.741013,-73.87057,0,0,0,0,4074,-7387,0.25663716814159293
2021-10-04T00:00:00.000,19:55,40.704006,-73.7668,1,0,1,1,4070,-7376,0.43902439024390244
2021-10-04T00:00:00.000,6:50,40.76349,-73.86079,0,0,0,0,4076,-7386,0.40298507462686567
2021-10-04T00:00:00.000,16:50,40.613388,-73.995995,0,0,0,0,4061,-7399,0.29411764705882354
2021-10-04T00:00:00.000,14:00,40.81977,-73.93673,0,0,0,0,4081,-7393,0.32432432432432434
2021-10-04T00:00:00.000,8:35,40.64993,-73.93312,1,0,1,1,4064,-7393,0.3333333333333333
2021-09-13T00:00:00.000,6:22,40.690937,-73.92457,0,0,0,0,4069,-7392,0.3584905660377358
2021-10-04T00:00:00.000,12:45,40.61872,-73.96945,0,0,0,0,4061,-7396,0.30666666666666664
2021-10-04T00:00:00.000,20:45,40.69931,-73.83157,0,0,0,0,4069,-7383,0.35555555555555557
2021-10-04T00:00:00.000,20:43,40.59961,-74.00461,0,0,0,0,4059,-7400,0.2962962962962963
2021-10-04T00:00:00.000,17:20,40.748764,-73.86311,1,0,1,1,4074,-7386,0.3813559322033898
2021-10-01T00:00:00.000,16:09,40.59607,-73.98413,0,0,0,0,4059,-7398,0.34146341463414637
2021-09-29T00:00:00.000,8:50,40.662674,-73.94562,3,0,1,1,4066,-7394,0.36792452830188677
2021-09-30T00:00:00.000,9:45,40.775925,-73.90893,0,0,0,0,4077,-7390,0.3404255319148936
2021-10-04T00:00:00.000,11:01,40.75898,-73.96244,1,0,1,1,4075,-7396,0.4788732394366197
2021-10-04T00:00:00.000,7:00,40.66484,-73.82229,0,0,0,0,4066,-7382,0.43103448275862066
2021-10-04T00:00:00.000,11:55,40.615395,-74.06583,0,0,0,0,4061,-7406,0.2
2021-10-04T00:00:00.000,11:57,40.809086,-73.94859,0,0,0,0,4080,-7394,0.41116751269035534
2021-10-04T00:00:00.000,17:51,40.761234,-73.96389,1,0,1,1,4076,-7396,0.3023255813953488
2021-10-04T00:00:00.000,12:30,40.833233,-73.8282,4,0,1,1,4083,-7382,0.44680851063829785
2021-10-04T00:00:00.000,16:13,40.6221,-73.956955,1,0,1,1,4062,-7395,0.4444444444444444
2021-10-04T00:00:00.000,11:25,40.843903,-73.927284,0,0,0,0,4084,-7392,0.3181818181818182
2021-10-04T00:00:00.000,14:22,40.679783,-73.83087,0,0,0,0,4067,-7383,0.48148148148148145
2021-10-04T00:00:00.000,15:55,40.857525,-73.8818,1,0,1,1,4085,-7388,0.3
2021-10-02T00:00:00.000,10:42,40.597122,-74.00418,1,0,1,1,4059,-7400,0.2962962962962963
2021-10-04T00:00:00.000,8:30,40.781647,-73.8367,2,0,1,1,4078,-7383,0.2727272727272727
2021-10-04T00:00:00.000,12:50,40.69099,-73.98932,0,0,0,0,4069,-7398,0.3229166666666667
2021-10-02T00:00:00.000,15:15,40.712646,-73.90597,1,0,1,1,4071,-7390,0.4
2021-10-02T00:00:00.000,11:40,40.83335,-73.93524,0,0,0,0,4083,-7393,0.3333333333333333
2021-10-04T00:00:00.000,4:25,40.79748,-73.94879,0,0,0,0,4079,-7394,0.3523809523809524
2022-08-27T00:00:00.000,9:00,40.680798,-73.958405,0,0,0,0,4068,-7395,0.38571428571428573
2021-10-04T00:00:00.000,18:50,40.803677,-73.92209,1,0,1,1,4080,-7392,0.3141025641025641
2021-10-04T00:00:00.000,11:36,40.842594,-73.89305,0,0,0,0,4084,-7389,0.33766233766233766
2021-07-14T00:00:00.000,3:01,40.875122,-73.905174,0,0,0,0,4087,-7390,0.3184713375796178
2021-09-13T00:00:00.000,7:00,40.767345,-73.91881,0,0,0,0,4076,-7391,0.40476190476190477
2021-09-20T00:00:00.000,8:30,40.76227,-73.99581,0,0,0,0,4076,-7399,0.3275862068965517
2021-10-04T00:00:00.000,15:00,40.844902,-73.89011,0,0,0,0,4084,-7389,0.33766233766233766
2021-09-21T00:00:00.000,11:50,40.768143,-73.92894,0,0,0,0,4076,-7392,0.42105263157894735
2021-10-04T00:00:00.000,4:00,40.627518,-74.010704,0,0,0,0,4062,-7401,0.3829787234042553
2021-10-04T00:00:00.000,17:00,40.696033,-73.984535,0,0,0,0,4069,-7398,0.3229166666666667
2021-10-02T00:00:00.000,12:00,40.710464,-73.90898,0,0,0,0,4071,-7390,0.4
2021-10-04T00:00:00.000,4:34,40.634945,-73.9325,0,0,0,0,4063,-7393,0.46153846153846156
2021-10-04T00:00:00.000,12:30,40.668327,-73.869606,0,0,0,0,4066,-7386,0.35
2021-10-04T00:00:00.000,7:35,40.709255,-73.75004,1,0,1,1,4070,-7375,0.4117647058823529
2021-10-04T00:00:00.000,6:30,40.856712,-73.93264,0,0,0,0,4085,-7393,0.36585365853658536
2021-10-04T00:00:00.000,11:00,40.764267,-73.9158,1,0,1,1,4076,-7391,0.40476190476190477
2021-10-04T00:00:00.000,7:45,40.843174,-73.91196,0,0,0,0,4084,-7391,0.32558139534883723
2022-09-21T00:00:00.000,15:10,40.632885,-73.94771,0,0,0,0,4063,-7394,0.358974358974359
2021-10-04T00:00:00.000,18:05,40.746037,-73.990524,1,0,1,1,4074,-7399,0.3333333333333333
2021-10-04T00:00:00.000,15:15,40.6887,-73.99286,0,0,0,0,4068,-7399,0.17857142857142858
2021-10-04T00:00:00.000,21:30,40.674744,-73.76368,0,0,0,0,4067,-7376,0.23076923076923078
2021-10-04T00:00:00.000,9:00,40.89725,-73.855255,1,0,1,1,4089,-7385,0.3813559322033898
2021-10-04T00:00:00.000,17:40,40.669113,-73.86516,0,0,0,0,4066,-7386,0.35
2021-10-01T00:00:00.000,17:55,40.58405,-73.96332,0,0,0,0,4058,-7396,0.37333333333333335
2021-10-04T00:00:00.000,11:40,40.85305,-73.852356,0,0,0,0,4085,-7385,0.3125
2021-10-04T00:00:00.000,0:00,40.582863,-73.97485,0,0,0,0,4058,-7397,0.2727272727272727
2021-10-04T00:00:00.000,0:00,40.60702,-73.81943,1,0,1,1,4060,-7381,0.5714285714285714
2021-10-04T00:00:00.000,16:25,40.696033,-73.984535,0,0,0,0,4069,-7398,0.3229166666666667
2021-10-04T00:00:00.000,12:30,40.752975,-73.91024,1,0,1,1,4075,-7391,0.4777777777777778
2021-10-04T00:00:00.000,15:15,40.639133,-74.08477,0,0,0,0,4063,-7408,0.2653061224489796
2021-10-04T00:00:00.000,11:00,40.618633,-73.98009,0,0,0,0,4061,-7398,0.3698630136986301
2021-10-04T00:00:00.000,5:15,40.807182,-73.85155,0,0,0,0,4080,-7385,0.125
2021-10-04T00:00:00.000,7:30,40.631557,-74.00787,0,0,0,0,4063,-7400,0.3068181818181818
2021-10-04T00:00:00.000,10:35,40.63655,-74.006744,0,0,0,0,4063,-7400,0.3068181818181818
2021-10-04T00:00:00.000,2:15,40.771305,-73.87664,0,0,0,0,4077,-7387,0.35714285714285715
2021-10-04T00:00:00.000,20:00,40.746887,-73.8347,0,0,0,0,4074,-7383,0.4067796610169492
2021-10-04T00:00:00.000,16:00,40.87451,-73.85745,1,0,1,1,4087,-7385,0.37681159420289856
2021-10-04T00:00:00.000,13:09,40.84543,-73.91399,0,0,0,0,4084,-7391,0.32558139534883723
2021-10-04T00:00:00.000,12:27,40.699635,-73.80312,0,0,0,0,4069,-7380,0.38461538461538464
2021-10-03T00:00:00.000,21:30,40.68473,-74.00102,0,0,0,0,4068,-7400,0.3333333333333333
2021-10-04T00:00:00.000,19:14,40.85937,-73.9068,0,0,0,0,4085,-7390,0.42207792207792205
2021-10-04T00:00:00.000,9:36,40.76399,-73.958786,0,0,0,0,4076,-7395,0.3696969696969697
2021-10-04T00:00:00.000,19:55,40.67243,-73.75637,1,0,1,1,4067,-7375,0.2608695652173913
2021-10-04T00:00:00.000,14:15,40.741714,-73.90634,1,0,1,1,4074,-7390,0.40625
2021-09-27T00:00:00.000,19:20,40.758972,-73.91901,1,0,1,1,4075,-7391,0.4777777777777778
2021-10-04T00:00:00.000,12:14,40.71058,-73.96643,0,0,0,0,4071,-7396,0.3218390804597701
2021-10-04T00:00:00.000,9:45,40.7538,-73.90213,0,0,0,0,4075,-7390,0.37254901960784315
2021-10-02T00:00:00.000,19:18,40.86877,-73.83174,0,0,0,0,4086,-7383,0.3448275862068966
2021-10-04T00:00:00.000,8:00,40.82463,-73.85566,0,0,0,0,4082,-7385,0.27
2021-10-04T00:00:00.000,14:45,40.675312,-73.777145,0,0,0,0,4067,-7377,0.32608695652173914
2022-09-23T00:00:00.000,23:30,40.570835,-74.16983,0,0,0,0,4057,-7416,0.36363636363636365
2021-10-04T00:00:00.000,16:27,40.810764,-73.9526,0,0,0,0,4081,-7395,0.3509933774834437
2021-10-04T00:00:00.000,13:00,40.74942,-73.940544,0,0,0,0,4074,-7394,0.33962264150943394
2021-10-04T00:00:00.000,16:50,40.806614,-73.90769,0,0,0,0,4080,-7390,0.36538461538461536
2021-10-04T00:00:00.000,21:59,40.86369,-73.91707,2,0,1,1,4086,-7391,0.38016528925619836
2021-10-04T00:00:00.000,18:26,40.63795,-73.98793,0,0,0,0,4063,-7398,0.4827586206896552
2021-10-04T00:00:00.000,1:05,40.627247,-74.01429,0,0,0,0,4062,-7401,0.3829787234042553
2021-10-04T00:00:00.000,19:28,40.69783,-73.93677,0,0,0,0,4069,-7393,0.3141025641025641
2021-09-14T00:00:00.000,12:55,40.78202,-73.97173,0,0,0,0,4078,-7397,0.3434343434343434
2021-10-04T00:00:00.000,9:04,40.83283,-73.91129,0,0,0,0,4083,-7391,0.33714285714285713
2021-10-04T00:00:00.000,15:25,40.648182,-73.93001,0,0,0,0,4064,-7393,0.3333333333333333
2021-10-02T00:00:00.000,19:30,40.77051,-73.92547,0,0,0,0,4077,-7392,0.3269230769230769
2021-10-04T00:00:00.000,20:59,40.72136,-73.99716,1,0,1,1,4072,-7399,0.3829787234042553
2021-10-04T00:00:00.000,14:19,40.838997,-73.91073,0,0,0,0,4083,-7391,0.33714285714285713
2021-10-04T00:00:00.000,20:00,40.75487,-73.891884,0,0,0,0,4075,-7389,0.4805194805194805
2021-10-04T00:00:00.000,6:30,40.651863,-73.86536,1,0,1,1,4065,-7386,0.36619718309859156
2021-09-15T00:00:00.000,14:19,40.681515,-73.90412,1,0,1,1,4068,-7390,0.4421052631578947
2021-09-26T00:00:00.000,20:45,40.771667,-73.9867,0,0,0,0,4077,-7398,0.38028169014084506
2021-10-04T00:00:00.000,14:02,40.67546,-73.97163,0,0,0,0,4067,-7397,0.2818181818181818
2021-09-26T00:00:00.000,19:00,40.61779,-73.99413,0,0,0,0,4061,-7399,0.29411764705882354
2021-10-04T00:00:00.000,8:25,40.55301,-74.16008,0,0,0,0,4055,-7416,0.5416666666666666
2021-10-04T00:00:00.000,10:50,40.62685,-73.91907,0,0,0,0,4062,-7391,0.3333333333333333
2021-10-02T00:00:00.000,0:04,40.583626,-73.98407,1,0,1,1,4058,-7398,0.4
2021-10-04T00:00:00.000,7:40,40.83263,-73.93544,0,0,0,0,4083,-7393,0.3333333333333333
2021-10-04T00:00:00.000,12:15,40.72757,-73.94388,0,0,0,0,4072,-7394,0.19801980198019803
2021-10-04T00:00:00.000,15:45,40.83883,-73.860085,0,0,0,0,4083,-7386,0.24822695035460993
2021-10-04T00:00:00.000,16:00,40.703655,-73.960594,0,0,0,0,4070,-7396,0.3431372549019608
2022-09-17T00:00:00.000,9:10,40.804585,-73.91213,0,0,0,0,4080,-7391,0.38961038961038963
2021-10-04T00:00:00.000,4:00,40.7456,-73.868095,1,0,1,1,4074,-7386,0.3813559322033898
2021-10-01T00:00:00.000,14:15,40.7456,-73.868095,0,0,0,0,4074,-7386,0.3813559322033898
2021-09-20T00:00:00.000,14:30,40.691994,-73.76111,1,0,1,1,4069,-7376,0.3392857142857143
2021-10-04T00:00:00.000,16:45,40.814877,-73.91824,1,0,1,1,4081,-7391,0.47244094488188976
2021-10-03T00:00:00.000,2:56,40.7139,-73.90881,0,0,0,0,4071,-7390,0.4
2021-09-24T00:00:00.000,18:41,40.694855,-73.89744,0,0,0,0,4069,-7389,0.3709677419354839
2021-09-03T00:00:00.000,17:00,40.63825,-73.94531,0,0,0,0,4063,-7394,0.358974358974359
2021-10-04T00:00:00.000,19:00,40.746536,-73.985954,2,0,1,1,4074,-7398,0.40131578947368424
2021-10-04T00:00:00.000,14:00,40.76164,-73.86723,0,0,0,0,4076,-7386,0.40298507462686567
2021-10-02T00:00:00.000,22:34,40.85153,-73.8649,2,0,1,1,4085,-7386,0.33766233766233766
2021-10-04T00:00:00.000,3:12,40.63228,-73.937416,3,0,1,1,4063,-7393,0.46153846153846156
2021-10-04T00:00:00.000,18:35,40.668774,-73.91693,0,0,0,0,4066,-7391,0.3630952380952381
2021-10-04T00:00:00.000,19:00,40.71537,-73.95823,0,0,0,0,4071,-7395,0.36585365853658536
2021-09-23T00:00:00.000,18:25,40.5763,-73.96854,0,0,0,0,4057,-7396,0.3191489361702128
2021-10-04T00:00:00.000,12:15,40.73398,-73.95995,0,0,0,0,4073,-7395,0.30434782608695654
2021-10-04T00:00:00.000,10:50,40.652554,-73.92078,0,0,0,0,4065,-7392,0.35555555555555557
2021-10-04T00:00:00.000,1:05,40.83552,-73.840996,0,0,0,0,4083,-7384,0.22727272727272727
2021-10-04T00:00:00.000,19:45,40.68837,-73.944916,1,0,1,1,4068,-7394,0.4409448818897638
2021-10-04T00:00:00.000,10:15,40.776188,-73.90596,0,0,0,0,4077,-7390,0.3404255319148936
2021-10-04T00:00:00.000,17:35,40.68993,-73.98148,1,0,1,1,4068,-7398,0.3873239436619718
2021-10-04T00:00:00.000,7:59,40.677578,-73.88602,0,0,0,0,4067,-7388,0.30434782608695654
2021-10-04T00:00:00.000,17:20,40.63416,-74.12194,2,0,1,1,4063,-7412,0.36363636363636365
2021-07-15T00:00:00.000,0:20,40.825165,-73.86699,0,0,0,0,4082,-7386,0.3493975903614458
2021-10-04T00:00:00.000,7:10,40.788776,-73.79135,0,0,0,0,4078,-7379,0.42105263157894735
2021-10-04T00:00:00.000,11:30,40.814636,-73.920334,0,0,0,0,4081,-7392,0.4714285714285714
2021-09-29T00:00:00.000,8:30,40.756107,-73.90071,0,0,0,0,4075,-7390,0.37254901960784315
2021-10-04T00:00:00.000,16:20,40.82054,-73.930786,0,0,0,0,4082,-7393,0.36645962732919257
2021-10-04T00:00:00.000,13:50,40.591312,-73.99388,0,0,0,0,4059,-7399,0.3076923076923077
2021-09-29T00:00:00.000,16:36,40.696823,-73.91487,0,0,0,0,4069,-7391,0.2709677419354839
2021-10-02T00:00:00.000,2:53,40.72543,-73.99678,1,0,1,1,4072,-7399,0.3829787234042553
2021-09-30T00:00:00.000,19:16,40.76853,-73.912346,0,0,0,0,4076,-7391,0.40476190476190477
2021-10-04T00:00:00.000,18:57,40.761486,-73.96061,1,0,1,1,4076,-7396,0.3023255813953488
2021-12-10T00:00:00.000,17:40,40.67645,-73.97411,6,0,1,1,4067,-7397,0.2818181818181818
2021-12-11T00:00:00.000,19:33,40.819572,-73.95175,0,0,0,0,4081,-7395,0.3509933774834437
2021-12-11T00:00:00.000,19:00,40.617455,-73.98426,0,0,0,0,4061,-7398,0.3698630136986301
2021-12-08T00:00:00.000,21:41,40.68305,-73.97377,1,0,1,1,4068,-7397,0.3412322274881517
2021-12-11T00:00:00.000,2:10,40.762794,-73.83558,1,0,1,1,4076,-7383,0.33695652173913043
2021-12-11T00:00:00.000,16:42,40.757504,-73.92266,1,0,1,1,4075,-7392,0.48148148148148145
2021-12-11T00:00:00.000,15:45,40.68217,-73.83105,1,0,1,1,4068,-7383,0.45454545454545453
2021-12-11T00:00:00.000,10:18,40.692356,-73.94282,1,0,1,1,4069,-7394,0.417910447761194
2021-12-08T00:00:00.000,20:30,40.663643,-73.89084,0,0,0,0,4066,-7389,0.3103448275862069
2021-12-08T00:00:00.000,9:30,40.824207,-73.858795,1,0,1,1,4082,-7385,0.27
2021-12-11T00:00:00.000,2:43,40.8229,-73.83599,2,0,1,1,4082,-7383,0.34210526315789475
2021-12-11T00:00:00.000,12:30,40.836437,-73.88498,0,0,0,0,4083,-7388,0.26717557251908397
2021-12-11T00:00:00.000,12:10,40.66827,-73.90263,0,0,0,0,4066,-7390,0.2777777777777778
2021-12-10T00:00:00.000,13:00,40.67127,-73.900024,0,0,0,0,4067,-7390,0.3282442748091603
2021-12-10T00:00:00.000,18:50,40.701054,-73.80787,2,0,1,1,4070,-7380,0.3877551020408163
2021-12-11T00:00:00.000,18:36,40.686756,-73.9938,1,0,1,1,4068,-7399,0.17857142857142858
2021-12-08T00:00:00.000,3:15,40.731445,-73.720535,1,0,1,1,4073,-7372,0.3333333333333333
2021-12-11T00:00:00.000,22:54,40.710262,-73.953865,0,0,0,0,4071,-7395,0.36585365853658536
2021-12-11T00:00:00.000,8:50,40.713955,-73.95794,1,0,1,1,4071,-7395,0.36585365853658536
2021-12-11T00:00:00.000,11:40,40.844482,-73.87942,0,0,0,0,4084,-7387,0.48333333333333334
2021-12-11T00:00:00.000,16:25,40.789433,-73.84558,0,0,0,0,4078,-7384,0.23809523809523808
2021-12-11T00:00:00.000,1:12,40.769817,-73.78237,0,0,0,0,4076,-7378,0.4
2021-12-11T00:00:00.000,16:01,40.787685,-73.97502,1,0,1,1,4078,-7397,0.3434343434343434
2021-12-11T00:00:00.000,10:30,40.694138,-73.92649,0,0,0,0,4069,-7392,0.3584905660377358
2022-09-21T00:00:00.000,0:26,40.68067,-73.885826,0,0,0,0,4068,-7388,0.36538461538461536
2022-09-21T00:00:00.000,7:20,40.678783,-73.91094,0,0,0,0,4067,-7391,0.36597938144329895
2022-08-31T00:00:00.000,1:49,40.89964,-73.85224,0,0,0,0,4089,-7385,0.3813559322033898
2022-09-21T00:00:00.000,23:20,40.772327,-73.94531,0,0,0,0,4077,-7394,0.28
2022-09-20T00:00:00.000,10:10,40.854115,-73.89091,0,0,0,0,4085,-7389,0.3353658536585366
2022-09-12T00:00:00.000,23:19,40.608814,-73.973,1,0,1,1,4060,-7397,0.3469387755102041
2022-09-18T00:00:00.000,19:44,40.68597,-73.92668,1,0,1,1,4068,-7392,0.2542372881355932
2022-09-21T00:00:00.000,0:12,40.831055,-73.905846,1,0,1,1,4083,-7390,0.3064516129032258
2022-09-22T00:00:00.000,3:17,40.815975,-73.94322,0,0,0,0,4081,-7394,0.38
2022-09-21T00:00:00.000,18:44,40.68442,-73.97839,1,0,1,1,4068,-7397,0.3412322274881517
2022-09-21T00:00:00.000,20:24,40.675644,-73.90145,0,0,0,0,4067,-7390,0.3282442748091603
2022-09-22T00:00:00.000,19:30,40.684116,-73.83273,1,0,1,1,4068,-7383,0.45454545454545453
2022-09-22T00:00:00.000,13:00,40.723488,-73.99046,0,0,0,0,4072,-7399,0.3829787234042553
2022-09-19T00:00:00.000,10:55,40.715813,-73.940025,0,0,0,0,4071,-7394,0.3710691823899371
2022-09-23T00:00:00.000,18:45,40.76652,-73.82753,0,0,0,0,4076,-7382,0.2987012987012987
2022-08-24T00:00:00.000,17:25,40.819267,-73.884865,2,0,1,1,4081,-7388,0.25471698113207547
2022-09-23T00:00:00.000,0:00,40.685947,-73.95943,1,0,1,1,4068,-7395,0.38571428571428573
2022-09-23T00:00:00.000,16:50,40.69889,-73.91753,0,0,0,0,4069,-7391,0.2709677419354839
2022-09-12T00:00:00.000,3:43,0.0,0.0,0,0,0,0,0,0,0.40425531914893614
2022-09-23T00:00:00.000,13:40,40.732677,-74.00477,0,0,0,0,4073,-7400,0.2403846153846154
2022-09-21T00:00:00.000,0:30,40.652973,-73.94401,0,0,0,0,4065,-7394,0.43137254901960786
2022-09-22T00:00:00.000,22:57,40.72391,-73.948845,0,0,0,0,4072,-7394,0.19801980198019803
2022-09-21T00:00:00.000,6:26,40.711006,-74.003624,0,0,0,0,4071,-7400,0.25517241379310346
2022-09-19T00:00:00.000,14:40,40.881435,-73.82635,0,0,0,0,4088,-7382,0.2765957446808511
2022-09-22T00:00:00.000,8:37,40.686146,-73.85891,1,0,1,1,4068,-7385,0.43103448275862066
2022-09-21T00:00:00.000,12:00,40.64316,-74.01922,2,0,1,1,4064,-7401,0.4295774647887324
2022-09-21T00:00:00.000,16:34,40.828976,-73.87641,1,0,1,1,4082,-7387,0.33544303797468356
2022-09-16T00:00:00.000,9:30,40.755833,-73.92816,0,0,0,0,4075,-7392,0.48148148148148145
2022-09-18T00:00:00.000,23:00,40.90348,-73.85035,1,0,1,1,4090,-7385,0.42105263157894735
2022-09-20T00:00:00.000,23:50,40.688793,-73.96071,1,0,1,1,4068,-7396,0.42567567567567566
2022-09-23T00:00:00.000,10:33,40.74678,-73.919876,1,0,1,1,4074,-7391,0.38333333333333336
2022-09-23T00:00:00.000,16:55,0.0,0.0,1,0,1,1,0,0,0.40425531914893614
2022-09-18T00:00:00.000,1:40,40.865536,-73.92728,0,0,0,0,4086,-7392,0.359375
2022-09-15T00:00:00.000,10:00,40.63781,-73.98204,0,0,0,0,4063,-7398,0.4827586206896552
2022-09-23T00:00:00.000,8:00,40.571,-74.134285,0,0,0,0,4057,-7413,0.125
2022-09-22T00:00:00.000,10:00,40.67793,-73.87189,1,0,1,1,4067,-7387,0.30344827586206896
2022-07-23T00:00:00.000,5:00,40.68484,-73.80607,0,0,0,0,4068,-7380,0.3829787234042553
2022-09-23T00:00:00.000,3:00,40.764362,-73.96162,0,0,0,0,4076,-7396,0.3023255813953488
2022-09-21T00:00:00.000,9:50,40.77719,-73.95225,1,0,1,1,4077,-7395,0.3384615384615385
2022-09-23T00:00:00.000,13:30,40.824703,-73.944275,0,0,0,0,4082,-7394,0.3812154696132597
2022-09-21T00:00:00.000,7:30,40.832684,-73.93968,1,0,1,1,4083,-7393,0.3333333333333333
2022-09-21T00:00:00.000,15:25,40.71144,-74.00086,0,0,0,0,4071,-7400,0.25517241379310346
2022-09-21T00:00:00.000,23:05,40.877945,-73.86616,0,0,0,0,4087,-7386,0.3142857142857143
2022-09-11T00:00:00.000,0:20,40.75108,-73.98686,0,0,0,0,4075,-7398,0.3170731707317073
2022-09-21T00:00:00.000,14:38,40.68087,-73.97515,1,0,1,1,4068,-7397,0.3412322274881517
2022-09-23T00:00:00.000,10:30,40.840225,-73.91769,1,0,1,1,4084,-7391,0.32558139534883723
2022-09-21T00:00:00.000,2:40,40.75587,-73.972824,0,0,0,0,4075,-7397,0.375886524822695
2022-09-22T00:00:00.000,15:59,40.724804,-74.003746,0,0,0,0,4072,-7400,0.32926829268292684
2022-09-22T00:00:00.000,17:39,40.81307,-73.91998,0,0,0,0,4081,-7391,0.47244094488188976
2022-09-22T00:00:00.000,14:30,40.78588,-73.94884,0,0,0,0,4078,-7394,0.33513513513513515
2022-09-03T00:00:00.000,22:45,40.69024,-73.9482,0,0,0,0,4069,-7394,0.417910447761194
2022-09-21T00:00:00.000,11:46,40.881073,-73.878494,0,0,0,0,4088,-7387,0.14583333333333334
2021-10-05T00:00:00.000,10:17,40.76394,-73.828156,0,0,0,0,4076,-7382,0.2987012987012987
2022-09-21T00:00:00.000,12:45,40.768124,-73.90383,0,0,0,0,4076,-7390,0.3055555555555556
2022-08-25T00:00:00.000,2:16,40.82255,-73.88573,0,0,0,0,4082,-7388,0.27624309392265195
2022-09-22T00:00:00.000,9:15,40.845985,-73.866394,0,0,0,0,4084,-7386,0.375
2022-09-21T00:00:00.000,17:40,40.69112,-73.953575,0,0,0,0,4069,-7395,0.30952380952380953
2022-09-16T00:00:00.000,19:09,40.882328,-73.85369,1,0,1,1,4088,-7385,0.36619718309859156
2022-09-21T00:00:00.000,6:30,40.75372,-73.83283,1,0,1,1,4075,-7383,0.37681159420289856
2023-01-15T00:00:00.000,0:00,40.68895,-73.74135,0,0,0,0,4068,-7374,0.29411764705882354
2022-09-22T00:00:00.000,10:21,40.83512,-73.94552,1,0,1,1,4083,-7394,0.38926174496644295
2022-09-16T00:00:00.000,16:09,40.8829,-73.84607,0,0,0,0,4088,-7384,0.4153846153846154
2022-09-22T00:00:00.000,15:51,40.88756,-73.866394,0,0,0,0,4088,-7386,0.23809523809523808
2022-09-17T00:00:00.000,13:14,40.733524,-73.989876,1,0,1,1,4073,-7398,0.36942675159235666
2022-09-23T00:00:00.000,20:15,40.74423,-73.86105,1,0,1,1,4074,-7386,0.3813559322033898
2022-09-21T00:00:00.000,18:55,40.76281,-73.99317,0,0,0,0,4076,-7399,0.3275862068965517
2022-09-23T00:00:00.000,22:10,40.61324,-73.93898,0,0,0,0,4061,-7393,0.34285714285714286
2022-09-13T00:00:00.000,7:20,40.68437,-73.91304,3,0,1,1,4068,-7391,0.344
2022-09-22T00:00:00.000,9:54,40.672768,-73.98672,1,0,1,1,4067,-7398,0.3655913978494624
2022-09-18T00:00:00.000,19:15,40.522144,-74.234985,0,0,0,0,4052,-7423,0.3333333333333333
2022-09-21T00:00:00.000,19:37,40.689835,-73.93222,0,0,0,0,4068,-7393,0.3619047619047619
2022-09-23T00:00:00.000,23:30,40.732887,-73.920586,0,0,0,0,4073,-7392,0.4444444444444444
2022-09-21T00:00:00.000,14:14,40.74216,-73.804436,0,0,0,0,4074,-7380,0.35294117647058826
2022-09-17T00:00:00.000,23:05,40.628876,-73.98043,0,0,0,0,4062,-7398,0.38
2022-09-22T00:00:00.000,10:40,40.640274,-73.99025,0,0,0,0,4064,-7399,0.3442622950819672
2022-09-21T00:00:00.000,12:00,40.595703,-74.084915,1,0,1,1,4059,-7408,0.36363636363636365
2022-09-22T00:00:00.000,17:30,40.727207,-73.90742,2,0,1,1,4072,-7390,0.2978723404255319
2022-06-30T00:00:00.000,14:50,40.719048,-73.99648,0,0,0,0,4071,-7399,0.3263157894736842
2021-05-24T00:00:00.000,22:46,40.675186,-73.933304,2,0,1,1,4067,-7393,0.3755868544600939
2021-06-01T00:00:00.000,14:45,40.80934,-73.91248,1,0,1,1,4080,-7391,0.38961038961038963
2021-05-31T00:00:00.000,21:00,40.72089,-73.99576,1,0,1,1,4072,-7399,0.3829787234042553
2021-06-05T00:00:00.000,2:38,40.71906,-73.995605,0,0,0,0,4071,-7399,0.3263157894736842
2021-06-04T00:00:00.000,8:40,40.622078,-73.95084,2,0,1,1,4062,-7395,0.4444444444444444
2021-05-26T00:00:00.000,12:10,40.760525,-73.97998,1,0,1,1,4076,-7397,0.37
2021-06-04T00:00:00.000,9:30,40.714714,-73.992836,0,0,0,0,4071,-7399,0.3263157894736842
2021-04-16T00:00:00.000,14:30,40.72135,-74.00465,0,0,0,0,4072,-7400,0.32926829268292684
2021-06-05T00:00:00.000,23:04,40.592857,-73.77531,0,0,0,0,4059,-7377,0.2692307692307692
2021-06-01T00:00:00.000,13:45,40.716084,-74.001434,0,0,0,0,4071,-7400,0.25517241379310346
2021-06-02T00:00:00.000,7:45,40.74992,-73.87394,0,0,0,0,4074,-7387,0.25663716814159293
2021-05-08T00:00:00.000,21:00,40.58313,-73.9654,0,0,0,0,4058,-7396,0.37333333333333335
2022-09-22T00:00:00.000,9:45,40.595844,-73.97842,2,0,1,1,4059,-7397,0.3191489361702128
2022-09-22T00:00:00.000,7:51,40.75703,-73.938126,5,0,1,1,4075,-7393,0.43478260869565216
2022-09-23T00:00:00.000,14:00,40.737797,-73.88272,0,0,0,0,4073,-7388,0.2777777777777778
2022-09-11T00:00:00.000,12:15,40.826786,-73.890915,3,0,1,1,4082,-7389,0.37423312883435583
2022-09-22T00:00:00.000,20:56,40.845985,-73.884476,1,0,1,1,4084,-7388,0.390625
2022-09-22T00:00:00.000,8:10,40.910633,-73.9047,0,0,0,0,4091,-7390,0.3333333333333333
2022-09-21T00:00:00.000,1:30,40.8396,-73.929474,0,0,0,0,4083,-7392,0.310126582278481
2022-09-21T00:00:00.000,18:30,40.828995,-73.860954,1,0,1,1,4082,-7386,0.3493975903614458
2022-09-23T00:00:00.000,22:00,40.811565,-73.942726,1,0,1,1,4081,-7394,0.38
2022-09-21T00:00:00.000,8:25,40.68723,-73.941795,0,0,0,0,4068,-7394,0.4409448818897638
2022-09-21T00:00:00.000,19:10,40.77949,-73.95771,1,0,1,1,4077,-7395,0.3384615384615385
2022-09-14T00:00:00.000,15:47,40.687935,-73.9154,0,0,0,0,4068,-7391,0.344
2022-09-22T00:00:00.000,17:00,40.847813,-73.90754,1,0,1,1,4084,-7390,0.366120218579235
2021-06-05T00:00:00.000,18:04,40.75517,-73.96833,1,0,1,1,4075,-7396,0.4788732394366197
2021-06-05T00:00:00.000,14:37,40.671474,-73.93088,0,0,0,0,4067,-7393,0.3755868544600939
2021-06-05T00:00:00.000,0:59,40.827377,-73.8895,0,0,0,0,4082,-7388,0.27624309392265195
2021-05-31T00:00:00.000,2:00,40.68757,-73.91922,0,0,0,0,4068,-7391,0.344
2021-05-27T00:00:00.000,19:05,40.78739,-73.938225,0,0,0,0,4078,-7393,0.4444444444444444
2021-06-05T00:00:00.000,19:24,40.8349,-73.839966,1,0,1,1,4083,-7383,0.36363636363636365
2021-06-04T00:00:00.000,20:15,40.817883,-73.86025,0,0,0,0,4081,-7386,0.23333333333333334
2021-06-05T00:00:00.000,3:00,40.740913,-73.95226,1,0,1,1,4074,-7395,0.35185185185185186
2021-06-05T00:00:00.000,23:50,40.81616,-73.8944,0,0,0,0,4081,-7389,0.31543624161073824
2021-06-05T00:00:00.000,20:51,40.756344,-73.91342,0,0,0,0,4075,-7391,0.4777777777777778
2021-06-05T00:00:00.000,17:05,40.6392,-73.938736,0,0,0,0,4063,-7393,0.46153846153846156
2021-06-05T00:00:00.000,17:32,40.767185,-73.98997,0,0,0,0,4076,-7398,0.3081761006289308
2021-06-04T00:00:00.000,21:15,40.661125,-73.8947,0,0,0,0,4066,-7389,0.3103448275862069
2021-06-04T00:00:00.000,18:00,40.61132,-74.114716,0,0,0,0,4061,-7411,0.36
2021-06-05T00:00:00.000,3:49,40.797867,-73.96758,0,0,0,0,4079,-7396,0.25
2022-09-21T00:00:00.000,5:39,40.87617,-73.84904,0,0,0,0,4087,-7384,0.47297297297297297
2021-06-02T00:00:00.000,21:05,40.65906,-73.88459,2,0,1,1,4065,-7388,0.41509433962264153
2021-06-01T00:00:00.000,21:04,40.58116,-73.853,1,0,1,1,4058,-7385,0.3333333333333333
2021-06-04T00:00:00.000,17:00,40.676144,-73.893074,1,0,1,1,4067,-7389,0.33852140077821014
2021-06-05T00:00:00.000,18:20,40.807808,-73.92384,0,0,0,0,4080,-7392,0.3141025641025641
2021-06-05T00:00:00.000,10:34,40.75855,-73.82964,1,0,1,1,4075,-7382,0.4915254237288136
2021-06-05T00:00:00.000,18:00,40.611313,-74.09844,0,0,0,0,4061,-7409,0.46153846153846156
2021-06-04T00:00:00.000,11:35,40.636196,-74.12153,1,0,1,1,4063,-7412,0.36363636363636365
2021-06-05T00:00:00.000,15:35,40.616047,-74.025734,0,0,0,0,4061,-7402,0.4090909090909091
2021-06-04T00:00:00.000,15:03,40.657536,-73.902756,1,0,1,1,4065,-7390,0.375
2022-09-19T00:00:00.000,7:15,40.72565,-73.93205,1,0,1,1,4072,-7393,0.36507936507936506
2021-06-05T00:00:00.000,20:50,40.67752,-73.93123,1,0,1,1,4067,-7393,0.3755868544600939
2021-05-20T00:00:00.000,17:50,40.761673,-73.9982,1,0,1,1,4076,-7399,0.3275862068965517
2021-06-05T00:00:00.000,8:30,40.67164,-73.95034,0,0,0,0,4067,-7395,0.3695652173913043
2021-06-05T00:00:00.000,1:27,40.676743,-73.99967,0,0,0,0,4067,-7399,0.3258426966292135
2021-06-05T00:00:00.000,4:55,40.688473,-73.80857,0,0,0,0,4068,-7380,0.3829787234042553
2021-06-05T00:00:00.000,3:30,40.76094,-73.86717,0,0,0,0,4076,-7386,0.40298507462686567
2021-06-05T00:00:00.000,20:55,40.65317,-73.866875,1,0,1,1,4065,-7386,0.36619718309859156
2021-06-02T00:00:00.000,5:55,40.803745,-73.955864,1,0,1,1,4080,-7395,0.381294964028777
2021-06-05T00:00:00.000,18:00,40.57873,-74.09852,0,0,0,0,4057,-7409,0.1111111111111111
2021-06-05T00:00:00.000,14:09,40.7773,-73.99034,0,0,0,0,4077,-7399,0.4166666666666667
2021-06-05T00:00:00.000,13:40,40.695908,-73.98322,1,0,1,1,4069,-7398,0.3229166666666667
2021-06-03T00:00:00.000,16:00,40.672855,-73.87131,1,0,1,1,4067,-7387,0.30344827586206896
2021-06-05T00:00:00.000,10:00,40.688354,-73.913826,0,0,0,0,4068,-7391,0.344
2021-06-05T00:00:00.000,13:37,40.667114,-73.834656,0,0,0,0,4066,-7383,0.5
2021-06-05T00:00:00.000,5:30,40.806965,-73.911674,0,0,0,0,4080,-7391,0.38961038961038963
2021-06-05T00:00:00.000,13:00,40.699818,-73.920135,1,0,1,1,4069,-7392,0.3584905660377358
2021-06-03T00:00:00.000,19:00,40.67354,-73.95695,1,0,1,1,4067,-7395,0.3695652173913043
2021-06-05T00:00:00.000,22:40,40.69864,-73.93819,0,0,0,0,4069,-7393,0.3141025641025641
2021-06-05T00:00:00.000,21:00,40.63333,-73.92083,0,0,0,0,4063,-7392,0.4036697247706422
2022-09-23T00:00:00.000,8:55,40.713177,-73.99251,0,0,0,0,4071,-7399,0.3263157894736842
2021-06-05T00:00:00.000,10:30,40.844753,-73.90539,1,0,1,1,4084,-7390,0.366120218579235
2021-06-05T00:00:00.000,9:14,40.74574,-73.86765,0,0,0,0,4074,-7386,0.3813559322033898
2021-06-05T00:00:00.000,10:15,40.60205,-74.01334,0,0,0,0,4060,-7401,0.30357142857142855
2021-12-31T00:00:00.000,6:00,40.760704,-73.858246,0,0,0,0,4076,-7385,0.2727272727272727
2021-05-30T00:00:00.000,22:01,40.793606,-73.94952,1,0,1,1,4079,-7394,0.3523809523809524
2021-06-05T00:00:00.000,13:16,40.628803,-73.92793,0,0,0,0,4062,-7392,0.3611111111111111
2021-06-05T00:00:00.000,7:29,40.629986,-73.97157,3,0,1,1,4062,-7397,0.38666666666666666
2021-06-05T00:00:00.000,16:35,40.682724,-73.88539,1,0,1,1,4068,-7388,0.36538461538461536
2021-06-04T00:00:00.000,17:30,40.597317,-73.75427,0,0,0,0,4059,-7375,0.17777777777777778
2021-06-05T00:00:00.000,12:13,40.691433,-73.89063,0,0,0,0,4069,-7389,0.3709677419354839
2021-06-04T00:00:00.000,6:31,40.701706,-73.83655,0,0,0,0,4070,-7383,0.3541666666666667
2021-06-05T00:00:00.000,23:30,40.666153,-73.89542,0,0,0,0,4066,-7389,0.3103448275862069
2021-06-05T00:00:00.000,18:30,40.625378,-74.00215,1,0,1,1,4062,-7400,0.3150684931506849
2021-05-27T00:00:00.000,23:20,40.686085,-73.982666,0,0,0,0,4068,-7398,0.3873239436619718
2021-06-05T00:00:00.000,0:23,40.679935,-73.91389,0,0,0,0,4067,-7391,0.36597938144329895
2021-06-03T00:00:00.000,13:57,40.67526,-73.88203,0,0,0,0,4067,-7388,0.30434782608695654
2021-06-05T00:00:00.000,9:22,40.698036,-73.962845,0,0,0,0,4069,-7396,0.325
2021-06-05T00:00:00.000,14:06,40.852863,-73.90093,1,0,1,1,4085,-7390,0.42207792207792205
2021-06-05T00:00:00.000,8:45,40.653267,-73.93927,0,0,0,0,4065,-7393,0.44366197183098594
2021-06-05T00:00:00.000,22:06,40.813564,-73.951324,0,0,0,0,4081,-7395,0.3509933774834437
2021-06-05T00:00:00.000,19:50,40.5377,-74.15002,0,0,0,0,4053,-7415,0.2222222222222222
2021-05-22T00:00:00.000,15:00,40.67581,-73.739555,1,0,1,1,4067,-7373,0.46835443037974683
2021-06-05T00:00:00.000,23:20,40.82413,-73.94098,1,0,1,1,4082,-7394,0.3812154696132597
2021-06-03T00:00:00.000,1:00,40.66855,-73.90079,0,0,0,0,4066,-7390,0.2777777777777778
2021-06-05T00:00:00.000,14:00,40.586445,-73.98838,0,0,0,0,4058,-7398,0.4
2021-06-04T00:00:00.000,22:00,40.82371,-73.879,0,0,0,0,4082,-7387,0.33544303797468356
2021-06-05T00:00:00.000,11:00,40.81725,-73.82244,0,0,0,0,4081,-7382,0.07142857142857142
2021-06-05T00:00:00.000,14:45,40.670902,-73.99686,0,0,0,0,4067,-7399,0.3258426966292135
2021-06-05T00:00:00.000,1:05,40.662052,-73.93149,0,0,0,0,4066,-7393,0.38578680203045684
2021-05-30T00:00:00.000,16:30,40.687458,-73.801575,1,0,1,1,4068,-7380,0.3829787234042553
2021-06-05T00:00:00.000,16:32,40.842068,-73.8975,0,0,0,0,4084,-7389,0.33766233766233766
2021-06-05T00:00:00.000,4:00,40.676144,-73.893074,0,0,0,0,4067,-7389,0.33852140077821014
2021-06-05T00:00:00.000,19:19,40.82207,-73.89034,1,0,1,1,4082,-7389,0.37423312883435583
2021-06-05T00:00:00.000,3:52,40.761036,-73.98702,0,0,0,0,4076,-7398,0.3081761006289308
2021-06-05T00:00:00.000,5:50,40.750904,-73.74744,0,0,0,0,4075,-7374,0.3333333333333333
2021-06-05T00:00:00.000,18:30,40.57688,-73.95288,1,0,1,1,4057,-7395,0.47368421052631576
2021-06-05T00:00:00.000,22:05,40.75814,-73.83517,0,0,0,0,4075,-7383,0.37681159420289856
2021-06-05T00:00:00.000,11:05,40.61883,-74.082756,0,0,0,0,4061,-7408,0.30612244897959184
2021-06-04T00:00:00.000,12:19,40.602768,-73.75012,0,0,0,0,4060,-7375,0.17117117117117117
2021-06-05T00:00:00.000,17:00,40.77077,-73.91727,1,0,1,1,4077,-7391,0.3157894736842105
2021-06-02T00:00:00.000,15:00,40.657406,-73.89881,0,0,0,0,4065,-7389,0.34965034965034963
2021-06-05T00:00:00.000,0:01,40.766396,-73.78092,0,0,0,0,4076,-7378,0.4
2021-06-04T00:00:00.000,11:10,40.678955,-73.86516,1,0,1,1,4067,-7386,0.3431372549019608
2021-05-27T00:00:00.000,10:45,40.796074,-73.94349,0,0,0,0,4079,-7394,0.3523809523809524
2021-06-05T00:00:00.000,22:00,40.69151,-73.7299,2,0,1,1,4069,-7372,0.40425531914893614
2021-06-05T00:00:00.000,15:05,40.815304,-73.94371,0,0,0,0,4081,-7394,0.38
2021-05-05T00:00:00.000,17:15,40.575375,-74.18999,0,0,0,0,4057,-7418,0.3333333333333333
2021-06-04T00:00:00.000,12:10,40.833557,-73.85774,0,0,0,0,4083,-7385,0.30158730158730157
2021-06-05T00:00:00.000,9:18,40.66755,-73.773575,0,0,0,0,4066,-7377,0.37362637362637363
2021-06-03T00:00:00.000,17:00,40.805553,-73.93811,1,0,1,1,4080,-7393,0.36312849162011174
2021-06-05T00:00:00.000,20:13,40.813175,-73.89845,0,0,0,0,4081,-7389,0.31543624161073824
2021-06-04T00:00:00.000,14:54,40.624397,-74.020325,0,0,0,0,4062,-7402,0.3625
2021-06-05T00:00:00.000,18:20,40.76772,-73.902336,2,0,1,1,4076,-7390,0.3055555555555556
2021-06-04T00:00:00.000,16:40,40.66342,-73.89854,0,0,0,0,4066,-7389,0.3103448275862069
2021-06-05T00:00:00.000,2:02,40.660202,-73.96063,0,0,0,0,4066,-7396,0.4074074074074074
2021-06-05T00:00:00.000,18:15,40.817093,-73.92166,0,0,0,0,4081,-7392,0.4714285714285714
2021-06-05T00:00:00.000,12:00,40.672146,-73.84318,0,0,0,0,4067,-7384,0.28888888888888886
2021-06-05T00:00:00.000,21:00,40.669476,-73.919975,0,0,0,0,4066,-7391,0.3630952380952381
2021-06-01T00:00:00.000,17:00,40.85045,-73.93667,0,0,0,0,4085,-7393,0.36585365853658536
2021-06-04T00:00:00.000,15:23,40.69643,-73.81692,0,0,0,0,4069,-7381,0.3902439024390244
2021-06-03T00:00:00.000,21:20,40.667767,-73.8987,0,0,0,0,4066,-7389,0.3103448275862069
2021-06-01T00:00:00.000,21:29,40.80061,-73.94229,1,0,1,1,4080,-7394,0.41116751269035534
2021-06-05T00:00:00.000,15:30,40.76301,-73.87532,0,0,0,0,4076,-7387,0.48214285714285715
2021-06-05T00:00:00.000,14:45,40.6957,-73.7933,0,0,0,0,4069,-7379,0.25925925925925924
2021-05-17T00:00:00.000,0:00,40.68576,-73.915504,1,0,1,1,4068,-7391,0.344
2021-06-05T00:00:00.000,12:00,40.690098,-73.86115,0,0,0,0,4069,-7386,0.21052631578947367
2021-06-05T00:00:00.000,16:56,40.752693,-73.97305,0,0,0,0,4075,-7397,0.375886524822695
2021-06-05T00:00:00.000,3:25,40.765724,-73.984535,0,0,0,0,4076,-7398,0.3081761006289308
2021-06-05T00:00:00.000,1:26,40.75991,-73.95882,1,0,1,1,4075,-7395,0.38095238095238093
2021-06-03T00:00:00.000,6:00,40.753304,-73.912575,0,0,0,0,4075,-7391,0.4777777777777778
2021-06-05T00:00:00.000,12:57,40.802498,-73.94092,0,0,0,0,4080,-7394,0.41116751269035534
2021-06-05T00:00:00.000,10:45,40.643776,-74.008125,1,0,1,1,4064,-7400,0.36764705882352944
2021-06-05T00:00:00.000,17:04,40.736706,-73.97822,0,0,0,0,4073,-7397,0.32558139534883723
2021-06-05T00:00:00.000,13:30,40.878185,-73.88145,0,0,0,0,4087,-7388,0.3561643835616438
2021-06-05T00:00:00.000,1:10,40.636368,-73.961586,0,0,0,0,4063,-7396,0.34615384615384615
2021-06-02T00:00:00.000,19:05,40.68989,-73.81819,3,0,1,1,4068,-7381,0.4117647058823529
2021-06-02T00:00:00.000,21:00,40.66406,-73.89869,1,0,1,1,4066,-7389,0.3103448275862069
2021-06-05T00:00:00.000,15:50,40.835724,-73.92129,0,0,0,0,4083,-7392,0.310126582278481
2021-06-04T00:00:00.000,2:30,40.665627,-73.92045,1,0,1,1,4066,-7392,0.355
2021-06-05T00:00:00.000,14:50,40.751637,-73.90985,1,0,1,1,4075,-7390,0.37254901960784315
2021-06-05T00:00:00.000,6:40,40.824066,-73.908714,1,0,1,1,4082,-7390,0.3025210084033613
2021-06-05T00:00:00.000,11:45,40.691883,-73.76412,0,0,0,0,4069,-7376,0.3392857142857143
2021-06-05T00:00:00.000,19:15,40.67809,-73.8842,0,0,0,0,4067,-7388,0.30434782608695654
2021-06-05T00:00:00.000,11:07,40.880947,-73.85456,3,0,1,1,4088,-7385,0.36619718309859156
2021-05-21T00:00:00.000,7:35,40.76732,-73.92231,1,0,1,1,4076,-7392,0.42105263157894735
2021-06-05T00:00:00.000,7:57,40.74593,-73.8563,1,0,1,1,4074,-7385,0.35526315789473684
2021-05-30T00:00:00.000,14:15,40.793552,-73.945335,1,0,1,1,4079,-7394,0.3523809523809524
2021-06-05T00:00:00.000,9:52,40.6074,-73.95292,1,0,1,1,4060,-7395,0.4791666666666667
2021-06-05T00:00:00.000,12:43,40.703854,-73.95128,1,0,1,1,4070,-7395,0.3475177304964539
2021-06-04T00:00:00.000,17:30,40.69097,-73.94833,0,0,0,0,4069,-7394,0.417910447761194
2021-06-05T00:00:00.000,20:15,40.86268,-73.90905,1,0,1,1,4086,-7390,0.42748091603053434
2021-05-31T00:00:00.000,8:30,40.70268,-73.813,0,0,0,0,4070,-7381,0.3194444444444444
2021-06-05T00:00:00.000,18:15,40.652794,-73.946884,1,0,1,1,4065,-7394,0.43137254901960786
2021-06-05T00:00:00.000,19:45,40.669857,-73.95051,1,0,1,1,4066,-7395,0.44375
2021-05-28T00:00:00.000,2:05,40.78296,-73.94403,0,0,0,0,4078,-7394,0.33513513513513515
2021-06-05T00:00:00.000,17:15,40.755802,-73.99083,0,0,0,0,4075,-7399,0.2830188679245283
2021-06-05T00:00:00.000,12:10,40.698387,-73.774895,1,0,1,1,4069,-7377,0.35135135135135137
2021-06-03T00:00:00.000,8:27,40.66475,-73.89405,0,0,0,0,4066,-7389,0.3103448275862069
2021-06-05T00:00:00.000,1:28,40.898502,-73.84943,0,0,0,0,4089,-7384,0.3333333333333333
2021-06-05T00:00:00.000,14:45,40.895195,-73.88012,0,0,0,0,4089,-7388,0.5
2021-06-05T00:00:00.000,22:35,40.86155,-73.92472,0,0,0,0,4086,-7392,0.359375
2021-06-05T00:00:00.000,19:00,40.601948,-73.99382,1,0,1,1,4060,-7399,0.31683168316831684
2021-06-05T00:00:00.000,10:25,40.820515,-73.930695,0,0,0,0,4082,-7393,0.36645962732919257
2021-06-05T00:00:00.000,23:15,40.76246,-73.86885,0,0,0,0,4076,-7386,0.40298507462686567
2021-05-25T00:00:00.000,18:30,40.69655,-73.90577,0,0,0,0,4069,-7390,0.29591836734693877
2021-06-05T00:00:00.000,18:46,40.700626,-73.9868,0,0,0,0,4070,-7398,0.21568627450980393
2021-06-05T00:00:00.000,1:21,40.810997,-73.905846,0,0,0,0,4081,-7390,0.3888888888888889
2021-06-05T00:00:00.000,9:00,40.71591,-73.80443,0,0,0,0,4071,-7380,0.42105263157894735
2021-06-05T00:00:00.000,13:15,40.86804,-73.879105,0,0,0,0,4086,-7387,0.34545454545454546
2021-06-05T00:00:00.000,20:55,40.645027,-73.91998,1,0,1,1,4064,-7391,0.39805825242718446
2021-06-05T00:00:00.000,12:00,40.86446,-73.91895,0,0,0,0,4086,-7391,0.38016528925619836
2021-06-05T00:00:00.000,16:10,40.64471,-74.07704,3,0,1,1,4064,-7407,0.2222222222222222
2021-06-05T00:00:00.000,0:11,40.5787,-73.98734,0,0,0,0,4057,-7398,0.36904761904761907
2021-06-04T00:00:00.000,19:15,40.81417,-73.93431,0,0,0,0,4081,-7393,0.32432432432432434
2021-05-31T00:00:00.000,1:00,40.60353,-74.01863,0,0,0,0,4060,-7401,0.30357142857142855
2021-06-05T00:00:00.000,15:40,40.573708,-73.99072,0,0,0,0,4057,-7399,0.32558139534883723
2021-06-02T00:00:00.000,13:00,40.6765,-73.88234,0,0,0,0,4067,-7388,0.30434782608695654
2021-06-05T00:00:00.000,2:05,40.842564,-73.83842,0,0,0,0,4084,-7383,0.4318181818181818
2021-06-04T00:00:00.000,12:05,40.66545,-73.88939,2,0,1,1,4066,-7388,0.37012987012987014
2021-06-05T00:00:00.000,22:00,40.71092,-73.75667,0,0,0,0,4071,-7375,0.3269230769230769
2021-06-05T00:00:00.000,18:55,40.8165,-73.946556,1,0,1,1,4081,-7394,0.38
2022-04-24T00:00:00.000,20:25,40.58576,-73.974464,3,0,1,1,4058,-7397,0.2727272727272727
2021-05-24T00:00:00.000,17:48,40.72325,-73.980545,0,0,0,0,4072,-7398,0.4342105263157895
2021-05-31T00:00:00.000,17:30,40.791176,-73.95337,0,0,0,0,4079,-7395,0.42
2021-06-05T00:00:00.000,14:30,40.719437,-73.94063,0,0,0,0,4071,-7394,0.3710691823899371
2021-06-05T00:00:00.000,12:05,40.691895,-73.97807,1,0,1,1,4069,-7397,0.3253012048192771
2021-06-05T00:00:00.000,11:17,40.6785,-73.743256,0,0,0,0,4067,-7374,0.2619047619047619
2021-06-05T00:00:00.000,19:08,40.87119,-73.85044,1,0,1,1,4087,-7385,0.37681159420289856
2021-06-05T00:00:00.000,3:57,40.802753,-73.93358,0,0,0,0,4080,-7393,0.36312849162011174
2021-06-05T00:00:00.000,2:30,40.793217,-73.824005,0,0,0,0,4079,-7382,0.2
2021-06-05T00:00:00.000,2:51,40.651104,-73.94381,0,0,0,0,4065,-7394,0.43137254901960786
2021-06-04T00:00:00.000,21:55,40.67241,-73.863556,1,0,1,1,4067,-7386,0.3431372549019608
2021-06-05T00:00:00.000,12:50,40.707256,-73.95458,0,0,0,0,4070,-7395,0.3475177304964539
2021-05-25T00:00:00.000,9:27,40.661488,-73.89389,0,0,0,0,4066,-7389,0.3103448275862069
2021-05-28T00:00:00.000,4:00,40.666233,-73.761,0,0,0,0,4066,-7376,0.30434782608695654
2021-06-05T00:00:00.000,19:35,40.625347,-74.15069,1,0,1,1,4062,-7415,0.37037037037037035
2021-06-04T00:00:00.000,19:10,40.599503,-73.754074,0,0,0,0,4059,-7375,0.17777777777777778
2021-06-05T00:00:00.000,14:30,40.722282,-73.98018,0,0,0,0,4072,-7398,0.4342105263157895
2021-05-29T00:00:00.000,0:00,40.77188,-73.91984,0,0,0,0,4077,-7391,0.3157894736842105
2021-06-05T00:00:00.000,13:56,40.76235,-73.778984,0,0,0,0,4076,-7377,0.20588235294117646
2021-06-05T00:00:00.000,15:15,40.67689,-73.900055,0,0,0,0,4067,-7390,0.3282442748091603
2021-06-05T00:00:00.000,11:40,40.676003,-73.86783,0,0,0,0,4067,-7386,0.3431372549019608
2021-06-05T00:00:00.000,3:45,40.739086,-73.99139,0,0,0,0,4073,-7399,0.423728813559322
2021-06-05T00:00:00.000,4:00,40.668747,-73.89938,0,0,0,0,4066,-7389,0.3103448275862069
2021-06-03T00:00:00.000,18:16,40.6698,-73.901115,1,0,1,1,4066,-7390,0.2777777777777778
2021-06-05T00:00:00.000,15:30,40.76803,-73.87722,1,0,1,1,4076,-7387,0.48214285714285715
2021-06-01T00:00:00.000,16:09,40.795467,-73.94605,2,0,1,1,4079,-7394,0.3523809523809524
2021-06-05T00:00:00.000,21:50,40.872116,-73.88048,0,0,0,0,4087,-7388,0.3561643835616438
2021-05-20T00:00:00.000,15:50,40.706573,-73.922874,0,0,0,0,4070,-7392,0.24305555555555555
2021-06-05T00:00:00.000,2:01,40.809048,-73.92856,2,0,1,1,4080,-7392,0.3141025641025641
2021-05-29T00:00:00.000,23:02,40.71042,-73.85964,0,0,0,0,4071,-7385,0.4418604651162791
2021-06-05T00:00:00.000,18:50,40.599052,-73.99808,0,0,0,0,4059,-7399,0.3076923076923077
2021-05-20T00:00:00.000,10:35,40.790623,-73.942444,0,0,0,0,4079,-7394,0.3523809523809524
2021-06-05T00:00:00.000,15:20,40.69247,-73.75942,0,0,0,0,4069,-7375,0.3584905660377358
2022-04-12T00:00:00.000,8:03,40.749825,-73.972206,0,0,0,0,4074,-7397,0.4810810810810811
2022-04-24T00:00:00.000,8:54,40.72877,-74.007095,0,0,0,0,4072,-7400,0.32926829268292684
2021-06-05T00:00:00.000,13:22,40.702614,-73.96058,2,0,1,1,4070,-7396,0.3431372549019608
2021-06-02T00:00:00.000,21:26,40.717834,-73.95773,1,0,1,1,4071,-7395,0.36585365853658536
2021-06-05T00:00:00.000,8:30,40.72628,-73.89476,0,0,0,0,4072,-7389,0.41379310344827586
2021-06-05T00:00:00.000,10:42,40.715553,-73.98976,1,0,1,1,4071,-7398,0.39568345323741005
2021-06-05T00:00:00.000,9:30,40.686077,-74.00038,0,0,0,0,4068,-7400,0.3333333333333333
2021-06-04T00:00:00.000,8:00,40.772163,-73.92223,0,0,0,0,4077,-7392,0.3269230769230769
2021-06-05T00:00:00.000,19:20,40.652855,-73.945915,2,0,1,1,4065,-7394,0.43137254901960786
2021-06-05T00:00:00.000,13:19,40.722095,-73.77772,1,0,1,1,4072,-7377,0.375
2021-06-05T00:00:00.000,3:30,40.765675,-73.98447,0,0,0,0,4076,-7398,0.3081761006289308
2021-06-04T00:00:00.000,18:30,40.667923,-73.861465,1,0,1,1,4066,-7386,0.35
2021-06-01T00:00:00.000,17:34,40.794178,-73.94487,1,0,1,1,4079,-7394,0.3523809523809524
2021-06-05T00:00:00.000,16:51,40.669403,-73.912605,0,0,0,0,4066,-7391,0.3630952380952381
2021-06-05T00:00:00.000,7:30,40.693996,-73.96701,0,0,0,0,4069,-7396,0.325
2021-06-04T00:00:00.000,23:01,40.82692,-73.87199,0,0,0,0,4082,-7387,0.33544303797468356
2021-06-05T00:00:00.000,21:25,40.613388,-73.995995,1,0,1,1,4061,-7399,0.29411764705882354
2021-06-05T00:00:00.000,10:35,40.77023,-73.87066,0,0,0,0,4077,-7387,0.35714285714285715
2021-06-02T00:00:00.000,18:34,40.667725,-73.89189,0,0,0,0,4066,-7389,0.3103448275862069
2021-06-05T00:00:00.000,4:15,40.563774,-74.15586,0,0,0,0,4056,-7415,0.2857142857142857
2021-06-05T00:00:00.000,12:00,40.596756,-73.93342,0,0,0,0,4059,-7393,0.47058823529411764
2021-06-05T00:00:00.000,22:15,40.81921,-73.82182,0,0,0,0,4081,-7382,0.07142857142857142
2021-06-04T00:00:00.000,10:30,40.810173,-73.95117,0,0,0,0,4081,-7395,0.3509933774834437
2021-06-04T00:00:00.000,18:30,40.682724,-73.88539,1,0,1,1,4068,-7388,0.36538461538461536
2021-06-05T00:00:00.000,2:20,40.822834,-73.941925,0,0,0,0,4082,-7394,0.3812154696132597
2021-06-02T00:00:00.000,19:30,40.693413,-73.940125,0,0,0,0,4069,-7394,0.417910447761194
2021-06-05T00:00:00.000,18:50,40.622414,-73.896484,2,0,1,1,4062,-7389,0.3333333333333333
2021-06-05T00:00:00.000,19:20,40.70145,-73.989624,0,0,0,0,4070,-7398,0.21568627450980393
2021-06-05T00:00:00.000,10:00,40.734264,-73.84444,0,0,0,0,4073,-7384,0.2682926829268293
2021-06-05T00:00:00.000,8:00,40.758747,-73.88312,0,0,0,0,4075,-7388,0.3402061855670103
2021-06-05T00:00:00.000,18:02,40.739082,-73.81611,1,0,1,1,4073,-7381,0.3181818181818182
2021-06-05T00:00:00.000,13:55,40.830734,-73.88212,0,0,0,0,4083,-7388,0.26717557251908397
2021-06-03T00:00:00.000,1:29,40.677032,-73.87867,1,0,1,1,4067,-7387,0.30344827586206896
2021-06-05T00:00:00.000,3:40,40.747517,-73.88044,0,0,0,0,4074,-7388,0.2978723404255319
2021-06-05T00:00:00.000,14:30,40.66929,-73.842445,0,0,0,0,4066,-7384,0.5925925925925926
2021-06-05T00:00:00.000,0:47,40.7491,-73.99201,1,0,1,1,4074,-7399,0.3333333333333333
2021-06-04T00:00:00.000,20:40,40.67665,-73.780655,0,0,0,0,4067,-7378,0.2
2021-06-05T00:00:00.000,11:15,40.63089,-74.08202,0,0,0,0,4063,-7408,0.2653061224489796
2021-06-05T00:00:00.000,1:45,40.826523,-73.93116,0,0,0,0,4082,-7393,0.36645962732919257
2021-06-05T00:00:00.000,0:00,40.65923,-73.89329,1,0,1,1,4065,-7389,0.34965034965034963
2021-06-04T00:00:00.000,14:55,40.663654,-73.84488,1,0,1,1,4066,-7384,0.5925925925925926
2021-05-28T00:00:00.000,20:58,40.6866,-73.904976,1,0,1,1,4068,-7390,0.4421052631578947
2021-06-04T00:00:00.000,18:10,40.608543,-74.08886,3,0,1,1,4060,-7408,0.3235294117647059
2021-06-05T00:00:00.000,17:56,40.8612,-73.93497,0,0,0,0,4086,-7393,0.3333333333333333
2021-06-04T00:00:00.000,12:30,40.707573,-73.8362,0,0,0,0,4070,-7383,0.3541666666666667
2021-06-05T00:00:00.000,8:43,40.7179,-73.83202,0,0,0,0,4071,-7383,0.37349397590361444
2021-06-04T00:00:00.000,15:00,40.652397,-73.88374,0,0,0,0,4065,-7388,0.41509433962264153
2021-06-01T00:00:00.000,17:00,40.802753,-73.93358,2,0,1,1,4080,-7393,0.36312849162011174
2021-06-05T00:00:00.000,10:00,40.679234,-73.911026,0,0,0,0,4067,-7391,0.36597938144329895
2021-06-05T00:00:00.000,8:20,40.71976,-73.94476,0,0,0,0,4071,-7394,0.3710691823899371
2022-09-23T00:00:00.000,9:10,40.736534,-74.00584,0,0,0,0,4073,-7400,0.2403846153846154
2021-06-05T00:00:00.000,18:57,40.69102,-73.93496,0,0,0,0,4069,-7393,0.3141025641025641
2021-06-05T00:00:00.000,16:05,40.74886,-73.93755,1,0,1,1,4074,-7393,0.3333333333333333
2021-05-28T00:00:00.000,1:45,40.673344,-73.75362,0,0,0,0,4067,-7375,0.2608695652173913
2021-06-02T00:00:00.000,20:00,40.69103,-73.86882,0,0,0,0,4069,-7386,0.21052631578947367
2021-06-05T00:00:00.000,20:38,40.697525,-73.746826,3,0,1,1,4069,-7374,0.46774193548387094
2021-06-05T00:00:00.000,23:39,40.868282,-73.90107,1,0,1,1,4086,-7390,0.42748091603053434
2021-06-04T00:00:00.000,22:35,40.716682,-73.957344,1,0,1,1,4071,-7395,0.36585365853658536
2021-06-05T00:00:00.000,16:48,40.728027,-73.98631,1,0,1,1,4072,-7398,0.4342105263157895
2021-05-31T00:00:00.000,6:30,40.696995,-73.80647,0,0,0,0,4069,-7380,0.38461538461538464
2021-06-05T00:00:00.000,19:12,40.594524,-73.93401,0,0,0,0,4059,-7393,0.47058823529411764
2021-06-05T00:00:00.000,22:30,40.68999,-73.78327,5,0,1,1,4068,-7378,0.3384615384615385
2021-06-05T00:00:00.000,2:00,40.674587,-73.80394,0,0,0,0,4067,-7380,0.24615384615384617
2021-06-05T00:00:00.000,15:25,40.865345,-73.90849,1,0,1,1,4086,-7390,0.42748091603053434
2021-06-05T00:00:00.000,19:30,40.803123,-73.94045,0,0,0,0,4080,-7394,0.41116751269035534
2021-06-05T00:00:00.000,12:26,40.7606,-73.96434,0,0,0,0,4076,-7396,0.3023255813953488
2021-06-05T00:00:00.000,7:18,40.67743,-73.87591,2,0,1,1,4067,-7387,0.30344827586206896
2021-06-05T00:00:00.000,22:20,40.618927,-73.98524,0,0,0,0,4061,-7398,0.3698630136986301
2021-05-29T00:00:00.000,23:50,40.769737,-73.90988,2,0,1,1,4076,-7390,0.3055555555555556
2021-06-04T00:00:00.000,20:00,40.79814,-73.94051,0,0,0,0,4079,-7394,0.3523809523809524
2021-06-04T00:00:00.000,21:50,40.865795,-73.920006,0,0,0,0,4086,-7392,0.359375
2021-06-05T00:00:00.000,2:35,40.684258,-73.82216,0,0,0,0,4068,-7382,0.41975308641975306
2021-06-05T00:00:00.000,8:30,40.74413,-73.927055,0,0,0,0,4074,-7392,0.3709677419354839
2021-06-05T00:00:00.000,15:46,40.857933,-73.892876,0,0,0,0,4085,-7389,0.3353658536585366
2021-06-05T00:00:00.000,10:55,40.6228,-74.16527,0,0,0,0,4062,-7416,0.24444444444444444
2021-06-05T00:00:00.000,1:20,40.6975,-73.90952,0,0,0,0,4069,-7390,0.29591836734693877
2021-06-03T00:00:00.000,18:10,40.686783,-73.75214,0,0,0,0,4068,-7375,0.3877551020408163
2021-06-05T00:00:00.000,4:10,40.640373,-73.89702,0,0,0,0,4064,-7389,0.43478260869565216
2021-06-01T00:00:00.000,18:40,40.638966,-73.94251,1,0,1,1,4063,-7394,0.358974358974359
2021-06-05T00:00:00.000,12:35,40.619186,-73.9493,1,0,1,1,4061,-7394,0.48484848484848486
2021-06-02T00:00:00.000,1:26,40.74374,-73.88459,0,0,0,0,4074,-7388,0.2978723404255319
2021-06-05T00:00:00.000,18:05,40.699512,-73.81461,3,0,1,1,4069,-7381,0.3902439024390244
2021-06-05T00:00:00.000,4:00,40.688553,-73.962845,1,0,1,1,4068,-7396,0.42567567567567566
2021-06-01T00:00:00.000,20:00,40.68457,-73.91919,0,0,0,0,4068,-7391,0.344
2021-06-05T00:00:00.000,3:30,40.745525,-73.86282,0,0,0,0,4074,-7386,0.3813559322033898
2021-06-05T00:00:00.000,18:17,40.815266,-73.859726,3,0,1,1,4081,-7385,0.30434782608695654
2021-06-05T00:00:00.000,19:22,40.638657,-74.1433,1,0,1,1,4063,-7414,0.5769230769230769
2021-06-05T00:00:00.000,17:50,40.641758,-74.08014,0,0,0,0,4064,-7408,0.2894736842105263
2021-05-27T00:00:00.000,17:30,40.792244,-73.94629,1,0,1,1,4079,-7394,0.3523809523809524
2021-06-05T00:00:00.000,14:33,40.76729,-73.96661,0,0,0,0,4076,-7396,0.3023255813953488
2021-06-05T00:00:00.000,15:10,40.827423,-73.86823,0,0,0,0,4082,-7386,0.3493975903614458
2021-06-04T00:00:00.000,0:27,40.689198,-73.852325,1,0,1,1,4068,-7385,0.43103448275862066
2021-06-05T00:00:00.000,23:31,40.841873,-73.90195,0,0,0,0,4084,-7390,0.366120218579235
2021-06-01T00:00:00.000,19:05,40.718204,-73.98838,0,0,0,0,4071,-7398,0.39568345323741005
2021-06-05T00:00:00.000,16:30,0.0,0.0,0,0,0,0,0,0,0.40425531914893614
2022-09-22T00:00:00.000,9:55,40.749825,-73.972206,1,0,1,1,4074,-7397,0.4810810810810811
2021-06-04T00:00:00.000,17:50,40.763123,-73.99666,0,0,0,0,4076,-7399,0.3275862068965517
2021-06-05T00:00:00.000,8:10,40.594616,-73.99743,0,0,0,0,4059,-7399,0.3076923076923077
2021-05-08T00:00:00.000,21:35,40.687046,-73.792114,1,0,1,1,4068,-7379,0.35
2021-06-05T00:00:00.000,13:52,40.58124,-74.09845,0,0,0,0,4058,-7409,0.15625
2021-06-05T00:00:00.000,16:31,40.79539,-73.97707,0,0,0,0,4079,-7397,0.24210526315789474
2021-06-02T00:00:00.000,23:00,40.632187,-74.08576,0,0,0,0,4063,-7408,0.2653061224489796
2021-06-05T00:00:00.000,4:20,40.709896,-73.83941,0,0,0,0,4070,-7383,0.3541666666666667
2021-06-05T00:00:00.000,1:01,40.8047,-73.91243,1,0,1,1,4080,-7391,0.38961038961038963
2021-06-03T00:00:00.000,15:52,40.679466,-73.90037,0,0,0,0,4067,-7390,0.3282442748091603
2021-06-05T00:00:00.000,3:30,40.69798,-73.93704,1,0,1,1,4069,-7393,0.3141025641025641
2021-06-04T00:00:00.000,21:13,40.721733,-73.95806,1,0,1,1,4072,-7395,0.22093023255813954
2021-06-05T00:00:00.000,17:18,40.686844,-73.90945,0,0,0,0,4068,-7390,0.4421052631578947
2021-06-05T00:00:00.000,18:50,40.676834,-74.0108,1,0,1,1,4067,-7401,0.32142857142857145
2021-06-05T00:00:00.000,18:30,40.74061,-73.75898,0,0,0,0,4074,-7375,0.16666666666666666
2021-06-05T00:00:00.000,17:51,40.72921,-73.781166,1,0,1,1,4072,-7378,0.4
2021-05-19T00:00:00.000,21:30,40.78775,-73.947464,1,0,1,1,4078,-7394,0.33513513513513515
2021-06-05T00:00:00.000,20:49,40.647114,-73.92695,1,0,1,1,4064,-7392,0.4077669902912621
2021-06-05T00:00:00.000,12:35,40.77139,-73.95044,1,0,1,1,4077,-7395,0.3384615384615385
2021-05-21T00:00:00.000,8:07,40.786175,-73.9457,1,0,1,1,4078,-7394,0.33513513513513515
2021-06-05T00:00:00.000,6:10,40.76663,-73.88903,1,0,1,1,4076,-7388,0.43283582089552236
2021-06-05T00:00:00.000,0:06,40.861416,-73.912224,0,0,0,0,4086,-7391,0.38016528925619836
2021-06-05T00:00:00.000,16:00,40.61107,-74.00131,0,0,0,0,4061,-7400,0.3076923076923077
2021-06-05T00:00:00.000,13:06,40.68767,-73.870285,0,0,0,0,4068,-7387,0.24719101123595505
2021-06-05T00:00:00.000,14:24,40.737545,-73.98409,0,0,0,0,4073,-7398,0.36942675159235666
2021-06-05T00:00:00.000,2:32,40.820057,-73.90086,0,0,0,0,4082,-7390,0.3025210084033613
2021-06-04T00:00:00.000,16:52,40.606304,-73.819565,3,0,1,1,4060,-7381,0.5714285714285714
2021-06-05T00:00:00.000,8:55,40.81662,-73.86571,0,0,0,0,4081,-7386,0.23333333333333334
2021-06-02T00:00:00.000,18:30,40.68022,-73.87121,0,0,0,0,4068,-7387,0.24719101123595505
2021-06-04T00:00:00.000,19:00,40.669228,-73.8962,1,0,1,1,4066,-7389,0.3103448275862069
2021-06-04T00:00:00.000,17:47,40.59758,-73.99594,0,0,0,0,4059,-7399,0.3076923076923077
2021-06-05T00:00:00.000,22:00,40.796772,-73.934845,0,0,0,0,4079,-7393,0.36585365853658536
2021-06-05T00:00:00.000,16:51,40.66548,-73.913574,0,0,0,0,4066,-7391,0.3630952380952381
2021-06-05T00:00:00.000,14:05,40.845203,-73.88675,0,0,0,0,4084,-7388,0.390625
2021-06-05T00:00:00.000,17:58,40.670998,-73.862236,2,0,1,1,4067,-7386,0.3431372549019608
2022-04-24T00:00:00.000,9:25,0.0,0.0,0,0,0,0,0,0,0.40425531914893614
2021-06-05T00:00:00.000,19:50,40.7056,-73.85822,0,0,0,0,4070,-7385,0.39436619718309857
2021-06-01T00:00:00.000,8:30,40.66735,-73.76994,0,0,0,0,4066,-7376,0.30434782608695654
2021-05-31T00:00:00.000,14:53,40.787506,-73.9383,0,0,0,0,4078,-7393,0.4444444444444444
2021-06-05T00:00:00.000,16:30,40.827595,-73.85004,0,0,0,0,4082,-7385,0.27
2021-06-05T00:00:00.000,14:30,40.718678,-73.9405,0,0,0,0,4071,-7394,0.3710691823899371
2021-06-02T00:00:00.000,8:55,40.66322,-73.893654,0,0,0,0,4066,-7389,0.3103448275862069
2021-06-05T00:00:00.000,10:15,40.85661,-73.86826,0,0,0,0,4085,-7386,0.33766233766233766
2021-06-05T00:00:00.000,16:31,40.68498,-73.85026,0,0,0,0,4068,-7385,0.43103448275862066
2021-06-05T00:00:00.000,13:30,40.667114,-73.834656,0,0,0,0,4066,-7383,0.5
2021-06-04T00:00:00.000,18:42,40.792927,-73.94791,1,0,1,1,4079,-7394,0.3523809523809524
2021-06-05T00:00:00.000,11:50,40.698837,-73.91407,0,0,0,0,4069,-7391,0.2709677419354839
2021-06-05T00:00:00.000,11:45,40.6266,-74.010185,1,0,1,1,4062,-7401,0.3829787234042553
2021-06-05T00:00:00.000,22:30,40.70808,-74.01445,0,0,0,0,4070,-7401,0.140625
2021-06-04T00:00:00.000,17:00,40.676594,-73.89038,0,0,0,0,4067,-7389,0.33852140077821014
2021-04-05T00:00:00.000,19:02,40.669704,-73.94774,1,0,1,1,4066,-7394,0.36792452830188677
2021-06-04T00:00:00.000,8:15,40.613243,-74.155304,1,0,1,1,4061,-7415,0.3333333333333333
2021-06-05T00:00:00.000,19:55,40.75334,-73.888626,1,0,1,1,4075,-7388,0.3402061855670103
2021-06-05T00:00:00.000,19:00,40.57563,-73.96395,0,0,0,0,4057,-7396,0.3191489361702128
2021-06-05T00:00:00.000,8:45,40.835194,-73.874054,0,0,0,0,4083,-7387,0.38414634146341464
2021-06-05T00:00:00.000,1:36,40.79802,-73.971855,0,0,0,0,4079,-7397,0.24210526315789474
2021-06-05T00:00:00.000,18:58,40.800186,-73.94681,0,0,0,0,4080,-7394,0.41116751269035534
2021-06-05T00:00:00.000,1:51,40.86751,-73.83567,0,0,0,0,4086,-7383,0.3448275862068966
2021-06-05T00:00:00.000,12:15,40.67043,-73.928185,0,0,0,0,4067,-7392,0.39655172413793105
2021-06-04T00:00:00.000,12:37,40.681744,-73.937294,1,0,1,1,4068,-7393,0.3619047619047619
2021-06-04T00:00:00.000,15:15,40.679443,-73.87101,1,0,1,1,4067,-7387,0.30344827586206896
2021-06-05T00:00:00.000,21:47,40.712727,-73.77666,0,0,0,0,4071,-7377,0.20967741935483872
2021-06-05T00:00:00.000,10:10,40.659756,-73.90628,0,0,0,0,4065,-7390,0.375
2021-06-05T00:00:00.000,11:34,40.84177,-73.92549,0,0,0,0,4084,-7392,0.3181818181818182
2021-06-01T00:00:00.000,2:30,40.787506,-73.9383,0,0,0,0,4078,-7393,0.4444444444444444
2021-06-05T00:00:00.000,10:20,40.655132,-73.88917,0,0,0,0,4065,-7388,0.41509433962264153
2021-05-31T00:00:00.000,2:04,40.788994,-73.94656,0,0,0,0,4078,-7394,0.33513513513513515
2021-05-31T00:00:00.000,10:35,40.75507,-73.89002,1,0,1,1,4075,-7389,0.4805194805194805
2021-06-01T00:00:00.000,0:25,40.666405,-73.802635,1,0,1,1,4066,-7380,0.40789473684210525
2021-06-05T00:00:00.000,21:50,40.62932,-74.08801,1,0,1,1,4062,-7408,0.2
2021-06-05T00:00:00.000,19:05,40.659718,-73.94534,1,0,1,1,4065,-7394,0.43137254901960786
2022-09-22T00:00:00.000,8:20,40.698994,-73.77447,0,0,0,0,4069,-7377,0.35135135135135137
2021-06-05T00:00:00.000,20:22,40.7186,-73.977516,0,0,0,0,4071,-7397,0.41509433962264153
2021-06-05T00:00:00.000,19:28,40.84827,-73.88312,1,0,1,1,4084,-7388,0.390625
2021-06-05T00:00:00.000,21:27,40.757668,-73.95915,0,0,0,0,4075,-7395,0.38095238095238093
2021-06-05T00:00:00.000,17:30,40.762386,-73.742935,0,0,0,0,4076,-7374,0.46153846153846156
2021-06-05T00:00:00.000,20:51,40.636124,-74.13811,1,0,1,1,4063,-7413,0.2903225806451613
2021-06-05T00:00:00.000,0:25,40.675735,-73.89686,0,0,0,0,4067,-7389,0.33852140077821014
2021-06-05T00:00:00.000,16:30,40.648598,-73.923256,0,0,0,0,4064,-7392,0.4077669902912621
2021-06-05T00:00:00.000,21:25,40.769684,-73.82165,0,0,0,0,4076,-7382,0.2987012987012987
2021-06-05T00:00:00.000,0:15,40.65907,-73.98597,0,0,0,0,4065,-7398,0.2222222222222222
2021-06-03T00:00:00.000,6:20,40.67254,-73.87754,0,0,0,0,4067,-7387,0.30344827586206896
2021-06-04T00:00:00.000,0:47,40.684258,-73.84604,1,0,1,1,4068,-7384,0.3333333333333333
2021-06-05T00:00:00.000,22:50,40.58509,-74.09644,0,0,0,0,4058,-7409,0.15625
2021-06-05T00:00:00.000,16:10,40.7603,-73.99499,1,0,1,1,4076,-7399,0.3275862068965517
2021-06-05T00:00:00.000,15:15,40.727287,-73.993645,1,0,1,1,4072,-7399,0.3829787234042553
2021-06-05T00:00:00.000,6:31,40.61312,-73.91745,0,0,0,0,4061,-7391,0.358974358974359
2021-06-05T00:00:00.000,10:50,40.672497,-73.91686,0,0,0,0,4067,-7391,0.36597938144329895
2021-06-02T00:00:00.000,15:15,40.742863,-74.003975,0,0,0,0,4074,-7400,0.27710843373493976
2021-06-05T00:00:00.000,23:55,40.67472,-73.85839,0,0,0,0,4067,-7385,0.26666666666666666
2021-05-28T00:00:00.000,9:00,40.679817,-73.90843,1,0,1,1,4067,-7390,0.3282442748091603
2021-06-05T00:00:00.000,19:40,40.8947,-73.84721,2,0,1,1,4089,-7384,0.3333333333333333
2021-06-05T00:00:00.000,4:15,40.833824,-73.895744,0,0,0,0,4083,-7389,0.3333333333333333
2022-04-23T00:00:00.000,17:05,40.84908,-73.90946,0,0,0,0,4084,-7390,0.366120218579235
2022-04-20T00:00:00.000,18:00,0.0,0.0,0,0,0,0,0,0,0.40425531914893614
2022-04-24T00:00:00.000,5:45,40.723537,-73.90447,0,0,0,0,4072,-7390,0.2978723404255319
2022-04-20T00:00:00.000,17:00,40.734314,-73.93803,0,0,0,0,4073,-7393,0.38461538461538464
2022-04-23T00:00:00.000,22:50,40.74705,-73.82906,0,0,0,0,4074,-7382,0.4057971014492754
2022-04-24T00:00:00.000,14:30,40.85809,-73.901924,0,0,0,0,4085,-7390,0.42207792207792205
2022-04-13T00:00:00.000,16:00,40.803745,-73.95587,0,0,0,0,4080,-7395,0.381294964028777
2022-04-12T00:00:00.000,19:10,40.879074,-73.907265,0,0,0,0,4087,-7390,0.3184713375796178
2022-04-24T00:00:00.000,1:16,40.749073,-73.99946,1,0,1,1,4074,-7399,0.3333333333333333
2022-04-20T00:00:00.000,15:50,40.734993,-73.83644,5,0,1,1,4073,-7383,0.36363636363636365
2022-04-24T00:00:00.000,6:10,0.0,0.0,2,0,1,1,0,0,0.40425531914893614
2022-04-24T00:00:00.000,0:19,40.835873,-73.8699,2,0,1,1,4083,-7386,0.24822695035460993
2022-04-24T00:00:00.000,20:04,40.809364,-73.96797,0,0,0,0,4080,-7396,0.31343283582089554
2022-04-24T00:00:00.000,2:40,40.66445,-73.83347,0,0,0,0,4066,-7383,0.5
2022-04-14T00:00:00.000,15:00,40.716644,-73.99582,0,0,0,0,4071,-7399,0.3263157894736842
2022-04-24T00:00:00.000,14:30,40.849964,-73.91416,0,0,0,0,4084,-7391,0.32558139534883723
2022-04-10T00:00:00.000,1:15,40.729824,-74.010605,0,0,0,0,4072,-7401,0.4
2022-04-24T00:00:00.000,23:59,0.0,0.0,1,0,1,1,0,0,0.40425531914893614
2022-09-22T00:00:00.000,17:07,40.72089,-73.99576,1,0,1,1,4072,-7399,0.3829787234042553
2022-09-21T00:00:00.000,23:50,40.688614,-73.989174,0,0,0,0,4068,-7398,0.3873239436619718
2022-09-21T00:00:00.000,16:10,40.68572,-73.84762,0,0,0,0,4068,-7384,0.3333333333333333
2022-09-22T00:00:00.000,7:23,0.0,0.0,1,0,1,1,0,0,0.40425531914893614
2022-09-21T00:00:00.000,23:55,40.752563,-73.99319,1,0,1,1,4075,-7399,0.2830188679245283
2022-09-21T00:00:00.000,10:45,40.704494,-73.81743,0,0,0,0,4070,-7381,0.3194444444444444
2022-09-22T00:00:00.000,15:08,40.611286,-73.920204,0,0,0,0,4061,-7392,0.2982456140350877
2022-09-16T00:00:00.000,20:04,40.65147,-73.89543,1,0,1,1,4065,-7389,0.34965034965034963
2022-09-22T00:00:00.000,7:55,40.718555,-73.988205,0,0,0,0,4071,-7398,0.39568345323741005
2022-09-22T00:00:00.000,9:30,40.666946,-73.79712,1,0,1,1,4066,-7379,0.3870967741935484
2022-09-21T00:00:00.000,8:25,40.848118,-73.93089,0,0,0,0,4084,-7393,0.32786885245901637
2022-09-23T00:00:00.000,15:00,40.88245,-73.8536,0,0,0,0,4088,-7385,0.36619718309859156
2022-09-22T00:00:00.000,4:40,40.75455,-73.74317,0,0,0,0,4075,-7374,0.3333333333333333
2022-09-17T00:00:00.000,23:30,40.722485,-73.974396,0,0,0,0,4072,-7397,0.3283582089552239
2022-09-18T00:00:00.000,18:45,40.62455,-74.026634,0,0,0,0,4062,-7402,0.3625
2022-09-23T00:00:00.000,7:45,40.624348,-73.99755,0,0,0,0,4062,-7399,0.3835616438356164
2022-09-20T00:00:00.000,23:43,40.724575,-73.987495,1,0,1,1,4072,-7398,0.4342105263157895
2022-07-12T00:00:00.000,8:00,40.663452,-73.92409,0,0,0,0,4066,-7392,0.355
2022-09-09T00:00:00.000,7:29,40.822704,-73.886345,0,0,0,0,4082,-7388,0.27624309392265195
2022-09-21T00:00:00.000,9:30,40.764458,-73.985405,0,0,0,0,4076,-7398,0.3081761006289308
2022-09-16T00:00:00.000,14:30,40.75199,-73.931274,1,0,1,1,4075,-7393,0.43478260869565216
2022-09-21T00:00:00.000,11:39,40.673622,-73.99551,1,0,1,1,4067,-7399,0.3258426966292135
2022-09-21T00:00:00.000,10:40,40.703857,-73.91851,0,0,0,0,4070,-7391,0.27450980392156865
2023-01-15T00:00:00.000,23:30,40.636456,-74.000534,0,0,0,0,4063,-7400,0.3068181818181818
2022-09-21T00:00:00.000,21:00,40.676785,-73.88674,0,0,0,0,4067,-7388,0.30434782608695654
2022-09-23T00:00:00.000,14:43,40.758793,-73.87256,0,0,0,0,4075,-7387,0.33884297520661155
2022-09-22T00:00:00.000,13:51,40.665634,-73.95512,0,0,0,0,4066,-7395,0.44375
2022-09-21T00:00:00.000,0:00,40.76577,-73.919,0,0,0,0,4076,-7391,0.40476190476190477
2022-09-21T00:00:00.000,15:23,40.83317,-73.891365,1,0,1,1,4083,-7389,0.3333333333333333
2022-09-21T00:00:00.000,15:19,40.610977,-73.962585,0,0,0,0,4061,-7396,0.30666666666666664
2022-09-23T00:00:00.000,17:25,40.679794,-73.80982,1,0,1,1,4067,-7380,0.24615384615384617
2022-09-23T00:00:00.000,14:15,40.634483,-73.91886,0,0,0,0,4063,-7391,0.5
2022-09-22T00:00:00.000,15:31,40.646687,-73.95413,1,0,1,1,4064,-7395,0.4796747967479675
2022-09-18T00:00:00.000,16:23,40.90348,-73.85035,0,0,0,0,4090,-7385,0.42105263157894735
2022-09-22T00:00:00.000,7:05,40.826836,-73.92263,0,0,0,0,4082,-7392,0.3333333333333333
2022-09-14T00:00:00.000,0:00,40.87356,-73.81853,1,0,1,1,4087,-7381,0.5
2022-09-23T00:00:00.000,20:25,40.67652,-73.91432,1,0,1,1,4067,-7391,0.36597938144329895
2022-08-22T00:00:00.000,0:40,40.84271,-73.885666,0,0,0,0,4084,-7388,0.390625
2022-09-21T00:00:00.000,15:58,40.683,-73.97349,1,0,1,1,4068,-7397,0.3412322274881517
2022-09-23T00:00:00.000,22:33,40.72911,-74.01068,4,0,1,1,4072,-7401,0.4
2022-09-23T00:00:00.000,19:40,40.709316,-73.93301,1,0,1,1,4070,-7393,0.3300970873786408
2022-09-17T00:00:00.000,23:26,40.89341,-73.85737,0,0,0,0,4089,-7385,0.3813559322033898
2022-09-21T00:00:00.000,18:32,40.673477,-73.791534,1,0,1,1,4067,-7379,0.4264705882352941
2022-09-22T00:00:00.000,16:40,40.716927,-74.000824,1,0,1,1,4071,-7400,0.25517241379310346
2022-09-20T00:00:00.000,9:12,40.72168,-73.9448,0,0,0,0,4072,-7394,0.19801980198019803
2022-09-21T00:00:00.000,16:24,40.68405,-73.97746,0,0,0,0,4068,-7397,0.3412322274881517
2022-09-23T00:00:00.000,18:35,40.693863,-73.92971,1,0,1,1,4069,-7392,0.3584905660377358
2022-09-21T00:00:00.000,8:45,40.801285,-73.95394,1,0,1,1,4080,-7395,0.381294964028777
2022-09-21T00:00:00.000,14:30,40.765553,-73.957634,0,0,0,0,4076,-7395,0.3696969696969697
2022-09-22T00:00:00.000,4:25,40.58553,-73.938324,0,0,0,0,4058,-7393,0.24324324324324326
2021-12-24T00:00:00.000,20:00,40.660564,-73.89212,0,0,0,0,4066,-7389,0.3103448275862069
2022-09-16T00:00:00.000,14:10,40.59616,-73.74713,0,0,0,0,4059,-7374,0.18181818181818182
2022-09-21T00:00:00.000,1:55,40.683716,-73.87829,0,0,0,0,4068,-7387,0.24719101123595505
2022-09-21T00:00:00.000,23:11,40.810993,-73.95429,1,0,1,1,4081,-7395,0.3509933774834437
2022-09-23T00:00:00.000,13:25,40.875893,-73.88825,0,0,0,0,4087,-7388,0.3561643835616438
2022-09-21T00:00:00.000,0:50,40.653633,-73.72538,0,0,0,0,4065,-7372,0.26666666666666666
2022-09-08T00:00:00.000,12:46,40.799915,-73.96238,0,0,0,0,4079,-7396,0.25
2022-09-16T00:00:00.000,4:27,40.72083,-73.93814,1,0,1,1,4072,-7393,0.36507936507936506
2022-09-21T00:00:00.000,14:05,40.773037,-73.908485,1,0,1,1,4077,-7390,0.3404255319148936
2022-09-23T00:00:00.000,17:58,40.557926,-74.16175,1,0,1,1,4055,-7416,0.5416666666666666
2022-09-22T00:00:00.000,18:52,40.612885,-73.97522,1,0,1,1,4061,-7397,0.421875
2022-09-21T00:00:00.000,12:52,40.637634,-73.919205,1,0,1,1,4063,-7391,0.5
2022-09-22T00:00:00.000,15:44,40.68292,-73.964264,0,0,0,0,4068,-7396,0.42567567567567566
2022-09-15T00:00:00.000,22:10,40.80801,-73.88961,2,0,1,1,4080,-7388,0.15789473684210525
2022-09-14T00:00:00.000,18:10,40.844982,-73.88244,1,0,1,1,4084,-7388,0.390625
2022-09-22T00:00:00.000,18:22,40.77328,-73.961,0,0,0,0,4077,-7396,0.3695652173913043
2022-09-23T00:00:00.000,14:00,40.694317,-73.98888,0,0,0,0,4069,-7398,0.3229166666666667
2022-09-21T00:00:00.000,0:50,40.844982,-73.92067,1,0,1,1,4084,-7392,0.3181818181818182
2022-09-22T00:00:00.000,12:10,40.610203,-73.96045,0,0,0,0,4061,-7396,0.30666666666666664
2022-09-21T00:00:00.000,10:50,40.743046,-73.91776,0,0,0,0,4074,-7391,0.38333333333333336
2022-09-21T00:00:00.000,17:26,40.822704,-73.886345,1,0,1,1,4082,-7388,0.27624309392265195
2022-09-21T00:00:00.000,7:06,40.680214,-73.901794,1,0,1,1,4068,-7390,0.4421052631578947
2022-08-26T00:00:00.000,0:00,40.699192,-73.95519,0,0,0,0,4069,-7395,0.30952380952380953
2022-09-23T00:00:00.000,9:00,40.76591,-73.96341,0,0,0,0,4076,-7396,0.3023255813953488
2022-09-22T00:00:00.000,14:38,40.73596,-74.005135,1,0,1,1,4073,-7400,0.2403846153846154
2022-09-18T00:00:00.000,2:00,40.71451,-73.822975,0,0,0,0,4071,-7382,0.379746835443038
2021-10-11T00:00:00.000,7:21,40.74706,-73.929344,0,1,2,1,4074,-7392,0.3709677419354839
2022-06-19T00:00:00.000,20:03,40.71286,-73.96579,2,0,1,1,4071,-7396,0.3218390804597701
2022-06-28T00:00:00.000,11:30,40.75066,-73.987785,0,0,0,0,4075,-7398,0.3170731707317073
2022-06-23T00:00:00.000,12:42,40.868404,-73.90152,1,0,1,1,4086,-7390,0.42748091603053434
2022-07-02T00:00:00.000,19:26,40.704548,-74.0143,0,0,0,0,4070,-7401,0.140625
2022-06-21T00:00:00.000,17:44,40.74357,-73.83772,2,0,1,1,4074,-7383,0.4067796610169492
2022-06-30T00:00:00.000,12:25,40.70722,-74.00747,0,0,0,0,4070,-7400,0.2542372881355932
2022-06-29T00:00:00.000,0:07,40.750294,-73.99485,0,0,0,0,4075,-7399,0.2830188679245283
2022-07-04T00:00:00.000,19:48,40.686935,-73.87323,3,0,1,1,4068,-7387,0.24719101123595505
2022-07-12T00:00:00.000,14:20,40.66675,-73.779945,0,0,0,0,4066,-7377,0.37362637362637363
2022-07-10T00:00:00.000,9:57,40.742912,-73.79463,0,0,0,0,4074,-7379,0.1
2022-07-12T00:00:00.000,4:33,40.698105,-73.93371,4,0,1,1,4069,-7393,0.3141025641025641
2022-07-12T00:00:00.000,22:02,40.806812,-73.9175,1,0,1,1,4080,-7391,0.38961038961038963
2022-07-09T00:00:00.000,10:45,40.852215,-73.90761,0,0,0,0,4085,-7390,0.42207792207792205
2022-07-12T00:00:00.000,16:00,40.79094,-73.947235,0,0,0,0,4079,-7394,0.3523809523809524
2022-07-12T00:00:00.000,15:58,40.678635,-73.885284,0,0,0,0,4067,-7388,0.30434782608695654
2022-07-12T00:00:00.000,15:30,40.82101,-73.93436,0,0,0,0,4082,-7393,0.36645962732919257
2022-07-12T00:00:00.000,20:20,40.81366,-73.9412,0,0,0,0,4081,-7394,0.38
2022-09-15T00:00:00.000,9:00,40.69299,-73.95583,0,0,0,0,4069,-7395,0.30952380952380953
2022-09-22T00:00:00.000,9:48,40.688564,-73.79781,0,0,0,0,4068,-7379,0.35
2022-09-23T00:00:00.000,16:50,40.647797,-73.97497,2,0,1,1,4064,-7397,0.4095238095238095
2022-09-18T00:00:00.000,18:50,40.88602,-73.834404,0,0,0,0,4088,-7383,0.3448275862068966
2022-09-22T00:00:00.000,14:19,40.642673,-73.90869,0,0,0,0,4064,-7390,0.4017094017094017
2022-09-21T00:00:00.000,2:00,40.85711,-73.93561,0,0,0,0,4085,-7393,0.36585365853658536
2021-09-11T00:00:00.000,21:00,40.89999,-73.85301,2,0,1,1,4089,-7385,0.3813559322033898
2021-09-29T00:00:00.000,8:45,40.610947,-73.953606,2,0,1,1,4061,-7395,0.4461538461538462
2021-10-04T00:00:00.000,13:30,40.750763,-73.97445,0,0,0,0,4075,-7397,0.375886524822695
2021-12-11T00:00:00.000,20:00,40.853844,-73.91592,0,0,0,0,4085,-7391,0.373134328358209
2021-12-11T00:00:00.000,17:30,40.556843,-74.15492,3,0,1,1,4055,-7415,0.3
2021-12-11T00:00:00.000,0:00,40.740894,-73.89961,0,0,0,0,4074,-7389,0.3203125
2021-12-11T00:00:00.000,10:44,40.625893,-73.92661,1,0,1,1,4062,-7392,0.3611111111111111
2021-12-11T00:00:00.000,0:00,40.67582,-73.930466,0,0,0,0,4067,-7393,0.3755868544600939
2021-12-06T00:00:00.000,17:50,40.812073,-73.93604,0,0,0,0,4081,-7393,0.32432432432432434
2021-12-01T00:00:00.000,18:00,40.88897,-73.85893,0,0,0,0,4088,-7385,0.36619718309859156
2021-12-11T00:00:00.000,5:45,40.650806,-73.94958,1,0,1,1,4065,-7394,0.43137254901960786
2021-12-11T00:00:00.000,0:10,40.67243,-73.75637,0,0,0,0,4067,-7375,0.2608695652173913
2021-12-11T00:00:00.000,12:30,40.86957,-73.82023,0,0,0,0,4086,-7382,0.3611111111111111
2021-12-11T00:00:00.000,22:21,40.63484,-73.904976,0,0,0,0,4063,-7390,0.3561643835616438
2021-12-10T00:00:00.000,18:20,40.823177,-73.842705,1,0,1,1,4082,-7384,0.3835616438356164
2021-12-11T00:00:00.000,22:38,40.820187,-73.890686,0,0,0,0,4082,-7389,0.37423312883435583
2021-12-08T00:00:00.000,7:42,40.669804,-73.88155,0,0,0,0,4066,-7388,0.37012987012987014
2021-12-11T00:00:00.000,10:25,40.822838,-73.928764,0,0,0,0,4082,-7392,0.3333333333333333
2021-12-11T00:00:00.000,23:20,40.697186,-73.96864,1,0,1,1,4069,-7396,0.325
2021-12-09T00:00:00.000,23:00,40.616833,-73.98802,0,0,0,0,4061,-7398,0.3698630136986301
2021-12-11T00:00:00.000,21:00,40.576706,-73.972824,0,0,0,0,4057,-7397,0.2619047619047619
2021-12-08T00:00:00.000,12:15,40.661385,-73.8841,1,0,1,1,4066,-7388,0.37012987012987014
2021-12-11T00:00:00.000,21:50,40.651863,-73.86536,0,0,0,0,4065,-7386,0.36619718309859156
2021-12-11T00:00:00.000,16:55,40.687992,-73.98962,1,0,1,1,4068,-7398,0.3873239436619718
2021-10-05T00:00:00.000,13:33,40.657696,-73.96236,0,0,0,0,4065,-7396,0.3939393939393939
2021-10-05T00:00:00.000,23:50,40.749878,-73.995766,0,0,0,0,4074,-7399,0.3333333333333333
2021-10-05T00:00:00.000,10:05,40.72293,-73.847336,1,0,1,1,4072,-7384,0.2711864406779661
2021-10-03T00:00:00.000,21:30,40.711834,-73.95215,0,0,0,0,4071,-7395,0.36585365853658536
2021-10-05T00:00:00.000,1:30,40.889183,-73.88906,1,0,1,1,4088,-7388,0.42857142857142855
2021-10-05T00:00:00.000,19:50,40.59907,-73.90498,1,0,1,1,4059,-7390,0.23404255319148937
2021-10-05T00:00:00.000,19:45,40.606888,-74.170654,0,0,0,0,4060,-7417,0.5
2021-10-05T00:00:00.000,8:45,40.601795,-73.97257,0,0,0,0,4060,-7397,0.3469387755102041
2021-10-05T00:00:00.000,11:30,40.763042,-73.956535,0,0,0,0,4076,-7395,0.3696969696969697
2021-10-05T00:00:00.000,0:00,40.582756,-74.13041,1,0,1,1,4058,-7413,0.6363636363636364
2021-10-05T00:00:00.000,9:50,40.67769,-74.00041,0,0,0,0,4067,-7400,0.20967741935483872
2021-09-30T00:00:00.000,6:55,40.606815,-74.18339,0,0,0,0,4060,-7418,0.4
2021-10-03T00:00:00.000,6:30,40.66925,-73.93944,0,0,0,0,4066,-7393,0.38578680203045684
2021-10-05T00:00:00.000,11:08,40.665115,-73.92931,1,0,1,1,4066,-7392,0.355
2021-10-05T00:00:00.000,6:07,40.859646,-73.86176,1,0,1,1,4085,-7386,0.33766233766233766
2021-10-05T00:00:00.000,9:55,40.90252,-73.85114,0,0,0,0,4090,-7385,0.42105263157894735
2021-10-05T00:00:00.000,15:30,40.734768,-73.86487,0,0,0,0,4073,-7386,0.3464566929133858
2021-10-05T00:00:00.000,15:47,40.687332,-73.77967,1,0,1,1,4068,-7377,0.3673469387755102
2021-10-05T00:00:00.000,18:10,40.641945,-73.99928,0,0,0,0,4064,-7399,0.3442622950819672
2021-10-05T00:00:00.000,9:30,40.68365,-73.87219,1,0,1,1,4068,-7387,0.24719101123595505
2021-10-05T00:00:00.000,8:43,40.602356,-73.75953,1,0,1,1,4060,-7375,0.17117117117117117
2021-08-14T00:00:00.000,14:54,40.667908,-73.79474,0,0,0,0,4066,-7379,0.3870967741935484
2021-10-05T00:00:00.000,9:28,40.717155,-73.94924,0,0,0,0,4071,-7394,0.3710691823899371
2021-10-05T00:00:00.000,10:00,40.713634,-73.94595,0,0,0,0,4071,-7394,0.3710691823899371
2021-09-28T00:00:00.000,20:55,40.853714,-73.92681,0,1,2,1,4085,-7392,0.22
2022-07-02T00:00:00.000,15:38,40.85071,-73.865906,0,0,0,0,4085,-7386,0.33766233766233766
2021-10-05T00:00:00.000,7:20,40.73722,-73.9814,0,0,0,0,4073,-7398,0.36942675159235666
2021-10-05T00:00:00.000,18:00,40.677925,-73.75486,0,0,0,0,4067,-7375,0.2608695652173913
2021-10-05T00:00:00.000,21:27,40.72618,-73.99128,0,0,0,0,4072,-7399,0.3829787234042553
2021-10-05T00:00:00.000,19:57,40.843643,-73.90676,0,0,0,0,4084,-7390,0.366120218579235
2021-10-05T00:00:00.000,18:08,40.865314,-73.84911,0,0,0,0,4086,-7384,0.17857142857142858
2021-10-05T00:00:00.000,23:46,40.736046,-73.92673,1,0,1,1,4073,-7392,0.4444444444444444
2021-10-05T00:00:00.000,14:26,40.814053,-73.93484,0,0,0,0,4081,-7393,0.32432432432432434
2021-10-05T00:00:00.000,10:30,40.785805,-73.942856,0,0,0,0,4078,-7394,0.33513513513513515
2021-10-05T00:00:00.000,11:09,40.615433,-73.99775,0,0,0,0,4061,-7399,0.29411764705882354
2021-10-05T00:00:00.000,14:12,40.718555,-73.988205,0,0,0,0,4071,-7398,0.39568345323741005
2021-10-05T00:00:00.000,9:17,40.77543,-73.98398,0,0,0,0,4077,-7398,0.38028169014084506
2021-07-24T00:00:00.000,5:45,40.706573,-73.922874,0,0,0,0,4070,-7392,0.24305555555555555
2021-10-02T00:00:00.000,3:54,40.783054,-73.944885,0,0,0,0,4078,-7394,0.33513513513513515
2021-10-05T00:00:00.000,8:45,40.70934,-73.86267,0,0,0,0,4070,-7386,0.38235294117647056
2021-10-05T00:00:00.000,8:01,40.688698,-73.942085,1,0,1,1,4068,-7394,0.4409448818897638
2021-10-04T00:00:00.000,17:20,40.718555,-73.988205,1,0,1,1,4071,-7398,0.39568345323741005
2021-10-05T00:00:00.000,15:15,40.780064,-73.94705,0,0,0,0,4078,-7394,0.33513513513513515
2021-10-05T00:00:00.000,22:00,40.760124,-73.99265,0,0,0,0,4076,-7399,0.3275862068965517
2021-10-05T00:00:00.000,16:35,40.770054,-73.914406,0,0,0,0,4077,-7391,0.3157894736842105
2021-10-05T00:00:00.000,21:25,40.876534,-73.87076,0,0,0,0,4087,-7387,0.297029702970297
2021-10-03T00:00:00.000,20:15,40.704823,-73.92459,0,0,0,0,4070,-7392,0.24305555555555555
2021-10-05T00:00:00.000,0:00,40.7059,-73.963104,1,0,1,1,4070,-7396,0.3431372549019608
2021-10-05T00:00:00.000,0:40,40.673183,-74.00262,3,0,1,1,4067,-7400,0.20967741935483872
2021-10-05T00:00:00.000,14:49,40.852337,-73.86393,0,0,0,0,4085,-7386,0.33766233766233766
2021-10-05T00:00:00.000,18:00,40.62332,-73.99713,0,0,0,0,4062,-7399,0.3835616438356164
2021-10-05T00:00:00.000,21:45,40.67816,-73.897484,2,0,1,1,4067,-7389,0.33852140077821014
2021-10-05T00:00:00.000,15:10,40.599827,-74.17823,0,0,0,0,4059,-7417,0.25
2021-10-05T00:00:00.000,20:50,40.76224,-73.99186,1,0,1,1,4076,-7399,0.3275862068965517
2021-10-05T00:00:00.000,23:14,40.78069,-73.9466,1,0,1,1,4078,-7394,0.33513513513513515
2021-10-05T00:00:00.000,17:23,40.62769,-73.935555,0,0,0,0,4062,-7393,0.4444444444444444
2021-10-05T00:00:00.000,12:43,40.64934,-73.96331,0,0,0,0,4064,-7396,0.4714285714285714
2021-10-05T00:00:00.000,14:15,40.608677,-73.94733,0,0,0,0,4060,-7394,0.5217391304347826
2021-10-05T00:00:00.000,14:30,40.666134,-73.99224,0,0,0,0,4066,-7399,0.40540540540540543
2021-10-05T00:00:00.000,3:00,40.57982,-74.13478,0,0,0,0,4057,-7413,0.125
2021-10-05T00:00:00.000,15:21,40.865795,-73.920006,0,0,0,0,4086,-7392,0.359375
2021-10-05T00:00:00.000,5:05,40.59455,-73.997574,2,0,1,1,4059,-7399,0.3076923076923077
2021-10-03T00:00:00.000,19:54,40.776546,-73.92377,0,0,0,0,4077,-7392,0.3269230769230769
2021-10-05T00:00:00.000,5:15,40.666546,-73.78808,0,0,0,0,4066,-7378,0.34615384615384615
2021-10-02T00:00:00.000,15:30,40.607838,-74.0872,0,0,0,0,4060,-7408,0.3235294117647059
2021-10-05T00:00:00.000,11:00,40.61996,-73.982285,0,0,0,0,4061,-7398,0.3698630136986301
2021-10-05T00:00:00.000,16:20,40.66614,-73.82326,0,0,0,0,4066,-7382,0.43103448275862066
2021-09-29T00:00:00.000,13:00,40.668648,-73.92835,1,0,1,1,4066,-7392,0.355
2021-10-05T00:00:00.000,12:30,40.651196,-73.93032,2,0,1,1,4065,-7393,0.44366197183098594
2021-10-05T00:00:00.000,8:15,40.63932,-74.02356,0,0,0,0,4063,-7402,0.3877551020408163
2021-10-05T00:00:00.000,3:06,40.63739,-73.91038,1,0,1,1,4063,-7391,0.5
2021-10-05T00:00:00.000,7:15,40.821167,-73.82262,0,0,0,0,4082,-7382,0.46153846153846156
2021-10-05T00:00:00.000,8:23,40.793377,-73.97086,1,0,1,1,4079,-7397,0.24210526315789474
2021-10-05T00:00:00.000,8:37,40.62258,-74.005066,0,0,0,0,4062,-7400,0.3150684931506849
2021-10-05T00:00:00.000,13:45,40.729446,-74.00518,0,0,0,0,4072,-7400,0.32926829268292684
2021-10-05T00:00:00.000,16:30,40.60413,-74.02015,0,0,0,0,4060,-7402,0.42105263157894735
2021-10-05T00:00:00.000,9:00,40.626453,-74.12976,0,0,0,0,4062,-7412,0.21739130434782608
2021-10-03T00:00:00.000,16:40,0.0,0.0,2,0,1,1,0,0,0.40425531914893614
2021-10-05T00:00:00.000,8:40,40.720955,-73.80935,1,0,1,1,4072,-7380,0.2727272727272727
2021-10-05T00:00:00.000,20:10,40.743416,-73.88873,0,0,0,0,4074,-7388,0.2978723404255319
2021-10-05T00:00:00.000,16:48,40.699627,-73.923836,0,0,0,0,4069,-7392,0.3584905660377358
2021-10-05T00:00:00.000,8:40,40.605213,-74.12084,0,0,0,0,4060,-7412,0.2608695652173913
2021-09-17T00:00:00.000,22:18,40.688553,-73.91245,1,0,1,1,4068,-7391,0.344
2021-10-05T00:00:00.000,15:15,40.749073,-73.99946,0,0,0,0,4074,-7399,0.3333333333333333
2021-10-05T00:00:00.000,17:43,40.63001,-74.08173,0,0,0,0,4063,-7408,0.2653061224489796
2021-10-05T00:00:00.000,15:16,40.74048,-73.99106,0,0,0,0,4074,-7399,0.3333333333333333
2021-10-05T00:00:00.000,14:00,40.671406,-73.96133,0,0,0,0,4067,-7396,0.3466666666666667
2021-09-10T00:00:00.000,19:00,40.900925,-73.88852,0,0,0,0,4090,-7388,0.36363636363636365
2021-10-05T00:00:00.000,20:00,40.710667,-73.93361,1,0,1,1,4071,-7393,0.2711864406779661
2021-10-05T00:00:00.000,14:30,40.738205,-73.92823,1,0,1,1,4073,-7392,0.4444444444444444
2021-10-05T00:00:00.000,0:00,40.847485,-73.90553,0,0,0,0,4084,-7390,0.366120218579235
2021-10-05T00:00:00.000,6:25,40.619728,-74.08358,0,0,0,0,4061,-7408,0.30612244897959184
2021-10-05T00:00:00.000,11:10,40.877502,-73.86282,0,0,0,0,4087,-7386,0.3142857142857143
2021-10-05T00:00:00.000,12:30,40.60719,-74.16243,0,0,0,0,4060,-7416,0.42857142857142855
2021-10-05T00:00:00.000,18:41,40.629055,-73.94833,1,0,1,1,4062,-7394,0.41379310344827586
2021-10-05T00:00:00.000,17:00,40.70547,-73.95024,0,0,0,0,4070,-7395,0.3475177304964539
2021-10-02T00:00:00.000,18:20,40.86159,-73.92475,0,0,0,0,4086,-7392,0.359375
2021-10-05T00:00:00.000,16:51,40.831974,-73.9235,0,0,0,0,4083,-7392,0.310126582278481
2021-10-05T00:00:00.000,19:18,40.685513,-73.97429,2,0,1,1,4068,-7397,0.3412322274881517
2021-10-05T00:00:00.000,14:30,40.766273,-73.740074,1,0,1,1,4076,-7374,0.46153846153846156
2021-10-05T00:00:00.000,18:40,40.695854,-73.818924,2,0,1,1,4069,-7381,0.3902439024390244
2021-10-05T00:00:00.000,14:45,40.694798,-73.84026,0,0,0,0,4069,-7384,0.26666666666666666
2021-10-05T00:00:00.000,17:45,40.86242,-73.89405,0,0,0,0,4086,-7389,0.40606060606060607
2021-10-05T00:00:00.000,7:55,40.69476,-73.976135,0,0,0,0,4069,-7397,0.3253012048192771
2021-10-05T00:00:00.000,10:00,40.821,-73.8969,1,0,1,1,4082,-7389,0.37423312883435583
2021-10-05T00:00:00.000,8:15,40.68014,-73.88941,2,0,1,1,4068,-7388,0.36538461538461536
2021-10-05T00:00:00.000,14:45,40.63448,-73.962204,0,0,0,0,4063,-7396,0.34615384615384615
2021-10-05T00:00:00.000,15:45,40.68419,-73.8703,0,0,0,0,4068,-7387,0.24719101123595505
2021-10-05T00:00:00.000,8:15,40.752056,-73.85421,1,0,1,1,4075,-7385,0.3048780487804878
2021-10-05T00:00:00.000,20:50,40.642113,-73.90307,1,0,1,1,4064,-7390,0.4017094017094017
2021-10-05T00:00:00.000,5:45,40.525616,-74.229416,0,0,0,0,4052,-7422,0.125
2021-10-05T00:00:00.000,1:00,40.712,-73.82546,0,0,0,0,4071,-7382,0.379746835443038
2021-10-04T00:00:00.000,17:25,40.675846,-73.945564,1,0,1,1,4067,-7394,0.34074074074074073
2021-10-05T00:00:00.000,17:00,40.732582,-73.86806,0,0,0,0,4073,-7386,0.3464566929133858
2021-10-05T00:00:00.000,16:58,40.68665,-73.91315,0,0,0,0,4068,-7391,0.344
2021-10-05T00:00:00.000,11:25,40.586105,-74.09109,0,0,0,0,4058,-7409,0.15625
2021-10-05T00:00:00.000,0:00,40.8133,-73.930405,1,0,1,1,4081,-7393,0.32432432432432434
2022-04-24T00:00:00.000,5:46,0.0,0.0,0,0,0,0,0,0,0.40425531914893614
2021-10-05T00:00:00.000,12:00,40.832176,-73.86534,0,0,0,0,4083,-7386,0.24822695035460993
2021-10-05T00:00:00.000,18:40,40.589565,-73.939804,1,0,1,1,4058,-7393,0.24324324324324326
2021-10-05T00:00:00.000,17:10,40.671207,-73.877235,0,0,0,0,4067,-7387,0.30344827586206896
2021-10-05T00:00:00.000,13:04,40.807095,-73.945984,1,0,1,1,4080,-7394,0.41116751269035534
2021-10-05T00:00:00.000,3:00,40.629684,-74.11123,1,0,1,1,4062,-7411,0.5238095238095238
2021-10-05T00:00:00.000,8:35,40.74513,-73.98696,0,0,0,0,4074,-7398,0.40131578947368424
2021-10-05T00:00:00.000,9:30,40.80777,-73.9239,1,0,1,1,4080,-7392,0.3141025641025641
2021-10-05T00:00:00.000,9:05,40.86941,-73.84264,0,0,0,0,4086,-7384,0.17857142857142858
2021-10-05T00:00:00.000,21:02,40.626213,-73.97416,0,0,0,0,4062,-7397,0.38666666666666666
2021-10-05T00:00:00.000,7:05,40.7856331,-73.855986,0,0,0,0,4078,-7385,0.0
2021-10-05T00:00:00.000,8:01,40.83854,-73.868256,0,0,0,0,4083,-7386,0.24822695035460993
2021-10-05T00:00:00.000,12:35,40.73873,-73.81428,1,0,1,1,4073,-7381,0.3181818181818182
2021-10-02T00:00:00.000,17:15,40.650517,-73.92359,0,0,0,0,4065,-7392,0.35555555555555557
2021-10-05T00:00:00.000,6:40,40.721485,-73.873924,3,0,1,1,4072,-7387,0.5714285714285714
2021-09-24T00:00:00.000,19:12,40.888588,-73.849884,3,0,1,1,4088,-7384,0.4153846153846154
2021-10-04T00:00:00.000,22:00,40.647102,-74.007614,0,0,0,0,4064,-7400,0.36764705882352944
2021-10-05T00:00:00.000,7:00,40.745068,-73.936356,0,0,0,0,4074,-7393,0.3333333333333333
2021-10-05T00:00:00.000,7:35,40.672607,-73.89992,2,0,1,1,4067,-7389,0.33852140077821014
2021-10-05T00:00:00.000,8:00,40.637234,-73.94811,0,0,0,0,4063,-7394,0.358974358974359
2021-10-05T00:00:00.000,14:27,40.75203,-73.92915,0,0,0,0,4075,-7392,0.48148148148148145
2021-10-04T00:00:00.000,20:00,40.701008,-73.9424,1,0,1,1,4070,-7394,0.3956043956043956
2021-10-05T00:00:00.000,17:20,40.716415,-73.91153,0,0,0,0,4071,-7391,0.1836734693877551
2021-10-05T00:00:00.000,17:38,40.900486,-73.85411,1,0,1,1,4090,-7385,0.42105263157894735
2021-10-05T00:00:00.000,17:55,40.86038,-73.88889,0,0,0,0,4086,-7388,0.23943661971830985
2021-10-05T00:00:00.000,16:45,40.624947,-73.97712,0,0,0,0,4062,-7397,0.38666666666666666
2021-10-05T00:00:00.000,17:30,40.597095,-74.18205,1,0,1,1,4059,-7418,0.5
2021-12-11T00:00:00.000,3:41,40.81394,-73.948425,1,0,1,1,4081,-7394,0.38
2021-12-11T00:00:00.000,4:30,40.69294,-73.999374,1,0,1,1,4069,-7399,0.29473684210526313
2021-05-01T00:00:00.000,19:10,40.686516,-73.78883,0,1,2,1,4068,-7378,0.3384615384615385
2021-06-04T00:00:00.000,14:26,40.767612,-73.950005,2,0,1,1,4076,-7395,0.3696969696969697
2021-05-31T00:00:00.000,10:00,40.743343,-73.97203,0,0,0,0,4074,-7397,0.4810810810810811
2021-06-06T00:00:00.000,6:40,40.83907,-73.94353,0,0,0,0,4083,-7394,0.38926174496644295
2021-06-06T00:00:00.000,22:35,40.882496,-73.86989,0,0,0,0,4088,-7386,0.23809523809523808
2021-06-06T00:00:00.000,17:52,40.76541,-73.96798,1,0,1,1,4076,-7396,0.3023255813953488
2021-06-05T00:00:00.000,23:40,40.80543,-73.92087,0,0,0,0,4080,-7392,0.3141025641025641
2021-06-06T00:00:00.000,15:26,40.68302,-73.81139,0,0,0,0,4068,-7381,0.4117647058823529
2021-10-05T00:00:00.000,19:30,40.679863,-73.83884,1,0,1,1,4067,-7383,0.48148148148148145
2021-06-06T00:00:00.000,2:15,40.638966,-73.94251,0,0,0,0,4063,-7394,0.358974358974359
2021-06-06T00:00:00.000,5:14,40.601948,-73.99382,1,0,1,1,4060,-7399,0.31683168316831684
2021-06-06T00:00:00.000,20:33,40.833366,-73.85139,0,0,0,0,4083,-7385,0.30158730158730157
2021-06-06T00:00:00.000,1:08,40.85377,-73.869194,0,0,0,0,4085,-7386,0.33766233766233766
2021-06-05T00:00:00.000,10:58,40.712864,-73.90531,1,0,1,1,4071,-7390,0.4
2021-06-06T00:00:00.000,11:02,40.63321,-73.92259,1,0,1,1,4063,-7392,0.4036697247706422
2021-06-06T00:00:00.000,3:10,40.654984,-74.00711,2,0,1,1,4065,-7400,0.41509433962264153
2021-06-06T00:00:00.000,3:15,40.814266,-73.912964,4,0,1,1,4081,-7391,0.47244094488188976
2021-06-06T00:00:00.000,17:25,40.76187,-73.99014,0,0,0,0,4076,-7399,0.3275862068965517
2021-06-04T00:00:00.000,2:10,40.719624,-73.91132,0,0,0,0,4071,-7391,0.1836734693877551
2021-06-06T00:00:00.000,0:00,40.58984,-74.08663,0,0,0,0,4058,-7408,0.1111111111111111
2021-06-06T00:00:00.000,15:15,40.739983,-73.8652,1,0,1,1,4073,-7386,0.3464566929133858
2021-06-06T00:00:00.000,1:30,40.66723,-73.82374,0,0,0,0,4066,-7382,0.43103448275862066
2021-06-06T00:00:00.000,0:00,40.676144,-73.893074,1,0,1,1,4067,-7389,0.33852140077821014
2021-06-06T00:00:00.000,17:32,40.804367,-73.93533,2,0,1,1,4080,-7393,0.36312849162011174
2021-06-06T00:00:00.000,18:00,40.693783,-73.987206,0,0,0,0,4069,-7398,0.3229166666666667
2021-06-06T00:00:00.000,10:26,40.667084,-73.78698,0,0,0,0,4066,-7378,0.34615384615384615
2021-05-21T00:00:00.000,22:45,40.724136,-73.992615,0,0,0,0,4072,-7399,0.3829787234042553
2021-05-22T00:00:00.000,19:51,40.723022,-73.982704,1,0,1,1,4072,-7398,0.4342105263157895
2021-06-06T00:00:00.000,5:00,40.68406,-73.75819,0,0,0,0,4068,-7375,0.3877551020408163
2021-06-06T00:00:00.000,14:51,40.75158,-73.74572,4,0,1,1,4075,-7374,0.3333333333333333
2021-05-20T00:00:00.000,21:53,40.75108,-73.98686,0,0,0,0,4075,-7398,0.3170731707317073
2021-06-06T00:00:00.000,19:00,40.687943,-73.98141,1,0,1,1,4068,-7398,0.3873239436619718
2021-06-06T00:00:00.000,10:35,40.639305,-73.95898,1,0,1,1,4063,-7395,0.48484848484848486
2021-06-06T00:00:00.000,11:30,40.82304,-73.88193,0,0,0,0,4082,-7388,0.27624309392265195
2021-06-06T00:00:00.000,3:30,40.682285,-73.80805,0,0,0,0,4068,-7380,0.3829787234042553
2021-06-06T00:00:00.000,21:15,40.6112,-73.9626,0,0,0,0,4061,-7396,0.30666666666666664
2021-06-06T00:00:00.000,22:45,40.639286,-73.89869,0,0,0,0,4063,-7389,0.41818181818181815
2021-06-06T00:00:00.000,13:30,40.666252,-73.86205,0,0,0,0,4066,-7386,0.35
2021-06-06T00:00:00.000,22:00,40.81417,-73.93431,1,0,1,1,4081,-7393,0.32432432432432434
2021-06-06T00:00:00.000,2:25,40.716194,-73.996086,0,0,0,0,4071,-7399,0.3263157894736842
2021-06-06T00:00:00.000,3:15,40.604996,-73.99427,0,0,0,0,4060,-7399,0.31683168316831684
2021-06-06T00:00:00.000,10:00,40.68704,-73.90575,0,0,0,0,4068,-7390,0.4421052631578947
2021-06-06T00:00:00.000,15:10,40.81595,-73.89792,0,0,0,0,4081,-7389,0.31543624161073824
2021-06-05T00:00:00.000,8:24,40.764896,-73.97256,1,0,1,1,4076,-7397,0.37
2021-06-06T00:00:00.000,1:22,40.69297,-73.81538,1,0,1,1,4069,-7381,0.3902439024390244
2021-06-06T00:00:00.000,13:30,40.65561,-73.92616,0,0,0,0,4065,-7392,0.35555555555555557
2021-06-02T00:00:00.000,13:40,40.67887,-73.92165,1,0,1,1,4067,-7392,0.39655172413793105
2021-06-06T00:00:00.000,0:37,40.7106,-73.98469,0,0,0,0,4071,-7398,0.39568345323741005
2021-06-01T00:00:00.000,17:15,40.717342,-73.99118,0,0,0,0,4071,-7399,0.3263157894736842
2021-06-06T00:00:00.000,18:28,40.754105,-73.72321,0,0,0,0,4075,-7372,0.2857142857142857
2021-05-25T00:00:00.000,16:15,40.807316,-73.93741,1,0,1,1,4080,-7393,0.36312849162011174
2021-06-06T00:00:00.000,12:30,40.691895,-73.77822,0,0,0,0,4069,-7377,0.35135135135135137
2021-06-06T00:00:00.000,1:20,40.666595,-73.87176,2,0,1,1,4066,-7387,0.38461538461538464
2021-06-06T00:00:00.000,8:25,40.65626,-73.89574,0,0,0,0,4065,-7389,0.34965034965034963
2021-05-11T00:00:00.000,9:49,40.72392,-73.985954,0,0,0,0,4072,-7398,0.4342105263157895
2021-12-28T00:00:00.000,14:30,40.75394,-73.92968,0,0,0,0,4075,-7392,0.48148148148148145
2021-05-29T00:00:00.000,8:36,40.750774,-73.97655,1,0,1,1,4075,-7397,0.375886524822695
2021-06-06T00:00:00.000,0:34,40.68079,-73.806305,0,0,0,0,4068,-7380,0.3829787234042553
2021-06-06T00:00:00.000,9:28,40.83639,-73.91588,0,0,0,0,4083,-7391,0.33714285714285713
2021-06-06T00:00:00.000,7:00,40.68892,-73.99915,0,0,0,0,4068,-7399,0.17857142857142858
2021-06-06T00:00:00.000,18:47,40.64366,-73.90067,0,0,0,0,4064,-7390,0.4017094017094017
2021-06-06T00:00:00.000,17:30,40.6427,-73.87661,1,0,1,1,4064,-7387,0.4918032786885246
2021-10-05T00:00:00.000,22:52,40.620914,-73.9753,0,0,0,0,4062,-7397,0.38666666666666666
2021-06-06T00:00:00.000,18:26,40.679325,-73.9193,5,0,1,1,4067,-7391,0.36597938144329895
2021-06-06T00:00:00.000,12:00,40.707607,-73.7664,0,0,0,0,4070,-7376,0.43902439024390244
2021-06-06T00:00:00.000,3:50,40.755173,-73.888954,0,0,0,0,4075,-7388,0.3402061855670103
2021-06-06T00:00:00.000,18:15,40.6146,-73.92448,0,0,0,0,4061,-7392,0.2982456140350877
2021-06-06T00:00:00.000,7:55,40.768658,-73.87131,0,0,0,0,4076,-7387,0.48214285714285715
2021-06-06T00:00:00.000,20:00,40.58525,-73.98728,1,0,1,1,4058,-7398,0.4
2021-06-06T00:00:00.000,2:44,40.686928,-73.98484,0,0,0,0,4068,-7398,0.3873239436619718
2021-06-05T00:00:00.000,7:30,40.867046,-73.86036,0,0,0,0,4086,-7386,0.4642857142857143
2021-06-01T00:00:00.000,19:45,40.684814,-73.98353,0,0,0,0,4068,-7398,0.3873239436619718
2021-06-06T00:00:00.000,16:50,40.76465,-73.823494,0,0,0,0,4076,-7382,0.2987012987012987
2021-06-06T00:00:00.000,0:15,40.677322,-73.790955,0,0,0,0,4067,-7379,0.4264705882352941
2021-05-17T00:00:00.000,10:47,40.534325,-74.193016,1,0,1,1,4053,-7419,0.2857142857142857
2021-06-06T00:00:00.000,7:17,40.707176,-73.76443,0,0,0,0,4070,-7376,0.43902439024390244
2021-06-06T00:00:00.000,0:15,40.753788,-73.981606,1,0,1,1,4075,-7398,0.3170731707317073
2021-06-06T00:00:00.000,15:30,40.729523,-73.95304,0,0,0,0,4072,-7395,0.22093023255813954
2021-06-06T00:00:00.000,17:30,40.58576,-73.97442,1,0,1,1,4058,-7397,0.2727272727272727
2021-06-06T00:00:00.000,2:08,40.66143,-73.91644,0,0,0,0,4066,-7391,0.3630952380952381
2021-09-28T00:00:00.000,16:40,40.6771,-73.92479,1,0,1,1,4067,-7392,0.39655172413793105
2021-06-06T00:00:00.000,14:10,40.68122,-73.98047,0,0,0,0,4068,-7398,0.3873239436619718
2021-06-06T00:00:00.000,15:47,40.829353,-73.89289,0,0,0,0,4082,-7389,0.37423312883435583
2021-06-01T00:00:00.000,17:52,40.670746,-73.91294,0,0,0,0,4067,-7391,0.36597938144329895
2021-06-04T00:00:00.000,15:05,40.758274,-73.93336,1,0,1,1,4075,-7393,0.43478260869565216
2021-06-06T00:00:00.000,15:30,40.733913,-73.901085,2,0,1,1,4073,-7390,0.42424242424242425
2021-06-06T00:00:00.000,15:28,40.864002,-73.834045,0,0,0,0,4086,-7383,0.3448275862068966
2021-06-06T00:00:00.000,15:00,40.832893,-73.84944,0,0,0,0,4083,-7384,0.22727272727272727
2021-05-27T00:00:00.000,23:05,40.87787,-73.8701,0,0,0,0,4087,-7387,0.297029702970297
2021-06-06T00:00:00.000,13:55,40.886467,-73.85107,1,0,1,1,4088,-7385,0.36619718309859156
2021-05-23T00:00:00.000,14:30,40.632755,-73.92984,1,0,1,1,4063,-7392,0.4036697247706422
2021-06-06T00:00:00.000,1:10,40.67417,-73.95671,0,0,0,0,4067,-7395,0.3695652173913043
2021-06-06T00:00:00.000,16:55,40.85183,-73.91258,0,0,0,0,4085,-7391,0.373134328358209
2021-06-06T00:00:00.000,23:19,40.662014,-73.886826,1,0,1,1,4066,-7388,0.37012987012987014
2021-06-06T00:00:00.000,3:58,40.86258,-73.925385,0,0,0,0,4086,-7392,0.359375
2021-06-06T00:00:00.000,18:25,40.711063,-73.95009,0,0,0,0,4071,-7395,0.36585365853658536
2021-06-06T00:00:00.000,14:00,40.656357,-73.92696,0,0,0,0,4065,-7392,0.35555555555555557
2021-06-06T00:00:00.000,7:35,40.6041,-74.06908,0,0,0,0,4060,-7406,0.3076923076923077
2021-06-06T00:00:00.000,0:03,40.639793,-73.929115,2,0,1,1,4063,-7392,0.4036697247706422
2021-06-06T00:00:00.000,19:47,40.713207,-73.97739,2,0,1,1,4071,-7397,0.41509433962264153
2021-06-06T00:00:00.000,23:25,40.66216,-73.87284,1,0,1,1,4066,-7387,0.38461538461538464
2021-06-05T00:00:00.000,20:12,40.7756,-73.956345,3,0,1,1,4077,-7395,0.3384615384615385
2021-06-04T00:00:00.000,17:00,40.813213,-73.88616,0,0,0,0,4081,-7388,0.25471698113207547
2021-06-06T00:00:00.000,16:00,40.713398,-73.762505,1,0,1,1,4071,-7376,0.37142857142857144
2021-06-01T00:00:00.000,1:00,40.716454,-73.98058,0,0,0,0,4071,-7398,0.39568345323741005
2021-06-06T00:00:00.000,12:30,40.59423,-73.908325,0,0,0,0,4059,-7390,0.23404255319148937
2021-10-05T00:00:00.000,7:40,40.65661,-73.93091,1,0,1,1,4065,-7393,0.44366197183098594
2021-06-06T00:00:00.000,4:20,40.66457,-73.91237,0,0,0,0,4066,-7391,0.3630952380952381
2021-06-06T00:00:00.000,9:35,40.877525,-73.86443,1,0,1,1,4087,-7386,0.3142857142857143
2021-06-06T00:00:00.000,2:55,40.736214,-73.85795,0,0,0,0,4073,-7385,0.3619047619047619
2021-10-05T00:00:00.000,6:30,40.756485,-73.94005,0,0,0,0,4075,-7394,0.41333333333333333
2021-06-06T00:00:00.000,20:30,40.8421,-73.92624,0,0,0,0,4084,-7392,0.3181818181818182
2021-06-06T00:00:00.000,15:00,40.679653,-73.88556,0,0,0,0,4067,-7388,0.30434782608695654
2021-06-05T00:00:00.000,1:08,40.6922,-73.834595,1,0,1,1,4069,-7383,0.35555555555555557
2021-06-06T00:00:00.000,16:15,40.639305,-73.95898,2,0,1,1,4063,-7395,0.48484848484848486
2021-06-06T00:00:00.000,23:15,40.692528,-73.79096,0,0,0,0,4069,-7379,0.25925925925925924
2021-06-06T00:00:00.000,15:45,40.756134,-73.74047,1,0,1,1,4075,-7374,0.3333333333333333
2021-06-06T00:00:00.000,13:10,40.897247,-73.846275,0,0,0,0,4089,-7384,0.3333333333333333
2021-06-06T00:00:00.000,20:30,40.692,-73.92646,0,0,0,0,4069,-7392,0.3584905660377358
2021-06-06T00:00:00.000,22:30,40.738686,-73.8579,0,0,0,0,4073,-7385,0.3619047619047619
2021-06-06T00:00:00.000,7:00,40.659744,-73.87846,0,0,0,0,4065,-7387,0.2857142857142857
2021-06-06T00:00:00.000,6:03,40.764267,-73.722946,1,0,1,1,4076,-7372,0.3333333333333333
2021-06-06T00:00:00.000,19:50,40.70765,-73.750084,0,0,0,0,4070,-7375,0.4117647058823529
2021-06-06T00:00:00.000,2:29,40.695847,-73.96588,0,0,0,0,4069,-7396,0.325
2021-06-06T00:00:00.000,0:28,40.60729,-74.14086,2,0,1,1,4060,-7414,0.4074074074074074
2021-06-06T00:00:00.000,12:06,40.77558,-73.84267,1,0,1,1,4077,-7384,0.125
2021-06-06T00:00:00.000,16:20,40.86932,-73.828255,1,0,1,1,4086,-7382,0.3611111111111111
2021-06-06T00:00:00.000,16:57,40.72325,-73.980545,2,0,1,1,4072,-7398,0.4342105263157895
2021-06-06T00:00:00.000,16:10,40.830994,-73.928116,0,0,0,0,4083,-7392,0.310126582278481
2021-06-06T00:00:00.000,21:45,40.575565,-73.98121,1,0,1,1,4057,-7398,0.36904761904761907
2021-06-06T00:00:00.000,0:15,40.593056,-73.77532,3,0,1,1,4059,-7377,0.2692307692307692
2021-06-05T00:00:00.000,14:15,40.73337,-74.00258,0,0,0,0,4073,-7400,0.2403846153846154
2021-06-06T00:00:00.000,15:00,40.646637,-74.01589,1,0,1,1,4064,-7401,0.4295774647887324
2021-05-06T00:00:00.000,14:00,40.6792,-73.9553,1,0,1,1,4067,-7395,0.3695652173913043
2021-06-06T00:00:00.000,1:45,40.683647,-73.87219,0,0,0,0,4068,-7387,0.24719101123595505
2021-06-06T00:00:00.000,3:47,40.665916,-73.92547,1,0,1,1,4066,-7392,0.355
2021-06-06T00:00:00.000,15:39,40.840057,-73.870964,1,0,1,1,4084,-7387,0.48333333333333334
2021-06-05T00:00:00.000,8:50,40.621017,-74.13181,1,0,1,1,4062,-7413,0.4074074074074074
2021-06-06T00:00:00.000,12:47,40.736744,-73.70488,0,0,0,0,4073,-7370,0.23529411764705882
2021-06-06T00:00:00.000,5:39,40.824425,-73.87271,0,0,0,0,4082,-7387,0.33544303797468356
2021-06-05T00:00:00.000,11:44,40.724007,-73.894165,0,0,0,0,4072,-7389,0.41379310344827586
2021-06-06T00:00:00.000,6:20,40.654137,-73.91234,0,0,0,0,4065,-7391,0.425
2021-05-06T00:00:00.000,14:30,40.675743,-73.96424,0,0,0,0,4067,-7396,0.3466666666666667
2022-06-26T00:00:00.000,0:20,40.596123,-73.778305,0,0,0,0,4059,-7377,0.2692307692307692
2021-06-06T00:00:00.000,19:30,40.857903,-73.86468,0,0,0,0,4085,-7386,0.33766233766233766
2021-06-06T00:00:00.000,13:59,40.669792,-73.8924,0,0,0,0,4066,-7389,0.3103448275862069
2021-06-06T00:00:00.000,10:00,40.882576,-73.833145,0,0,0,0,4088,-7383,0.3448275862068966
2021-06-06T00:00:00.000,6:30,40.717518,-73.81785,0,0,0,0,4071,-7381,0.3448275862068966
2021-06-06T00:00:00.000,13:30,40.711227,-73.72826,0,0,0,0,4071,-7372,0.40425531914893614
2021-06-01T00:00:00.000,8:40,40.72517,-73.97588,0,0,0,0,4072,-7397,0.3283582089552239
2021-06-05T00:00:00.000,17:31,40.696865,-73.794136,0,0,0,0,4069,-7379,0.25925925925925924
2021-06-06T00:00:00.000,10:17,40.732826,-73.95679,0,0,0,0,4073,-7395,0.30434782608695654
2021-06-06T00:00:00.000,14:10,40.82413,-73.94098,0,0,0,0,4082,-7394,0.3812154696132597
2021-06-06T00:00:00.000,2:40,40.81094,-73.94318,0,0,0,0,4081,-7394,0.38
2021-10-05T00:00:00.000,2:48,40.797836,-73.96946,0,0,0,0,4079,-7396,0.25
2021-06-05T00:00:00.000,12:34,40.716778,-73.95602,2,0,1,1,4071,-7395,0.36585365853658536
2021-06-06T00:00:00.000,10:25,40.735527,-73.93698,0,0,0,0,4073,-7393,0.38461538461538464
2021-06-06T00:00:00.000,1:03,40.8414,-73.94055,0,0,0,0,4084,-7394,0.17543859649122806
2021-06-06T00:00:00.000,9:30,40.813374,-73.956276,1,0,1,1,4081,-7395,0.3509933774834437
2021-06-06T00:00:00.000,9:36,40.746834,-73.87151,0,0,0,0,4074,-7387,0.25663716814159293
2021-06-03T00:00:00.000,18:40,0.0,0.0,0,0,0,0,0,0,0.40425531914893614
2021-06-06T00:00:00.000,17:30,40.846893,-73.92055,0,0,0,0,4084,-7392,0.3181818181818182
2021-06-06T00:00:00.000,15:40,40.611217,-73.98417,1,0,1,1,4061,-7398,0.3698630136986301
2021-06-06T00:00:00.000,5:55,40.80582,-73.90926,1,0,1,1,4080,-7390,0.36538461538461536
2021-06-06T00:00:00.000,19:10,40.654533,-73.860916,0,0,0,0,4065,-7386,0.36619718309859156
2021-06-06T00:00:00.000,19:00,40.607464,-73.99834,0,0,0,0,4060,-7399,0.31683168316831684
2021-06-06T00:00:00.000,13:12,40.650223,-73.86843,0,0,0,0,4065,-7386,0.36619718309859156
2021-06-06T00:00:00.000,20:04,40.81417,-73.93431,1,0,1,1,4081,-7393,0.32432432432432434
2021-06-06T00:00:00.000,8:30,40.666595,-73.87176,1,0,1,1,4066,-7387,0.38461538461538464
2021-06-06T00:00:00.000,20:33,40.678806,-73.97806,0,0,0,0,4067,-7397,0.2818181818181818
2021-05-14T00:00:00.000,13:30,40.83767,-73.91921,0,0,0,0,4083,-7391,0.33714285714285713
2021-06-06T00:00:00.000,14:20,40.62566,-74.14036,0,0,0,0,4062,-7414,0.20408163265306123
2021-06-06T00:00:00.000,12:30,40.66411,-73.926346,0,0,0,0,4066,-7392,0.355
2021-06-06T00:00:00.000,19:50,40.680473,-73.9614,1,0,1,1,4068,-7396,0.42567567567567566
2021-06-06T00:00:00.000,2:19,40.641327,-74.00709,0,0,0,0,4064,-7400,0.36764705882352944
2021-06-06T00:00:00.000,19:10,40.71836,-73.9968,1,0,1,1,4071,-7399,0.3263157894736842
2021-06-06T00:00:00.000,4:45,40.74047,-73.99829,0,0,0,0,4074,-7399,0.3333333333333333
2021-05-28T00:00:00.000,2:27,40.68376,-73.929245,0,0,0,0,4068,-7392,0.2542372881355932
2021-06-06T00:00:00.000,4:30,40.71204,-73.90342,0,0,0,0,4071,-7390,0.4
2021-06-06T00:00:00.000,0:02,40.850506,-73.93287,1,0,1,1,4085,-7393,0.36585365853658536
2021-06-06T00:00:00.000,19:15,40.835754,-73.904396,1,0,1,1,4083,-7390,0.3064516129032258
2021-06-04T00:00:00.000,17:36,40.64098,-73.8874,1,0,1,1,4064,-7388,0.3225806451612903
2021-06-04T00:00:00.000,18:34,40.77353,-73.98534,0,1,2,1,4077,-7398,0.38028169014084506
2021-06-06T00:00:00.000,19:00,40.852524,-73.88432,0,0,0,0,4085,-7388,0.3
2021-06-06T00:00:00.000,17:00,40.70028,-73.941154,0,0,0,0,4070,-7394,0.3956043956043956
2021-06-06T00:00:00.000,2:00,40.70191,-73.93699,0,0,0,0,4070,-7393,0.3300970873786408
2021-06-06T00:00:00.000,3:51,40.649982,-73.91183,0,0,0,0,4064,-7391,0.39805825242718446
2021-06-06T00:00:00.000,15:32,40.66851,-73.76626,0,0,0,0,4066,-7376,0.30434782608695654
2021-05-25T00:00:00.000,14:00,40.751537,-73.991905,0,0,0,0,4075,-7399,0.2830188679245283
2021-06-06T00:00:00.000,0:30,40.66129,-73.93225,4,0,1,1,4066,-7393,0.38578680203045684
2021-06-06T00:00:00.000,17:05,40.667114,-73.834656,0,0,0,0,4066,-7383,0.5
2021-06-06T00:00:00.000,17:00,0.0,0.0,1,0,1,1,0,0,0.40425531914893614
2021-06-06T00:00:00.000,21:40,40.728024,-73.74764,0,0,0,0,4072,-7374,0.44
2021-06-01T00:00:00.000,11:00,40.60915,-74.14987,0,0,0,0,4060,-7414,0.4074074074074074
2021-06-06T00:00:00.000,19:53,40.75595,-73.99074,2,0,1,1,4075,-7399,0.2830188679245283
2021-05-11T00:00:00.000,18:00,40.533634,-74.19268,0,0,0,0,4053,-7419,0.2857142857142857
2021-06-06T00:00:00.000,13:40,40.858738,-73.88576,0,0,0,0,4085,-7388,0.3
2021-04-28T00:00:00.000,16:00,40.824074,-73.93887,0,0,0,0,4082,-7393,0.36645962732919257
2021-06-06T00:00:00.000,14:10,40.722027,-73.95704,0,0,0,0,4072,-7395,0.22093023255813954
2021-06-06T00:00:00.000,0:15,40.59241,-73.789,0,0,0,0,4059,-7378,0.14705882352941177
2021-06-04T00:00:00.000,13:30,40.736668,-73.997345,0,0,0,0,4073,-7399,0.423728813559322
2021-06-06T00:00:00.000,0:10,40.696163,-73.76881,0,0,0,0,4069,-7376,0.3392857142857143
2021-06-06T00:00:00.000,12:47,40.78643,-73.793274,1,0,1,1,4078,-7379,0.42105263157894735
2021-06-06T00:00:00.000,3:20,40.645256,-73.874954,1,0,1,1,4064,-7387,0.4918032786885246
2021-06-06T00:00:00.000,9:43,40.686695,-73.966034,0,0,0,0,4068,-7396,0.42567567567567566
2021-06-06T00:00:00.000,0:05,40.674385,-73.87897,0,0,0,0,4067,-7387,0.30344827586206896
2021-05-22T00:00:00.000,0:56,40.80405,-73.91737,0,0,0,0,4080,-7391,0.38961038961038963
2021-06-06T00:00:00.000,17:33,40.74408,-73.851845,0,0,0,0,4074,-7385,0.35526315789473684
2021-06-06T00:00:00.000,15:15,40.62573,-73.9564,1,0,1,1,4062,-7395,0.4444444444444444
2021-06-06T00:00:00.000,17:14,40.892475,-73.8545,1,0,1,1,4089,-7385,0.3813559322033898
2021-06-06T00:00:00.000,17:27,40.686745,-73.96553,1,0,1,1,4068,-7396,0.42567567567567566
2021-06-06T00:00:00.000,13:40,40.65415,-73.949936,0,0,0,0,4065,-7394,0.43137254901960786
2021-09-23T00:00:00.000,18:00,40.607685,-74.13892,0,0,0,0,4060,-7413,0.41935483870967744
2021-04-29T00:00:00.000,1:00,40.677773,-73.93587,0,0,0,0,4067,-7393,0.3755868544600939
2021-06-06T00:00:00.000,16:00,40.852146,-73.91741,0,0,0,0,4085,-7391,0.373134328358209
2021-06-06T00:00:00.000,19:20,40.69499,-73.9073,0,0,0,0,4069,-7390,0.29591836734693877
2021-06-02T00:00:00.000,16:43,40.761272,-73.95571,1,0,1,1,4076,-7395,0.3696969696969697
2021-06-06T00:00:00.000,12:30,40.68556,-73.973946,0,0,0,0,4068,-7397,0.3412322274881517
2021-06-03T00:00:00.000,21:00,40.731304,-73.8032,0,0,0,0,4073,-7380,0.34285714285714286
2021-06-06T00:00:00.000,17:50,40.61613,-74.00819,0,0,0,0,4061,-7400,0.3076923076923077
2021-06-06T00:00:00.000,17:05,40.654137,-73.91234,0,0,0,0,4065,-7391,0.425
2021-06-06T00:00:00.000,23:28,40.633858,-73.911446,2,0,1,1,4063,-7391,0.5
2021-06-06T00:00:00.000,9:25,40.677498,-73.87149,0,0,0,0,4067,-7387,0.30344827586206896
2021-06-06T00:00:00.000,21:03,40.6818,-73.88978,1,0,1,1,4068,-7388,0.36538461538461536
2021-06-06T00:00:00.000,9:35,40.69078,-73.72728,7,0,1,1,4069,-7372,0.40425531914893614
2021-06-06T00:00:00.000,18:50,40.827576,-73.82324,0,0,0,0,4082,-7382,0.46153846153846156
2021-06-06T00:00:00.000,5:00,40.675583,-73.94041,0,0,0,0,4067,-7394,0.34074074074074073
2021-06-06T00:00:00.000,23:45,40.609917,-73.89746,1,0,1,1,4060,-7389,0.625
2021-06-06T00:00:00.000,8:35,40.696198,-73.98869,0,0,0,0,4069,-7398,0.3229166666666667
2021-06-06T00:00:00.000,0:15,40.83516,-73.94561,1,0,1,1,4083,-7394,0.38926174496644295
2021-06-06T00:00:00.000,12:45,40.679096,-73.887314,0,0,0,0,4067,-7388,0.30434782608695654
2021-06-05T00:00:00.000,19:12,40.77526,-73.81758,0,0,0,0,4077,-7381,0.3157894736842105
2021-10-05T00:00:00.000,12:15,40.678154,-73.94416,2,0,1,1,4067,-7394,0.34074074074074073
2021-06-06T00:00:00.000,15:00,40.717926,-73.735374,0,0,0,0,4071,-7373,0.25
2021-06-04T00:00:00.000,22:08,40.71944,-73.84526,0,0,0,0,4071,-7384,0.4
2021-06-06T00:00:00.000,11:21,40.65584,-73.919586,0,0,0,0,4065,-7391,0.425
2021-06-06T00:00:00.000,21:08,40.60205,-74.01334,0,0,0,0,4060,-7401,0.30357142857142855
2021-06-06T00:00:00.000,12:52,40.60595,-74.07601,0,0,0,0,4060,-7407,0.25
2021-06-06T00:00:00.000,23:30,40.67777,-73.928314,0,0,0,0,4067,-7392,0.39655172413793105
2021-06-06T00:00:00.000,0:19,40.844677,-73.9245,0,0,0,0,4084,-7392,0.3181818181818182
2021-06-06T00:00:00.000,17:45,40.75234,-73.87625,0,0,0,0,4075,-7387,0.33884297520661155
2021-06-03T00:00:00.000,11:15,40.74694,-73.89051,0,0,0,0,4074,-7389,0.3203125
2021-06-06T00:00:00.000,22:45,40.54958,-74.137375,1,0,1,1,4054,-7413,0.5
2021-06-06T00:00:00.000,4:37,40.82548,-73.86294,2,0,1,1,4082,-7386,0.3493975903614458
2021-06-06T00:00:00.000,10:21,40.898815,-73.86223,0,0,0,0,4089,-7386,0.28205128205128205
2021-06-06T00:00:00.000,10:00,40.73147,-73.873764,0,0,0,0,4073,-7387,0.3140495867768595
2021-06-06T00:00:00.000,19:30,40.819,-73.86432,0,0,0,0,4081,-7386,0.23333333333333334
2021-06-06T00:00:00.000,1:30,40.845642,-73.89771,1,0,1,1,4084,-7389,0.33766233766233766
2021-06-06T00:00:00.000,6:15,40.735645,-73.98546,0,0,0,0,4073,-7398,0.36942675159235666
2021-06-06T00:00:00.000,0:01,40.767647,-73.92078,3,0,1,1,4076,-7392,0.42105263157894735
2021-06-06T00:00:00.000,18:00,40.741833,-73.80545,0,0,0,0,4074,-7380,0.35294117647058826
2021-05-24T00:00:00.000,17:30,40.650887,-73.96466,1,0,1,1,4065,-7396,0.3939393939393939
2021-06-06T00:00:00.000,17:00,40.584774,-73.96011,3,0,1,1,4058,-7396,0.37333333333333335
2021-06-06T00:00:00.000,16:30,40.717422,-73.93914,0,0,0,0,4071,-7393,0.2711864406779661
2021-06-06T00:00:00.000,2:25,40.612633,-74.128555,0,0,0,0,4061,-7412,0.25
2021-06-06T00:00:00.000,2:59,40.794243,-73.931145,0,0,0,0,4079,-7393,0.36585365853658536
2021-06-03T00:00:00.000,12:00,40.83477,-73.85394,0,0,0,0,4083,-7385,0.30158730158730157
2021-06-06T00:00:00.000,3:06,40.78818,-73.81703,0,0,0,0,4078,-7381,0.22580645161290322
2021-06-06T00:00:00.000,23:00,40.667522,-73.78063,0,0,0,0,4066,-7378,0.34615384615384615
2021-05-27T00:00:00.000,4:14,40.816677,-73.893845,1,0,1,1,4081,-7389,0.31543624161073824
2021-06-06T00:00:00.000,5:23,40.69761,-73.82005,1,0,1,1,4069,-7382,0.37209302325581395
2021-06-06T00:00:00.000,7:45,40.825226,-73.823685,0,0,0,0,4082,-7382,0.46153846153846156
2021-10-05T00:00:00.000,22:15,40.661015,-73.90853,1,0,1,1,4066,-7390,0.2777777777777778
2021-06-06T00:00:00.000,1:15,40.66314,-73.88003,0,0,0,0,4066,-7388,0.37012987012987014
2021-06-06T00:00:00.000,12:34,0.0,0.0,1,0,1,1,0,0,0.40425531914893614
2021-06-06T00:00:00.000,23:46,40.878853,-73.87349,1,0,1,1,4087,-7387,0.297029702970297
2021-06-06T00:00:00.000,0:33,40.67043,-73.928185,0,0,0,0,4067,-7392,0.39655172413793105
2021-06-06T00:00:00.000,9:25,40.725517,-73.896416,1,0,1,1,4072,-7389,0.41379310344827586
2021-06-06T00:00:00.000,22:00,40.824085,-73.874344,0,0,0,0,4082,-7387,0.33544303797468356
2021-10-04T00:00:00.000,13:04,40.669735,-73.93104,1,0,1,1,4066,-7393,0.38578680203045684
2021-06-02T00:00:00.000,16:05,40.712864,-73.90531,1,0,1,1,4071,-7390,0.4
2021-06-06T00:00:00.000,8:30,40.59548,-73.955765,0,0,0,0,4059,-7395,0.3181818181818182
2021-06-04T00:00:00.000,6:35,40.57892,-73.97497,1,0,1,1,4057,-7397,0.2619047619047619
2021-06-06T00:00:00.000,3:28,40.66929,-73.842445,5,0,1,1,4066,-7384,0.5925925925925926
2021-06-06T00:00:00.000,10:00,40.764267,-73.9158,0,0,0,0,4076,-7391,0.40476190476190477
2021-06-06T00:00:00.000,19:25,40.70753,-73.96443,1,0,1,1,4070,-7396,0.3431372549019608
2021-06-06T00:00:00.000,0:47,40.83354,-73.89631,1,0,1,1,4083,-7389,0.3333333333333333
2021-06-05T00:00:00.000,17:00,40.680237,-73.96425,1,0,1,1,4068,-7396,0.42567567567567566
2021-06-06T00:00:00.000,17:51,40.632915,-73.95033,0,0,0,0,4063,-7395,0.48484848484848486
2021-06-06T00:00:00.000,6:30,40.85592,-73.9172,0,0,0,0,4085,-7391,0.373134328358209
2021-05-30T00:00:00.000,15:00,40.686905,-73.94463,0,0,0,0,4068,-7394,0.4409448818897638
2021-06-06T00:00:00.000,2:11,40.631542,-74.14891,0,0,0,0,4063,-7414,0.5769230769230769
2021-06-06T00:00:00.000,18:00,40.87443,-73.852165,0,0,0,0,4087,-7385,0.37681159420289856
2021-06-06T00:00:00.000,18:00,40.684513,-73.909386,1,0,1,1,4068,-7390,0.4421052631578947
2021-06-03T00:00:00.000,23:00,40.741665,-74.00293,0,0,0,0,4074,-7400,0.27710843373493976
2021-06-06T00:00:00.000,0:25,40.77074,-73.87841,0,0,0,0,4077,-7387,0.35714285714285715
2021-06-06T00:00:00.000,0:00,40.600388,-73.97359,1,0,1,1,4060,-7397,0.3469387755102041
2021-06-06T00:00:00.000,1:45,40.67398,-73.899315,0,0,0,0,4067,-7389,0.33852140077821014
2021-06-06T00:00:00.000,14:50,40.751522,-73.99396,1,0,1,1,4075,-7399,0.2830188679245283
2021-06-06T00:00:00.000,16:57,40.688553,-73.962845,1,0,1,1,4068,-7396,0.42567567567567566
2021-06-06T00:00:00.000,11:15,40.66769,-73.95732,0,0,0,0,4066,-7395,0.44375
2021-06-06T00:00:00.000,13:20,40.679653,-73.88556,2,0,1,1,4067,-7388,0.30434782608695654
2021-06-06T00:00:00.000,0:00,40.556923,-74.17485,0,0,0,0,4055,-7417,0.25
2021-06-06T00:00:00.000,18:20,40.62601,-73.92471,0,0,0,0,4062,-7392,0.3611111111111111
2021-06-06T00:00:00.000,21:00,40.680496,-73.821365,0,0,0,0,4068,-7382,0.41975308641975306
2021-05-26T00:00:00.000,7:40,40.736534,-73.85611,1,0,1,1,4073,-7385,0.3619047619047619
2021-06-06T00:00:00.000,23:53,40.642174,-74.02064,1,0,1,1,4064,-7402,0.41379310344827586
2021-06-05T00:00:00.000,2:40,40.731964,-73.98816,1,0,1,1,4073,-7398,0.36942675159235666
2021-06-06T00:00:00.000,3:33,40.74456,-73.971375,0,0,0,0,4074,-7397,0.4810810810810811
2021-06-06T00:00:00.000,9:00,40.716652,-73.8259,0,0,0,0,4071,-7382,0.379746835443038
2021-06-06T00:00:00.000,17:00,40.67439,-73.77939,0,0,0,0,4067,-7377,0.32608695652173914
2021-06-06T00:00:00.000,20:52,40.625965,-73.93319,1,0,1,1,4062,-7393,0.4444444444444444
2021-06-06T00:00:00.000,10:37,40.661446,-73.92829,0,0,0,0,4066,-7392,0.355
2021-06-06T00:00:00.000,18:10,40.600426,-73.941895,2,0,1,1,4060,-7394,0.5217391304347826
2021-10-05T00:00:00.000,18:00,40.78801,-73.844734,0,0,0,0,4078,-7384,0.23809523809523808
2021-06-06T00:00:00.000,1:50,40.651398,-73.75888,2,0,1,1,4065,-7375,0.4166666666666667
2021-10-05T00:00:00.000,0:00,40.66188,-73.94557,0,0,0,0,4066,-7394,0.36792452830188677
2021-10-05T00:00:00.000,13:15,40.81653,-73.88975,0,0,0,0,4081,-7388,0.25471698113207547
2021-10-05T00:00:00.000,23:00,40.64137,-73.87729,1,0,1,1,4064,-7387,0.4918032786885246
2021-10-05T00:00:00.000,8:20,40.771477,-73.8173,0,0,0,0,4077,-7381,0.3157894736842105
2021-09-23T00:00:00.000,7:04,40.640625,-74.014984,0,0,0,0,4064,-7401,0.4295774647887324
2021-10-05T00:00:00.000,10:26,40.648045,-74.00009,1,0,1,1,4064,-7400,0.36764705882352944
2021-10-05T00:00:00.000,18:24,40.852882,-73.91561,1,0,1,1,4085,-7391,0.373134328358209
2021-10-05T00:00:00.000,20:40,40.634907,-73.96132,1,0,1,1,4063,-7396,0.34615384615384615
2021-10-05T00:00:00.000,15:20,40.708942,-73.941765,0,0,0,0,4070,-7394,0.3956043956043956
2021-05-25T00:00:00.000,22:09,40.828514,-73.879974,0,1,2,1,4082,-7387,0.33544303797468356
2021-10-04T00:00:00.000,21:00,40.67994,-73.88468,0,0,0,0,4067,-7388,0.30434782608695654
2021-10-05T00:00:00.000,20:15,40.771984,-73.91891,1,0,1,1,4077,-7391,0.3157894736842105
2021-10-05T00:00:00.000,17:46,40.765606,-73.97203,2,0,1,1,4076,-7397,0.37
2021-06-21T00:00:00.000,6:00,40.696903,-73.91907,0,0,0,0,4069,-7391,0.2709677419354839
2021-10-05T00:00:00.000,6:20,40.758343,-73.73062,0,0,0,0,4075,-7373,0.18181818181818182
2021-10-02T00:00:00.000,5:30,40.68685,-73.92349,0,0,0,0,4068,-7392,0.2542372881355932
2021-10-05T00:00:00.000,18:17,40.814556,-73.96249,0,0,0,0,4081,-7396,0.2222222222222222
2021-10-05T00:00:00.000,12:07,40.792725,-73.947395,1,0,1,1,4079,-7394,0.3523809523809524
2021-10-05T00:00:00.000,12:01,40.82935,-73.90254,0,0,0,0,4082,-7390,0.3025210084033613
2021-10-05T00:00:00.000,12:00,40.768433,-73.98696,0,0,0,0,4076,-7398,0.3081761006289308
2021-10-05T00:00:00.000,7:00,40.609287,-73.91275,0,0,0,0,4060,-7391,0.25
2021-10-05T00:00:00.000,20:45,40.71942,-73.820656,4,0,1,1,4071,-7382,0.379746835443038
2021-10-05T00:00:00.000,15:40,40.659172,-73.839874,0,0,0,0,4065,-7383,0.38095238095238093
2021-10-05T00:00:00.000,19:30,40.661156,-73.90759,1,0,1,1,4066,-7390,0.2777777777777778
2021-10-05T00:00:00.000,17:00,40.722057,-73.80279,0,0,0,0,4072,-7380,0.2727272727272727
2021-10-05T00:00:00.000,16:15,40.604244,-73.74342,0,0,0,0,4060,-7374,0.15789473684210525
2021-10-05T00:00:00.000,9:32,40.676937,-73.92183,0,0,0,0,4067,-7392,0.39655172413793105
2021-10-05T00:00:00.000,10:00,40.81351,-73.86019,0,0,0,0,4081,-7386,0.23333333333333334
2021-10-05T00:00:00.000,8:00,40.72867,-73.720924,1,0,1,1,4072,-7372,0.3793103448275862
2021-09-29T00:00:00.000,20:50,40.783844,-73.979996,0,0,0,0,4078,-7397,0.3434343434343434
2021-10-05T00:00:00.000,9:59,40.810947,-73.927155,2,0,1,1,4081,-7392,0.4714285714285714
2021-10-05T00:00:00.000,19:10,40.60589,-74.07427,3,0,1,1,4060,-7407,0.25
2021-10-02T00:00:00.000,11:00,40.8636899,-73.9170643,2,0,1,1,4086,-7391,0.38016528925619836
2021-10-05T00:00:00.000,13:13,40.590527,-73.99292,0,0,0,0,4059,-7399,0.3076923076923077
2021-10-05T00:00:00.000,8:55,40.77883,-73.80136,0,0,0,0,4077,-7380,0.25
2021-10-05T00:00:00.000,17:25,40.730064,-73.87157,0,0,0,0,4073,-7387,0.3140495867768595
2021-10-05T00:00:00.000,7:00,40.82892,-73.83717,2,0,1,1,4082,-7383,0.34210526315789475
2022-04-01T00:00:00.000,17:39,40.710243,-73.9584,1,0,1,1,4071,-7395,0.36585365853658536
2021-10-05T00:00:00.000,8:04,40.738216,-73.98568,0,0,0,0,4073,-7398,0.36942675159235666
2021-10-05T00:00:00.000,6:34,40.817753,-73.888664,0,0,0,0,4081,-7388,0.25471698113207547
2021-10-05T00:00:00.000,0:47,40.83648,-73.897736,0,0,0,0,4083,-7389,0.3333333333333333
2021-10-05T00:00:00.000,19:40,40.85078,-73.91222,0,0,0,0,4085,-7391,0.373134328358209
2021-10-05T00:00:00.000,5:18,40.651108,-73.94283,0,0,0,0,4065,-7394,0.43137254901960786
2021-10-05T00:00:00.000,13:47,40.651974,-73.86542,0,0,0,0,4065,-7386,0.36619718309859156
2021-10-05T00:00:00.000,12:15,40.74707,-73.99107,0,0,0,0,4074,-7399,0.3333333333333333
2021-10-05T00:00:00.000,17:29,40.646515,-73.958115,0,0,0,0,4064,-7395,0.4796747967479675
2021-10-05T00:00:00.000,13:00,40.76394,-73.828156,0,0,0,0,4076,-7382,0.2987012987012987
2021-09-29T00:00:00.000,16:30,40.61132,-74.114716,0,0,0,0,4061,-7411,0.36
2021-10-01T00:00:00.000,16:50,40.753677,-73.914474,1,0,1,1,4075,-7391,0.4777777777777778
2021-10-05T00:00:00.000,15:15,40.626373,-73.99754,0,0,0,0,4062,-7399,0.3835616438356164
2021-10-05T00:00:00.000,18:52,40.73705,-73.99285,0,0,0,0,4073,-7399,0.423728813559322
2021-10-05T00:00:00.000,0:00,40.81151,-73.94649,0,0,0,0,4081,-7394,0.38
2021-10-05T00:00:00.000,19:50,40.804256,-73.9193,0,0,0,0,4080,-7391,0.38961038961038963
2021-10-05T00:00:00.000,8:40,40.645626,-73.89763,0,0,0,0,4064,-7389,0.43478260869565216
2021-10-05T00:00:00.000,7:05,40.671715,-73.8882,0,0,0,0,4067,-7388,0.30434782608695654
2021-10-05T00:00:00.000,9:45,40.746998,-73.89646,0,0,0,0,4074,-7389,0.3203125
2021-10-05T00:00:00.000,8:30,40.6572,-74.004684,1,0,1,1,4065,-7400,0.41509433962264153
2021-10-05T00:00:00.000,9:00,40.73807,-73.93756,0,0,0,0,4073,-7393,0.38461538461538464
2021-10-05T00:00:00.000,23:13,40.615406,-73.97424,3,0,1,1,4061,-7397,0.421875
2021-10-05T00:00:00.000,9:00,40.722622,-73.89368,0,0,0,0,4072,-7389,0.41379310344827586
2021-10-05T00:00:00.000,15:53,40.59592,-73.941025,0,0,0,0,4059,-7394,0.275
2022-04-02T00:00:00.000,7:00,40.703667,-73.9269,0,0,0,0,4070,-7392,0.24305555555555555
2021-10-05T00:00:00.000,17:00,40.74646,-73.878105,0,0,0,0,4074,-7387,0.25663716814159293
2021-10-05T00:00:00.000,6:10,40.666737,-73.78628,0,0,0,0,4066,-7378,0.34615384615384615
2021-10-05T00:00:00.000,18:45,40.73169,-73.80509,1,0,1,1,4073,-7380,0.34285714285714286
2021-10-05T00:00:00.000,14:30,40.73051,-73.94341,0,0,0,0,4073,-7394,0.5
2021-10-01T00:00:00.000,11:50,40.698544,-73.96236,3,0,1,1,4069,-7396,0.325
2022-04-02T00:00:00.000,12:15,40.695976,-73.808975,0,0,0,0,4069,-7380,0.38461538461538464
2021-09-30T00:00:00.000,11:10,40.670887,-73.93649,0,0,0,0,4067,-7393,0.3755868544600939
2021-10-05T00:00:00.000,12:15,40.645622,-73.929726,0,0,0,0,4064,-7392,0.4077669902912621
2021-10-05T00:00:00.000,10:51,40.750744,-73.978676,0,0,0,0,4075,-7397,0.375886524822695
2021-10-05T00:00:00.000,5:45,40.712265,-73.95548,0,0,0,0,4071,-7395,0.36585365853658536
2021-10-05T00:00:00.000,14:57,40.820858,-73.912575,0,0,0,0,4082,-7391,0.3355263157894737
2021-10-05T00:00:00.000,10:38,40.7198,-73.953476,0,0,0,0,4071,-7395,0.36585365853658536
2021-10-05T00:00:00.000,17:00,40.82615,-73.87766,0,0,0,0,4082,-7387,0.33544303797468356
2022-04-02T00:00:00.000,0:28,40.67019,-73.93935,0,0,0,0,4067,-7393,0.3755868544600939
2021-10-05T00:00:00.000,21:30,40.67165,-73.76382,0,0,0,0,4067,-7376,0.23076923076923078
2021-10-05T00:00:00.000,7:20,40.620125,-73.94081,0,0,0,0,4062,-7394,0.41379310344827586
2021-10-05T00:00:00.000,10:42,40.74668,-73.9745,1,0,1,1,4074,-7397,0.4810810810810811
2021-10-05T00:00:00.000,18:42,40.64512,-74.091225,0,0,0,0,4064,-7409,0.3333333333333333
2021-10-05T00:00:00.000,21:29,40.71843,-74.000534,0,0,0,0,4071,-7400,0.25517241379310346
2021-10-05T00:00:00.000,9:15,40.707966,-74.013596,0,0,0,0,4070,-7401,0.140625
2021-09-28T00:00:00.000,19:00,40.671032,-73.93927,0,0,0,0,4067,-7393,0.3755868544600939
2021-10-05T00:00:00.000,10:30,40.750134,-73.80751,0,0,0,0,4075,-7380,0.36363636363636365
2021-10-05T00:00:00.000,11:35,40.726868,-73.988914,0,0,0,0,4072,-7398,0.4342105263157895
2021-10-02T00:00:00.000,8:50,40.82325,-73.88277,0,0,0,0,4082,-7388,0.27624309392265195
2021-10-05T00:00:00.000,5:35,40.665558,-73.72985,0,0,0,0,4066,-7372,0.6190476190476191
2021-10-05T00:00:00.000,20:40,40.8451,-73.91878,0,0,0,0,4084,-7391,0.32558139534883723
2021-10-05T00:00:00.000,16:58,40.815,-73.89402,2,0,1,1,4081,-7389,0.31543624161073824
2021-09-29T00:00:00.000,20:25,40.666348,-73.76093,0,0,0,0,4066,-7376,0.30434782608695654
2021-10-05T00:00:00.000,9:23,40.857414,-73.84662,1,0,1,1,4085,-7384,0.32432432432432434
2021-10-05T00:00:00.000,16:00,40.70215,-73.82033,0,0,0,0,4070,-7382,0.4166666666666667
2021-09-24T00:00:00.000,13:45,40.676598,-73.93039,1,0,1,1,4067,-7393,0.3755868544600939
2021-10-05T00:00:00.000,17:25,40.82099,-73.89589,0,0,0,0,4082,-7389,0.37423312883435583
2021-10-05T00:00:00.000,13:00,40.839996,-73.86832,0,0,0,0,4083,-7386,0.24822695035460993
2021-10-05T00:00:00.000,8:00,40.708927,-73.77733,0,0,0,0,4070,-7377,0.2413793103448276
2021-10-05T00:00:00.000,17:30,40.755356,-73.977425,1,0,1,1,4075,-7397,0.375886524822695
2021-10-05T00:00:00.000,19:00,40.76052,-73.87379,1,0,1,1,4076,-7387,0.48214285714285715
2021-10-05T00:00:00.000,17:14,40.879055,-73.851875,0,0,0,0,4087,-7385,0.37681159420289856
2021-10-05T00:00:00.000,14:50,40.83419,-73.84525,0,0,0,0,4083,-7384,0.22727272727272727
2021-10-05T00:00:00.000,19:30,40.70245,-73.89837,0,0,0,0,4070,-7389,0.2711864406779661
2021-10-05T00:00:00.000,22:45,40.68011,-73.89599,3,0,1,1,4068,-7389,0.5
2021-10-05T00:00:00.000,13:35,40.7088,-73.789474,0,0,0,0,4070,-7378,0.34523809523809523
2021-10-04T00:00:00.000,15:50,40.708668,-73.80393,0,0,0,0,4070,-7380,0.3877551020408163
2021-07-23T00:00:00.000,1:53,40.707653,-73.921776,0,0,0,0,4070,-7392,0.24305555555555555
2021-10-05T00:00:00.000,12:30,40.747066,-73.8569,1,0,1,1,4074,-7385,0.35526315789473684
2021-10-05T00:00:00.000,11:15,40.65166,-73.92841,1,0,1,1,4065,-7392,0.35555555555555557
2021-10-05T00:00:00.000,16:11,40.742252,-73.97769,1,0,1,1,4074,-7397,0.4810810810810811
2021-10-05T00:00:00.000,15:28,40.854015,-73.843506,1,0,1,1,4085,-7384,0.32432432432432434
2021-10-04T00:00:00.000,11:15,40.70915,-73.93955,0,0,0,0,4070,-7393,0.3300970873786408
2021-10-05T00:00:00.000,16:40,40.598976,-73.97602,1,0,1,1,4059,-7397,0.3191489361702128
2021-12-10T00:00:00.000,18:00,40.66278,-73.88086,2,0,1,1,4066,-7388,0.37012987012987014
2022-04-02T00:00:00.000,0:00,40.873806,-73.86929,0,0,0,0,4087,-7386,0.3142857142857143
2022-03-30T00:00:00.000,23:24,40.70041,-73.90368,1,0,1,1,4070,-7390,0.37894736842105264
2022-04-02T00:00:00.000,1:25,40.708763,-73.99929,0,0,0,0,4070,-7399,0.21052631578947367
2022-04-02T00:00:00.000,0:53,40.724606,-73.8789,1,0,1,1,4072,-7387,0.5714285714285714
2022-04-01T00:00:00.000,6:39,40.797676,-73.93729,0,0,0,0,4079,-7393,0.36585365853658536
2022-04-02T00:00:00.000,22:39,40.795326,-73.9713,0,0,0,0,4079,-7397,0.24210526315789474
2022-04-01T00:00:00.000,18:05,40.830822,-73.88211,0,0,0,0,4083,-7388,0.26717557251908397
2022-03-27T00:00:00.000,14:00,40.83823,-73.91866,0,0,0,0,4083,-7391,0.33714285714285713
2022-04-02T00:00:00.000,2:00,40.75198,-73.882835,2,0,1,1,4075,-7388,0.3402061855670103
2022-04-02T00:00:00.000,16:04,40.711903,-73.94902,1,0,1,1,4071,-7394,0.3710691823899371
2022-03-30T00:00:00.000,18:44,40.821804,-73.87664,0,0,0,0,4082,-7387,0.33544303797468356
2022-03-29T00:00:00.000,7:20,40.732555,-73.92509,0,0,0,0,4073,-7392,0.4444444444444444
2022-04-02T00:00:00.000,22:20,40.678738,-73.89887,3,0,1,1,4067,-7389,0.33852140077821014
2022-04-02T00:00:00.000,11:50,40.706917,-73.93972,0,0,0,0,4070,-7393,0.3300970873786408
2022-04-02T00:00:00.000,9:50,40.73662,-73.89417,0,0,0,0,4073,-7389,0.2857142857142857
2022-04-02T00:00:00.000,10:44,40.823257,-73.94293,1,0,1,1,4082,-7394,0.3812154696132597
2022-04-01T00:00:00.000,5:49,40.60555,-73.75629,0,0,0,0,4060,-7375,0.17117117117117117
2022-04-02T00:00:00.000,16:44,40.72142,-73.99904,0,0,0,0,4072,-7399,0.3829787234042553
2022-04-02T00:00:00.000,9:45,40.889057,-73.829346,1,0,1,1,4088,-7382,0.2765957446808511
2022-04-02T00:00:00.000,15:38,40.762226,-73.81532,1,0,1,1,4076,-7381,0.4716981132075472
2022-04-02T00:00:00.000,18:15,40.691753,-73.966576,0,0,0,0,4069,-7396,0.325
2022-04-02T00:00:00.000,13:20,40.83354,-73.89631,1,0,1,1,4083,-7389,0.3333333333333333
2022-04-02T00:00:00.000,4:10,40.69346,-73.9782,0,0,0,0,4069,-7397,0.3253012048192771
2022-04-02T00:00:00.000,18:04,40.713043,-73.82334,0,0,0,0,4071,-7382,0.379746835443038
2022-04-02T00:00:00.000,19:35,40.636448,-73.94513,0,0,0,0,4063,-7394,0.358974358974359
2022-04-02T00:00:00.000,14:00,40.7568,-73.873665,0,0,0,0,4075,-7387,0.33884297520661155
2022-04-02T00:00:00.000,23:30,40.690247,-73.82497,0,0,0,0,4069,-7382,0.37209302325581395
2022-04-02T00:00:00.000,3:00,40.714455,-73.93502,0,0,0,0,4071,-7393,0.2711864406779661
2022-03-31T00:00:00.000,4:55,40.654793,-73.88999,1,0,1,1,4065,-7388,0.41509433962264153
2022-03-25T00:00:00.000,21:55,40.72306,-73.99302,0,0,0,0,4072,-7399,0.3829787234042553
2022-04-02T00:00:00.000,18:20,40.660595,-73.995224,0,0,0,0,4066,-7399,0.40540540540540543
2022-04-02T00:00:00.000,11:30,40.66366,-73.90146,0,0,0,0,4066,-7390,0.2777777777777778
2022-04-02T00:00:00.000,19:00,40.746864,-73.87717,0,0,0,0,4074,-7387,0.25663716814159293
2022-03-31T00:00:00.000,7:40,40.605335,-73.75528,0,0,0,0,4060,-7375,0.17117117117117117
2022-03-31T00:00:00.000,19:00,40.889027,-73.86316,0,0,0,0,4088,-7386,0.23809523809523808
2022-04-02T00:00:00.000,13:35,40.605877,-73.98598,0,0,0,0,4060,-7398,0.2711864406779661
2022-04-02T00:00:00.000,19:42,40.66475,-73.89405,1,0,1,1,4066,-7389,0.3103448275862069
2022-04-02T00:00:00.000,16:00,40.88379,-73.911606,0,0,0,0,4088,-7391,0.23076923076923078
2022-04-02T00:00:00.000,14:35,40.665848,-73.74822,0,0,0,0,4066,-7374,0.3698630136986301
2022-04-02T00:00:00.000,3:10,40.884064,-73.8513,0,0,0,0,4088,-7385,0.36619718309859156
2022-04-01T00:00:00.000,10:30,40.71632,-73.99631,0,0,0,0,4071,-7399,0.3263157894736842
2022-04-02T00:00:00.000,2:42,40.797943,-73.94003,4,0,1,1,4079,-7394,0.3523809523809524
2022-03-30T00:00:00.000,19:32,40.689857,-73.99842,0,0,0,0,4068,-7399,0.17857142857142858
2022-04-02T00:00:00.000,15:44,40.80834,-73.92775,1,0,1,1,4080,-7392,0.3141025641025641
2022-04-02T00:00:00.000,19:36,40.82451,-73.95186,0,0,0,0,4082,-7395,0.4117647058823529
2022-04-01T00:00:00.000,18:30,40.655632,-73.95987,0,0,0,0,4065,-7395,0.38686131386861317
2022-04-02T00:00:00.000,22:01,40.75887,-73.82064,1,0,1,1,4075,-7382,0.4915254237288136
2022-03-30T00:00:00.000,14:09,40.59514,-73.754,0,0,0,0,4059,-7375,0.17777777777777778
2022-04-02T00:00:00.000,3:00,40.812595,-73.82705,0,0,0,0,4081,-7382,0.07142857142857142
2022-04-02T00:00:00.000,20:12,40.735325,-73.98987,0,0,0,0,4073,-7398,0.36942675159235666
2022-04-02T00:00:00.000,1:45,40.826794,-73.881615,0,0,0,0,4082,-7388,0.27624309392265195
2022-03-29T00:00:00.000,9:00,40.744946,-73.99133,1,0,1,1,4074,-7399,0.3333333333333333
2022-04-24T00:00:00.000,17:01,40.62135,-73.91747,1,0,1,1,4062,-7391,0.3333333333333333
2022-04-02T00:00:00.000,23:10,40.76221,-73.92298,0,0,0,0,4076,-7392,0.42105263157894735
2022-04-02T00:00:00.000,21:50,40.75462,-73.99713,0,0,0,0,4075,-7399,0.2830188679245283
2022-04-02T00:00:00.000,17:50,40.68083,-73.827194,2,0,1,1,4068,-7382,0.41975308641975306
2022-04-02T00:00:00.000,11:52,40.714455,-73.935295,0,0,0,0,4071,-7393,0.2711864406779661
2022-04-01T00:00:00.000,11:15,40.659016,-73.95673,1,0,1,1,4065,-7395,0.38686131386861317
2022-04-02T00:00:00.000,1:00,40.763245,-73.75806,1,0,1,1,4076,-7375,0.3409090909090909
2022-03-29T00:00:00.000,5:35,40.553123,-74.177155,1,0,1,1,4055,-7417,0.25
2022-04-02T00:00:00.000,16:00,40.64701,-73.95812,0,0,0,0,4064,-7395,0.4796747967479675
2022-03-28T00:00:00.000,17:30,40.735313,-73.994125,1,0,1,1,4073,-7399,0.423728813559322
2022-04-02T00:00:00.000,12:15,40.666344,-73.95203,1,0,1,1,4066,-7395,0.44375
2022-04-02T00:00:00.000,10:55,40.51107,-74.24669,0,0,0,0,4051,-7424,0.21428571428571427
2022-04-02T00:00:00.000,20:30,40.826656,-73.8739,1,0,1,1,4082,-7387,0.33544303797468356
2022-04-02T00:00:00.000,8:45,40.735214,-73.99172,0,0,0,0,4073,-7399,0.423728813559322
2022-04-02T00:00:00.000,9:00,40.70952,-73.95433,0,0,0,0,4070,-7395,0.3475177304964539
2022-04-02T00:00:00.000,11:00,40.776905,-73.84623,0,0,0,0,4077,-7384,0.125
2022-03-30T00:00:00.000,12:00,40.72593,-73.91837,0,0,0,0,4072,-7391,0.36
2022-04-02T00:00:00.000,0:27,40.82389,-73.87461,0,0,0,0,4082,-7387,0.33544303797468356
2022-04-02T00:00:00.000,8:30,40.616035,-74.073944,2,0,1,1,4061,-7407,0.2
2022-04-02T00:00:00.000,16:39,40.733097,-73.804985,0,0,0,0,4073,-7380,0.34285714285714286
2022-04-02T00:00:00.000,17:16,40.544487,-74.176506,1,0,1,1,4054,-7417,0.4444444444444444
2022-04-02T00:00:00.000,12:29,40.755516,-73.98363,1,0,1,1,4075,-7398,0.3170731707317073
2022-03-28T00:00:00.000,18:10,40.71771,-73.99952,0,0,0,0,4071,-7399,0.3263157894736842
2022-04-02T00:00:00.000,8:49,40.70183,-73.91933,0,0,0,0,4070,-7391,0.27450980392156865
2022-03-27T00:00:00.000,3:30,40.72911,-74.01068,0,0,0,0,4072,-7401,0.4
2020-04-04T00:00:00.000,15:00,40.790295,-73.9694,0,0,0,0,4079,-7396,0.25
2021-12-14T00:00:00.000,12:30,40.66098,-73.76391,1,0,1,1,4066,-7376,0.30434782608695654
2022-04-02T00:00:00.000,16:00,40.66551,-73.992775,0,0,0,0,4066,-7399,0.40540540540540543
2022-04-02T00:00:00.000,5:15,40.706722,-73.806244,0,0,0,0,4070,-7380,0.3877551020408163
2022-03-29T00:00:00.000,18:00,40.68389,-73.93823,0,0,0,0,4068,-7393,0.3619047619047619
2022-04-02T00:00:00.000,23:25,40.756985,-73.987144,0,0,0,0,4075,-7398,0.3170731707317073
2022-03-28T00:00:00.000,16:55,40.64712,-74.01517,1,0,1,1,4064,-7401,0.4295774647887324
2022-07-02T00:00:00.000,11:29,40.817596,-73.95319,1,0,1,1,4081,-7395,0.3509933774834437
2022-04-02T00:00:00.000,8:48,40.86315,-73.90907,1,0,1,1,4086,-7390,0.42748091603053434
2022-04-02T00:00:00.000,23:49,40.836403,-73.875595,0,0,0,0,4083,-7387,0.38414634146341464
2022-04-02T00:00:00.000,17:44,40.5758,-74.12734,0,0,0,0,4057,-7412,0.36363636363636365
2022-04-02T00:00:00.000,6:35,40.828693,-73.87774,1,0,1,1,4082,-7387,0.33544303797468356
2022-04-01T00:00:00.000,23:30,40.724136,-73.992615,0,0,0,0,4072,-7399,0.3829787234042553
2022-04-02T00:00:00.000,10:30,40.678722,-73.952995,2,0,1,1,4067,-7395,0.3695652173913043
2022-03-31T00:00:00.000,22:30,40.809494,-73.935814,0,0,0,0,4080,-7393,0.36312849162011174
2022-04-02T00:00:00.000,18:05,40.877033,-73.846375,1,0,1,1,4087,-7384,0.47297297297297297
2022-04-02T00:00:00.000,19:22,40.716034,-73.80416,3,0,1,1,4071,-7380,0.42105263157894735
2022-04-02T00:00:00.000,12:29,40.71052,-73.95821,0,0,0,0,4071,-7395,0.36585365853658536
2022-04-02T00:00:00.000,8:41,40.826656,-73.8739,1,0,1,1,4082,-7387,0.33544303797468356
2022-04-02T00:00:00.000,17:42,40.68064,-73.95338,1,0,1,1,4068,-7395,0.38571428571428573
2022-04-01T00:00:00.000,20:50,40.816044,-73.91195,0,0,0,0,4081,-7391,0.47244094488188976
2022-04-01T00:00:00.000,10:40,40.8205,-73.891075,0,0,0,0,4082,-7389,0.37423312883435583
2022-04-02T00:00:00.000,12:37,40.69538,-73.985115,0,0,0,0,4069,-7398,0.3229166666666667
2022-04-02T00:00:00.000,13:40,40.754776,-73.892815,1,0,1,1,4075,-7389,0.4805194805194805
2021-12-20T00:00:00.000,18:56,40.779476,-73.97358,0,0,0,0,4077,-7397,0.38235294117647056
2021-12-28T00:00:00.000,15:00,40.617626,-73.92869,0,0,0,0,4061,-7392,0.2982456140350877
2021-12-31T00:00:00.000,12:10,40.615578,-73.994995,1,0,1,1,4061,-7399,0.29411764705882354
2021-12-29T00:00:00.000,13:06,40.730274,-73.88722,0,0,0,0,4073,-7388,0.2777777777777778
2021-12-30T00:00:00.000,19:00,40.71094,-73.77885,0,0,0,0,4071,-7377,0.20967741935483872
2021-12-30T00:00:00.000,11:00,40.789497,-73.78225,1,0,1,1,4078,-7378,0.4375
2021-12-30T00:00:00.000,6:00,40.757393,-73.93547,0,0,0,0,4075,-7393,0.43478260869565216
2021-12-30T00:00:00.000,14:35,40.636456,-74.000534,0,0,0,0,4063,-7400,0.3068181818181818
2021-12-30T00:00:00.000,18:35,40.840927,-73.912704,1,0,1,1,4084,-7391,0.32558139534883723
2021-12-28T00:00:00.000,21:26,40.65753,-73.89797,0,0,0,0,4065,-7389,0.34965034965034963
2021-12-30T00:00:00.000,18:02,40.832897,-73.862274,1,0,1,1,4083,-7386,0.24822695035460993
2021-12-31T00:00:00.000,11:08,40.896694,-73.853516,1,0,1,1,4089,-7385,0.3813559322033898
2021-12-31T00:00:00.000,12:50,40.884033,-73.89797,1,0,1,1,4088,-7389,0.4626865671641791
2021-12-31T00:00:00.000,0:11,40.8617,-73.89139,0,0,0,0,4086,-7389,0.40606060606060607
2021-12-29T00:00:00.000,0:05,40.622204,-73.94405,1,0,1,1,4062,-7394,0.41379310344827586
2021-12-20T00:00:00.000,9:30,40.78545,-73.946236,0,0,0,0,4078,-7394,0.33513513513513515
2021-12-24T00:00:00.000,16:40,40.652626,-74.00617,1,0,1,1,4065,-7400,0.41509433962264153
2021-12-30T00:00:00.000,5:00,40.75585,-73.88259,0,0,0,0,4075,-7388,0.3402061855670103
2021-12-30T00:00:00.000,11:10,40.77652,-73.915924,2,0,1,1,4077,-7391,0.3157894736842105
2021-12-24T00:00:00.000,10:00,40.82269,-73.94947,1,0,1,1,4082,-7394,0.3812154696132597
2021-12-31T00:00:00.000,16:10,40.75899,-73.83454,1,0,1,1,4075,-7383,0.37681159420289856
2021-12-29T00:00:00.000,18:37,40.878853,-73.87349,0,0,0,0,4087,-7387,0.297029702970297
2021-12-29T00:00:00.000,15:30,40.758152,-73.9724,0,0,0,0,4075,-7397,0.375886524822695
2021-12-29T00:00:00.000,8:55,40.711777,-73.99971,0,0,0,0,4071,-7399,0.3263157894736842
2021-12-23T00:00:00.000,17:01,40.610146,-74.099884,1,0,1,1,4061,-7409,0.46153846153846156
2021-12-31T00:00:00.000,5:35,40.77279,-73.837135,0,0,0,0,4077,-7383,0.25
2021-12-25T00:00:00.000,13:00,40.911236,-73.90009,3,0,1,1,4091,-7390,0.3333333333333333
2021-12-29T00:00:00.000,13:34,40.682823,-73.976585,0,0,0,0,4068,-7397,0.3412322274881517
2021-12-29T00:00:00.000,5:15,40.710735,-73.961815,0,0,0,0,4071,-7396,0.3218390804597701
2021-12-30T00:00:00.000,0:00,40.836708,-73.87527,0,0,0,0,4083,-7387,0.38414634146341464
2021-12-30T00:00:00.000,1:06,40.629013,-74.011635,0,0,0,0,4062,-7401,0.3829787234042553
2021-12-30T00:00:00.000,15:45,40.660847,-73.8403,1,0,1,1,4066,-7384,0.5925925925925926
2021-12-31T00:00:00.000,13:38,40.585747,-73.948845,0,0,0,0,4058,-7394,0.40816326530612246
2021-12-30T00:00:00.000,23:38,40.572784,-73.99597,0,0,0,0,4057,-7399,0.32558139534883723
2021-12-31T00:00:00.000,4:26,40.647655,-73.930954,0,0,0,0,4064,-7393,0.3333333333333333
2021-12-28T00:00:00.000,13:46,40.58774,-73.809875,0,0,0,0,4058,-7380,0.4
2021-12-23T00:00:00.000,21:43,40.685764,-73.9415,0,0,0,0,4068,-7394,0.4409448818897638
2021-12-31T00:00:00.000,12:00,40.676014,-73.97947,0,0,0,0,4067,-7397,0.2818181818181818
2021-12-29T00:00:00.000,3:49,40.672062,-73.925255,2,0,1,1,4067,-7392,0.39655172413793105
2021-12-21T00:00:00.000,8:20,40.672344,-73.892746,2,0,1,1,4067,-7389,0.33852140077821014
2021-12-29T00:00:00.000,12:29,40.766064,-73.93089,0,0,0,0,4076,-7393,0.44680851063829785
2021-12-31T00:00:00.000,17:49,40.667915,-73.77523,0,0,0,0,4066,-7377,0.37362637362637363
2021-12-31T00:00:00.000,17:57,40.736073,-73.77356,1,0,1,1,4073,-7377,0.5789473684210527
2021-12-30T00:00:00.000,4:35,40.670403,-73.85629,1,0,1,1,4067,-7385,0.26666666666666666
2021-12-31T00:00:00.000,21:10,40.64757,-73.89856,0,0,0,0,4064,-7389,0.43478260869565216
2021-12-30T00:00:00.000,11:30,40.654953,-74.00703,1,0,1,1,4065,-7400,0.41509433962264153
2021-12-28T00:00:00.000,23:10,40.800278,-73.95353,0,0,0,0,4080,-7395,0.381294964028777
2021-12-31T00:00:00.000,0:00,40.708786,-73.954445,0,0,0,0,4070,-7395,0.3475177304964539
2021-12-24T00:00:00.000,13:00,40.570835,-74.16983,1,0,1,1,4057,-7416,0.36363636363636365
2021-12-28T00:00:00.000,1:12,40.73129,-73.9904,1,0,1,1,4073,-7399,0.423728813559322
2021-12-26T00:00:00.000,22:04,40.711422,-73.77622,0,0,0,0,4071,-7377,0.20967741935483872
2021-12-31T00:00:00.000,11:15,40.725147,-73.86971,0,0,0,0,4072,-7386,0.42424242424242425
2021-12-25T00:00:00.000,9:30,40.834164,-73.922226,0,0,0,0,4083,-7392,0.310126582278481
2021-12-30T00:00:00.000,9:30,40.765686,-73.82913,0,0,0,0,4076,-7382,0.2987012987012987
2021-12-31T00:00:00.000,6:31,40.76645,-73.9085,0,0,0,0,4076,-7390,0.3055555555555556
2021-12-30T00:00:00.000,13:00,40.62072,-74.029205,0,0,0,0,4062,-7402,0.3625
2021-12-31T00:00:00.000,13:10,40.824215,-73.909195,0,0,0,0,4082,-7390,0.3025210084033613
2021-12-30T00:00:00.000,15:20,40.594616,-73.99743,0,0,0,0,4059,-7399,0.3076923076923077
2021-12-29T00:00:00.000,17:13,40.664055,-73.9427,0,0,0,0,4066,-7394,0.36792452830188677
2021-12-17T00:00:00.000,8:45,40.677513,-73.95913,1,0,1,1,4067,-7395,0.3695652173913043
2021-12-25T00:00:00.000,13:15,40.88008,-73.883606,1,0,1,1,4088,-7388,0.42857142857142855
2021-12-29T00:00:00.000,19:25,0.0,0.0,2,0,1,1,0,0,0.40425531914893614
2021-12-31T00:00:00.000,8:00,40.868282,-73.90108,0,0,0,0,4086,-7390,0.42748091603053434
2021-12-29T00:00:00.000,17:45,40.87729,-73.90633,3,0,1,1,4087,-7390,0.3184713375796178
2021-12-14T00:00:00.000,0:50,40.616035,-74.073944,0,0,0,0,4061,-7407,0.2
2021-12-24T00:00:00.000,14:00,40.652462,-73.87658,1,0,1,1,4065,-7387,0.2857142857142857
2021-12-31T00:00:00.000,15:45,40.880318,-73.841286,0,0,0,0,4088,-7384,0.4153846153846154
2021-12-29T00:00:00.000,11:20,40.776318,-73.962135,1,0,1,1,4077,-7396,0.3695652173913043
2021-12-29T00:00:00.000,19:05,40.755745,-73.83076,1,0,1,1,4075,-7383,0.37681159420289856
2021-12-28T00:00:00.000,15:24,40.647995,-73.952774,1,0,1,1,4064,-7395,0.4796747967479675
2021-12-30T00:00:00.000,12:05,40.635506,-73.913284,0,0,0,0,4063,-7391,0.5
2021-12-30T00:00:00.000,17:40,40.56895,-74.12491,0,0,0,0,4056,-7412,0.2222222222222222
2021-12-29T00:00:00.000,23:40,40.723083,-73.72817,0,0,0,0,4072,-7372,0.3793103448275862
2021-12-30T00:00:00.000,13:00,40.682537,-73.95002,4,0,1,1,4068,-7395,0.38571428571428573
2021-12-29T00:00:00.000,11:15,40.822914,-73.84893,0,0,0,0,4082,-7384,0.3835616438356164
2021-12-25T00:00:00.000,13:20,40.66638,-73.86109,1,0,1,1,4066,-7386,0.35
2021-12-31T00:00:00.000,11:25,40.58774,-73.809875,0,0,0,0,4058,-7380,0.4
2021-12-31T00:00:00.000,12:43,40.667847,-73.99404,1,0,1,1,4066,-7399,0.40540540540540543
2021-12-31T00:00:00.000,15:10,40.795956,-73.97083,1,0,1,1,4079,-7397,0.24210526315789474
2021-12-30T00:00:00.000,1:35,40.717323,-73.82496,0,0,0,0,4071,-7382,0.379746835443038
2021-12-27T00:00:00.000,17:47,40.652767,-73.8863,1,0,1,1,4065,-7388,0.41509433962264153
2021-12-29T00:00:00.000,13:45,40.670193,-73.88969,0,0,0,0,4067,-7388,0.30434782608695654
2021-12-31T00:00:00.000,1:20,40.7317,-73.82561,0,0,0,0,4073,-7382,0.45454545454545453
2021-12-30T00:00:00.000,16:15,40.69911,-73.81233,0,0,0,0,4069,-7381,0.3902439024390244
2021-12-29T00:00:00.000,6:30,40.557568,-74.207,0,0,0,0,4055,-7420,0.2
2021-09-30T00:00:00.000,1:30,40.821712,-73.90646,0,0,0,0,4082,-7390,0.3025210084033613
2021-12-30T00:00:00.000,0:05,40.589985,-73.95568,1,0,1,1,4058,-7395,0.3465346534653465
2021-12-29T00:00:00.000,18:30,40.73223,-73.77856,1,0,1,1,4073,-7377,0.5789473684210527
2021-12-21T00:00:00.000,0:00,40.89664,-73.88053,2,0,1,1,4089,-7388,0.5
2021-12-29T00:00:00.000,17:14,40.693886,-73.999245,1,0,1,1,4069,-7399,0.29473684210526313
2021-12-30T00:00:00.000,9:26,40.780754,-73.95258,0,0,0,0,4078,-7395,0.42168674698795183
2021-12-29T00:00:00.000,23:57,40.643745,-73.97009,1,0,1,1,4064,-7397,0.4095238095238095
2021-12-29T00:00:00.000,15:40,40.623886,-73.89559,2,0,1,1,4062,-7389,0.3333333333333333
2021-12-29T00:00:00.000,9:05,40.622307,-73.94312,1,0,1,1,4062,-7394,0.41379310344827586
2021-12-30T00:00:00.000,11:05,40.82413,-73.94098,0,0,0,0,4082,-7394,0.3812154696132597
2021-12-28T00:00:00.000,11:00,40.677944,-73.87604,0,0,0,0,4067,-7387,0.30344827586206896
2022-04-08T00:00:00.000,12:30,40.73037,-73.81092,0,0,0,0,4073,-7381,0.3181818181818182
2021-12-31T00:00:00.000,3:10,40.691444,-73.75211,0,0,0,0,4069,-7375,0.3584905660377358
2021-12-31T00:00:00.000,17:50,40.645042,-73.99965,0,0,0,0,4064,-7399,0.3442622950819672
2021-12-31T00:00:00.000,5:00,40.737663,-73.99348,0,0,0,0,4073,-7399,0.423728813559322
2021-12-30T00:00:00.000,16:40,40.6769,-73.78158,0,0,0,0,4067,-7378,0.2
2021-12-31T00:00:00.000,1:30,40.741642,-73.997444,0,0,0,0,4074,-7399,0.3333333333333333
2021-12-31T00:00:00.000,18:00,40.80543,-73.92087,0,0,0,0,4080,-7392,0.3141025641025641
2021-12-29T00:00:00.000,20:15,40.667736,-73.826614,1,0,1,1,4066,-7382,0.43103448275862066
2021-12-24T00:00:00.000,21:00,40.62387,-74.07922,0,0,0,0,4062,-7407,0.35714285714285715
2021-12-30T00:00:00.000,14:30,40.709938,-74.0045,0,0,0,0,4070,-7400,0.2542372881355932
2021-12-29T00:00:00.000,19:21,40.757874,-73.788506,0,0,0,0,4075,-7378,0.18518518518518517
2021-12-30T00:00:00.000,20:42,40.75388,-73.822815,1,0,1,1,4075,-7382,0.4915254237288136
2021-12-31T00:00:00.000,18:03,40.753284,-73.90691,1,0,1,1,4075,-7390,0.37254901960784315
2021-12-27T00:00:00.000,11:00,40.70951,-73.95088,2,0,1,1,4070,-7395,0.3475177304964539
2021-12-28T00:00:00.000,23:40,40.703163,-73.81662,0,0,0,0,4070,-7381,0.3194444444444444
2021-12-30T00:00:00.000,21:10,40.71312,-73.83376,1,0,1,1,4071,-7383,0.37349397590361444
2021-12-27T00:00:00.000,21:00,40.655785,-73.86289,0,0,0,0,4065,-7386,0.36619718309859156
2020-10-03T00:00:00.000,21:10,40.85482,-73.9112,1,0,1,1,4085,-7391,0.373134328358209
2021-01-04T00:00:00.000,17:50,40.835724,-73.92129,1,0,1,1,4083,-7392,0.310126582278481
2021-12-31T00:00:00.000,12:35,40.602947,-73.89932,0,0,0,0,4060,-7389,0.625
2021-12-27T00:00:00.000,13:03,40.626183,-74.07426,1,0,1,1,4062,-7407,0.35714285714285715
2021-12-30T00:00:00.000,22:20,40.673798,-73.73179,0,0,0,0,4067,-7373,0.46835443037974683
2021-12-29T00:00:00.000,12:00,40.67772,-73.86486,0,0,0,0,4067,-7386,0.3431372549019608
2021-12-31T00:00:00.000,2:30,40.763344,-73.75791,0,0,0,0,4076,-7375,0.3409090909090909
2021-12-20T00:00:00.000,8:58,40.775013,-73.990776,0,0,0,0,4077,-7399,0.4166666666666667
2021-06-06T00:00:00.000,3:30,40.643604,-73.94301,2,0,1,1,4064,-7394,0.42342342342342343
2021-06-05T00:00:00.000,21:00,40.8086,-73.909775,4,0,1,1,4080,-7390,0.36538461538461536
2021-06-04T00:00:00.000,17:00,40.85183,-73.91258,1,0,1,1,4085,-7391,0.373134328358209
2021-05-29T00:00:00.000,5:50,40.829468,-73.874756,0,0,0,0,4082,-7387,0.33544303797468356
2021-06-07T00:00:00.000,8:50,40.698105,-73.7827,0,0,0,0,4069,-7378,0.29310344827586204
2021-06-07T00:00:00.000,14:20,40.821075,-73.89004,1,0,1,1,4082,-7389,0.37423312883435583
2021-06-07T00:00:00.000,7:05,40.83677,-73.88597,1,0,1,1,4083,-7388,0.26717557251908397
2021-06-07T00:00:00.000,16:30,40.628407,-73.923996,0,0,0,0,4062,-7392,0.3611111111111111
2021-06-06T00:00:00.000,21:35,40.660824,-73.95065,1,0,1,1,4066,-7395,0.44375
2021-06-03T00:00:00.000,23:10,40.66725,-73.88799,0,0,0,0,4066,-7388,0.37012987012987014
2021-06-07T00:00:00.000,15:43,40.65371,-73.89246,0,0,0,0,4065,-7389,0.34965034965034963
2021-06-07T00:00:00.000,0:00,40.87932,-73.869804,0,0,0,0,4087,-7386,0.3142857142857143
2021-06-07T00:00:00.000,0:05,40.697716,-73.967735,1,0,1,1,4069,-7396,0.325
2021-06-07T00:00:00.000,16:42,40.69078,-73.72728,0,0,0,0,4069,-7372,0.40425531914893614
2021-06-06T00:00:00.000,7:45,40.64685,-74.019264,0,0,0,0,4064,-7401,0.4295774647887324
2021-06-07T00:00:00.000,16:07,40.848255,-73.90976,1,0,1,1,4084,-7390,0.366120218579235
2021-06-07T00:00:00.000,8:00,40.691456,-73.9178,0,0,0,0,4069,-7391,0.2709677419354839
2021-06-07T00:00:00.000,6:00,40.607555,-74.08711,0,0,0,0,4060,-7408,0.3235294117647059
2021-06-04T00:00:00.000,14:35,40.80777,-73.94549,1,0,1,1,4080,-7394,0.41116751269035534
2021-06-06T00:00:00.000,14:45,40.77731,-73.95841,0,0,0,0,4077,-7395,0.3384615384615385
2021-06-07T00:00:00.000,21:16,40.742474,-73.95277,0,0,0,0,4074,-7395,0.35185185185185186
2021-06-07T00:00:00.000,12:55,40.668926,-73.88748,0,0,0,0,4066,-7388,0.37012987012987014
2021-06-06T00:00:00.000,20:12,40.843105,-73.91044,1,0,1,1,4084,-7391,0.32558139534883723
2021-06-07T00:00:00.000,9:30,40.809605,-73.94981,0,0,0,0,4080,-7394,0.41116751269035534
2021-12-29T00:00:00.000,19:18,40.645103,-74.01033,1,0,1,1,4064,-7401,0.4295774647887324
2021-06-07T00:00:00.000,0:30,40.68056,-73.93458,0,0,0,0,4068,-7393,0.3619047619047619
2021-06-07T00:00:00.000,16:04,40.66615,-73.80575,0,0,0,0,4066,-7380,0.40789473684210525
2021-06-05T00:00:00.000,15:26,40.65241,-73.9264,0,0,0,0,4065,-7392,0.35555555555555557
2021-06-07T00:00:00.000,16:45,40.680523,-73.7633,1,0,1,1,4068,-7376,0.35714285714285715
2021-06-07T00:00:00.000,1:50,40.697536,-73.87106,0,0,0,0,4069,-7387,0.5
2021-06-07T00:00:00.000,15:25,40.585487,-74.093124,0,0,0,0,4058,-7409,0.15625
2021-06-07T00:00:00.000,10:30,40.69252,-73.81693,0,0,0,0,4069,-7381,0.3902439024390244
2021-06-07T00:00:00.000,5:47,40.815403,-73.85871,1,0,1,1,4081,-7385,0.30434782608695654
2021-06-04T00:00:00.000,15:15,40.64305,-73.9764,1,0,1,1,4064,-7397,0.4095238095238095
2021-06-04T00:00:00.000,14:37,40.636692,-73.9832,1,0,1,1,4063,-7398,0.4827586206896552
2021-06-05T00:00:00.000,22:10,40.707092,-73.89724,2,0,1,1,4070,-7389,0.2711864406779661
2021-06-07T00:00:00.000,10:40,40.711823,-73.83612,0,0,0,0,4071,-7383,0.37349397590361444
2021-06-07T00:00:00.000,4:12,40.788895,-73.81869,0,0,0,0,4078,-7381,0.22580645161290322
2021-06-07T00:00:00.000,15:45,40.664616,-73.894875,0,0,0,0,4066,-7389,0.3103448275862069
2021-05-21T00:00:00.000,17:50,40.66552,-73.74467,1,0,1,1,4066,-7374,0.3698630136986301
2021-06-07T00:00:00.000,14:00,40.67875,-73.794,3,0,1,1,4067,-7379,0.4264705882352941
2021-06-07T00:00:00.000,8:25,40.86553,-73.86056,0,0,0,0,4086,-7386,0.4642857142857143
2021-06-07T00:00:00.000,14:28,40.58185,-74.129395,0,0,0,0,4058,-7412,0.0
2021-06-01T00:00:00.000,19:41,40.57892,-73.97497,0,0,0,0,4057,-7397,0.2619047619047619
2021-06-07T00:00:00.000,1:50,40.64272,-73.90606,0,0,0,0,4064,-7390,0.4017094017094017
2021-06-07T00:00:00.000,16:30,40.625595,-73.9576,0,0,0,0,4062,-7395,0.4444444444444444
2021-06-01T00:00:00.000,20:12,40.812775,-73.88701,1,0,1,1,4081,-7388,0.25471698113207547
2021-06-07T00:00:00.000,8:30,40.66777,-73.94514,0,0,0,0,4066,-7394,0.36792452830188677
2021-06-07T00:00:00.000,18:50,40.616543,-74.07818,0,0,0,0,4061,-7407,0.2
2021-06-07T00:00:00.000,7:55,40.706116,-73.92891,0,0,0,0,4070,-7392,0.24305555555555555
2021-06-07T00:00:00.000,16:15,40.83302,-73.862724,3,0,1,1,4083,-7386,0.24822695035460993
2021-06-07T00:00:00.000,2:25,40.679237,-73.867294,0,0,0,0,4067,-7386,0.3431372549019608
2021-06-07T00:00:00.000,11:14,40.814754,-73.95896,1,0,1,1,4081,-7395,0.3509933774834437
2021-06-07T00:00:00.000,16:18,40.581852,-74.092026,0,0,0,0,4058,-7409,0.15625
2021-06-06T00:00:00.000,13:35,40.752052,-74.000984,0,0,0,0,4075,-7400,0.3888888888888889
2021-06-07T00:00:00.000,13:20,40.748203,-73.84962,1,0,1,1,4074,-7384,0.42857142857142855
2021-06-07T00:00:00.000,0:25,40.677414,-73.98607,0,0,0,0,4067,-7398,0.3655913978494624
2021-06-07T00:00:00.000,23:12,40.705456,-73.90666,0,0,0,0,4070,-7390,0.37894736842105264
2021-06-07T00:00:00.000,11:24,40.664314,-73.907814,0,0,0,0,4066,-7390,0.2777777777777778
2021-06-07T00:00:00.000,17:00,40.629387,-74.13745,0,0,0,0,4062,-7413,0.4074074074074074
2021-06-07T00:00:00.000,8:40,40.739674,-73.934586,0,0,0,0,4073,-7393,0.38461538461538464
2021-06-07T00:00:00.000,2:15,40.64423,-74.014915,2,0,1,1,4064,-7401,0.4295774647887324
2021-06-07T00:00:00.000,15:00,40.717808,-73.99692,0,0,0,0,4071,-7399,0.3263157894736842
2021-06-06T00:00:00.000,20:35,40.71235,-73.89129,0,0,0,0,4071,-7389,0.38095238095238093
2021-06-07T00:00:00.000,7:08,40.637547,-74.003845,1,0,1,1,4063,-7400,0.3068181818181818
2021-06-07T00:00:00.000,21:35,40.67907,-73.97385,0,0,0,0,4067,-7397,0.2818181818181818
2021-06-07T00:00:00.000,16:30,40.658577,-73.89063,1,0,1,1,4065,-7389,0.34965034965034963
2021-06-07T00:00:00.000,19:20,40.69546,-73.99399,0,0,0,0,4069,-7399,0.29473684210526313
2021-06-07T00:00:00.000,18:16,40.695877,-73.742516,0,0,0,0,4069,-7374,0.46774193548387094
2021-06-07T00:00:00.000,15:00,40.648266,-73.90581,0,0,0,0,4064,-7390,0.4017094017094017
2021-06-07T00:00:00.000,18:20,40.65745,-73.956566,1,0,1,1,4065,-7395,0.38686131386861317
2021-06-07T00:00:00.000,17:00,40.792362,-73.96418,0,0,0,0,4079,-7396,0.25
2021-06-06T00:00:00.000,19:48,40.65711,-74.00152,4,0,1,1,4065,-7400,0.41509433962264153
2021-06-01T00:00:00.000,8:47,40.666348,-73.76093,1,0,1,1,4066,-7376,0.30434782608695654
2021-06-07T00:00:00.000,6:33,40.827,-73.84359,1,0,1,1,4082,-7384,0.3835616438356164
2021-06-07T00:00:00.000,11:00,40.71558,-73.960144,0,0,0,0,4071,-7396,0.3218390804597701
2021-12-31T00:00:00.000,17:30,40.764614,-73.937805,0,0,0,0,4076,-7393,0.44680851063829785
2021-06-07T00:00:00.000,14:00,40.588737,-73.974014,0,0,0,0,4058,-7397,0.2727272727272727
2021-06-07T00:00:00.000,16:55,40.654446,-73.74569,1,0,1,1,4065,-7374,0.4583333333333333
2021-06-07T00:00:00.000,17:41,40.7118,-73.94224,2,0,1,1,4071,-7394,0.3710691823899371
2021-06-07T00:00:00.000,16:20,40.609657,-73.95622,0,0,0,0,4060,-7395,0.4791666666666667
2021-06-07T00:00:00.000,14:28,40.702255,-73.92008,1,0,1,1,4070,-7392,0.24305555555555555
2021-06-07T00:00:00.000,11:23,40.597122,-74.00418,0,0,0,0,4059,-7400,0.2962962962962963
2021-06-07T00:00:00.000,1:05,40.677605,-74.002754,1,0,1,1,4067,-7400,0.20967741935483872
2021-06-07T00:00:00.000,23:05,40.769333,-73.912445,0,0,0,0,4076,-7391,0.40476190476190477
2021-05-25T00:00:00.000,23:00,40.683464,-73.97569,0,0,0,0,4068,-7397,0.3412322274881517
2021-06-07T00:00:00.000,13:00,40.717342,-73.99118,1,0,1,1,4071,-7399,0.3263157894736842
2021-06-07T00:00:00.000,19:50,40.609055,-73.93677,1,0,1,1,4060,-7393,0.4117647058823529
2021-06-06T00:00:00.000,3:47,40.630283,-73.97816,2,0,1,1,4063,-7397,0.36893203883495146
2021-06-07T00:00:00.000,6:20,40.84744,-73.89968,0,0,0,0,4084,-7389,0.33766233766233766
2021-06-07T00:00:00.000,9:15,40.669792,-73.8924,0,0,0,0,4066,-7389,0.3103448275862069
2021-06-07T00:00:00.000,9:00,40.73068,-73.94923,0,0,0,0,4073,-7394,0.5
2021-06-05T00:00:00.000,21:15,40.842667,-73.90685,1,0,1,1,4084,-7390,0.366120218579235
2021-06-07T00:00:00.000,13:55,40.69808,-73.92536,0,0,0,0,4069,-7392,0.3584905660377358
2021-06-06T00:00:00.000,8:30,40.801037,-73.95142,0,0,0,0,4080,-7395,0.381294964028777
2021-06-07T00:00:00.000,19:45,40.700123,-73.90622,0,0,0,0,4070,-7390,0.37894736842105264
2021-06-05T00:00:00.000,16:38,40.83639,-73.91588,2,0,1,1,4083,-7391,0.33714285714285713
2021-06-07T00:00:00.000,13:30,40.63948,-74.016174,0,0,0,0,4063,-7401,0.37777777777777777
2021-06-05T00:00:00.000,23:28,40.79226,-73.93654,0,0,0,0,4079,-7393,0.36585365853658536
2021-06-07T00:00:00.000,15:57,40.61232,-73.93172,2,0,1,1,4061,-7393,0.34285714285714286
2021-06-06T00:00:00.000,18:16,40.848736,-73.93234,0,0,0,0,4084,-7393,0.32786885245901637
2021-06-04T00:00:00.000,4:30,40.638065,-73.97735,0,0,0,0,4063,-7397,0.36893203883495146
2021-06-07T00:00:00.000,15:00,40.66811,-73.88215,1,0,1,1,4066,-7388,0.37012987012987014
2021-06-07T00:00:00.000,22:30,40.671627,-73.96263,0,0,0,0,4067,-7396,0.3466666666666667
2021-06-07T00:00:00.000,9:07,40.808514,-73.93938,1,0,1,1,4080,-7393,0.36312849162011174
2021-06-07T00:00:00.000,7:00,40.66159,-73.99686,0,0,0,0,4066,-7399,0.40540540540540543
2021-06-07T00:00:00.000,11:05,40.724136,-73.992615,0,0,0,0,4072,-7399,0.3829787234042553
2021-05-26T00:00:00.000,14:30,40.651405,-73.758896,0,0,0,0,4065,-7375,0.4166666666666667
2021-06-07T00:00:00.000,10:00,40.636192,-73.99258,0,0,0,0,4063,-7399,0.47692307692307695
2021-06-07T00:00:00.000,15:00,40.710403,-73.77146,2,0,1,1,4071,-7377,0.20967741935483872
2021-06-07T00:00:00.000,14:40,40.576744,-73.98372,2,0,1,1,4057,-7398,0.36904761904761907
2021-06-07T00:00:00.000,1:30,40.665874,-73.89724,0,0,0,0,4066,-7389,0.3103448275862069
2021-06-07T00:00:00.000,17:40,40.825573,-73.918465,0,0,0,0,4082,-7391,0.3355263157894737
2021-06-07T00:00:00.000,18:30,40.862747,-73.90494,0,0,0,0,4086,-7390,0.42748091603053434
2021-06-07T00:00:00.000,7:45,40.672527,-73.821266,2,0,1,1,4067,-7382,0.4186046511627907
2021-06-07T00:00:00.000,19:30,40.76631,-73.77341,0,0,0,0,4076,-7377,0.20588235294117646
2021-06-07T00:00:00.000,16:45,40.75836,-73.99841,0,0,0,0,4075,-7399,0.2830188679245283
2021-06-07T00:00:00.000,23:15,40.677208,-73.89723,1,0,1,1,4067,-7389,0.33852140077821014
2021-06-07T00:00:00.000,13:40,40.620686,-74.11002,2,0,1,1,4062,-7411,0.5238095238095238
2021-06-04T00:00:00.000,16:20,40.709015,-73.95965,0,0,0,0,4070,-7395,0.3475177304964539
2021-06-07T00:00:00.000,11:30,40.588226,-73.92391,0,0,0,0,4058,-7392,0.375
2021-06-07T00:00:00.000,9:00,40.5837,-73.81705,0,0,0,0,4058,-7381,0.1875
2021-06-06T00:00:00.000,5:30,40.654327,-73.9221,0,0,0,0,4065,-7392,0.35555555555555557
2021-06-07T00:00:00.000,8:59,40.780178,-73.95721,0,0,0,0,4078,-7395,0.42168674698795183
2021-06-06T00:00:00.000,21:50,40.637955,-73.97832,0,0,0,0,4063,-7397,0.36893203883495146
2021-06-07T00:00:00.000,16:45,40.817173,-73.94606,1,0,1,1,4081,-7394,0.38
2021-06-07T00:00:00.000,16:45,40.836105,-73.917435,0,0,0,0,4083,-7391,0.33714285714285713
2021-06-07T00:00:00.000,6:32,40.854874,-73.916794,0,0,0,0,4085,-7391,0.373134328358209
2021-06-07T00:00:00.000,20:20,40.824875,-73.85389,0,0,0,0,4082,-7385,0.27
2021-05-17T00:00:00.000,10:30,40.66394,-73.73822,0,0,0,0,4066,-7373,0.44339622641509435
2021-06-07T00:00:00.000,12:20,40.685764,-73.981865,0,0,0,0,4068,-7398,0.3873239436619718
2021-12-30T00:00:00.000,9:45,40.639786,-74.0266,1,0,1,1,4063,-7402,0.3877551020408163
2021-05-05T00:00:00.000,6:50,40.68088,-73.9633,0,0,0,0,4068,-7396,0.42567567567567566
2021-06-07T00:00:00.000,18:36,40.66609,-73.82809,1,0,1,1,4066,-7382,0.43103448275862066
2021-06-07T00:00:00.000,9:30,40.642086,-73.89892,0,0,0,0,4064,-7389,0.43478260869565216
2021-06-07T00:00:00.000,3:10,40.84989,-73.93332,0,0,0,0,4084,-7393,0.32786885245901637
2021-06-07T00:00:00.000,8:26,40.657753,-73.89612,1,0,1,1,4065,-7389,0.34965034965034963
2021-06-07T00:00:00.000,16:30,40.70942,-73.99319,0,0,0,0,4070,-7399,0.21052631578947367
2021-06-07T00:00:00.000,21:45,40.834526,-73.89775,0,0,0,0,4083,-7389,0.3333333333333333
2021-06-07T00:00:00.000,16:00,40.653812,-73.95567,0,0,0,0,4065,-7395,0.38686131386861317
2021-06-07T00:00:00.000,8:30,40.664837,-73.91343,0,0,0,0,4066,-7391,0.3630952380952381
2021-06-07T00:00:00.000,11:25,40.7406,-73.989426,0,0,0,0,4074,-7398,0.40131578947368424
2021-06-07T00:00:00.000,7:21,40.583874,-73.823044,0,0,0,0,4058,-7382,0.11764705882352941
2021-06-07T00:00:00.000,16:15,40.722343,-73.77717,0,0,0,0,4072,-7377,0.375
2021-06-07T00:00:00.000,7:53,40.85029,-73.86555,1,0,1,1,4085,-7386,0.33766233766233766
2021-06-07T00:00:00.000,17:56,40.755264,-73.88817,2,0,1,1,4075,-7388,0.3402061855670103
2021-06-07T00:00:00.000,12:01,40.8047,-73.91243,0,0,0,0,4080,-7391,0.38961038961038963
2021-06-07T00:00:00.000,9:00,40.837975,-73.86956,0,0,0,0,4083,-7386,0.24822695035460993
2021-06-07T00:00:00.000,7:20,40.66698,-73.75488,1,0,1,1,4066,-7375,0.3
2021-06-01T00:00:00.000,22:10,40.658646,-73.923935,0,0,0,0,4065,-7392,0.35555555555555557
2021-06-07T00:00:00.000,6:30,40.711227,-73.72826,2,0,1,1,4071,-7372,0.40425531914893614
2021-06-07T00:00:00.000,19:45,40.659584,-73.76785,0,0,0,0,4065,-7376,0.35714285714285715
2021-06-07T00:00:00.000,12:00,40.776276,-73.95795,0,0,0,0,4077,-7395,0.3384615384615385
2021-06-07T00:00:00.000,1:39,40.63032,-73.9213,0,0,0,0,4063,-7392,0.4036697247706422
2021-06-04T00:00:00.000,22:39,40.64452,-73.91207,0,0,0,0,4064,-7391,0.39805825242718446
2021-06-06T00:00:00.000,4:19,40.60325,-73.99969,0,0,0,0,4060,-7399,0.31683168316831684
2021-06-07T00:00:00.000,9:30,40.72415,-73.89869,3,0,1,1,4072,-7389,0.41379310344827586
2021-06-07T00:00:00.000,17:15,40.64479,-74.01433,1,0,1,1,4064,-7401,0.4295774647887324
2021-06-01T00:00:00.000,14:20,40.725304,-73.721085,0,0,0,0,4072,-7372,0.3793103448275862
2021-06-03T00:00:00.000,13:14,40.637817,-73.97956,0,0,0,0,4063,-7397,0.36893203883495146
2021-06-07T00:00:00.000,18:01,40.576885,-74.00323,0,0,0,0,4057,-7400,0.3157894736842105
2021-06-07T00:00:00.000,1:24,40.747852,-73.99291,0,0,0,0,4074,-7399,0.3333333333333333
2021-06-07T00:00:00.000,5:20,40.70089,-73.94221,2,0,1,1,4070,-7394,0.3956043956043956
2021-06-07T00:00:00.000,1:30,40.69832,-73.962265,1,0,1,1,4069,-7396,0.325
2021-06-07T00:00:00.000,8:40,40.58672,-73.97234,0,0,0,0,4058,-7397,0.2727272727272727
2021-06-07T00:00:00.000,12:30,40.691353,-73.92142,1,0,1,1,4069,-7392,0.3584905660377358
2021-05-30T00:00:00.000,0:55,40.759308,-73.944176,1,0,1,1,4075,-7394,0.41333333333333333
2021-06-07T00:00:00.000,15:15,40.78911,-73.96656,0,0,0,0,4078,-7396,0.28125
2021-06-07T00:00:00.000,20:14,40.708324,-73.84314,0,0,0,0,4070,-7384,0.43333333333333335
2021-06-07T00:00:00.000,17:16,40.642517,-73.987915,0,0,0,0,4064,-7398,0.40425531914893614
2021-06-07T00:00:00.000,0:20,40.65812,-73.934006,0,0,0,0,4065,-7393,0.44366197183098594
2021-06-07T00:00:00.000,15:35,40.698036,-73.962845,0,0,0,0,4069,-7396,0.325
2021-06-07T00:00:00.000,20:00,40.644093,-73.97635,0,0,0,0,4064,-7397,0.4095238095238095
2021-06-07T00:00:00.000,14:55,40.803677,-73.92209,0,0,0,0,4080,-7392,0.3141025641025641
2021-06-07T00:00:00.000,20:55,40.804012,-73.93097,0,0,0,0,4080,-7393,0.36312849162011174
2021-06-07T00:00:00.000,2:24,40.649956,-73.884125,2,0,1,1,4064,-7388,0.3225806451612903
2021-06-07T00:00:00.000,11:09,40.633926,-74.13021,0,0,0,0,4063,-7413,0.2903225806451613
2021-06-03T00:00:00.000,9:51,40.62685,-73.97643,1,0,1,1,4062,-7397,0.38666666666666666
2021-06-05T00:00:00.000,16:11,40.64337,-73.995346,0,0,0,0,4064,-7399,0.3442622950819672
2021-06-07T00:00:00.000,14:34,40.807915,-73.937965,0,0,0,0,4080,-7393,0.36312849162011174
2021-06-07T00:00:00.000,20:01,40.690266,-73.91546,2,0,1,1,4069,-7391,0.2709677419354839
2021-05-24T00:00:00.000,18:00,40.640263,-74.019035,0,0,0,0,4064,-7401,0.4295774647887324
2021-06-07T00:00:00.000,16:18,40.858433,-73.885124,1,0,1,1,4085,-7388,0.3
2021-06-07T00:00:00.000,20:10,40.68683,-73.86703,1,0,1,1,4068,-7386,0.423728813559322
2021-06-07T00:00:00.000,8:53,40.711212,-73.96339,0,0,0,0,4071,-7396,0.3218390804597701
2021-06-07T00:00:00.000,16:10,40.79335,-73.97275,0,0,0,0,4079,-7397,0.24210526315789474
2021-06-07T00:00:00.000,1:20,40.861744,-73.911804,2,0,1,1,4086,-7391,0.38016528925619836
2021-06-06T00:00:00.000,10:57,40.81859,-73.82221,0,0,0,0,4081,-7382,0.07142857142857142
2021-06-07T00:00:00.000,10:27,40.84733,-73.85131,0,0,0,0,4084,-7385,0.32727272727272727
2021-06-07T00:00:00.000,10:40,40.663483,-73.9627,4,0,1,1,4066,-7396,0.4074074074074074
2021-06-07T00:00:00.000,16:30,40.843002,-73.90359,1,0,1,1,4084,-7390,0.366120218579235
2021-06-07T00:00:00.000,3:16,40.68207,-73.92808,0,0,0,0,4068,-7392,0.2542372881355932
2021-06-07T00:00:00.000,14:30,40.61476,-74.069016,2,0,1,1,4061,-7406,0.2
2021-06-07T00:00:00.000,22:40,40.696228,-73.97348,0,0,0,0,4069,-7397,0.3253012048192771
2021-06-07T00:00:00.000,8:00,40.71445,-73.9306,0,0,0,0,4071,-7393,0.2711864406779661
2021-06-07T00:00:00.000,10:55,40.66677,-73.77952,0,0,0,0,4066,-7377,0.37362637362637363
2021-06-07T00:00:00.000,10:35,40.753166,-73.82194,1,0,1,1,4075,-7382,0.4915254237288136
2021-06-07T00:00:00.000,17:12,40.695415,-73.90806,1,0,1,1,4069,-7390,0.29591836734693877
2021-06-07T00:00:00.000,14:00,40.827297,-73.86919,0,0,0,0,4082,-7386,0.3493975903614458
2021-06-07T00:00:00.000,12:10,40.601974,-73.93278,0,0,0,0,4060,-7393,0.4117647058823529
2021-06-07T00:00:00.000,23:44,40.823082,-73.86722,3,0,1,1,4082,-7386,0.3493975903614458
2021-06-07T00:00:00.000,16:45,40.57863,-74.11543,0,0,0,0,4057,-7411,0.37142857142857144
2021-06-03T00:00:00.000,17:11,40.80761,-73.95305,0,0,0,0,4080,-7395,0.381294964028777
2021-06-07T00:00:00.000,15:00,40.712635,-73.7554,0,0,0,0,4071,-7375,0.3269230769230769
2021-06-05T00:00:00.000,13:13,40.78263,-73.9512,0,0,0,0,4078,-7395,0.42168674698795183
2021-06-07T00:00:00.000,9:30,40.895374,-73.86356,0,0,0,0,4089,-7386,0.28205128205128205
2021-06-03T00:00:00.000,7:40,40.706463,-73.96078,0,0,0,0,4070,-7396,0.3431372549019608
2021-06-07T00:00:00.000,0:20,40.73873,-73.81428,0,0,0,0,4073,-7381,0.3181818181818182
2021-06-07T00:00:00.000,14:21,40.777504,-73.954956,0,0,0,0,4077,-7395,0.3384615384615385
2021-06-07T00:00:00.000,0:40,40.65855,-73.91573,1,0,1,1,4065,-7391,0.425
2022-07-02T00:00:00.000,20:00,40.858986,-73.89382,1,0,1,1,4085,-7389,0.3353658536585366
2021-06-07T00:00:00.000,12:30,40.585842,-74.09275,0,0,0,0,4058,-7409,0.15625
2021-06-07T00:00:00.000,13:24,40.73736,-73.934074,0,0,0,0,4073,-7393,0.38461538461538464
2021-06-07T00:00:00.000,2:47,40.626823,-73.996796,1,0,1,1,4062,-7399,0.3835616438356164
2021-12-30T00:00:00.000,22:30,40.758854,-73.88502,0,0,0,0,4075,-7388,0.3402061855670103
2021-06-07T00:00:00.000,13:15,40.683727,-73.96092,0,0,0,0,4068,-7396,0.42567567567567566
2021-06-06T00:00:00.000,8:50,40.716824,-73.82019,1,0,1,1,4071,-7382,0.379746835443038
2021-12-18T00:00:00.000,11:30,40.818394,-73.95089,0,0,0,0,4081,-7395,0.3509933774834437
2021-06-07T00:00:00.000,17:09,40.669144,-73.76591,2,0,1,1,4066,-7376,0.30434782608695654
2021-05-31T00:00:00.000,17:23,40.70485,-73.90562,0,0,0,0,4070,-7390,0.37894736842105264
2021-06-07T00:00:00.000,23:26,40.842464,-73.92414,2,0,1,1,4084,-7392,0.3181818181818182
2021-06-07T00:00:00.000,13:00,40.677456,-73.97344,0,0,0,0,4067,-7397,0.2818181818181818
2021-06-07T00:00:00.000,18:13,40.74874,-73.77832,1,0,1,1,4074,-7377,0.36363636363636365
2021-06-07T00:00:00.000,5:30,40.689976,-73.79955,1,0,1,1,4068,-7379,0.35
2021-06-07T00:00:00.000,18:49,40.725777,-73.79175,1,0,1,1,4072,-7379,0.3333333333333333
2021-06-07T00:00:00.000,18:00,40.6468,-73.88496,0,0,0,0,4064,-7388,0.3225806451612903
2021-06-07T00:00:00.000,18:30,40.849236,-73.86922,0,0,0,0,4084,-7386,0.375
2021-06-07T00:00:00.000,14:55,40.639675,-74.11777,0,0,0,0,4063,-7411,0.20689655172413793
2021-06-07T00:00:00.000,17:25,40.608765,-73.986725,0,0,0,0,4060,-7398,0.2711864406779661
2021-05-25T00:00:00.000,20:50,40.641804,-73.95154,0,0,0,0,4064,-7395,0.4796747967479675
2021-06-07T00:00:00.000,0:50,40.608204,-73.920715,0,0,0,0,4060,-7392,0.3333333333333333
2021-06-07T00:00:00.000,17:40,40.775593,-73.91135,0,0,0,0,4077,-7391,0.3157894736842105
2021-05-27T00:00:00.000,17:13,40.752243,-73.70212,0,0,0,0,4075,-7370,0.4166666666666667
2021-06-07T00:00:00.000,8:00,40.598827,-74.16685,0,0,0,0,4059,-7416,0.29411764705882354
2021-06-07T00:00:00.000,13:53,40.835705,-73.88875,3,0,1,1,4083,-7388,0.26717557251908397
2021-06-07T00:00:00.000,10:44,40.809364,-73.88322,0,0,0,0,4080,-7388,0.15789473684210525
2021-06-07T00:00:00.000,0:45,40.591534,-73.97401,0,0,0,0,4059,-7397,0.3191489361702128
2021-06-05T00:00:00.000,13:44,40.800972,-73.947174,1,0,1,1,4080,-7394,0.41116751269035534
2021-06-07T00:00:00.000,9:00,40.756104,-73.800804,0,0,0,0,4075,-7380,0.36363636363636365
2021-06-07T00:00:00.000,14:00,40.753925,-73.99761,0,0,0,0,4075,-7399,0.2830188679245283
2021-06-07T00:00:00.000,19:10,40.68043,-73.842926,1,0,1,1,4068,-7384,0.3333333333333333
2021-06-07T00:00:00.000,11:50,40.785633,-73.855995,0,0,0,0,4078,-7385,0.0
2021-06-07T00:00:00.000,14:00,40.75276,-73.87539,1,0,1,1,4075,-7387,0.33884297520661155
2021-06-07T00:00:00.000,21:00,40.830437,-73.83748,0,0,0,0,4083,-7383,0.36363636363636365
2021-06-07T00:00:00.000,9:00,40.679485,-73.87929,0,0,0,0,4067,-7387,0.30344827586206896
2021-06-07T00:00:00.000,21:00,40.812252,-73.955284,0,0,0,0,4081,-7395,0.3509933774834437
2021-05-22T00:00:00.000,2:35,40.64232,-73.926254,0,0,0,0,4064,-7392,0.4077669902912621
2021-06-07T00:00:00.000,15:00,40.845005,-73.90741,0,0,0,0,4084,-7390,0.366120218579235
2021-06-06T00:00:00.000,13:00,40.660137,-73.983925,0,0,0,0,4066,-7398,0.421875
2021-06-07T00:00:00.000,12:15,40.686108,-73.96644,0,0,0,0,4068,-7396,0.42567567567567566
2021-06-07T00:00:00.000,8:32,40.706852,-73.948204,0,0,0,0,4070,-7394,0.3956043956043956
2021-12-24T00:00:00.000,21:30,40.66364,-73.88469,0,0,0,0,4066,-7388,0.37012987012987014
2021-06-07T00:00:00.000,0:00,40.70927,-73.797325,1,0,1,1,4070,-7379,0.3978494623655914
2021-06-07T00:00:00.000,8:10,40.621353,-73.96993,0,0,0,0,4062,-7396,0.375
2021-06-07T00:00:00.000,1:30,40.69832,-73.962265,1,0,1,1,4069,-7396,0.325
2021-06-07T00:00:00.000,17:30,40.64828,-73.998955,2,0,1,1,4064,-7399,0.3442622950819672
2021-06-07T00:00:00.000,15:20,40.75928,-73.959274,0,0,0,0,4075,-7395,0.38095238095238093
2021-06-05T00:00:00.000,9:30,40.849907,-73.93977,0,0,0,0,4084,-7393,0.32786885245901637
2021-06-07T00:00:00.000,10:30,40.59457,-73.76441,0,0,0,0,4059,-7376,0.23809523809523808
2021-06-07T00:00:00.000,19:25,40.635544,-74.01123,0,0,0,0,4063,-7401,0.37777777777777777
2021-06-07T00:00:00.000,0:55,40.675266,-73.78261,0,0,0,0,4067,-7378,0.2
2021-06-07T00:00:00.000,13:56,40.737545,-74.00387,0,0,0,0,4073,-7400,0.2403846153846154
2022-06-30T00:00:00.000,19:00,40.66059,-73.931335,1,0,1,1,4066,-7393,0.38578680203045684
2021-06-07T00:00:00.000,21:00,40.703022,-73.83125,1,0,1,1,4070,-7383,0.3541666666666667
2021-06-07T00:00:00.000,17:55,40.678276,-73.910805,0,0,0,0,4067,-7391,0.36597938144329895
2021-06-07T00:00:00.000,13:23,40.748398,-73.94479,0,0,0,0,4074,-7394,0.33962264150943394
2021-06-07T00:00:00.000,6:39,40.62847,-74.002525,1,0,1,1,4062,-7400,0.3150684931506849
2021-12-29T00:00:00.000,17:23,40.66059,-73.931335,1,0,1,1,4066,-7393,0.38578680203045684
2021-06-07T00:00:00.000,14:14,40.64471,-73.957985,0,0,0,0,4064,-7395,0.4796747967479675
2021-06-07T00:00:00.000,14:55,40.661705,-73.92487,0,0,0,0,4066,-7392,0.355
2021-06-01T00:00:00.000,17:13,40.71799,-73.96424,0,0,0,0,4071,-7396,0.3218390804597701
2021-06-07T00:00:00.000,5:55,40.644554,-73.916046,0,0,0,0,4064,-7391,0.39805825242718446
2021-06-03T00:00:00.000,10:50,40.78202,-73.97173,0,0,0,0,4078,-7397,0.3434343434343434
2022-04-02T00:00:00.000,18:33,40.60216,-73.94707,0,0,0,0,4060,-7394,0.5217391304347826
2021-06-07T00:00:00.000,14:30,40.82267,-73.92007,0,0,0,0,4082,-7392,0.3333333333333333
2021-05-21T00:00:00.000,9:50,40.66696,-73.77078,0,0,0,0,4066,-7377,0.37362637362637363
2021-06-07T00:00:00.000,7:40,40.73261,-73.8686,0,0,0,0,4073,-7386,0.3464566929133858
2021-06-07T00:00:00.000,17:40,40.658897,-73.8418,0,0,0,0,4065,-7384,0.5
2021-06-07T00:00:00.000,10:13,40.612442,-74.15922,2,0,1,1,4061,-7415,0.3333333333333333
2021-06-07T00:00:00.000,15:00,40.676605,-73.88157,0,0,0,0,4067,-7388,0.30434782608695654
2021-06-07T00:00:00.000,14:45,40.884617,-73.83195,0,0,0,0,4088,-7383,0.3448275862068966
2021-06-07T00:00:00.000,15:55,40.738544,-73.90293,1,0,1,1,4073,-7390,0.42424242424242425
2021-06-07T00:00:00.000,10:40,40.810917,-73.902725,0,0,0,0,4081,-7390,0.3888888888888889
2021-06-07T00:00:00.000,11:54,40.711628,-73.729385,0,0,0,0,4071,-7372,0.40425531914893614
2021-06-07T00:00:00.000,20:26,40.849354,-73.889,0,0,0,0,4084,-7388,0.390625
2021-06-07T00:00:00.000,8:00,40.620438,-74.1672,0,0,0,0,4062,-7416,0.24444444444444444
2021-06-07T00:00:00.000,21:20,40.79525,-73.97321,1,0,1,1,4079,-7397,0.24210526315789474
2021-05-31T00:00:00.000,16:12,40.783417,-73.956955,0,0,0,0,4078,-7395,0.42168674698795183
2021-05-27T00:00:00.000,20:04,40.843136,-73.91097,0,0,0,0,4084,-7391,0.32558139534883723
2021-06-07T00:00:00.000,1:39,40.67045,-73.911896,1,0,1,1,4067,-7391,0.36597938144329895
2021-06-07T00:00:00.000,7:10,40.811638,-73.9316,0,0,0,0,4081,-7393,0.32432432432432434
2021-06-07T00:00:00.000,22:45,40.71217,-74.00557,0,0,0,0,4071,-7400,0.25517241379310346
2021-06-07T00:00:00.000,8:31,40.82579,-73.941055,1,0,1,1,4082,-7394,0.3812154696132597
2021-06-07T00:00:00.000,17:40,40.674232,-73.86177,0,0,0,0,4067,-7386,0.3431372549019608
2021-06-07T00:00:00.000,15:00,40.715034,-73.99681,1,0,1,1,4071,-7399,0.3263157894736842
2021-06-02T00:00:00.000,6:10,40.666695,-73.767136,0,0,0,0,4066,-7376,0.30434782608695654
2021-06-07T00:00:00.000,13:24,40.818592,-73.86731,3,0,1,1,4081,-7386,0.23333333333333334
2022-04-02T00:00:00.000,1:17,40.723305,-74.00299,0,0,0,0,4072,-7400,0.32926829268292684
2021-06-07T00:00:00.000,11:05,40.58848,-73.991875,1,0,1,1,4058,-7399,0.23076923076923078
2021-06-07T00:00:00.000,17:12,40.62546,-74.14845,0,0,0,0,4062,-7414,0.20408163265306123
2021-06-07T00:00:00.000,7:30,40.65906,-73.88459,5,0,1,1,4065,-7388,0.41509433962264153
2021-06-07T00:00:00.000,16:00,40.728302,-73.8549,0,0,0,0,4072,-7385,0.4418604651162791
2021-06-05T00:00:00.000,18:55,40.634468,-73.99271,1,0,1,1,4063,-7399,0.47692307692307695
2021-06-07T00:00:00.000,19:10,40.74498,-73.89325,1,0,1,1,4074,-7389,0.3203125
2021-06-07T00:00:00.000,13:45,40.668793,-73.97999,0,0,0,0,4066,-7397,0.24390243902439024
2021-06-05T00:00:00.000,18:38,40.842247,-73.91403,1,0,1,1,4084,-7391,0.32558139534883723
2021-06-07T00:00:00.000,21:10,40.898876,-73.85539,1,0,1,1,4089,-7385,0.3813559322033898
2021-06-07T00:00:00.000,16:05,40.57944,-73.979614,1,0,1,1,4057,-7397,0.2619047619047619
2021-06-07T00:00:00.000,12:00,40.71018,-73.91085,0,0,0,0,4071,-7391,0.1836734693877551
2021-06-03T00:00:00.000,5:00,40.803726,-73.95779,1,0,1,1,4080,-7395,0.381294964028777
2021-06-06T00:00:00.000,21:35,40.828938,-73.82823,0,0,0,0,4082,-7382,0.46153846153846156
2021-06-07T00:00:00.000,10:33,40.641724,-73.919624,0,0,0,0,4064,-7391,0.39805825242718446
2021-06-07T00:00:00.000,1:45,40.64668,-73.92403,0,0,0,0,4064,-7392,0.4077669902912621
2021-06-07T00:00:00.000,0:00,40.646786,-74.008575,2,0,1,1,4064,-7400,0.36764705882352944
2021-06-04T00:00:00.000,10:42,40.631596,-73.98494,0,0,0,0,4063,-7398,0.4827586206896552
2021-06-07T00:00:00.000,13:54,40.77074,-73.93002,0,0,0,0,4077,-7393,0.20833333333333334
2021-06-04T00:00:00.000,16:11,40.630688,-73.98947,0,0,0,0,4063,-7398,0.4827586206896552
2021-06-06T00:00:00.000,17:30,40.726444,-73.90317,0,0,0,0,4072,-7390,0.2978723404255319
2021-06-07T00:00:00.000,11:40,40.788055,-73.94433,0,0,0,0,4078,-7394,0.33513513513513515
2021-06-07T00:00:00.000,13:28,40.731117,-73.985855,0,0,0,0,4073,-7398,0.36942675159235666
2021-06-07T00:00:00.000,13:55,40.66118,-73.95696,17,0,1,1,4066,-7395,0.44375
2021-06-07T00:00:00.000,12:18,40.705482,-73.92826,1,0,1,1,4070,-7392,0.24305555555555555
2021-06-07T00:00:00.000,8:30,40.749054,-73.95222,0,0,0,0,4074,-7395,0.35185185185185186
2021-06-07T00:00:00.000,5:50,40.667522,-73.78063,0,0,0,0,4066,-7378,0.34615384615384615
2021-06-07T00:00:00.000,20:30,40.80999,-73.93754,0,0,0,0,4080,-7393,0.36312849162011174
2021-06-07T00:00:00.000,17:00,40.59761,-74.084496,0,0,0,0,4059,-7408,0.36363636363636365
2021-06-07T00:00:00.000,8:00,40.825573,-73.918465,1,0,1,1,4082,-7391,0.3355263157894737
2021-06-03T00:00:00.000,7:38,40.803726,-73.95779,0,0,0,0,4080,-7395,0.381294964028777
2021-04-29T00:00:00.000,15:45,40.83955,-73.91595,0,0,0,0,4083,-7391,0.33714285714285713
2022-04-02T00:00:00.000,0:00,40.782005,-73.95167,0,0,0,0,4078,-7395,0.42168674698795183
2021-06-07T00:00:00.000,18:00,40.667942,-73.99074,1,0,1,1,4066,-7399,0.40540540540540543
2021-05-22T00:00:00.000,16:40,40.7861,-73.93967,0,0,0,0,4078,-7393,0.4444444444444444
2021-06-07T00:00:00.000,21:30,40.605595,-73.98404,0,0,0,0,4060,-7398,0.2711864406779661
2021-06-07T00:00:00.000,19:30,40.71781,-73.80358,0,0,0,0,4071,-7380,0.42105263157894735
2021-06-07T00:00:00.000,8:17,40.598976,-73.97602,0,0,0,0,4059,-7397,0.3191489361702128
2021-06-07T00:00:00.000,1:26,40.73319,-73.866875,0,0,0,0,4073,-7386,0.3464566929133858
2021-06-06T00:00:00.000,17:39,40.61462,-73.968666,1,0,1,1,4061,-7396,0.30666666666666664
2021-06-07T00:00:00.000,22:55,40.63677,-73.95,0,0,0,0,4063,-7395,0.48484848484848486
2021-06-07T00:00:00.000,14:11,40.861744,-73.911804,0,0,0,0,4086,-7391,0.38016528925619836
2021-06-07T00:00:00.000,13:20,40.639744,-73.92987,0,0,0,0,4063,-7392,0.4036697247706422
2021-06-06T00:00:00.000,0:45,40.80133,-73.950195,0,0,0,0,4080,-7395,0.381294964028777
2021-06-07T00:00:00.000,14:50,40.665398,-73.95093,1,0,1,1,4066,-7395,0.44375
2021-06-07T00:00:00.000,5:25,40.648705,-74.01177,0,0,0,0,4064,-7401,0.4295774647887324
2021-06-07T00:00:00.000,21:33,40.847546,-73.93565,0,0,0,0,4084,-7393,0.32786885245901637
2021-06-07T00:00:00.000,14:25,40.587337,-73.81306,1,0,1,1,4058,-7381,0.1875
2021-06-07T00:00:00.000,14:00,40.641186,-74.014404,0,0,0,0,4064,-7401,0.4295774647887324
2021-05-29T00:00:00.000,14:50,40.672688,-73.73544,0,0,0,0,4067,-7373,0.46835443037974683
2021-06-04T00:00:00.000,18:05,40.63509,-74.160255,1,0,1,1,4063,-7416,0.3333333333333333
2021-06-07T00:00:00.000,16:50,40.596107,-73.968445,0,0,0,0,4059,-7396,0.38596491228070173
2021-06-07T00:00:00.000,8:10,40.761143,-73.75549,0,0,0,0,4076,-7375,0.3409090909090909
2021-06-07T00:00:00.000,7:35,40.623585,-74.00671,0,0,0,0,4062,-7400,0.3150684931506849
2021-06-07T00:00:00.000,12:10,40.716965,-73.99443,0,0,0,0,4071,-7399,0.3263157894736842
2021-12-29T00:00:00.000,20:25,40.832047,-73.88775,2,0,1,1,4083,-7388,0.26717557251908397
2021-06-07T00:00:00.000,7:37,40.703556,-73.78805,0,0,0,0,4070,-7378,0.34523809523809523
2021-06-07T00:00:00.000,9:30,40.730026,-73.945244,0,0,0,0,4073,-7394,0.5
2021-06-07T00:00:00.000,19:30,40.80563,-73.922554,2,0,1,1,4080,-7392,0.3141025641025641
2021-06-07T00:00:00.000,7:30,40.64882,-74.00288,0,0,0,0,4064,-7400,0.36764705882352944
2021-06-06T00:00:00.000,1:05,40.812622,-73.92934,0,0,0,0,4081,-7392,0.4714285714285714
2021-06-07T00:00:00.000,19:40,40.78597,-73.96885,0,0,0,0,4078,-7396,0.28125
2021-06-07T00:00:00.000,1:30,40.764988,-73.82067,0,0,0,0,4076,-7382,0.2987012987012987
2021-06-07T00:00:00.000,14:25,40.66632,-73.89926,0,0,0,0,4066,-7389,0.3103448275862069
2021-06-07T00:00:00.000,23:26,40.818615,-73.889175,0,0,0,0,4081,-7388,0.25471698113207547
2021-06-07T00:00:00.000,3:50,40.715412,-73.912834,0,0,0,0,4071,-7391,0.1836734693877551
2021-06-07T00:00:00.000,15:14,40.652855,-73.94577,0,0,0,0,4065,-7394,0.43137254901960786
2021-06-07T00:00:00.000,0:40,40.756367,-73.96012,0,0,0,0,4075,-7396,0.4788732394366197
2021-06-06T00:00:00.000,17:58,40.80417,-73.966705,1,0,1,1,4080,-7396,0.31343283582089554
2021-06-07T00:00:00.000,13:45,40.863266,-73.89203,0,0,0,0,4086,-7389,0.40606060606060607
2021-06-07T00:00:00.000,21:26,40.726044,-73.90204,3,0,1,1,4072,-7390,0.2978723404255319
2021-06-07T00:00:00.000,8:50,40.70938,-73.86964,0,0,0,0,4070,-7386,0.38235294117647056
2021-05-16T00:00:00.000,12:45,40.82098,-73.89388,0,0,0,0,4082,-7389,0.37423312883435583
2021-06-07T00:00:00.000,18:54,40.90489,-73.84964,0,0,0,0,4090,-7384,0.28205128205128205
2021-06-07T00:00:00.000,18:35,40.74413,-73.927055,0,0,0,0,4074,-7392,0.3709677419354839
2021-12-31T00:00:00.000,4:20,40.757393,-73.93547,2,0,1,1,4075,-7393,0.43478260869565216
2021-12-24T00:00:00.000,8:00,40.652767,-73.8863,0,0,0,0,4065,-7388,0.41509433962264153
2021-12-29T00:00:00.000,8:51,40.702564,-73.790565,1,0,1,1,4070,-7379,0.3978494623655914
2021-12-30T00:00:00.000,0:05,40.614193,-73.8972,0,0,0,0,4061,-7389,0.45454545454545453
2021-12-28T00:00:00.000,10:30,40.68978,-73.98139,0,0,0,0,4068,-7398,0.3873239436619718
2021-12-31T00:00:00.000,20:00,40.83933,-73.89904,0,0,0,0,4083,-7389,0.3333333333333333
2021-12-19T00:00:00.000,9:45,40.88425,-73.900635,0,0,0,0,4088,-7390,0.2702702702702703
2021-12-15T00:00:00.000,20:10,40.7736,-73.98158,1,0,1,1,4077,-7398,0.38028169014084506
2021-12-31T00:00:00.000,8:25,40.638542,-73.875694,0,0,0,0,4063,-7387,0.375
2021-12-31T00:00:00.000,0:15,40.786068,-73.83744,0,0,0,0,4078,-7383,0.2727272727272727
2021-12-22T00:00:00.000,8:00,40.879616,-73.9043,0,0,0,0,4087,-7390,0.3184713375796178
2021-12-31T00:00:00.000,9:50,40.816856,-73.92076,1,0,1,1,4081,-7392,0.4714285714285714
2021-12-30T00:00:00.000,7:33,40.64255,-73.904106,0,0,0,0,4064,-7390,0.4017094017094017
2021-12-31T00:00:00.000,3:40,40.568764,-74.11149,0,0,0,0,4056,-7411,0.3448275862068966
2021-12-30T00:00:00.000,5:45,40.710976,-73.97962,1,0,1,1,4071,-7397,0.41509433962264153
2021-12-29T00:00:00.000,20:45,40.833218,-73.89946,0,0,0,0,4083,-7389,0.3333333333333333
2021-12-31T00:00:00.000,5:12,40.58489,-73.92885,0,0,0,0,4058,-7392,0.375
2021-12-31T00:00:00.000,18:35,40.667313,-73.73926,0,0,0,0,4066,-7373,0.44339622641509435
2021-12-30T00:00:00.000,5:16,40.788795,-73.93755,0,0,0,0,4078,-7393,0.4444444444444444
2021-12-23T00:00:00.000,10:00,40.852272,-73.93881,0,0,0,0,4085,-7393,0.36585365853658536
2021-12-31T00:00:00.000,13:45,40.62539,-74.135376,0,0,0,0,4062,-7413,0.4074074074074074
2021-12-29T00:00:00.000,2:45,40.820095,-73.89024,0,0,0,0,4082,-7389,0.37423312883435583
2021-12-30T00:00:00.000,18:00,40.5466,-74.22888,0,0,0,0,4054,-7422,0.2222222222222222
2021-12-31T00:00:00.000,13:40,40.665348,-73.73066,0,0,0,0,4066,-7373,0.44339622641509435
2021-12-31T00:00:00.000,3:42,40.66485,-73.91501,0,0,0,0,4066,-7391,0.3630952380952381
2021-12-23T00:00:00.000,21:18,40.87526,-73.90227,0,0,0,0,4087,-7390,0.3184713375796178
2021-12-29T00:00:00.000,21:00,40.73777,-73.85507,0,0,0,0,4073,-7385,0.3619047619047619
2021-12-31T00:00:00.000,1:45,40.661224,-73.76906,1,0,1,1,4066,-7376,0.30434782608695654
2021-12-15T00:00:00.000,19:15,40.87802,-73.90241,0,0,0,0,4087,-7390,0.3184713375796178
2021-12-25T00:00:00.000,0:00,40.888596,-73.89068,0,0,0,0,4088,-7389,0.4626865671641791
2021-12-29T00:00:00.000,17:10,40.692066,-73.7654,0,0,0,0,4069,-7376,0.3392857142857143
2021-12-31T00:00:00.000,20:50,40.702415,-73.817314,3,0,1,1,4070,-7381,0.3194444444444444
2021-12-29T00:00:00.000,7:30,40.73516,-73.89784,1,0,1,1,4073,-7389,0.2857142857142857
2021-12-20T00:00:00.000,7:13,40.904358,-73.89642,0,0,0,0,4090,-7389,0.2727272727272727
2021-12-30T00:00:00.000,4:15,40.72754,-73.90799,1,0,1,1,4072,-7390,0.2978723404255319
2021-12-26T00:00:00.000,9:22,40.609123,-73.9503,1,0,1,1,4060,-7395,0.4791666666666667
2021-12-30T00:00:00.000,8:36,40.788055,-73.94433,1,0,1,1,4078,-7394,0.33513513513513515
2021-12-31T00:00:00.000,23:17,40.654045,-73.92673,1,0,1,1,4065,-7392,0.35555555555555557
2021-12-31T00:00:00.000,14:05,40.722977,-74.005066,1,0,1,1,4072,-7400,0.32926829268292684
2021-12-31T00:00:00.000,15:19,40.669216,-73.991615,0,0,0,0,4066,-7399,0.40540540540540543
2021-12-25T00:00:00.000,3:16,40.68039,-73.94956,0,0,0,0,4068,-7394,0.4409448818897638
2021-12-31T00:00:00.000,12:05,40.669476,-73.919975,1,0,1,1,4066,-7391,0.3630952380952381
2021-12-27T00:00:00.000,15:36,40.59603,-73.93994,0,0,0,0,4059,-7393,0.47058823529411764
2021-12-20T00:00:00.000,20:09,40.516335,-74.23283,0,0,0,0,4051,-7423,0.0625
2021-12-30T00:00:00.000,0:30,40.57455,-74.11616,0,0,0,0,4057,-7411,0.37142857142857144
2021-12-31T00:00:00.000,4:20,40.648266,-73.90581,0,0,0,0,4064,-7390,0.4017094017094017
2021-12-30T00:00:00.000,0:15,40.78515,-73.94063,0,0,0,0,4078,-7394,0.33513513513513515
2021-12-31T00:00:00.000,15:00,40.590748,-73.968376,1,0,1,1,4059,-7396,0.38596491228070173
2021-12-30T00:00:00.000,7:55,40.60729,-74.14086,0,0,0,0,4060,-7414,0.4074074074074074
2021-12-31T00:00:00.000,11:34,40.681988,-73.83698,1,0,1,1,4068,-7383,0.45454545454545453
2021-12-28T00:00:00.000,7:13,40.80297,-73.96387,0,0,0,0,4080,-7396,0.31343283582089554
2021-12-27T00:00:00.000,5:00,40.710274,-73.77774,0,0,0,0,4071,-7377,0.20967741935483872
2021-12-31T00:00:00.000,0:29,40.901016,-73.90408,0,0,0,0,4090,-7390,0.11764705882352941
2021-12-30T00:00:00.000,6:30,40.609642,-73.89738,1,0,1,1,4060,-7389,0.625
2021-12-27T00:00:00.000,21:45,40.726192,-73.723404,0,0,0,0,4072,-7372,0.3793103448275862
2021-12-29T00:00:00.000,15:28,40.753647,-73.7444,0,0,0,0,4075,-7374,0.3333333333333333
2021-12-29T00:00:00.000,17:26,40.592205,-73.93551,1,0,1,1,4059,-7393,0.47058823529411764
2021-12-29T00:00:00.000,11:50,40.66804,-73.86055,1,0,1,1,4066,-7386,0.35
2021-12-31T00:00:00.000,0:20,40.67936,-73.879745,0,0,0,0,4067,-7387,0.30344827586206896
2021-12-31T00:00:00.000,13:18,40.71942,-73.979034,1,0,1,1,4071,-7397,0.41509433962264153
2021-12-27T00:00:00.000,21:13,40.80521,-73.967125,0,0,0,0,4080,-7396,0.31343283582089554
2021-12-29T00:00:00.000,12:00,40.597057,-73.78203,0,0,0,0,4059,-7378,0.14705882352941177
2021-12-31T00:00:00.000,7:06,40.61156,-74.18877,0,0,0,0,4061,-7418,0.0
2021-12-30T00:00:00.000,21:20,40.743916,-73.92519,0,0,0,0,4074,-7392,0.3709677419354839
2021-12-31T00:00:00.000,8:15,40.76407,-73.80914,1,0,1,1,4076,-7380,0.4
2021-12-30T00:00:00.000,10:20,40.627235,-73.94698,0,0,0,0,4062,-7394,0.41379310344827586
2021-12-31T00:00:00.000,17:43,40.619423,-73.91921,1,0,1,1,4061,-7391,0.358974358974359
2021-12-29T00:00:00.000,17:50,40.648705,-74.010254,0,0,0,0,4064,-7401,0.4295774647887324
2021-12-30T00:00:00.000,10:25,40.725727,-73.90037,0,0,0,0,4072,-7390,0.2978723404255319
2021-12-30T00:00:00.000,17:05,40.6228,-74.02836,4,0,1,1,4062,-7402,0.3625
2021-12-29T00:00:00.000,5:26,40.722496,-73.940414,1,0,1,1,4072,-7394,0.19801980198019803
2021-12-30T00:00:00.000,0:16,40.827812,-73.925934,0,0,0,0,4082,-7392,0.3333333333333333
2021-12-31T00:00:00.000,19:30,40.70618,-73.92846,1,0,1,1,4070,-7392,0.24305555555555555
2021-12-30T00:00:00.000,19:36,40.74459,-73.884674,0,0,0,0,4074,-7388,0.2978723404255319
2021-12-25T00:00:00.000,13:00,40.67816,-73.897484,1,0,1,1,4067,-7389,0.33852140077821014
2022-04-02T00:00:00.000,18:42,40.6528,-73.95968,0,0,0,0,4065,-7395,0.38686131386861317
2021-12-31T00:00:00.000,23:00,40.707085,-73.75114,1,0,1,1,4070,-7375,0.4117647058823529
2021-12-13T00:00:00.000,8:38,40.911324,-73.90658,0,0,0,0,4091,-7390,0.3333333333333333
2021-12-30T00:00:00.000,2:00,40.726055,-73.8083,0,0,0,0,4072,-7380,0.2727272727272727
2021-12-30T00:00:00.000,14:00,40.7497,-73.902565,1,0,1,1,4074,-7390,0.40625
2021-12-30T00:00:00.000,3:05,40.67819,-73.80144,1,0,1,1,4067,-7380,0.24615384615384617
2021-12-29T00:00:00.000,19:00,40.668816,-73.89895,0,0,0,0,4066,-7389,0.3103448275862069
2021-12-31T00:00:00.000,16:42,40.898952,-73.867455,0,0,0,0,4089,-7386,0.28205128205128205
2021-12-29T00:00:00.000,11:40,40.824207,-73.858795,0,0,0,0,4082,-7385,0.27
2021-12-30T00:00:00.000,7:50,40.699535,-73.75647,2,0,1,1,4069,-7375,0.3584905660377358
2021-12-30T00:00:00.000,18:55,40.741234,-73.84573,0,0,0,0,4074,-7384,0.42857142857142855
2021-12-25T00:00:00.000,16:33,40.657516,-73.8931,1,0,1,1,4065,-7389,0.34965034965034963
2021-12-31T00:00:00.000,22:22,40.867462,-73.8443,0,0,0,0,4086,-7384,0.17857142857142858
2022-04-02T00:00:00.000,15:40,40.583702,-73.944626,1,0,1,1,4058,-7394,0.40816326530612246
2021-12-30T00:00:00.000,1:15,40.711525,-73.76951,1,0,1,1,4071,-7376,0.37142857142857144
2021-12-24T00:00:00.000,22:45,40.71975,-73.992165,1,0,1,1,4071,-7399,0.3263157894736842
2021-12-31T00:00:00.000,11:34,40.629936,-73.90448,1,0,1,1,4062,-7390,0.3888888888888889
2021-12-27T00:00:00.000,21:52,40.872314,-73.91274,0,0,0,0,4087,-7391,0.25925925925925924
2021-12-31T00:00:00.000,16:00,40.81014,-73.908226,1,0,1,1,4081,-7390,0.3888888888888889
2021-12-27T00:00:00.000,12:30,40.621017,-74.13181,1,0,1,1,4062,-7413,0.4074074074074074
2021-12-17T00:00:00.000,9:14,40.88809,-73.89254,0,0,0,0,4088,-7389,0.4626865671641791
2021-12-30T00:00:00.000,17:50,40.80657,-73.936615,0,0,0,0,4080,-7393,0.36312849162011174
2021-12-30T00:00:00.000,7:00,40.605072,-74.004944,1,0,1,1,4060,-7400,0.24074074074074073
2021-12-28T00:00:00.000,14:40,40.833233,-73.8282,1,0,1,1,4083,-7382,0.44680851063829785
2021-12-24T00:00:00.000,12:00,40.679382,-73.8673,0,0,0,0,4067,-7386,0.3431372549019608
2021-12-18T00:00:00.000,23:19,40.723984,-73.97581,0,0,0,0,4072,-7397,0.3283582089552239
2021-12-30T00:00:00.000,6:40,40.61135,-74.09847,1,0,1,1,4061,-7409,0.46153846153846156
2021-12-31T00:00:00.000,19:40,40.831123,-73.89148,0,1,2,1,4083,-7389,0.3333333333333333
2021-12-27T00:00:00.000,7:55,40.64102,-73.94739,0,0,0,0,4064,-7394,0.42342342342342343
2021-12-30T00:00:00.000,18:10,40.750076,-73.77894,0,0,0,0,4075,-7377,0.24
2021-12-28T00:00:00.000,11:00,40.581764,-73.83848,4,0,1,1,4058,-7383,0.38461538461538464
2021-12-29T00:00:00.000,19:36,40.795334,-73.93589,0,0,0,0,4079,-7393,0.36585365853658536
2021-12-30T00:00:00.000,17:00,40.69467,-73.83307,0,0,0,0,4069,-7383,0.35555555555555557
2021-12-30T00:00:00.000,9:50,40.61022,-74.09389,1,0,1,1,4061,-7409,0.46153846153846156
2021-12-29T00:00:00.000,19:30,40.777958,-73.90847,1,0,1,1,4077,-7390,0.3404255319148936
2021-12-29T00:00:00.000,21:20,40.585133,-73.954544,0,0,0,0,4058,-7395,0.3465346534653465
2021-12-29T00:00:00.000,18:22,40.861862,-73.91275,2,0,1,1,4086,-7391,0.38016528925619836
2021-12-27T00:00:00.000,1:00,40.661835,-73.893105,2,0,1,1,4066,-7389,0.3103448275862069
2021-12-30T00:00:00.000,13:00,40.656643,-74.00527,0,0,0,0,4065,-7400,0.41509433962264153
2021-12-31T00:00:00.000,18:15,40.625824,-73.92762,0,0,0,0,4062,-7392,0.3611111111111111
2021-12-31T00:00:00.000,6:25,40.80297,-73.96387,1,0,1,1,4080,-7396,0.31343283582089554
2021-12-29T00:00:00.000,10:40,40.63586,-73.981445,1,0,1,1,4063,-7398,0.4827586206896552
2021-12-30T00:00:00.000,21:35,40.61536,-73.987076,0,0,0,0,4061,-7398,0.3698630136986301
2021-12-19T00:00:00.000,0:35,40.627037,-74.16483,0,0,0,0,4062,-7416,0.24444444444444444
2021-12-30T00:00:00.000,21:00,40.686028,-73.82506,1,0,1,1,4068,-7382,0.41975308641975306
2021-12-31T00:00:00.000,20:55,40.69749,-73.92008,1,0,1,1,4069,-7392,0.3584905660377358
2021-12-30T00:00:00.000,13:29,40.773006,-73.96033,1,0,1,1,4077,-7396,0.3695652173913043
2021-12-31T00:00:00.000,0:22,40.7387,-73.87095,0,0,0,0,4073,-7387,0.3140495867768595
2021-12-30T00:00:00.000,15:00,40.71164,-73.83591,0,0,0,0,4071,-7383,0.37349397590361444
2021-12-30T00:00:00.000,6:53,40.756424,-73.7403,2,0,1,1,4075,-7374,0.3333333333333333
2021-12-30T00:00:00.000,16:44,40.776604,-73.94663,1,0,1,1,4077,-7394,0.28
2021-12-27T00:00:00.000,15:30,40.708843,-73.7783,0,0,0,0,4070,-7377,0.2413793103448276
2021-06-08T00:00:00.000,15:40,40.587543,-73.958206,1,0,1,1,4058,-7395,0.3465346534653465
2021-12-30T00:00:00.000,19:28,40.740517,-73.89236,0,0,0,0,4074,-7389,0.3203125
2021-12-30T00:00:00.000,17:00,40.680634,-73.94048,0,0,0,0,4068,-7394,0.4409448818897638
2021-12-30T00:00:00.000,8:30,40.76577,-73.919,1,0,1,1,4076,-7391,0.40476190476190477
2021-12-30T00:00:00.000,23:40,40.683094,-73.80576,0,0,0,0,4068,-7380,0.3829787234042553
2021-12-30T00:00:00.000,23:46,40.63773,-74.1321,0,0,0,0,4063,-7413,0.2903225806451613
2021-12-16T00:00:00.000,16:55,40.785492,-73.984116,0,0,0,0,4078,-7398,0.42105263157894735
2021-12-30T00:00:00.000,23:48,40.668373,-73.92264,1,0,1,1,4066,-7392,0.355
2021-12-18T00:00:00.000,19:00,40.781013,-73.97247,0,0,0,0,4078,-7397,0.3434343434343434
2021-12-30T00:00:00.000,3:31,40.7024,-73.9605,1,0,1,1,4070,-7396,0.3431372549019608
2021-12-26T00:00:00.000,21:00,40.65822,-73.89146,0,0,0,0,4065,-7389,0.34965034965034963
2021-12-28T00:00:00.000,12:00,40.668102,-73.980576,1,0,1,1,4066,-7398,0.421875
2021-12-31T00:00:00.000,2:30,40.709846,-73.859566,0,0,0,0,4070,-7385,0.39436619718309857
2021-12-29T00:00:00.000,21:00,40.890823,-73.85694,0,0,0,0,4089,-7385,0.3813559322033898
2021-12-29T00:00:00.000,5:00,40.82325,-73.88277,0,0,0,0,4082,-7388,0.27624309392265195
2021-12-30T00:00:00.000,14:30,40.67742,-73.89587,0,0,0,0,4067,-7389,0.33852140077821014
2021-12-29T00:00:00.000,5:15,40.62236,-74.174355,0,0,0,0,4062,-7417,0.16666666666666666
2021-12-22T00:00:00.000,14:40,40.778477,-73.98546,1,0,1,1,4077,-7398,0.38028169014084506
2021-12-28T00:00:00.000,19:57,40.71603,-73.80823,0,0,0,0,4071,-7380,0.42105263157894735
2021-12-31T00:00:00.000,9:16,40.83997,-73.87792,1,0,1,1,4083,-7387,0.38414634146341464
2021-12-31T00:00:00.000,19:56,40.579052,-73.98415,0,0,0,0,4057,-7398,0.36904761904761907
2021-12-31T00:00:00.000,21:20,40.670044,-73.818115,0,0,0,0,4067,-7381,0.4230769230769231
2021-12-30T00:00:00.000,19:05,40.627144,-74.00032,2,0,1,1,4062,-7400,0.3150684931506849
2021-12-31T00:00:00.000,21:43,40.67994,-73.941216,0,0,0,0,4067,-7394,0.34074074074074073
2021-12-29T00:00:00.000,11:43,40.796833,-73.93336,0,0,0,0,4079,-7393,0.36585365853658536
2021-12-29T00:00:00.000,15:08,40.74671,-73.98639,1,0,1,1,4074,-7398,0.40131578947368424
2021-12-24T00:00:00.000,11:00,40.679737,-73.878395,0,0,0,0,4067,-7387,0.30344827586206896
2021-10-06T00:00:00.000,15:30,40.8617,-73.89139,1,0,1,1,4086,-7389,0.40606060606060607
2021-12-29T00:00:00.000,20:40,40.640472,-74.01513,2,0,1,1,4064,-7401,0.4295774647887324
2021-12-29T00:00:00.000,18:05,40.593933,-73.99137,0,0,0,0,4059,-7399,0.3076923076923077
2021-12-31T00:00:00.000,3:30,40.743332,-73.99991,0,0,0,0,4074,-7399,0.3333333333333333
2021-12-27T00:00:00.000,18:45,40.664894,-73.875946,0,0,0,0,4066,-7387,0.38461538461538464
2021-12-29T00:00:00.000,20:00,40.83325,-73.890205,0,0,0,0,4083,-7389,0.3333333333333333
2021-12-29T00:00:00.000,15:17,40.764248,-73.92763,0,0,0,0,4076,-7392,0.42105263157894735
2021-12-30T00:00:00.000,13:30,40.679634,-73.94959,1,0,1,1,4067,-7394,0.34074074074074073
2021-12-31T00:00:00.000,11:55,40.858707,-73.9037,1,0,1,1,4085,-7390,0.42207792207792205
2021-12-28T00:00:00.000,13:10,40.867275,-73.91922,0,0,0,0,4086,-7391,0.38016528925619836
2021-12-30T00:00:00.000,11:35,40.765434,-73.86268,1,0,1,1,4076,-7386,0.40298507462686567
2021-12-25T00:00:00.000,12:27,40.85971,-73.85736,2,0,1,1,4085,-7385,0.3125
2021-12-29T00:00:00.000,5:23,40.782887,-73.9439,0,0,0,0,4078,-7394,0.33513513513513515
2021-12-31T00:00:00.000,6:10,40.66552,-73.74467,0,0,0,0,4066,-7374,0.3698630136986301
2021-12-28T00:00:00.000,10:30,40.66762,-73.94237,0,0,0,0,4066,-7394,0.36792452830188677
2021-12-30T00:00:00.000,1:30,40.60326,-73.96653,1,0,1,1,4060,-7396,0.5714285714285714
2021-12-30T00:00:00.000,4:15,40.71232,-73.73202,0,0,0,0,4071,-7373,0.25
2021-12-16T00:00:00.000,11:15,40.606586,-73.755875,0,0,0,0,4060,-7375,0.17117117117117117
2021-12-31T00:00:00.000,18:30,40.764816,-73.814964,1,0,1,1,4076,-7381,0.4716981132075472
2021-12-23T00:00:00.000,8:00,40.640614,-74.08703,2,0,1,1,4064,-7408,0.2894736842105263
2021-12-28T00:00:00.000,16:58,40.69816,-73.97834,0,0,0,0,4069,-7397,0.3253012048192771
2021-12-31T00:00:00.000,6:28,40.627724,-73.901924,0,0,0,0,4062,-7390,0.3888888888888889
2021-12-28T00:00:00.000,8:24,40.674194,-73.97686,0,0,0,0,4067,-7397,0.2818181818181818
2021-12-26T00:00:00.000,16:00,40.67816,-73.897484,0,0,0,0,4067,-7389,0.33852140077821014
2021-12-31T00:00:00.000,18:15,40.73691,-73.86784,0,0,0,0,4073,-7386,0.3464566929133858
2021-12-18T00:00:00.000,9:05,40.592728,-73.79813,1,0,1,1,4059,-7379,0.2692307692307692
2021-12-31T00:00:00.000,8:50,40.715977,-73.81082,1,0,1,1,4071,-7381,0.3448275862068966
2021-12-31T00:00:00.000,17:30,40.79184,-73.823524,0,0,0,0,4079,-7382,0.2
2021-12-22T00:00:00.000,18:08,40.715973,-73.77111,0,0,0,0,4071,-7377,0.20967741935483872
2021-12-18T00:00:00.000,3:07,40.66524,-73.86746,0,0,0,0,4066,-7386,0.35
2021-12-31T00:00:00.000,6:08,40.583447,-74.159935,0,0,0,0,4058,-7415,0.42857142857142855
2021-12-23T00:00:00.000,10:28,40.62948,-73.94447,0,0,0,0,4062,-7394,0.41379310344827586
2021-12-30T00:00:00.000,20:23,40.754986,-73.74535,0,0,0,0,4075,-7374,0.3333333333333333
2021-12-29T00:00:00.000,16:40,40.758663,-73.82906,0,0,0,0,4075,-7382,0.4915254237288136
2021-12-29T00:00:00.000,12:02,40.723347,-73.939316,0,0,0,0,4072,-7393,0.36507936507936506
2021-12-30T00:00:00.000,14:45,40.7258,-73.719215,1,0,1,1,4072,-7371,0.2857142857142857
2021-12-30T00:00:00.000,15:21,40.53171,-74.202896,2,0,1,1,4053,-7420,0.5555555555555556
2021-12-29T00:00:00.000,0:00,40.765724,-73.959,1,0,1,1,4076,-7395,0.3696969696969697
2021-12-30T00:00:00.000,17:00,40.86358,-73.86642,0,0,0,0,4086,-7386,0.4642857142857143
2021-12-31T00:00:00.000,19:30,40.717754,-73.75815,0,0,0,0,4071,-7375,0.3269230769230769
2021-12-18T00:00:00.000,16:40,40.88568,-73.87901,0,0,0,0,4088,-7387,0.14583333333333334
2021-12-29T00:00:00.000,12:55,40.60104,-73.74764,0,0,0,0,4060,-7374,0.15789473684210525
2021-12-31T00:00:00.000,19:10,40.68817,-73.98399,0,0,0,0,4068,-7398,0.3873239436619718
2021-12-29T00:00:00.000,0:10,40.673107,-73.99959,2,0,1,1,4067,-7399,0.3258426966292135
2021-12-31T00:00:00.000,0:00,40.598553,-73.997345,1,0,1,1,4059,-7399,0.3076923076923077
2021-12-26T00:00:00.000,19:00,40.90647,-73.906784,0,0,0,0,4090,-7390,0.11764705882352941
2021-12-29T00:00:00.000,3:21,40.599052,-73.99808,0,0,0,0,4059,-7399,0.3076923076923077
2021-12-31T00:00:00.000,19:48,40.69348,-73.96544,1,0,1,1,4069,-7396,0.325
2021-12-30T00:00:00.000,3:20,40.738346,-73.73389,1,0,1,1,4073,-7373,0.3
2021-12-29T00:00:00.000,21:05,40.736004,-73.84991,0,0,0,0,4073,-7384,0.2682926829268293
2021-12-23T00:00:00.000,15:15,40.67765,-73.87058,0,0,0,0,4067,-7387,0.30344827586206896
2021-12-28T00:00:00.000,0:49,40.645344,-73.87897,0,0,0,0,4064,-7387,0.4918032786885246
2021-12-24T00:00:00.000,20:00,40.64254,-73.87652,1,0,1,1,4064,-7387,0.4918032786885246
2021-12-28T00:00:00.000,23:40,40.676144,-73.893074,3,0,1,1,4067,-7389,0.33852140077821014
2021-12-30T00:00:00.000,18:52,40.71126,-73.95777,0,0,0,0,4071,-7395,0.36585365853658536
2021-12-31T00:00:00.000,3:05,40.621216,-73.93539,1,0,1,1,4062,-7393,0.4444444444444444
2021-12-29T00:00:00.000,15:58,40.840263,-73.84717,0,0,0,0,4084,-7384,0.4222222222222222
2021-12-30T00:00:00.000,14:20,40.743416,-73.95387,1,0,1,1,4074,-7395,0.35185185185185186
2021-12-23T00:00:00.000,18:30,40.787918,-73.947845,0,0,0,0,4078,-7394,0.33513513513513515
2021-12-29T00:00:00.000,7:15,40.604538,-73.91352,0,0,0,0,4060,-7391,0.25
2021-12-29T00:00:00.000,0:00,40.783337,-73.94497,1,0,1,1,4078,-7394,0.33513513513513515
2021-12-29T00:00:00.000,15:00,40.757828,-73.99308,0,0,0,0,4075,-7399,0.2830188679245283
2021-12-23T00:00:00.000,19:24,40.71231,-73.78521,0,0,0,0,4071,-7378,0.32653061224489793
2021-12-28T00:00:00.000,14:24,40.67007,-73.89927,1,0,1,1,4067,-7389,0.33852140077821014
2021-12-29T00:00:00.000,12:17,40.872173,-73.912895,1,0,1,1,4087,-7391,0.25925925925925924
2021-12-30T00:00:00.000,17:35,40.678234,-73.89753,1,0,1,1,4067,-7389,0.33852140077821014
2021-12-22T00:00:00.000,22:00,40.876877,-73.9034,0,0,0,0,4087,-7390,0.3184713375796178
2021-12-29T00:00:00.000,14:15,40.682537,-73.80716,0,0,0,0,4068,-7380,0.3829787234042553
2021-12-30T00:00:00.000,5:00,40.763256,-73.98062,0,0,0,0,4076,-7398,0.3081761006289308
2021-12-26T00:00:00.000,5:35,40.7639,-73.88064,1,0,1,1,4076,-7388,0.43283582089552236
2021-12-30T00:00:00.000,23:20,40.813095,-73.89827,0,0,0,0,4081,-7389,0.31543624161073824
2021-12-28T00:00:00.000,21:21,40.704155,-73.90752,1,0,1,1,4070,-7390,0.37894736842105264
2021-12-28T00:00:00.000,14:09,40.617424,-73.94315,0,0,0,0,4061,-7394,0.48484848484848486
2021-12-29T00:00:00.000,13:50,40.70145,-73.989624,1,0,1,1,4070,-7398,0.21568627450980393
2021-12-31T00:00:00.000,17:34,40.753986,-73.80769,2,0,1,1,4075,-7380,0.36363636363636365
2021-12-18T00:00:00.000,13:40,40.78542,-73.98399,1,0,1,1,4078,-7398,0.42105263157894735
2021-12-29T00:00:00.000,12:12,40.702614,-73.96058,0,0,0,0,4070,-7396,0.3431372549019608
2021-12-31T00:00:00.000,16:10,40.833397,-73.93538,0,0,0,0,4083,-7393,0.3333333333333333
2021-12-29T00:00:00.000,13:00,40.745007,-73.91928,1,0,1,1,4074,-7391,0.38333333333333336
2021-12-31T00:00:00.000,19:50,40.78928,-73.84095,0,0,0,0,4078,-7384,0.23809523809523808
2021-12-30T00:00:00.000,18:00,40.728794,-73.79868,1,0,1,1,4072,-7379,0.3333333333333333
2021-12-29T00:00:00.000,14:30,40.72106,-73.74026,0,0,0,0,4072,-7374,0.44
2021-12-26T00:00:00.000,9:35,40.659756,-73.866684,1,0,1,1,4065,-7386,0.36619718309859156
2021-12-31T00:00:00.000,11:54,40.60728,-74.00887,0,0,0,0,4060,-7400,0.24074074074074073
2021-12-27T00:00:00.000,12:00,40.58388,-73.82305,0,0,0,0,4058,-7382,0.11764705882352941
2021-12-30T00:00:00.000,19:45,40.863113,-73.920616,0,0,0,0,4086,-7392,0.359375
2021-12-22T00:00:00.000,22:45,40.765423,-73.89001,0,0,0,0,4076,-7389,0.35185185185185186
2021-12-29T00:00:00.000,17:30,40.82206,-73.92041,0,0,0,0,4082,-7392,0.3333333333333333
2021-12-30T00:00:00.000,0:20,40.771374,-73.877144,0,0,0,0,4077,-7387,0.35714285714285715
2021-12-31T00:00:00.000,13:50,40.736553,-73.71194,0,0,0,0,4073,-7371,0.2857142857142857
2021-12-25T00:00:00.000,17:00,40.849308,-73.88481,1,0,1,1,4084,-7388,0.390625
2021-12-27T00:00:00.000,19:59,40.73125,-73.78214,1,0,1,1,4073,-7378,0.391304347826087
2021-11-18T00:00:00.000,10:55,40.811203,-73.96158,0,0,0,0,4081,-7396,0.2222222222222222
2021-12-25T00:00:00.000,2:05,40.69854,-73.94116,1,0,1,1,4069,-7394,0.417910447761194
2021-12-29T00:00:00.000,11:40,40.560825,-74.13482,0,0,0,0,4056,-7413,0.46153846153846156
2021-12-30T00:00:00.000,0:00,40.865467,-73.86541,1,0,1,1,4086,-7386,0.4642857142857143
2021-12-29T00:00:00.000,1:30,40.76524,-73.95788,0,0,0,0,4076,-7395,0.3696969696969697
2021-12-30T00:00:00.000,19:40,40.665474,-73.86752,0,0,0,0,4066,-7386,0.35
2021-12-30T00:00:00.000,15:30,40.691246,-73.85088,2,0,1,1,4069,-7385,0.34
2021-12-31T00:00:00.000,8:40,40.765266,-73.81517,1,0,1,1,4076,-7381,0.4716981132075472
2021-12-30T00:00:00.000,16:30,40.879253,-73.88313,0,0,0,0,4087,-7388,0.3561643835616438
2021-12-30T00:00:00.000,7:30,40.724186,-73.898605,0,0,0,0,4072,-7389,0.41379310344827586
2021-12-31T00:00:00.000,20:00,40.679523,-73.97521,0,0,0,0,4067,-7397,0.2818181818181818
2021-12-30T00:00:00.000,12:00,40.62026,-74.16774,0,0,0,0,4062,-7416,0.24444444444444444
2021-12-29T00:00:00.000,0:40,40.747715,-74.004265,0,0,0,0,4074,-7400,0.27710843373493976
2021-12-29T00:00:00.000,19:46,40.61301,-73.93499,0,0,0,0,4061,-7393,0.34285714285714286
2021-12-30T00:00:00.000,3:52,40.650684,-73.92354,0,0,0,0,4065,-7392,0.35555555555555557
2021-12-23T00:00:00.000,0:25,40.634365,-73.88883,1,0,1,1,4063,-7388,0.3835616438356164
2021-12-31T00:00:00.000,15:25,40.68424,-73.8461,0,0,0,0,4068,-7384,0.3333333333333333
2021-12-30T00:00:00.000,6:40,40.74744,-73.885796,0,0,0,0,4074,-7388,0.2978723404255319
2021-12-25T00:00:00.000,5:00,40.610588,-73.98971,0,0,0,0,4061,-7398,0.3698630136986301
2021-12-31T00:00:00.000,23:38,40.68424,-73.83808,2,0,1,1,4068,-7383,0.45454545454545453
2021-12-30T00:00:00.000,5:48,40.758255,-73.7772,0,0,0,0,4075,-7377,0.24
2021-12-25T00:00:00.000,0:15,40.67086,-73.863174,1,0,1,1,4067,-7386,0.3431372549019608
2021-12-29T00:00:00.000,9:30,40.852356,-73.86489,0,0,0,0,4085,-7386,0.33766233766233766
2021-12-29T00:00:00.000,22:41,40.86289,-73.85016,1,0,1,1,4086,-7385,0.5
2021-12-31T00:00:00.000,16:30,40.606533,-73.970436,0,0,0,0,4060,-7397,0.3469387755102041
2021-12-27T00:00:00.000,4:05,40.63392,-74.12514,0,0,0,0,4063,-7412,0.36363636363636365
2022-04-02T00:00:00.000,13:32,40.668964,-73.95059,0,0,0,0,4066,-7395,0.44375
2021-12-29T00:00:00.000,8:29,40.59639,-73.96522,0,0,0,0,4059,-7396,0.38596491228070173
2021-12-28T00:00:00.000,13:45,40.781837,-73.979294,1,0,1,1,4078,-7397,0.3434343434343434
2021-12-30T00:00:00.000,18:23,40.874214,-73.866104,1,0,1,1,4087,-7386,0.3142857142857143
2021-12-30T00:00:00.000,10:28,40.672382,-73.78574,0,0,0,0,4067,-7378,0.2
2021-12-31T00:00:00.000,0:36,40.67936,-73.879745,0,0,0,0,4067,-7387,0.30344827586206896
2021-12-28T00:00:00.000,19:16,40.872787,-73.87651,0,0,0,0,4087,-7387,0.297029702970297
2021-12-30T00:00:00.000,14:50,40.666695,-73.767136,0,0,0,0,4066,-7376,0.30434782608695654
2021-12-30T00:00:00.000,14:00,40.811584,-73.90868,0,0,0,0,4081,-7390,0.3888888888888889
2021-12-27T00:00:00.000,17:10,40.60235,-74.189644,0,0,0,0,4060,-7418,0.4
2021-12-28T00:00:00.000,4:55,40.698544,-73.96236,0,0,0,0,4069,-7396,0.325
2021-12-31T00:00:00.000,17:48,40.86392,-73.8674,0,0,0,0,4086,-7386,0.4642857142857143
2021-12-30T00:00:00.000,5:50,40.636074,-73.951096,1,0,1,1,4063,-7395,0.48484848484848486
2022-04-02T00:00:00.000,14:00,40.627285,-74.12366,0,0,0,0,4062,-7412,0.21739130434782608
2021-12-30T00:00:00.000,1:40,40.71181,-73.78785,1,0,1,1,4071,-7378,0.32653061224489793
2021-12-30T00:00:00.000,12:53,40.640564,-73.99222,0,0,0,0,4064,-7399,0.3442622950819672
2021-12-30T00:00:00.000,13:27,40.678165,-73.84871,0,0,0,0,4067,-7384,0.28888888888888886
2021-12-29T00:00:00.000,19:59,40.65187,-73.90456,0,0,0,0,4065,-7390,0.375
2021-12-29T00:00:00.000,6:22,40.84519,-73.9112,2,0,1,1,4084,-7391,0.32558139534883723
2021-12-30T00:00:00.000,9:20,40.762794,-73.83558,0,0,0,0,4076,-7383,0.33695652173913043
2021-12-31T00:00:00.000,11:30,40.625507,-73.91789,0,0,0,0,4062,-7391,0.3333333333333333
2021-12-27T00:00:00.000,23:45,40.628708,-74.11902,0,0,0,0,4062,-7411,0.5238095238095238
2021-12-23T00:00:00.000,17:00,40.662674,-73.89738,0,0,0,0,4066,-7389,0.3103448275862069
2021-12-30T00:00:00.000,11:50,40.668068,-73.93578,0,0,0,0,4066,-7393,0.38578680203045684
2021-12-30T00:00:00.000,21:40,40.681515,-73.90412,0,0,0,0,4068,-7390,0.4421052631578947
2021-12-30T00:00:00.000,16:37,40.756557,-73.986115,1,0,1,1,4075,-7398,0.3170731707317073
2021-12-27T00:00:00.000,2:29,40.669064,-73.86557,2,0,1,1,4066,-7386,0.35
2021-12-29T00:00:00.000,19:25,40.83163,-73.92252,0,0,0,0,4083,-7392,0.310126582278481
2021-12-30T00:00:00.000,17:37,40.69977,-73.755585,0,0,0,0,4069,-7375,0.3584905660377358
2021-12-18T00:00:00.000,21:00,40.7517,-73.894135,0,0,0,0,4075,-7389,0.4805194805194805
2021-12-31T00:00:00.000,19:00,40.754116,-73.858536,1,0,1,1,4075,-7385,0.3048780487804878
2021-12-30T00:00:00.000,0:28,0.0,0.0,0,0,0,0,0,0,0.40425531914893614
2021-12-24T00:00:00.000,22:00,40.884388,-73.90759,0,0,0,0,4088,-7390,0.2702702702702703
2021-12-30T00:00:00.000,23:30,40.74084,-73.72681,1,0,1,1,4074,-7372,0.375
2021-12-29T00:00:00.000,19:00,40.66531,-73.890305,0,0,0,0,4066,-7389,0.3103448275862069
2021-12-29T00:00:00.000,22:45,40.668137,-73.783356,0,0,0,0,4066,-7378,0.34615384615384615
2021-12-30T00:00:00.000,19:30,40.63413,-73.928505,1,0,1,1,4063,-7392,0.4036697247706422
2021-12-30T00:00:00.000,19:00,40.732475,-73.77766,0,0,0,0,4073,-7377,0.5789473684210527
2021-12-29T00:00:00.000,12:30,40.642097,-73.99211,0,0,0,0,4064,-7399,0.3442622950819672
2021-12-30T00:00:00.000,14:40,40.85479,-73.84368,1,0,1,1,4085,-7384,0.32432432432432434
2022-03-24T00:00:00.000,5:40,40.5861,-73.97128,0,0,0,0,4058,-7397,0.2727272727272727
2021-12-31T00:00:00.000,12:30,40.83029,-73.850655,0,0,0,0,4083,-7385,0.30158730158730157
2021-12-30T00:00:00.000,12:05,40.71832,-73.994415,0,0,0,0,4071,-7399,0.3263157894736842
2021-12-31T00:00:00.000,21:14,40.87126,-73.84992,1,0,1,1,4087,-7384,0.47297297297297297
2021-12-30T00:00:00.000,9:25,40.839832,-73.92392,3,0,1,1,4083,-7392,0.310126582278481
2021-12-31T00:00:00.000,20:20,40.683437,-73.74787,0,0,0,0,4068,-7374,0.29411764705882354
2021-12-31T00:00:00.000,20:14,40.607464,-74.085144,0,0,0,0,4060,-7408,0.3235294117647059
2021-12-31T00:00:00.000,10:35,40.647243,-73.96048,0,0,0,0,4064,-7396,0.4714285714285714
2021-12-31T00:00:00.000,12:35,40.73769,-73.76858,0,0,0,0,4073,-7376,0.2857142857142857
2021-12-28T00:00:00.000,19:40,40.70616,-73.75747,1,0,1,1,4070,-7375,0.4117647058823529
2021-12-31T00:00:00.000,21:05,40.81346,-73.90605,0,0,0,0,4081,-7390,0.3888888888888889
2021-12-30T00:00:00.000,18:30,40.746624,-73.886604,0,0,0,0,4074,-7388,0.2978723404255319
2022-04-02T00:00:00.000,1:35,40.755566,-73.79172,1,0,1,1,4075,-7379,0.38461538461538464
2021-12-31T00:00:00.000,16:00,40.605553,-74.0837,0,0,0,0,4060,-7408,0.3235294117647059
2021-12-19T00:00:00.000,16:36,40.90347,-73.88628,0,0,0,0,4090,-7388,0.36363636363636365
2021-12-30T00:00:00.000,12:47,40.824493,-73.91256,1,0,1,1,4082,-7391,0.3355263157894737
2021-12-31T00:00:00.000,21:54,40.666706,-73.871826,0,0,0,0,4066,-7387,0.38461538461538464
2021-12-30T00:00:00.000,12:30,40.748142,-73.87643,0,0,0,0,4074,-7387,0.25663716814159293
2021-12-29T00:00:00.000,2:15,40.739494,-73.97663,1,0,1,1,4073,-7397,0.32558139534883723
2021-12-30T00:00:00.000,15:00,40.666714,-73.75156,1,0,1,1,4066,-7375,0.3
2021-12-30T00:00:00.000,13:39,40.760155,-73.9988,0,0,0,0,4076,-7399,0.3275862068965517
2021-12-30T00:00:00.000,12:00,40.89466,-73.86137,0,0,0,0,4089,-7386,0.28205128205128205
2021-12-31T00:00:00.000,15:40,40.600105,-73.93323,0,0,0,0,4060,-7393,0.4117647058823529
2021-12-30T00:00:00.000,10:00,40.595135,-73.75321,0,0,0,0,4059,-7375,0.17777777777777778
2021-12-29T00:00:00.000,1:20,40.700653,-73.89628,0,0,0,0,4070,-7389,0.2711864406779661
2021-12-30T00:00:00.000,22:07,40.583534,-73.984184,1,0,1,1,4058,-7398,0.4
2021-12-29T00:00:00.000,16:06,40.879353,-73.87429,0,0,0,0,4087,-7387,0.297029702970297
2021-12-29T00:00:00.000,17:30,40.733917,-73.9219,0,0,0,0,4073,-7392,0.4444444444444444
2021-12-26T00:00:00.000,2:20,40.689186,-73.8207,1,0,1,1,4068,-7382,0.41975308641975306
2021-12-23T00:00:00.000,17:38,40.590706,-74.165794,0,0,0,0,4059,-7416,0.29411764705882354
2021-12-23T00:00:00.000,13:40,40.68039,-73.94956,1,0,1,1,4068,-7394,0.4409448818897638
2021-12-21T00:00:00.000,16:00,40.68161,-73.7964,0,0,0,0,4068,-7379,0.35
2021-12-29T00:00:00.000,14:38,40.665894,-73.97774,0,0,0,0,4066,-7397,0.24390243902439024
2021-12-28T00:00:00.000,12:10,40.62633,-74.17498,0,0,0,0,4062,-7417,0.16666666666666666
2021-12-26T00:00:00.000,1:30,40.679813,-73.87327,0,0,0,0,4067,-7387,0.30344827586206896
2021-12-29T00:00:00.000,9:35,40.583656,-73.98656,0,0,0,0,4058,-7398,0.4
2021-05-19T00:00:00.000,10:31,40.66845,-73.99354,2,0,1,1,4066,-7399,0.40540540540540543
2021-05-30T00:00:00.000,1:55,40.683037,-73.96478,2,0,1,1,4068,-7396,0.42567567567567566
2021-06-05T00:00:00.000,16:53,40.68899,-73.94503,0,0,0,0,4068,-7394,0.4409448818897638
2021-06-05T00:00:00.000,17:35,40.610188,-73.939354,2,0,1,1,4061,-7393,0.34285714285714286
2021-06-06T00:00:00.000,13:00,40.606155,-74.08308,0,0,0,0,4060,-7408,0.3235294117647059
2021-06-07T00:00:00.000,16:50,40.813587,-73.9273,4,0,1,1,4081,-7392,0.4714285714285714
2021-06-08T00:00:00.000,14:00,40.783897,-73.97407,1,0,1,1,4078,-7397,0.3434343434343434
2021-06-08T00:00:00.000,11:15,40.63529,-74.1636,0,0,0,0,4063,-7416,0.3333333333333333
2021-06-08T00:00:00.000,17:05,40.712494,-73.950455,0,0,0,0,4071,-7395,0.36585365853658536
2021-06-05T00:00:00.000,15:15,40.519424,-74.196205,0,0,0,0,4051,-7419,0.0
2021-06-05T00:00:00.000,17:35,40.69309,-73.94296,0,0,0,0,4069,-7394,0.417910447761194
2021-06-08T00:00:00.000,14:40,40.757725,-73.779274,2,0,1,1,4075,-7377,0.24
2021-06-08T00:00:00.000,1:27,40.681274,-73.81162,0,0,0,0,4068,-7381,0.4117647058823529
2021-06-08T00:00:00.000,13:13,40.764347,-73.82595,1,0,1,1,4076,-7382,0.2987012987012987
2021-06-03T00:00:00.000,19:00,40.655334,-73.93077,0,0,0,0,4065,-7393,0.44366197183098594
2021-06-08T00:00:00.000,10:27,40.725582,-73.989876,1,0,1,1,4072,-7398,0.4342105263157895
2021-06-08T00:00:00.000,19:25,40.76685,-73.95376,0,0,0,0,4076,-7395,0.3696969696969697
2021-06-08T00:00:00.000,11:23,40.66929,-73.842445,1,0,1,1,4066,-7384,0.5925925925925926
2021-06-04T00:00:00.000,13:00,40.694363,-73.958,0,0,0,0,4069,-7395,0.30952380952380953
2021-06-05T00:00:00.000,7:30,40.704494,-73.81743,1,0,1,1,4070,-7381,0.3194444444444444
2021-06-08T00:00:00.000,3:10,40.674934,-73.80186,1,0,1,1,4067,-7380,0.24615384615384617
2021-06-08T00:00:00.000,14:05,40.669792,-73.8924,1,0,1,1,4066,-7389,0.3103448275862069
2021-06-08T00:00:00.000,23:45,40.70277,-73.82986,0,0,0,0,4070,-7382,0.4166666666666667
2021-05-13T00:00:00.000,10:40,40.76161,-73.97076,0,0,0,0,4076,-7397,0.37
2021-06-08T00:00:00.000,20:39,40.684963,-73.82926,2,0,1,1,4068,-7382,0.41975308641975306
2021-06-08T00:00:00.000,3:11,40.75687,-73.85706,0,0,0,0,4075,-7385,0.3048780487804878
2021-12-25T00:00:00.000,2:15,40.543335,-74.164276,2,0,1,1,4054,-7416,0.42857142857142855
2021-06-08T00:00:00.000,13:41,40.652954,-74.00215,3,0,1,1,4065,-7400,0.41509433962264153
2021-06-06T00:00:00.000,12:00,40.543728,-74.21876,1,0,1,1,4054,-7421,0.4
2021-06-08T00:00:00.000,16:32,40.81207,-73.93603,0,0,0,0,4081,-7393,0.32432432432432434
2021-06-08T00:00:00.000,18:09,40.663883,-73.9841,1,0,1,1,4066,-7398,0.421875
2021-06-08T00:00:00.000,15:27,40.653805,-73.93061,0,0,0,0,4065,-7393,0.44366197183098594
2021-06-08T00:00:00.000,11:00,40.64214,-73.95447,0,0,0,0,4064,-7395,0.4796747967479675
2021-06-08T00:00:00.000,12:00,40.610264,-73.954704,0,0,0,0,4061,-7395,0.4461538461538462
2021-06-03T00:00:00.000,9:33,40.793816,-73.94402,1,0,1,1,4079,-7394,0.3523809523809524
2021-06-07T00:00:00.000,18:30,40.69789,-73.899376,0,0,0,0,4069,-7389,0.3709677419354839
2021-06-04T00:00:00.000,10:45,40.733612,-73.999565,1,0,1,1,4073,-7399,0.423728813559322
2021-06-08T00:00:00.000,8:15,40.752316,-73.985954,0,0,0,0,4075,-7398,0.3170731707317073
2021-06-08T00:00:00.000,7:28,40.683144,-73.76859,0,0,0,0,4068,-7376,0.35714285714285715
2021-06-08T00:00:00.000,5:51,40.84518,-73.91417,0,0,0,0,4084,-7391,0.32558139534883723
2021-06-08T00:00:00.000,15:30,40.887695,-73.8627,0,0,0,0,4088,-7386,0.23809523809523808
2021-06-08T00:00:00.000,8:00,40.85566,-73.869835,0,0,0,0,4085,-7386,0.33766233766233766
2021-06-08T00:00:00.000,6:37,40.8386,-73.86469,0,0,0,0,4083,-7386,0.24822695035460993
2021-06-05T00:00:00.000,23:11,40.857327,-73.904526,1,0,1,1,4085,-7390,0.42207792207792205
2021-06-08T00:00:00.000,13:40,40.748848,-73.8723,0,0,0,0,4074,-7387,0.25663716814159293
2021-06-08T00:00:00.000,0:30,40.672943,-73.892265,0,0,0,0,4067,-7389,0.33852140077821014
2021-06-04T00:00:00.000,7:25,40.68515,-73.97741,0,0,0,0,4068,-7397,0.3412322274881517
2021-06-06T00:00:00.000,14:00,40.650528,-73.95583,0,0,0,0,4065,-7395,0.38686131386861317
2021-06-08T00:00:00.000,19:25,40.660847,-73.8403,1,0,1,1,4066,-7384,0.5925925925925926
2021-06-08T00:00:00.000,7:50,40.85901,-73.927635,0,0,0,0,4085,-7392,0.22
2021-06-08T00:00:00.000,6:45,40.684395,-73.97835,1,0,1,1,4068,-7397,0.3412322274881517
2021-06-08T00:00:00.000,16:25,40.684177,-73.992195,0,0,0,0,4068,-7399,0.17857142857142858
2021-05-21T00:00:00.000,16:10,40.69365,-73.98333,0,0,0,0,4069,-7398,0.3229166666666667
2021-06-08T00:00:00.000,10:00,40.777756,-73.89871,0,0,0,0,4077,-7389,0.35
2021-06-08T00:00:00.000,18:16,40.87564,-73.829,0,0,0,0,4087,-7382,0.3333333333333333
2021-06-08T00:00:00.000,19:00,40.693882,-73.72966,0,0,0,0,4069,-7372,0.40425531914893614
2021-06-01T00:00:00.000,23:05,40.7375,-73.93385,0,0,0,0,4073,-7393,0.38461538461538464
2021-06-08T00:00:00.000,16:50,40.760654,-73.7948,0,0,0,0,4076,-7379,0.2631578947368421
2021-06-08T00:00:00.000,17:50,40.85935,-73.90117,0,0,0,0,4085,-7390,0.42207792207792205
2021-06-08T00:00:00.000,11:30,40.8595,-73.84301,0,0,0,0,4085,-7384,0.32432432432432434
2021-06-08T00:00:00.000,16:16,40.825947,-73.88784,0,0,0,0,4082,-7388,0.27624309392265195
2021-06-08T00:00:00.000,11:25,40.685368,-73.9109,0,0,0,0,4068,-7391,0.344
2021-06-08T00:00:00.000,13:00,40.822456,-73.92692,0,0,0,0,4082,-7392,0.3333333333333333
2021-06-04T00:00:00.000,15:00,40.732845,-73.995926,1,0,1,1,4073,-7399,0.423728813559322
2021-06-08T00:00:00.000,18:14,40.831333,-73.92167,1,0,1,1,4083,-7392,0.310126582278481
2021-06-08T00:00:00.000,14:05,40.73175,-73.94552,0,0,0,0,4073,-7394,0.5
2021-06-03T00:00:00.000,22:55,40.70806,-73.8073,1,0,1,1,4070,-7380,0.3877551020408163
2021-06-08T00:00:00.000,16:43,40.713493,-73.95153,1,0,1,1,4071,-7395,0.36585365853658536
2021-06-08T00:00:00.000,23:29,40.839268,-73.903824,1,0,1,1,4083,-7390,0.3064516129032258
2021-06-08T00:00:00.000,17:50,40.68464,-73.87584,1,0,1,1,4068,-7387,0.24719101123595505
2021-06-08T00:00:00.000,7:30,40.754158,-73.96271,0,0,0,0,4075,-7396,0.4788732394366197
2021-06-06T00:00:00.000,2:50,40.65067,-73.95248,1,0,1,1,4065,-7395,0.38686131386861317
2021-06-08T00:00:00.000,0:51,40.75205,-73.92792,0,0,0,0,4075,-7392,0.48148148148148145
2021-06-06T00:00:00.000,21:22,40.669006,-73.79459,1,0,1,1,4066,-7379,0.3870967741935484
2021-06-08T00:00:00.000,6:00,40.741917,-73.823425,0,0,0,0,4074,-7382,0.4057971014492754
2021-06-05T00:00:00.000,12:40,40.69349,-73.97917,0,0,0,0,4069,-7397,0.3253012048192771
2021-06-08T00:00:00.000,17:46,40.786423,-73.82394,1,0,1,1,4078,-7382,0.3
2021-06-08T00:00:00.000,18:43,40.58196,-73.959946,1,0,1,1,4058,-7395,0.3465346534653465
2021-06-08T00:00:00.000,18:34,40.749054,-73.99576,0,0,0,0,4074,-7399,0.3333333333333333
2021-04-15T00:00:00.000,4:03,40.725174,-73.97274,0,0,0,0,4072,-7397,0.3283582089552239
2021-06-08T00:00:00.000,5:22,40.770424,-73.964325,0,0,0,0,4077,-7396,0.3695652173913043
2021-05-21T00:00:00.000,23:30,40.722935,-73.994644,0,0,0,0,4072,-7399,0.3829787234042553
2021-06-08T00:00:00.000,16:50,40.703377,-73.86343,2,0,1,1,4070,-7386,0.38235294117647056
2021-06-08T00:00:00.000,12:49,40.76259,-73.80464,0,0,0,0,4076,-7380,0.4
2021-06-08T00:00:00.000,18:41,40.813374,-73.956276,0,0,0,0,4081,-7395,0.3509933774834437
2021-12-28T00:00:00.000,13:35,40.68139,-73.97553,1,0,1,1,4068,-7397,0.3412322274881517
2021-06-07T00:00:00.000,13:45,40.85467,-73.885765,0,0,0,0,4085,-7388,0.3
2021-06-07T00:00:00.000,22:00,40.66428,-73.87004,1,0,1,1,4066,-7387,0.38461538461538464
2021-06-08T00:00:00.000,5:29,40.759235,-73.97036,0,0,0,0,4075,-7397,0.375886524822695
2021-06-05T00:00:00.000,16:10,40.725643,-73.99207,1,0,1,1,4072,-7399,0.3829787234042553
2021-06-08T00:00:00.000,14:20,0.0,0.0,0,0,0,0,0,0,0.40425531914893614
2021-06-08T00:00:00.000,9:39,40.659546,-73.89823,0,0,0,0,4065,-7389,0.34965034965034963
2021-06-05T00:00:00.000,15:42,40.848694,-73.93047,0,0,0,0,4084,-7393,0.32786885245901637
2021-06-08T00:00:00.000,19:45,40.768383,-73.971054,0,0,0,0,4076,-7397,0.37
2021-06-08T00:00:00.000,21:39,40.651157,-73.918144,1,0,1,1,4065,-7391,0.425
2021-06-08T00:00:00.000,13:00,40.679886,-73.90526,0,0,0,0,4067,-7390,0.3282442748091603
2021-06-07T00:00:00.000,11:49,40.516804,-74.23348,0,0,0,0,4051,-7423,0.0625
2021-05-22T00:00:00.000,14:00,40.678448,-73.92467,0,0,0,0,4067,-7392,0.39655172413793105
2021-06-06T00:00:00.000,6:30,40.841183,-73.91588,0,0,0,0,4084,-7391,0.32558139534883723
2021-06-05T00:00:00.000,3:30,40.690014,-73.92399,0,0,0,0,4069,-7392,0.3584905660377358
2021-06-08T00:00:00.000,8:57,40.681927,-73.97611,0,0,0,0,4068,-7397,0.3412322274881517
2021-06-08T00:00:00.000,15:30,40.699013,-73.82366,0,0,0,0,4069,-7382,0.37209302325581395
2021-06-08T00:00:00.000,23:45,40.652954,-74.00215,2,0,1,1,4065,-7400,0.41509433962264153
2021-06-08T00:00:00.000,14:45,40.634552,-73.91477,0,0,0,0,4063,-7391,0.5
2021-06-08T00:00:00.000,20:41,40.867012,-73.92312,0,0,0,0,4086,-7392,0.359375
2021-05-29T00:00:00.000,20:15,40.8252,-73.867714,1,0,1,1,4082,-7386,0.3493975903614458
2021-06-08T00:00:00.000,8:46,40.789734,-73.9661,0,0,0,0,4078,-7396,0.28125
2021-06-08T00:00:00.000,11:51,40.645546,-73.90566,0,0,0,0,4064,-7390,0.4017094017094017
2021-06-08T00:00:00.000,17:00,40.690216,-73.907295,1,0,1,1,4069,-7390,0.29591836734693877
2021-06-08T00:00:00.000,1:52,40.819206,-73.947044,0,0,0,0,4081,-7394,0.38
2021-06-08T00:00:00.000,17:30,40.61042,-73.98212,0,0,0,0,4061,-7398,0.3698630136986301
2021-06-08T00:00:00.000,12:47,40.663853,-73.87516,0,0,0,0,4066,-7387,0.38461538461538464
2021-06-02T00:00:00.000,0:00,40.728405,-73.992676,0,0,0,0,4072,-7399,0.3829787234042553
2021-06-08T00:00:00.000,19:45,40.659645,-73.84869,0,0,0,0,4065,-7384,0.5
2021-05-08T00:00:00.000,16:05,40.745686,-73.97213,1,0,1,1,4074,-7397,0.4810810810810811
2021-06-08T00:00:00.000,16:55,40.59581,-73.94204,0,0,0,0,4059,-7394,0.275
2021-06-03T00:00:00.000,22:48,40.5433,-74.16424,0,0,0,0,4054,-7416,0.42857142857142855
2021-05-14T00:00:00.000,16:00,40.523956,-74.21568,0,0,0,0,4052,-7421,0.4444444444444444
2021-06-08T00:00:00.000,13:05,40.851093,-73.93244,2,0,1,1,4085,-7393,0.36585365853658536
2021-06-08T00:00:00.000,10:02,40.64161,-73.96356,0,0,0,0,4064,-7396,0.4714285714285714
2021-06-08T00:00:00.000,13:50,40.707306,-73.87659,0,0,0,0,4070,-7387,0.24324324324324326
2021-06-08T00:00:00.000,0:28,40.68607,-73.91605,0,0,0,0,4068,-7391,0.344
2021-06-08T00:00:00.000,0:01,40.858788,-73.92291,0,0,0,0,4085,-7392,0.22
2021-06-08T00:00:00.000,15:00,40.68403,-73.91755,0,0,0,0,4068,-7391,0.344
2021-06-03T00:00:00.000,17:55,40.64893,-73.949135,0,0,0,0,4064,-7394,0.42342342342342343
2021-06-08T00:00:00.000,10:00,40.579197,-73.98195,0,0,0,0,4057,-7398,0.36904761904761907
2021-06-08T00:00:00.000,11:00,40.707222,-73.952095,0,0,0,0,4070,-7395,0.3475177304964539
2021-06-08T00:00:00.000,12:00,40.70362,-73.953156,0,0,0,0,4070,-7395,0.3475177304964539
2021-05-18T00:00:00.000,12:00,40.542603,-74.20835,0,0,0,0,4054,-7420,0.5555555555555556
2021-06-07T00:00:00.000,7:55,40.84721,-73.93979,0,0,0,0,4084,-7393,0.32786885245901637
2021-06-08T00:00:00.000,20:55,40.682747,-73.889755,0,0,0,0,4068,-7388,0.36538461538461536
2021-06-08T00:00:00.000,23:00,40.636086,-73.95091,1,0,1,1,4063,-7395,0.48484848484848486
2021-06-08T00:00:00.000,19:05,40.65616,-73.76736,4,0,1,1,4065,-7376,0.35714285714285715
2021-06-08T00:00:00.000,11:45,40.64557,-74.08875,0,0,0,0,4064,-7408,0.2894736842105263
2021-06-08T00:00:00.000,17:36,40.733425,-73.95818,0,0,0,0,4073,-7395,0.30434782608695654
2021-06-08T00:00:00.000,16:24,40.68405,-73.97746,0,0,0,0,4068,-7397,0.3412322274881517
2021-06-08T00:00:00.000,9:00,40.660706,-73.84129,1,0,1,1,4066,-7384,0.5925925925925926
2021-06-08T00:00:00.000,18:43,40.67187,-73.867226,1,0,1,1,4067,-7386,0.3431372549019608
2021-06-08T00:00:00.000,10:00,40.626472,-73.94958,0,0,0,0,4062,-7394,0.41379310344827586
2021-06-04T00:00:00.000,13:00,40.68545,-73.96934,0,0,0,0,4068,-7396,0.42567567567567566
2021-06-08T00:00:00.000,13:20,40.595383,-73.779945,0,0,0,0,4059,-7377,0.2692307692307692
2021-06-08T00:00:00.000,9:50,40.77332,-73.79396,0,0,0,0,4077,-7379,0.5
2021-06-08T00:00:00.000,15:10,40.66112,-73.89255,0,0,0,0,4066,-7389,0.3103448275862069
2021-05-14T00:00:00.000,18:43,40.707653,-73.93984,0,0,0,0,4070,-7393,0.3300970873786408
2021-06-08T00:00:00.000,18:45,40.595947,-73.739044,1,0,1,1,4059,-7373,1.0
2021-06-08T00:00:00.000,16:58,40.821053,-73.91246,1,0,1,1,4082,-7391,0.3355263157894737
2021-06-06T00:00:00.000,12:00,40.838947,-73.916435,0,0,0,0,4083,-7391,0.33714285714285713
2021-06-02T00:00:00.000,21:00,40.718018,-73.99996,0,0,0,0,4071,-7399,0.3263157894736842
2021-06-08T00:00:00.000,14:50,40.627632,-73.93652,1,0,1,1,4062,-7393,0.4444444444444444
2021-06-08T00:00:00.000,19:50,40.69403,-73.98251,0,0,0,0,4069,-7398,0.3229166666666667
2021-05-30T00:00:00.000,17:30,40.662846,-73.94284,0,0,0,0,4066,-7394,0.36792452830188677
2021-06-08T00:00:00.000,17:30,40.71362,-73.75508,0,0,0,0,4071,-7375,0.3269230769230769
2021-06-08T00:00:00.000,18:40,40.698696,-73.93477,0,0,0,0,4069,-7393,0.3141025641025641
2021-06-08T00:00:00.000,0:00,40.814102,-73.940865,1,0,1,1,4081,-7394,0.38
2021-06-08T00:00:00.000,9:45,0.0,0.0,0,0,0,0,0,0,0.40425531914893614
2021-05-29T00:00:00.000,13:41,40.709484,-73.99403,0,0,0,0,4070,-7399,0.21052631578947367
2021-06-08T00:00:00.000,14:45,40.629513,-73.97259,0,0,0,0,4062,-7397,0.38666666666666666
2021-06-08T00:00:00.000,8:50,40.743675,-73.88711,0,0,0,0,4074,-7388,0.2978723404255319
2021-06-03T00:00:00.000,12:50,40.699192,-73.95519,1,0,1,1,4069,-7395,0.30952380952380953
2021-06-08T00:00:00.000,16:55,40.69168,-73.999344,0,0,0,0,4069,-7399,0.29473684210526313
2021-06-08T00:00:00.000,23:48,40.83562,-73.927864,0,0,0,0,4083,-7392,0.310126582278481
2021-06-08T00:00:00.000,21:31,40.639847,-73.91055,1,0,1,1,4063,-7391,0.5
2021-06-08T00:00:00.000,10:34,40.703575,-74.011604,0,0,0,0,4070,-7401,0.140625
2021-06-08T00:00:00.000,15:00,40.828075,-73.88543,0,0,0,0,4082,-7388,0.27624309392265195
2021-06-05T00:00:00.000,19:50,40.84434,-73.91475,0,0,0,0,4084,-7391,0.32558139534883723
2021-06-08T00:00:00.000,2:15,40.784237,-73.947075,1,0,1,1,4078,-7394,0.33513513513513515
2021-06-08T00:00:00.000,10:46,40.68087,-73.97515,1,0,1,1,4068,-7397,0.3412322274881517
2021-06-08T00:00:00.000,8:40,40.857605,-73.93778,2,0,1,1,4085,-7393,0.36585365853658536
2021-06-08T00:00:00.000,11:26,40.696198,-73.98869,0,0,0,0,4069,-7398,0.3229166666666667
2021-06-08T00:00:00.000,13:58,40.696217,-73.78415,0,0,0,0,4069,-7378,0.29310344827586204
2021-06-08T00:00:00.000,14:40,40.865364,-73.92439,1,0,1,1,4086,-7392,0.359375
2021-06-08T00:00:00.000,22:00,40.844807,-73.88211,0,0,0,0,4084,-7388,0.390625
2021-06-08T00:00:00.000,7:00,40.614754,-73.936615,0,0,0,0,4061,-7393,0.34285714285714286
2021-06-08T00:00:00.000,11:08,40.668957,-73.898026,1,0,1,1,4066,-7389,0.3103448275862069
2021-06-07T00:00:00.000,12:50,40.723625,-74.00479,1,0,1,1,4072,-7400,0.32926829268292684
2021-06-08T00:00:00.000,22:20,40.663555,-73.93162,3,0,1,1,4066,-7393,0.38578680203045684
2021-06-08T00:00:00.000,8:37,40.665813,-73.97584,0,0,0,0,4066,-7397,0.24390243902439024
2021-06-08T00:00:00.000,14:45,40.657486,-73.95031,0,0,0,0,4065,-7395,0.38686131386861317
2021-06-08T00:00:00.000,13:45,40.718395,-73.826385,1,0,1,1,4071,-7382,0.379746835443038
2021-05-06T00:00:00.000,11:57,40.70456,-73.856735,0,0,0,0,4070,-7385,0.39436619718309857
2021-06-08T00:00:00.000,12:30,40.57554,-73.979645,0,0,0,0,4057,-7397,0.2619047619047619
2021-06-08T00:00:00.000,10:00,40.6911,-73.97342,0,0,0,0,4069,-7397,0.3253012048192771
2021-06-08T00:00:00.000,6:15,40.51351,-74.237366,0,0,0,0,4051,-7423,0.0625
2021-06-08T00:00:00.000,16:30,40.843124,-73.89796,1,0,1,1,4084,-7389,0.33766233766233766
2021-06-08T00:00:00.000,23:29,40.757698,-73.9694,0,0,0,0,4075,-7396,0.4788732394366197
2021-06-07T00:00:00.000,20:24,40.64209,-73.93018,0,0,0,0,4064,-7393,0.3333333333333333
2021-06-08T00:00:00.000,17:15,40.74614,-73.81417,0,0,0,0,4074,-7381,0.46153846153846156
2021-06-08T00:00:00.000,18:10,40.80118,-73.93975,1,0,1,1,4080,-7393,0.36312849162011174
2021-06-08T00:00:00.000,13:55,40.62707,-74.01865,0,0,0,0,4062,-7401,0.3829787234042553
2021-06-08T00:00:00.000,15:45,40.66416,-73.990524,0,0,0,0,4066,-7399,0.40540540540540543
2021-06-08T00:00:00.000,13:45,40.77759,-73.9591,2,0,1,1,4077,-7395,0.3384615384615385
2021-06-08T00:00:00.000,21:20,40.83741,-73.847595,0,0,0,0,4083,-7384,0.22727272727272727
2021-06-08T00:00:00.000,14:14,40.5763,-73.84717,1,0,1,1,4057,-7384,0.8
2021-06-08T00:00:00.000,7:00,40.831398,-73.83097,1,0,1,1,4083,-7383,0.36363636363636365
2021-06-05T00:00:00.000,17:58,40.663788,-73.86808,0,0,0,0,4066,-7386,0.35
2021-06-08T00:00:00.000,14:35,40.67308,-73.91124,0,0,0,0,4067,-7391,0.36597938144329895
2021-06-08T00:00:00.000,18:00,0.0,0.0,0,0,0,0,0,0,0.40425531914893614
2021-12-28T00:00:00.000,17:30,40.733498,-73.87038,1,0,1,1,4073,-7387,0.3140495867768595
2021-05-15T00:00:00.000,3:00,40.72986,-73.98366,0,0,0,0,4072,-7398,0.4342105263157895
2021-06-07T00:00:00.000,19:00,40.819016,-73.84804,0,0,0,0,4081,-7384,0.3333333333333333
2021-06-08T00:00:00.000,6:10,40.743557,-73.99974,1,0,1,1,4074,-7399,0.3333333333333333
2021-06-08T00:00:00.000,18:45,40.586475,-73.94697,2,0,1,1,4058,-7394,0.40816326530612246
2021-06-06T00:00:00.000,5:40,40.67889,-73.92221,0,0,0,0,4067,-7392,0.39655172413793105
2021-04-26T00:00:00.000,12:30,40.76889,-73.9821,1,0,1,1,4076,-7398,0.3081761006289308
2021-06-08T00:00:00.000,10:30,40.67627,-74.003204,0,0,0,0,4067,-7400,0.20967741935483872
2021-05-30T00:00:00.000,13:00,40.74405,-73.75123,0,0,0,0,4074,-7375,0.16666666666666666
2021-06-08T00:00:00.000,11:38,40.653522,-73.90855,0,0,0,0,4065,-7390,0.375
2021-06-08T00:00:00.000,17:21,40.69904,-73.95655,1,0,1,1,4069,-7395,0.30952380952380953
2021-06-04T00:00:00.000,16:45,40.64546,-73.90267,0,0,0,0,4064,-7390,0.4017094017094017
2021-06-08T00:00:00.000,9:00,40.607185,-74.16239,0,0,0,0,4060,-7416,0.42857142857142855
2021-06-08T00:00:00.000,18:05,40.70113,-73.96087,1,0,1,1,4070,-7396,0.3431372549019608
2021-06-08T00:00:00.000,13:07,40.61255,-74.00226,0,0,0,0,4061,-7400,0.3076923076923077
2021-06-08T00:00:00.000,17:36,40.709923,-73.99047,1,0,1,1,4070,-7399,0.21052631578947367
2021-06-08T00:00:00.000,15:16,40.839767,-73.905396,0,0,0,0,4083,-7390,0.3064516129032258
2021-06-08T00:00:00.000,19:00,40.85876,-73.89736,0,0,0,0,4085,-7389,0.3353658536585366
2021-06-08T00:00:00.000,9:15,40.733536,-73.87035,0,0,0,0,4073,-7387,0.3140495867768595
2021-06-08T00:00:00.000,17:10,40.677032,-73.824684,0,0,0,0,4067,-7382,0.4186046511627907
2021-06-08T00:00:00.000,14:21,40.70386,-73.93838,1,0,1,1,4070,-7393,0.3300970873786408
2021-06-07T00:00:00.000,5:30,40.54785,-74.18826,0,0,0,0,4054,-7418,0.1875
2021-12-17T00:00:00.000,13:29,40.71946,-73.89117,0,0,0,0,4071,-7389,0.38095238095238093
2021-06-04T00:00:00.000,16:15,40.682114,-73.95367,0,0,0,0,4068,-7395,0.38571428571428573
2021-06-08T00:00:00.000,12:20,40.63941,-73.98755,0,0,0,0,4063,-7398,0.4827586206896552
2021-06-08T00:00:00.000,16:45,40.739674,-73.99095,1,0,1,1,4073,-7399,0.423728813559322
2021-06-08T00:00:00.000,11:40,40.606224,-73.754,0,0,0,0,4060,-7375,0.17117117117117117
2021-06-04T00:00:00.000,11:15,40.708076,-73.78238,1,0,1,1,4070,-7378,0.34523809523809523
2021-06-08T00:00:00.000,22:20,40.728035,-73.97183,1,0,1,1,4072,-7397,0.3283582089552239
2021-06-08T00:00:00.000,4:00,40.74468,-73.884605,0,0,0,0,4074,-7388,0.2978723404255319
2021-05-22T00:00:00.000,8:00,40.763588,-73.97142,1,0,1,1,4076,-7397,0.37
2021-05-18T00:00:00.000,21:22,40.69731,-73.932274,1,0,1,1,4069,-7393,0.3141025641025641
2021-06-08T00:00:00.000,8:30,40.70324,-73.92615,0,0,0,0,4070,-7392,0.24305555555555555
2021-06-08T00:00:00.000,12:50,40.692066,-73.7654,2,0,1,1,4069,-7376,0.3392857142857143
2021-06-08T00:00:00.000,11:20,40.645947,-73.9951,0,0,0,0,4064,-7399,0.3442622950819672
2021-06-04T00:00:00.000,17:40,40.832314,-73.93161,0,0,0,0,4083,-7393,0.3333333333333333
2020-06-06T00:00:00.000,22:01,40.69642,-73.95978,0,0,0,0,4069,-7395,0.30952380952380953
2021-06-08T00:00:00.000,22:30,40.603245,-73.988815,0,0,0,0,4060,-7398,0.2711864406779661
2021-06-08T00:00:00.000,21:45,40.788692,-73.93787,2,0,1,1,4078,-7393,0.4444444444444444
2021-06-04T00:00:00.000,9:00,40.704838,-73.9633,0,0,0,0,4070,-7396,0.3431372549019608
2021-06-08T00:00:00.000,20:20,40.66937,-73.89523,2,0,1,1,4066,-7389,0.3103448275862069
2021-06-07T00:00:00.000,8:09,40.658394,-73.91557,0,0,0,0,4065,-7391,0.425
2021-06-08T00:00:00.000,18:40,40.62962,-74.07667,0,0,0,0,4062,-7407,0.35714285714285715
2021-06-08T00:00:00.000,8:30,40.66895,-73.9339,0,0,0,0,4066,-7393,0.38578680203045684
2021-06-08T00:00:00.000,18:50,40.739162,-73.78556,0,0,0,0,4073,-7378,0.391304347826087
2021-06-08T00:00:00.000,15:35,40.851807,-73.90683,0,0,0,0,4085,-7390,0.42207792207792205
2021-06-08T00:00:00.000,9:00,40.659172,-73.839874,1,0,1,1,4065,-7383,0.38095238095238093
2021-06-05T00:00:00.000,6:45,40.663685,-73.803085,0,0,0,0,4066,-7380,0.40789473684210525
2021-06-08T00:00:00.000,11:30,40.690784,-73.97877,1,0,1,1,4069,-7397,0.3253012048192771
2021-06-08T00:00:00.000,12:45,40.602055,-73.94803,0,0,0,0,4060,-7394,0.5217391304347826
2021-05-15T00:00:00.000,16:00,40.54132,-74.2005,0,0,0,0,4054,-7420,0.5555555555555556
2021-06-08T00:00:00.000,17:05,40.700592,-73.85457,1,0,1,1,4070,-7385,0.39436619718309857
2021-06-04T00:00:00.000,18:50,40.705414,-73.829216,1,0,1,1,4070,-7382,0.4166666666666667
2021-06-08T00:00:00.000,13:10,40.73631,-73.98709,0,0,0,0,4073,-7398,0.36942675159235666
2021-06-08T00:00:00.000,20:24,40.62938,-74.025665,1,0,1,1,4062,-7402,0.3625
2021-06-08T00:00:00.000,0:20,40.71829,-73.987434,0,0,0,0,4071,-7398,0.39568345323741005
2021-06-08T00:00:00.000,9:30,40.640034,-73.910286,0,0,0,0,4064,-7391,0.39805825242718446
2021-06-08T00:00:00.000,22:10,40.707848,-73.897255,0,0,0,0,4070,-7389,0.2711864406779661
2021-06-04T00:00:00.000,14:35,40.54326,-74.19731,1,0,1,1,4054,-7419,0.3333333333333333
2021-06-08T00:00:00.000,6:50,40.83856,-73.94586,0,0,0,0,4083,-7394,0.38926174496644295
2021-06-04T00:00:00.000,0:40,40.665245,-73.80204,0,0,0,0,4066,-7380,0.40789473684210525
2021-06-08T00:00:00.000,13:25,40.679955,-73.86743,0,0,0,0,4067,-7386,0.3431372549019608
2021-06-06T00:00:00.000,14:20,40.541553,-74.20989,0,0,0,0,4054,-7420,0.5555555555555556
2021-06-08T00:00:00.000,12:35,40.750626,-73.87595,2,0,1,1,4075,-7387,0.33884297520661155
2021-06-06T00:00:00.000,11:00,40.508675,-74.23372,0,0,0,0,4050,-7423,0.4
2021-06-08T00:00:00.000,11:55,40.68251,-73.96766,1,0,1,1,4068,-7396,0.42567567567567566
2021-06-08T00:00:00.000,4:30,40.58665,-73.934456,0,0,0,0,4058,-7393,0.24324324324324326
2021-06-08T00:00:00.000,15:00,40.658295,-73.93109,0,0,0,0,4065,-7393,0.44366197183098594
2021-06-08T00:00:00.000,12:43,40.677414,-73.98305,1,0,1,1,4067,-7398,0.3655913978494624
2021-06-03T00:00:00.000,11:46,40.819065,-73.93892,0,0,0,0,4081,-7393,0.32432432432432434
2021-06-08T00:00:00.000,12:40,40.76817,-73.9528,0,0,0,0,4076,-7395,0.3696969696969697
2021-06-08T00:00:00.000,12:10,40.649506,-73.96293,0,0,0,0,4064,-7396,0.4714285714285714
2021-06-07T00:00:00.000,16:00,40.852673,-73.919106,1,0,1,1,4085,-7391,0.373134328358209
2021-06-08T00:00:00.000,19:00,40.586205,-73.93417,0,0,0,0,4058,-7393,0.24324324324324326
2021-06-08T00:00:00.000,8:11,40.663967,-73.92003,0,0,0,0,4066,-7392,0.355
2021-06-08T00:00:00.000,16:30,40.78463,-73.83634,0,0,0,0,4078,-7383,0.2727272727272727
2021-06-08T00:00:00.000,13:00,40.765125,-73.952126,0,0,0,0,4076,-7395,0.3696969696969697
2021-06-08T00:00:00.000,21:54,40.771065,-73.95965,0,0,0,0,4077,-7395,0.3384615384615385
2021-06-08T00:00:00.000,17:35,40.802914,-73.92029,2,0,1,1,4080,-7392,0.3141025641025641
2021-06-04T00:00:00.000,17:55,40.69165,-73.779205,0,0,0,0,4069,-7377,0.35135135135135137
2021-05-22T00:00:00.000,12:00,40.65329,-73.91919,0,0,0,0,4065,-7391,0.425
2021-06-08T00:00:00.000,8:35,40.632355,-73.95084,1,0,1,1,4063,-7395,0.48484848484848486
2021-06-06T00:00:00.000,0:40,40.677055,-73.9224,0,0,0,0,4067,-7392,0.39655172413793105
2021-06-08T00:00:00.000,10:41,40.68156,-73.975655,0,0,0,0,4068,-7397,0.3412322274881517
2021-05-31T00:00:00.000,22:23,40.835724,-73.92129,0,0,0,0,4083,-7392,0.310126582278481
2021-06-08T00:00:00.000,15:15,40.796787,-73.937294,2,0,1,1,4079,-7393,0.36585365853658536
2021-06-07T00:00:00.000,11:28,40.661446,-73.92829,1,0,1,1,4066,-7392,0.355
2021-06-08T00:00:00.000,17:20,40.746334,-73.89633,0,0,0,0,4074,-7389,0.3203125
2021-06-08T00:00:00.000,16:45,40.621822,-74.04125,0,0,0,0,4062,-7404,0.5
2021-06-08T00:00:00.000,9:30,40.70334,-73.76666,0,0,0,0,4070,-7376,0.43902439024390244
2021-06-08T00:00:00.000,23:12,40.615166,-73.91864,0,0,0,0,4061,-7391,0.358974358974359
2021-06-08T00:00:00.000,23:36,40.603516,-74.19273,0,0,0,0,4060,-7419,0.6666666666666666
2021-06-08T00:00:00.000,0:00,40.82325,-73.88277,0,0,0,0,4082,-7388,0.27624309392265195
2021-06-08T00:00:00.000,0:09,40.700592,-73.950294,1,0,1,1,4070,-7395,0.3475177304964539
2021-06-08T00:00:00.000,15:00,40.736732,-73.85451,1,0,1,1,4073,-7385,0.3619047619047619
2021-06-08T00:00:00.000,21:15,40.845238,-73.900894,0,0,0,0,4084,-7390,0.366120218579235
2021-06-08T00:00:00.000,13:29,40.67206,-73.869194,1,0,1,1,4067,-7386,0.3431372549019608
2021-06-08T00:00:00.000,15:02,40.66439,-73.76245,0,0,0,0,4066,-7376,0.30434782608695654
2021-04-08T00:00:00.000,17:18,40.724136,-73.992615,0,0,0,0,4072,-7399,0.3829787234042553
2021-05-19T00:00:00.000,18:45,40.726257,-73.983406,0,0,0,0,4072,-7398,0.4342105263157895
2021-06-08T00:00:00.000,18:40,40.73955,-73.94531,0,0,0,0,4073,-7394,0.5
2021-05-27T00:00:00.000,18:30,40.691456,-73.98735,1,0,1,1,4069,-7398,0.3229166666666667
2021-06-08T00:00:00.000,14:40,40.899895,-73.90668,0,0,0,0,4089,-7390,0.0
2021-06-08T00:00:00.000,23:10,40.70775,-73.932304,0,0,0,0,4070,-7393,0.3300970873786408
2021-06-08T00:00:00.000,22:35,40.850906,-73.93829,0,0,0,0,4085,-7393,0.36585365853658536
2021-06-04T00:00:00.000,12:14,40.68916,-73.80198,2,0,1,1,4068,-7380,0.3829787234042553
2021-06-05T00:00:00.000,16:30,40.705795,-74.00987,0,0,0,0,4070,-7400,0.2542372881355932
2021-06-08T00:00:00.000,8:15,40.748436,-73.9962,2,0,1,1,4074,-7399,0.3333333333333333
2021-06-08T00:00:00.000,17:58,40.684513,-73.909386,1,0,1,1,4068,-7390,0.4421052631578947
2021-06-08T00:00:00.000,17:25,40.838127,-73.91931,0,0,0,0,4083,-7391,0.33714285714285713
2021-06-08T00:00:00.000,10:30,40.68852,-73.984856,0,0,0,0,4068,-7398,0.3873239436619718
2021-06-08T00:00:00.000,9:00,40.823635,-73.93095,0,0,0,0,4082,-7393,0.36645962732919257
2021-06-08T00:00:00.000,14:20,40.739674,-73.99095,0,0,0,0,4073,-7399,0.423728813559322
2021-06-08T00:00:00.000,10:25,40.859234,-73.931366,1,0,1,1,4085,-7393,0.36585365853658536
2021-06-08T00:00:00.000,21:00,40.786602,-73.956726,0,0,0,0,4078,-7395,0.42168674698795183
2021-06-08T00:00:00.000,4:40,40.84964,-73.89661,2,0,1,1,4084,-7389,0.33766233766233766
2021-05-27T00:00:00.000,0:58,40.84474,-73.922585,0,0,0,0,4084,-7392,0.3181818181818182
2021-06-02T00:00:00.000,11:35,40.681236,-73.928734,0,0,0,0,4068,-7392,0.2542372881355932
2021-06-08T00:00:00.000,14:30,40.66492,-73.94196,0,0,0,0,4066,-7394,0.36792452830188677
2021-06-05T00:00:00.000,7:00,40.827984,-73.84329,0,0,0,0,4082,-7384,0.3835616438356164
2021-06-08T00:00:00.000,16:30,40.81417,-73.92122,0,0,0,0,4081,-7392,0.4714285714285714
2021-06-08T00:00:00.000,14:30,40.82442,-73.90977,0,0,0,0,4082,-7390,0.3025210084033613
2021-06-08T00:00:00.000,16:21,40.68607,-73.91605,1,0,1,1,4068,-7391,0.344
2021-06-08T00:00:00.000,6:00,40.79162,-73.94885,0,0,0,0,4079,-7394,0.3523809523809524
2021-06-03T00:00:00.000,8:35,40.62732,-74.07426,0,0,0,0,4062,-7407,0.35714285714285715
2021-06-08T00:00:00.000,10:00,40.666595,-73.87176,1,0,1,1,4066,-7387,0.38461538461538464
2021-06-08T00:00:00.000,0:00,40.632965,-73.883415,0,0,0,0,4063,-7388,0.3835616438356164
2021-06-06T00:00:00.000,17:10,40.711956,-73.95919,0,0,0,0,4071,-7395,0.36585365853658536
2021-05-25T00:00:00.000,5:00,40.720673,-73.99679,0,0,0,0,4072,-7399,0.3829787234042553
2021-06-05T00:00:00.000,17:05,40.700836,-73.99495,0,0,0,0,4070,-7399,0.21052631578947367
2021-06-08T00:00:00.000,17:00,40.707615,-73.74016,1,0,1,1,4070,-7374,0.3333333333333333
2021-06-08T00:00:00.000,16:45,40.676956,-73.82428,0,0,0,0,4067,-7382,0.4186046511627907
2021-06-08T00:00:00.000,8:05,40.71598,-73.97579,0,0,0,0,4071,-7397,0.41509433962264153
2021-06-08T00:00:00.000,15:50,40.6707,-73.77366,0,0,0,0,4067,-7377,0.32608695652173914
2021-06-07T00:00:00.000,15:20,40.563446,-74.169754,1,0,1,1,4056,-7416,0.35
2021-06-08T00:00:00.000,13:00,40.6229,-74.14943,0,0,0,0,4062,-7414,0.20408163265306123
2021-12-30T00:00:00.000,16:30,40.719578,-73.84325,0,0,0,0,4071,-7384,0.4
2021-06-08T00:00:00.000,6:25,40.770554,-73.83551,0,0,0,0,4077,-7383,0.25
2021-06-08T00:00:00.000,15:10,40.69798,-73.91257,0,0,0,0,4069,-7391,0.2709677419354839
2021-06-08T00:00:00.000,22:53,40.652462,-73.92285,1,0,1,1,4065,-7392,0.35555555555555557
2021-06-08T00:00:00.000,18:00,40.742043,-73.95436,0,0,0,0,4074,-7395,0.35185185185185186
2021-06-08T00:00:00.000,9:05,40.73436,-73.81478,0,0,0,0,4073,-7381,0.3181818181818182
2021-06-08T00:00:00.000,16:35,40.83718,-73.942604,1,0,1,1,4083,-7394,0.38926174496644295
2021-05-28T00:00:00.000,10:50,0.0,0.0,0,0,0,0,0,0,0.40425531914893614
2021-06-08T00:00:00.000,18:30,40.75829,-73.83431,1,0,1,1,4075,-7383,0.37681159420289856
2021-06-08T00:00:00.000,14:22,40.732243,-73.87013,0,0,0,0,4073,-7387,0.3140495867768595
2021-05-28T00:00:00.000,0:01,40.786495,-73.94839,0,0,0,0,4078,-7394,0.33513513513513515
2021-06-08T00:00:00.000,17:50,40.84299,-73.82625,0,0,0,0,4084,-7382,0.4
2021-06-04T00:00:00.000,13:30,40.5325,-74.222145,0,0,0,0,4053,-7422,0.2
2021-06-08T00:00:00.000,17:00,40.663685,-73.89858,0,0,0,0,4066,-7389,0.3103448275862069
2021-06-07T00:00:00.000,18:55,40.64337,-73.938194,0,0,0,0,4064,-7393,0.3333333333333333
2021-06-08T00:00:00.000,10:00,40.765125,-73.952126,0,0,0,0,4076,-7395,0.3696969696969697
2022-04-01T00:00:00.000,0:42,40.802315,-73.96172,1,0,1,1,4080,-7396,0.31343283582089554
2021-06-08T00:00:00.000,20:43,40.820305,-73.89083,0,0,0,0,4082,-7389,0.37423312883435583
2021-06-08T00:00:00.000,17:30,40.639225,-74.0021,0,0,0,0,4063,-7400,0.3068181818181818
2021-06-08T00:00:00.000,11:55,40.66987,-73.90956,0,0,0,0,4066,-7390,0.2777777777777778
2021-06-08T00:00:00.000,1:20,40.666443,-73.90026,0,0,0,0,4066,-7390,0.2777777777777778
2021-06-08T00:00:00.000,12:01,40.59938,-73.95141,0,0,0,0,4059,-7395,0.3181818181818182
2021-12-30T00:00:00.000,15:07,40.676487,-73.82133,0,0,0,0,4067,-7382,0.4186046511627907
2021-12-27T00:00:00.000,23:15,40.701103,-73.939255,1,0,1,1,4070,-7393,0.3300970873786408
2021-12-30T00:00:00.000,9:00,40.859406,-73.84187,0,0,0,0,4085,-7384,0.32432432432432434
2021-12-31T00:00:00.000,20:49,40.718887,-73.76447,1,0,1,1,4071,-7376,0.37142857142857144
2021-12-31T00:00:00.000,8:19,40.66879,-73.88839,1,0,1,1,4066,-7388,0.37012987012987014
2021-12-27T00:00:00.000,12:20,40.748383,-73.88893,0,0,0,0,4074,-7388,0.2978723404255319
2021-12-28T00:00:00.000,18:38,40.85668,-73.90811,3,0,1,1,4085,-7390,0.42207792207792205
2021-12-30T00:00:00.000,6:50,40.773006,-73.96033,0,0,0,0,4077,-7396,0.3695652173913043
2021-12-30T00:00:00.000,22:34,40.83846,-73.90175,0,0,0,0,4083,-7390,0.3064516129032258
2021-12-28T00:00:00.000,11:38,40.698494,-73.79159,1,0,1,1,4069,-7379,0.25925925925925924
2021-12-31T00:00:00.000,14:55,40.850807,-73.86781,1,0,1,1,4085,-7386,0.33766233766233766
2021-12-24T00:00:00.000,17:00,40.718967,-73.96104,1,0,1,1,4071,-7396,0.3218390804597701
2021-12-31T00:00:00.000,1:30,40.728947,-73.92793,1,0,1,1,4072,-7392,0.4
2021-12-30T00:00:00.000,7:10,40.710976,-73.97962,1,0,1,1,4071,-7397,0.41509433962264153
2021-12-29T00:00:00.000,20:33,40.813625,-73.93153,1,0,1,1,4081,-7393,0.32432432432432434
2021-12-29T00:00:00.000,12:29,40.872112,-73.91628,0,0,0,0,4087,-7391,0.25925925925925924
2021-12-31T00:00:00.000,9:00,40.63819,-73.90472,0,0,0,0,4063,-7390,0.3561643835616438
2021-12-24T00:00:00.000,17:12,40.66685,-73.8907,3,0,1,1,4066,-7389,0.3103448275862069
2021-12-25T00:00:00.000,21:00,40.80882,-73.948,0,0,0,0,4080,-7394,0.41116751269035534
2021-12-29T00:00:00.000,22:49,40.845177,-73.90235,0,0,0,0,4084,-7390,0.366120218579235
2021-12-28T00:00:00.000,14:21,40.63257,-73.976295,0,0,0,0,4063,-7397,0.36893203883495146
2021-12-28T00:00:00.000,17:00,40.88425,-73.900635,0,0,0,0,4088,-7390,0.2702702702702703
2021-12-29T00:00:00.000,11:14,40.68295,-74.00635,0,0,0,0,4068,-7400,0.3333333333333333
2021-12-31T00:00:00.000,12:57,40.652744,-73.959854,0,0,0,0,4065,-7395,0.38686131386861317
2021-12-30T00:00:00.000,10:25,40.59589,-74.085884,0,0,0,0,4059,-7408,0.36363636363636365
2021-12-30T00:00:00.000,12:30,40.65965,-73.773834,1,0,1,1,4065,-7377,0.3125
2021-12-15T00:00:00.000,9:00,40.862564,-73.9165,0,0,0,0,4086,-7391,0.38016528925619836
2021-12-31T00:00:00.000,18:06,40.75425,-73.827835,1,0,1,1,4075,-7382,0.4915254237288136
2021-12-30T00:00:00.000,7:00,40.70166,-73.961464,0,0,0,0,4070,-7396,0.3431372549019608
2021-12-30T00:00:00.000,16:45,40.606327,-73.99647,1,0,1,1,4060,-7399,0.31683168316831684
2021-12-26T00:00:00.000,23:35,40.846863,-73.90142,0,0,0,0,4084,-7390,0.366120218579235
2021-12-31T00:00:00.000,15:15,40.78168,-73.84595,2,0,1,1,4078,-7384,0.23809523809523808
2021-12-21T00:00:00.000,19:05,40.87229,-73.90096,2,0,1,1,4087,-7390,0.3184713375796178
2021-12-29T00:00:00.000,14:30,40.893856,-73.896065,1,0,1,1,4089,-7389,0.5555555555555556
2021-12-29T00:00:00.000,7:00,40.806274,-73.91411,0,0,0,0,4080,-7391,0.38961038961038963
2021-12-29T00:00:00.000,14:45,40.83702,-73.8464,0,0,0,0,4083,-7384,0.22727272727272727
2021-12-30T00:00:00.000,10:20,40.728275,-73.79179,0,0,0,0,4072,-7379,0.3333333333333333
2021-12-21T00:00:00.000,22:00,40.729553,-74.000885,0,0,0,0,4072,-7400,0.32926829268292684
2021-12-30T00:00:00.000,17:30,40.70372,-73.94293,0,0,0,0,4070,-7394,0.3956043956043956
2021-12-29T00:00:00.000,17:50,40.703724,-73.95979,1,0,1,1,4070,-7395,0.3475177304964539
2021-12-17T00:00:00.000,21:32,40.81506,-73.94018,1,0,1,1,4081,-7394,0.38
2021-12-31T00:00:00.000,16:55,40.843006,-73.84856,1,0,1,1,4084,-7384,0.4222222222222222
2021-12-29T00:00:00.000,11:00,40.89213,-73.85341,0,0,0,0,4089,-7385,0.3813559322033898
2021-12-26T00:00:00.000,11:40,40.68012,-73.884094,0,0,0,0,4068,-7388,0.36538461538461536
2021-12-31T00:00:00.000,1:53,40.656914,-73.95315,3,0,1,1,4065,-7395,0.38686131386861317
2021-12-23T00:00:00.000,0:00,40.585304,-73.818054,0,0,0,0,4058,-7381,0.1875
2021-12-31T00:00:00.000,13:45,40.86543,-73.86737,1,0,1,1,4086,-7386,0.4642857142857143
2021-12-31T00:00:00.000,19:30,40.82774,-73.87706,0,0,0,0,4082,-7387,0.33544303797468356
2021-12-29T00:00:00.000,14:20,40.83177,-73.854164,0,0,0,0,4083,-7385,0.30158730158730157
2021-12-28T00:00:00.000,12:50,40.68825,-73.971886,1,0,1,1,4068,-7397,0.3412322274881517
2021-12-27T00:00:00.000,23:38,40.677563,-73.874985,2,0,1,1,4067,-7387,0.30344827586206896
2021-12-29T00:00:00.000,21:40,40.585133,-73.954544,0,0,0,0,4058,-7395,0.3465346534653465
2021-12-28T00:00:00.000,14:25,40.65463,-73.92201,0,0,0,0,4065,-7392,0.35555555555555557
2021-12-31T00:00:00.000,12:00,40.711452,-73.8598,0,0,0,0,4071,-7385,0.4418604651162791
2021-12-29T00:00:00.000,17:44,40.748276,-73.93918,1,0,1,1,4074,-7393,0.3333333333333333
2021-12-31T00:00:00.000,20:00,40.708576,-73.758644,0,0,0,0,4070,-7375,0.4117647058823529
2021-12-26T00:00:00.000,19:30,40.734768,-73.861595,0,0,0,0,4073,-7386,0.3464566929133858
2021-12-31T00:00:00.000,11:35,40.838158,-73.92324,0,0,0,0,4083,-7392,0.310126582278481
2021-12-28T00:00:00.000,16:40,40.68566,-73.84681,2,0,1,1,4068,-7384,0.3333333333333333
2021-12-30T00:00:00.000,1:23,40.587444,-73.812164,0,0,0,0,4058,-7381,0.1875
2021-12-30T00:00:00.000,15:50,40.878365,-73.85893,0,0,0,0,4087,-7385,0.37681159420289856
2021-12-29T00:00:00.000,18:45,40.853138,-73.9017,1,0,1,1,4085,-7390,0.42207792207792205
2021-12-31T00:00:00.000,16:15,40.698036,-73.962845,1,0,1,1,4069,-7396,0.325
2021-12-30T00:00:00.000,15:30,40.607445,-73.99531,1,0,1,1,4060,-7399,0.31683168316831684
2021-12-28T00:00:00.000,18:40,40.813232,-73.90908,1,0,1,1,4081,-7390,0.3888888888888889
2021-12-24T00:00:00.000,22:13,40.667637,-73.8996,0,0,0,0,4066,-7389,0.3103448275862069
2021-12-31T00:00:00.000,12:37,40.77656,-73.95271,0,0,0,0,4077,-7395,0.3384615384615385
2021-12-24T00:00:00.000,19:25,40.58963,-73.797806,1,0,1,1,4058,-7379,0.5
2021-12-29T00:00:00.000,20:50,40.759037,-73.8879,1,0,1,1,4075,-7388,0.3402061855670103
2021-12-29T00:00:00.000,15:40,40.706806,-73.94878,0,0,0,0,4070,-7394,0.3956043956043956
2021-12-29T00:00:00.000,22:20,40.76332,-73.77385,0,0,0,0,4076,-7377,0.20588235294117646
2021-12-21T00:00:00.000,8:51,40.91013,-73.90322,3,0,1,1,4091,-7390,0.3333333333333333
2021-12-31T00:00:00.000,7:00,40.701683,-73.941696,0,0,0,0,4070,-7394,0.3956043956043956
2021-12-28T00:00:00.000,12:56,40.65766,-73.89705,3,0,1,1,4065,-7389,0.34965034965034963
2021-12-29T00:00:00.000,14:00,40.836407,-73.85519,0,0,0,0,4083,-7385,0.30158730158730157
2021-12-29T00:00:00.000,12:30,40.680115,-73.75324,0,0,0,0,4068,-7375,0.3877551020408163
2022-03-18T00:00:00.000,5:15,40.7081,-73.999405,2,0,1,1,4070,-7399,0.21052631578947367
2021-12-22T00:00:00.000,6:35,40.829685,-73.8253,1,0,1,1,4082,-7382,0.46153846153846156
2021-12-11T00:00:00.000,23:48,40.843903,-73.927284,0,0,0,0,4084,-7392,0.3181818181818182
2021-12-29T00:00:00.000,18:00,40.60102,-74.004364,0,0,0,0,4060,-7400,0.24074074074074073
2021-12-16T00:00:00.000,22:26,40.759064,-73.91229,1,0,1,1,4075,-7391,0.4777777777777778
2021-12-29T00:00:00.000,11:40,40.811092,-73.89335,0,0,0,0,4081,-7389,0.31543624161073824
2021-12-27T00:00:00.000,0:56,40.760998,-73.94104,0,0,0,0,4076,-7394,0.4583333333333333
2021-12-27T00:00:00.000,14:13,40.576965,-74.16974,0,0,0,0,4057,-7416,0.36363636363636365
2021-12-30T00:00:00.000,23:37,40.676647,-73.91647,0,0,0,0,4067,-7391,0.36597938144329895
2021-12-26T00:00:00.000,1:30,40.66322,-73.893654,3,0,1,1,4066,-7389,0.3103448275862069
2021-12-31T00:00:00.000,20:48,40.855015,-73.869644,1,0,1,1,4085,-7386,0.33766233766233766
2021-12-30T00:00:00.000,15:00,40.712772,-73.77201,0,0,0,0,4071,-7377,0.20967741935483872
2021-12-29T00:00:00.000,13:40,40.60927,-74.1513,1,0,1,1,4060,-7415,0.3076923076923077
2021-12-29T00:00:00.000,5:10,40.731277,-73.871574,1,0,1,1,4073,-7387,0.3140495867768595
2021-12-29T00:00:00.000,5:48,40.728992,-73.95067,0,0,0,0,4072,-7395,0.22093023255813954
2021-12-30T00:00:00.000,0:15,40.78515,-73.94063,1,0,1,1,4078,-7394,0.33513513513513515
2021-12-25T00:00:00.000,2:00,40.674767,-73.88536,0,0,0,0,4067,-7388,0.30434782608695654
2021-12-31T00:00:00.000,23:34,40.730377,-73.98638,0,0,0,0,4073,-7398,0.36942675159235666
2021-12-26T00:00:00.000,13:20,40.753986,-73.87215,0,0,0,0,4075,-7387,0.33884297520661155
2021-12-18T00:00:00.000,11:20,0.0,0.0,1,0,1,1,0,0,0.40425531914893614
2021-12-26T00:00:00.000,12:00,40.699017,-73.80696,1,0,1,1,4069,-7380,0.38461538461538464
2021-12-29T00:00:00.000,19:10,40.610695,-73.945816,0,0,0,0,4061,-7394,0.48484848484848486
2021-12-31T00:00:00.000,3:30,40.67834,-73.95521,0,0,0,0,4067,-7395,0.3695652173913043
2021-12-29T00:00:00.000,21:22,40.62335,-74.028145,1,0,1,1,4062,-7402,0.3625
2022-04-24T00:00:00.000,0:15,40.627007,-74.13872,0,0,0,0,4062,-7413,0.4074074074074074
2021-12-30T00:00:00.000,18:30,40.717827,-73.8724,1,0,1,1,4071,-7387,0.5652173913043478
2021-12-26T00:00:00.000,15:40,40.663498,-73.92129,1,0,1,1,4066,-7392,0.355
2021-12-29T00:00:00.000,20:18,40.65965,-73.773834,0,0,0,0,4065,-7377,0.3125
2021-12-31T00:00:00.000,11:25,40.57771,-74.11758,0,0,0,0,4057,-7411,0.37142857142857144
2021-12-29T00:00:00.000,19:40,40.693047,-73.83839,0,0,0,0,4069,-7383,0.35555555555555557
2021-12-29T00:00:00.000,19:35,40.76354,-73.93332,1,0,1,1,4076,-7393,0.44680851063829785
2021-12-30T00:00:00.000,11:40,40.702625,-73.8794,1,0,1,1,4070,-7387,0.24324324324324326
2021-12-09T00:00:00.000,12:30,40.777905,-73.98209,1,0,1,1,4077,-7398,0.38028169014084506
2021-12-22T00:00:00.000,4:30,40.792244,-73.94629,0,0,0,0,4079,-7394,0.3523809523809524
2021-12-30T00:00:00.000,14:52,40.630344,-74.03845,0,0,0,0,4063,-7403,0.42424242424242425
2021-12-30T00:00:00.000,11:40,40.721844,-73.90444,1,0,1,1,4072,-7390,0.2978723404255319
2021-12-31T00:00:00.000,21:15,40.75,-73.89924,1,0,1,1,4075,-7389,0.4805194805194805
2021-12-29T00:00:00.000,9:20,40.624172,-73.90907,0,0,0,0,4062,-7390,0.3888888888888889
2021-12-29T00:00:00.000,6:58,40.778862,-73.958176,0,0,0,0,4077,-7395,0.3384615384615385
2021-12-29T00:00:00.000,23:00,40.798935,-73.93637,0,0,0,0,4079,-7393,0.36585365853658536
2021-12-25T00:00:00.000,1:00,40.683132,-73.88259,0,0,0,0,4068,-7388,0.36538461538461536
2021-12-21T00:00:00.000,15:33,40.877514,-73.90517,0,0,0,0,4087,-7390,0.3184713375796178
2021-12-30T00:00:00.000,5:16,40.788795,-73.93755,0,0,0,0,4078,-7393,0.4444444444444444
2021-12-29T00:00:00.000,11:10,40.69987,-73.94043,0,0,0,0,4069,-7394,0.417910447761194
2021-12-31T00:00:00.000,15:18,40.694805,-73.84754,1,0,1,1,4069,-7384,0.26666666666666666
2021-12-28T00:00:00.000,11:30,40.851334,-73.94022,0,0,0,0,4085,-7394,0.2727272727272727
2021-12-30T00:00:00.000,18:30,40.66549,-73.819534,0,0,0,0,4066,-7381,0.4716981132075472
2021-06-09T00:00:00.000,17:20,40.817875,-73.89333,0,0,0,0,4081,-7389,0.31543624161073824
2021-12-31T00:00:00.000,8:28,40.89024,-73.860306,0,0,0,0,4089,-7386,0.28205128205128205
2021-12-31T00:00:00.000,21:51,40.74763,-73.88394,0,0,0,0,4074,-7388,0.2978723404255319
2021-12-31T00:00:00.000,0:30,40.730278,-73.743965,0,0,0,0,4073,-7374,0.21428571428571427
2021-12-30T00:00:00.000,17:20,40.734737,-73.87227,0,0,0,0,4073,-7387,0.3140495867768595
2021-12-31T00:00:00.000,23:56,40.590706,-74.165794,1,0,1,1,4059,-7416,0.29411764705882354
2021-12-31T00:00:00.000,17:00,40.761375,-73.98781,1,0,1,1,4076,-7398,0.3081761006289308
2021-12-31T00:00:00.000,8:11,40.802116,-73.9361,0,0,0,0,4080,-7393,0.36312849162011174
2021-12-31T00:00:00.000,3:10,40.72294,-73.8002,0,0,0,0,4072,-7380,0.2727272727272727
2021-12-30T00:00:00.000,15:32,40.723648,-73.99103,0,0,0,0,4072,-7399,0.3829787234042553
2021-12-30T00:00:00.000,13:53,40.63143,-73.993744,1,0,1,1,4063,-7399,0.47692307692307695
2021-12-22T00:00:00.000,18:30,40.72575,-73.87756,1,0,1,1,4072,-7387,0.5714285714285714
2021-12-31T00:00:00.000,17:17,40.61879,-73.99426,0,0,0,0,4061,-7399,0.29411764705882354
2021-12-29T00:00:00.000,10:30,40.662724,-73.92601,0,0,0,0,4066,-7392,0.355
2021-12-30T00:00:00.000,0:32,40.57741,-73.83713,0,0,0,0,4057,-7383,0.25
2021-12-31T00:00:00.000,3:46,40.68445,-73.91062,0,0,0,0,4068,-7391,0.344
2021-12-30T00:00:00.000,12:30,40.7441,-73.99565,1,0,1,1,4074,-7399,0.3333333333333333
2021-12-30T00:00:00.000,18:45,40.79866,-73.96947,0,0,0,0,4079,-7396,0.25
2021-12-29T00:00:00.000,4:50,40.88867,-73.89092,1,0,1,1,4088,-7389,0.4626865671641791
2021-12-29T00:00:00.000,12:00,40.663574,-73.89855,0,0,0,0,4066,-7389,0.3103448275862069
2021-12-28T00:00:00.000,11:15,40.68771,-73.85037,1,0,1,1,4068,-7385,0.43103448275862066
2021-12-28T00:00:00.000,20:15,40.805557,-73.912415,1,0,1,1,4080,-7391,0.38961038961038963
2021-12-20T00:00:00.000,7:45,40.64757,-74.08743,0,0,0,0,4064,-7408,0.2894736842105263
2021-12-31T00:00:00.000,20:05,40.608482,-73.9589,1,0,1,1,4060,-7395,0.4791666666666667
2021-12-31T00:00:00.000,19:15,40.74267,-73.82841,1,0,1,1,4074,-7382,0.4057971014492754
2021-12-29T00:00:00.000,1:57,40.859444,-73.915985,0,0,0,0,4085,-7391,0.373134328358209
2021-12-29T00:00:00.000,17:42,40.880657,-73.877625,1,0,1,1,4088,-7387,0.14583333333333334
2021-12-21T00:00:00.000,15:42,40.884518,-73.89387,0,0,0,0,4088,-7389,0.4626865671641791
2021-12-30T00:00:00.000,8:45,40.82852,-73.89796,1,0,1,1,4082,-7389,0.37423312883435583
2021-12-29T00:00:00.000,16:00,40.655598,-73.72644,1,0,1,1,4065,-7372,0.26666666666666666
2021-12-31T00:00:00.000,11:04,40.832233,-73.89869,0,0,0,0,4083,-7389,0.3333333333333333
2021-12-30T00:00:00.000,18:00,40.68424,-73.8461,4,0,1,1,4068,-7384,0.3333333333333333
2021-12-30T00:00:00.000,3:10,40.648243,-74.014114,2,0,1,1,4064,-7401,0.4295774647887324
2021-12-29T00:00:00.000,12:21,40.620815,-73.98986,0,0,0,0,4062,-7398,0.38
2021-12-28T00:00:00.000,22:51,40.755806,-73.998055,0,0,0,0,4075,-7399,0.2830188679245283
2021-12-31T00:00:00.000,12:15,40.69253,-73.81688,0,0,0,0,4069,-7381,0.3902439024390244
2021-12-29T00:00:00.000,16:30,40.67601,-73.88567,1,0,1,1,4067,-7388,0.30434782608695654
2021-12-31T00:00:00.000,23:57,40.748158,-73.85406,2,0,1,1,4074,-7385,0.35526315789473684
2021-12-31T00:00:00.000,15:40,40.660778,-73.89229,1,0,1,1,4066,-7389,0.3103448275862069
2021-12-05T00:00:00.000,15:25,40.806313,-73.95987,0,0,0,0,4080,-7395,0.381294964028777
2021-12-31T00:00:00.000,1:55,40.691227,-73.98214,0,0,0,0,4069,-7398,0.3229166666666667
2021-12-30T00:00:00.000,18:20,40.617832,-74.08627,1,0,1,1,4061,-7408,0.30612244897959184
2021-12-29T00:00:00.000,16:53,40.81339,-73.95627,0,0,0,0,4081,-7395,0.3509933774834437
2021-12-23T00:00:00.000,11:30,40.904472,-73.90716,0,0,0,0,4090,-7390,0.11764705882352941
2021-12-29T00:00:00.000,11:14,0.0,0.0,0,0,0,0,0,0,0.40425531914893614
2021-12-30T00:00:00.000,23:35,40.725918,-73.89535,1,0,1,1,4072,-7389,0.41379310344827586
2021-12-29T00:00:00.000,22:20,40.69035,-73.84108,0,0,0,0,4069,-7384,0.26666666666666666
2021-12-29T00:00:00.000,19:54,40.830402,-73.903404,0,0,0,0,4083,-7390,0.3064516129032258
2021-12-30T00:00:00.000,18:00,40.687805,-73.833565,0,0,0,0,4068,-7383,0.45454545454545453
2021-12-31T00:00:00.000,2:26,40.600376,-73.98117,0,0,0,0,4060,-7398,0.2711864406779661
2021-12-19T00:00:00.000,19:00,40.853706,-73.871864,0,0,0,0,4085,-7387,0.375
2021-12-29T00:00:00.000,4:20,40.766777,-73.996765,0,1,2,1,4076,-7399,0.3275862068965517
2022-09-23T00:00:00.000,8:06,40.617107,-74.02997,1,0,1,1,4061,-7402,0.4090909090909091
2022-04-02T00:00:00.000,15:17,40.744667,-73.931694,1,0,1,1,4074,-7393,0.3333333333333333
2021-12-30T00:00:00.000,20:55,40.73556,-73.915054,1,0,1,1,4073,-7391,0.33962264150943394
2021-12-31T00:00:00.000,15:53,40.88335,-73.85616,0,0,0,0,4088,-7385,0.36619718309859156
2021-12-27T00:00:00.000,16:40,40.587784,-74.165565,1,0,1,1,4058,-7416,0.3
2021-12-31T00:00:00.000,6:08,40.61135,-74.09847,1,0,1,1,4061,-7409,0.46153846153846156
2021-12-31T00:00:00.000,20:10,40.755066,-73.84419,0,0,0,0,4075,-7384,0.25
2021-12-31T00:00:00.000,20:30,40.754276,-73.856415,0,0,0,0,4075,-7385,0.3048780487804878
2021-12-31T00:00:00.000,0:16,40.644142,-73.95564,0,0,0,0,4064,-7395,0.4796747967479675
2021-12-27T00:00:00.000,13:00,40.730377,-73.98638,0,0,0,0,4073,-7398,0.36942675159235666
2021-12-27T00:00:00.000,21:45,40.593124,-73.79148,0,0,0,0,4059,-7379,0.2692307692307692
2021-12-30T00:00:00.000,10:50,40.595135,-73.75321,0,0,0,0,4059,-7375,0.17777777777777778
2021-12-21T00:00:00.000,9:50,40.880398,-73.907646,1,0,1,1,4088,-7390,0.2702702702702703
2021-12-31T00:00:00.000,17:26,40.8649,-73.892586,0,0,0,0,4086,-7389,0.40606060606060607
2021-12-24T00:00:00.000,21:35,40.596733,-74.07045,0,0,0,0,4059,-7407,0.23076923076923078
2021-12-27T00:00:00.000,12:00,40.65536,-73.89548,0,0,0,0,4065,-7389,0.34965034965034963
2021-12-24T00:00:00.000,20:00,40.573524,-74.09349,0,0,0,0,4057,-7409,0.1111111111111111
2021-12-30T00:00:00.000,0:50,40.64147,-73.984695,0,0,0,0,4064,-7398,0.40425531914893614
2021-12-29T00:00:00.000,13:30,40.68978,-73.965195,2,0,1,1,4068,-7396,0.42567567567567566
2021-12-29T00:00:00.000,18:35,40.83142,-73.92643,0,0,0,0,4083,-7392,0.310126582278481
2021-12-27T00:00:00.000,12:49,40.652737,-73.8769,0,0,0,0,4065,-7387,0.2857142857142857
2021-12-31T00:00:00.000,7:05,40.61156,-74.18877,0,0,0,0,4061,-7418,0.0
2021-09-07T00:00:00.000,23:40,40.819717,-73.94048,1,0,1,1,4081,-7394,0.38
2021-09-22T00:00:00.000,13:00,40.75584,-73.83448,0,0,0,0,4075,-7383,0.37681159420289856
2021-09-28T00:00:00.000,20:00,40.71583,-73.81375,2,0,1,1,4071,-7381,0.3448275862068966
2021-10-03T00:00:00.000,1:30,40.7357,-73.72497,0,0,0,0,4073,-7372,0.3333333333333333
2021-10-03T00:00:00.000,19:45,40.77592,-73.95317,0,0,0,0,4077,-7395,0.3384615384615385
2021-10-08T00:00:00.000,14:00,40.829163,-73.93727,0,0,0,0,4082,-7393,0.36645962732919257
2021-09-30T00:00:00.000,20:20,40.71791,-73.95341,1,0,1,1,4071,-7395,0.36585365853658536
2021-10-01T00:00:00.000,21:08,40.65864,-73.90304,6,0,1,1,4065,-7390,0.375
2021-12-11T00:00:00.000,23:30,40.883118,-73.82518,0,0,0,0,4088,-7382,0.2765957446808511
2021-12-11T00:00:00.000,13:04,40.82942,-73.91226,0,0,0,0,4082,-7391,0.3355263157894737
2021-12-11T00:00:00.000,21:25,40.674072,-73.863,0,0,0,0,4067,-7386,0.3431372549019608
2021-12-11T00:00:00.000,21:57,40.643127,-73.950676,1,0,1,1,4064,-7395,0.4796747967479675
2021-12-11T00:00:00.000,5:00,40.844135,-73.93752,1,0,1,1,4084,-7393,0.32786885245901637
2021-12-11T00:00:00.000,18:50,40.595886,-73.98315,0,0,0,0,4059,-7398,0.34146341463414637
2021-12-09T00:00:00.000,6:58,40.83883,-73.86003,0,0,0,0,4083,-7386,0.24822695035460993
2021-12-11T00:00:00.000,17:13,40.739914,-73.72469,0,0,0,0,4073,-7372,0.3333333333333333
2021-12-09T00:00:00.000,12:50,40.678444,-73.86886,0,0,0,0,4067,-7386,0.3431372549019608
2021-12-08T00:00:00.000,19:45,40.848938,-73.93708,0,0,0,0,4084,-7393,0.32786885245901637
2021-12-11T00:00:00.000,20:00,40.75621,-73.92896,0,0,0,0,4075,-7392,0.48148148148148145
2021-12-11T00:00:00.000,19:00,40.69831,-73.9498,0,0,0,0,4069,-7394,0.417910447761194
2021-12-10T00:00:00.000,18:17,40.66143,-73.91644,0,0,0,0,4066,-7391,0.3630952380952381
2021-12-11T00:00:00.000,0:05,40.727222,-73.74681,2,0,1,1,4072,-7374,0.44
2021-12-08T00:00:00.000,20:49,40.66902,-73.89754,0,0,0,0,4066,-7389,0.3103448275862069
2021-12-11T00:00:00.000,20:40,40.606445,-74.00589,1,0,1,1,4060,-7400,0.24074074074074073
2021-12-11T00:00:00.000,1:05,40.808796,-73.94473,0,0,0,0,4080,-7394,0.41116751269035534
2021-12-08T00:00:00.000,8:30,40.67793,-73.87189,0,0,0,0,4067,-7387,0.30344827586206896
2021-12-07T00:00:00.000,17:30,40.608562,-73.99414,1,0,1,1,4060,-7399,0.31683168316831684
2021-12-11T00:00:00.000,1:38,40.878654,-73.824066,0,0,0,0,4087,-7382,0.3333333333333333
2021-12-10T00:00:00.000,22:00,40.60567,-74.00005,2,0,1,1,4060,-7400,0.24074074074074073
2021-12-11T00:00:00.000,3:18,40.830986,-73.91139,1,0,1,1,4083,-7391,0.33714285714285713
2021-10-08T00:00:00.000,19:17,40.658028,-73.94744,2,0,1,1,4065,-7394,0.43137254901960786
2021-09-30T00:00:00.000,0:00,40.707714,-73.802795,1,0,1,1,4070,-7380,0.3877551020408163
2021-10-06T00:00:00.000,17:50,40.60164,-73.820274,1,0,1,1,4060,-7382,0.75
2021-10-05T00:00:00.000,4:50,40.698677,-73.95886,0,0,0,0,4069,-7395,0.30952380952380953
2021-10-08T00:00:00.000,12:00,40.71476,-73.82104,1,0,1,1,4071,-7382,0.379746835443038
2021-10-07T00:00:00.000,23:10,40.66969,-73.995834,0,0,0,0,4066,-7399,0.40540540540540543
2021-10-06T00:00:00.000,20:00,40.718834,-74.00878,0,0,0,0,4071,-7400,0.25517241379310346
2021-09-30T00:00:00.000,9:41,40.76758,-73.93596,0,0,0,0,4076,-7393,0.44680851063829785
2021-10-07T00:00:00.000,2:45,40.754776,-73.85376,0,0,0,0,4075,-7385,0.3048780487804878
2021-10-08T00:00:00.000,14:01,40.74788,-73.85731,1,0,1,1,4074,-7385,0.35526315789473684
2021-10-07T00:00:00.000,10:09,40.699165,-73.914925,0,0,0,0,4069,-7391,0.2709677419354839
2021-10-03T00:00:00.000,1:00,40.87535,-73.85721,0,0,0,0,4087,-7385,0.37681159420289856
2021-10-03T00:00:00.000,18:00,40.761566,-73.96364,0,0,0,0,4076,-7396,0.3023255813953488
2021-10-08T00:00:00.000,1:50,40.831966,-73.8967,0,0,0,0,4083,-7389,0.3333333333333333
2021-10-06T00:00:00.000,12:45,40.70663,-73.806595,0,0,0,0,4070,-7380,0.3877551020408163
2021-10-06T00:00:00.000,0:50,40.78291,-73.98578,0,0,0,0,4078,-7398,0.42105263157894735
2021-10-08T00:00:00.000,23:35,40.693817,-73.80296,0,0,0,0,4069,-7380,0.38461538461538464
2021-10-06T00:00:00.000,14:50,40.721806,-73.884384,0,0,0,0,4072,-7388,0.4
2021-10-07T00:00:00.000,21:10,40.815643,-73.896904,1,0,1,1,4081,-7389,0.31543624161073824
2021-10-07T00:00:00.000,8:20,40.664333,-73.89684,0,0,0,0,4066,-7389,0.3103448275862069
2021-10-03T00:00:00.000,20:00,40.701267,-73.98772,0,0,0,0,4070,-7398,0.21568627450980393
2021-10-08T00:00:00.000,11:33,40.776016,-73.98724,1,0,1,1,4077,-7398,0.38028169014084506
2021-10-07T00:00:00.000,19:00,40.696373,-73.979034,0,0,0,0,4069,-7397,0.3253012048192771
2021-10-08T00:00:00.000,16:55,40.765423,-73.89001,3,0,1,1,4076,-7389,0.35185185185185186
2021-10-07T00:00:00.000,0:00,40.75898,-73.96244,1,0,1,1,4075,-7396,0.4788732394366197
2021-10-08T00:00:00.000,11:00,40.806614,-73.90769,1,0,1,1,4080,-7390,0.36538461538461536
2021-10-07T00:00:00.000,11:05,40.668007,-73.980644,0,0,0,0,4066,-7398,0.421875
2021-10-06T00:00:00.000,15:10,40.758377,-73.994385,1,0,1,1,4075,-7399,0.2830188679245283
2021-10-08T00:00:00.000,16:10,40.667587,-73.77972,0,0,0,0,4066,-7377,0.37362637362637363
2021-10-08T00:00:00.000,22:11,40.69078,-73.72728,0,0,0,0,4069,-7372,0.40425531914893614
2021-10-07T00:00:00.000,11:00,40.75203,-73.92915,1,0,1,1,4075,-7392,0.48148148148148145
2021-10-06T00:00:00.000,17:56,40.85586,-73.86476,0,0,0,0,4085,-7386,0.33766233766233766
2021-10-06T00:00:00.000,21:35,40.817978,-73.91892,0,0,0,0,4081,-7391,0.47244094488188976
2021-10-08T00:00:00.000,16:40,40.63233,-73.98916,0,0,0,0,4063,-7398,0.4827586206896552
2021-10-06T00:00:00.000,16:42,40.887737,-73.86755,0,0,0,0,4088,-7386,0.23809523809523808
2021-10-07T00:00:00.000,10:30,40.67447,-74.001976,0,0,0,0,4067,-7400,0.20967741935483872
2021-10-07T00:00:00.000,15:15,40.686756,-73.9938,0,0,0,0,4068,-7399,0.17857142857142858
2021-10-07T00:00:00.000,16:25,40.579826,-73.97622,0,0,0,0,4057,-7397,0.2619047619047619
2021-10-06T00:00:00.000,0:00,40.804695,-73.92239,0,0,0,0,4080,-7392,0.3141025641025641
2021-10-06T00:00:00.000,18:36,40.753,-73.969894,0,0,0,0,4075,-7396,0.4788732394366197
2021-10-08T00:00:00.000,0:30,40.694405,-73.97621,0,0,0,0,4069,-7397,0.3253012048192771
2021-10-06T00:00:00.000,18:00,40.602295,-73.75863,2,0,1,1,4060,-7375,0.17117117117117117
2021-10-06T00:00:00.000,20:04,40.73632,-73.85631,3,0,1,1,4073,-7385,0.3619047619047619
2021-10-07T00:00:00.000,16:41,40.895195,-73.859795,0,0,0,0,4089,-7385,0.3813559322033898
2021-10-07T00:00:00.000,15:10,40.71717,-73.834946,1,0,1,1,4071,-7383,0.37349397590361444
2021-10-06T00:00:00.000,8:00,40.689945,-73.80508,4,0,1,1,4068,-7380,0.3829787234042553
2021-10-03T00:00:00.000,17:42,40.749607,-73.966835,1,0,1,1,4074,-7396,0.7
2021-10-05T00:00:00.000,20:00,40.824474,-73.926735,0,0,0,0,4082,-7392,0.3333333333333333
2021-10-07T00:00:00.000,18:40,40.7501,-73.974945,1,0,1,1,4075,-7397,0.375886524822695
2021-10-04T00:00:00.000,8:45,40.661446,-73.92829,0,0,0,0,4066,-7392,0.355
2021-10-07T00:00:00.000,15:35,40.792362,-73.96418,0,0,0,0,4079,-7396,0.25
2021-10-07T00:00:00.000,16:15,40.67443,-73.96694,1,0,1,1,4067,-7396,0.3466666666666667
2021-10-06T00:00:00.000,7:20,40.832848,-73.84236,0,0,0,0,4083,-7384,0.22727272727272727
2021-10-08T00:00:00.000,8:00,40.605427,-74.0762,0,0,0,0,4060,-7407,0.25
2021-09-01T00:00:00.000,8:25,40.89416,-73.851776,0,0,0,0,4089,-7385,0.3813559322033898
2021-10-06T00:00:00.000,15:28,40.75763,-73.782,0,0,0,0,4075,-7378,0.18518518518518517
2021-10-08T00:00:00.000,16:13,40.742836,-73.91592,0,0,0,0,4074,-7391,0.38333333333333336
2021-10-08T00:00:00.000,17:00,40.78318,-73.94362,1,0,1,1,4078,-7394,0.33513513513513515
2021-10-07T00:00:00.000,2:17,40.811512,-73.89053,2,0,1,1,4081,-7389,0.31543624161073824
2021-10-01T00:00:00.000,17:45,40.681767,-73.96754,0,0,0,0,4068,-7396,0.42567567567567566
2021-10-08T00:00:00.000,13:50,40.724274,-73.99082,0,0,0,0,4072,-7399,0.3829787234042553
2021-10-07T00:00:00.000,19:20,40.817795,-73.89319,1,0,1,1,4081,-7389,0.31543624161073824
2021-10-08T00:00:00.000,9:30,40.674717,-74.01332,1,0,1,1,4067,-7401,0.32142857142857145
2021-10-08T00:00:00.000,18:17,40.734432,-73.989914,1,0,1,1,4073,-7398,0.36942675159235666
2021-10-08T00:00:00.000,16:17,40.782055,-73.95373,1,0,1,1,4078,-7395,0.42168674698795183
2021-10-07T00:00:00.000,9:01,40.831123,-73.89148,1,0,1,1,4083,-7389,0.3333333333333333
2021-10-08T00:00:00.000,8:52,40.718895,-73.97724,0,0,0,0,4071,-7397,0.41509433962264153
2021-10-02T00:00:00.000,18:55,40.65686,-73.92703,1,0,1,1,4065,-7392,0.35555555555555557
2021-09-29T00:00:00.000,16:27,40.67725,-73.92754,1,0,1,1,4067,-7392,0.39655172413793105
2021-10-07T00:00:00.000,8:40,40.665997,-73.81648,0,0,0,0,4066,-7381,0.4716981132075472
2021-10-07T00:00:00.000,8:46,40.884346,-73.88706,2,0,1,1,4088,-7388,0.42857142857142855
2021-10-05T00:00:00.000,15:50,40.7133,-73.76456,0,0,0,0,4071,-7376,0.37142857142857144
2021-10-07T00:00:00.000,8:29,40.66552,-73.74467,1,0,1,1,4066,-7374,0.3698630136986301
2021-10-06T00:00:00.000,6:15,40.76663,-73.88903,1,0,1,1,4076,-7388,0.43283582089552236
2021-10-08T00:00:00.000,18:00,40.615852,-74.00318,0,0,0,0,4061,-7400,0.3076923076923077
2021-10-06T00:00:00.000,18:15,40.807907,-73.94584,0,0,0,0,4080,-7394,0.41116751269035534
2021-10-05T00:00:00.000,10:00,40.735413,-73.91835,0,0,0,0,4073,-7391,0.33962264150943394
2021-12-23T00:00:00.000,19:00,40.679535,-73.900475,0,0,0,0,4067,-7390,0.3282442748091603
2021-10-08T00:00:00.000,21:27,40.69993,-73.96188,1,0,1,1,4069,-7396,0.325
2021-10-07T00:00:00.000,14:52,40.667236,-73.93525,0,0,0,0,4066,-7393,0.38578680203045684
2021-10-07T00:00:00.000,22:40,40.710243,-73.9584,2,0,1,1,4071,-7395,0.36585365853658536
2021-10-07T00:00:00.000,8:00,40.780296,-73.825325,0,0,0,0,4078,-7382,0.3
2021-10-06T00:00:00.000,18:30,40.864532,-73.89091,0,0,0,0,4086,-7389,0.40606060606060607
2021-10-06T00:00:00.000,11:23,40.604427,-73.96067,0,0,0,0,4060,-7396,0.5714285714285714
2021-10-06T00:00:00.000,12:30,40.688656,-73.79562,2,0,1,1,4068,-7379,0.35
2021-10-08T00:00:00.000,7:28,40.708324,-73.84314,0,0,0,0,4070,-7384,0.43333333333333335
2021-12-26T00:00:00.000,17:53,40.67069,-73.91703,0,0,0,0,4067,-7391,0.36597938144329895
2021-10-06T00:00:00.000,16:18,40.830208,-73.90324,1,0,1,1,4083,-7390,0.3064516129032258
2021-10-08T00:00:00.000,14:00,40.62137,-73.951675,1,0,1,1,4062,-7395,0.4444444444444444
2021-10-06T00:00:00.000,9:20,40.785294,-73.969345,0,0,0,0,4078,-7396,0.28125
2021-10-08T00:00:00.000,16:55,40.61917,-74.02821,0,0,0,0,4061,-7402,0.4090909090909091
2021-10-07T00:00:00.000,7:03,40.666492,-73.76536,0,0,0,0,4066,-7376,0.30434782608695654
2021-10-07T00:00:00.000,23:00,40.636074,-73.951096,0,0,0,0,4063,-7395,0.48484848484848486
2021-10-07T00:00:00.000,19:22,40.640915,-73.97365,0,0,0,0,4064,-7397,0.4095238095238095
2021-10-08T00:00:00.000,0:15,40.80275,-73.93358,1,0,1,1,4080,-7393,0.36312849162011174
2021-10-07T00:00:00.000,19:30,40.709415,-73.76293,0,0,0,0,4070,-7376,0.43902439024390244
2021-10-07T00:00:00.000,0:50,40.666405,-73.802635,0,0,0,0,4066,-7380,0.40789473684210525
2021-10-08T00:00:00.000,15:38,40.65616,-73.76736,2,0,1,1,4065,-7376,0.35714285714285715
2021-12-31T00:00:00.000,17:31,40.642056,-73.88859,0,0,0,0,4064,-7388,0.3225806451612903
2021-10-03T00:00:00.000,13:40,40.597923,-73.9872,0,0,0,0,4059,-7398,0.34146341463414637
2021-10-07T00:00:00.000,16:11,40.82054,-73.930786,0,0,0,0,4082,-7393,0.36645962732919257
2021-10-06T00:00:00.000,10:00,40.69783,-73.93677,0,0,0,0,4069,-7393,0.3141025641025641
2021-10-07T00:00:00.000,16:00,40.674423,-73.97234,0,0,0,0,4067,-7397,0.2818181818181818
2021-10-07T00:00:00.000,9:55,40.803555,-73.969124,0,0,0,0,4080,-7396,0.31343283582089554
2021-10-08T00:00:00.000,15:00,40.73733,-73.810455,0,0,0,0,4073,-7381,0.3181818181818182
2021-10-04T00:00:00.000,13:45,40.824562,-73.948105,0,0,0,0,4082,-7394,0.3812154696132597
2021-10-07T00:00:00.000,6:25,40.80515,-73.91105,0,0,0,0,4080,-7391,0.38961038961038963
2021-10-08T00:00:00.000,22:30,40.694805,-73.8982,1,0,1,1,4069,-7389,0.3709677419354839
2021-10-06T00:00:00.000,17:39,40.79383,-73.93702,1,0,1,1,4079,-7393,0.36585365853658536
2021-10-08T00:00:00.000,19:03,40.743263,-73.91964,0,0,0,0,4074,-7391,0.38333333333333336
2021-10-08T00:00:00.000,15:45,40.70278,-73.946915,1,0,1,1,4070,-7394,0.3956043956043956
2021-10-08T00:00:00.000,18:52,40.6358,-73.903595,1,0,1,1,4063,-7390,0.3561643835616438
2021-10-07T00:00:00.000,8:20,40.6082,-73.920715,0,0,0,0,4060,-7392,0.3333333333333333
2021-12-31T00:00:00.000,21:50,40.695156,-73.761765,1,0,1,1,4069,-7376,0.3392857142857143
2021-10-01T00:00:00.000,17:00,40.70251,-73.80825,1,0,1,1,4070,-7380,0.3877551020408163
2021-10-08T00:00:00.000,20:00,40.71967,-73.93967,0,0,0,0,4071,-7393,0.2711864406779661
2021-10-06T00:00:00.000,13:00,40.720654,-73.99256,1,0,1,1,4072,-7399,0.3829787234042553
2021-10-08T00:00:00.000,2:00,40.67476,-73.79884,0,0,0,0,4067,-7379,0.4264705882352941
2021-10-07T00:00:00.000,16:00,40.67619,-73.9081,1,0,1,1,4067,-7390,0.3282442748091603
2021-10-07T00:00:00.000,8:27,40.712307,-73.99437,1,0,1,1,4071,-7399,0.3263157894736842
2021-10-05T00:00:00.000,19:58,40.66796,-73.77155,1,0,1,1,4066,-7377,0.37362637362637363
2021-10-08T00:00:00.000,2:30,40.742615,-73.88503,0,0,0,0,4074,-7388,0.2978723404255319
2021-10-08T00:00:00.000,0:00,40.77058,-73.84303,0,0,0,0,4077,-7384,0.125
2021-10-06T00:00:00.000,12:54,40.84631,-73.91947,0,0,0,0,4084,-7391,0.32558139534883723
2021-10-07T00:00:00.000,15:15,40.677834,-73.88509,0,0,0,0,4067,-7388,0.30434782608695654
2021-10-07T00:00:00.000,10:40,40.665375,-73.95052,0,0,0,0,4066,-7395,0.44375
2021-10-04T00:00:00.000,11:20,40.709023,-73.798195,0,0,0,0,4070,-7379,0.3978494623655914
2021-06-08T00:00:00.000,13:17,0.0,0.0,0,0,0,0,0,0,0.40425531914893614
2021-10-06T00:00:00.000,18:42,40.71659,-73.86184,0,0,0,0,4071,-7386,0.5625
2021-10-07T00:00:00.000,9:50,40.780437,-73.94989,1,0,1,1,4078,-7394,0.33513513513513515
2021-10-06T00:00:00.000,20:55,40.834114,-73.86327,0,0,0,0,4083,-7386,0.24822695035460993
2021-10-06T00:00:00.000,20:56,40.882835,-73.888016,0,0,0,0,4088,-7388,0.42857142857142855
2021-10-06T00:00:00.000,7:45,40.75484,-73.98412,2,0,1,1,4075,-7398,0.3170731707317073
2021-10-07T00:00:00.000,13:30,40.67909,-73.90829,5,0,1,1,4067,-7390,0.3282442748091603
2021-10-08T00:00:00.000,7:41,40.71307,-73.75362,0,0,0,0,4071,-7375,0.3269230769230769
2021-10-08T00:00:00.000,22:21,40.680405,-73.88764,1,0,1,1,4068,-7388,0.36538461538461536
2021-12-31T00:00:00.000,11:00,40.68005,-73.99598,0,0,0,0,4068,-7399,0.17857142857142858
2021-10-07T00:00:00.000,9:05,40.73715,-73.930824,1,0,1,1,4073,-7393,0.38461538461538464
2021-12-30T00:00:00.000,5:20,40.64077,-73.90913,1,0,1,1,4064,-7390,0.4017094017094017
2021-10-07T00:00:00.000,13:30,40.739082,-73.88954,1,0,1,1,4073,-7388,0.2777777777777778
2021-10-07T00:00:00.000,9:53,40.756096,-73.74655,1,0,1,1,4075,-7374,0.3333333333333333
2021-10-08T00:00:00.000,19:27,40.64165,-73.90378,1,0,1,1,4064,-7390,0.4017094017094017
2021-10-08T00:00:00.000,10:05,40.64002,-74.13042,0,0,0,0,4064,-7413,0.0
2021-10-07T00:00:00.000,10:22,40.76471,-73.830696,0,0,0,0,4076,-7383,0.33695652173913043
2021-09-24T00:00:00.000,13:46,40.835518,-73.86112,1,0,1,1,4083,-7386,0.24822695035460993
2021-10-08T00:00:00.000,16:00,40.769096,-73.833664,0,0,0,0,4076,-7383,0.33695652173913043
2021-10-07T00:00:00.000,11:50,40.893295,-73.857,0,0,0,0,4089,-7385,0.3813559322033898
2021-10-06T00:00:00.000,19:50,40.659286,-73.92925,0,0,0,0,4065,-7392,0.35555555555555557
2021-10-07T00:00:00.000,15:20,40.82196,-73.9085,0,0,0,0,4082,-7390,0.3025210084033613
2021-10-08T00:00:00.000,13:51,40.895927,-73.87392,2,0,1,1,4089,-7387,0.2
2021-10-06T00:00:00.000,19:11,40.673943,-73.86393,1,0,1,1,4067,-7386,0.3431372549019608
2021-10-06T00:00:00.000,13:15,40.765995,-73.90751,0,0,0,0,4076,-7390,0.3055555555555556
2021-10-06T00:00:00.000,20:34,40.84366,-73.92005,2,0,1,1,4084,-7392,0.3181818181818182
2021-10-07T00:00:00.000,13:00,40.684082,-73.90864,0,0,0,0,4068,-7390,0.4421052631578947
2021-10-06T00:00:00.000,12:47,40.685463,-73.9506,0,0,0,0,4068,-7395,0.38571428571428573
2021-10-06T00:00:00.000,23:00,40.79275,-73.97132,0,0,0,0,4079,-7397,0.24210526315789474
2021-10-07T00:00:00.000,14:50,40.691353,-73.92142,0,0,0,0,4069,-7392,0.3584905660377358
2021-10-03T00:00:00.000,7:10,40.668507,-73.92561,0,0,0,0,4066,-7392,0.355
2021-10-08T00:00:00.000,7:15,40.806557,-73.92685,1,0,1,1,4080,-7392,0.3141025641025641
2021-10-07T00:00:00.000,9:00,40.691822,-73.92223,0,0,0,0,4069,-7392,0.3584905660377358
2021-10-08T00:00:00.000,19:20,40.758053,-73.91864,0,0,0,0,4075,-7391,0.4777777777777778
2021-10-07T00:00:00.000,7:58,40.830944,-73.89766,0,0,0,0,4083,-7389,0.3333333333333333
2021-10-06T00:00:00.000,16:00,40.835808,-73.93556,0,0,0,0,4083,-7393,0.3333333333333333
2021-10-08T00:00:00.000,20:48,40.622356,-74.03608,0,0,0,0,4062,-7403,0.15
2021-10-07T00:00:00.000,1:21,40.59034,-74.06663,0,0,0,0,4059,-7406,0.29411764705882354
2021-10-06T00:00:00.000,14:00,40.78168,-73.84595,0,0,0,0,4078,-7384,0.23809523809523808
2021-10-08T00:00:00.000,20:15,40.85422,-73.86773,1,0,1,1,4085,-7386,0.33766233766233766
2021-10-02T00:00:00.000,23:42,40.735283,-73.85984,5,0,1,1,4073,-7385,0.3619047619047619
2021-10-08T00:00:00.000,16:05,40.671406,-73.96133,0,0,0,0,4067,-7396,0.3466666666666667
2021-10-08T00:00:00.000,17:40,40.639698,-73.973404,1,0,1,1,4063,-7397,0.36893203883495146
2021-10-06T00:00:00.000,0:20,40.668472,-73.89603,0,0,0,0,4066,-7389,0.3103448275862069
2021-10-07T00:00:00.000,22:36,40.69078,-73.72728,0,0,0,0,4069,-7372,0.40425531914893614
2021-10-07T00:00:00.000,23:30,40.73028,-73.84824,0,0,0,0,4073,-7384,0.2682926829268293
2021-10-07T00:00:00.000,11:00,40.73138,-73.87782,0,0,0,0,4073,-7387,0.3140495867768595
2021-10-06T00:00:00.000,15:30,40.76242,-73.92391,0,0,0,0,4076,-7392,0.42105263157894735
2021-10-07T00:00:00.000,10:55,40.721672,-73.992035,1,0,1,1,4072,-7399,0.3829787234042553
2021-10-07T00:00:00.000,0:00,40.814373,-73.941475,0,0,0,0,4081,-7394,0.38
2021-10-06T00:00:00.000,9:10,40.673653,-73.99905,0,0,0,0,4067,-7399,0.3258426966292135
2021-10-06T00:00:00.000,14:06,40.702076,-73.87917,0,0,0,0,4070,-7387,0.24324324324324326
2021-10-08T00:00:00.000,14:00,40.655674,-74.00515,0,0,0,0,4065,-7400,0.41509433962264153
2021-10-08T00:00:00.000,9:45,40.671932,-73.85165,0,0,0,0,4067,-7385,0.26666666666666666
2021-10-06T00:00:00.000,10:23,40.696926,-73.89463,0,0,0,0,4069,-7389,0.3709677419354839
2021-10-07T00:00:00.000,15:30,40.75066,-73.987785,1,0,1,1,4075,-7398,0.3170731707317073
2021-10-07T00:00:00.000,14:56,40.875896,-73.88477,0,0,0,0,4087,-7388,0.3561643835616438
2021-10-06T00:00:00.000,0:55,40.66895,-73.9339,0,0,0,0,4066,-7393,0.38578680203045684
2021-10-07T00:00:00.000,14:00,40.757072,-73.96986,0,0,0,0,4075,-7396,0.4788732394366197
2021-10-08T00:00:00.000,12:16,40.880836,-73.86677,0,0,0,0,4088,-7386,0.23809523809523808
2021-10-08T00:00:00.000,12:50,40.73068,-73.77581,1,0,1,1,4073,-7377,0.5789473684210527
2021-09-23T00:00:00.000,19:40,40.71946,-73.89117,1,0,1,1,4071,-7389,0.38095238095238093
2021-10-06T00:00:00.000,20:07,40.635937,-73.987595,1,0,1,1,4063,-7398,0.4827586206896552
2021-10-06T00:00:00.000,21:00,40.577007,-73.96704,0,0,0,0,4057,-7396,0.3191489361702128
2021-10-07T00:00:00.000,10:30,40.88756,-73.866394,1,0,1,1,4088,-7386,0.23809523809523808
2021-10-07T00:00:00.000,14:50,40.66036,-73.841194,0,0,0,0,4066,-7384,0.5925925925925926
2021-10-07T00:00:00.000,22:50,40.734985,-73.85066,1,0,1,1,4073,-7385,0.3619047619047619
2021-10-06T00:00:00.000,14:10,40.675625,-73.89879,0,0,0,0,4067,-7389,0.33852140077821014
2021-10-04T00:00:00.000,23:00,40.859642,-73.90534,1,0,1,1,4085,-7390,0.42207792207792205
2021-10-06T00:00:00.000,4:00,40.667995,-73.786766,0,0,0,0,4066,-7378,0.34615384615384615
2021-09-15T00:00:00.000,20:06,40.848133,-73.88885,1,0,1,1,4084,-7388,0.390625
2021-12-29T00:00:00.000,13:58,40.815697,-73.91678,1,0,1,1,4081,-7391,0.47244094488188976
2021-10-06T00:00:00.000,14:50,40.780224,-73.80255,1,0,1,1,4078,-7380,0.30434782608695654
2021-10-07T00:00:00.000,18:00,40.875122,-73.905174,0,0,0,0,4087,-7390,0.3184713375796178
2021-10-06T00:00:00.000,20:00,40.605328,-73.74163,0,0,0,0,4060,-7374,0.15789473684210525
2021-10-08T00:00:00.000,9:55,40.83,-73.91812,0,0,0,0,4083,-7391,0.33714285714285713
2021-10-05T00:00:00.000,7:24,40.641747,-74.013824,0,0,0,0,4064,-7401,0.4295774647887324
2021-10-07T00:00:00.000,23:54,40.63771,-73.948166,0,0,0,0,4063,-7394,0.358974358974359
2021-10-07T00:00:00.000,21:15,40.670223,-73.72855,1,0,1,1,4067,-7372,0.3888888888888889
2021-10-01T00:00:00.000,19:28,40.697918,-73.9728,1,0,1,1,4069,-7397,0.3253012048192771
2021-10-08T00:00:00.000,16:45,40.759445,-73.78964,0,0,0,0,4075,-7378,0.18518518518518517
2021-10-08T00:00:00.000,19:58,40.72135,-74.00465,0,0,0,0,4072,-7400,0.32926829268292684
2021-10-06T00:00:00.000,19:20,40.74088,-73.990074,1,0,1,1,4074,-7399,0.3333333333333333
2021-10-08T00:00:00.000,16:25,40.675735,-73.89686,0,0,0,0,4067,-7389,0.33852140077821014
2021-10-06T00:00:00.000,18:15,40.68668,-73.97937,1,0,1,1,4068,-7397,0.3412322274881517
2021-10-03T00:00:00.000,0:00,40.75419,-73.908806,0,0,0,0,4075,-7390,0.37254901960784315
2021-10-08T00:00:00.000,18:00,40.58425,-73.9638,0,0,0,0,4058,-7396,0.37333333333333335
2021-10-08T00:00:00.000,6:13,40.895374,-73.86356,1,0,1,1,4089,-7386,0.28205128205128205
2021-10-07T00:00:00.000,15:35,40.818394,-73.95089,1,0,1,1,4081,-7395,0.3509933774834437
2021-10-07T00:00:00.000,17:40,40.858376,-73.89637,0,0,0,0,4085,-7389,0.3353658536585366
2021-10-08T00:00:00.000,0:09,40.67973,-73.76162,3,0,1,1,4067,-7376,0.23076923076923078
2021-10-06T00:00:00.000,21:48,40.74278,-73.82817,3,0,1,1,4074,-7382,0.4057971014492754
2021-10-07T00:00:00.000,12:51,40.724136,-73.992615,1,0,1,1,4072,-7399,0.3829787234042553
2021-10-08T00:00:00.000,16:14,40.61255,-73.96287,0,0,0,0,4061,-7396,0.30666666666666664
2021-10-07T00:00:00.000,12:28,40.851654,-73.91566,0,0,0,0,4085,-7391,0.373134328358209
2021-10-08T00:00:00.000,12:39,40.682243,-73.82222,1,0,1,1,4068,-7382,0.41975308641975306
2021-10-08T00:00:00.000,15:04,40.68305,-73.97377,0,0,0,0,4068,-7397,0.3412322274881517
2021-10-04T00:00:00.000,15:14,40.73669,-73.993126,1,0,1,1,4073,-7399,0.423728813559322
2021-10-02T00:00:00.000,10:00,40.8161,-73.9535,0,0,0,0,4081,-7395,0.3509933774834437
2021-10-07T00:00:00.000,6:40,40.620914,-73.9753,1,0,1,1,4062,-7397,0.38666666666666666
2021-10-07T00:00:00.000,17:58,40.68019,-73.75545,1,0,1,1,4068,-7375,0.3877551020408163
2021-10-07T00:00:00.000,18:16,40.75455,-73.74317,0,0,0,0,4075,-7374,0.3333333333333333
2021-10-08T00:00:00.000,17:17,40.887444,-73.878006,1,0,1,1,4088,-7387,0.14583333333333334
2021-10-07T00:00:00.000,12:07,40.671593,-73.9843,0,0,0,0,4067,-7398,0.3655913978494624
2021-10-06T00:00:00.000,7:55,40.724262,-73.800545,0,0,0,0,4072,-7380,0.2727272727272727
2021-10-06T00:00:00.000,12:58,40.62701,-73.956635,1,0,1,1,4062,-7395,0.4444444444444444
2021-10-08T00:00:00.000,20:24,40.755505,-73.86816,0,0,0,0,4075,-7386,0.33653846153846156
2021-10-07T00:00:00.000,10:30,40.79814,-73.94051,0,0,0,0,4079,-7394,0.3523809523809524
2021-10-07T00:00:00.000,18:00,40.680847,-73.92563,0,0,0,0,4068,-7392,0.2542372881355932
2021-10-08T00:00:00.000,14:00,40.730885,-73.87165,0,0,0,0,4073,-7387,0.3140495867768595
2021-10-05T00:00:00.000,18:15,40.846977,-73.786385,0,0,0,0,4084,-7378,0.0
2021-10-07T00:00:00.000,15:10,40.687016,-73.77487,1,0,1,1,4068,-7377,0.3673469387755102
2021-10-07T00:00:00.000,9:06,40.636406,-73.9673,0,0,0,0,4063,-7396,0.34615384615384615
2021-12-29T00:00:00.000,8:05,40.885303,-73.82954,0,0,0,0,4088,-7382,0.2765957446808511
2021-10-07T00:00:00.000,11:00,40.815826,-73.947044,0,0,0,0,4081,-7394,0.38
2021-10-08T00:00:00.000,15:15,40.69613,-73.987114,1,0,1,1,4069,-7398,0.3229166666666667
2021-10-07T00:00:00.000,21:52,40.715702,-73.81069,0,0,0,0,4071,-7381,0.3448275862068966
2021-10-07T00:00:00.000,13:18,40.634174,-73.96804,0,0,0,0,4063,-7396,0.34615384615384615
2021-10-07T00:00:00.000,16:30,40.68733,-73.98183,0,0,0,0,4068,-7398,0.3873239436619718
2021-10-08T00:00:00.000,13:36,40.73675,-73.87768,0,0,0,0,4073,-7387,0.3140495867768595
2021-10-06T00:00:00.000,7:10,40.71407,-73.954346,0,0,0,0,4071,-7395,0.36585365853658536
2021-10-07T00:00:00.000,6:17,40.769634,-73.94841,1,0,1,1,4076,-7394,0.4583333333333333
2021-10-07T00:00:00.000,8:00,40.745827,-73.90111,0,0,0,0,4074,-7390,0.40625
2021-10-07T00:00:00.000,3:45,40.70766,-73.913445,0,0,0,0,4070,-7391,0.27450980392156865
2021-10-05T00:00:00.000,15:00,40.641464,-73.99976,0,0,0,0,4064,-7399,0.3442622950819672
2021-10-06T00:00:00.000,10:35,40.696198,-73.98877,0,0,0,0,4069,-7398,0.3229166666666667
2021-10-06T00:00:00.000,18:17,40.844986,-73.88136,1,0,1,1,4084,-7388,0.390625
2021-10-08T00:00:00.000,17:34,40.59997,-73.96688,1,0,1,1,4059,-7396,0.38596491228070173
2021-10-07T00:00:00.000,16:43,40.77584,-73.922455,1,0,1,1,4077,-7392,0.3269230769230769
2021-10-06T00:00:00.000,6:55,40.676144,-73.893074,0,0,0,0,4067,-7389,0.33852140077821014
2021-10-07T00:00:00.000,15:55,40.881264,-73.83875,1,0,1,1,4088,-7383,0.3448275862068966
2021-10-08T00:00:00.000,15:22,40.617268,-74.01921,0,0,0,0,4061,-7401,0.2972972972972973
2021-10-07T00:00:00.000,14:47,40.821667,-73.915184,1,0,1,1,4082,-7391,0.3355263157894737
2021-10-07T00:00:00.000,16:30,40.648792,-73.95228,1,0,1,1,4064,-7395,0.4796747967479675
2021-10-07T00:00:00.000,13:45,40.733738,-73.97719,1,0,1,1,4073,-7397,0.32558139534883723
2021-10-07T00:00:00.000,23:30,40.845493,-73.883484,1,0,1,1,4084,-7388,0.390625
2021-10-06T00:00:00.000,15:30,40.704277,-73.74986,0,0,0,0,4070,-7374,0.3333333333333333
2021-10-08T00:00:00.000,17:00,40.77558,-73.84267,0,0,0,0,4077,-7384,0.125
2021-09-07T00:00:00.000,1:14,40.69467,-73.76343,0,0,0,0,4069,-7376,0.3392857142857143
2021-10-06T00:00:00.000,14:58,40.722576,-73.94049,1,0,1,1,4072,-7394,0.19801980198019803
2021-10-07T00:00:00.000,20:24,40.800507,-73.96798,1,0,1,1,4080,-7396,0.31343283582089554
2021-10-08T00:00:00.000,16:40,40.75975,-73.89087,1,0,1,1,4075,-7389,0.4805194805194805
2021-10-05T00:00:00.000,16:50,40.670532,-73.91488,0,0,0,0,4067,-7391,0.36597938144329895
2021-09-15T00:00:00.000,6:11,40.8188,-73.956024,2,0,1,1,4081,-7395,0.3509933774834437
2021-10-06T00:00:00.000,20:00,40.864895,-73.91913,0,0,0,0,4086,-7391,0.38016528925619836
2021-09-21T00:00:00.000,18:45,40.559166,-74.18021,1,0,1,1,4055,-7418,0.4
2021-10-08T00:00:00.000,23:09,40.619,-74.084785,4,0,1,1,4061,-7408,0.30612244897959184
2021-12-30T00:00:00.000,9:15,40.74959,-73.973724,0,0,0,0,4074,-7397,0.4810810810810811
2021-10-08T00:00:00.000,16:33,40.79174,-73.97475,0,0,0,0,4079,-7397,0.24210526315789474
2021-10-03T00:00:00.000,15:45,0.0,0.0,0,0,0,0,0,0,0.40425531914893614
2021-10-04T00:00:00.000,8:25,40.693436,-73.97784,1,0,1,1,4069,-7397,0.3253012048192771
2021-10-02T00:00:00.000,16:32,40.68854,-73.92384,1,0,1,1,4068,-7392,0.2542372881355932
2021-10-07T00:00:00.000,16:34,40.770706,-73.828636,0,0,0,0,4077,-7382,0.4444444444444444
2021-10-07T00:00:00.000,10:28,40.68899,-73.85309,0,0,0,0,4068,-7385,0.43103448275862066
2021-10-07T00:00:00.000,12:30,40.665344,-73.900856,0,0,0,0,4066,-7390,0.2777777777777778
2021-10-08T00:00:00.000,17:05,40.801884,-73.97344,0,0,0,0,4080,-7397,0.375
2021-10-07T00:00:00.000,22:40,40.586124,-73.990715,0,0,0,0,4058,-7399,0.23076923076923078
2021-10-08T00:00:00.000,16:45,40.58594,-74.09262,0,0,0,0,4058,-7409,0.15625
2021-10-08T00:00:00.000,3:48,40.73274,-73.86836,0,0,0,0,4073,-7386,0.3464566929133858
2021-09-24T00:00:00.000,15:45,40.81962,-73.89983,1,0,1,1,4081,-7389,0.31543624161073824
2021-10-06T00:00:00.000,16:12,40.783245,-73.94473,0,0,0,0,4078,-7394,0.33513513513513515
2021-10-08T00:00:00.000,1:36,40.64488,-73.893,0,0,0,0,4064,-7389,0.43478260869565216
2021-10-06T00:00:00.000,15:15,40.71504,-73.95857,1,0,1,1,4071,-7395,0.36585365853658536
2021-09-29T00:00:00.000,17:20,40.827103,-73.94996,0,0,0,0,4082,-7394,0.3812154696132597
2021-10-08T00:00:00.000,18:00,40.6104,-73.9586,1,0,1,1,4061,-7395,0.4461538461538462
2021-09-22T00:00:00.000,15:40,40.821636,-73.93909,1,0,1,1,4082,-7393,0.36645962732919257
2021-10-06T00:00:00.000,7:50,40.67973,-73.76162,1,0,1,1,4067,-7376,0.23076923076923078
2021-10-06T00:00:00.000,7:34,40.622204,-73.94405,2,0,1,1,4062,-7394,0.41379310344827586
2021-10-08T00:00:00.000,8:00,40.883556,-73.84974,1,0,1,1,4088,-7384,0.4153846153846154
2021-10-06T00:00:00.000,12:55,40.823658,-73.91206,1,0,1,1,4082,-7391,0.3355263157894737
2021-10-07T00:00:00.000,17:29,40.693863,-73.92971,0,0,0,0,4069,-7392,0.3584905660377358
2021-10-07T00:00:00.000,8:00,40.69221,-73.92293,0,0,0,0,4069,-7392,0.3584905660377358
2021-10-08T00:00:00.000,18:04,40.669125,-73.91451,0,0,0,0,4066,-7391,0.3630952380952381
2021-10-08T00:00:00.000,14:00,40.7198,-73.953476,1,0,1,1,4071,-7395,0.36585365853658536
2021-10-08T00:00:00.000,18:25,40.821358,-73.889114,0,0,0,0,4082,-7388,0.27624309392265195
2021-10-05T00:00:00.000,23:20,40.553497,-74.17334,0,0,0,0,4055,-7417,0.25
2021-10-08T00:00:00.000,8:40,40.693592,-73.75122,0,0,0,0,4069,-7375,0.3584905660377358
2021-10-07T00:00:00.000,21:38,40.862595,-73.83153,3,0,1,1,4086,-7383,0.3448275862068966
2021-10-08T00:00:00.000,15:22,40.609642,-73.89738,1,0,1,1,4060,-7389,0.625
2021-10-08T00:00:00.000,3:40,40.608253,-73.897835,2,0,1,1,4060,-7389,0.625
2021-10-07T00:00:00.000,15:05,40.821068,-73.89894,0,0,0,0,4082,-7389,0.37423312883435583
2021-10-07T00:00:00.000,14:25,40.641945,-73.916626,0,0,0,0,4064,-7391,0.39805825242718446
2021-10-08T00:00:00.000,17:25,40.63267,-73.93105,0,0,0,0,4063,-7393,0.46153846153846156
2021-06-05T00:00:00.000,18:51,40.88158,-73.898994,2,0,1,1,4088,-7389,0.4626865671641791
2021-10-06T00:00:00.000,9:12,40.68812,-73.9117,1,0,1,1,4068,-7391,0.344
2021-10-06T00:00:00.000,11:07,40.656693,-73.89464,0,0,0,0,4065,-7389,0.34965034965034963
2021-10-05T00:00:00.000,18:00,40.832085,-73.89561,0,0,0,0,4083,-7389,0.3333333333333333
2021-10-06T00:00:00.000,19:00,40.841087,-73.86449,1,0,1,1,4084,-7386,0.375
2021-10-08T00:00:00.000,14:25,40.64511,-73.874886,1,0,1,1,4064,-7387,0.4918032786885246
2021-10-07T00:00:00.000,22:38,40.61258,-74.129166,0,0,0,0,4061,-7412,0.25
2021-10-07T00:00:00.000,8:05,40.83135,-73.82684,1,0,1,1,4083,-7382,0.44680851063829785
2021-12-30T00:00:00.000,15:05,40.726604,-73.81425,2,0,1,1,4072,-7381,0.2926829268292683
2021-09-30T00:00:00.000,10:40,40.65584,-73.919586,0,0,0,0,4065,-7391,0.425
2021-10-01T00:00:00.000,18:10,40.784245,-73.9471,0,0,0,0,4078,-7394,0.33513513513513515
2021-10-07T00:00:00.000,7:51,40.705128,-73.82819,0,0,0,0,4070,-7382,0.4166666666666667
2021-10-08T00:00:00.000,10:58,40.66563,-73.73921,1,0,1,1,4066,-7373,0.44339622641509435
2021-10-08T00:00:00.000,13:05,40.66761,-73.94236,0,0,0,0,4066,-7394,0.36792452830188677
2021-10-08T00:00:00.000,4:50,40.729176,-73.87898,0,0,0,0,4072,-7387,0.5714285714285714
2021-10-04T00:00:00.000,16:56,40.87367,-73.879234,1,0,1,1,4087,-7387,0.297029702970297
2021-10-01T00:00:00.000,12:36,40.70767,-74.00311,1,0,1,1,4070,-7400,0.2542372881355932
2021-10-02T00:00:00.000,11:43,40.66423,-73.919106,0,0,0,0,4066,-7391,0.3630952380952381
2021-10-08T00:00:00.000,13:20,40.639584,-73.948364,0,0,0,0,4063,-7394,0.358974358974359
2021-10-05T00:00:00.000,14:30,40.709904,-74.01554,0,0,0,0,4070,-7401,0.140625
2021-10-07T00:00:00.000,15:30,40.67165,-73.741005,1,0,1,1,4067,-7374,0.2619047619047619
2021-10-07T00:00:00.000,5:30,40.76241,-73.95443,0,0,0,0,4076,-7395,0.3696969696969697
2021-10-05T00:00:00.000,22:53,40.829082,-73.941086,1,0,1,1,4082,-7394,0.3812154696132597
2021-10-03T00:00:00.000,15:50,0.0,0.0,0,0,0,0,0,0,0.40425531914893614
2021-10-07T00:00:00.000,18:15,40.86514,-73.801544,0,0,0,0,4086,-7380,0.3333333333333333
2021-10-06T00:00:00.000,20:36,40.59876,-73.97794,2,0,1,1,4059,-7397,0.3191489361702128
2021-10-04T00:00:00.000,19:20,40.600136,-73.99087,0,0,0,0,4060,-7399,0.31683168316831684
2021-09-27T00:00:00.000,11:17,40.82725,-73.91754,1,0,1,1,4082,-7391,0.3355263157894737
2021-10-04T00:00:00.000,9:45,40.584774,-73.96011,0,0,0,0,4058,-7396,0.37333333333333335
2021-10-08T00:00:00.000,20:52,40.709156,-73.84107,2,0,1,1,4070,-7384,0.43333333333333335
2021-10-05T00:00:00.000,0:00,40.689735,-73.97611,0,0,0,0,4068,-7397,0.3412322274881517
2021-10-07T00:00:00.000,9:30,40.600384,-73.975365,0,0,0,0,4060,-7397,0.3469387755102041
2021-09-25T00:00:00.000,15:19,40.68605,-73.831726,1,0,1,1,4068,-7383,0.45454545454545453
2021-10-06T00:00:00.000,14:30,40.779663,-73.80284,0,0,0,0,4077,-7380,0.25
2021-10-06T00:00:00.000,9:35,40.598522,-73.98657,1,0,1,1,4059,-7398,0.34146341463414637
2021-10-06T00:00:00.000,22:11,40.69149,-73.92557,0,0,0,0,4069,-7392,0.3584905660377358
2021-10-08T00:00:00.000,16:05,40.732822,-73.8684,1,0,1,1,4073,-7386,0.3464566929133858
2021-10-06T00:00:00.000,12:50,40.7391,-74.001015,1,0,1,1,4073,-7400,0.2403846153846154
2021-10-07T00:00:00.000,16:20,40.64545,-73.97311,0,0,0,0,4064,-7397,0.4095238095238095
2021-10-08T00:00:00.000,7:30,40.828224,-73.87624,0,0,0,0,4082,-7387,0.33544303797468356
2021-10-08T00:00:00.000,8:00,40.874992,-73.81846,0,0,0,0,4087,-7381,0.5
2021-10-08T00:00:00.000,22:30,40.685795,-73.911644,0,0,0,0,4068,-7391,0.344
2021-10-06T00:00:00.000,18:15,40.7133,-73.96742,0,0,0,0,4071,-7396,0.3218390804597701
2021-10-06T00:00:00.000,17:30,40.57997,-73.97466,1,0,1,1,4057,-7397,0.2619047619047619
2021-10-06T00:00:00.000,19:23,40.76007,-73.90928,1,0,1,1,4076,-7390,0.3055555555555556
2021-10-05T00:00:00.000,12:43,40.69782,-73.927826,0,0,0,0,4069,-7392,0.3584905660377358
2021-10-06T00:00:00.000,8:04,40.672234,-73.88471,1,0,1,1,4067,-7388,0.30434782608695654
2021-10-06T00:00:00.000,16:50,40.831074,-73.82464,1,0,1,1,4083,-7382,0.44680851063829785
2021-10-07T00:00:00.000,17:17,40.79581,-73.96911,1,0,1,1,4079,-7396,0.25
2021-10-07T00:00:00.000,13:40,40.748684,-73.98915,0,0,0,0,4074,-7398,0.40131578947368424
2021-10-06T00:00:00.000,2:57,40.736534,-73.85611,1,0,1,1,4073,-7385,0.3619047619047619
2021-10-07T00:00:00.000,16:55,40.674038,-73.73026,1,0,1,1,4067,-7373,0.46835443037974683
2021-10-08T00:00:00.000,20:14,40.85088,-73.851814,1,0,1,1,4085,-7385,0.3125
2021-10-07T00:00:00.000,16:37,40.846096,-73.91919,0,0,0,0,4084,-7391,0.32558139534883723
2021-10-06T00:00:00.000,13:00,40.692883,-73.95678,0,0,0,0,4069,-7395,0.30952380952380953
2021-10-07T00:00:00.000,14:59,40.65973,-73.74174,1,0,1,1,4065,-7374,0.4583333333333333
2021-10-04T00:00:00.000,15:35,40.84329,-73.865425,0,0,0,0,4084,-7386,0.375
2021-10-06T00:00:00.000,21:57,40.639297,-73.98409,1,0,1,1,4063,-7398,0.4827586206896552
2021-10-08T00:00:00.000,14:20,40.809547,-73.94183,0,0,0,0,4080,-7394,0.41116751269035534
2021-10-08T00:00:00.000,12:45,40.73775,-73.768394,1,0,1,1,4073,-7376,0.2857142857142857
2021-10-08T00:00:00.000,13:20,40.692516,-73.85911,0,0,0,0,4069,-7385,0.34
2021-10-08T00:00:00.000,20:57,40.82461,-73.910484,0,0,0,0,4082,-7391,0.3355263157894737
2021-10-07T00:00:00.000,10:01,40.608223,-74.1294,2,0,1,1,4060,-7412,0.2608695652173913
2021-10-08T00:00:00.000,17:08,40.762386,-73.742935,2,0,1,1,4076,-7374,0.46153846153846156
2021-10-04T00:00:00.000,12:30,40.662743,-73.921936,0,0,0,0,4066,-7392,0.355
2021-10-07T00:00:00.000,17:30,40.73376,-73.93743,0,0,0,0,4073,-7393,0.38461538461538464
2021-10-07T00:00:00.000,14:50,40.751656,-73.99014,0,0,0,0,4075,-7399,0.2830188679245283
2021-10-02T00:00:00.000,16:37,40.750763,-73.97445,0,0,0,0,4075,-7397,0.375886524822695
2021-09-30T00:00:00.000,10:40,40.662674,-73.94562,1,0,1,1,4066,-7394,0.36792452830188677
2021-10-03T00:00:00.000,2:40,40.667236,-73.770004,0,0,0,0,4066,-7377,0.37362637362637363
2021-10-08T00:00:00.000,10:00,40.67346,-73.97942,0,0,0,0,4067,-7397,0.2818181818181818
2021-08-15T00:00:00.000,19:20,40.887592,-73.8572,1,0,1,1,4088,-7385,0.36619718309859156
2021-10-06T00:00:00.000,10:00,40.845352,-73.92821,0,0,0,0,4084,-7392,0.3181818181818182
2021-10-07T00:00:00.000,18:25,40.69993,-73.96188,0,0,0,0,4069,-7396,0.325
2021-10-06T00:00:00.000,20:20,40.837673,-73.91922,1,0,1,1,4083,-7391,0.33714285714285713
2021-10-07T00:00:00.000,19:00,40.708694,-73.80362,0,0,0,0,4070,-7380,0.3877551020408163
2021-10-08T00:00:00.000,8:30,40.736874,-73.844955,0,0,0,0,4073,-7384,0.2682926829268293
2021-10-07T00:00:00.000,20:54,40.843906,-73.92413,0,0,0,0,4084,-7392,0.3181818181818182
2021-10-08T00:00:00.000,8:05,40.70778,-73.79341,0,0,0,0,4070,-7379,0.3978494623655914
2021-10-08T00:00:00.000,10:13,40.671787,-73.95311,0,0,0,0,4067,-7395,0.3695652173913043
2021-10-07T00:00:00.000,6:40,40.740364,-73.89972,0,0,0,0,4074,-7389,0.3203125
2021-10-06T00:00:00.000,7:09,40.646572,-74.08909,0,0,0,0,4064,-7408,0.2894736842105263
2021-10-06T00:00:00.000,13:40,40.713985,-73.791214,0,0,0,0,4071,-7379,0.3888888888888889
2021-10-06T00:00:00.000,16:40,40.838017,-73.90452,0,0,0,0,4083,-7390,0.3064516129032258
2021-10-07T00:00:00.000,10:08,40.62853,-74.016785,0,0,0,0,4062,-7401,0.3829787234042553
2021-10-06T00:00:00.000,15:30,40.759197,-73.98463,0,0,0,0,4075,-7398,0.3170731707317073
2021-10-08T00:00:00.000,12:18,40.70694,-73.91774,0,0,0,0,4070,-7391,0.27450980392156865
2021-10-07T00:00:00.000,9:46,40.763874,-73.92251,1,0,1,1,4076,-7392,0.42105263157894735
2021-10-07T00:00:00.000,21:08,40.66801,-73.91033,0,0,0,0,4066,-7391,0.3630952380952381
2021-10-06T00:00:00.000,17:00,40.673992,-73.73508,0,0,0,0,4067,-7373,0.46835443037974683
2021-10-08T00:00:00.000,16:40,40.61964,-73.91578,0,0,0,0,4061,-7391,0.358974358974359
2021-10-07T00:00:00.000,8:15,40.746105,-73.7668,0,0,0,0,4074,-7376,0.3333333333333333
2021-10-08T00:00:00.000,16:10,40.757233,-73.9898,1,0,1,1,4075,-7398,0.3170731707317073
2021-10-07T00:00:00.000,20:40,40.695995,-73.96742,0,0,0,0,4069,-7396,0.325
2021-10-06T00:00:00.000,9:28,40.798794,-73.93795,0,0,0,0,4079,-7393,0.36585365853658536
2021-10-06T00:00:00.000,12:00,40.636826,-74.011765,0,0,0,0,4063,-7401,0.37777777777777777
2021-10-06T00:00:00.000,16:40,40.698364,-73.93773,0,0,0,0,4069,-7393,0.3141025641025641
2021-09-18T00:00:00.000,6:00,40.832897,-73.862274,0,0,0,0,4083,-7386,0.24822695035460993
2021-10-07T00:00:00.000,11:38,40.728386,-73.9777,0,0,0,0,4072,-7397,0.3283582089552239
2021-09-28T00:00:00.000,17:15,40.77353,-73.98534,0,0,0,0,4077,-7398,0.38028169014084506
2021-10-08T00:00:00.000,7:58,40.684032,-73.91742,1,0,1,1,4068,-7391,0.344
2021-10-07T00:00:00.000,9:05,40.802483,-73.946754,0,0,0,0,4080,-7394,0.41116751269035534
2021-10-08T00:00:00.000,8:11,40.711845,-73.859764,1,0,1,1,4071,-7385,0.4418604651162791
2021-10-07T00:00:00.000,10:00,40.82684,-73.916245,0,0,0,0,4082,-7391,0.3355263157894737
2021-12-29T00:00:00.000,13:17,40.602295,-73.752174,1,0,1,1,4060,-7375,0.17117117117117117
2021-12-29T00:00:00.000,16:20,40.854954,-73.8934,0,0,0,0,4085,-7389,0.3353658536585366
2021-10-07T00:00:00.000,7:10,40.588215,-73.80515,1,0,1,1,4058,-7380,0.4
2021-10-07T00:00:00.000,8:30,40.62343,-73.91023,0,0,0,0,4062,-7391,0.3333333333333333
2021-10-06T00:00:00.000,10:00,40.814774,-73.94038,1,0,1,1,4081,-7394,0.38
2021-10-07T00:00:00.000,10:15,40.626858,-73.96824,0,0,0,0,4062,-7396,0.375
2021-10-06T00:00:00.000,9:16,40.7171,-73.9986,0,0,0,0,4071,-7399,0.3263157894736842
2021-10-07T00:00:00.000,11:40,40.681934,-73.922554,0,0,0,0,4068,-7392,0.2542372881355932
2021-10-08T00:00:00.000,10:30,40.71896,-74.00128,0,0,0,0,4071,-7400,0.25517241379310346
2021-10-06T00:00:00.000,18:30,40.66135,-73.96122,0,0,0,0,4066,-7396,0.4074074074074074
2021-10-05T00:00:00.000,23:10,40.640034,-73.877945,0,0,0,0,4064,-7387,0.4918032786885246
2021-10-03T00:00:00.000,13:45,0.0,0.0,0,0,0,0,0,0,0.40425531914893614
2021-09-21T00:00:00.000,23:20,40.676548,-73.96354,0,0,0,0,4067,-7396,0.3466666666666667
2021-10-08T00:00:00.000,8:45,40.603844,-74.12074,1,0,1,1,4060,-7412,0.2608695652173913
2021-10-07T00:00:00.000,15:30,40.607258,-74.00265,0,0,0,0,4060,-7400,0.24074074074074073
2021-10-08T00:00:00.000,18:34,40.751328,-73.94109,0,0,0,0,4075,-7394,0.41333333333333333
2021-10-07T00:00:00.000,21:10,40.720375,-73.855515,0,0,0,0,4072,-7385,0.4418604651162791
2021-10-06T00:00:00.000,8:25,40.807,-73.88343,0,0,0,0,4080,-7388,0.15789473684210525
2021-10-07T00:00:00.000,5:05,40.711166,-73.9489,3,0,1,1,4071,-7394,0.3710691823899371
2021-10-07T00:00:00.000,13:30,40.579327,-74.097916,0,0,0,0,4057,-7409,0.1111111111111111
2021-10-06T00:00:00.000,17:00,40.701416,-73.99334,0,0,0,0,4070,-7399,0.21052631578947367
2021-10-08T00:00:00.000,15:00,40.71903,-74.00876,0,0,0,0,4071,-7400,0.25517241379310346
2021-10-07T00:00:00.000,19:10,40.64519,-73.948,1,0,1,1,4064,-7394,0.42342342342342343
2021-10-06T00:00:00.000,7:29,40.65559,-73.91187,0,0,0,0,4065,-7391,0.425
2021-10-07T00:00:00.000,21:03,40.742805,-73.90428,1,0,1,1,4074,-7390,0.40625
2021-12-30T00:00:00.000,21:25,40.663303,-73.960625,1,0,1,1,4066,-7396,0.4074074074074074
2021-10-06T00:00:00.000,9:25,40.747623,-73.89658,0,0,0,0,4074,-7389,0.3203125
2021-10-06T00:00:00.000,13:08,40.659355,-73.9992,1,0,1,1,4065,-7399,0.4117647058823529
2021-10-06T00:00:00.000,10:00,40.725243,-73.933914,0,0,0,0,4072,-7393,0.36507936507936506
2021-10-05T00:00:00.000,17:39,40.65946,-73.991806,2,0,1,1,4065,-7399,0.4117647058823529
2021-10-07T00:00:00.000,15:50,40.877476,-73.83661,0,0,0,0,4087,-7383,0.3333333333333333
2021-10-06T00:00:00.000,15:30,40.612488,-73.89707,0,0,0,0,4061,-7389,0.45454545454545453
2021-10-04T00:00:00.000,22:36,40.61242,-73.94026,0,0,0,0,4061,-7394,0.48484848484848486
2021-10-06T00:00:00.000,18:49,40.644913,-73.97443,0,0,0,0,4064,-7397,0.4095238095238095
2021-10-08T00:00:00.000,23:12,40.687866,-73.96879,1,0,1,1,4068,-7396,0.42567567567567566
2021-12-23T00:00:00.000,15:04,40.869522,-73.8899,1,0,1,1,4086,-7388,0.23943661971830985
2021-10-06T00:00:00.000,12:00,40.60675,-74.12098,0,0,0,0,4060,-7412,0.2608695652173913
2021-10-06T00:00:00.000,11:05,40.72302,-73.97998,0,0,0,0,4072,-7397,0.3283582089552239
2021-10-02T00:00:00.000,0:00,40.860855,-73.84145,0,0,0,0,4086,-7384,0.17857142857142858
2021-10-06T00:00:00.000,16:45,40.744465,-73.77179,2,0,1,1,4074,-7377,0.36363636363636365
2021-10-07T00:00:00.000,7:50,40.768658,-73.90979,0,0,0,0,4076,-7390,0.3055555555555556
2021-10-07T00:00:00.000,19:10,40.58689,-73.94319,3,0,1,1,4058,-7394,0.40816326530612246
2021-10-01T00:00:00.000,12:15,40.833397,-73.93538,2,0,1,1,4083,-7393,0.3333333333333333
2021-10-04T00:00:00.000,9:20,40.68218,-73.94659,1,0,1,1,4068,-7394,0.4409448818897638
2021-10-07T00:00:00.000,9:00,40.77146,-73.994354,0,0,0,0,4077,-7399,0.4166666666666667
2021-10-08T00:00:00.000,6:50,40.618973,-74.00523,1,0,1,1,4061,-7400,0.3076923076923077
2021-10-07T00:00:00.000,17:45,40.676147,-73.98391,1,0,1,1,4067,-7398,0.3655913978494624
2021-10-08T00:00:00.000,19:30,40.76052,-73.87379,1,0,1,1,4076,-7387,0.48214285714285715
2021-10-06T00:00:00.000,19:05,40.905018,-73.88631,1,0,1,1,4090,-7388,0.36363636363636365
2021-10-07T00:00:00.000,10:25,40.625046,-74.02446,1,0,1,1,4062,-7402,0.3625
2021-10-03T00:00:00.000,22:30,40.64638,-73.9288,2,0,1,1,4064,-7392,0.4077669902912621
2021-10-08T00:00:00.000,21:38,40.6952,-73.92844,0,0,0,0,4069,-7392,0.3584905660377358
2021-10-06T00:00:00.000,18:50,40.63413,-73.928505,1,0,1,1,4063,-7392,0.4036697247706422
2021-12-24T00:00:00.000,9:18,40.87609,-73.833435,0,0,0,0,4087,-7383,0.3333333333333333
2021-10-06T00:00:00.000,21:30,40.815205,-73.947495,1,0,1,1,4081,-7394,0.38
2021-10-07T00:00:00.000,10:00,40.610046,-73.97325,0,0,0,0,4061,-7397,0.421875
2021-10-06T00:00:00.000,17:19,40.66929,-73.842445,0,0,0,0,4066,-7384,0.5925925925925926
2021-09-23T00:00:00.000,17:13,40.6572,-73.97402,0,0,0,0,4065,-7397,0.4074074074074074
2021-10-07T00:00:00.000,17:10,40.881397,-73.85427,0,0,0,0,4088,-7385,0.36619718309859156
2021-10-07T00:00:00.000,15:09,40.68916,-73.99263,0,0,0,0,4068,-7399,0.17857142857142858
2021-10-08T00:00:00.000,13:45,40.63188,-73.9954,1,0,1,1,4063,-7399,0.47692307692307695
2021-10-07T00:00:00.000,22:40,40.74833,-73.896095,1,0,1,1,4074,-7389,0.3203125
2021-10-06T00:00:00.000,16:15,40.601204,-74.06509,0,0,0,0,4060,-7406,0.3076923076923077
2021-10-06T00:00:00.000,16:07,40.636707,-73.97286,0,0,0,0,4063,-7397,0.36893203883495146
2021-10-07T00:00:00.000,17:35,40.854263,-73.869385,0,0,0,0,4085,-7386,0.33766233766233766
2021-10-06T00:00:00.000,6:30,40.66636,-73.882744,0,0,0,0,4066,-7388,0.37012987012987014
2021-10-08T00:00:00.000,1:31,40.62501,-74.16144,0,0,0,0,4062,-7416,0.24444444444444444
2021-10-07T00:00:00.000,8:50,40.80538,-73.93458,1,0,1,1,4080,-7393,0.36312849162011174
2021-10-08T00:00:00.000,9:11,40.74341,-73.85152,0,0,0,0,4074,-7385,0.35526315789473684
2021-10-06T00:00:00.000,4:30,40.7429,-73.89659,1,0,1,1,4074,-7389,0.3203125
2021-10-07T00:00:00.000,17:10,40.6757,-73.89729,0,0,0,0,4067,-7389,0.33852140077821014
2021-10-06T00:00:00.000,17:13,40.62977,-73.97925,0,0,0,0,4062,-7397,0.38666666666666666
2021-10-07T00:00:00.000,7:55,40.665794,-73.7464,0,0,0,0,4066,-7374,0.3698630136986301
2021-10-06T00:00:00.000,12:10,40.834503,-73.93037,0,0,0,0,4083,-7393,0.3333333333333333
2021-10-03T00:00:00.000,0:00,40.67986,-73.7883,0,0,0,0,4067,-7378,0.2
2021-10-06T00:00:00.000,10:08,40.738754,-74.0055,0,0,0,0,4073,-7400,0.2403846153846154
2021-10-08T00:00:00.000,15:43,40.749485,-73.7756,0,0,0,0,4074,-7377,0.36363636363636365
2021-10-07T00:00:00.000,16:19,40.64479,-74.01433,1,0,1,1,4064,-7401,0.4295774647887324
2021-10-06T00:00:00.000,12:00,40.838715,-73.91998,0,0,0,0,4083,-7391,0.33714285714285713
2021-10-08T00:00:00.000,19:45,40.71582,-73.80799,4,0,1,1,4071,-7380,0.42105263157894735
2021-10-07T00:00:00.000,21:40,40.65912,-73.72667,0,0,0,0,4065,-7372,0.26666666666666666
2021-10-07T00:00:00.000,18:00,40.71186,-73.73554,1,0,1,1,4071,-7373,0.25
2021-10-08T00:00:00.000,8:00,40.65293,-73.73205,0,0,0,0,4065,-7373,0.3
2021-10-08T00:00:00.000,22:50,40.69915,-73.78025,0,0,0,0,4069,-7378,0.29310344827586204
2021-10-08T00:00:00.000,11:58,40.69078,-73.72728,0,0,0,0,4069,-7372,0.40425531914893614
2021-10-06T00:00:00.000,1:30,40.69854,-73.94116,3,0,1,1,4069,-7394,0.417910447761194
2021-09-24T00:00:00.000,7:00,40.82153,-73.87863,0,0,0,0,4082,-7387,0.33544303797468356
2021-06-01T00:00:00.000,17:06,40.516457,-74.196884,0,0,0,0,4051,-7419,0.0
2021-10-08T00:00:00.000,8:00,40.825756,-73.95094,0,0,0,0,4082,-7395,0.4117647058823529
2021-10-08T00:00:00.000,13:00,40.638214,-74.07589,1,0,1,1,4063,-7407,0.4444444444444444
2021-10-07T00:00:00.000,18:30,40.63679,-74.154144,1,0,1,1,4063,-7415,0.3333333333333333
2021-10-08T00:00:00.000,18:15,40.60567,-74.030945,0,0,0,0,4060,-7403,0.3
2021-10-07T00:00:00.000,13:35,40.861942,-73.89373,1,0,1,1,4086,-7389,0.40606060606060607
2021-10-08T00:00:00.000,10:00,40.639893,-74.00624,0,0,0,0,4063,-7400,0.3068181818181818
2021-10-08T00:00:00.000,16:30,40.765747,-73.86409,0,0,0,0,4076,-7386,0.40298507462686567
2021-10-07T00:00:00.000,18:41,40.619083,-73.950264,1,0,1,1,4061,-7395,0.4461538461538462
2021-10-07T00:00:00.000,4:25,40.71355,-73.73667,0,0,0,0,4071,-7373,0.25
2021-10-08T00:00:00.000,17:43,40.813255,-73.89804,1,0,1,1,4081,-7389,0.31543624161073824
2021-10-06T00:00:00.000,10:00,40.725395,-74.00585,0,0,0,0,4072,-7400,0.32926829268292684
2021-10-08T00:00:00.000,19:40,40.683125,-73.98744,0,0,0,0,4068,-7398,0.3873239436619718
2021-10-07T00:00:00.000,0:56,40.836296,-73.87369,1,0,1,1,4083,-7387,0.38414634146341464
2021-10-06T00:00:00.000,8:25,40.68871,-73.95499,1,0,1,1,4068,-7395,0.38571428571428573
2021-10-06T00:00:00.000,17:39,40.67725,-73.92754,0,0,0,0,4067,-7392,0.39655172413793105
2021-10-08T00:00:00.000,0:00,40.65008,-73.96101,1,0,1,1,4065,-7396,0.3939393939393939
2021-10-05T00:00:00.000,13:00,40.731777,-73.77012,0,0,0,0,4073,-7377,0.5789473684210527
2021-10-06T00:00:00.000,21:00,40.843296,-73.88685,0,0,0,0,4084,-7388,0.390625
2021-10-07T00:00:00.000,16:25,40.81755,-73.90343,0,0,0,0,4081,-7390,0.3888888888888889
2021-10-08T00:00:00.000,9:00,40.88599,-73.82792,0,0,0,0,4088,-7382,0.2765957446808511
2021-10-08T00:00:00.000,12:51,40.71958,-73.83978,0,0,0,0,4071,-7383,0.37349397590361444
2021-10-08T00:00:00.000,13:30,40.696198,-73.98877,1,0,1,1,4069,-7398,0.3229166666666667
2021-10-06T00:00:00.000,18:00,40.65971,-73.76364,0,0,0,0,4065,-7376,0.35714285714285715
2021-10-07T00:00:00.000,16:00,40.765087,-73.782875,0,0,0,0,4076,-7378,0.4
2021-10-07T00:00:00.000,15:47,40.626713,-73.891655,1,0,1,1,4062,-7389,0.3333333333333333
2021-10-08T00:00:00.000,14:30,40.7555,-73.792725,1,0,1,1,4075,-7379,0.38461538461538464
2021-10-08T00:00:00.000,15:30,40.680923,-73.83544,0,0,0,0,4068,-7383,0.45454545454545453
2021-10-07T00:00:00.000,18:40,40.738686,-73.99588,1,0,1,1,4073,-7399,0.423728813559322
2021-10-03T00:00:00.000,3:14,40.64503,-73.91998,0,0,0,0,4064,-7391,0.39805825242718446
2021-10-06T00:00:00.000,23:05,40.653862,-74.008286,0,0,0,0,4065,-7400,0.41509433962264153
2021-10-06T00:00:00.000,0:00,40.811367,-73.95402,0,0,0,0,4081,-7395,0.3509933774834437
2021-10-06T00:00:00.000,17:57,40.851963,-73.83557,1,0,1,1,4085,-7383,0.25
2021-10-08T00:00:00.000,6:00,40.704544,-73.727234,0,0,0,0,4070,-7372,0.4
2021-10-07T00:00:00.000,19:30,40.667027,-73.81326,0,0,0,0,4066,-7381,0.4716981132075472
2021-10-08T00:00:00.000,21:50,40.815933,-73.90992,0,0,0,0,4081,-7390,0.3888888888888889
2021-10-06T00:00:00.000,22:51,40.651974,-73.86542,3,0,1,1,4065,-7386,0.36619718309859156
2021-10-08T00:00:00.000,9:10,40.703575,-73.93282,1,0,1,1,4070,-7393,0.3300970873786408
2021-10-07T00:00:00.000,20:04,40.83147,-73.90566,2,0,1,1,4083,-7390,0.3064516129032258
2021-10-07T00:00:00.000,12:37,40.67443,-73.96694,1,0,1,1,4067,-7396,0.3466666666666667
2021-10-07T00:00:00.000,10:55,40.868004,-73.88425,0,0,0,0,4086,-7388,0.23943661971830985
2021-10-08T00:00:00.000,18:29,40.826427,-73.950455,1,0,1,1,4082,-7395,0.4117647058823529
2021-10-07T00:00:00.000,20:25,40.611427,-74.116844,1,0,1,1,4061,-7411,0.36
2021-10-08T00:00:00.000,2:47,40.72042,-73.94128,0,0,0,0,4072,-7394,0.19801980198019803
2021-10-05T00:00:00.000,8:00,40.631805,-73.988304,1,0,1,1,4063,-7398,0.4827586206896552
2021-10-07T00:00:00.000,17:45,40.88078,-73.88347,0,0,0,0,4088,-7388,0.42857142857142855
2021-10-05T00:00:00.000,15:00,40.688408,-73.78236,0,0,0,0,4068,-7378,0.3384615384615385
2021-10-07T00:00:00.000,10:52,40.67274,-73.899,0,0,0,0,4067,-7389,0.33852140077821014
2021-10-02T00:00:00.000,5:45,40.672382,-73.78574,0,0,0,0,4067,-7378,0.2
2021-10-04T00:00:00.000,10:11,40.652946,-74.002174,1,0,1,1,4065,-7400,0.41509433962264153
2021-10-06T00:00:00.000,21:20,40.711643,-73.94392,0,0,0,0,4071,-7394,0.3710691823899371
2021-10-06T00:00:00.000,13:12,40.70801,-73.95673,1,0,1,1,4070,-7395,0.3475177304964539
2021-10-08T00:00:00.000,14:40,40.751736,-73.72102,0,0,0,0,4075,-7372,0.2857142857142857
2021-10-07T00:00:00.000,19:50,40.70787,-73.95759,1,0,1,1,4070,-7395,0.3475177304964539
2021-10-06T00:00:00.000,19:00,40.669018,-73.89766,0,0,0,0,4066,-7389,0.3103448275862069
2021-10-06T00:00:00.000,0:09,40.65177,-73.95597,1,0,1,1,4065,-7395,0.38686131386861317
2021-10-07T00:00:00.000,18:30,40.66561,-73.73568,0,0,0,0,4066,-7373,0.44339622641509435
2021-10-07T00:00:00.000,14:45,40.88415,-73.82607,0,0,0,0,4088,-7382,0.2765957446808511
2021-10-07T00:00:00.000,22:07,40.690536,-73.807335,0,0,0,0,4069,-7380,0.38461538461538464
2021-10-08T00:00:00.000,11:30,40.64936,-74.01284,0,0,0,0,4064,-7401,0.4295774647887324
2021-09-30T00:00:00.000,17:20,40.66047,-73.998024,0,0,0,0,4066,-7399,0.40540540540540543
2021-10-07T00:00:00.000,16:40,40.75576,-73.73939,0,0,0,0,4075,-7373,0.18181818181818182
2021-10-06T00:00:00.000,11:45,40.839207,-73.82537,0,0,0,0,4083,-7382,0.44680851063829785
2021-10-02T00:00:00.000,18:00,40.681046,-73.849304,1,0,1,1,4068,-7384,0.3333333333333333
2021-10-06T00:00:00.000,9:00,40.72013,-73.79038,1,0,1,1,4072,-7379,0.3333333333333333
2021-10-07T00:00:00.000,8:45,40.753788,-73.744286,2,0,1,1,4075,-7374,0.3333333333333333
2021-10-06T00:00:00.000,13:10,40.643425,-73.96581,0,0,0,0,4064,-7396,0.4714285714285714
2021-10-08T00:00:00.000,17:30,40.70403,-73.81711,0,0,0,0,4070,-7381,0.3194444444444444
2021-10-08T00:00:00.000,9:00,40.788273,-73.97239,0,0,0,0,4078,-7397,0.3434343434343434
2021-10-06T00:00:00.000,6:10,40.755745,-73.83076,0,0,0,0,4075,-7383,0.37681159420289856
2021-10-08T00:00:00.000,13:50,40.72012,-74.00293,0,0,0,0,4072,-7400,0.32926829268292684
2021-10-07T00:00:00.000,5:00,40.642254,-73.92742,0,0,0,0,4064,-7392,0.4077669902912621
2021-10-08T00:00:00.000,9:15,40.734673,-73.87435,1,0,1,1,4073,-7387,0.3140495867768595
2021-10-08T00:00:00.000,0:50,40.684338,-73.914764,1,0,1,1,4068,-7391,0.344
2021-10-07T00:00:00.000,9:51,40.849106,-73.89495,1,0,1,1,4084,-7389,0.33766233766233766
2021-10-08T00:00:00.000,15:08,40.73572,-73.93677,0,0,0,0,4073,-7393,0.38461538461538464
2021-10-07T00:00:00.000,16:50,40.696785,-73.95659,0,0,0,0,4069,-7395,0.30952380952380953
2021-10-08T00:00:00.000,19:30,40.643303,-73.9478,0,0,0,0,4064,-7394,0.42342342342342343
2021-10-06T00:00:00.000,8:10,40.66606,-73.95863,1,0,1,1,4066,-7395,0.44375
2021-10-08T00:00:00.000,20:25,40.70403,-73.81711,0,0,0,0,4070,-7381,0.3194444444444444
2021-09-29T00:00:00.000,19:00,40.708782,-73.94344,1,0,1,1,4070,-7394,0.3956043956043956
2021-09-17T00:00:00.000,8:59,40.84059,-73.86637,0,0,0,0,4084,-7386,0.375
2021-10-07T00:00:00.000,7:00,40.633125,-73.915695,0,0,0,0,4063,-7391,0.5
2021-10-02T00:00:00.000,0:55,40.748245,-73.976295,0,0,0,0,4074,-7397,0.4810810810810811
2021-10-06T00:00:00.000,19:17,40.6771,-73.92479,1,0,1,1,4067,-7392,0.39655172413793105
2021-10-08T00:00:00.000,14:15,40.67416,-73.72756,0,0,0,0,4067,-7372,0.3888888888888889
2021-10-06T00:00:00.000,15:05,40.59272,-73.78338,1,0,1,1,4059,-7378,0.14705882352941177
2021-08-13T00:00:00.000,14:35,40.67312,-73.94463,1,0,1,1,4067,-7394,0.34074074074074073
2021-10-05T00:00:00.000,9:55,40.7441,-73.98977,1,0,1,1,4074,-7398,0.40131578947368424
2021-10-07T00:00:00.000,16:30,40.739548,-73.78608,0,0,0,0,4073,-7378,0.391304347826087
2021-10-08T00:00:00.000,12:20,40.79539,-73.97707,0,0,0,0,4079,-7397,0.24210526315789474
2021-10-08T00:00:00.000,4:36,40.68297,-73.97667,1,0,1,1,4068,-7397,0.3412322274881517
2021-10-07T00:00:00.000,5:47,40.642887,-73.95454,2,0,1,1,4064,-7395,0.4796747967479675
2021-10-07T00:00:00.000,11:26,40.683514,-73.97596,1,0,1,1,4068,-7397,0.3412322274881517
2021-10-05T00:00:00.000,16:19,40.639347,-74.09197,0,0,0,0,4063,-7409,0.15384615384615385
2021-10-08T00:00:00.000,9:00,40.60301,-74.016884,1,0,1,1,4060,-7401,0.30357142857142855
2021-10-05T00:00:00.000,23:01,40.68631,-73.97445,1,0,1,1,4068,-7397,0.3412322274881517
2021-10-04T00:00:00.000,5:10,40.670662,-73.94765,0,0,0,0,4067,-7394,0.34074074074074073
2021-10-08T00:00:00.000,19:20,40.81053,-73.96206,0,0,0,0,4081,-7396,0.2222222222222222
2021-10-07T00:00:00.000,9:30,40.8262,-73.821686,1,0,1,1,4082,-7382,0.46153846153846156
2021-10-06T00:00:00.000,16:00,40.582233,-74.16907,0,0,0,0,4058,-7416,0.3
2021-10-07T00:00:00.000,3:53,40.78614,-73.93929,1,0,1,1,4078,-7393,0.4444444444444444
2021-10-06T00:00:00.000,8:30,40.866985,-73.91998,0,0,0,0,4086,-7391,0.38016528925619836
2021-10-07T00:00:00.000,17:20,40.710728,-73.91863,0,0,0,0,4071,-7391,0.1836734693877551
2021-10-08T00:00:00.000,16:15,40.714382,-73.93345,0,0,0,0,4071,-7393,0.2711864406779661
2021-10-08T00:00:00.000,9:40,40.75426,-73.74334,0,0,0,0,4075,-7374,0.3333333333333333
2021-10-08T00:00:00.000,18:50,40.663284,-73.96096,1,0,1,1,4066,-7396,0.4074074074074074
2021-10-01T00:00:00.000,16:55,40.62557,-74.176575,0,0,0,0,4062,-7417,0.16666666666666666
2021-09-23T00:00:00.000,15:45,40.723835,-73.97357,0,0,0,0,4072,-7397,0.3283582089552239
2021-10-06T00:00:00.000,15:45,40.667313,-73.73926,1,0,1,1,4066,-7373,0.44339622641509435
2021-10-08T00:00:00.000,9:00,40.702614,-73.96058,0,0,0,0,4070,-7396,0.3431372549019608
2021-12-26T00:00:00.000,17:30,40.86307,-73.859695,0,0,0,0,4086,-7385,0.5
2021-10-06T00:00:00.000,7:15,40.722095,-73.77772,0,0,0,0,4072,-7377,0.375
2021-10-06T00:00:00.000,16:56,40.759586,-73.968056,1,0,1,1,4075,-7396,0.4788732394366197
2021-10-08T00:00:00.000,7:11,40.61117,-73.97702,0,0,0,0,4061,-7397,0.421875
2021-10-07T00:00:00.000,10:30,40.564762,-74.10083,0,0,0,0,4056,-7410,0.4
2021-10-06T00:00:00.000,0:09,40.69595,-73.93764,0,0,0,0,4069,-7393,0.3141025641025641
2021-10-08T00:00:00.000,20:50,40.59922,-73.97376,0,0,0,0,4059,-7397,0.3191489361702128
2021-10-08T00:00:00.000,17:35,40.71337,-73.934814,0,0,0,0,4071,-7393,0.2711864406779661
2021-10-04T00:00:00.000,14:10,40.74869,-73.85772,1,0,1,1,4074,-7385,0.35526315789473684
2021-12-30T00:00:00.000,15:30,40.71772,-73.96202,0,0,0,0,4071,-7396,0.3218390804597701
2021-10-07T00:00:00.000,18:51,40.747242,-73.88766,1,0,1,1,4074,-7388,0.2978723404255319
2021-10-07T00:00:00.000,14:42,40.584774,-73.96011,0,0,0,0,4058,-7396,0.37333333333333335
2021-10-07T00:00:00.000,11:00,40.86923,-73.89604,0,0,0,0,4086,-7389,0.40606060606060607
2021-10-06T00:00:00.000,23:12,40.87314,-73.90572,0,0,0,0,4087,-7390,0.3184713375796178
2021-10-07T00:00:00.000,13:50,40.67452,-73.80321,0,0,0,0,4067,-7380,0.24615384615384617
2021-12-30T00:00:00.000,0:05,40.665993,-73.8858,0,0,0,0,4066,-7388,0.37012987012987014
2021-10-06T00:00:00.000,6:00,40.746902,-73.871956,0,0,0,0,4074,-7387,0.25663716814159293
2021-10-06T00:00:00.000,17:25,40.74841,-73.89764,0,0,0,0,4074,-7389,0.3203125
2021-10-07T00:00:00.000,12:00,40.69474,-73.80625,4,0,1,1,4069,-7380,0.38461538461538464
2021-10-03T00:00:00.000,3:35,40.637405,-73.93949,0,0,0,0,4063,-7393,0.46153846153846156
2021-10-07T00:00:00.000,11:35,40.692066,-73.7654,1,0,1,1,4069,-7376,0.3392857142857143
2021-10-08T00:00:00.000,18:45,40.75045,-73.9873,1,0,1,1,4075,-7398,0.3170731707317073
2021-12-29T00:00:00.000,16:09,40.840786,-73.9232,0,0,0,0,4084,-7392,0.3181818181818182
2021-12-30T00:00:00.000,0:00,40.563663,-74.13252,1,0,1,1,4056,-7413,0.46153846153846156
2021-10-07T00:00:00.000,17:01,40.654457,-73.90878,0,0,0,0,4065,-7390,0.375
2021-10-06T00:00:00.000,15:05,40.80573,-73.93855,0,0,0,0,4080,-7393,0.36312849162011174
2021-10-08T00:00:00.000,15:12,40.64624,-73.958084,1,0,1,1,4064,-7395,0.4796747967479675
2021-10-07T00:00:00.000,20:00,40.8566,-73.82646,2,0,1,1,4085,-7382,0.45714285714285713
2021-10-07T00:00:00.000,17:08,40.68995,-73.93124,1,0,1,1,4068,-7393,0.3619047619047619
2021-10-06T00:00:00.000,14:37,40.684544,-73.96509,2,0,1,1,4068,-7396,0.42567567567567566
2021-10-07T00:00:00.000,0:00,40.59145,-73.97652,1,0,1,1,4059,-7397,0.3191489361702128
2021-10-06T00:00:00.000,8:30,40.59442,-73.95463,0,0,0,0,4059,-7395,0.3181818181818182
2021-10-08T00:00:00.000,10:55,40.759884,-73.9368,0,0,0,0,4075,-7393,0.43478260869565216
2021-10-08T00:00:00.000,11:18,40.59241,-74.109116,0,0,0,0,4059,-7410,0.2
2021-10-05T00:00:00.000,8:45,40.698643,-73.94697,1,0,1,1,4069,-7394,0.417910447761194
2021-10-02T00:00:00.000,18:19,40.85071,-73.89408,0,0,0,0,4085,-7389,0.3353658536585366
2021-10-08T00:00:00.000,14:30,40.743263,-73.91964,0,0,0,0,4074,-7391,0.38333333333333336
2021-10-05T00:00:00.000,12:19,40.70898,-73.80418,0,0,0,0,4070,-7380,0.3877551020408163
2021-10-08T00:00:00.000,6:15,40.722637,-73.95419,0,0,0,0,4072,-7395,0.22093023255813954
2021-10-06T00:00:00.000,10:30,40.58038,-73.967606,0,0,0,0,4058,-7396,0.37333333333333335
2021-06-09T00:00:00.000,10:10,40.67474,-73.99777,1,0,1,1,4067,-7399,0.3258426966292135
2021-10-07T00:00:00.000,15:53,40.60677,-73.94892,2,0,1,1,4060,-7394,0.5217391304347826
2021-10-07T00:00:00.000,16:30,40.597923,-73.9872,1,0,1,1,4059,-7398,0.34146341463414637
2021-10-07T00:00:00.000,16:20,40.68815,-73.84884,1,0,1,1,4068,-7384,0.3333333333333333
2021-10-08T00:00:00.000,9:11,40.66705,-73.77417,0,0,0,0,4066,-7377,0.37362637362637363
2021-10-07T00:00:00.000,8:40,40.68424,-73.8461,1,0,1,1,4068,-7384,0.3333333333333333
2021-10-07T00:00:00.000,21:39,40.748962,-73.89176,0,0,0,0,4074,-7389,0.3203125
2021-09-29T00:00:00.000,18:00,40.66319,-73.93727,0,0,0,0,4066,-7393,0.38578680203045684
2021-10-06T00:00:00.000,7:50,40.606445,-74.18011,1,0,1,1,4060,-7418,0.4
2021-12-17T00:00:00.000,5:00,40.65092,-74.00333,0,0,0,0,4065,-7400,0.41509433962264153
2021-10-07T00:00:00.000,9:00,40.66612,-73.82225,0,0,0,0,4066,-7382,0.43103448275862066
2021-09-23T00:00:00.000,15:33,40.82916,-73.844086,1,0,1,1,4082,-7384,0.3835616438356164
2021-10-07T00:00:00.000,9:50,40.609253,-73.96905,1,0,1,1,4060,-7396,0.5714285714285714
2021-10-04T00:00:00.000,22:00,40.70269,-73.78145,0,0,0,0,4070,-7378,0.34523809523809523
2021-10-08T00:00:00.000,11:54,40.611603,-73.91971,1,0,1,1,4061,-7391,0.358974358974359
2021-10-03T00:00:00.000,11:00,0.0,0.0,0,0,0,0,0,0,0.40425531914893614
2021-10-07T00:00:00.000,6:30,40.681465,-73.970535,1,0,1,1,4068,-7397,0.3412322274881517
2021-10-07T00:00:00.000,0:10,40.86774,-73.85955,1,0,1,1,4086,-7385,0.5
2021-10-08T00:00:00.000,14:21,40.863552,-73.85483,0,0,0,0,4086,-7385,0.5
2021-10-06T00:00:00.000,0:00,40.753056,-73.87164,0,0,0,0,4075,-7387,0.33884297520661155
2021-09-10T00:00:00.000,20:05,40.643204,-73.90929,0,0,0,0,4064,-7390,0.4017094017094017
2021-10-07T00:00:00.000,9:00,40.80123,-73.94996,0,0,0,0,4080,-7394,0.41116751269035534
2021-10-07T00:00:00.000,16:10,40.66708,-73.81033,0,0,0,0,4066,-7381,0.4716981132075472
2021-10-08T00:00:00.000,10:18,40.593163,-73.9086,1,0,1,1,4059,-7390,0.23404255319148937
2021-10-06T00:00:00.000,13:39,40.66278,-73.88086,2,0,1,1,4066,-7388,0.37012987012987014
2021-10-07T00:00:00.000,15:40,40.71637,-73.78706,0,0,0,0,4071,-7378,0.32653061224489793
2021-10-03T00:00:00.000,20:30,40.643005,-74.00533,0,0,0,0,4064,-7400,0.36764705882352944
2021-12-30T00:00:00.000,17:00,40.760586,-73.84592,0,0,0,0,4076,-7384,0.0
2021-10-07T00:00:00.000,14:30,40.57397,-74.16992,0,0,0,0,4057,-7416,0.36363636363636365
2021-10-08T00:00:00.000,12:10,40.776665,-73.78281,1,0,1,1,4077,-7378,0.4444444444444444
2021-10-06T00:00:00.000,11:00,40.66792,-73.98074,0,0,0,0,4066,-7398,0.421875
2021-10-07T00:00:00.000,16:00,40.820564,-73.905235,0,0,0,0,4082,-7390,0.3025210084033613
2021-10-06T00:00:00.000,18:30,40.74087,-73.98799,0,0,0,0,4074,-7398,0.40131578947368424
2021-09-30T00:00:00.000,13:00,40.657173,-73.921074,0,0,0,0,4065,-7392,0.35555555555555557
2021-10-05T00:00:00.000,16:25,40.639275,-73.90746,1,0,1,1,4063,-7390,0.3561643835616438
2021-10-07T00:00:00.000,8:00,40.836945,-73.91532,0,0,0,0,4083,-7391,0.33714285714285713
2021-10-06T00:00:00.000,19:40,40.691914,-73.88332,0,0,0,0,4069,-7388,0.4375
2021-12-26T00:00:00.000,13:50,40.61572,-74.09624,0,0,0,0,4061,-7409,0.46153846153846156
2021-10-05T00:00:00.000,9:30,40.512524,-74.2388,0,0,0,0,4051,-7423,0.0625
2021-10-08T00:00:00.000,0:00,40.589596,-73.791145,0,0,0,0,4058,-7379,0.5
2021-10-07T00:00:00.000,0:00,40.87067,-73.85645,0,0,0,0,4087,-7385,0.37681159420289856
2021-10-06T00:00:00.000,13:30,40.65771,-73.76757,0,0,0,0,4065,-7376,0.35714285714285715
2021-10-07T00:00:00.000,12:55,40.826324,-73.88351,1,0,1,1,4082,-7388,0.27624309392265195
2021-10-07T00:00:00.000,12:25,40.802593,-73.95103,0,0,0,0,4080,-7395,0.381294964028777
2021-10-06T00:00:00.000,6:16,40.716644,-73.99582,0,0,0,0,4071,-7399,0.3263157894736842
2021-10-08T00:00:00.000,21:07,40.666695,-73.767136,1,0,1,1,4066,-7376,0.30434782608695654
2021-10-06T00:00:00.000,8:45,40.686996,-73.95685,1,0,1,1,4068,-7395,0.38571428571428573
2021-10-06T00:00:00.000,17:55,40.72382,-73.908615,0,0,0,0,4072,-7390,0.2978723404255319
2021-10-07T00:00:00.000,22:50,40.62775,-73.93462,1,0,1,1,4062,-7393,0.4444444444444444
2021-10-08T00:00:00.000,22:30,40.675392,-73.98117,1,0,1,1,4067,-7398,0.3655913978494624
2021-10-07T00:00:00.000,16:20,40.736164,-73.97891,1,0,1,1,4073,-7397,0.32558139534883723
2021-10-06T00:00:00.000,0:45,40.76113,-73.85851,0,0,0,0,4076,-7385,0.2727272727272727
2021-10-07T00:00:00.000,0:00,40.68074,-73.76963,0,0,0,0,4068,-7376,0.35714285714285715
2021-10-06T00:00:00.000,8:33,40.666542,-73.91423,0,0,0,0,4066,-7391,0.3630952380952381
2021-10-07T00:00:00.000,10:44,40.813103,-73.85972,0,0,0,0,4081,-7385,0.30434782608695654
2021-10-08T00:00:00.000,12:44,40.63949,-73.91017,1,0,1,1,4063,-7391,0.5
2021-12-31T00:00:00.000,21:00,40.69821,-73.92406,0,0,0,0,4069,-7392,0.3584905660377358
2021-09-30T00:00:00.000,11:30,40.68443,-73.99491,1,0,1,1,4068,-7399,0.17857142857142858
2021-10-07T00:00:00.000,8:03,40.616848,-73.91169,1,0,1,1,4061,-7391,0.358974358974359
2021-10-06T00:00:00.000,17:00,40.76552,-73.98004,0,0,0,0,4076,-7398,0.3081761006289308
2021-10-06T00:00:00.000,7:25,40.677773,-73.809906,2,0,1,1,4067,-7380,0.24615384615384617
2021-10-08T00:00:00.000,17:15,40.82403,-73.94476,0,0,0,0,4082,-7394,0.3812154696132597
2021-10-08T00:00:00.000,11:05,40.547245,-74.180244,1,0,1,1,4054,-7418,0.1875
2021-10-07T00:00:00.000,11:40,40.60897,-73.979866,0,0,0,0,4060,-7397,0.3469387755102041
2021-10-06T00:00:00.000,19:41,40.719128,-74.00517,1,0,1,1,4071,-7400,0.25517241379310346
2021-10-08T00:00:00.000,12:18,40.74348,-73.921486,0,0,0,0,4074,-7392,0.3709677419354839
2021-10-07T00:00:00.000,21:15,40.634556,-73.973854,0,0,0,0,4063,-7397,0.36893203883495146
2021-10-05T00:00:00.000,10:00,40.77221,-73.982185,1,0,1,1,4077,-7398,0.38028169014084506
2021-10-06T00:00:00.000,3:05,40.76428,-73.97302,1,0,1,1,4076,-7397,0.37
2021-10-06T00:00:00.000,20:38,40.72773,-73.90674,2,0,1,1,4072,-7390,0.2978723404255319
2021-05-21T00:00:00.000,2:38,40.66968,-73.91075,3,0,1,1,4066,-7391,0.3630952380952381
2021-05-20T00:00:00.000,7:30,40.669403,-73.94221,1,0,1,1,4066,-7394,0.36792452830188677
2021-05-31T00:00:00.000,14:30,40.720245,-73.9444,1,0,1,1,4072,-7394,0.19801980198019803
2021-05-19T00:00:00.000,9:30,40.702206,-73.89919,1,0,1,1,4070,-7389,0.2711864406779661
2021-06-10T00:00:00.000,6:38,40.826683,-73.935394,0,0,0,0,4082,-7393,0.36645962732919257
2021-06-08T00:00:00.000,21:32,40.630745,-73.97717,0,0,0,0,4063,-7397,0.36893203883495146
2021-10-07T00:00:00.000,17:40,40.655397,-73.9297608,1,0,1,1,4065,-7392,0.35555555555555557
2021-05-28T00:00:00.000,0:30,40.669403,-73.94221,1,0,1,1,4066,-7394,0.36792452830188677
2021-06-03T00:00:00.000,14:30,40.76393,-73.87837,0,0,0,0,4076,-7387,0.48214285714285715
2021-06-09T00:00:00.000,20:26,40.60718,-73.94514,2,0,1,1,4060,-7394,0.5217391304347826
2021-06-11T00:00:00.000,14:48,40.586254,-73.93608,1,0,1,1,4058,-7393,0.24324324324324326
2021-06-10T00:00:00.000,21:25,40.636086,-73.95091,3,0,1,1,4063,-7395,0.48484848484848486
2021-06-11T00:00:00.000,22:37,40.7456,-73.868095,1,0,1,1,4074,-7386,0.3813559322033898
2021-06-10T00:00:00.000,2:00,40.66669,-73.88784,0,0,0,0,4066,-7388,0.37012987012987014
2021-06-11T00:00:00.000,17:45,40.67588,-73.748535,0,0,0,0,4067,-7374,0.2619047619047619
2021-06-06T00:00:00.000,0:05,40.623978,-73.92048,0,0,0,0,4062,-7392,0.3611111111111111
2021-06-05T00:00:00.000,20:15,40.723076,-73.97649,0,0,0,0,4072,-7397,0.3283582089552239
2021-06-10T00:00:00.000,20:03,40.686363,-73.9207,0,0,0,0,4068,-7392,0.2542372881355932
2021-06-10T00:00:00.000,19:40,40.792095,-73.97366,0,0,0,0,4079,-7397,0.24210526315789474
2021-06-03T00:00:00.000,15:00,40.868164,-73.900536,0,0,0,0,4086,-7390,0.42748091603053434
2021-06-11T00:00:00.000,9:00,40.904957,-73.85371,1,0,1,1,4090,-7385,0.42105263157894735
2021-06-10T00:00:00.000,16:25,40.75081,-73.89398,1,0,1,1,4075,-7389,0.4805194805194805
2021-06-06T00:00:00.000,16:16,40.68431,-73.95411,0,0,0,0,4068,-7395,0.38571428571428573
2021-06-08T00:00:00.000,18:00,40.645298,-74.10466,1,0,1,1,4064,-7410,0.5
2021-06-10T00:00:00.000,16:20,40.625816,-73.99812,1,0,1,1,4062,-7399,0.3835616438356164
2021-06-10T00:00:00.000,12:15,40.8287,-73.84227,1,0,1,1,4082,-7384,0.3835616438356164
2021-06-11T00:00:00.000,20:14,40.668495,-73.925606,1,0,1,1,4066,-7392,0.355
2021-06-11T00:00:00.000,5:03,40.659477,-73.908134,1,0,1,1,4065,-7390,0.375
2021-06-07T00:00:00.000,1:30,40.75276,-73.87539,1,0,1,1,4075,-7387,0.33884297520661155
2021-06-01T00:00:00.000,9:58,40.84193,-73.9096,1,0,1,1,4084,-7390,0.366120218579235
2021-06-09T00:00:00.000,11:20,40.593742,-73.96085,0,0,0,0,4059,-7396,0.38596491228070173
2021-06-11T00:00:00.000,15:30,40.660934,-73.983246,0,0,0,0,4066,-7398,0.421875
2021-06-10T00:00:00.000,12:50,40.842625,-73.87818,0,0,0,0,4084,-7387,0.48333333333333334
2021-06-06T00:00:00.000,11:25,40.654137,-73.91234,0,0,0,0,4065,-7391,0.425
2021-06-09T00:00:00.000,16:27,40.761147,-73.97952,1,0,1,1,4076,-7397,0.37
2021-06-11T00:00:00.000,8:36,40.699207,-73.823,0,0,0,0,4069,-7382,0.37209302325581395
2021-06-09T00:00:00.000,16:00,40.854836,-73.88319,1,0,1,1,4085,-7388,0.3
2021-06-09T00:00:00.000,0:30,40.66308,-73.73377,1,0,1,1,4066,-7373,0.44339622641509435
2021-06-04T00:00:00.000,15:55,40.81632,-73.95783,0,0,0,0,4081,-7395,0.3509933774834437
2021-06-09T00:00:00.000,8:45,40.636284,-73.98364,0,0,0,0,4063,-7398,0.4827586206896552
2021-10-08T00:00:00.000,17:16,40.74848,-73.87577,0,0,0,0,4074,-7387,0.25663716814159293
2021-06-11T00:00:00.000,21:40,40.753242,-73.96662,1,0,1,1,4075,-7396,0.4788732394366197
2021-06-10T00:00:00.000,10:41,40.69133,-73.95177,0,0,0,0,4069,-7395,0.30952380952380953
2021-06-10T00:00:00.000,14:00,40.682148,-73.729614,0,0,0,0,4068,-7372,0.375
2021-06-10T00:00:00.000,7:55,40.61525,-73.97636,1,0,1,1,4061,-7397,0.421875
2021-06-11T00:00:00.000,10:00,40.84501,-73.93346,0,0,0,0,4084,-7393,0.32786885245901637
2021-05-28T00:00:00.000,20:41,40.80988,-73.90308,0,0,0,0,4080,-7390,0.36538461538461536
2021-06-09T00:00:00.000,9:18,40.607246,-73.96381,0,0,0,0,4060,-7396,0.5714285714285714
2021-06-11T00:00:00.000,10:05,40.582737,-73.95605,0,0,0,0,4058,-7395,0.3465346534653465
2021-06-11T00:00:00.000,21:01,40.723625,-74.00479,0,0,0,0,4072,-7400,0.32926829268292684
2021-06-09T00:00:00.000,6:30,40.827423,-73.836754,0,0,0,0,4082,-7383,0.34210526315789475
2021-06-10T00:00:00.000,9:49,40.573727,-74.11957,0,0,0,0,4057,-7411,0.37142857142857144
2021-06-05T00:00:00.000,14:00,40.827984,-73.83903,0,0,0,0,4082,-7383,0.34210526315789475
2021-06-11T00:00:00.000,6:58,40.85487,-73.89229,0,0,0,0,4085,-7389,0.3353658536585366
2021-06-11T00:00:00.000,17:50,40.704826,-73.79652,1,0,1,1,4070,-7379,0.3978494623655914
2021-06-03T00:00:00.000,13:05,40.69816,-73.92528,1,0,1,1,4069,-7392,0.3584905660377358
2021-06-10T00:00:00.000,21:49,40.862534,-73.89708,0,0,0,0,4086,-7389,0.40606060606060607
2021-05-31T00:00:00.000,13:15,40.833588,-73.91498,0,0,0,0,4083,-7391,0.33714285714285713
2021-06-10T00:00:00.000,10:00,40.66343,-73.75844,0,0,0,0,4066,-7375,0.3
2021-05-23T00:00:00.000,14:54,40.736732,-73.80349,1,0,1,1,4073,-7380,0.34285714285714286
2021-06-10T00:00:00.000,10:47,40.716473,-73.959984,0,0,0,0,4071,-7395,0.36585365853658536
2021-06-11T00:00:00.000,6:30,40.735413,-73.91835,0,0,0,0,4073,-7391,0.33962264150943394
2021-06-07T00:00:00.000,13:25,40.64685,-74.019264,0,0,0,0,4064,-7401,0.4295774647887324
2021-06-09T00:00:00.000,16:39,40.7668,-73.92118,0,0,0,0,4076,-7392,0.42105263157894735
2021-06-09T00:00:00.000,6:00,40.654636,-73.97856,0,0,0,0,4065,-7397,0.4074074074074074
2021-06-11T00:00:00.000,13:05,40.63283,-74.00516,0,0,0,0,4063,-7400,0.3068181818181818
2021-06-10T00:00:00.000,14:57,40.84137,-73.826096,1,0,1,1,4084,-7382,0.4
2021-06-09T00:00:00.000,17:25,40.66047,-73.998024,0,0,0,0,4066,-7399,0.40540540540540543
2021-06-09T00:00:00.000,18:30,40.89938,-73.87102,0,0,0,0,4089,-7387,0.2
2021-06-10T00:00:00.000,3:15,40.880527,-73.901794,0,0,0,0,4088,-7390,0.2702702702702703
2021-06-09T00:00:00.000,0:00,40.837654,-73.89997,0,0,0,0,4083,-7389,0.3333333333333333
2021-06-10T00:00:00.000,6:00,40.673206,-73.86896,0,0,0,0,4067,-7386,0.3431372549019608
2021-06-08T00:00:00.000,9:00,40.865524,-73.88968,0,0,0,0,4086,-7388,0.23943661971830985
2021-06-10T00:00:00.000,22:00,40.762287,-73.972374,0,0,0,0,4076,-7397,0.37
2021-06-11T00:00:00.000,19:04,40.621006,-74.02861,0,0,0,0,4062,-7402,0.3625
2021-06-11T00:00:00.000,20:37,40.61617,-73.9546,1,0,1,1,4061,-7395,0.4461538461538462
2021-06-09T00:00:00.000,7:00,40.737923,-73.79033,0,0,0,0,4073,-7379,0.4
2021-06-08T00:00:00.000,14:34,40.618023,-74.00981,1,0,1,1,4061,-7400,0.3076923076923077
2021-06-08T00:00:00.000,6:05,40.69595,-73.93764,0,0,0,0,4069,-7393,0.3141025641025641
2021-06-11T00:00:00.000,11:40,40.69657,-73.95844,0,0,0,0,4069,-7395,0.30952380952380953
2021-06-11T00:00:00.000,22:20,40.765263,-73.95402,1,0,1,1,4076,-7395,0.3696969696969697
2021-06-10T00:00:00.000,14:12,40.840206,-73.91015,0,0,0,0,4084,-7391,0.32558139534883723
2021-06-10T00:00:00.000,6:45,40.610638,-73.956406,0,0,0,0,4061,-7395,0.4461538461538462
2021-06-09T00:00:00.000,6:30,40.85429,-73.90027,0,0,0,0,4085,-7390,0.42207792207792205
2021-06-11T00:00:00.000,23:55,40.835716,-73.8775,0,0,0,0,4083,-7387,0.38414634146341464
2021-05-28T00:00:00.000,20:17,40.715927,-73.80889,0,0,0,0,4071,-7380,0.42105263157894735
2021-06-11T00:00:00.000,9:15,40.71843,-74.000534,0,0,0,0,4071,-7400,0.25517241379310346
2021-06-09T00:00:00.000,17:15,40.734844,-73.98312,1,0,1,1,4073,-7398,0.36942675159235666
2021-10-07T00:00:00.000,23:24,40.663605,-73.934395,3,0,1,1,4066,-7393,0.38578680203045684
2021-06-11T00:00:00.000,11:40,40.584522,-73.949,0,0,0,0,4058,-7394,0.40816326530612246
2021-06-06T00:00:00.000,4:51,40.682835,-73.94092,1,0,1,1,4068,-7394,0.4409448818897638
2021-06-05T00:00:00.000,8:16,40.64106,-74.02486,0,0,0,0,4064,-7402,0.41379310344827586
2021-06-09T00:00:00.000,5:55,40.665848,-73.74822,2,0,1,1,4066,-7374,0.3698630136986301
2021-06-11T00:00:00.000,14:00,40.680035,-73.9055,0,0,0,0,4068,-7390,0.4421052631578947
2021-06-11T00:00:00.000,14:27,40.677982,-73.791214,0,0,0,0,4067,-7379,0.4264705882352941
2021-06-02T00:00:00.000,18:30,40.72179,-73.99986,1,0,1,1,4072,-7399,0.3829787234042553
2021-06-10T00:00:00.000,6:10,40.7731,-73.84566,0,0,0,0,4077,-7384,0.125
2021-06-09T00:00:00.000,5:10,40.76052,-73.7934,1,0,1,1,4076,-7379,0.2631578947368421
2021-06-10T00:00:00.000,21:50,40.64802,-73.952194,1,0,1,1,4064,-7395,0.4796747967479675
2021-06-11T00:00:00.000,10:45,40.750458,-73.863,1,0,1,1,4075,-7386,0.33653846153846156
2021-12-31T00:00:00.000,12:55,40.72844,-73.854454,0,0,0,0,4072,-7385,0.4418604651162791
2021-06-09T00:00:00.000,19:49,40.640163,-73.94553,1,0,1,1,4064,-7394,0.42342342342342343
2021-06-10T00:00:00.000,23:45,40.74665,-73.969124,0,0,0,0,4074,-7396,0.7
2021-06-10T00:00:00.000,17:40,40.667397,-73.84458,0,0,0,0,4066,-7384,0.5925925925925926
2021-06-10T00:00:00.000,15:20,40.57941,-74.15452,1,0,1,1,4057,-7415,0.6666666666666666
2021-06-11T00:00:00.000,15:35,40.698116,-73.977325,0,0,0,0,4069,-7397,0.3253012048192771
2021-06-09T00:00:00.000,18:30,40.719337,-73.985916,0,0,0,0,4071,-7398,0.39568345323741005
2021-06-09T00:00:00.000,15:00,40.583683,-73.94455,0,0,0,0,4058,-7394,0.40816326530612246
2021-02-13T00:00:00.000,13:15,40.6904,-73.92365,0,0,0,0,4069,-7392,0.3584905660377358
2021-06-10T00:00:00.000,3:47,40.670986,-73.984795,0,0,0,0,4067,-7398,0.3655913978494624
2021-06-10T00:00:00.000,19:12,40.830345,-73.86696,0,0,0,0,4083,-7386,0.24822695035460993
2021-06-09T00:00:00.000,6:40,40.68983,-73.97863,0,0,0,0,4068,-7397,0.3412322274881517
2021-05-21T00:00:00.000,11:15,40.815865,-73.91987,1,0,1,1,4081,-7391,0.47244094488188976
2021-06-10T00:00:00.000,19:55,40.738796,-73.80846,1,0,1,1,4073,-7380,0.34285714285714286
2021-06-09T00:00:00.000,6:45,40.788906,-73.93765,3,0,1,1,4078,-7393,0.4444444444444444
2021-04-26T00:00:00.000,0:39,40.788795,-73.93755,1,0,1,1,4078,-7393,0.4444444444444444
2021-06-09T00:00:00.000,18:22,40.632492,-73.93415,1,0,1,1,4063,-7393,0.46153846153846156
2021-06-11T00:00:00.000,19:35,40.672558,-73.91815,0,0,0,0,4067,-7391,0.36597938144329895
2021-06-09T00:00:00.000,23:20,40.83156,-73.822716,0,0,0,0,4083,-7382,0.44680851063829785
2021-06-10T00:00:00.000,16:16,40.67046,-73.88788,0,0,0,0,4067,-7388,0.30434782608695654
2021-06-09T00:00:00.000,17:28,40.794178,-73.94487,0,0,0,0,4079,-7394,0.3523809523809524
2021-06-09T00:00:00.000,16:21,40.84764,-73.901,1,0,1,1,4084,-7390,0.366120218579235
2021-06-09T00:00:00.000,15:22,40.88256,-73.91237,0,0,0,0,4088,-7391,0.23076923076923078
2021-10-06T00:00:00.000,0:57,40.66653,-73.806274,1,1,2,1,4066,-7380,0.40789473684210525
2021-06-07T00:00:00.000,17:50,40.67043,-73.928185,0,0,0,0,4067,-7392,0.39655172413793105
2021-06-11T00:00:00.000,11:36,40.667915,-73.77523,1,0,1,1,4066,-7377,0.37362637362637363
2021-06-11T00:00:00.000,15:33,40.8566,-73.82646,1,0,1,1,4085,-7382,0.45714285714285713
2021-06-06T00:00:00.000,2:38,40.720825,-73.98797,1,0,1,1,4072,-7398,0.4342105263157895
2021-06-09T00:00:00.000,12:37,40.633373,-73.96458,0,0,0,0,4063,-7396,0.34615384615384615
2021-06-10T00:00:00.000,16:54,40.570465,-74.10977,0,0,0,0,4057,-7410,0.3877551020408163
2021-06-07T00:00:00.000,12:00,40.669895,-73.95106,0,0,0,0,4066,-7395,0.44375
2021-05-29T00:00:00.000,11:46,40.890675,-73.89777,2,0,1,1,4089,-7389,0.5555555555555556
2021-06-10T00:00:00.000,1:00,40.594826,-73.787254,0,0,0,0,4059,-7378,0.14705882352941177
2021-06-09T00:00:00.000,16:28,40.804695,-73.92239,0,0,0,0,4080,-7392,0.3141025641025641
2021-04-23T00:00:00.000,18:01,40.692764,-73.94579,0,0,0,0,4069,-7394,0.417910447761194
2021-06-10T00:00:00.000,15:49,40.877033,-73.846375,1,0,1,1,4087,-7384,0.47297297297297297
2021-06-11T00:00:00.000,18:40,40.608078,-73.979706,1,0,1,1,4060,-7397,0.3469387755102041
2021-06-10T00:00:00.000,14:58,40.756527,-73.994026,1,0,1,1,4075,-7399,0.2830188679245283
2021-06-11T00:00:00.000,16:29,40.575935,-74.00543,1,0,1,1,4057,-7400,0.3157894736842105
2021-06-10T00:00:00.000,4:03,40.841877,-73.8888,0,0,0,0,4084,-7388,0.390625
2021-06-11T00:00:00.000,17:10,40.72032,-73.99404,0,0,0,0,4072,-7399,0.3829787234042553
2021-06-10T00:00:00.000,8:50,40.646786,-74.008575,0,0,0,0,4064,-7400,0.36764705882352944
2021-06-09T00:00:00.000,0:00,40.742504,-73.73431,1,0,1,1,4074,-7373,0.4
2021-06-11T00:00:00.000,13:15,40.769844,-73.83656,0,0,0,0,4076,-7383,0.33695652173913043
2021-06-11T00:00:00.000,13:05,40.708942,-73.941765,0,0,0,0,4070,-7394,0.3956043956043956
2021-06-09T00:00:00.000,11:40,40.749783,-73.80289,0,0,0,0,4074,-7380,0.35294117647058826
2021-06-11T00:00:00.000,18:36,40.774624,-73.93316,0,0,0,0,4077,-7393,0.20833333333333334
2021-06-09T00:00:00.000,23:57,40.84148,-73.88853,4,0,1,1,4084,-7388,0.390625
2021-05-27T00:00:00.000,4:55,40.900005,-73.87919,0,0,0,0,4090,-7387,0.8
2021-06-09T00:00:00.000,16:00,40.74559,-73.87791,1,0,1,1,4074,-7387,0.25663716814159293
2021-06-10T00:00:00.000,17:40,40.761196,-73.777725,0,0,0,0,4076,-7377,0.20588235294117646
2021-06-10T00:00:00.000,23:43,40.607178,-73.91642,4,1,2,1,4060,-7391,0.25
2021-06-08T00:00:00.000,4:04,40.868496,-73.92173,0,0,0,0,4086,-7392,0.359375
2021-06-11T00:00:00.000,16:49,40.67801,-73.8161,3,0,1,1,4067,-7381,0.4230769230769231
2021-06-10T00:00:00.000,21:00,40.81327,-73.905136,0,0,0,0,4081,-7390,0.3888888888888889
2021-06-09T00:00:00.000,11:29,40.852642,-73.908424,1,0,1,1,4085,-7390,0.42207792207792205
2021-06-09T00:00:00.000,9:24,40.63926,-73.93777,0,0,0,0,4063,-7393,0.46153846153846156
2021-06-11T00:00:00.000,17:15,40.76229,-73.75711,0,0,0,0,4076,-7375,0.3409090909090909
2021-06-09T00:00:00.000,20:16,40.817593,-73.95319,1,0,1,1,4081,-7395,0.3509933774834437
2021-06-11T00:00:00.000,0:40,40.69377,-73.73578,1,0,1,1,4069,-7373,0.36585365853658536
2021-06-09T00:00:00.000,13:49,40.608143,-74.00412,2,0,1,1,4060,-7400,0.24074074074074073
2021-06-10T00:00:00.000,15:40,40.596222,-73.98897,0,0,0,0,4059,-7398,0.34146341463414637
2021-06-09T00:00:00.000,10:30,40.639633,-73.954185,0,0,0,0,4063,-7395,0.48484848484848486
2021-06-10T00:00:00.000,12:30,40.709442,-73.9607,1,0,1,1,4070,-7396,0.3431372549019608
2023-01-09T00:00:00.000,11:23,40.691708,-73.94849,0,0,0,0,4069,-7394,0.417910447761194
2021-06-10T00:00:00.000,16:00,40.74629,-73.93327,0,0,0,0,4074,-7393,0.3333333333333333
2021-06-10T00:00:00.000,12:33,40.67269,-73.93909,0,0,0,0,4067,-7393,0.3755868544600939
2021-05-31T00:00:00.000,16:28,40.816196,-73.896,0,0,0,0,4081,-7389,0.31543624161073824
2021-06-09T00:00:00.000,16:10,40.867733,-73.85861,0,0,0,0,4086,-7385,0.5
2021-06-01T00:00:00.000,21:10,40.70369,-73.984634,0,0,0,0,4070,-7398,0.21568627450980393
2021-06-09T00:00:00.000,7:50,0.0,0.0,2,0,1,1,0,0,0.40425531914893614
2021-06-10T00:00:00.000,9:10,40.671047,-73.892715,0,0,0,0,4067,-7389,0.33852140077821014
2021-06-11T00:00:00.000,7:25,40.631794,-73.90288,0,0,0,0,4063,-7390,0.3561643835616438
2021-06-11T00:00:00.000,19:45,40.67359,-73.749626,0,0,0,0,4067,-7374,0.2619047619047619
2021-06-11T00:00:00.000,16:43,40.592186,-73.9777,0,0,0,0,4059,-7397,0.3191489361702128
2021-06-09T00:00:00.000,7:50,40.84281,-73.84469,0,0,0,0,4084,-7384,0.4222222222222222
2021-05-28T00:00:00.000,10:15,40.877407,-73.902954,0,0,0,0,4087,-7390,0.3184713375796178
2021-06-09T00:00:00.000,21:26,40.823505,-73.94144,0,0,0,0,4082,-7394,0.3812154696132597
2021-06-11T00:00:00.000,8:45,40.59601,-73.74267,0,0,0,0,4059,-7374,0.18181818181818182
2021-06-10T00:00:00.000,11:30,40.60148,-73.99306,1,0,1,1,4060,-7399,0.31683168316831684
2021-06-11T00:00:00.000,16:54,40.72785,-73.92657,0,0,0,0,4072,-7392,0.4
2021-06-04T00:00:00.000,15:01,40.57686,-73.98266,1,0,1,1,4057,-7398,0.36904761904761907
2021-06-09T00:00:00.000,2:23,40.685448,-73.8324,0,0,0,0,4068,-7383,0.45454545454545453
2021-06-10T00:00:00.000,10:50,40.631405,-73.95749,0,0,0,0,4063,-7395,0.48484848484848486
2021-06-09T00:00:00.000,20:00,40.843376,-73.8369,2,0,1,1,4084,-7383,0.4318181818181818
2021-06-07T00:00:00.000,15:00,40.88955,-73.84524,0,0,0,0,4088,-7384,0.4153846153846154
2021-06-11T00:00:00.000,11:30,40.66895,-73.9339,0,0,0,0,4066,-7393,0.38578680203045684
2021-06-10T00:00:00.000,14:15,40.741608,-73.88295,0,0,0,0,4074,-7388,0.2978723404255319
2021-06-11T00:00:00.000,1:50,40.6665,-73.9962,1,0,1,1,4066,-7399,0.40540540540540543
2021-05-28T00:00:00.000,6:30,40.869045,-73.89945,0,0,0,0,4086,-7389,0.40606060606060607
2021-06-09T00:00:00.000,14:40,40.754707,-73.99164,3,0,1,1,4075,-7399,0.2830188679245283
2021-06-09T00:00:00.000,17:00,40.702568,-73.95026,0,0,0,0,4070,-7395,0.3475177304964539
2021-06-09T00:00:00.000,19:15,40.74353,-74.00554,0,0,0,0,4074,-7400,0.27710843373493976
2021-12-11T00:00:00.000,13:33,40.74766,-73.86346,0,0,0,0,4074,-7386,0.3813559322033898
2021-06-11T00:00:00.000,22:09,40.824066,-73.908714,1,0,1,1,4082,-7390,0.3025210084033613
2021-05-30T00:00:00.000,9:00,40.693863,-73.92971,0,0,0,0,4069,-7392,0.3584905660377358
2021-05-30T00:00:00.000,2:38,40.729134,-73.931015,0,0,0,0,4072,-7393,0.36507936507936506
2021-06-07T00:00:00.000,19:30,40.845352,-73.92821,0,0,0,0,4084,-7392,0.3181818181818182
2021-06-08T00:00:00.000,7:00,40.639584,-73.948364,0,0,0,0,4063,-7394,0.358974358974359
2021-06-11T00:00:00.000,18:30,40.820053,-73.81934,0,0,0,0,4082,-7381,0.17647058823529413
2021-06-09T00:00:00.000,14:05,40.703976,-73.92309,0,0,0,0,4070,-7392,0.24305555555555555
2021-06-11T00:00:00.000,12:37,40.829895,-73.87759,0,0,0,0,4082,-7387,0.33544303797468356
2021-06-07T00:00:00.000,22:40,40.70188,-73.89054,0,0,0,0,4070,-7389,0.2711864406779661
2021-06-10T00:00:00.000,13:55,40.68792,-73.98025,1,0,1,1,4068,-7398,0.3873239436619718
2021-06-09T00:00:00.000,0:00,40.748108,-73.947365,3,0,1,1,4074,-7394,0.33962264150943394
2021-06-09T00:00:00.000,10:49,40.642757,-74.00793,0,0,0,0,4064,-7400,0.36764705882352944
2021-06-10T00:00:00.000,8:40,40.71492,-73.79128,0,0,0,0,4071,-7379,0.3888888888888889
2021-06-06T00:00:00.000,22:00,40.598022,-73.95434,0,0,0,0,4059,-7395,0.3181818181818182
2021-06-09T00:00:00.000,18:40,40.70512,-73.767914,1,0,1,1,4070,-7376,0.43902439024390244
2021-06-09T00:00:00.000,16:15,40.844524,-73.902725,0,0,0,0,4084,-7390,0.366120218579235
2021-06-06T00:00:00.000,19:46,40.7778,-73.91308,1,0,1,1,4077,-7391,0.3157894736842105
2021-06-10T00:00:00.000,20:27,40.758705,-73.93793,1,0,1,1,4075,-7393,0.43478260869565216
2021-06-11T00:00:00.000,11:20,40.6266,-73.98271,0,0,0,0,4062,-7398,0.38
2021-05-25T00:00:00.000,16:15,40.727318,-73.88796,0,0,0,0,4072,-7388,0.4
2021-06-10T00:00:00.000,17:40,40.646328,-73.91276,1,0,1,1,4064,-7391,0.39805825242718446
2021-06-11T00:00:00.000,5:10,40.834198,-73.85169,0,0,0,0,4083,-7385,0.30158730158730157
2021-06-09T00:00:00.000,19:20,40.599907,-73.94664,0,0,0,0,4059,-7394,0.275
2021-06-09T00:00:00.000,8:16,40.67798,-73.872116,0,0,0,0,4067,-7387,0.30344827586206896
2021-06-10T00:00:00.000,19:21,40.700775,-73.91334,0,0,0,0,4070,-7391,0.27450980392156865
2021-06-09T00:00:00.000,16:58,40.835857,-73.87213,0,0,0,0,4083,-7387,0.38414634146341464
2021-05-27T00:00:00.000,19:29,40.787064,-73.94194,1,0,1,1,4078,-7394,0.33513513513513515
2021-06-09T00:00:00.000,17:15,40.58672,-73.97234,0,0,0,0,4058,-7397,0.2727272727272727
2021-06-10T00:00:00.000,15:55,40.72225,-74.00592,0,0,0,0,4072,-7400,0.32926829268292684
2021-06-10T00:00:00.000,16:48,40.73675,-73.71104,0,0,0,0,4073,-7371,0.2857142857142857
2021-06-09T00:00:00.000,5:50,40.68534,-73.80431,2,0,1,1,4068,-7380,0.3829787234042553
2021-06-10T00:00:00.000,14:35,40.62318,-74.14925,0,0,0,0,4062,-7414,0.20408163265306123
2021-06-04T00:00:00.000,18:00,40.755783,-73.92803,0,0,0,0,4075,-7392,0.48148148148148145
2021-06-10T00:00:00.000,17:10,40.657738,-73.89596,0,0,0,0,4065,-7389,0.34965034965034963
2021-06-09T00:00:00.000,8:35,40.895374,-73.86356,0,0,0,0,4089,-7386,0.28205128205128205
2021-06-10T00:00:00.000,18:00,40.66929,-73.842445,1,0,1,1,4066,-7384,0.5925925925925926
2021-06-09T00:00:00.000,11:39,40.602325,-73.99445,0,0,0,0,4060,-7399,0.31683168316831684
2021-06-10T00:00:00.000,10:27,40.820305,-73.89083,0,0,0,0,4082,-7389,0.37423312883435583
2021-06-10T00:00:00.000,21:50,40.670067,-73.90811,1,0,1,1,4067,-7390,0.3282442748091603
2021-06-11T00:00:00.000,5:21,40.81914,-73.93719,0,0,0,0,4081,-7393,0.32432432432432434
2021-06-10T00:00:00.000,10:38,40.643894,-73.93826,0,0,0,0,4064,-7393,0.3333333333333333
2021-06-10T00:00:00.000,15:49,40.82486,-73.85402,1,0,1,1,4082,-7385,0.27
2021-06-11T00:00:00.000,22:00,40.818336,-73.847885,0,0,0,0,4081,-7384,0.3333333333333333
2021-06-09T00:00:00.000,0:00,40.74197,-73.84116,1,0,1,1,4074,-7384,0.42857142857142855
2021-05-16T00:00:00.000,20:00,40.687275,-73.97916,0,0,0,0,4068,-7397,0.3412322274881517
2021-06-10T00:00:00.000,12:49,40.608334,-74.10186,1,0,1,1,4060,-7410,0.3333333333333333
2021-06-09T00:00:00.000,17:13,40.7461,-73.91406,0,0,0,0,4074,-7391,0.38333333333333336
2021-06-09T00:00:00.000,9:43,40.626568,-73.970924,1,0,1,1,4062,-7397,0.38666666666666666
2021-12-10T00:00:00.000,0:00,40.660797,-73.87183,0,0,0,0,4066,-7387,0.38461538461538464
2021-06-10T00:00:00.000,19:20,40.705425,-73.78258,0,0,0,0,4070,-7378,0.34523809523809523
2021-06-10T00:00:00.000,9:48,40.66675,-73.779945,0,0,0,0,4066,-7377,0.37362637362637363
2021-06-08T00:00:00.000,12:00,40.904552,-73.847824,0,0,0,0,4090,-7384,0.28205128205128205
2021-06-11T00:00:00.000,8:40,40.70145,-73.989624,0,0,0,0,4070,-7398,0.21568627450980393
2021-06-10T00:00:00.000,16:50,40.627052,-74.16485,0,0,0,0,4062,-7416,0.24444444444444444
2021-06-08T00:00:00.000,14:20,40.880657,-73.877625,0,0,0,0,4088,-7387,0.14583333333333334
2021-06-11T00:00:00.000,17:14,40.82458,-73.870544,0,0,0,0,4082,-7387,0.33544303797468356
2021-06-09T00:00:00.000,21:27,40.66212,-73.770164,0,0,0,0,4066,-7377,0.37362637362637363
2021-06-10T00:00:00.000,11:30,40.71917,-73.861275,0,0,0,0,4071,-7386,0.5625
2021-06-11T00:00:00.000,23:30,40.66561,-73.73568,1,0,1,1,4066,-7373,0.44339622641509435
2021-06-10T00:00:00.000,21:59,40.61255,-73.96287,1,0,1,1,4061,-7396,0.30666666666666664
2021-06-05T00:00:00.000,0:00,40.82378,-73.836426,0,0,0,0,4082,-7383,0.34210526315789475
2021-06-09T00:00:00.000,16:03,40.703163,-73.81662,4,0,1,1,4070,-7381,0.3194444444444444
2021-06-11T00:00:00.000,13:15,40.648464,-74.00683,1,0,1,1,4064,-7400,0.36764705882352944
2021-06-09T00:00:00.000,6:40,40.892963,-73.86101,0,0,0,0,4089,-7386,0.28205128205128205
2021-06-09T00:00:00.000,19:25,40.68246,-73.830025,1,0,1,1,4068,-7383,0.45454545454545453
2021-06-11T00:00:00.000,23:10,40.660355,-73.85577,0,0,0,0,4066,-7385,0.3333333333333333
2021-06-10T00:00:00.000,15:20,40.769863,-73.947914,0,0,0,0,4076,-7394,0.4583333333333333
2021-06-11T00:00:00.000,7:14,40.757435,-73.969604,0,0,0,0,4075,-7396,0.4788732394366197
2021-06-11T00:00:00.000,16:50,40.775642,-73.960526,1,0,1,1,4077,-7396,0.3695652173913043
2021-06-10T00:00:00.000,4:30,40.690647,-73.90805,1,0,1,1,4069,-7390,0.29591836734693877
2021-06-11T00:00:00.000,22:00,40.722775,-73.94707,0,0,0,0,4072,-7394,0.19801980198019803
2021-05-18T00:00:00.000,11:20,40.677067,-73.92281,0,0,0,0,4067,-7392,0.39655172413793105
2021-06-08T00:00:00.000,16:55,40.62137,-74.135506,0,0,0,0,4062,-7413,0.4074074074074074
2021-06-10T00:00:00.000,19:17,40.71758,-73.99831,0,0,0,0,4071,-7399,0.3263157894736842
2021-06-10T00:00:00.000,20:45,40.744072,-73.86769,0,0,0,0,4074,-7386,0.3813559322033898
2021-06-10T00:00:00.000,13:10,40.664597,-73.911385,0,0,0,0,4066,-7391,0.3630952380952381
2021-06-11T00:00:00.000,22:15,40.595715,-73.96508,1,0,1,1,4059,-7396,0.38596491228070173
2021-05-26T00:00:00.000,20:00,40.771397,-73.93281,0,0,0,0,4077,-7393,0.20833333333333334
2021-06-09T00:00:00.000,9:38,40.668377,-73.92012,1,0,1,1,4066,-7392,0.355
2021-06-10T00:00:00.000,18:00,40.799957,-73.96053,0,0,0,0,4079,-7396,0.25
2021-06-10T00:00:00.000,2:48,40.768566,-73.92495,0,0,0,0,4076,-7392,0.42105263157894735
2021-06-02T00:00:00.000,19:26,40.757107,-73.997314,0,0,0,0,4075,-7399,0.2830188679245283
2021-06-09T00:00:00.000,13:42,40.687378,-73.98598,0,0,0,0,4068,-7398,0.3873239436619718
2021-06-09T00:00:00.000,9:08,40.693115,-73.96926,0,0,0,0,4069,-7396,0.325
2021-06-11T00:00:00.000,6:30,40.73715,-73.930824,0,0,0,0,4073,-7393,0.38461538461538464
2021-06-09T00:00:00.000,16:15,40.856487,-73.872406,0,0,0,0,4085,-7387,0.375
2021-06-11T00:00:00.000,16:30,40.827496,-73.90527,0,0,0,0,4082,-7390,0.3025210084033613
2021-06-08T00:00:00.000,18:00,0.0,0.0,0,0,0,0,0,0,0.40425531914893614
2021-06-10T00:00:00.000,19:18,40.83609,-73.87039,0,0,0,0,4083,-7387,0.38414634146341464
2021-06-10T00:00:00.000,22:00,40.74764,-73.883804,0,0,0,0,4074,-7388,0.2978723404255319
2021-06-09T00:00:00.000,14:10,40.71445,-73.9306,0,0,0,0,4071,-7393,0.2711864406779661
2021-06-11T00:00:00.000,14:28,40.7712,-73.83345,0,0,0,0,4077,-7383,0.25
2021-06-09T00:00:00.000,19:12,40.719902,-74.00261,1,0,1,1,4071,-7400,0.25517241379310346
2021-06-10T00:00:00.000,18:50,40.614414,-73.93282,0,0,0,0,4061,-7393,0.34285714285714286
2021-06-10T00:00:00.000,8:00,40.739082,-73.81611,0,0,0,0,4073,-7381,0.3181818181818182
2021-06-09T00:00:00.000,15:30,40.62236,-74.174355,0,0,0,0,4062,-7417,0.16666666666666666
2021-06-11T00:00:00.000,17:35,40.79465,-73.971794,0,0,0,0,4079,-7397,0.24210526315789474
2021-06-10T00:00:00.000,10:05,40.666695,-73.767136,0,0,0,0,4066,-7376,0.30434782608695654
2021-06-10T00:00:00.000,17:30,40.66968,-73.91075,0,0,0,0,4066,-7391,0.3630952380952381
2021-06-09T00:00:00.000,12:27,40.761585,-73.76086,2,0,1,1,4076,-7376,0.21739130434782608
2021-06-10T00:00:00.000,1:10,40.688667,-73.87548,0,0,0,0,4068,-7387,0.24719101123595505
2021-06-09T00:00:00.000,16:09,40.839664,-73.87104,1,0,1,1,4083,-7387,0.38414634146341464
2021-12-11T00:00:00.000,7:00,40.836807,-73.946884,0,0,0,0,4083,-7394,0.38926174496644295
2021-06-11T00:00:00.000,17:00,40.753723,-73.98548,0,0,0,0,4075,-7398,0.3170731707317073
2021-06-09T00:00:00.000,13:25,40.823956,-73.877144,0,0,0,0,4082,-7387,0.33544303797468356
2021-06-09T00:00:00.000,0:15,40.68035,-73.9648,0,0,0,0,4068,-7396,0.42567567567567566
2021-06-03T00:00:00.000,11:06,40.61312,-73.9894,0,0,0,0,4061,-7398,0.3698630136986301
2021-06-09T00:00:00.000,18:35,40.697998,-73.92606,0,0,0,0,4069,-7392,0.3584905660377358
2021-06-10T00:00:00.000,16:18,40.73329,-73.98719,1,0,1,1,4073,-7398,0.36942675159235666
2021-05-28T00:00:00.000,0:39,40.881687,-73.90283,2,0,1,1,4088,-7390,0.2702702702702703
2021-06-11T00:00:00.000,14:08,40.748276,-73.93918,1,0,1,1,4074,-7393,0.3333333333333333
2021-06-11T00:00:00.000,14:12,40.905804,-73.85302,1,0,1,1,4090,-7385,0.42105263157894735
2021-06-09T00:00:00.000,18:05,40.730324,-74.00247,0,0,0,0,4073,-7400,0.2403846153846154
2021-06-10T00:00:00.000,0:36,40.839985,-73.877426,2,0,1,1,4083,-7387,0.38414634146341464
2021-06-11T00:00:00.000,13:08,40.853386,-73.85377,0,0,0,0,4085,-7385,0.3125
2021-06-08T00:00:00.000,15:50,40.86155,-73.92472,0,0,0,0,4086,-7392,0.359375
2021-06-05T00:00:00.000,18:00,40.77076,-73.92064,0,0,0,0,4077,-7392,0.3269230769230769
2021-06-11T00:00:00.000,9:50,40.709526,-73.768265,1,0,1,1,4070,-7376,0.43902439024390244
2021-06-09T00:00:00.000,23:50,40.666435,-73.83478,0,0,0,0,4066,-7383,0.5
2021-06-10T00:00:00.000,7:38,40.6796,-73.80349,0,0,0,0,4067,-7380,0.24615384615384617
2021-06-07T00:00:00.000,22:52,40.737778,-73.78925,0,0,0,0,4073,-7378,0.391304347826087
2021-05-29T00:00:00.000,4:31,40.843994,-73.89752,1,0,1,1,4084,-7389,0.33766233766233766
2021-06-10T00:00:00.000,14:41,40.687405,-73.84061,0,0,0,0,4068,-7384,0.3333333333333333
2021-06-08T00:00:00.000,12:27,40.727688,-73.9993,1,0,1,1,4072,-7399,0.3829787234042553
2021-06-11T00:00:00.000,17:53,40.754974,-73.89095,3,0,1,1,4075,-7389,0.4805194805194805
2021-12-10T00:00:00.000,14:30,40.876633,-73.86412,1,0,1,1,4087,-7386,0.3142857142857143
2021-06-06T00:00:00.000,6:16,40.824223,-73.89281,1,0,1,1,4082,-7389,0.37423312883435583
2021-06-11T00:00:00.000,21:13,40.62127,-73.986,0,0,0,0,4062,-7398,0.38
2021-06-11T00:00:00.000,23:58,40.73392,-73.9928,1,0,1,1,4073,-7399,0.423728813559322
2021-06-11T00:00:00.000,9:55,40.7453,-73.986855,0,0,0,0,4074,-7398,0.40131578947368424
2021-06-05T00:00:00.000,21:20,40.66049,-73.962814,2,0,1,1,4066,-7396,0.4074074074074074
2021-06-04T00:00:00.000,18:35,40.891064,-73.90828,0,0,0,0,4089,-7390,0.0
2021-06-09T00:00:00.000,19:00,40.667076,-73.78266,2,0,1,1,4066,-7378,0.34615384615384615
2021-06-11T00:00:00.000,22:58,40.68713,-73.96562,1,0,1,1,4068,-7396,0.42567567567567566
2021-06-08T00:00:00.000,17:00,40.866474,-73.932175,3,0,1,1,4086,-7393,0.3333333333333333
2021-06-10T00:00:00.000,22:35,40.717014,-73.82971,0,0,0,0,4071,-7382,0.379746835443038
2021-06-08T00:00:00.000,0:50,40.659775,-73.929306,0,0,0,0,4065,-7392,0.35555555555555557
2021-12-09T00:00:00.000,8:15,40.665207,-73.89315,0,0,0,0,4066,-7389,0.3103448275862069
2021-06-10T00:00:00.000,11:30,40.742405,-73.75348,1,0,1,1,4074,-7375,0.16666666666666666
2021-06-10T00:00:00.000,13:30,40.700733,-73.98974,0,0,0,0,4070,-7398,0.21568627450980393
2021-06-10T00:00:00.000,19:00,40.72247,-73.987144,1,0,1,1,4072,-7398,0.4342105263157895
2021-06-03T00:00:00.000,17:45,40.816532,-73.92822,0,0,0,0,4081,-7392,0.4714285714285714
2021-05-31T00:00:00.000,21:48,40.877068,-73.906105,0,0,0,0,4087,-7390,0.3184713375796178
2021-06-06T00:00:00.000,19:40,40.715496,-73.781685,0,0,0,0,4071,-7378,0.32653061224489793
2021-06-09T00:00:00.000,14:50,40.83018,-73.83265,0,0,0,0,4083,-7383,0.36363636363636365
2021-06-05T00:00:00.000,19:12,40.683582,-73.953964,0,0,0,0,4068,-7395,0.38571428571428573
2021-06-10T00:00:00.000,11:00,40.67224,-73.80516,0,0,0,0,4067,-7380,0.24615384615384617
2021-06-11T00:00:00.000,22:55,40.605274,-73.75516,0,0,0,0,4060,-7375,0.17117117117117117
2021-06-06T00:00:00.000,21:55,40.69642,-73.95978,0,0,0,0,4069,-7395,0.30952380952380953
2021-06-09T00:00:00.000,23:00,40.74948,-73.85761,0,0,0,0,4074,-7385,0.35526315789473684
2021-06-10T00:00:00.000,5:33,40.799248,-73.93515,0,0,0,0,4079,-7393,0.36585365853658536
2021-06-04T00:00:00.000,0:00,40.886623,-73.910446,0,0,0,0,4088,-7391,0.23076923076923078
2021-06-10T00:00:00.000,17:30,40.767834,-73.95817,0,0,0,0,4076,-7395,0.3696969696969697
2021-06-10T00:00:00.000,14:54,40.66223,-73.92274,0,0,0,0,4066,-7392,0.355
2021-06-10T00:00:00.000,9:35,40.671585,-73.99843,0,0,0,0,4067,-7399,0.3258426966292135
2021-06-09T00:00:00.000,2:30,40.661522,-74.00008,0,0,0,0,4066,-7400,0.14285714285714285
2021-06-10T00:00:00.000,9:00,40.70091,-73.926094,0,0,0,0,4070,-7392,0.24305555555555555
2021-06-11T00:00:00.000,7:25,40.82699,-73.909294,0,0,0,0,4082,-7390,0.3025210084033613
2021-06-09T00:00:00.000,16:59,40.755806,-73.797066,1,0,1,1,4075,-7379,0.38461538461538464
2021-06-11T00:00:00.000,12:15,40.74709,-73.76325,0,0,0,0,4074,-7376,0.3333333333333333
2021-06-09T00:00:00.000,18:00,40.739132,-73.98178,0,0,0,0,4073,-7398,0.36942675159235666
2021-06-09T00:00:00.000,16:00,40.61196,-73.96816,1,0,1,1,4061,-7396,0.30666666666666664
2021-06-09T00:00:00.000,22:00,40.8375,-73.880684,0,0,0,0,4083,-7388,0.26717557251908397
2021-06-09T00:00:00.000,18:38,40.859875,-73.89323,1,0,1,1,4085,-7389,0.3353658536585366
2021-06-10T00:00:00.000,20:20,40.82751,-73.92495,1,0,1,1,4082,-7392,0.3333333333333333
2021-06-10T00:00:00.000,17:47,40.66381,-73.91117,3,0,1,1,4066,-7391,0.3630952380952381
2021-06-11T00:00:00.000,15:25,40.76465,-73.823494,0,0,0,0,4076,-7382,0.2987012987012987
2021-06-10T00:00:00.000,12:24,40.75713,-73.97825,0,0,0,0,4075,-7397,0.375886524822695
2021-06-09T00:00:00.000,15:39,40.867733,-73.85861,1,0,1,1,4086,-7385,0.5
2021-06-08T00:00:00.000,2:28,40.768616,-73.92508,0,0,0,0,4076,-7392,0.42105263157894735
2021-06-09T00:00:00.000,15:14,40.780693,-73.9466,0,0,0,0,4078,-7394,0.33513513513513515
2021-06-10T00:00:00.000,14:33,40.79507,-73.93919,1,0,1,1,4079,-7393,0.36585365853658536
2021-06-11T00:00:00.000,6:00,40.6808,-73.96289,0,0,0,0,4068,-7396,0.42567567567567566
2021-06-10T00:00:00.000,10:00,40.66677,-73.98831,1,0,1,1,4066,-7398,0.421875
2021-06-10T00:00:00.000,11:15,40.743416,-73.95387,0,0,0,0,4074,-7395,0.35185185185185186
2021-12-30T00:00:00.000,10:52,40.622295,-74.02186,0,0,0,0,4062,-7402,0.3625
2021-12-09T00:00:00.000,14:50,40.637196,-74.14953,1,0,1,1,4063,-7414,0.5769230769230769
2021-06-10T00:00:00.000,8:46,40.82193,-73.88844,2,0,1,1,4082,-7388,0.27624309392265195
2021-06-09T00:00:00.000,17:20,40.83968,-73.929276,0,0,0,0,4083,-7392,0.310126582278481
2021-06-10T00:00:00.000,13:56,40.64592,-74.02384,0,0,0,0,4064,-7402,0.41379310344827586
2021-06-11T00:00:00.000,7:30,40.657608,-73.94232,1,0,1,1,4065,-7394,0.43137254901960786
2021-06-09T00:00:00.000,6:00,40.844715,-73.91228,0,0,0,0,4084,-7391,0.32558139534883723
2021-06-10T00:00:00.000,9:20,40.674236,-73.93209,0,0,0,0,4067,-7393,0.3755868544600939
2021-06-09T00:00:00.000,23:15,40.599766,-73.99483,0,0,0,0,4059,-7399,0.3076923076923077
2021-06-10T00:00:00.000,9:35,40.799984,-73.94275,1,0,1,1,4079,-7394,0.3523809523809524
2021-06-10T00:00:00.000,17:20,40.585556,-73.95167,0,0,0,0,4058,-7395,0.3465346534653465
2021-06-11T00:00:00.000,17:30,40.855362,-73.89878,0,0,0,0,4085,-7389,0.3353658536585366
2021-06-11T00:00:00.000,8:39,40.701862,-73.88178,0,0,0,0,4070,-7388,0.3448275862068966
2021-06-11T00:00:00.000,13:29,40.815826,-73.947044,1,0,1,1,4081,-7394,0.38
2021-10-07T00:00:00.000,22:28,40.886658,-73.84765,0,0,0,0,4088,-7384,0.4153846153846154
2021-05-30T00:00:00.000,8:15,40.668648,-73.92835,0,0,0,0,4066,-7392,0.355
2021-06-07T00:00:00.000,15:00,40.879845,-73.855156,0,0,0,0,4087,-7385,0.37681159420289856
2021-10-07T00:00:00.000,9:00,40.68049,-73.89252,0,0,0,0,4068,-7389,0.5
2021-06-11T00:00:00.000,3:00,40.816864,-73.882744,0,0,0,0,4081,-7388,0.25471698113207547
2021-06-09T00:00:00.000,19:00,40.73675,-73.87767,0,0,0,0,4073,-7387,0.3140495867768595
2021-06-06T00:00:00.000,17:55,40.874157,-73.899445,1,0,1,1,4087,-7389,0.3333333333333333
2021-06-06T00:00:00.000,9:00,40.715984,-73.779396,0,0,0,0,4071,-7377,0.20967741935483872
2021-06-11T00:00:00.000,17:55,40.595146,-73.96356,1,0,1,1,4059,-7396,0.38596491228070173
2021-06-11T00:00:00.000,0:45,40.66077,-73.91975,1,0,1,1,4066,-7391,0.3630952380952381
2021-06-10T00:00:00.000,18:25,40.872414,-73.839966,1,0,1,1,4087,-7383,0.3333333333333333
2021-06-09T00:00:00.000,23:55,40.822933,-73.93813,0,0,0,0,4082,-7393,0.36645962732919257
2021-06-11T00:00:00.000,17:47,40.68936,-73.7962,0,0,0,0,4068,-7379,0.35
2021-05-28T00:00:00.000,8:06,40.87618,-73.90943,0,0,0,0,4087,-7390,0.3184713375796178
2021-06-10T00:00:00.000,20:16,40.575565,-73.98121,0,0,0,0,4057,-7398,0.36904761904761907
2021-06-10T00:00:00.000,21:18,40.82851,-73.88012,1,0,1,1,4082,-7388,0.27624309392265195
2021-06-11T00:00:00.000,8:00,40.755028,-73.872696,1,0,1,1,4075,-7387,0.33884297520661155
2021-06-09T00:00:00.000,12:10,40.7295,-73.953964,0,0,0,0,4072,-7395,0.22093023255813954
2021-06-11T00:00:00.000,10:38,40.608105,-73.75414,0,0,0,0,4060,-7375,0.17117117117117117
2021-06-10T00:00:00.000,6:18,40.6742,-73.99984,0,0,0,0,4067,-7399,0.3258426966292135
2021-06-08T00:00:00.000,17:35,40.794178,-73.94487,0,0,0,0,4079,-7394,0.3523809523809524
2021-06-11T00:00:00.000,11:33,40.680523,-73.7633,1,0,1,1,4068,-7376,0.35714285714285715
2021-06-08T00:00:00.000,15:55,40.86967,-73.86527,1,0,1,1,4086,-7386,0.4642857142857143
2021-06-07T00:00:00.000,6:00,40.699608,-73.81424,0,0,0,0,4069,-7381,0.3902439024390244
2021-05-28T00:00:00.000,21:30,40.70718,-73.92107,1,0,1,1,4070,-7392,0.24305555555555555
2021-10-07T00:00:00.000,17:07,40.71401,-73.85965,0,0,0,0,4071,-7385,0.4418604651162791
2021-06-10T00:00:00.000,21:40,40.762676,-73.954346,0,0,0,0,4076,-7395,0.3696969696969697
2021-06-08T00:00:00.000,11:28,40.70264,-73.894356,1,0,1,1,4070,-7389,0.2711864406779661
2021-06-06T00:00:00.000,21:00,40.73883,-73.983154,0,0,0,0,4073,-7398,0.36942675159235666
2021-06-09T00:00:00.000,16:35,40.75067,-73.863106,1,0,1,1,4075,-7386,0.33653846153846156
2021-06-07T00:00:00.000,14:30,40.734135,-73.9583,1,0,1,1,4073,-7395,0.30434782608695654
2021-06-11T00:00:00.000,19:32,40.73736,-73.934074,0,0,0,0,4073,-7393,0.38461538461538464
2021-06-09T00:00:00.000,8:40,40.579197,-73.98195,1,0,1,1,4057,-7398,0.36904761904761907
2021-06-09T00:00:00.000,20:45,40.83369,-73.91386,0,0,0,0,4083,-7391,0.33714285714285713
2021-06-11T00:00:00.000,14:20,40.711166,-73.9489,1,0,1,1,4071,-7394,0.3710691823899371
2021-06-08T00:00:00.000,23:10,40.789635,-73.94609,0,0,0,0,4078,-7394,0.33513513513513515
2021-06-09T00:00:00.000,15:10,40.670124,-73.95528,0,0,0,0,4067,-7395,0.3695652173913043
2021-06-11T00:00:00.000,11:30,40.83142,-73.92644,0,0,0,0,4083,-7392,0.310126582278481
2021-06-10T00:00:00.000,7:25,40.826183,-73.90975,0,0,0,0,4082,-7390,0.3025210084033613
2021-06-10T00:00:00.000,16:22,40.663643,-73.89084,2,0,1,1,4066,-7389,0.3103448275862069
2021-06-04T00:00:00.000,22:29,40.827938,-73.91438,0,0,0,0,4082,-7391,0.3355263157894737
2021-06-09T00:00:00.000,11:00,40.669094,-73.89711,0,0,0,0,4066,-7389,0.3103448275862069
2021-06-09T00:00:00.000,11:00,40.60635,-73.97552,0,0,0,0,4060,-7397,0.3469387755102041
2021-06-10T00:00:00.000,15:20,40.79799,-73.96199,0,0,0,0,4079,-7396,0.25
2021-06-09T00:00:00.000,11:03,40.651806,-73.83806,0,0,0,0,4065,-7383,0.38095238095238093
2021-06-10T00:00:00.000,16:00,40.738438,-73.89988,2,0,1,1,4073,-7389,0.2857142857142857
2021-06-08T00:00:00.000,22:00,40.830914,-73.92047,3,0,1,1,4083,-7392,0.310126582278481
2021-06-09T00:00:00.000,0:15,40.631454,-73.893364,1,0,1,1,4063,-7389,0.41818181818181815
2021-06-11T00:00:00.000,14:45,40.683235,-73.86108,1,0,1,1,4068,-7386,0.423728813559322
2021-06-10T00:00:00.000,14:23,40.67505,-73.95639,0,0,0,0,4067,-7395,0.3695652173913043
2021-06-09T00:00:00.000,6:50,40.5088,-74.24776,0,0,0,0,4050,-7424,0.1
2021-06-07T00:00:00.000,15:45,40.868282,-73.90107,0,0,0,0,4086,-7390,0.42748091603053434
2021-06-09T00:00:00.000,23:45,40.761097,-73.9969,0,0,0,0,4076,-7399,0.3275862068965517
2021-06-09T00:00:00.000,11:00,40.75478,-73.97994,0,0,0,0,4075,-7397,0.375886524822695
2021-06-09T00:00:00.000,11:45,40.841774,-73.8722,1,0,1,1,4084,-7387,0.48333333333333334
2020-06-11T00:00:00.000,2:30,40.67743,-73.87591,0,0,0,0,4067,-7387,0.30344827586206896
2021-06-09T00:00:00.000,15:50,40.674183,-73.92208,1,0,1,1,4067,-7392,0.39655172413793105
2021-06-09T00:00:00.000,0:55,40.691704,-73.94849,1,0,1,1,4069,-7394,0.417910447761194
2021-06-10T00:00:00.000,16:34,40.597168,-73.97149,1,0,1,1,4059,-7397,0.3191489361702128
2021-06-06T00:00:00.000,16:15,40.69864,-73.93819,0,0,0,0,4069,-7393,0.3141025641025641
2021-06-10T00:00:00.000,20:27,40.784534,-73.9736,1,0,1,1,4078,-7397,0.3434343434343434
2021-06-11T00:00:00.000,15:30,40.773335,-73.95506,0,0,0,0,4077,-7395,0.3384615384615385
2021-06-11T00:00:00.000,9:15,40.825935,-73.85913,0,0,0,0,4082,-7385,0.27
2021-06-11T00:00:00.000,21:24,40.88279,-73.869644,0,0,0,0,4088,-7386,0.23809523809523808
2021-06-07T00:00:00.000,14:10,40.7635,-73.86313,1,0,1,1,4076,-7386,0.40298507462686567
2021-06-10T00:00:00.000,12:42,40.629795,-73.99553,0,0,0,0,4062,-7399,0.3835616438356164
2021-06-11T00:00:00.000,21:03,40.795586,-73.950165,0,0,0,0,4079,-7395,0.42
2021-06-09T00:00:00.000,17:00,40.729794,-74.002144,1,0,1,1,4072,-7400,0.32926829268292684
2021-06-09T00:00:00.000,8:00,40.900265,-73.841484,2,0,1,1,4090,-7384,0.28205128205128205
2021-10-07T00:00:00.000,14:30,40.654457,-73.960785,0,0,0,0,4065,-7396,0.3939393939393939
2021-06-11T00:00:00.000,18:20,40.87686,-73.87232,0,0,0,0,4087,-7387,0.297029702970297
2021-06-10T00:00:00.000,17:01,40.84009,-73.88036,0,0,0,0,4084,-7388,0.390625
2021-05-18T00:00:00.000,18:17,40.58425,-73.9638,0,0,0,0,4058,-7396,0.37333333333333335
2021-06-11T00:00:00.000,21:25,40.650402,-73.89422,0,0,0,0,4065,-7389,0.34965034965034963
2021-06-11T00:00:00.000,15:51,40.7548,-73.89268,0,0,0,0,4075,-7389,0.4805194805194805
2021-06-10T00:00:00.000,10:45,40.831852,-73.86221,0,0,0,0,4083,-7386,0.24822695035460993
2021-06-07T00:00:00.000,8:00,40.68148,-73.95736,0,0,0,0,4068,-7395,0.38571428571428573
2021-06-10T00:00:00.000,21:21,40.794758,-73.94235,0,0,0,0,4079,-7394,0.3523809523809524
2021-10-06T00:00:00.000,17:38,40.843822,-73.91038,1,0,1,1,4084,-7391,0.32558139534883723
2021-06-09T00:00:00.000,8:45,40.633274,-74.09198,0,0,0,0,4063,-7409,0.15384615384615385
2021-06-11T00:00:00.000,17:15,40.781685,-73.845024,1,0,1,1,4078,-7384,0.23809523809523808
2021-06-07T00:00:00.000,15:51,40.883766,-73.907814,1,0,1,1,4088,-7390,0.2702702702702703
2021-06-11T00:00:00.000,15:10,40.669655,-73.99253,1,0,1,1,4066,-7399,0.40540540540540543
2021-06-11T00:00:00.000,0:20,40.72277,-73.83625,1,0,1,1,4072,-7383,0.4909090909090909
2021-06-11T00:00:00.000,17:43,40.835873,-73.8699,0,0,0,0,4083,-7386,0.24822695035460993
2021-06-11T00:00:00.000,17:00,40.716812,-73.99777,2,0,1,1,4071,-7399,0.3263157894736842
2021-06-10T00:00:00.000,0:30,40.710247,-73.82125,0,0,0,0,4071,-7382,0.379746835443038
2021-06-09T00:00:00.000,14:00,40.59325,-74.11065,0,0,0,0,4059,-7411,0.0
2021-06-09T00:00:00.000,19:20,40.700672,-73.92164,0,0,0,0,4070,-7392,0.24305555555555555
2021-06-10T00:00:00.000,8:30,40.581264,-73.82484,0,0,0,0,4058,-7382,0.11764705882352941
2021-06-09T00:00:00.000,16:49,40.77812,-73.81743,0,0,0,0,4077,-7381,0.3157894736842105
2021-06-09T00:00:00.000,9:22,40.755642,-73.93274,1,0,1,1,4075,-7393,0.43478260869565216
2021-06-09T00:00:00.000,10:14,40.857365,-73.84657,0,0,0,0,4085,-7384,0.32432432432432434
2021-06-11T00:00:00.000,19:00,40.813652,-73.906975,0,0,0,0,4081,-7390,0.3888888888888889
2021-06-10T00:00:00.000,12:05,40.682804,-73.96367,2,0,1,1,4068,-7396,0.42567567567567566
2021-06-09T00:00:00.000,15:52,40.745007,-73.91928,0,0,0,0,4074,-7391,0.38333333333333336
2021-06-09T00:00:00.000,18:10,40.693584,-73.98197,1,0,1,1,4069,-7398,0.3229166666666667
2021-06-09T00:00:00.000,16:45,40.858707,-73.9037,0,0,0,0,4085,-7390,0.42207792207792205
2021-06-11T00:00:00.000,14:00,40.729015,-73.900246,1,0,1,1,4072,-7390,0.2978723404255319
2021-06-09T00:00:00.000,23:50,40.738064,-73.83657,0,0,0,0,4073,-7383,0.36363636363636365
2021-06-09T00:00:00.000,7:59,40.8317,-73.85275,0,0,0,0,4083,-7385,0.30158730158730157
2021-06-11T00:00:00.000,16:00,40.74242,-73.826546,1,0,1,1,4074,-7382,0.4057971014492754
2021-06-10T00:00:00.000,6:38,40.69169,-73.90585,0,0,0,0,4069,-7390,0.29591836734693877
2021-06-05T00:00:00.000,18:30,40.70606,-73.87593,1,0,1,1,4070,-7387,0.24324324324324326
2021-06-10T00:00:00.000,14:25,40.84258,-73.916,0,0,0,0,4084,-7391,0.32558139534883723
2021-05-22T00:00:00.000,11:05,40.788994,-73.94656,0,0,0,0,4078,-7394,0.33513513513513515
2021-10-06T00:00:00.000,9:56,40.898563,-73.85866,1,0,1,1,4089,-7385,0.3813559322033898
2021-06-09T00:00:00.000,18:30,40.581875,-74.155945,0,0,0,0,4058,-7415,0.42857142857142855
2021-05-31T00:00:00.000,17:00,40.69012,-73.92318,0,0,0,0,4069,-7392,0.3584905660377358
2021-06-10T00:00:00.000,7:45,40.662888,-73.924965,0,0,0,0,4066,-7392,0.355
2021-06-09T00:00:00.000,12:04,40.605312,-73.98493,3,0,1,1,4060,-7398,0.2711864406779661
2021-06-11T00:00:00.000,11:48,40.76165,-73.82715,0,0,0,0,4076,-7382,0.2987012987012987
2021-06-11T00:00:00.000,9:00,40.81095,-73.95301,0,0,0,0,4081,-7395,0.3509933774834437
2021-06-09T00:00:00.000,17:00,40.691914,-73.88363,0,0,0,0,4069,-7388,0.4375
2021-06-09T00:00:00.000,6:25,40.85391,-73.88364,0,0,0,0,4085,-7388,0.3
2021-05-31T00:00:00.000,18:40,40.694912,-73.90388,0,0,0,0,4069,-7390,0.29591836734693877
2021-06-09T00:00:00.000,11:30,40.63781,-74.08729,0,0,0,0,4063,-7408,0.2653061224489796
2021-06-09T00:00:00.000,11:18,40.749783,-73.80289,1,0,1,1,4074,-7380,0.35294117647058826
2021-06-02T00:00:00.000,19:42,40.58196,-73.959946,1,0,1,1,4058,-7395,0.3465346534653465
2021-10-08T00:00:00.000,7:20,40.651234,-73.91804,0,0,0,0,4065,-7391,0.425
2021-06-11T00:00:00.000,17:36,40.817146,-73.92181,1,0,1,1,4081,-7392,0.4714285714285714
2021-06-10T00:00:00.000,17:20,40.86598,-73.91954,0,0,0,0,4086,-7391,0.38016528925619836
2021-05-14T00:00:00.000,5:19,40.71762,-74.00028,0,0,0,0,4071,-7400,0.25517241379310346
2021-05-28T00:00:00.000,10:00,40.886375,-73.91399,0,0,0,0,4088,-7391,0.23076923076923078
2021-06-10T00:00:00.000,16:00,40.614197,-74.03603,0,0,0,0,4061,-7403,0.2777777777777778
2021-05-27T00:00:00.000,17:09,40.792187,-73.9382,1,0,1,1,4079,-7393,0.36585365853658536
2021-06-10T00:00:00.000,16:45,40.72032,-73.99404,0,0,0,0,4072,-7399,0.3829787234042553
2021-05-27T00:00:00.000,15:00,40.61593,-74.087425,0,0,0,0,4061,-7408,0.30612244897959184
2021-06-09T00:00:00.000,16:00,40.736572,-73.907715,1,0,1,1,4073,-7390,0.42424242424242425
2021-06-09T00:00:00.000,15:34,40.635033,-74.00879,0,0,0,0,4063,-7400,0.3068181818181818
2021-06-10T00:00:00.000,5:35,40.711212,-73.96339,0,0,0,0,4071,-7396,0.3218390804597701
2021-06-10T00:00:00.000,12:06,40.696983,-73.935234,1,0,1,1,4069,-7393,0.3141025641025641
2021-06-11T00:00:00.000,8:15,40.606346,-73.95273,1,0,1,1,4060,-7395,0.4791666666666667
2021-06-10T00:00:00.000,15:36,40.660072,-73.93974,0,0,0,0,4066,-7393,0.38578680203045684
2021-06-09T00:00:00.000,9:35,40.637188,-74.11581,0,0,0,0,4063,-7411,0.20689655172413793
2021-06-11T00:00:00.000,16:50,40.828068,-73.87298,0,0,0,0,4082,-7387,0.33544303797468356
2021-06-01T00:00:00.000,12:12,40.677845,-73.95282,1,0,1,1,4067,-7395,0.3695652173913043
2021-06-09T00:00:00.000,22:20,40.66306,-73.93924,0,0,0,0,4066,-7393,0.38578680203045684
2021-06-10T00:00:00.000,20:00,40.82487,-73.853935,0,0,0,0,4082,-7385,0.27
2021-06-09T00:00:00.000,11:20,40.801918,-73.94344,1,0,1,1,4080,-7394,0.41116751269035534
2021-06-11T00:00:00.000,19:35,40.668797,-73.93113,1,0,1,1,4066,-7393,0.38578680203045684
2021-06-11T00:00:00.000,1:00,40.671627,-73.93364,0,0,0,0,4067,-7393,0.3755868544600939
2021-06-10T00:00:00.000,7:37,40.828957,-73.842064,1,0,1,1,4082,-7384,0.3835616438356164
2021-06-02T00:00:00.000,23:30,40.794178,-73.94487,1,0,1,1,4079,-7394,0.3523809523809524
2021-06-11T00:00:00.000,1:00,40.76173,-73.79178,0,0,0,0,4076,-7379,0.2631578947368421
2021-06-09T00:00:00.000,17:15,40.83163,-73.92252,0,0,0,0,4083,-7392,0.310126582278481
2021-06-07T00:00:00.000,14:13,40.676132,-73.921906,1,0,1,1,4067,-7392,0.39655172413793105
2021-06-09T00:00:00.000,11:00,40.692196,-73.92488,0,0,0,0,4069,-7392,0.3584905660377358
2021-06-11T00:00:00.000,20:14,40.678364,-73.77949,1,0,1,1,4067,-7377,0.32608695652173914
2021-06-10T00:00:00.000,11:00,40.674652,-73.87712,0,0,0,0,4067,-7387,0.30344827586206896
2021-06-11T00:00:00.000,18:40,40.771782,-73.96333,0,0,0,0,4077,-7396,0.3695652173913043
2021-06-09T00:00:00.000,20:45,40.688553,-73.962845,0,0,0,0,4068,-7396,0.42567567567567566
2021-06-11T00:00:00.000,22:40,40.755222,-73.96135,1,0,1,1,4075,-7396,0.4788732394366197
2021-05-30T00:00:00.000,13:51,40.691517,-73.838905,1,0,1,1,4069,-7383,0.35555555555555557
2021-06-11T00:00:00.000,5:53,40.680504,-73.90629,2,0,1,1,4068,-7390,0.4421052631578947
2021-06-08T00:00:00.000,14:30,40.71992,-73.99106,0,0,0,0,4071,-7399,0.3263157894736842
2021-06-10T00:00:00.000,10:00,40.591175,-73.79798,0,0,0,0,4059,-7379,0.2692307692307692
2021-06-09T00:00:00.000,17:26,40.678238,-73.94415,0,0,0,0,4067,-7394,0.34074074074074073
2021-06-08T00:00:00.000,10:20,40.75348,-73.980896,1,0,1,1,4075,-7398,0.3170731707317073
2021-06-09T00:00:00.000,20:44,40.816765,-73.848595,2,0,1,1,4081,-7384,0.3333333333333333
2021-06-08T00:00:00.000,19:20,40.688305,-73.75607,1,0,1,1,4068,-7375,0.3877551020408163
2021-10-07T00:00:00.000,20:30,40.745728,-73.86213,1,0,1,1,4074,-7386,0.3813559322033898
2021-06-05T00:00:00.000,16:00,40.752644,-74.00428,1,0,1,1,4075,-7400,0.3888888888888889
2021-06-04T00:00:00.000,17:30,40.894066,-73.8384,0,0,0,0,4089,-7383,0.0
2021-06-09T00:00:00.000,2:15,40.651398,-73.75888,1,0,1,1,4065,-7375,0.4166666666666667
2021-06-11T00:00:00.000,12:14,40.83283,-73.91129,0,0,0,0,4083,-7391,0.33714285714285713
2021-06-11T00:00:00.000,8:00,40.65035,-73.92633,0,0,0,0,4065,-7392,0.35555555555555557
2020-06-06T00:00:00.000,21:30,40.824898,-73.927635,1,0,1,1,4082,-7392,0.3333333333333333
2021-06-09T00:00:00.000,13:30,40.690285,-73.95433,0,0,0,0,4069,-7395,0.30952380952380953
2021-06-10T00:00:00.000,22:40,40.681297,-73.93472,1,0,1,1,4068,-7393,0.3619047619047619
2021-06-11T00:00:00.000,16:15,40.667477,-73.95623,1,0,1,1,4066,-7395,0.44375
2021-06-09T00:00:00.000,12:37,40.788418,-73.97077,1,0,1,1,4078,-7397,0.3434343434343434
2021-06-04T00:00:00.000,16:00,40.73876,-74.00973,1,0,1,1,4073,-7400,0.2403846153846154
2021-06-09T00:00:00.000,13:00,40.763893,-73.96908,0,0,0,0,4076,-7396,0.3023255813953488
2021-06-08T00:00:00.000,20:30,40.707375,-73.80969,0,0,0,0,4070,-7380,0.3877551020408163
2021-06-09T00:00:00.000,21:31,40.84619,-73.93846,1,0,1,1,4084,-7393,0.32786885245901637
2021-06-10T00:00:00.000,13:45,40.675808,-73.913765,0,0,0,0,4067,-7391,0.36597938144329895
2021-06-08T00:00:00.000,14:13,40.74947,-73.85056,0,0,0,0,4074,-7385,0.35526315789473684
2021-06-11T00:00:00.000,11:00,40.791313,-73.83896,0,0,0,0,4079,-7383,0.5
2021-06-09T00:00:00.000,8:30,40.707,-73.9538,1,0,1,1,4070,-7395,0.3475177304964539
2021-06-10T00:00:00.000,16:46,40.780857,-73.958824,1,0,1,1,4078,-7395,0.42168674698795183
2021-06-10T00:00:00.000,13:58,40.854183,-73.82961,0,0,0,0,4085,-7382,0.45714285714285713
2021-06-11T00:00:00.000,21:02,40.767372,-73.950066,4,0,1,1,4076,-7395,0.3696969696969697
2021-06-11T00:00:00.000,8:45,40.836945,-73.94011,0,0,0,0,4083,-7394,0.38926174496644295
2021-06-10T00:00:00.000,9:30,40.796642,-73.96848,0,0,0,0,4079,-7396,0.25
2021-06-10T00:00:00.000,9:50,40.75663,-73.875145,0,0,0,0,4075,-7387,0.33884297520661155
2021-06-07T00:00:00.000,16:15,40.713333,-73.91305,0,0,0,0,4071,-7391,0.1836734693877551
2021-06-09T00:00:00.000,19:15,40.71074,-73.94548,1,0,1,1,4071,-7394,0.3710691823899371
2021-06-09T00:00:00.000,0:10,40.733536,-73.87035,1,0,1,1,4073,-7387,0.3140495867768595
2021-06-10T00:00:00.000,17:23,40.586845,-74.08662,0,0,0,0,4058,-7408,0.1111111111111111
2021-06-11T00:00:00.000,13:45,40.705513,-73.80153,0,0,0,0,4070,-7380,0.3877551020408163
2021-06-10T00:00:00.000,11:00,40.679523,-73.81077,1,0,1,1,4067,-7381,0.4230769230769231
2021-06-10T00:00:00.000,14:38,40.77279,-73.837135,0,0,0,0,4077,-7383,0.25
2021-06-09T00:00:00.000,8:25,40.86769,-73.92122,0,0,0,0,4086,-7392,0.359375
2021-06-09T00:00:00.000,3:10,40.676632,-73.7555,0,0,0,0,4067,-7375,0.2608695652173913
2021-06-11T00:00:00.000,14:40,40.608753,-73.76875,0,0,0,0,4060,-7376,0.19230769230769232
2021-06-09T00:00:00.000,22:57,40.587784,-73.93513,1,0,1,1,4058,-7393,0.24324324324324326
2021-06-09T00:00:00.000,13:07,40.81594,-73.887276,0,0,0,0,4081,-7388,0.25471698113207547
2021-07-11T00:00:00.000,21:30,40.703342,-73.80021,0,0,0,0,4070,-7380,0.3877551020408163
2021-06-11T00:00:00.000,9:15,40.646328,-73.91276,1,0,1,1,4064,-7391,0.39805825242718446
2021-06-09T00:00:00.000,13:35,40.655495,-73.948975,1,0,1,1,4065,-7394,0.43137254901960786
2021-06-10T00:00:00.000,15:10,40.67753,-73.73085,0,0,0,0,4067,-7373,0.46835443037974683
2021-06-09T00:00:00.000,8:00,40.855408,-73.89176,0,0,0,0,4085,-7389,0.3353658536585366
2021-06-11T00:00:00.000,18:26,40.754303,-73.89736,1,0,1,1,4075,-7389,0.4805194805194805
2021-06-11T00:00:00.000,23:45,40.740273,-73.89586,0,0,0,0,4074,-7389,0.3203125
2021-06-10T00:00:00.000,21:13,40.75409,-73.976395,0,0,0,0,4075,-7397,0.375886524822695
2021-05-28T00:00:00.000,0:20,40.70145,-73.989624,0,0,0,0,4070,-7398,0.21568627450980393
2021-06-08T00:00:00.000,18:42,40.640068,-73.986885,1,0,1,1,4064,-7398,0.40425531914893614
2021-06-07T00:00:00.000,8:49,40.883106,-73.88097,0,0,0,0,4088,-7388,0.42857142857142855
2021-06-11T00:00:00.000,16:15,40.67853,-73.821236,1,0,1,1,4067,-7382,0.4186046511627907
2021-06-09T00:00:00.000,11:50,40.675735,-73.89686,0,0,0,0,4067,-7389,0.33852140077821014
2021-06-09T00:00:00.000,12:15,40.778774,-73.91445,0,0,0,0,4077,-7391,0.3157894736842105
2021-06-11T00:00:00.000,12:02,40.788475,-73.96702,1,0,1,1,4078,-7396,0.28125
2021-06-10T00:00:00.000,15:13,40.875088,-73.912415,0,0,0,0,4087,-7391,0.25925925925925924
2021-06-06T00:00:00.000,2:30,40.885952,-73.8279,2,0,1,1,4088,-7382,0.2765957446808511
2021-06-11T00:00:00.000,15:40,40.7517,-73.986404,1,0,1,1,4075,-7398,0.3170731707317073
2021-06-09T00:00:00.000,18:15,40.68574,-73.82774,0,0,0,0,4068,-7382,0.41975308641975306
2021-06-06T00:00:00.000,8:22,40.875183,-73.90232,0,0,0,0,4087,-7390,0.3184713375796178
2021-06-10T00:00:00.000,12:50,40.671932,-73.85165,1,0,1,1,4067,-7385,0.26666666666666666
2021-06-04T00:00:00.000,2:00,40.875885,-73.904144,0,0,0,0,4087,-7390,0.3184713375796178
2021-06-09T00:00:00.000,15:27,40.826797,-73.89132,0,0,0,0,4082,-7389,0.37423312883435583
2021-06-06T00:00:00.000,11:30,40.758392,-73.781456,0,0,0,0,4075,-7378,0.18518518518518517
2021-06-10T00:00:00.000,9:15,40.81048,-73.94012,0,0,0,0,4081,-7394,0.38
2023-01-07T00:00:00.000,22:15,40.8444,-73.90159,0,0,0,0,4084,-7390,0.366120218579235
2021-06-07T00:00:00.000,18:59,40.878098,-73.905396,0,0,0,0,4087,-7390,0.3184713375796178
2021-06-10T00:00:00.000,3:23,40.703922,-73.94438,1,0,1,1,4070,-7394,0.3956043956043956
2021-05-16T00:00:00.000,1:40,40.75332,-73.9636,1,0,1,1,4075,-7396,0.4788732394366197
2021-06-05T00:00:00.000,2:35,40.755634,-73.93594,0,0,0,0,4075,-7393,0.43478260869565216
2021-06-10T00:00:00.000,18:10,40.736774,-73.80475,0,0,0,0,4073,-7380,0.34285714285714286
2021-05-21T00:00:00.000,22:45,40.718555,-73.988205,0,0,0,0,4071,-7398,0.39568345323741005
2021-06-09T00:00:00.000,15:45,40.74953,-73.973564,0,0,0,0,4074,-7397,0.4810810810810811
2021-06-10T00:00:00.000,10:30,40.699955,-73.891396,0,0,0,0,4069,-7389,0.3709677419354839
2021-06-09T00:00:00.000,21:00,40.714752,-73.949486,1,0,1,1,4071,-7394,0.3710691823899371
2021-06-10T00:00:00.000,13:14,40.68701,-73.93058,0,0,0,0,4068,-7393,0.3619047619047619
2021-06-09T00:00:00.000,15:58,40.637043,-74.07621,1,0,1,1,4063,-7407,0.4444444444444444
2021-06-03T00:00:00.000,11:20,40.689445,-73.95513,0,0,0,0,4068,-7395,0.38571428571428573
2021-06-10T00:00:00.000,6:12,40.816616,-73.89414,0,1,2,1,4081,-7389,0.31543624161073824
2021-06-03T00:00:00.000,0:15,40.695004,-73.9525,0,0,0,0,4069,-7395,0.30952380952380953
2021-06-11T00:00:00.000,2:18,40.741512,-73.88292,0,0,0,0,4074,-7388,0.2978723404255319
2021-06-11T00:00:00.000,12:40,40.848877,-73.91615,0,0,0,0,4084,-7391,0.32558139534883723
2021-06-09T00:00:00.000,15:20,40.804066,-73.93267,0,0,0,0,4080,-7393,0.36312849162011174
2021-06-09T00:00:00.000,20:39,40.86769,-73.92122,0,0,0,0,4086,-7392,0.359375
2021-06-09T00:00:00.000,17:37,40.76023,-73.961525,1,0,1,1,4076,-7396,0.3023255813953488
2021-06-10T00:00:00.000,12:06,40.678364,-73.77949,1,0,1,1,4067,-7377,0.32608695652173914
2021-06-11T00:00:00.000,15:50,40.595642,-73.99676,0,0,0,0,4059,-7399,0.3076923076923077
2021-06-10T00:00:00.000,17:00,40.674324,-73.94173,0,0,0,0,4067,-7394,0.34074074074074073
2021-06-10T00:00:00.000,15:25,40.811596,-73.92285,1,0,1,1,4081,-7392,0.4714285714285714
2021-06-07T00:00:00.000,16:18,40.695705,-73.94637,0,0,0,0,4069,-7394,0.417910447761194
2020-06-08T00:00:00.000,20:43,40.84497,-73.90247,1,0,1,1,4084,-7390,0.366120218579235
2021-06-10T00:00:00.000,23:50,40.63781,-74.08729,0,0,0,0,4063,-7408,0.2653061224489796
2021-06-09T00:00:00.000,15:00,40.84277,-73.9102,0,0,0,0,4084,-7391,0.32558139534883723
2021-06-10T00:00:00.000,14:00,40.823135,-73.88225,0,0,0,0,4082,-7388,0.27624309392265195
2021-06-02T00:00:00.000,1:20,40.61377,-74.08655,0,0,0,0,4061,-7408,0.30612244897959184
2021-06-11T00:00:00.000,21:00,40.719048,-73.99648,1,0,1,1,4071,-7399,0.3263157894736842
2021-10-08T00:00:00.000,8:13,40.753635,-73.91893,1,0,1,1,4075,-7391,0.4777777777777778
2021-06-10T00:00:00.000,14:00,40.713226,-73.82343,0,0,0,0,4071,-7382,0.379746835443038
2021-06-10T00:00:00.000,14:50,40.617287,-73.97786,1,0,1,1,4061,-7397,0.421875
2021-06-10T00:00:00.000,21:14,40.65616,-73.76736,0,0,0,0,4065,-7376,0.35714285714285715
2021-06-10T00:00:00.000,20:22,40.76663,-73.89605,0,0,0,0,4076,-7389,0.35185185185185186
2021-06-11T00:00:00.000,12:30,40.66932,-73.91312,0,0,0,0,4066,-7391,0.3630952380952381
2021-06-11T00:00:00.000,23:15,40.695827,-73.98199,0,0,0,0,4069,-7398,0.3229166666666667
2021-06-09T00:00:00.000,17:00,40.735836,-73.88482,0,0,0,0,4073,-7388,0.2777777777777778
2021-06-10T00:00:00.000,2:00,40.75024,-73.998604,1,0,1,1,4075,-7399,0.2830188679245283
2021-06-06T00:00:00.000,4:52,40.877068,-73.906105,1,0,1,1,4087,-7390,0.3184713375796178
2021-06-10T00:00:00.000,19:43,40.829327,-73.84741,1,0,1,1,4082,-7384,0.3835616438356164
2021-06-04T00:00:00.000,22:50,40.65939,-73.92926,0,0,0,0,4065,-7392,0.35555555555555557
2021-06-09T00:00:00.000,6:20,40.707245,-73.94406,0,0,0,0,4070,-7394,0.3956043956043956
2021-06-09T00:00:00.000,12:15,40.65749,-73.893074,0,0,0,0,4065,-7389,0.34965034965034963
2021-06-10T00:00:00.000,1:00,40.63796,-74.13802,0,0,0,0,4063,-7413,0.2903225806451613
2021-06-10T00:00:00.000,15:30,40.6742,-73.99984,2,0,1,1,4067,-7399,0.3258426966292135
2021-06-10T00:00:00.000,18:06,40.6764,-73.741325,0,0,0,0,4067,-7374,0.2619047619047619
2021-06-10T00:00:00.000,12:34,40.798626,-73.93953,1,0,1,1,4079,-7393,0.36585365853658536
2021-06-09T00:00:00.000,6:05,40.755966,-73.93027,0,0,0,0,4075,-7393,0.43478260869565216
2021-06-10T00:00:00.000,13:35,40.676647,-73.91647,1,0,1,1,4067,-7391,0.36597938144329895
2021-06-07T00:00:00.000,19:00,40.765747,-73.931206,0,0,0,0,4076,-7393,0.44680851063829785
2021-06-10T00:00:00.000,17:55,40.67818,-73.870705,1,0,1,1,4067,-7387,0.30344827586206896
2021-06-11T00:00:00.000,10:48,40.710346,-73.76904,0,0,0,0,4071,-7376,0.37142857142857144
2021-06-09T00:00:00.000,15:00,40.700325,-73.78904,1,0,1,1,4070,-7378,0.34523809523809523
2021-06-09T00:00:00.000,16:00,40.812744,-73.937645,1,0,1,1,4081,-7393,0.32432432432432434
2021-06-09T00:00:00.000,17:16,40.699406,-73.95338,4,0,1,1,4069,-7395,0.30952380952380953
2021-05-14T00:00:00.000,16:55,40.692482,-73.9203,1,0,1,1,4069,-7392,0.3584905660377358
2021-06-09T00:00:00.000,15:29,40.677128,-73.94,0,0,0,0,4067,-7394,0.34074074074074073
2021-06-09T00:00:00.000,16:00,40.763794,-73.973785,0,0,0,0,4076,-7397,0.37
2021-06-10T00:00:00.000,8:40,40.703976,-73.92309,0,0,0,0,4070,-7392,0.24305555555555555
2021-06-10T00:00:00.000,11:35,40.625267,-74.01727,0,0,0,0,4062,-7401,0.3829787234042553
2021-06-11T00:00:00.000,23:15,40.8166,-73.942764,1,0,1,1,4081,-7394,0.38
2021-06-11T00:00:00.000,14:47,40.73204,-73.87034,1,0,1,1,4073,-7387,0.3140495867768595
2021-06-11T00:00:00.000,18:45,40.87161,-73.86137,3,0,1,1,4087,-7386,0.3142857142857143
2021-06-11T00:00:00.000,21:00,40.821163,-73.89691,0,0,0,0,4082,-7389,0.37423312883435583
2021-06-10T00:00:00.000,10:35,40.830936,-73.91241,0,0,0,0,4083,-7391,0.33714285714285713
2021-06-11T00:00:00.000,5:40,40.694042,-73.73665,0,0,0,0,4069,-7373,0.36585365853658536
2021-06-06T00:00:00.000,13:13,40.880295,-73.90384,0,0,0,0,4088,-7390,0.2702702702702703
2021-06-10T00:00:00.000,8:41,40.668266,-73.84214,1,0,1,1,4066,-7384,0.5925925925925926
2021-06-08T00:00:00.000,21:00,40.882328,-73.85369,0,0,0,0,4088,-7385,0.36619718309859156
2021-06-09T00:00:00.000,17:52,40.678543,-73.949684,3,0,1,1,4067,-7394,0.34074074074074073
2021-06-07T00:00:00.000,0:05,40.868282,-73.90107,1,0,1,1,4086,-7390,0.42748091603053434
2021-06-09T00:00:00.000,8:15,40.715183,-73.82325,0,0,0,0,4071,-7382,0.379746835443038
2021-06-11T00:00:00.000,23:14,40.79856,-73.96337,0,0,0,0,4079,-7396,0.25
2021-06-10T00:00:00.000,0:00,40.830154,-73.93964,0,0,0,0,4083,-7393,0.3333333333333333
2021-03-09T00:00:00.000,17:25,40.682,-73.96867,0,0,0,0,4068,-7396,0.42567567567567566
2021-06-08T00:00:00.000,10:00,40.68733,-73.98183,0,0,0,0,4068,-7398,0.3873239436619718
2021-06-09T00:00:00.000,18:30,40.699627,-73.923836,0,0,0,0,4069,-7392,0.3584905660377358
2021-06-11T00:00:00.000,12:47,40.60393,-73.75235,0,0,0,0,4060,-7375,0.17117117117117117
2021-06-09T00:00:00.000,18:04,40.844105,-73.898,0,0,0,0,4084,-7389,0.33766233766233766
2021-06-09T00:00:00.000,15:52,40.81616,-73.8944,0,0,0,0,4081,-7389,0.31543624161073824
2021-10-07T00:00:00.000,17:20,40.87739,-73.90924,0,0,0,0,4087,-7390,0.3184713375796178
2021-06-11T00:00:00.000,16:00,40.758533,-73.98885,0,0,0,0,4075,-7398,0.3170731707317073
2021-06-11T00:00:00.000,16:59,40.626568,-73.970924,1,0,1,1,4062,-7397,0.38666666666666666
2021-06-11T00:00:00.000,15:26,40.785362,-73.80544,0,0,0,0,4078,-7380,0.30434782608695654
2021-06-07T00:00:00.000,17:15,40.88438,-73.86586,0,0,0,0,4088,-7386,0.23809523809523808
2021-06-09T00:00:00.000,16:00,40.83543,-73.92341,0,0,0,0,4083,-7392,0.310126582278481
2021-06-09T00:00:00.000,9:00,40.643257,-73.95776,0,0,0,0,4064,-7395,0.4796747967479675
2021-06-10T00:00:00.000,7:10,40.757065,-73.83863,0,0,0,0,4075,-7383,0.37681159420289856
2021-06-11T00:00:00.000,11:45,40.753555,-73.996735,0,0,0,0,4075,-7399,0.2830188679245283
2021-06-11T00:00:00.000,4:25,40.793907,-73.84068,0,0,0,0,4079,-7384,0.125
2021-06-11T00:00:00.000,3:45,40.76501,-73.8871,1,0,1,1,4076,-7388,0.43283582089552236
2021-06-09T00:00:00.000,19:00,40.634003,-74.0984,0,0,0,0,4063,-7409,0.15384615384615385
2021-06-09T00:00:00.000,12:55,40.712856,-73.9049,0,0,0,0,4071,-7390,0.4
2021-05-07T00:00:00.000,8:10,40.715214,-73.992905,0,0,0,0,4071,-7399,0.3263157894736842
2021-06-10T00:00:00.000,20:35,40.584137,-73.96386,2,0,1,1,4058,-7396,0.37333333333333335
2021-06-09T00:00:00.000,16:00,40.709084,-74.01311,0,0,0,0,4070,-7401,0.140625
2021-06-09T00:00:00.000,7:00,40.70324,-73.92615,0,0,0,0,4070,-7392,0.24305555555555555
2021-06-10T00:00:00.000,21:40,40.763897,-73.95323,0,0,0,0,4076,-7395,0.3696969696969697
2021-06-10T00:00:00.000,20:50,40.660316,-73.913216,1,0,1,1,4066,-7391,0.3630952380952381
2021-06-09T00:00:00.000,15:50,40.625088,-74.00003,0,0,0,0,4062,-7400,0.3150684931506849
2021-06-08T00:00:00.000,22:00,40.890293,-73.86518,0,0,0,0,4089,-7386,0.28205128205128205
2021-06-11T00:00:00.000,19:20,40.683094,-73.80596,0,0,0,0,4068,-7380,0.3829787234042553
2021-06-11T00:00:00.000,10:25,40.71445,-73.9306,2,0,1,1,4071,-7393,0.2711864406779661
2021-06-01T00:00:00.000,19:06,40.87626,-73.90395,0,0,0,0,4087,-7390,0.3184713375796178
2021-06-09T00:00:00.000,21:50,40.865547,-73.92728,1,0,1,1,4086,-7392,0.359375
2021-06-11T00:00:00.000,22:20,40.69245,-73.811005,1,0,1,1,4069,-7381,0.3902439024390244
2021-06-09T00:00:00.000,15:25,40.736046,-73.92673,2,0,1,1,4073,-7392,0.4444444444444444
2021-05-31T00:00:00.000,18:30,40.840427,-73.886734,0,0,0,0,4084,-7388,0.390625
2021-06-05T00:00:00.000,7:54,40.896595,-73.86081,1,0,1,1,4089,-7386,0.28205128205128205
2021-06-09T00:00:00.000,17:33,40.726135,-73.76318,1,0,1,1,4072,-7376,0.5
2021-06-09T00:00:00.000,11:00,40.60233,-73.967735,0,0,0,0,4060,-7396,0.5714285714285714
2021-06-09T00:00:00.000,22:00,40.616627,-73.972664,0,0,0,0,4061,-7397,0.421875
2021-06-11T00:00:00.000,11:00,40.76861,-73.91113,2,0,1,1,4076,-7391,0.40476190476190477
2021-06-09T00:00:00.000,15:20,40.68049,-73.774704,0,0,0,0,4068,-7377,0.3673469387755102
2021-06-09T00:00:00.000,22:00,40.70109,-73.94502,0,0,0,0,4070,-7394,0.3956043956043956
2021-06-09T00:00:00.000,14:00,40.685486,-73.85821,0,0,0,0,4068,-7385,0.43103448275862066
2021-06-09T00:00:00.000,15:40,40.76296,-73.887665,1,0,1,1,4076,-7388,0.43283582089552236
2021-06-11T00:00:00.000,16:55,40.825912,-73.857124,0,0,0,0,4082,-7385,0.27
2021-06-11T00:00:00.000,1:40,40.654797,-73.93943,1,0,1,1,4065,-7393,0.44366197183098594
2021-06-09T00:00:00.000,15:55,40.675682,-73.816,1,0,1,1,4067,-7381,0.4230769230769231
2021-06-11T00:00:00.000,0:58,40.63704,-73.91368,0,0,0,0,4063,-7391,0.5
2021-06-06T00:00:00.000,1:06,40.758972,-73.91901,0,0,0,0,4075,-7391,0.4777777777777778
2021-06-11T00:00:00.000,12:20,0.0,0.0,3,0,1,1,0,0,0.40425531914893614
2021-06-07T00:00:00.000,20:35,40.679367,-73.931335,0,0,0,0,4067,-7393,0.3755868544600939
2021-06-09T00:00:00.000,23:20,40.659744,-73.91708,1,0,1,1,4065,-7391,0.425
2021-06-11T00:00:00.000,21:48,40.686096,-73.99637,0,0,0,0,4068,-7399,0.17857142857142858
2021-06-09T00:00:00.000,18:10,40.685196,-73.97829,0,0,0,0,4068,-7397,0.3412322274881517
2021-06-10T00:00:00.000,15:20,40.77399,-73.95875,0,0,0,0,4077,-7395,0.3384615384615385
2021-06-09T00:00:00.000,7:30,40.681213,-73.98871,0,0,0,0,4068,-7398,0.3873239436619718
2021-06-10T00:00:00.000,10:30,40.855587,-73.89068,0,0,0,0,4085,-7389,0.3353658536585366
2021-10-07T00:00:00.000,23:02,40.877815,-73.868126,0,0,0,0,4087,-7386,0.3142857142857143
2021-06-10T00:00:00.000,10:12,40.602356,-74.01263,0,0,0,0,4060,-7401,0.30357142857142855
2021-06-11T00:00:00.000,0:52,40.689144,-73.99071,0,0,0,0,4068,-7399,0.17857142857142858
2021-06-10T00:00:00.000,0:30,40.832058,-73.865746,1,0,1,1,4083,-7386,0.24822695035460993
2021-06-10T00:00:00.000,13:00,40.699535,-73.75647,1,0,1,1,4069,-7375,0.3584905660377358
2021-06-10T00:00:00.000,17:34,40.713184,-73.767044,1,0,1,1,4071,-7376,0.37142857142857144
2021-06-09T00:00:00.000,13:00,40.71528,-73.97648,1,0,1,1,4071,-7397,0.41509433962264153
2021-06-10T00:00:00.000,18:05,40.860237,-73.892845,0,0,0,0,4086,-7389,0.40606060606060607
2021-06-10T00:00:00.000,18:49,40.8315,-73.888084,1,0,1,1,4083,-7388,0.26717557251908397
2021-06-09T00:00:00.000,8:45,40.627693,-73.90089,0,0,0,0,4062,-7390,0.3888888888888889
2021-06-10T00:00:00.000,15:35,40.66279,-73.89455,0,0,0,0,4066,-7389,0.3103448275862069
2021-06-04T00:00:00.000,21:28,40.848625,-73.93425,0,0,0,0,4084,-7393,0.32786885245901637
2021-06-10T00:00:00.000,0:05,40.63656,-73.92391,0,0,0,0,4063,-7392,0.4036697247706422
2021-06-09T00:00:00.000,15:29,40.71041,-73.98545,1,0,1,1,4071,-7398,0.39568345323741005
2021-06-10T00:00:00.000,10:36,40.707954,-73.83715,0,0,0,0,4070,-7383,0.3541666666666667
2021-06-01T00:00:00.000,10:46,40.705906,-73.91048,2,0,1,1,4070,-7391,0.27450980392156865
2021-10-07T00:00:00.000,14:44,40.67125,-73.97134,0,0,0,0,4067,-7397,0.2818181818181818
2021-05-25T00:00:00.000,21:20,40.766647,-73.902824,0,0,0,0,4076,-7390,0.3055555555555556
2021-06-10T00:00:00.000,17:19,40.65297,-73.95831,0,0,0,0,4065,-7395,0.38686131386861317
2021-10-07T00:00:00.000,17:35,40.881264,-73.83875,1,0,1,1,4088,-7383,0.3448275862068966
2021-06-10T00:00:00.000,13:00,40.81417,-73.92122,1,0,1,1,4081,-7392,0.4714285714285714
2021-06-11T00:00:00.000,7:45,40.595238,-73.92988,2,0,1,1,4059,-7392,0.375
2021-06-11T00:00:00.000,10:45,40.7192,-73.94813,0,0,0,0,4071,-7394,0.3710691823899371
2021-06-09T00:00:00.000,16:30,40.70284,-73.90529,1,0,1,1,4070,-7390,0.37894736842105264
2021-06-11T00:00:00.000,15:10,40.690918,-73.7623,0,0,0,0,4069,-7376,0.3392857142857143
2021-06-09T00:00:00.000,10:00,40.69816,-73.92528,0,0,0,0,4069,-7392,0.3584905660377358
2021-06-11T00:00:00.000,15:48,40.733967,-73.87177,0,0,0,0,4073,-7387,0.3140495867768595
2021-05-31T00:00:00.000,14:00,40.820515,-73.930695,0,0,0,0,4082,-7393,0.36645962732919257
2021-06-10T00:00:00.000,7:48,40.835396,-73.92031,0,0,0,0,4083,-7392,0.310126582278481
2021-06-01T00:00:00.000,19:11,40.88419,-73.91147,0,0,0,0,4088,-7391,0.23076923076923078
2021-06-10T00:00:00.000,6:49,40.774128,-73.95086,0,0,0,0,4077,-7395,0.3384615384615385
2021-06-11T00:00:00.000,15:55,40.703934,-73.959854,0,0,0,0,4070,-7395,0.3475177304964539
2021-06-09T00:00:00.000,9:35,40.575336,-73.996445,2,0,1,1,4057,-7399,0.32558139534883723
2021-06-07T00:00:00.000,14:42,40.696033,-73.98453,2,0,1,1,4069,-7398,0.3229166666666667
2021-06-09T00:00:00.000,16:20,40.6093,-73.99233,1,0,1,1,4060,-7399,0.31683168316831684
2021-06-10T00:00:00.000,6:05,40.748367,-73.89597,0,0,0,0,4074,-7389,0.3203125
2021-06-06T00:00:00.000,22:30,40.65422,-73.92386,0,0,0,0,4065,-7392,0.35555555555555557
2020-06-12T00:00:00.000,2:08,40.668797,-73.93113,1,0,1,1,4066,-7393,0.38578680203045684
2021-06-10T00:00:00.000,3:29,40.66932,-73.73938,0,0,0,0,4066,-7373,0.44339622641509435
2021-10-08T00:00:00.000,0:00,40.81722,-73.91924,1,0,1,1,4081,-7391,0.47244094488188976
2021-05-20T00:00:00.000,17:34,40.89711,-73.88008,0,0,0,0,4089,-7388,0.5
2021-06-10T00:00:00.000,4:20,40.645805,-73.9707,1,0,1,1,4064,-7397,0.4095238095238095
2021-06-07T00:00:00.000,6:04,40.844715,-73.91228,1,0,1,1,4084,-7391,0.32558139534883723
2021-06-09T00:00:00.000,18:20,40.86033,-73.898285,1,0,1,1,4086,-7389,0.40606060606060607
2021-06-10T00:00:00.000,1:05,40.674683,-73.8946,0,0,0,0,4067,-7389,0.33852140077821014
2021-06-09T00:00:00.000,7:05,40.778614,-73.83977,0,0,0,0,4077,-7383,0.25
2021-06-11T00:00:00.000,21:03,40.862602,-73.92028,0,0,0,0,4086,-7392,0.359375
2021-06-09T00:00:00.000,17:54,40.749897,-73.93782,0,0,0,0,4074,-7393,0.3333333333333333
2021-06-10T00:00:00.000,1:30,40.596874,-73.79856,0,0,0,0,4059,-7379,0.2692307692307692
2021-05-25T00:00:00.000,20:20,40.72639,-73.9918,1,0,1,1,4072,-7399,0.3829787234042553
2021-09-25T00:00:00.000,9:30,40.84536,-73.89684,1,0,1,1,4084,-7389,0.33766233766233766
2021-06-09T00:00:00.000,1:50,40.734535,-74.005615,0,0,0,0,4073,-7400,0.2403846153846154
2021-06-11T00:00:00.000,18:30,0.0,0.0,0,0,0,0,0,0,0.40425531914893614
2021-06-09T00:00:00.000,14:12,40.75868,-73.87552,1,0,1,1,4075,-7387,0.33884297520661155
2021-06-09T00:00:00.000,8:15,40.88785,-73.90355,0,0,0,0,4088,-7390,0.2702702702702703
2021-06-11T00:00:00.000,21:05,40.688904,-73.980934,0,0,0,0,4068,-7398,0.3873239436619718
2021-06-09T00:00:00.000,15:38,40.82102,-73.88725,0,0,0,0,4082,-7388,0.27624309392265195
2021-06-11T00:00:00.000,12:00,40.741135,-73.8986,0,0,0,0,4074,-7389,0.3203125
2021-05-27T00:00:00.000,9:50,40.910515,-73.89663,0,0,0,0,4091,-7389,0.5
2021-06-10T00:00:00.000,13:05,40.67277,-73.9628,0,0,0,0,4067,-7396,0.3466666666666667
2021-10-08T00:00:00.000,5:00,40.73396,-73.80735,0,0,0,0,4073,-7380,0.34285714285714286
2021-06-09T00:00:00.000,14:25,40.760254,-73.967545,1,0,1,1,4076,-7396,0.3023255813953488
2021-06-11T00:00:00.000,1:40,40.6665,-73.9962,1,0,1,1,4066,-7399,0.40540540540540543
2021-06-07T00:00:00.000,9:46,40.70978,-73.82043,0,0,0,0,4070,-7382,0.4166666666666667
2021-06-11T00:00:00.000,19:30,40.659447,-73.9312,2,0,1,1,4065,-7393,0.44366197183098594
2021-06-10T00:00:00.000,16:16,40.71032,-73.89937,1,0,1,1,4071,-7389,0.38095238095238093
2021-06-11T00:00:00.000,16:30,40.678967,-73.921616,0,0,0,0,4067,-7392,0.39655172413793105
2021-06-08T00:00:00.000,22:11,40.886185,-73.866974,0,0,0,0,4088,-7386,0.23809523809523808
2021-06-10T00:00:00.000,4:45,40.85241,-73.867775,1,0,1,1,4085,-7386,0.33766233766233766
2021-06-09T00:00:00.000,9:00,40.81295,-73.88418,0,0,0,0,4081,-7388,0.25471698113207547
2021-06-11T00:00:00.000,20:34,40.74025,-73.97917,1,0,1,1,4074,-7397,0.4810810810810811
2021-06-11T00:00:00.000,22:00,40.7547,-73.89361,1,0,1,1,4075,-7389,0.4805194805194805
2021-06-09T00:00:00.000,18:11,40.755516,-73.98363,0,0,0,0,4075,-7398,0.3170731707317073
2021-06-09T00:00:00.000,0:00,40.66615,-73.80575,0,0,0,0,4066,-7380,0.40789473684210525
2021-06-11T00:00:00.000,13:25,40.66345,-73.94554,0,0,0,0,4066,-7394,0.36792452830188677
2021-06-09T00:00:00.000,16:45,40.679344,-73.859535,1,0,1,1,4067,-7385,0.26666666666666666
2021-06-02T00:00:00.000,8:15,40.580658,-73.985664,1,0,1,1,4058,-7398,0.4
2021-06-09T00:00:00.000,16:10,40.831,-73.82652,1,0,1,1,4083,-7382,0.44680851063829785
2021-05-27T00:00:00.000,18:13,40.88742,-73.89449,1,0,1,1,4088,-7389,0.4626865671641791
2021-06-10T00:00:00.000,16:06,0.0,0.0,0,0,0,0,0,0,0.40425531914893614
2021-06-09T00:00:00.000,13:00,40.68174,-73.95859,0,0,0,0,4068,-7395,0.38571428571428573
2021-06-11T00:00:00.000,14:00,40.62065,-73.95057,0,0,0,0,4062,-7395,0.4444444444444444
2021-06-08T00:00:00.000,21:45,40.621017,-74.13181,0,0,0,0,4062,-7413,0.4074074074074074
2021-06-08T00:00:00.000,21:28,40.878807,-73.86388,0,0,0,0,4087,-7386,0.3142857142857143
2021-06-10T00:00:00.000,16:30,40.68335,-73.8412,0,0,0,0,4068,-7384,0.3333333333333333
2021-05-28T00:00:00.000,22:30,40.69885,-73.938576,1,0,1,1,4069,-7393,0.3141025641025641
2021-06-10T00:00:00.000,18:47,40.827705,-73.83051,0,0,0,0,4082,-7383,0.34210526315789475
2021-06-09T00:00:00.000,14:00,40.65299,-73.73435,0,0,0,0,4065,-7373,0.3
2021-06-10T00:00:00.000,22:20,40.757442,-73.86747,1,0,1,1,4075,-7386,0.33653846153846156
2021-06-11T00:00:00.000,16:45,40.774014,-73.96269,1,0,1,1,4077,-7396,0.3695652173913043
2021-06-09T00:00:00.000,14:55,40.564705,-74.12721,1,0,1,1,4056,-7412,0.2222222222222222
2021-06-02T00:00:00.000,8:00,40.685047,-73.954254,0,0,0,0,4068,-7395,0.38571428571428573
2021-06-10T00:00:00.000,11:09,40.642292,-73.90449,1,0,1,1,4064,-7390,0.4017094017094017
2021-06-09T00:00:00.000,19:00,40.857903,-73.86468,2,0,1,1,4085,-7386,0.33766233766233766
2021-04-15T00:00:00.000,14:45,40.69798,-73.91257,0,0,0,0,4069,-7391,0.2709677419354839
2021-06-10T00:00:00.000,19:00,40.827583,-73.855835,0,0,0,0,4082,-7385,0.27
2021-06-10T00:00:00.000,7:45,40.830025,-73.872765,1,0,1,1,4083,-7387,0.38414634146341464
2021-06-09T00:00:00.000,15:00,40.656925,-73.978584,0,0,0,0,4065,-7397,0.4074074074074074
2021-06-10T00:00:00.000,21:21,40.846725,-73.93563,1,0,1,1,4084,-7393,0.32786885245901637
2021-06-11T00:00:00.000,14:06,40.835556,-73.86203,0,0,0,0,4083,-7386,0.24822695035460993
2021-06-10T00:00:00.000,3:15,40.674644,-73.88618,0,0,0,0,4067,-7388,0.30434782608695654
2021-10-07T00:00:00.000,21:05,40.76217,-73.87041,0,0,0,0,4076,-7387,0.48214285714285715
2021-06-11T00:00:00.000,16:50,40.686825,-73.7943,0,0,0,0,4068,-7379,0.35
2021-06-10T00:00:00.000,0:00,40.658916,-73.9119,0,0,0,0,4065,-7391,0.425
2021-06-11T00:00:00.000,12:00,40.65416,-73.906784,0,0,0,0,4065,-7390,0.375
2021-06-09T00:00:00.000,12:45,40.81603,-73.935234,0,0,0,0,4081,-7393,0.32432432432432434
2021-06-10T00:00:00.000,18:00,40.846046,-73.94025,0,0,0,0,4084,-7394,0.17543859649122806
2021-06-09T00:00:00.000,2:10,40.69939,-73.91938,1,0,1,1,4069,-7391,0.2709677419354839
2021-06-09T00:00:00.000,11:00,40.601807,-74.00832,0,0,0,0,4060,-7400,0.24074074074074073
2021-06-10T00:00:00.000,16:10,40.728268,-73.952896,0,0,0,0,4072,-7395,0.22093023255813954
2021-06-06T00:00:00.000,23:00,40.90104,-73.89689,1,0,1,1,4090,-7389,0.2727272727272727
2021-06-09T00:00:00.000,17:30,40.65563,-73.92596,0,0,0,0,4065,-7392,0.35555555555555557
2021-06-09T00:00:00.000,20:30,40.57761,-73.96145,0,0,0,0,4057,-7396,0.3191489361702128
2021-06-04T00:00:00.000,8:30,40.68829,-73.9391,0,0,0,0,4068,-7393,0.3619047619047619
2021-06-05T00:00:00.000,14:50,40.827423,-73.836754,0,0,0,0,4082,-7383,0.34210526315789475
2021-06-10T00:00:00.000,15:40,40.692318,-73.8609,0,0,0,0,4069,-7386,0.21052631578947367
2021-06-10T00:00:00.000,4:08,40.69676,-73.8993,0,0,0,0,4069,-7389,0.3709677419354839
2021-06-10T00:00:00.000,13:40,40.710495,-73.76436,2,0,1,1,4071,-7376,0.37142857142857144
2021-06-09T00:00:00.000,22:45,40.83088,-73.932274,0,0,0,0,4083,-7393,0.3333333333333333
2021-06-10T00:00:00.000,12:30,40.714622,-73.829704,0,0,0,0,4071,-7382,0.379746835443038
2021-06-08T00:00:00.000,20:27,40.70806,-73.8073,1,0,1,1,4070,-7380,0.3877551020408163
2021-06-09T00:00:00.000,10:55,40.829147,-73.8793,0,0,0,0,4082,-7387,0.33544303797468356
2021-06-11T00:00:00.000,23:56,40.82092,-73.94333,0,0,0,0,4082,-7394,0.3812154696132597
2021-06-11T00:00:00.000,18:25,40.745438,-73.923,0,0,0,0,4074,-7392,0.3709677419354839
2021-06-11T00:00:00.000,18:15,40.670517,-73.73964,0,0,0,0,4067,-7373,0.46835443037974683
2021-06-10T00:00:00.000,17:08,40.637005,-73.91099,1,0,1,1,4063,-7391,0.5
2021-06-08T00:00:00.000,10:00,40.873695,-73.824394,0,0,0,0,4087,-7382,0.3333333333333333
2021-06-10T00:00:00.000,14:04,40.716778,-73.93635,0,0,0,0,4071,-7393,0.2711864406779661
2021-06-08T00:00:00.000,13:25,40.716988,-73.99825,0,0,0,0,4071,-7399,0.3263157894736842
2021-06-09T00:00:00.000,19:10,40.72449,-73.820656,0,0,0,0,4072,-7382,0.45454545454545453
2021-10-06T00:00:00.000,14:42,40.691704,-73.8198,0,0,0,0,4069,-7381,0.3902439024390244
2021-06-02T00:00:00.000,6:20,40.875298,-73.90617,0,0,0,0,4087,-7390,0.3184713375796178
2021-06-06T00:00:00.000,3:15,40.880623,-73.84047,1,0,1,1,4088,-7384,0.4153846153846154
2021-10-08T00:00:00.000,11:30,40.620094,-73.96328,1,0,1,1,4062,-7396,0.375
2021-06-04T00:00:00.000,17:30,40.89409,-73.83825,0,0,0,0,4089,-7383,0.0
2021-06-11T00:00:00.000,17:50,40.76275,-73.99692,0,0,0,0,4076,-7399,0.3275862068965517
2021-06-10T00:00:00.000,11:16,40.76871,-73.969986,0,0,0,0,4076,-7396,0.3023255813953488
2021-06-09T00:00:00.000,16:45,40.60521,-73.985855,0,0,0,0,4060,-7398,0.2711864406779661
2021-06-10T00:00:00.000,17:50,40.597477,-73.986465,0,0,0,0,4059,-7398,0.34146341463414637
2021-06-09T00:00:00.000,18:18,40.83089,-73.941376,0,0,0,0,4083,-7394,0.38926174496644295
2021-06-10T00:00:00.000,16:30,40.609978,-73.92664,2,0,1,1,4060,-7392,0.3333333333333333
2021-06-09T00:00:00.000,19:20,40.677937,-74.012215,0,0,0,0,4067,-7401,0.32142857142857145
2021-06-04T00:00:00.000,14:15,40.87722,-73.90905,1,0,1,1,4087,-7390,0.3184713375796178
2021-06-08T00:00:00.000,22:00,40.879204,-73.82601,0,0,0,0,4087,-7382,0.3333333333333333
2021-06-11T00:00:00.000,16:25,40.769028,-73.78252,0,0,0,0,4076,-7378,0.4
2021-06-10T00:00:00.000,23:30,40.658154,-73.73815,0,0,0,0,4065,-7373,0.3
2021-06-11T00:00:00.000,8:48,40.701588,-73.79488,1,0,1,1,4070,-7379,0.3978494623655914
2021-06-09T00:00:00.000,17:15,40.663727,-73.95386,2,0,1,1,4066,-7395,0.44375
2021-06-10T00:00:00.000,0:30,40.63523,-74.08331,0,0,0,0,4063,-7408,0.2653061224489796
2021-06-06T00:00:00.000,15:54,40.690346,-73.9603,3,0,1,1,4069,-7396,0.325
2021-06-10T00:00:00.000,4:12,40.854874,-73.916794,2,0,1,1,4085,-7391,0.373134328358209
2021-06-10T00:00:00.000,16:00,40.59355,-73.98465,1,0,1,1,4059,-7398,0.34146341463414637
2021-06-09T00:00:00.000,16:15,40.70406,-73.82445,2,0,1,1,4070,-7382,0.4166666666666667
2021-06-09T00:00:00.000,12:37,40.733437,-73.86418,0,0,0,0,4073,-7386,0.3464566929133858
2021-06-09T00:00:00.000,7:00,40.65576,-74.008354,0,0,0,0,4065,-7400,0.41509433962264153
2021-10-07T00:00:00.000,17:50,40.727226,-73.71051,0,0,0,0,4072,-7371,0.2857142857142857
2021-06-11T00:00:00.000,17:15,40.58396,-73.9253,1,0,1,1,4058,-7392,0.375
2021-06-10T00:00:00.000,17:44,40.71045,-73.95687,0,0,0,0,4071,-7395,0.36585365853658536
2021-06-10T00:00:00.000,9:04,40.843678,-73.89426,0,0,0,0,4084,-7389,0.33766233766233766
2021-06-09T00:00:00.000,0:00,40.83082,-73.87001,1,0,1,1,4083,-7387,0.38414634146341464
2021-06-09T00:00:00.000,11:00,40.6099,-73.96307,0,0,0,0,4060,-7396,0.5714285714285714
2021-06-10T00:00:00.000,14:45,40.75383,-73.81841,1,0,1,1,4075,-7381,0.35
2021-06-08T00:00:00.000,7:47,40.68576,-73.915504,0,0,0,0,4068,-7391,0.344
2021-06-11T00:00:00.000,5:24,40.771725,-73.92633,0,0,0,0,4077,-7392,0.3269230769230769
2021-06-10T00:00:00.000,4:00,40.665733,-73.755585,1,0,1,1,4066,-7375,0.3
2021-06-11T00:00:00.000,13:00,40.703053,-73.942505,1,0,1,1,4070,-7394,0.3956043956043956
2021-06-07T00:00:00.000,7:15,40.833916,-73.92702,0,0,0,0,4083,-7392,0.310126582278481
2021-06-08T00:00:00.000,21:30,40.626053,-74.177956,0,0,0,0,4062,-7417,0.16666666666666666
2021-06-11T00:00:00.000,2:10,40.75815,-73.85676,0,0,0,0,4075,-7385,0.3048780487804878
2021-06-09T00:00:00.000,9:10,40.819096,-73.94093,0,0,0,0,4081,-7394,0.38
2021-06-11T00:00:00.000,0:40,40.80905,-73.90862,0,0,0,0,4080,-7390,0.36538461538461536
2021-06-09T00:00:00.000,18:16,40.821667,-73.915184,1,0,1,1,4082,-7391,0.3355263157894737
2021-06-10T00:00:00.000,5:00,40.615826,-73.9577,0,0,0,0,4061,-7395,0.4461538461538462
2021-06-10T00:00:00.000,15:30,40.788418,-73.97077,1,0,1,1,4078,-7397,0.3434343434343434
2021-06-09T00:00:00.000,0:30,40.831875,-73.86636,0,0,0,0,4083,-7386,0.24822695035460993
2021-06-09T00:00:00.000,18:30,40.63474,-73.9542,0,0,0,0,4063,-7395,0.48484848484848486
2021-06-07T00:00:00.000,13:06,40.830112,-73.850266,1,0,1,1,4083,-7385,0.30158730158730157
2021-06-11T00:00:00.000,13:20,40.74249,-73.9847,1,0,1,1,4074,-7398,0.40131578947368424
2021-06-10T00:00:00.000,8:28,40.8297,-73.91932,0,0,0,0,4082,-7391,0.3355263157894737
2021-06-10T00:00:00.000,14:45,40.66803,-73.87285,1,0,1,1,4066,-7387,0.38461538461538464
2021-06-10T00:00:00.000,12:50,40.541553,-74.20989,1,0,1,1,4054,-7420,0.5555555555555556
2021-05-16T00:00:00.000,15:30,40.685215,-73.95928,1,0,1,1,4068,-7395,0.38571428571428573
2021-06-09T00:00:00.000,12:55,40.759445,-73.78964,0,0,0,0,4075,-7378,0.18518518518518517
2021-06-10T00:00:00.000,17:41,40.644405,-73.964096,1,0,1,1,4064,-7396,0.4714285714285714
2021-06-10T00:00:00.000,11:04,40.703587,-74.01312,0,0,0,0,4070,-7401,0.140625
2021-06-11T00:00:00.000,19:00,40.69051,-73.97872,1,0,1,1,4069,-7397,0.3253012048192771
2021-06-05T00:00:00.000,18:50,40.687557,-73.93896,1,0,1,1,4068,-7393,0.3619047619047619
2021-06-11T00:00:00.000,19:00,40.713078,-73.98507,0,0,0,0,4071,-7398,0.39568345323741005
2021-06-11T00:00:00.000,18:20,40.584858,-73.81902,0,0,0,0,4058,-7381,0.1875
2021-10-04T00:00:00.000,9:15,40.67043,-73.928185,1,0,1,1,4067,-7392,0.39655172413793105
2021-06-10T00:00:00.000,15:08,40.878853,-73.87349,0,0,0,0,4087,-7387,0.297029702970297
2021-06-11T00:00:00.000,16:30,40.88414,-73.84233,0,0,0,0,4088,-7384,0.4153846153846154
2021-06-11T00:00:00.000,10:00,40.83315,-73.852936,0,0,0,0,4083,-7385,0.30158730158730157
2021-06-08T00:00:00.000,17:45,40.63426,-74.12064,0,0,0,0,4063,-7412,0.36363636363636365
2021-06-10T00:00:00.000,21:15,40.715996,-74.0071,1,0,1,1,4071,-7400,0.25517241379310346
2021-06-09T00:00:00.000,10:35,40.894207,-73.848946,3,0,1,1,4089,-7384,0.3333333333333333
2021-06-10T00:00:00.000,19:30,40.633465,-73.9805,0,0,0,0,4063,-7398,0.4827586206896552
2021-06-11T00:00:00.000,23:02,40.703686,-73.90918,1,0,1,1,4070,-7390,0.37894736842105264
2021-06-11T00:00:00.000,16:35,40.734398,-73.9223,0,0,0,0,4073,-7392,0.4444444444444444
2021-06-06T00:00:00.000,6:55,40.77661,-73.9101,0,0,0,0,4077,-7391,0.3157894736842105
2021-06-09T00:00:00.000,7:10,40.883377,-73.87957,0,0,0,0,4088,-7387,0.14583333333333334
2021-06-11T00:00:00.000,11:35,40.77016,-73.877464,1,0,1,1,4077,-7387,0.35714285714285715
2021-06-10T00:00:00.000,3:19,40.71086,-73.95801,1,0,1,1,4071,-7395,0.36585365853658536
2021-06-09T00:00:00.000,23:00,40.685112,-73.94717,0,0,0,0,4068,-7394,0.4409448818897638
2021-06-09T00:00:00.000,23:58,40.789635,-73.94609,1,0,1,1,4078,-7394,0.33513513513513515
2021-06-11T00:00:00.000,9:26,40.61532,-74.1603,0,0,0,0,4061,-7416,0.2727272727272727
2021-06-11T00:00:00.000,8:00,40.82677,-73.856155,0,0,0,0,4082,-7385,0.27
2021-06-04T00:00:00.000,15:00,40.876743,-73.90128,0,0,0,0,4087,-7390,0.3184713375796178
2021-06-09T00:00:00.000,17:15,40.579826,-73.97622,1,0,1,1,4057,-7397,0.2619047619047619
2021-06-11T00:00:00.000,11:00,40.713818,-73.79176,0,0,0,0,4071,-7379,0.3888888888888889
2021-06-11T00:00:00.000,9:30,40.582584,-73.83022,3,0,1,1,4058,-7383,0.38461538461538464
2021-06-09T00:00:00.000,22:50,40.789494,-73.94773,0,0,0,0,4078,-7394,0.33513513513513515
2021-06-11T00:00:00.000,20:44,40.6223,-73.92142,0,0,0,0,4062,-7392,0.3611111111111111
2021-06-10T00:00:00.000,19:00,40.697853,-73.93325,1,0,1,1,4069,-7393,0.3141025641025641
2021-05-30T00:00:00.000,18:55,40.87673,-73.90126,0,0,0,0,4087,-7390,0.3184713375796178
2021-06-11T00:00:00.000,7:40,40.664883,-73.768074,0,0,0,0,4066,-7376,0.30434782608695654
2021-06-10T00:00:00.000,17:30,40.850906,-73.93829,0,0,0,0,4085,-7393,0.36585365853658536
2021-06-10T00:00:00.000,13:00,40.637157,-73.99111,0,0,0,0,4063,-7399,0.47692307692307695
2021-06-10T00:00:00.000,7:15,40.757065,-73.83863,0,0,0,0,4075,-7383,0.37681159420289856
2021-06-10T00:00:00.000,19:20,40.69298,-73.860985,0,0,0,0,4069,-7386,0.21052631578947367
2021-06-11T00:00:00.000,10:04,40.67875,-73.8205,1,0,1,1,4067,-7382,0.4186046511627907
2021-06-09T00:00:00.000,17:00,40.71474,-73.88698,0,0,0,0,4071,-7388,0.10344827586206896
2021-06-11T00:00:00.000,18:02,40.691635,-73.936005,1,0,1,1,4069,-7393,0.3141025641025641
2021-05-10T00:00:00.000,17:40,40.733303,-73.99333,1,0,1,1,4073,-7399,0.423728813559322
2021-06-09T00:00:00.000,13:55,40.74045,-73.844376,1,0,1,1,4074,-7384,0.42857142857142855
2021-06-11T00:00:00.000,7:30,40.838963,-73.90484,0,0,0,0,4083,-7390,0.3064516129032258
2021-06-10T00:00:00.000,0:05,40.73072,-73.98906,0,0,0,0,4073,-7398,0.36942675159235666
2023-01-15T00:00:00.000,19:30,40.669735,-73.93104,1,0,1,1,4066,-7393,0.38578680203045684
2021-06-09T00:00:00.000,9:40,40.845352,-73.92821,2,0,1,1,4084,-7392,0.3181818181818182
2021-06-09T00:00:00.000,14:45,40.859184,-73.88663,0,0,0,0,4085,-7388,0.3
2021-05-29T00:00:00.000,7:05,40.75352,-73.93448,0,0,0,0,4075,-7393,0.43478260869565216
2021-06-11T00:00:00.000,23:00,40.658997,-73.92186,0,0,0,0,4065,-7392,0.35555555555555557
2021-06-09T00:00:00.000,19:47,40.74251,-73.90734,0,0,0,0,4074,-7390,0.40625
2021-06-09T00:00:00.000,15:20,40.812378,-73.95241,0,0,0,0,4081,-7395,0.3509933774834437
2021-10-06T00:00:00.000,21:22,40.6222,-73.966385,0,0,0,0,4062,-7396,0.375
2021-06-10T00:00:00.000,17:18,40.721676,-73.835976,0,0,0,0,4072,-7383,0.4909090909090909
2021-06-11T00:00:00.000,15:30,40.712856,-73.9049,0,0,0,0,4071,-7390,0.4
2021-06-11T00:00:00.000,19:40,40.71512,-73.77358,0,0,0,0,4071,-7377,0.20967741935483872
2021-06-11T00:00:00.000,13:00,40.753056,-73.921455,0,0,0,0,4075,-7392,0.48148148148148145
2021-06-10T00:00:00.000,14:53,40.665245,-73.87513,0,0,0,0,4066,-7387,0.38461538461538464
2021-06-07T00:00:00.000,11:13,40.7007,-73.98869,0,0,0,0,4070,-7398,0.21568627450980393
2021-06-02T00:00:00.000,0:00,40.885918,-73.91144,0,0,0,0,4088,-7391,0.23076923076923078
2021-06-09T00:00:00.000,18:05,40.593014,-73.96472,1,0,1,1,4059,-7396,0.38596491228070173
2021-06-09T00:00:00.000,3:00,40.806286,-73.9162,0,0,0,0,4080,-7391,0.38961038961038963
2021-06-10T00:00:00.000,12:40,40.60589,-73.98972,0,0,0,0,4060,-7398,0.2711864406779661
2021-06-09T00:00:00.000,21:42,40.716908,-73.87225,3,0,1,1,4071,-7387,0.5652173913043478
2021-06-10T00:00:00.000,13:36,40.60676,-73.96373,1,0,1,1,4060,-7396,0.5714285714285714
2021-06-11T00:00:00.000,18:20,40.66712,-73.73785,0,0,0,0,4066,-7373,0.44339622641509435
2021-06-09T00:00:00.000,22:45,40.838203,-73.9302,0,0,0,0,4083,-7393,0.3333333333333333
2021-06-09T00:00:00.000,23:04,40.702972,-73.888054,1,0,1,1,4070,-7388,0.3448275862068966
2021-06-02T00:00:00.000,7:00,40.68333,-73.95612,0,0,0,0,4068,-7395,0.38571428571428573
2021-06-09T00:00:00.000,16:00,40.71472,-73.92961,0,0,0,0,4071,-7392,0.2777777777777778
2021-06-09T00:00:00.000,13:00,40.67696,-73.94427,0,0,0,0,4067,-7394,0.34074074074074073
2021-05-28T00:00:00.000,13:30,40.659405,-73.9505,0,0,0,0,4065,-7395,0.38686131386861317
2021-05-27T00:00:00.000,11:00,40.672848,-73.9675,0,0,0,0,4067,-7396,0.3466666666666667
2021-06-09T00:00:00.000,12:30,40.66549,-73.92137,0,0,0,0,4066,-7392,0.355
2021-06-10T00:00:00.000,19:10,40.694305,-73.91852,1,0,1,1,4069,-7391,0.2709677419354839
2021-06-10T00:00:00.000,19:35,40.590305,-73.95265,0,0,0,0,4059,-7395,0.3181818181818182
2021-06-09T00:00:00.000,14:31,40.746414,-73.98184,1,0,1,1,4074,-7398,0.40131578947368424
2021-06-11T00:00:00.000,14:00,40.59487,-73.95056,0,0,0,0,4059,-7395,0.3181818181818182
2021-06-10T00:00:00.000,15:55,40.65864,-73.91374,2,0,1,1,4065,-7391,0.425
2021-06-08T00:00:00.000,18:11,40.873787,-73.905266,0,0,0,0,4087,-7390,0.3184713375796178
2021-06-10T00:00:00.000,12:00,40.853344,-73.881676,0,0,0,0,4085,-7388,0.3
2021-06-11T00:00:00.000,14:30,40.66607,-73.93052,0,0,0,0,4066,-7393,0.38578680203045684
2021-06-11T00:00:00.000,14:00,40.831913,-73.93094,0,0,0,0,4083,-7393,0.3333333333333333
2021-06-10T00:00:00.000,20:09,40.819695,-73.89275,1,0,1,1,4081,-7389,0.31543624161073824
2021-06-09T00:00:00.000,23:10,40.848118,-73.93089,0,0,0,0,4084,-7393,0.32786885245901637
2021-06-08T00:00:00.000,13:13,40.8746,-73.9097,0,0,0,0,4087,-7390,0.3184713375796178
2021-06-10T00:00:00.000,20:30,40.60669,-73.75719,1,0,1,1,4060,-7375,0.17117117117117117
2021-06-05T00:00:00.000,18:45,40.721973,-73.88011,1,0,1,1,4072,-7388,0.4
2021-06-10T00:00:00.000,14:40,40.639717,-73.99083,0,0,0,0,4063,-7399,0.47692307692307695
2021-06-09T00:00:00.000,19:00,40.74049,-73.92967,0,0,0,0,4074,-7392,0.3709677419354839
2021-06-11T00:00:00.000,19:51,40.69955,-73.747734,1,0,1,1,4069,-7374,0.46774193548387094
2021-06-10T00:00:00.000,0:00,40.76501,-73.8871,0,0,0,0,4076,-7388,0.43283582089552236
2021-06-10T00:00:00.000,8:16,40.630047,-73.96158,0,0,0,0,4063,-7396,0.34615384615384615
2021-06-09T00:00:00.000,9:10,40.806538,-73.889244,0,0,0,0,4080,-7388,0.15789473684210525
2021-06-09T00:00:00.000,17:36,40.737682,-73.85206,1,0,1,1,4073,-7385,0.3619047619047619
2021-06-10T00:00:00.000,16:00,40.64206,-74.075325,0,0,0,0,4064,-7407,0.2222222222222222
2021-10-07T00:00:00.000,16:10,40.699238,-73.95487,0,0,0,0,4069,-7395,0.30952380952380953
2021-10-08T00:00:00.000,23:40,40.614582,-74.02962,0,0,0,0,4061,-7402,0.4090909090909091
2021-09-24T00:00:00.000,19:15,40.636623,-74.08179,0,0,0,0,4063,-7408,0.2653061224489796
2021-10-05T00:00:00.000,14:05,40.65543,-74.003265,0,0,0,0,4065,-7400,0.41509433962264153
2021-10-06T00:00:00.000,16:30,40.64411,-73.97635,0,0,0,0,4064,-7397,0.4095238095238095
2021-10-05T00:00:00.000,6:40,40.664516,-73.99709,0,0,0,0,4066,-7399,0.40540540540540543
2021-10-08T00:00:00.000,20:08,40.67918,-73.92736,0,0,0,0,4067,-7392,0.39655172413793105
2021-10-08T00:00:00.000,3:00,40.742382,-73.91195,0,0,0,0,4074,-7391,0.38333333333333336
2021-10-06T00:00:00.000,12:52,40.63393,-73.948784,0,0,0,0,4063,-7394,0.358974358974359
2021-10-06T00:00:00.000,17:39,40.79668,-73.93492,1,0,1,1,4079,-7393,0.36585365853658536
2021-10-08T00:00:00.000,15:45,40.874985,-73.85144,0,0,0,0,4087,-7385,0.37681159420289856
2021-10-07T00:00:00.000,17:56,40.883194,-73.9143,0,0,0,0,4088,-7391,0.23076923076923078
2021-10-07T00:00:00.000,8:35,40.678703,-73.781746,0,0,0,0,4067,-7378,0.2
2021-10-06T00:00:00.000,6:14,40.80715,-73.90821,2,0,1,1,4080,-7390,0.36538461538461536
2021-10-06T00:00:00.000,18:16,40.763126,-73.83125,0,0,0,0,4076,-7383,0.33695652173913043
2021-10-08T00:00:00.000,15:40,40.692314,-73.88268,0,0,0,0,4069,-7388,0.4375
2021-10-07T00:00:00.000,14:52,40.82481,-73.93679,1,0,1,1,4082,-7393,0.36645962732919257
2021-10-05T00:00:00.000,0:00,40.69296,-73.93106,1,0,1,1,4069,-7393,0.3141025641025641
2021-10-07T00:00:00.000,13:45,40.74006,-73.789894,0,0,0,0,4074,-7378,0.43478260869565216
2021-10-07T00:00:00.000,9:05,40.728973,-73.74598,0,0,0,0,4072,-7374,0.44
2021-10-07T00:00:00.000,10:20,40.61891,-73.96116,0,0,0,0,4061,-7396,0.30666666666666664
2021-10-07T00:00:00.000,15:10,40.679375,-73.96408,1,0,1,1,4067,-7396,0.3466666666666667
2021-10-06T00:00:00.000,15:15,40.68852,-73.984856,0,0,0,0,4068,-7398,0.3873239436619718
2021-10-08T00:00:00.000,11:27,40.660027,-73.96061,0,0,0,0,4066,-7396,0.4074074074074074
2021-09-13T00:00:00.000,17:13,40.837406,-73.86054,0,0,0,0,4083,-7386,0.24822695035460993
2021-10-08T00:00:00.000,19:07,40.681515,-73.90412,1,0,1,1,4068,-7390,0.4421052631578947
2021-10-08T00:00:00.000,9:20,40.62497,-73.978485,0,0,0,0,4062,-7397,0.38666666666666666
2021-12-31T00:00:00.000,8:00,40.838593,-73.90202,0,0,0,0,4083,-7390,0.3064516129032258
2021-10-06T00:00:00.000,19:55,40.886765,-73.86104,0,0,0,0,4088,-7386,0.23809523809523808
2021-10-07T00:00:00.000,2:15,40.745827,-73.88526,0,0,0,0,4074,-7388,0.2978723404255319
2021-10-07T00:00:00.000,7:04,40.89466,-73.86137,0,0,0,0,4089,-7386,0.28205128205128205
2021-10-06T00:00:00.000,0:48,40.69019,-73.7771,0,0,0,0,4069,-7377,0.35135135135135137
2021-10-06T00:00:00.000,16:30,40.651352,-73.89275,0,0,0,0,4065,-7389,0.34965034965034963
2021-10-06T00:00:00.000,0:00,40.70087,-73.89853,0,0,0,0,4070,-7389,0.2711864406779661
2021-10-03T00:00:00.000,0:35,40.859642,-73.899826,1,0,1,1,4085,-7389,0.3353658536585366
2021-10-08T00:00:00.000,14:46,40.671406,-73.96133,0,0,0,0,4067,-7396,0.3466666666666667
2021-10-06T00:00:00.000,17:11,40.633755,-74.11767,0,0,0,0,4063,-7411,0.20689655172413793
2021-10-07T00:00:00.000,13:45,40.667336,-73.99124,1,0,1,1,4066,-7399,0.40540540540540543
2021-10-04T00:00:00.000,15:58,40.84353,-73.85687,1,0,1,1,4084,-7385,0.32727272727272727
2021-10-07T00:00:00.000,20:18,40.870388,-73.90153,0,0,0,0,4087,-7390,0.3184713375796178
2021-10-07T00:00:00.000,16:00,40.67573,-73.9746,1,0,1,1,4067,-7397,0.2818181818181818
2021-10-06T00:00:00.000,10:30,40.652332,-73.92722,0,0,0,0,4065,-7392,0.35555555555555557
2021-10-05T00:00:00.000,8:40,40.68107,-73.94972,0,0,0,0,4068,-7394,0.4409448818897638
2021-10-07T00:00:00.000,9:30,40.71384,-73.99273,1,0,1,1,4071,-7399,0.3263157894736842
2021-08-22T00:00:00.000,22:59,40.671585,-73.99843,1,0,1,1,4067,-7399,0.3258426966292135
2021-10-07T00:00:00.000,8:19,40.696804,-73.79411,3,0,1,1,4069,-7379,0.25925925925925924
2021-10-04T00:00:00.000,14:20,40.735245,-73.82388,0,0,0,0,4073,-7382,0.45454545454545453
2021-10-08T00:00:00.000,14:15,40.70403,-73.81711,0,0,0,0,4070,-7381,0.3194444444444444
2021-10-06T00:00:00.000,22:21,40.815304,-73.94371,2,0,1,1,4081,-7394,0.38
2021-09-25T00:00:00.000,13:55,40.69302,-73.93706,1,0,1,1,4069,-7393,0.3141025641025641
2021-10-06T00:00:00.000,23:15,40.865364,-73.87001,0,0,0,0,4086,-7387,0.34545454545454546
2021-10-07T00:00:00.000,8:15,40.679718,-73.773476,0,0,0,0,4067,-7377,0.32608695652173914
2021-10-07T00:00:00.000,18:00,40.701557,-73.9877,0,0,0,0,4070,-7398,0.21568627450980393
2021-10-08T00:00:00.000,12:05,40.63203,-73.97447,0,0,0,0,4063,-7397,0.36893203883495146
2021-10-08T00:00:00.000,14:40,40.628662,-73.976036,1,0,1,1,4062,-7397,0.38666666666666666
2021-10-06T00:00:00.000,19:06,40.83609,-73.87039,1,0,1,1,4083,-7387,0.38414634146341464
2021-10-08T00:00:00.000,18:40,40.705666,-73.93341,0,0,0,0,4070,-7393,0.3300970873786408
2021-10-08T00:00:00.000,19:00,40.734375,-73.87342,1,0,1,1,4073,-7387,0.3140495867768595
2021-12-29T00:00:00.000,11:48,40.66362,-73.930695,0,0,0,0,4066,-7393,0.38578680203045684
2021-10-08T00:00:00.000,7:15,40.60595,-74.07601,1,0,1,1,4060,-7407,0.25
2021-10-07T00:00:00.000,6:20,40.787884,-73.84103,1,0,1,1,4078,-7384,0.23809523809523808
2021-10-02T00:00:00.000,13:40,40.803726,-73.95376,0,0,0,0,4080,-7395,0.381294964028777
2021-10-07T00:00:00.000,12:30,40.64557,-73.97279,0,0,0,0,4064,-7397,0.4095238095238095
2021-10-08T00:00:00.000,17:40,40.739086,-73.99139,0,0,0,0,4073,-7399,0.423728813559322
2021-10-07T00:00:00.000,16:50,40.867256,-73.88363,1,0,1,1,4086,-7388,0.23943661971830985
2021-10-07T00:00:00.000,3:25,40.58396,-73.9253,0,0,0,0,4058,-7392,0.375
2021-10-08T00:00:00.000,8:15,40.560085,-74.16505,0,0,0,0,4056,-7416,0.35
2021-10-08T00:00:00.000,12:15,40.716393,-73.98454,1,0,1,1,4071,-7398,0.39568345323741005
2021-10-08T00:00:00.000,12:08,40.759182,-73.86883,1,0,1,1,4075,-7386,0.33653846153846156
2021-10-08T00:00:00.000,15:15,40.68966,-74.00047,0,0,0,0,4068,-7400,0.3333333333333333
2021-10-08T00:00:00.000,15:00,40.715492,-73.834404,0,0,0,0,4071,-7383,0.37349397590361444
2021-10-08T00:00:00.000,16:33,40.802395,-73.936775,0,0,0,0,4080,-7393,0.36312849162011174
2021-10-03T00:00:00.000,7:30,40.828785,-73.94235,0,0,0,0,4082,-7394,0.3812154696132597
2021-10-08T00:00:00.000,22:00,40.72618,-73.93846,0,0,0,0,4072,-7393,0.36507936507936506
2021-10-08T00:00:00.000,7:43,40.67058,-73.93096,0,0,0,0,4067,-7393,0.3755868544600939
2021-10-06T00:00:00.000,15:45,40.7694,-73.90685,1,0,1,1,4076,-7390,0.3055555555555556
2021-10-06T00:00:00.000,9:49,40.716812,-73.99777,0,0,0,0,4071,-7399,0.3263157894736842
2021-10-06T00:00:00.000,10:12,40.63082,-73.88636,0,0,0,0,4063,-7388,0.3835616438356164
2021-10-06T00:00:00.000,18:50,40.61656,-73.94024,0,0,0,0,4061,-7394,0.48484848484848486
2021-10-07T00:00:00.000,12:37,40.737682,-73.85206,1,0,1,1,4073,-7385,0.3619047619047619
2021-10-08T00:00:00.000,13:37,40.898308,-73.8503,1,0,1,1,4089,-7385,0.3813559322033898
2021-12-31T00:00:00.000,7:39,40.809074,-73.85723,0,0,0,0,4080,-7385,0.125
2021-10-06T00:00:00.000,15:40,40.674744,-73.76368,0,0,0,0,4067,-7376,0.23076923076923078
2021-10-06T00:00:00.000,15:30,40.785374,-73.840294,0,0,0,0,4078,-7384,0.23809523809523808
2021-10-07T00:00:00.000,9:00,40.68221,-73.77257,0,0,0,0,4068,-7377,0.3673469387755102
2021-10-08T00:00:00.000,23:50,40.88756,-73.866394,0,0,0,0,4088,-7386,0.23809523809523808
2021-10-07T00:00:00.000,10:40,40.639137,-74.0202,1,0,1,1,4063,-7402,0.3877551020408163
2021-10-07T00:00:00.000,11:30,40.715015,-73.94682,0,0,0,0,4071,-7394,0.3710691823899371
2021-12-31T00:00:00.000,23:15,40.605145,-73.94204,0,0,0,0,4060,-7394,0.5217391304347826
2021-10-05T00:00:00.000,14:00,40.804672,-73.93816,0,0,0,0,4080,-7393,0.36312849162011174
2021-10-02T00:00:00.000,0:30,40.670208,-73.79156,0,0,0,0,4067,-7379,0.4264705882352941
2021-10-06T00:00:00.000,17:38,40.682133,-74.00038,1,0,1,1,4068,-7400,0.3333333333333333
2021-10-06T00:00:00.000,13:25,40.65122,-73.834984,0,0,0,0,4065,-7383,0.38095238095238093
2021-10-07T00:00:00.000,8:10,40.648922,-73.94938,0,0,0,0,4064,-7394,0.42342342342342343
2021-10-07T00:00:00.000,15:20,40.662807,-73.89646,0,0,0,0,4066,-7389,0.3103448275862069
2021-10-06T00:00:00.000,19:35,40.731968,-73.88478,1,0,1,1,4073,-7388,0.2777777777777778
2021-10-08T00:00:00.000,5:00,40.696774,-73.9726,0,0,0,0,4069,-7397,0.3253012048192771
2021-09-27T00:00:00.000,17:00,40.668797,-73.93113,2,0,1,1,4066,-7393,0.38578680203045684
2021-10-08T00:00:00.000,6:28,40.831745,-73.892426,0,0,0,0,4083,-7389,0.3333333333333333
2021-10-07T00:00:00.000,0:50,40.711216,-73.94043,0,0,0,0,4071,-7394,0.3710691823899371
2021-10-08T00:00:00.000,12:54,40.66454,-73.82276,1,0,1,1,4066,-7382,0.43103448275862066
2021-10-07T00:00:00.000,5:34,40.673267,-73.98952,1,0,1,1,4067,-7398,0.3655913978494624
2021-10-06T00:00:00.000,20:54,40.558773,-74.130165,0,0,0,0,4055,-7413,0.2777777777777778
2021-10-08T00:00:00.000,15:30,40.84773,-73.91765,0,0,0,0,4084,-7391,0.32558139534883723
2021-10-07T00:00:00.000,14:09,40.66725,-73.8132,1,0,1,1,4066,-7381,0.4716981132075472
2021-10-08T00:00:00.000,15:30,40.68572,-73.84762,1,0,1,1,4068,-7384,0.3333333333333333
2021-10-07T00:00:00.000,12:06,0.0,0.0,1,0,1,1,0,0,0.40425531914893614
2021-10-06T00:00:00.000,17:35,40.78363,-73.94353,0,0,0,0,4078,-7394,0.33513513513513515
2021-10-04T00:00:00.000,19:50,40.71286,-73.96579,1,0,1,1,4071,-7396,0.3218390804597701
2021-10-04T00:00:00.000,7:58,40.662033,-73.921135,1,0,1,1,4066,-7392,0.355
2021-10-08T00:00:00.000,12:32,40.667328,-73.77903,1,0,1,1,4066,-7377,0.37362637362637363
2021-10-06T00:00:00.000,9:15,40.661167,-73.87969,4,0,1,1,4066,-7387,0.38461538461538464
2021-10-08T00:00:00.000,11:10,40.855118,-73.8677,1,0,1,1,4085,-7386,0.33766233766233766
2021-10-05T00:00:00.000,22:00,40.740036,-73.85289,0,0,0,0,4074,-7385,0.35526315789473684
2021-10-07T00:00:00.000,19:00,40.70028,-73.941154,1,0,1,1,4070,-7394,0.3956043956043956
2021-10-07T00:00:00.000,20:55,40.595104,-74.00091,0,0,0,0,4059,-7400,0.2962962962962963
2021-10-06T00:00:00.000,18:45,40.671326,-73.87093,1,0,1,1,4067,-7387,0.30344827586206896
2021-10-06T00:00:00.000,23:34,40.70437,-73.8177,0,0,0,0,4070,-7381,0.3194444444444444
2022-04-02T00:00:00.000,18:03,40.83419,-73.90019,1,0,1,1,4083,-7390,0.3064516129032258
2021-10-08T00:00:00.000,13:13,40.7365766,-73.8540497,0,0,0,0,4073,-7385,0.3619047619047619
2021-10-08T00:00:00.000,21:40,40.6705751,-73.9098301,0,0,0,0,4067,-7390,0.3282442748091603
2021-10-04T00:00:00.000,15:00,40.7417776,-73.707008,1,0,1,1,4074,-7370,0.375
2021-12-11T00:00:00.000,20:20,40.594524,-73.93401,1,0,1,1,4059,-7393,0.47058823529411764
2021-12-07T00:00:00.000,9:20,40.80826,-73.956276,0,0,0,0,4080,-7395,0.381294964028777
2021-12-11T00:00:00.000,13:50,40.75862,-73.97739,1,0,1,1,4075,-7397,0.375886524822695
2021-12-11T00:00:00.000,8:45,40.858986,-73.89382,2,0,1,1,4085,-7389,0.3353658536585366
2021-12-11T00:00:00.000,14:37,40.7501,-73.974945,1,0,1,1,4075,-7397,0.375886524822695
2021-12-10T00:00:00.000,18:30,40.630684,-73.94542,0,0,0,0,4063,-7394,0.358974358974359
2021-12-11T00:00:00.000,7:16,40.782887,-73.9439,1,0,1,1,4078,-7394,0.33513513513513515
2021-12-11T00:00:00.000,19:54,40.847233,-73.882,0,0,0,0,4084,-7388,0.390625
2021-12-08T00:00:00.000,8:40,40.835857,-73.87213,0,0,0,0,4083,-7387,0.38414634146341464
2021-12-11T00:00:00.000,6:19,40.625103,-74.14877,2,0,1,1,4062,-7414,0.20408163265306123
2021-12-30T00:00:00.000,13:45,40.725727,-73.90037,1,0,1,1,4072,-7390,0.2978723404255319
2021-12-29T00:00:00.000,12:45,40.743767,-73.83748,1,0,1,1,4074,-7383,0.4067796610169492
2022-04-02T00:00:00.000,13:20,40.846878,-73.920616,0,0,0,0,4084,-7392,0.3181818181818182
2021-12-30T00:00:00.000,15:33,40.76524,-73.95788,1,0,1,1,4076,-7395,0.3696969696969697
2021-12-29T00:00:00.000,19:30,40.628914,-73.955956,0,0,0,0,4062,-7395,0.4444444444444444
2021-12-28T00:00:00.000,15:54,40.7073,-73.835464,0,0,0,0,4070,-7383,0.3541666666666667
2021-12-21T00:00:00.000,3:00,40.677753,-73.97539,0,0,0,0,4067,-7397,0.2818181818181818
2021-12-29T00:00:00.000,22:35,40.71406,-73.95292,1,0,1,1,4071,-7395,0.36585365853658536
2021-12-31T00:00:00.000,5:50,40.788956,-73.823555,0,0,0,0,4078,-7382,0.3
2021-12-26T00:00:00.000,14:47,40.65591,-73.89191,1,0,1,1,4065,-7389,0.34965034965034963
2021-12-31T00:00:00.000,18:00,40.66381,-73.9381,0,0,0,0,4066,-7393,0.38578680203045684
2021-12-23T00:00:00.000,14:00,40.819527,-73.91621,0,0,0,0,4081,-7391,0.47244094488188976
2021-12-31T00:00:00.000,11:00,40.71224,-73.957146,0,0,0,0,4071,-7395,0.36585365853658536
2021-12-24T00:00:00.000,14:35,40.672077,-73.941956,1,0,1,1,4067,-7394,0.34074074074074073
2021-12-28T00:00:00.000,2:30,40.847427,-73.931404,0,0,0,0,4084,-7393,0.32786885245901637
2021-12-30T00:00:00.000,8:25,40.78417,-73.84675,0,0,0,0,4078,-7384,0.23809523809523808
2022-04-02T00:00:00.000,4:12,40.676395,-73.91187,1,0,1,1,4067,-7391,0.36597938144329895
2022-03-21T00:00:00.000,11:30,40.69133,-73.95177,0,0,0,0,4069,-7395,0.30952380952380953
2022-04-02T00:00:00.000,7:40,40.835777,-73.91648,1,0,1,1,4083,-7391,0.33714285714285713
2022-04-02T00:00:00.000,23:45,40.616177,-73.96456,1,0,1,1,4061,-7396,0.30666666666666664
2022-04-02T00:00:00.000,17:18,40.801125,-73.92988,0,0,0,0,4080,-7392,0.3141025641025641
2022-04-02T00:00:00.000,16:10,40.60231,-73.75092,0,0,0,0,4060,-7375,0.17117117117117117
2022-04-02T00:00:00.000,23:30,40.74044,-74.00203,0,0,0,0,4074,-7400,0.27710843373493976
2022-04-02T00:00:00.000,5:35,40.801754,-73.93121,0,0,0,0,4080,-7393,0.36312849162011174
2022-04-02T00:00:00.000,12:20,40.712597,-73.967735,0,0,0,0,4071,-7396,0.3218390804597701
2022-04-02T00:00:00.000,11:20,40.558887,-74.1977,0,0,0,0,4055,-7419,0.36363636363636365
2022-04-02T00:00:00.000,13:00,40.748276,-73.93918,0,0,0,0,4074,-7393,0.3333333333333333
2022-04-02T00:00:00.000,10:23,40.688305,-73.75607,0,0,0,0,4068,-7375,0.3877551020408163
2022-04-02T00:00:00.000,18:55,40.669556,-73.84634,1,0,1,1,4066,-7384,0.5925925925925926
2022-03-31T00:00:00.000,23:20,40.86536,-73.87043,1,0,1,1,4086,-7387,0.34545454545454546
2022-04-02T00:00:00.000,20:00,40.730946,-73.993256,0,0,0,0,4073,-7399,0.423728813559322
2022-04-02T00:00:00.000,9:32,40.879307,-73.90295,0,0,0,0,4087,-7390,0.3184713375796178
2022-04-02T00:00:00.000,23:21,40.818707,-73.8089,0,0,0,0,4081,-7380,0.1111111111111111
2022-04-02T00:00:00.000,16:36,40.702847,-73.93353,0,0,0,0,4070,-7393,0.3300970873786408
2022-04-02T00:00:00.000,12:50,40.718395,-73.826385,3,0,1,1,4071,-7382,0.379746835443038
2022-04-02T00:00:00.000,22:00,40.837513,-73.91478,0,0,0,0,4083,-7391,0.33714285714285713
2022-04-02T00:00:00.000,13:15,40.718918,-73.939514,0,0,0,0,4071,-7393,0.2711864406779661
2022-03-27T00:00:00.000,1:20,40.669865,-73.95051,1,0,1,1,4066,-7395,0.44375
2022-04-02T00:00:00.000,0:00,40.80119,-73.93003,0,0,0,0,4080,-7393,0.36312849162011174
2022-04-02T00:00:00.000,1:10,40.71029,-73.91789,1,0,1,1,4071,-7391,0.1836734693877551
2022-04-02T00:00:00.000,22:10,40.715584,-74.00304,1,0,1,1,4071,-7400,0.25517241379310346
2022-03-30T00:00:00.000,22:20,40.716644,-73.99582,1,0,1,1,4071,-7399,0.3263157894736842
2022-04-01T00:00:00.000,11:25,40.812737,-73.93762,2,0,1,1,4081,-7393,0.32432432432432434
2022-04-02T00:00:00.000,11:24,40.785294,-73.969345,0,0,0,0,4078,-7396,0.28125
2022-04-01T00:00:00.000,6:15,40.823402,-73.88179,1,0,1,1,4082,-7388,0.27624309392265195
2022-04-01T00:00:00.000,18:00,40.714146,-73.78989,0,0,0,0,4071,-7378,0.32653061224489793
2022-04-02T00:00:00.000,14:00,40.68907,-73.874596,0,0,0,0,4068,-7387,0.24719101123595505
2022-03-26T00:00:00.000,10:25,40.663727,-73.95386,0,0,0,0,4066,-7395,0.44375
2022-04-02T00:00:00.000,13:35,40.677498,-73.87149,0,0,0,0,4067,-7387,0.30344827586206896
2022-04-02T00:00:00.000,1:40,40.746075,-73.901985,1,0,1,1,4074,-7390,0.40625
2022-03-16T00:00:00.000,17:31,40.574894,-73.98662,0,0,0,0,4057,-7398,0.36904761904761907
2022-04-02T00:00:00.000,3:50,40.6406,-73.99434,1,0,1,1,4064,-7399,0.3442622950819672
2022-04-02T00:00:00.000,6:00,40.69201,-73.991234,0,0,0,0,4069,-7399,0.29473684210526313
2022-03-26T00:00:00.000,21:10,40.61118,-74.15261,0,0,0,0,4061,-7415,0.3333333333333333
2022-03-15T00:00:00.000,8:19,40.648354,-73.91001,0,0,0,0,4064,-7391,0.39805825242718446
2022-04-02T00:00:00.000,19:09,40.67164,-73.95034,0,0,0,0,4067,-7395,0.3695652173913043
2022-04-02T00:00:00.000,9:50,40.890587,-73.86332,3,0,1,1,4089,-7386,0.28205128205128205
2022-07-02T00:00:00.000,1:40,40.613117,-73.92631,0,0,0,0,4061,-7392,0.2982456140350877
2022-04-02T00:00:00.000,0:53,40.81614,-73.894875,0,0,0,0,4081,-7389,0.31543624161073824
2022-04-02T00:00:00.000,1:26,40.697582,-73.92983,0,0,0,0,4069,-7392,0.3584905660377358
2022-03-31T00:00:00.000,15:06,40.666435,-73.95341,0,0,0,0,4066,-7395,0.44375
2022-04-02T00:00:00.000,2:35,40.68815,-73.84884,0,0,0,0,4068,-7384,0.3333333333333333
2022-03-30T00:00:00.000,15:00,40.790554,-73.82255,0,0,0,0,4079,-7382,0.2
2022-04-02T00:00:00.000,10:27,40.677998,-74.00415,0,0,0,0,4067,-7400,0.20967741935483872
2022-04-02T00:00:00.000,5:30,40.67854,-73.807205,1,0,1,1,4067,-7380,0.24615384615384617
2022-03-31T00:00:00.000,8:30,40.595768,-73.77389,0,0,0,0,4059,-7377,0.2692307692307692
2022-04-01T00:00:00.000,21:30,40.833496,-73.858246,3,0,1,1,4083,-7385,0.30158730158730157
2022-04-02T00:00:00.000,16:00,40.77716,-73.94794,0,0,0,0,4077,-7394,0.28
2022-04-02T00:00:00.000,12:00,40.67505,-73.95639,0,0,0,0,4067,-7395,0.3695652173913043
2022-03-28T00:00:00.000,8:33,40.618732,-74.17606,1,0,1,1,4061,-7417,0.6666666666666666
2022-03-27T00:00:00.000,12:35,40.57347,-73.99929,0,0,0,0,4057,-7399,0.32558139534883723
2022-04-02T00:00:00.000,22:45,40.653656,-73.86239,0,0,0,0,4065,-7386,0.36619718309859156
2022-03-18T00:00:00.000,17:27,40.797306,-73.93446,3,0,1,1,4079,-7393,0.36585365853658536
2022-04-02T00:00:00.000,5:45,40.8338,-73.88323,0,0,0,0,4083,-7388,0.26717557251908397
2022-04-01T00:00:00.000,23:22,40.713535,-73.99635,2,0,1,1,4071,-7399,0.3263157894736842
2022-03-31T00:00:00.000,16:51,40.635445,-73.91065,0,0,0,0,4063,-7391,0.5
2022-04-02T00:00:00.000,3:17,40.79653,-73.97597,0,0,0,0,4079,-7397,0.24210526315789474
2022-04-02T00:00:00.000,3:24,40.710957,-73.951126,1,0,1,1,4071,-7395,0.36585365853658536
2022-03-27T00:00:00.000,20:25,40.81269,-73.95313,1,0,1,1,4081,-7395,0.3509933774834437
2022-04-02T00:00:00.000,12:40,40.716118,-73.96102,0,0,0,0,4071,-7396,0.3218390804597701
2022-04-02T00:00:00.000,3:33,40.840496,-73.94599,1,0,1,1,4084,-7394,0.17543859649122806
2022-04-02T00:00:00.000,18:15,40.69297,-73.78024,0,0,0,0,4069,-7378,0.29310344827586204
2022-04-02T00:00:00.000,17:00,40.68762,-73.72789,0,0,0,0,4068,-7372,0.375
2022-04-02T00:00:00.000,20:00,40.853027,-73.91827,0,0,0,0,4085,-7391,0.373134328358209
2022-04-02T00:00:00.000,7:15,40.62413,-74.08368,0,0,0,0,4062,-7408,0.2
2022-03-31T00:00:00.000,12:31,40.87832,-73.90656,0,0,0,0,4087,-7390,0.3184713375796178
2022-04-02T00:00:00.000,1:51,40.654675,-73.917046,0,0,0,0,4065,-7391,0.425
2022-04-02T00:00:00.000,2:10,40.693863,-73.92971,0,0,0,0,4069,-7392,0.3584905660377358
2022-04-01T00:00:00.000,8:35,40.749184,-73.758194,0,0,0,0,4074,-7375,0.16666666666666666
2022-04-02T00:00:00.000,18:25,40.71786,-73.98272,1,0,1,1,4071,-7398,0.39568345323741005
2022-04-02T00:00:00.000,17:27,40.867798,-73.89912,1,0,1,1,4086,-7389,0.40606060606060607
2022-04-02T00:00:00.000,15:30,40.743477,-73.73286,1,0,1,1,4074,-7373,0.4
2022-04-02T00:00:00.000,11:05,40.60084,-73.93812,1,0,1,1,4060,-7393,0.4117647058823529
2022-04-02T00:00:00.000,15:00,40.745327,-73.922066,1,0,1,1,4074,-7392,0.3709677419354839
2022-03-31T00:00:00.000,10:45,40.69158,-73.86548,0,0,0,0,4069,-7386,0.21052631578947367
2022-04-02T00:00:00.000,12:45,40.74826,-73.97443,1,0,1,1,4074,-7397,0.4810810810810811
2022-04-02T00:00:00.000,22:17,40.697315,-73.932274,0,0,0,0,4069,-7393,0.3141025641025641
2022-04-01T00:00:00.000,21:56,40.81417,-73.93431,0,0,0,0,4081,-7393,0.32432432432432434
2022-04-02T00:00:00.000,4:22,40.72046,-73.93798,0,0,0,0,4072,-7393,0.36507936507936506
2022-04-02T00:00:00.000,0:00,40.75327,-73.79313,0,0,0,0,4075,-7379,0.38461538461538464
2022-04-01T00:00:00.000,15:25,40.576504,-74.1037,1,0,1,1,4057,-7410,0.3877551020408163
2022-03-27T00:00:00.000,11:40,40.659336,-73.92726,1,0,1,1,4065,-7392,0.35555555555555557
2022-04-02T00:00:00.000,11:15,40.61135,-74.09847,0,0,0,0,4061,-7409,0.46153846153846156
2022-04-02T00:00:00.000,16:50,40.729782,-73.89566,0,0,0,0,4072,-7389,0.41379310344827586
2022-04-01T00:00:00.000,21:00,40.835896,-73.855865,0,0,0,0,4083,-7385,0.30158730158730157
2022-04-02T00:00:00.000,11:25,40.613743,-74.11415,0,0,0,0,4061,-7411,0.36
2022-04-02T00:00:00.000,7:00,40.742374,-74.0088,0,0,0,0,4074,-7400,0.27710843373493976
2021-10-09T00:00:00.000,21:22,40.707314,-73.87114,0,0,0,0,4070,-7387,0.24324324324324326
2022-04-02T00:00:00.000,16:57,40.646095,-74.00928,1,0,1,1,4064,-7400,0.36764705882352944
2022-03-31T00:00:00.000,23:00,40.70673,-73.806274,0,0,0,0,4070,-7380,0.3877551020408163
2022-03-30T00:00:00.000,23:30,40.724136,-73.992615,0,0,0,0,4072,-7399,0.3829787234042553
2022-04-02T00:00:00.000,13:00,40.825848,-73.90993,1,0,1,1,4082,-7390,0.3025210084033613
2022-04-02T00:00:00.000,17:45,40.787533,-73.9687,0,0,0,0,4078,-7396,0.28125
2022-03-31T00:00:00.000,20:00,40.79975,-73.93267,1,0,1,1,4079,-7393,0.36585365853658536
2022-04-02T00:00:00.000,3:00,40.69478,-73.79363,0,0,0,0,4069,-7379,0.25925925925925924
2022-04-02T00:00:00.000,20:44,40.68815,-73.96986,0,0,0,0,4068,-7396,0.42567567567567566
2022-04-02T00:00:00.000,7:23,40.741863,-73.90751,1,0,1,1,4074,-7390,0.40625
2022-04-02T00:00:00.000,19:41,40.675735,-73.89686,0,0,0,0,4067,-7389,0.33852140077821014
2022-04-02T00:00:00.000,17:50,40.6661,-73.85193,1,0,1,1,4066,-7385,0.3333333333333333
2022-04-02T00:00:00.000,6:21,40.742317,-73.99144,0,0,0,0,4074,-7399,0.3333333333333333
2022-03-30T00:00:00.000,7:50,40.70096,-73.88156,0,0,0,0,4070,-7388,0.3448275862068966
2022-03-09T00:00:00.000,18:48,40.632065,-73.91861,1,0,1,1,4063,-7391,0.5
2022-04-01T00:00:00.000,0:20,40.606102,-74.07983,0,0,0,0,4060,-7407,0.25
2022-04-02T00:00:00.000,22:50,40.711876,-73.73029,2,0,1,1,4071,-7373,0.25
2022-03-29T00:00:00.000,12:33,40.8871,-73.8635,0,0,0,0,4088,-7386,0.23809523809523808
2022-03-30T00:00:00.000,14:55,40.6028,-73.74879,1,0,1,1,4060,-7374,0.15789473684210525
2022-04-02T00:00:00.000,11:00,40.631706,-73.94649,0,0,0,0,4063,-7394,0.358974358974359
2022-03-29T00:00:00.000,16:43,40.693672,-73.95099,0,0,0,0,4069,-7395,0.30952380952380953
2022-04-02T00:00:00.000,23:10,40.88305,-73.89983,1,0,1,1,4088,-7389,0.4626865671641791
2022-03-31T00:00:00.000,10:24,40.85937,-73.9068,1,0,1,1,4085,-7390,0.42207792207792205
2022-04-02T00:00:00.000,21:50,40.63835,-73.90889,1,0,1,1,4063,-7390,0.3561643835616438
2022-04-02T00:00:00.000,16:44,40.6523,-73.95264,0,0,0,0,4065,-7395,0.38686131386861317
2022-03-30T00:00:00.000,21:55,40.799515,-73.95366,0,0,0,0,4079,-7395,0.42
2021-06-03T00:00:00.000,0:00,40.667824,-73.93122,0,0,0,0,4066,-7393,0.38578680203045684
2022-01-01T00:00:00.000,7:33,40.771477,-73.91824,0,0,0,0,4077,-7391,0.3157894736842105
2022-03-31T00:00:00.000,15:00,40.717716,-73.811264,0,0,0,0,4071,-7381,0.3448275862068966
2022-03-25T00:00:00.000,7:05,40.720585,-73.99862,0,0,0,0,4072,-7399,0.3829787234042553
2022-04-02T00:00:00.000,12:12,40.842506,-73.8453,1,0,1,1,4084,-7384,0.4222222222222222
2022-03-31T00:00:00.000,18:35,40.664856,-73.94078,0,0,0,0,4066,-7394,0.36792452830188677
2022-03-26T00:00:00.000,21:29,40.669113,-73.95336,0,0,0,0,4066,-7395,0.44375
2022-04-02T00:00:00.000,1:53,40.86247,-73.90029,0,0,0,0,4086,-7390,0.42748091603053434
2022-04-02T00:00:00.000,0:00,40.704258,-73.9657,0,0,0,0,4070,-7396,0.3431372549019608
2022-04-02T00:00:00.000,20:00,40.70207,-73.78315,0,0,0,0,4070,-7378,0.34523809523809523
2022-03-28T00:00:00.000,10:44,40.608955,-74.09046,0,0,0,0,4060,-7409,0.36363636363636365
2022-04-02T00:00:00.000,22:21,40.715015,-73.741646,0,0,0,0,4071,-7374,0.23404255319148937
2022-03-29T00:00:00.000,22:00,40.739082,-73.79345,1,0,1,1,4073,-7379,0.4
2022-04-02T00:00:00.000,18:00,40.583664,-73.971756,5,0,1,1,4058,-7397,0.2727272727272727
2022-04-02T00:00:00.000,21:08,40.685806,-73.83259,0,0,0,0,4068,-7383,0.45454545454545453
2022-04-02T00:00:00.000,2:08,40.658398,-73.919975,0,0,0,0,4065,-7391,0.425
2022-04-02T00:00:00.000,14:00,40.730335,-73.86763,0,0,0,0,4073,-7386,0.3464566929133858
2022-03-30T00:00:00.000,7:50,40.72272,-73.994156,1,0,1,1,4072,-7399,0.3829787234042553
2022-04-02T00:00:00.000,5:00,40.68864,-73.920555,0,0,0,0,4068,-7392,0.2542372881355932
2022-04-02T00:00:00.000,5:20,40.689915,-73.7779,0,0,0,0,4068,-7377,0.3673469387755102
2022-03-31T00:00:00.000,12:15,40.716393,-73.98454,0,0,0,0,4071,-7398,0.39568345323741005
2022-04-02T00:00:00.000,16:00,40.597794,-73.783104,0,0,0,0,4059,-7378,0.14705882352941177
2022-04-02T00:00:00.000,5:47,40.80432,-73.966606,1,0,1,1,4080,-7396,0.31343283582089554
2022-04-02T00:00:00.000,13:30,40.73292,-73.807915,0,0,0,0,4073,-7380,0.34285714285714286
2022-04-02T00:00:00.000,15:50,40.808243,-73.92785,1,0,1,1,4080,-7392,0.3141025641025641
2022-03-20T00:00:00.000,13:44,40.674313,-73.95009,0,0,0,0,4067,-7395,0.3695652173913043
2022-07-02T00:00:00.000,2:25,40.745285,-73.98874,1,0,1,1,4074,-7398,0.40131578947368424
2022-04-02T00:00:00.000,2:48,40.669044,-73.87578,3,0,1,1,4066,-7387,0.38461538461538464
2022-03-30T00:00:00.000,17:10,40.728466,-73.90871,2,0,1,1,4072,-7390,0.2978723404255319
2022-04-02T00:00:00.000,1:50,40.815937,-73.85981,0,0,0,0,4081,-7385,0.30434782608695654
2022-04-02T00:00:00.000,20:50,40.66913,-73.953804,0,0,0,0,4066,-7395,0.44375
2022-04-02T00:00:00.000,14:31,40.692844,-73.99311,0,0,0,0,4069,-7399,0.29473684210526313
2022-04-24T00:00:00.000,21:15,40.612534,-73.92704,0,0,0,0,4061,-7392,0.2982456140350877
2022-04-20T00:00:00.000,15:49,40.67712,-73.98326,0,0,0,0,4067,-7398,0.3655913978494624
2022-04-17T00:00:00.000,0:15,40.632694,-74.02728,1,0,1,1,4063,-7402,0.3877551020408163
2022-04-24T00:00:00.000,17:37,40.585342,-73.94157,1,0,1,1,4058,-7394,0.40816326530612246
2022-04-24T00:00:00.000,4:45,0.0,0.0,1,0,1,1,0,0,0.40425531914893614
2022-04-05T00:00:00.000,7:56,40.66638,-73.86109,0,0,0,0,4066,-7386,0.35
2022-04-08T00:00:00.000,23:15,40.880966,-73.90546,0,0,0,0,4088,-7390,0.2702702702702703
2022-04-24T00:00:00.000,17:18,40.851997,-73.88555,0,0,0,0,4085,-7388,0.3
2022-04-24T00:00:00.000,17:10,40.710907,-73.95165,1,0,1,1,4071,-7395,0.36585365853658536
2022-04-24T00:00:00.000,2:28,40.882153,-73.83193,0,0,0,0,4088,-7383,0.3448275862068966
2022-04-18T00:00:00.000,13:00,40.881794,-73.90092,4,0,1,1,4088,-7390,0.2702702702702703
2022-04-20T00:00:00.000,14:30,40.80151,-73.95007,0,0,0,0,4080,-7395,0.381294964028777
2022-04-24T00:00:00.000,10:16,40.859745,-73.8958,0,0,0,0,4085,-7389,0.3353658536585366
2022-04-25T00:00:00.000,3:30,40.670776,-73.84788,0,0,0,0,4067,-7384,0.28888888888888886
2022-04-25T00:00:00.000,19:21,40.65452,-73.882225,2,0,1,1,4065,-7388,0.41509433962264153
2022-04-25T00:00:00.000,5:00,40.85937,-73.9068,0,0,0,0,4085,-7390,0.42207792207792205
2022-04-25T00:00:00.000,19:19,40.769325,-73.83635,2,0,1,1,4076,-7383,0.33695652173913043
2021-05-25T00:00:00.000,8:00,40.66252,-73.84071,1,0,1,1,4066,-7384,0.5925925925925926
2022-06-22T00:00:00.000,20:00,40.701874,-73.78928,0,0,0,0,4070,-7378,0.34523809523809523
2021-06-10T00:00:00.000,9:17,40.598766,-74.00075,1,0,1,1,4059,-7400,0.2962962962962963
2021-06-11T00:00:00.000,16:00,40.764786,-73.96844,0,0,0,0,4076,-7396,0.3023255813953488
2021-06-12T00:00:00.000,18:00,40.61384,-73.981445,1,0,1,1,4061,-7398,0.3698630136986301
2021-06-12T00:00:00.000,21:40,40.67308,-73.93352,0,0,0,0,4067,-7393,0.3755868544600939
2021-06-12T00:00:00.000,1:58,40.70784,-73.92722,0,0,0,0,4070,-7392,0.24305555555555555
2021-06-12T00:00:00.000,16:50,40.668373,-73.92264,0,0,0,0,4066,-7392,0.355
2021-06-11T00:00:00.000,19:00,40.691948,-73.730675,0,0,0,0,4069,-7373,0.36585365853658536
2021-06-12T00:00:00.000,17:16,40.615433,-73.99775,2,0,1,1,4061,-7399,0.29411764705882354
2021-06-12T00:00:00.000,16:05,40.57494,-74.10527,0,0,0,0,4057,-7410,0.3877551020408163
2021-06-12T00:00:00.000,2:00,40.633106,-73.898026,0,0,0,0,4063,-7389,0.41818181818181815
2021-06-12T00:00:00.000,21:30,40.693123,-73.77279,1,0,1,1,4069,-7377,0.35135135135135137
2021-06-12T00:00:00.000,0:00,40.670364,-73.89063,3,0,1,1,4067,-7389,0.33852140077821014
2021-06-12T00:00:00.000,22:34,40.607258,-73.96727,8,0,1,1,4060,-7396,0.5714285714285714
2021-06-12T00:00:00.000,3:45,40.755054,-73.88338,1,0,1,1,4075,-7388,0.3402061855670103
2021-06-11T00:00:00.000,8:30,40.675735,-73.89686,1,0,1,1,4067,-7389,0.33852140077821014
2021-06-11T00:00:00.000,7:52,40.87367,-73.879234,0,0,0,0,4087,-7387,0.297029702970297
2021-06-12T00:00:00.000,14:04,40.61488,-73.82164,0,0,0,0,4061,-7382,0.8
2021-06-12T00:00:00.000,1:00,40.62515,-74.005135,0,0,0,0,4062,-7400,0.3150684931506849
2021-06-12T00:00:00.000,16:40,40.677082,-73.92296,0,0,0,0,4067,-7392,0.39655172413793105
2021-06-10T00:00:00.000,15:47,40.743427,-73.99613,0,0,0,0,4074,-7399,0.3333333333333333
2021-06-11T00:00:00.000,17:00,40.8514,-73.90606,2,0,1,1,4085,-7390,0.42207792207792205
2021-06-11T00:00:00.000,8:00,40.675053,-73.87436,0,0,0,0,4067,-7387,0.30344827586206896
2021-06-12T00:00:00.000,11:11,40.719334,-73.906845,0,0,0,0,4071,-7390,0.4
2021-06-12T00:00:00.000,18:20,40.815845,-73.89544,0,0,0,0,4081,-7389,0.31543624161073824
2021-06-12T00:00:00.000,15:15,40.73659,-73.71181,0,0,0,0,4073,-7371,0.2857142857142857
2021-06-04T00:00:00.000,16:30,40.65492,-73.92101,1,0,1,1,4065,-7392,0.35555555555555557
2021-06-12T00:00:00.000,17:40,40.668068,-73.935844,0,0,0,0,4066,-7393,0.38578680203045684
2021-06-12T00:00:00.000,2:27,40.77071,-73.952896,0,0,0,0,4077,-7395,0.3384615384615385
2021-06-12T00:00:00.000,4:00,40.623367,-73.989494,0,0,0,0,4062,-7398,0.38
2021-06-12T00:00:00.000,17:12,40.635185,-73.92862,0,0,0,0,4063,-7392,0.4036697247706422
2021-06-12T00:00:00.000,12:44,40.770153,-73.81313,0,0,0,0,4077,-7381,0.3157894736842105
2021-06-11T00:00:00.000,17:50,40.68358,-73.97617,0,0,0,0,4068,-7397,0.3412322274881517
2021-06-05T00:00:00.000,17:05,40.880337,-73.83824,0,0,0,0,4088,-7383,0.3448275862068966
2021-06-12T00:00:00.000,10:22,40.622272,-73.92827,0,0,0,0,4062,-7392,0.3611111111111111
2021-06-12T00:00:00.000,8:00,40.769283,-73.82445,0,0,0,0,4076,-7382,0.2987012987012987
2021-06-12T00:00:00.000,2:00,40.693897,-73.85404,0,0,0,0,4069,-7385,0.34
2021-06-12T00:00:00.000,18:35,40.834167,-73.92779,3,0,1,1,4083,-7392,0.310126582278481
2021-06-12T00:00:00.000,6:40,40.739674,-73.934586,0,0,0,0,4073,-7393,0.38461538461538464
2021-06-12T00:00:00.000,17:15,40.659042,-73.83121,1,0,1,1,4065,-7383,0.38095238095238093
2021-06-12T00:00:00.000,13:37,40.867382,-73.926414,1,0,1,1,4086,-7392,0.359375
2021-06-12T00:00:00.000,19:30,40.833755,-73.87407,1,0,1,1,4083,-7387,0.38414634146341464
2021-06-12T00:00:00.000,0:49,40.78959,-73.81954,0,0,0,0,4078,-7381,0.22580645161290322
2021-06-10T00:00:00.000,0:05,40.734837,-73.99076,0,0,0,0,4073,-7399,0.423728813559322
2021-06-10T00:00:00.000,9:40,40.623264,-74.02449,0,0,0,0,4062,-7402,0.3625
2021-06-12T00:00:00.000,6:55,40.822834,-73.941925,1,0,1,1,4082,-7394,0.3812154696132597
2021-06-12T00:00:00.000,16:00,40.70921,-73.87017,1,0,1,1,4070,-7387,0.24324324324324326
2021-06-12T00:00:00.000,21:08,40.7007,-73.98869,0,0,0,0,4070,-7398,0.21568627450980393
2021-06-12T00:00:00.000,15:45,40.66495,-73.993355,3,0,1,1,4066,-7399,0.40540540540540543
2021-06-11T00:00:00.000,18:56,40.851044,-73.91488,1,0,1,1,4085,-7391,0.373134328358209
2021-06-07T00:00:00.000,17:20,40.674572,-73.96314,1,0,1,1,4067,-7396,0.3466666666666667
2021-06-12T00:00:00.000,13:21,40.623657,-74.02064,0,0,0,0,4062,-7402,0.3625
2021-06-12T00:00:00.000,21:24,40.650764,-73.88481,0,0,0,0,4065,-7388,0.41509433962264153
2021-06-12T00:00:00.000,5:20,40.876022,-73.872925,0,0,0,0,4087,-7387,0.297029702970297
2021-06-12T00:00:00.000,18:25,40.74073,-73.981766,1,0,1,1,4074,-7398,0.40131578947368424
2021-06-12T00:00:00.000,21:05,40.705196,-73.88425,0,0,0,0,4070,-7388,0.3448275862068966
2021-06-12T00:00:00.000,8:46,40.749725,-73.98363,4,0,1,1,4074,-7398,0.40131578947368424
2021-06-08T00:00:00.000,3:41,40.60507,-73.97913,0,0,0,0,4060,-7397,0.3469387755102041
2021-06-12T00:00:00.000,13:30,40.792854,-73.96753,0,0,0,0,4079,-7396,0.25
2021-06-12T00:00:00.000,8:00,40.67911,-73.880615,0,0,0,0,4067,-7388,0.30434782608695654
2021-06-12T00:00:00.000,15:35,40.8913,-73.8507,1,0,1,1,4089,-7385,0.3813559322033898
2021-06-12T00:00:00.000,14:30,40.7606,-73.96434,1,0,1,1,4076,-7396,0.3023255813953488
2021-05-30T00:00:00.000,19:18,40.88893,-73.86579,0,0,0,0,4088,-7386,0.23809523809523808
2021-06-12T00:00:00.000,2:55,40.659275,-73.889,0,0,0,0,4065,-7388,0.41509433962264153
2021-05-22T00:00:00.000,4:30,40.87656,-73.90436,1,0,1,1,4087,-7390,0.3184713375796178
2021-06-12T00:00:00.000,12:05,40.75371,-73.92109,1,0,1,1,4075,-7392,0.48148148148148145
2021-06-12T00:00:00.000,18:00,40.83235,-73.92107,0,0,0,0,4083,-7392,0.310126582278481
2021-06-12T00:00:00.000,10:50,40.696983,-73.935234,0,0,0,0,4069,-7393,0.3141025641025641
2021-06-11T00:00:00.000,22:28,40.668373,-73.92264,1,0,1,1,4066,-7392,0.355
2021-06-12T00:00:00.000,23:27,40.765686,-73.82913,1,0,1,1,4076,-7382,0.2987012987012987
2021-04-30T00:00:00.000,20:00,40.66748,-73.89726,0,0,0,0,4066,-7389,0.3103448275862069
2021-06-12T00:00:00.000,23:18,40.748177,-73.970375,1,0,1,1,4074,-7397,0.4810810810810811
2021-06-12T00:00:00.000,0:15,40.88271,-73.881256,0,0,0,0,4088,-7388,0.42857142857142855
2021-06-12T00:00:00.000,16:00,40.665176,-73.88154,0,0,0,0,4066,-7388,0.37012987012987014
2021-06-11T00:00:00.000,18:58,40.679333,-73.97533,1,0,1,1,4067,-7397,0.2818181818181818
2021-06-12T00:00:00.000,22:50,40.687244,-73.95469,0,0,0,0,4068,-7395,0.38571428571428573
2021-06-12T00:00:00.000,2:00,40.674953,-73.80205,0,0,0,0,4067,-7380,0.24615384615384617
2021-06-12T00:00:00.000,13:36,40.67983,-73.9583,1,0,1,1,4067,-7395,0.3695652173913043
2021-06-12T00:00:00.000,5:38,40.7494,-73.87573,0,0,0,0,4074,-7387,0.25663716814159293
2021-06-12T00:00:00.000,1:15,40.809746,-73.93839,1,0,1,1,4080,-7393,0.36312849162011174
2021-06-12T00:00:00.000,2:50,40.75469,-73.99536,0,0,0,0,4075,-7399,0.2830188679245283
2021-06-11T00:00:00.000,11:17,40.607674,-74.00172,0,0,0,0,4060,-7400,0.24074074074074073
2021-06-05T00:00:00.000,12:50,40.684734,-73.950455,0,0,0,0,4068,-7395,0.38571428571428573
2021-06-12T00:00:00.000,4:33,40.615204,-73.96337,0,0,0,0,4061,-7396,0.30666666666666664
2021-06-11T00:00:00.000,14:50,40.661835,-73.89311,2,0,1,1,4066,-7389,0.3103448275862069
2021-06-05T00:00:00.000,10:45,40.678947,-73.92324,2,0,1,1,4067,-7392,0.39655172413793105
2021-06-12T00:00:00.000,20:49,0.0,0.0,0,0,0,0,0,0,0.40425531914893614
2021-06-12T00:00:00.000,6:35,40.865993,-73.84071,0,0,0,0,4086,-7384,0.17857142857142858
2021-06-11T00:00:00.000,14:45,40.741302,-74.00207,0,0,0,0,4074,-7400,0.27710843373493976
2021-06-12T00:00:00.000,18:12,40.86539,-73.88684,0,0,0,0,4086,-7388,0.23943661971830985
2021-06-12T00:00:00.000,3:20,40.750412,-73.874016,0,0,0,0,4075,-7387,0.33884297520661155
2021-06-12T00:00:00.000,22:31,40.851044,-73.91488,0,0,0,0,4085,-7391,0.373134328358209
2021-06-12T00:00:00.000,11:50,40.5758,-73.96114,0,0,0,0,4057,-7396,0.3191489361702128
2021-06-11T00:00:00.000,8:00,40.67743,-73.87591,0,0,0,0,4067,-7387,0.30344827586206896
2021-06-10T00:00:00.000,20:10,40.803425,-73.93309,3,0,1,1,4080,-7393,0.36312849162011174
2022-07-02T00:00:00.000,3:49,40.763134,-73.92093,1,0,1,1,4076,-7392,0.42105263157894735
2021-06-12T00:00:00.000,16:51,40.68815,-73.72963,0,0,0,0,4068,-7372,0.375
2021-06-01T00:00:00.000,12:30,40.690052,-73.92369,0,0,0,0,4069,-7392,0.3584905660377358
2021-06-09T00:00:00.000,23:22,40.736275,-73.95852,1,0,1,1,4073,-7395,0.30434782608695654
2021-06-11T00:00:00.000,16:47,40.77918,-73.9508,1,0,1,1,4077,-7395,0.3384615384615385
2021-06-12T00:00:00.000,17:20,40.69016,-73.98161,0,0,0,0,4069,-7398,0.3229166666666667
2021-06-12T00:00:00.000,18:37,40.78722,-73.952065,1,0,1,1,4078,-7395,0.42168674698795183
2021-06-06T00:00:00.000,12:00,40.658905,-73.95833,1,0,1,1,4065,-7395,0.38686131386861317
2021-06-12T00:00:00.000,17:57,40.608215,-73.99809,1,0,1,1,4060,-7399,0.31683168316831684
2022-07-01T00:00:00.000,23:20,40.67015,-73.92325,2,0,1,1,4067,-7392,0.39655172413793105
2021-06-12T00:00:00.000,21:00,40.828854,-73.89932,1,0,1,1,4082,-7389,0.37423312883435583
2021-06-12T00:00:00.000,17:00,40.692722,-73.98433,0,0,0,0,4069,-7398,0.3229166666666667
2021-06-12T00:00:00.000,16:16,40.867676,-73.85571,0,0,0,0,4086,-7385,0.5
2021-06-12T00:00:00.000,18:59,40.88851,-73.86009,1,0,1,1,4088,-7386,0.23809523809523808
2021-06-12T00:00:00.000,23:10,40.67189,-73.895874,0,0,0,0,4067,-7389,0.33852140077821014
2021-06-12T00:00:00.000,3:20,40.742863,-74.003975,0,0,0,0,4074,-7400,0.27710843373493976
2021-06-09T00:00:00.000,14:00,40.62547,-74.00383,0,0,0,0,4062,-7400,0.3150684931506849
2021-06-11T00:00:00.000,21:00,40.72359,-73.98918,0,0,0,0,4072,-7398,0.4342105263157895
2021-06-12T00:00:00.000,5:55,40.72844,-73.87116,1,0,1,1,4072,-7387,0.5714285714285714
2021-06-12T00:00:00.000,20:45,40.706917,-73.93972,0,0,0,0,4070,-7393,0.3300970873786408
2021-06-12T00:00:00.000,16:05,40.72416,-73.754974,0,1,2,1,4072,-7375,0.2727272727272727
2021-06-06T00:00:00.000,17:05,40.67706,-73.96598,0,0,0,0,4067,-7396,0.3466666666666667
2021-06-12T00:00:00.000,1:30,40.844982,-73.92067,1,0,1,1,4084,-7392,0.3181818181818182
2021-06-12T00:00:00.000,20:47,40.651863,-73.86536,0,0,0,0,4065,-7386,0.36619718309859156
2021-06-12T00:00:00.000,18:00,40.803715,-73.91588,0,0,0,0,4080,-7391,0.38961038961038963
2021-06-12T00:00:00.000,17:57,40.73968,-73.849495,1,0,1,1,4073,-7384,0.2682926829268293
2021-06-12T00:00:00.000,10:30,40.621998,-73.9743,0,0,0,0,4062,-7397,0.38666666666666666
2021-06-12T00:00:00.000,15:41,40.632725,-73.90017,0,0,0,0,4063,-7390,0.3561643835616438
2021-06-10T00:00:00.000,6:05,40.672855,-73.87131,1,0,1,1,4067,-7387,0.30344827586206896
2021-06-12T00:00:00.000,18:52,40.848545,-73.86161,1,0,1,1,4084,-7386,0.375
2021-06-12T00:00:00.000,13:10,40.861023,-73.89205,0,0,0,0,4086,-7389,0.40606060606060607
2021-06-12T00:00:00.000,17:11,40.676598,-73.93039,1,0,1,1,4067,-7393,0.3755868544600939
2021-06-09T00:00:00.000,15:44,40.865158,-73.89648,1,0,1,1,4086,-7389,0.40606060606060607
2021-06-12T00:00:00.000,8:44,40.81662,-73.86571,0,0,0,0,4081,-7386,0.23333333333333334
2022-07-02T00:00:00.000,3:15,40.725273,-73.89286,1,0,1,1,4072,-7389,0.41379310344827586
2021-06-12T00:00:00.000,22:10,40.67657,-73.9008,1,0,1,1,4067,-7390,0.3282442748091603
2021-06-10T00:00:00.000,2:50,40.68546,-73.98515,0,0,0,0,4068,-7398,0.3873239436619718
2021-06-12T00:00:00.000,22:08,40.633377,-73.9482,1,0,1,1,4063,-7394,0.358974358974359
2021-06-12T00:00:00.000,13:50,40.636375,-74.165085,0,0,0,0,4063,-7416,0.3333333333333333
2021-06-12T00:00:00.000,3:40,40.670624,-73.895546,0,0,0,0,4067,-7389,0.33852140077821014
2021-06-12T00:00:00.000,15:20,40.70089,-73.94221,0,0,0,0,4070,-7394,0.3956043956043956
2021-06-12T00:00:00.000,8:10,40.77139,-73.95044,0,0,0,0,4077,-7395,0.3384615384615385
2021-06-12T00:00:00.000,0:50,40.608204,-73.920715,0,0,0,0,4060,-7392,0.3333333333333333
2021-06-12T00:00:00.000,20:00,40.691914,-73.88332,0,0,0,0,4069,-7388,0.4375
2021-06-12T00:00:00.000,16:00,40.69706,-73.91933,0,0,0,0,4069,-7391,0.2709677419354839
2021-06-12T00:00:00.000,15:40,40.651226,-73.94096,1,0,1,1,4065,-7394,0.43137254901960786
2021-06-12T00:00:00.000,0:13,40.665257,-73.739555,1,0,1,1,4066,-7373,0.44339622641509435
2021-06-12T00:00:00.000,16:50,40.72262,-73.901535,0,0,0,0,4072,-7390,0.2978723404255319
2021-06-11T00:00:00.000,9:30,40.74788,-73.87586,0,0,0,0,4074,-7387,0.25663716814159293
2021-06-12T00:00:00.000,21:00,40.55309,-74.163284,0,0,0,0,4055,-7416,0.5416666666666666
2021-06-12T00:00:00.000,16:40,40.7666,-73.89117,1,0,1,1,4076,-7389,0.35185185185185186
2021-06-09T00:00:00.000,17:20,40.634483,-74.02359,0,0,0,0,4063,-7402,0.3877551020408163
2021-06-12T00:00:00.000,1:55,40.82005,-73.88698,0,0,0,0,4082,-7388,0.27624309392265195
2021-06-06T00:00:00.000,2:44,40.695705,-73.94637,1,0,1,1,4069,-7394,0.417910447761194
2021-06-11T00:00:00.000,5:04,0.0,0.0,0,0,0,0,0,0,0.40425531914893614
2021-06-11T00:00:00.000,15:00,40.678444,-73.86886,0,0,0,0,4067,-7386,0.3431372549019608
2021-06-10T00:00:00.000,23:57,40.68138,-73.95352,0,0,0,0,4068,-7395,0.38571428571428573
2021-06-07T00:00:00.000,18:53,40.667347,-73.9376,0,0,0,0,4066,-7393,0.38578680203045684
2021-06-12T00:00:00.000,20:25,40.610054,-73.95342,0,0,0,0,4061,-7395,0.4461538461538462
2021-06-12T00:00:00.000,11:50,40.664234,-73.74565,0,0,0,0,4066,-7374,0.3698630136986301
2021-06-12T00:00:00.000,15:18,40.691982,-73.735695,1,0,1,1,4069,-7373,0.36585365853658536
2021-06-12T00:00:00.000,0:07,40.70674,-73.92032,3,0,1,1,4070,-7392,0.24305555555555555
2022-04-23T00:00:00.000,23:27,0.0,0.0,2,0,1,1,0,0,0.40425531914893614
2021-05-24T00:00:00.000,8:00,40.82394,-73.94856,0,0,0,0,4082,-7394,0.3812154696132597
2021-06-12T00:00:00.000,14:00,40.67255,-73.988045,0,0,0,0,4067,-7398,0.3655913978494624
2021-06-12T00:00:00.000,21:00,40.835648,-73.88862,0,0,0,0,4083,-7388,0.26717557251908397
2021-06-11T00:00:00.000,20:08,40.85965,-73.90312,2,0,1,1,4085,-7390,0.42207792207792205
2021-06-12T00:00:00.000,22:00,40.76229,-73.75711,0,0,0,0,4076,-7375,0.3409090909090909
2021-06-12T00:00:00.000,18:00,40.68989,-73.81819,1,0,1,1,4068,-7381,0.4117647058823529
2021-06-12T00:00:00.000,21:20,40.69911,-73.93402,0,0,0,0,4069,-7393,0.3141025641025641
2021-06-12T00:00:00.000,18:30,40.670864,-73.80753,1,0,1,1,4067,-7380,0.24615384615384617
2021-06-12T00:00:00.000,4:00,40.850273,-73.82767,0,0,0,0,4085,-7382,0.45714285714285713
2022-07-02T00:00:00.000,20:20,40.642174,-73.97388,1,0,1,1,4064,-7397,0.4095238095238095
2021-06-12T00:00:00.000,14:10,40.686665,-73.86089,1,0,1,1,4068,-7386,0.423728813559322
2021-06-12T00:00:00.000,17:54,40.84226,-73.87228,0,0,0,0,4084,-7387,0.48333333333333334
2021-06-12T00:00:00.000,4:25,40.678112,-73.90784,0,0,0,0,4067,-7390,0.3282442748091603
2021-06-12T00:00:00.000,10:20,40.730885,-73.9479,1,0,1,1,4073,-7394,0.5
2021-06-11T00:00:00.000,11:37,40.678738,-73.89887,0,0,0,0,4067,-7389,0.33852140077821014
2021-06-09T00:00:00.000,11:07,40.88173,-73.88239,1,0,1,1,4088,-7388,0.42857142857142855
2021-06-12T00:00:00.000,14:40,40.756317,-73.83369,0,0,0,0,4075,-7383,0.37681159420289856
2021-06-12T00:00:00.000,16:50,40.710464,-73.986626,1,0,1,1,4071,-7398,0.39568345323741005
2021-06-12T00:00:00.000,1:21,40.674953,-73.80205,0,0,0,0,4067,-7380,0.24615384615384617
2021-06-12T00:00:00.000,20:45,40.63038,-73.90379,0,0,0,0,4063,-7390,0.3561643835616438
2021-06-10T00:00:00.000,14:55,40.68107,-73.94972,0,0,0,0,4068,-7394,0.4409448818897638
2021-06-12T00:00:00.000,0:04,40.6742,-73.99984,0,0,0,0,4067,-7399,0.3258426966292135
2021-06-12T00:00:00.000,18:00,40.737606,-73.74073,0,0,0,0,4073,-7374,0.21428571428571427
2021-05-30T00:00:00.000,14:59,40.72026,-73.75234,0,0,0,0,4072,-7375,0.2727272727272727
2022-06-29T00:00:00.000,0:00,40.663906,-73.95098,0,0,0,0,4066,-7395,0.44375
2021-06-11T00:00:00.000,23:30,40.76663,-73.88903,0,0,0,0,4076,-7388,0.43283582089552236
2021-06-12T00:00:00.000,14:20,40.705307,-74.00903,0,0,0,0,4070,-7400,0.2542372881355932
2021-06-12T00:00:00.000,11:30,40.579803,-73.97184,0,0,0,0,4057,-7397,0.2619047619047619
2021-06-12T00:00:00.000,22:22,40.741337,-73.85933,0,0,0,0,4074,-7385,0.35526315789473684
2021-06-12T00:00:00.000,16:20,40.813145,-73.938614,2,0,1,1,4081,-7393,0.32432432432432434
2021-06-12T00:00:00.000,23:30,40.885757,-73.82837,0,0,0,0,4088,-7382,0.2765957446808511
2021-06-12T00:00:00.000,16:00,40.569927,-74.09108,0,0,0,0,4056,-7409,0.0
2021-06-12T00:00:00.000,15:00,40.801754,-73.93121,3,0,1,1,4080,-7393,0.36312849162011174
2021-06-10T00:00:00.000,16:48,40.873016,-73.87488,1,0,1,1,4087,-7387,0.297029702970297
2021-06-12T00:00:00.000,14:40,40.824066,-73.908714,1,0,1,1,4082,-7390,0.3025210084033613
2021-06-12T00:00:00.000,15:45,40.668007,-73.89969,0,0,0,0,4066,-7389,0.3103448275862069
2021-06-10T00:00:00.000,11:44,40.70083,-73.93314,0,0,0,0,4070,-7393,0.3300970873786408
2021-06-12T00:00:00.000,13:09,40.61717,-73.955154,0,0,0,0,4061,-7395,0.4461538461538462
2021-06-12T00:00:00.000,0:00,40.79162,-73.94885,0,0,0,0,4079,-7394,0.3523809523809524
2021-06-11T00:00:00.000,0:10,40.80383,-73.94211,1,0,1,1,4080,-7394,0.41116751269035534
2021-06-09T00:00:00.000,22:38,40.68218,-73.94659,0,0,0,0,4068,-7394,0.4409448818897638
2021-06-12T00:00:00.000,11:40,40.680035,-73.9055,2,0,1,1,4068,-7390,0.4421052631578947
2021-06-07T00:00:00.000,6:55,40.67888,-73.93561,0,0,0,0,4067,-7393,0.3755868544600939
2021-06-10T00:00:00.000,16:35,40.849407,-73.900894,1,0,1,1,4084,-7390,0.366120218579235
2021-06-12T00:00:00.000,12:50,40.798916,-73.94024,0,0,0,0,4079,-7394,0.3523809523809524
2021-06-09T00:00:00.000,4:40,40.676342,-73.910934,3,0,1,1,4067,-7391,0.36597938144329895
2021-06-12T00:00:00.000,18:20,40.711216,-73.94831,1,0,1,1,4071,-7394,0.3710691823899371
2021-06-07T00:00:00.000,18:50,40.67105,-73.9233,0,0,0,0,4067,-7392,0.39655172413793105
2021-06-12T00:00:00.000,19:55,40.86272,-73.84083,1,0,1,1,4086,-7384,0.17857142857142858
2021-06-12T00:00:00.000,5:30,40.67911,-73.880615,0,0,0,0,4067,-7388,0.30434782608695654
2021-06-12T00:00:00.000,18:55,40.723022,-73.99882,0,0,0,0,4072,-7399,0.3829787234042553
2021-06-12T00:00:00.000,16:49,40.734947,-73.845436,0,0,0,0,4073,-7384,0.2682926829268293
2021-06-06T00:00:00.000,22:20,40.73988,-73.99872,0,0,0,0,4073,-7399,0.423728813559322
2021-06-12T00:00:00.000,12:00,40.739124,-73.850075,0,0,0,0,4073,-7385,0.3619047619047619
2021-06-12T00:00:00.000,18:01,40.821705,-73.9568,1,0,1,1,4082,-7395,0.4117647058823529
2021-06-12T00:00:00.000,14:29,40.69484,-73.98391,1,0,1,1,4069,-7398,0.3229166666666667
2021-06-12T00:00:00.000,18:25,40.696846,-73.961754,0,0,0,0,4069,-7396,0.325
2021-06-12T00:00:00.000,22:00,40.71018,-73.91085,0,0,0,0,4071,-7391,0.1836734693877551
2021-06-11T00:00:00.000,8:20,40.882496,-73.88283,0,0,0,0,4088,-7388,0.42857142857142855
2021-06-12T00:00:00.000,21:22,40.6843,-73.87222,0,0,0,0,4068,-7387,0.24719101123595505
2021-06-05T00:00:00.000,8:00,40.68005,-73.932594,0,0,0,0,4068,-7393,0.3619047619047619
2021-06-12T00:00:00.000,22:30,40.65422,-73.939384,2,0,1,1,4065,-7393,0.44366197183098594
2021-06-12T00:00:00.000,21:00,40.73086,-73.8562,0,0,0,0,4073,-7385,0.3619047619047619
2021-06-12T00:00:00.000,22:42,40.66957,-73.86198,0,0,0,0,4066,-7386,0.35
2021-06-12T00:00:00.000,2:50,40.68746,-73.906494,0,0,0,0,4068,-7390,0.4421052631578947
2022-07-02T00:00:00.000,13:00,40.67011,-73.912796,0,0,0,0,4067,-7391,0.36597938144329895
2021-06-10T00:00:00.000,23:10,40.798527,-73.93961,0,0,0,0,4079,-7393,0.36585365853658536
2021-06-12T00:00:00.000,16:55,40.834354,-73.90086,1,0,1,1,4083,-7390,0.3064516129032258
2021-06-12T00:00:00.000,18:00,40.609,-73.95642,0,0,0,0,4060,-7395,0.4791666666666667
2021-06-12T00:00:00.000,19:28,40.763744,-73.83507,0,0,0,0,4076,-7383,0.33695652173913043
2021-06-12T00:00:00.000,8:50,40.89183,-73.84324,0,0,0,0,4089,-7384,0.3333333333333333
2021-06-08T00:00:00.000,12:00,40.61593,-73.91312,2,0,1,1,4061,-7391,0.358974358974359
2021-06-12T00:00:00.000,17:01,40.848118,-73.93089,0,0,0,0,4084,-7393,0.32786885245901637
2021-06-10T00:00:00.000,18:18,40.605568,-74.03118,0,0,0,0,4060,-7403,0.3
2021-06-09T00:00:00.000,22:11,40.67813,-73.87112,0,0,0,0,4067,-7387,0.30344827586206896
2021-06-12T00:00:00.000,19:00,40.688698,-73.85409,0,0,0,0,4068,-7385,0.43103448275862066
2021-06-12T00:00:00.000,10:15,40.679386,-73.99685,0,0,0,0,4067,-7399,0.3258426966292135
2021-06-12T00:00:00.000,16:00,40.7272,-73.74922,0,0,0,0,4072,-7374,0.44
2021-06-12T00:00:00.000,11:19,40.767418,-73.7906,0,0,0,0,4076,-7379,0.2631578947368421
2021-06-12T00:00:00.000,12:15,40.694588,-73.82591,0,0,0,0,4069,-7382,0.37209302325581395
2021-06-12T00:00:00.000,14:10,40.700768,-73.990944,0,0,0,0,4070,-7399,0.21052631578947367
2021-06-12T00:00:00.000,2:30,40.844982,-73.92067,0,0,0,0,4084,-7392,0.3181818181818182
2021-06-12T00:00:00.000,0:00,40.69324,-73.92865,2,0,1,1,4069,-7392,0.3584905660377358
2021-06-12T00:00:00.000,5:23,40.71778,-73.93246,1,0,1,1,4071,-7393,0.2711864406779661
2021-06-12T00:00:00.000,22:05,40.665916,-73.92547,2,0,1,1,4066,-7392,0.355
2021-06-12T00:00:00.000,12:30,40.829185,-73.94472,1,0,1,1,4082,-7394,0.3812154696132597
2021-06-12T00:00:00.000,11:51,40.736576,-73.85406,0,0,0,0,4073,-7385,0.3619047619047619
2021-06-12T00:00:00.000,19:45,40.781693,-73.839615,0,0,0,0,4078,-7383,0.2727272727272727
2021-06-12T00:00:00.000,23:10,40.72956,-73.87145,0,0,0,0,4072,-7387,0.5714285714285714
2021-06-11T00:00:00.000,11:00,40.63426,-74.14596,0,0,0,0,4063,-7414,0.5769230769230769
2021-06-12T00:00:00.000,21:35,40.677654,-73.82866,0,0,0,0,4067,-7382,0.4186046511627907
2021-06-07T00:00:00.000,15:00,40.715176,-73.951965,1,0,1,1,4071,-7395,0.36585365853658536
2021-06-12T00:00:00.000,1:10,40.700424,-73.9444,0,0,0,0,4070,-7394,0.3956043956043956
2021-06-12T00:00:00.000,23:22,40.828945,-73.85666,4,0,1,1,4082,-7385,0.27
2021-06-12T00:00:00.000,11:40,40.72276,-73.98595,1,0,1,1,4072,-7398,0.4342105263157895
2021-06-12T00:00:00.000,16:30,40.674896,-73.80745,0,0,0,0,4067,-7380,0.24615384615384617
2021-06-09T00:00:00.000,19:00,40.69456,-73.93438,0,0,0,0,4069,-7393,0.3141025641025641
2021-06-12T00:00:00.000,1:23,40.668022,-73.95605,2,0,1,1,4066,-7395,0.44375
2021-06-12T00:00:00.000,1:50,40.674953,-73.80205,0,0,0,0,4067,-7380,0.24615384615384617
2021-06-12T00:00:00.000,11:15,40.71664,-73.97561,0,0,0,0,4071,-7397,0.41509433962264153
2021-06-12T00:00:00.000,21:24,40.774895,-73.95391,1,0,1,1,4077,-7395,0.3384615384615385
2021-06-12T00:00:00.000,4:30,40.701683,-73.90885,1,0,1,1,4070,-7390,0.37894736842105264
2021-06-12T00:00:00.000,23:00,40.819622,-73.86835,0,0,0,0,4081,-7386,0.23333333333333334
2021-06-12T00:00:00.000,13:59,40.88176,-73.82324,4,0,1,1,4088,-7382,0.2765957446808511
2021-06-12T00:00:00.000,18:00,40.60276,-73.914734,0,0,0,0,4060,-7391,0.25
2021-06-12T00:00:00.000,23:12,40.677208,-73.89723,0,0,0,0,4067,-7389,0.33852140077821014
2021-06-12T00:00:00.000,1:30,40.73603,-73.99781,0,0,0,0,4073,-7399,0.423728813559322
2021-06-12T00:00:00.000,11:35,40.579803,-73.97184,2,0,1,1,4057,-7397,0.2619047619047619
2021-06-11T00:00:00.000,9:00,40.67158,-73.88911,0,0,0,0,4067,-7388,0.30434782608695654
2021-06-12T00:00:00.000,11:30,40.675735,-73.89686,0,0,0,0,4067,-7389,0.33852140077821014
2021-06-12T00:00:00.000,13:00,40.768982,-73.91064,0,0,0,0,4076,-7391,0.40476190476190477
2021-06-12T00:00:00.000,12:00,40.702255,-73.92008,0,0,0,0,4070,-7392,0.24305555555555555
2021-06-07T00:00:00.000,13:00,40.694088,-73.93427,0,0,0,0,4069,-7393,0.3141025641025641
2021-06-12T00:00:00.000,16:55,40.7712,-73.83345,0,0,0,0,4077,-7383,0.25
2021-06-09T00:00:00.000,10:15,40.865086,-73.90049,0,0,0,0,4086,-7390,0.42748091603053434
2021-06-12T00:00:00.000,22:55,40.736153,-73.86755,1,0,1,1,4073,-7386,0.3464566929133858
2021-06-10T00:00:00.000,19:50,40.68401,-73.87837,0,0,0,0,4068,-7387,0.24719101123595505
2021-06-12T00:00:00.000,15:50,40.584137,-73.96386,2,0,1,1,4058,-7396,0.37333333333333335
2021-06-12T00:00:00.000,5:00,40.754406,-73.85581,1,0,1,1,4075,-7385,0.3048780487804878
2021-06-12T00:00:00.000,0:10,40.67801,-73.84975,4,0,1,1,4067,-7384,0.28888888888888886
2021-06-12T00:00:00.000,16:00,40.727753,-73.854095,0,0,0,0,4072,-7385,0.4418604651162791
2021-06-12T00:00:00.000,5:10,40.743217,-73.83403,3,0,1,1,4074,-7383,0.4067796610169492
2021-06-12T00:00:00.000,4:10,40.771305,-73.87664,4,0,1,1,4077,-7387,0.35714285714285715
2021-06-12T00:00:00.000,7:16,40.621178,-73.95335,0,0,0,0,4062,-7395,0.4444444444444444
2021-06-11T00:00:00.000,18:30,40.676468,-73.97647,0,0,0,0,4067,-7397,0.2818181818181818
2021-06-12T00:00:00.000,10:55,40.762386,-73.87322,0,0,0,0,4076,-7387,0.48214285714285715
2021-06-12T00:00:00.000,20:17,40.805805,-73.97075,0,0,0,0,4080,-7397,0.375
2021-06-06T00:00:00.000,22:50,40.57374,-74.13195,0,0,0,0,4057,-7413,0.125
2021-06-09T00:00:00.000,7:30,40.761044,-73.998825,0,0,0,0,4076,-7399,0.3275862068965517
2021-06-09T00:00:00.000,16:45,40.86227,-73.8722,0,0,0,0,4086,-7387,0.34545454545454546
2021-06-09T00:00:00.000,22:50,40.684032,-73.91742,2,0,1,1,4068,-7391,0.344
2021-06-12T00:00:00.000,6:20,40.669918,-73.91889,0,0,0,0,4066,-7391,0.3630952380952381
2021-06-12T00:00:00.000,8:05,40.681892,-73.88227,0,0,0,0,4068,-7388,0.36538461538461536
2021-06-11T00:00:00.000,14:13,40.668728,-73.986694,1,0,1,1,4066,-7398,0.421875
2021-06-12T00:00:00.000,0:00,40.749783,-73.80289,0,0,0,0,4074,-7380,0.35294117647058826
2021-06-12T00:00:00.000,18:20,40.6263,-73.90067,1,0,1,1,4062,-7390,0.3888888888888889
2021-06-12T00:00:00.000,23:40,40.682537,-73.95002,1,0,1,1,4068,-7395,0.38571428571428573
2021-06-12T00:00:00.000,18:20,40.785492,-73.984116,0,0,0,0,4078,-7398,0.42105263157894735
2021-06-12T00:00:00.000,22:20,40.588585,-73.94255,0,0,0,0,4058,-7394,0.40816326530612246
2021-06-12T00:00:00.000,23:21,40.820568,-73.959305,0,0,0,0,4082,-7395,0.4117647058823529
2021-06-12T00:00:00.000,17:42,40.844463,-73.93829,0,0,0,0,4084,-7393,0.32786885245901637
2021-06-12T00:00:00.000,20:58,40.760372,-73.815094,1,0,1,1,4076,-7381,0.4716981132075472
2021-06-12T00:00:00.000,2:10,40.814632,-73.9442,1,0,1,1,4081,-7394,0.38
2021-06-12T00:00:00.000,15:10,40.67406,-73.820786,0,0,0,0,4067,-7382,0.4186046511627907
2021-06-12T00:00:00.000,13:00,40.690594,-73.79505,0,0,0,0,4069,-7379,0.25925925925925924
2021-06-10T00:00:00.000,14:50,40.868366,-73.88981,0,0,0,0,4086,-7388,0.23943661971830985
2021-06-12T00:00:00.000,9:00,40.68926,-73.937096,0,0,0,0,4068,-7393,0.3619047619047619
2021-06-10T00:00:00.000,6:15,40.676598,-73.93039,1,0,1,1,4067,-7393,0.3755868544600939
2021-06-12T00:00:00.000,15:59,40.756474,-73.94727,2,0,1,1,4075,-7394,0.41333333333333333
2021-06-11T00:00:00.000,9:00,40.62579,-74.00119,0,0,0,0,4062,-7400,0.3150684931506849
2021-06-11T00:00:00.000,16:50,40.798622,-73.94163,1,0,1,1,4079,-7394,0.3523809523809524
2021-06-12T00:00:00.000,0:45,40.63073,-74.01734,5,0,1,1,4063,-7401,0.37777777777777777
2021-06-11T00:00:00.000,16:46,40.683506,-73.97594,0,0,0,0,4068,-7397,0.3412322274881517
2021-06-12T00:00:00.000,22:16,40.83218,-73.88001,0,0,0,0,4083,-7388,0.26717557251908397
2021-06-12T00:00:00.000,17:30,40.643185,-74.09876,0,0,0,0,4064,-7409,0.3333333333333333
2021-06-10T00:00:00.000,14:18,40.836155,-73.87179,0,0,0,0,4083,-7387,0.38414634146341464
2021-06-12T00:00:00.000,12:30,40.5945,-73.78806,0,0,0,0,4059,-7378,0.14705882352941177
2021-06-12T00:00:00.000,22:18,40.647243,-73.96048,2,0,1,1,4064,-7396,0.4714285714285714
2021-06-12T00:00:00.000,3:00,40.693996,-73.85407,0,0,0,0,4069,-7385,0.34
2021-06-12T00:00:00.000,11:19,40.84764,-73.901,0,0,0,0,4084,-7390,0.366120218579235
2021-06-09T00:00:00.000,21:30,40.617584,-74.04048,0,0,0,0,4061,-7404,0.0
2021-06-12T00:00:00.000,3:55,40.75979,-73.98793,0,1,2,1,4075,-7398,0.3170731707317073
2021-06-12T00:00:00.000,10:30,40.746033,-73.93441,0,0,0,0,4074,-7393,0.3333333333333333
2021-06-12T00:00:00.000,16:43,40.8733,-73.853645,1,0,1,1,4087,-7385,0.37681159420289856
2022-07-02T00:00:00.000,0:30,40.764267,-73.9158,1,0,1,1,4076,-7391,0.40476190476190477
2021-06-12T00:00:00.000,10:30,40.600956,-73.98607,0,0,0,0,4060,-7398,0.2711864406779661
2021-06-12T00:00:00.000,10:23,40.777946,-73.752884,2,0,1,1,4077,-7375,1.0
2021-06-12T00:00:00.000,19:55,40.761486,-73.96062,0,0,0,0,4076,-7396,0.3023255813953488
2021-06-11T00:00:00.000,18:09,40.86268,-73.90905,1,0,1,1,4086,-7390,0.42748091603053434
2021-06-12T00:00:00.000,18:15,40.853462,-73.88939,0,0,0,0,4085,-7388,0.3
2021-06-12T00:00:00.000,13:20,40.615566,-73.929115,1,0,1,1,4061,-7392,0.2982456140350877
2021-06-12T00:00:00.000,23:30,40.651676,-73.869225,0,0,0,0,4065,-7386,0.36619718309859156
2021-06-12T00:00:00.000,21:14,40.693565,-73.80769,0,0,0,0,4069,-7380,0.38461538461538464
2021-06-11T00:00:00.000,18:44,40.687294,-73.938896,0,0,0,0,4068,-7393,0.3619047619047619
2021-06-12T00:00:00.000,5:30,40.69677,-73.93701,0,0,0,0,4069,-7393,0.3141025641025641
2021-06-03T00:00:00.000,0:00,40.67662,-73.87264,0,0,0,0,4067,-7387,0.30344827586206896
2021-06-12T00:00:00.000,0:10,40.74147,-73.82281,0,0,0,0,4074,-7382,0.4057971014492754
2021-06-11T00:00:00.000,13:50,40.582108,-73.837135,0,0,0,0,4058,-7383,0.38461538461538464
2021-06-12T00:00:00.000,9:30,40.666595,-73.87176,1,0,1,1,4066,-7387,0.38461538461538464
2021-06-11T00:00:00.000,15:30,40.54387,-74.14445,0,0,0,0,4054,-7414,0.2631578947368421
2021-06-12T00:00:00.000,0:50,40.726986,-73.985756,1,0,1,1,4072,-7398,0.4342105263157895
2022-07-02T00:00:00.000,21:12,40.595642,-73.99676,1,0,1,1,4059,-7399,0.3076923076923077
2022-07-02T00:00:00.000,4:25,40.841026,-73.887245,0,0,0,0,4084,-7388,0.390625
2022-07-01T00:00:00.000,17:45,40.701424,-73.94307,1,0,1,1,4070,-7394,0.3956043956043956
2022-06-28T00:00:00.000,9:05,40.757233,-73.9898,0,0,0,0,4075,-7398,0.3170731707317073
2022-06-29T00:00:00.000,6:18,40.595608,-73.74388,0,0,0,0,4059,-7374,0.18181818181818182
2022-07-02T00:00:00.000,18:05,40.618416,-73.99093,0,0,0,0,4061,-7399,0.29411764705882354
2022-07-02T00:00:00.000,9:00,40.73204,-73.87034,1,0,1,1,4073,-7387,0.3140495867768595
2022-07-01T00:00:00.000,17:30,40.667614,-73.804276,0,0,0,0,4066,-7380,0.40789473684210525
2022-07-02T00:00:00.000,17:15,40.704082,-73.81641,0,0,0,0,4070,-7381,0.3194444444444444
2022-07-02T00:00:00.000,13:24,40.702938,-73.89662,0,0,0,0,4070,-7389,0.2711864406779661
2022-07-01T00:00:00.000,11:38,40.840042,-73.863945,0,0,0,0,4084,-7386,0.375
2022-07-02T00:00:00.000,6:50,40.694096,-73.810814,0,0,0,0,4069,-7381,0.3902439024390244
2022-07-02T00:00:00.000,11:20,40.729515,-73.8715,0,0,0,0,4072,-7387,0.5714285714285714
2022-07-01T00:00:00.000,17:30,40.818954,-73.91404,0,0,0,0,4081,-7391,0.47244094488188976
2022-07-02T00:00:00.000,0:00,40.845085,-73.815735,0,0,0,0,4084,-7381,0.4
2022-07-02T00:00:00.000,12:49,40.67285,-73.97339,0,0,0,0,4067,-7397,0.2818181818181818
2022-06-28T00:00:00.000,19:35,40.71242,-73.923874,0,0,0,0,4071,-7392,0.2777777777777778
2022-06-30T00:00:00.000,8:56,40.592793,-73.77788,4,0,1,1,4059,-7377,0.2692307692307692
2022-07-02T00:00:00.000,5:20,40.67767,-73.74066,0,0,0,0,4067,-7374,0.2619047619047619
2022-07-02T00:00:00.000,17:58,40.676212,-73.755646,0,0,0,0,4067,-7375,0.2608695652173913
2022-07-02T00:00:00.000,21:00,40.704155,-73.90752,2,0,1,1,4070,-7390,0.37894736842105264
2022-07-02T00:00:00.000,18:24,40.666267,-73.845726,1,0,1,1,4066,-7384,0.5925925925925926
2022-04-03T00:00:00.000,13:50,40.681686,-73.87157,1,0,1,1,4068,-7387,0.24719101123595505
2022-04-03T00:00:00.000,2:00,40.670395,-73.93099,1,0,1,1,4067,-7393,0.3755868544600939
2022-04-25T00:00:00.000,16:20,40.672173,-73.761024,1,0,1,1,4067,-7376,0.23076923076923078
2022-04-25T00:00:00.000,16:00,40.66696,-73.77078,0,0,0,0,4066,-7377,0.37362637362637363
2022-04-19T00:00:00.000,10:30,40.6467,-73.95392,0,0,0,0,4064,-7395,0.4796747967479675
2022-04-22T00:00:00.000,14:00,40.879253,-73.91996,0,0,0,0,4087,-7391,0.25925925925925924
2022-04-25T00:00:00.000,18:10,40.71401,-73.92405,0,0,0,0,4071,-7392,0.2777777777777778
2021-09-18T00:00:00.000,10:50,40.6476772,-74.0145875,1,1,2,1,4064,-7401,0.4295774647887324
2021-10-08T00:00:00.000,19:37,40.6379069,-73.8877923,1,0,1,1,4063,-7388,0.3835616438356164
2021-09-27T00:00:00.000,12:20,40.7008471,-73.9949415,0,0,0,0,4070,-7399,0.21052631578947367
2021-10-08T00:00:00.000,13:45,40.595921,-73.9410184,1,0,1,1,4059,-7394,0.275
2021-10-04T00:00:00.000,15:42,40.76975,-73.96061,0,1,2,1,4076,-7396,0.3023255813953488
2021-12-11T00:00:00.000,7:55,40.67632,-73.763435,0,0,0,0,4067,-7376,0.23076923076923078
2021-12-11T00:00:00.000,18:00,40.66484,-73.82229,0,0,0,0,4066,-7382,0.43103448275862066
2021-12-11T00:00:00.000,17:20,40.790855,-73.82215,0,0,0,0,4079,-7382,0.2
2021-12-11T00:00:00.000,4:42,40.62021,-74.16078,0,0,0,0,4062,-7416,0.24444444444444444
2021-12-08T00:00:00.000,17:13,40.67189,-73.895874,0,0,0,0,4067,-7389,0.33852140077821014
2021-12-10T00:00:00.000,0:52,40.686222,-74.00017,0,0,0,0,4068,-7400,0.3333333333333333
2021-12-01T00:00:00.000,18:40,40.876583,-73.863914,0,0,0,0,4087,-7386,0.3142857142857143
2021-12-11T00:00:00.000,11:58,40.702286,-73.74592,2,0,1,1,4070,-7374,0.3333333333333333
2021-12-11T00:00:00.000,5:45,40.71991,-73.809044,0,0,0,0,4071,-7380,0.42105263157894735
2021-12-02T00:00:00.000,11:30,40.651108,-73.94283,0,0,0,0,4065,-7394,0.43137254901960786
2021-11-22T00:00:00.000,9:50,40.704857,-73.784134,0,0,0,0,4070,-7378,0.34523809523809523
2021-12-10T00:00:00.000,0:00,40.83029,-73.850655,1,0,1,1,4083,-7385,0.30158730158730157
2021-12-09T00:00:00.000,8:22,40.677578,-73.88602,0,0,0,0,4067,-7388,0.30434782608695654
2021-11-24T00:00:00.000,4:00,40.837673,-73.86548,0,0,0,0,4083,-7386,0.24822695035460993
2021-12-11T00:00:00.000,3:05,40.650288,-73.9978,0,0,0,0,4065,-7399,0.4117647058823529
2021-12-11T00:00:00.000,4:12,40.84569,-73.8639,0,0,0,0,4084,-7386,0.375
2021-10-09T00:00:00.000,21:55,40.640053,-74.02622,2,0,1,1,4064,-7402,0.41379310344827586
2021-10-09T00:00:00.000,20:45,40.668842,-73.99437,0,0,0,0,4066,-7399,0.40540540540540543
2021-10-06T00:00:00.000,17:23,40.635372,-73.988174,0,0,0,0,4063,-7398,0.4827586206896552
2021-10-09T00:00:00.000,0:39,40.753624,-73.96944,1,0,1,1,4075,-7396,0.4788732394366197
2021-10-09T00:00:00.000,21:50,40.72186,-73.79859,0,0,0,0,4072,-7379,0.3333333333333333
2021-10-09T00:00:00.000,9:03,40.895374,-73.86356,1,0,1,1,4089,-7386,0.28205128205128205
2021-10-07T00:00:00.000,0:33,40.854828,-73.93132,2,0,1,1,4085,-7393,0.36585365853658536
2021-10-09T00:00:00.000,8:00,40.771126,-73.80158,0,0,0,0,4077,-7380,0.25
2022-06-26T00:00:00.000,12:45,40.60352,-73.7516,0,0,0,0,4060,-7375,0.17117117117117117
2021-10-07T00:00:00.000,13:30,40.708443,-74.00689,0,0,0,0,4070,-7400,0.2542372881355932
2021-10-09T00:00:00.000,5:02,40.73361,-73.92385,0,0,0,0,4073,-7392,0.4444444444444444
2021-10-09T00:00:00.000,9:47,40.689274,-73.99913,1,0,1,1,4068,-7399,0.17857142857142858
2021-10-09T00:00:00.000,23:46,40.79423,-73.94695,0,0,0,0,4079,-7394,0.3523809523809524
2021-10-09T00:00:00.000,22:00,40.65245,-73.83821,0,0,0,0,4065,-7383,0.38095238095238093
2021-10-05T00:00:00.000,14:58,40.846138,-73.93424,1,0,1,1,4084,-7393,0.32786885245901637
2021-10-07T00:00:00.000,16:02,40.69118,-73.868065,0,0,0,0,4069,-7386,0.21052631578947367
2021-10-09T00:00:00.000,11:50,40.788895,-73.81869,1,0,1,1,4078,-7381,0.22580645161290322
2021-10-09T00:00:00.000,1:26,40.814938,-73.919716,1,0,1,1,4081,-7391,0.47244094488188976
2021-10-09T00:00:00.000,14:30,40.694187,-73.840004,0,0,0,0,4069,-7384,0.26666666666666666
2022-06-29T00:00:00.000,22:10,40.788315,-73.9765,1,0,1,1,4078,-7397,0.3434343434343434
2021-10-09T00:00:00.000,15:44,40.657383,-73.911514,1,0,1,1,4065,-7391,0.425
2021-10-09T00:00:00.000,3:15,40.752563,-73.74328,0,0,0,0,4075,-7374,0.3333333333333333
2021-10-09T00:00:00.000,11:12,40.80584,-73.96176,0,0,0,0,4080,-7396,0.31343283582089554
2021-10-09T00:00:00.000,6:30,40.724773,-73.94824,0,0,0,0,4072,-7394,0.19801980198019803
2021-10-09T00:00:00.000,12:30,40.667145,-73.89948,0,0,0,0,4066,-7389,0.3103448275862069
2021-10-09T00:00:00.000,14:30,40.80489,-73.922844,0,0,0,0,4080,-7392,0.3141025641025641
2021-10-09T00:00:00.000,3:35,40.656116,-73.89666,1,0,1,1,4065,-7389,0.34965034965034963
2021-10-09T00:00:00.000,6:15,40.707294,-73.85064,0,0,0,0,4070,-7385,0.39436619718309857
2021-10-09T00:00:00.000,14:30,40.68718,-73.79914,1,0,1,1,4068,-7379,0.35
2021-10-09T00:00:00.000,12:30,40.723648,-73.99103,1,0,1,1,4072,-7399,0.3829787234042553
2021-10-01T00:00:00.000,9:49,40.83405,-73.9429,0,0,0,0,4083,-7394,0.38926174496644295
2021-10-09T00:00:00.000,9:30,40.677097,-74.01541,1,0,1,1,4067,-7401,0.32142857142857145
2021-10-09T00:00:00.000,21:10,40.758884,-73.871666,1,0,1,1,4075,-7387,0.33884297520661155
2022-07-01T00:00:00.000,15:50,40.675533,-73.81448,0,0,0,0,4067,-7381,0.4230769230769231
2021-10-09T00:00:00.000,7:20,40.637455,-73.92886,1,0,1,1,4063,-7392,0.4036697247706422
2021-10-09T00:00:00.000,0:05,40.862595,-73.83153,0,0,0,0,4086,-7383,0.3448275862068966
2021-10-07T00:00:00.000,20:30,40.827984,-73.84329,0,0,0,0,4082,-7384,0.3835616438356164
2021-10-07T00:00:00.000,14:27,40.73103,-73.989815,1,0,1,1,4073,-7398,0.36942675159235666
2022-07-02T00:00:00.000,21:40,40.75455,-73.74317,0,0,0,0,4075,-7374,0.3333333333333333
2021-10-09T00:00:00.000,10:55,40.68865,-73.929375,1,0,1,1,4068,-7392,0.2542372881355932
2021-09-29T00:00:00.000,13:30,40.65801,-73.92078,1,0,1,1,4065,-7392,0.35555555555555557
2021-10-09T00:00:00.000,22:00,40.650528,-73.93415,0,0,0,0,4065,-7393,0.44366197183098594
2021-10-09T00:00:00.000,23:56,40.734337,-73.91025,0,0,0,0,4073,-7391,0.33962264150943394
2021-10-09T00:00:00.000,17:05,40.681145,-73.84013,1,0,1,1,4068,-7384,0.3333333333333333
2021-10-09T00:00:00.000,4:52,40.60301,-74.016884,1,0,1,1,4060,-7401,0.30357142857142855
2021-10-05T00:00:00.000,8:30,40.787685,-73.97502,0,0,0,0,4078,-7397,0.3434343434343434
2021-10-09T00:00:00.000,23:30,40.696564,-73.79125,0,0,0,0,4069,-7379,0.25925925925925924
2021-10-09T00:00:00.000,20:34,40.75443,-73.916084,3,0,1,1,4075,-7391,0.4777777777777778
2021-10-09T00:00:00.000,0:15,40.699512,-73.81461,0,0,0,0,4069,-7381,0.3902439024390244
2021-10-09T00:00:00.000,18:25,40.88471,-73.83131,0,0,0,0,4088,-7383,0.3448275862068966
2021-10-07T00:00:00.000,21:38,40.698856,-73.904076,0,0,0,0,4069,-7390,0.29591836734693877
2021-10-09T00:00:00.000,1:30,40.629505,-73.94416,0,0,0,0,4062,-7394,0.41379310344827586
2022-07-02T00:00:00.000,10:50,40.89678,-73.868256,0,0,0,0,4089,-7386,0.28205128205128205
2021-10-09T00:00:00.000,7:35,40.62573,-73.9564,1,0,1,1,4062,-7395,0.4444444444444444
2021-09-26T00:00:00.000,3:05,40.814102,-73.940865,0,0,0,0,4081,-7394,0.38
2021-10-07T00:00:00.000,8:00,40.554695,-74.17314,0,0,0,0,4055,-7417,0.25
2021-10-09T00:00:00.000,9:00,40.751453,-73.83228,0,0,0,0,4075,-7383,0.37681159420289856
2022-07-02T00:00:00.000,17:00,40.826275,-73.85971,0,0,0,0,4082,-7385,0.27
2021-10-09T00:00:00.000,0:50,40.61709,-74.0021,0,0,0,0,4061,-7400,0.3076923076923077
2021-10-09T00:00:00.000,23:00,40.888115,-73.831314,0,0,0,0,4088,-7383,0.3448275862068966
2022-07-02T00:00:00.000,4:00,40.878258,-73.90221,0,0,0,0,4087,-7390,0.3184713375796178
2021-10-09T00:00:00.000,0:00,40.735126,-73.792,1,0,1,1,4073,-7379,0.4
2021-10-09T00:00:00.000,18:00,40.705772,-74.00887,0,0,0,0,4070,-7400,0.2542372881355932
2021-10-09T00:00:00.000,3:55,40.702713,-73.87143,0,0,0,0,4070,-7387,0.24324324324324326
2022-07-02T00:00:00.000,10:05,40.679306,-73.996635,0,0,0,0,4067,-7399,0.3258426966292135
2021-10-09T00:00:00.000,4:24,40.64993,-73.93312,0,0,0,0,4064,-7393,0.3333333333333333
2021-10-09T00:00:00.000,9:24,40.809044,-73.92856,0,0,0,0,4080,-7392,0.3141025641025641
2021-10-09T00:00:00.000,23:17,40.860733,-73.88954,0,0,0,0,4086,-7388,0.23943661971830985
2021-10-09T00:00:00.000,2:27,40.73253,-73.98949,0,0,0,0,4073,-7398,0.36942675159235666
2021-10-08T00:00:00.000,23:55,40.665745,-73.89816,1,0,1,1,4066,-7389,0.3103448275862069
2021-10-09T00:00:00.000,12:52,40.749397,-73.887695,1,0,1,1,4074,-7388,0.2978723404255319
2021-10-09T00:00:00.000,2:30,40.692028,-73.79709,0,0,0,0,4069,-7379,0.25925925925925924
2021-10-09T00:00:00.000,20:50,40.849236,-73.92371,0,0,0,0,4084,-7392,0.3181818181818182
2021-10-09T00:00:00.000,7:52,40.81813,-73.89101,0,0,0,0,4081,-7389,0.31543624161073824
2022-06-25T00:00:00.000,23:21,40.708763,-73.998116,1,0,1,1,4070,-7399,0.21052631578947367
2021-10-07T00:00:00.000,10:35,40.83492,-73.944244,0,0,0,0,4083,-7394,0.38926174496644295
2021-10-08T00:00:00.000,18:34,40.666706,-73.871826,1,0,1,1,4066,-7387,0.38461538461538464
2021-10-09T00:00:00.000,20:10,40.710735,-73.961815,1,0,1,1,4071,-7396,0.3218390804597701
2021-10-09T00:00:00.000,19:25,40.626663,-74.07565,1,0,1,1,4062,-7407,0.35714285714285715
2021-10-06T00:00:00.000,15:10,40.59199,-73.93738,1,0,1,1,4059,-7393,0.47058823529411764
2021-10-09T00:00:00.000,11:32,40.691208,-73.813545,0,0,0,0,4069,-7381,0.3902439024390244
2021-10-09T00:00:00.000,10:20,40.736267,-73.772865,1,0,1,1,4073,-7377,0.5789473684210527
2021-10-09T00:00:00.000,2:30,40.676743,-73.86272,0,0,0,0,4067,-7386,0.3431372549019608
2021-10-09T00:00:00.000,16:44,40.76217,-73.7568,0,0,0,0,4076,-7375,0.3409090909090909
2021-09-16T00:00:00.000,16:15,40.697075,-73.93185,1,0,1,1,4069,-7393,0.3141025641025641
2021-10-09T00:00:00.000,16:30,40.76598,-73.92435,0,0,0,0,4076,-7392,0.42105263157894735
2021-10-09T00:00:00.000,8:25,40.88599,-73.82792,0,0,0,0,4088,-7382,0.2765957446808511
2021-10-09T00:00:00.000,10:06,40.883095,-73.88999,0,0,0,0,4088,-7388,0.42857142857142855
2021-10-05T00:00:00.000,18:30,40.54167,-74.20798,1,0,1,1,4054,-7420,0.5555555555555556
2021-10-09T00:00:00.000,0:10,40.594616,-73.99743,0,0,0,0,4059,-7399,0.3076923076923077
2021-10-05T00:00:00.000,8:36,40.671406,-73.87037,0,0,0,0,4067,-7387,0.30344827586206896
2021-10-09T00:00:00.000,23:55,40.757668,-73.95915,0,0,0,0,4075,-7395,0.38095238095238093
2021-10-09T00:00:00.000,20:00,40.62283,-73.96482,0,0,0,0,4062,-7396,0.375
2021-09-29T00:00:00.000,22:50,40.846153,-73.932335,0,0,0,0,4084,-7393,0.32786885245901637
2021-10-09T00:00:00.000,13:35,40.76226,-73.75699,1,0,1,1,4076,-7375,0.3409090909090909
2021-10-09T00:00:00.000,12:58,40.730293,-73.85592,1,0,1,1,4073,-7385,0.3619047619047619
2021-10-09T00:00:00.000,17:24,40.701057,-73.83823,0,0,0,0,4070,-7383,0.3541666666666667
2021-10-09T00:00:00.000,10:55,40.715397,-73.772766,0,0,0,0,4071,-7377,0.20967741935483872
2021-10-09T00:00:00.000,11:05,40.64787,-73.95574,0,0,0,0,4064,-7395,0.4796747967479675
2021-10-09T00:00:00.000,18:30,40.688614,-73.989174,0,0,0,0,4068,-7398,0.3873239436619718
2022-07-01T00:00:00.000,10:00,40.818348,-73.92951,0,0,0,0,4081,-7392,0.4714285714285714
2021-10-09T00:00:00.000,5:17,40.68729,-73.92176,0,0,0,0,4068,-7392,0.2542372881355932
2021-09-26T00:00:00.000,13:30,40.7674158,-73.9883002,0,0,0,0,4076,-7398,0.3081761006289308
2021-10-07T00:00:00.000,16:38,40.652447,-73.92561,0,0,0,0,4065,-7392,0.35555555555555557
2021-10-09T00:00:00.000,1:28,40.686916,-73.97737,1,0,1,1,4068,-7397,0.3412322274881517
2021-09-13T00:00:00.000,17:02,40.81967,-73.94424,0,0,0,0,4081,-7394,0.38
2021-10-09T00:00:00.000,0:00,40.64094,-74.1319,0,0,0,0,4064,-7413,0.0
2021-10-09T00:00:00.000,16:30,40.60891,-74.17833,3,0,1,1,4060,-7417,0.5
2021-10-09T00:00:00.000,17:45,40.66837,-73.80892,0,0,0,0,4066,-7380,0.40789473684210525
2021-10-09T00:00:00.000,16:45,40.638264,-74.021095,1,0,1,1,4063,-7402,0.3877551020408163
2021-10-09T00:00:00.000,22:51,40.583656,-73.98656,2,0,1,1,4058,-7398,0.4
2021-10-09T00:00:00.000,18:31,40.596184,-73.99739,1,0,1,1,4059,-7399,0.3076923076923077
2021-10-09T00:00:00.000,18:30,40.80016,-73.93538,1,0,1,1,4080,-7393,0.36312849162011174
2021-10-09T00:00:00.000,3:11,40.637806,-73.898254,0,0,0,0,4063,-7389,0.41818181818181815
2021-10-09T00:00:00.000,5:46,40.59106,-73.96063,1,0,1,1,4059,-7396,0.38596491228070173
2021-10-03T00:00:00.000,22:00,40.83983,-73.94236,1,0,1,1,4083,-7394,0.38926174496644295
2021-10-05T00:00:00.000,14:00,40.677296,-73.87682,0,0,0,0,4067,-7387,0.30344827586206896
2021-10-09T00:00:00.000,9:00,40.750626,-73.87595,0,0,0,0,4075,-7387,0.33884297520661155
2021-10-09T00:00:00.000,13:56,40.637226,-74.03083,1,0,1,1,4063,-7403,0.42424242424242425
2021-10-09T00:00:00.000,21:40,40.596184,-74.00053,0,0,0,0,4059,-7400,0.2962962962962963
2021-10-09T00:00:00.000,0:00,40.635864,-74.16716,0,0,0,0,4063,-7416,0.3333333333333333
2021-10-05T00:00:00.000,15:40,40.824757,-73.94052,1,0,1,1,4082,-7394,0.3812154696132597
2021-10-09T00:00:00.000,6:32,40.64495,-73.9249,1,0,1,1,4064,-7392,0.4077669902912621
2021-10-09T00:00:00.000,13:40,40.730076,-73.99285,1,0,1,1,4073,-7399,0.423728813559322
2021-10-09T00:00:00.000,7:22,40.868572,-73.88148,0,0,0,0,4086,-7388,0.23943661971830985
2021-10-09T00:00:00.000,10:20,40.819317,-73.93032,0,0,0,0,4081,-7393,0.32432432432432434
2022-04-03T00:00:00.000,18:27,40.672794,-73.98329,1,0,1,1,4067,-7398,0.3655913978494624
2022-04-25T00:00:00.000,16:12,40.742676,-73.839516,1,0,1,1,4074,-7383,0.4067796610169492
2022-04-23T00:00:00.000,3:40,40.728474,-73.882614,1,0,1,1,4072,-7388,0.4
2022-04-25T00:00:00.000,23:40,40.81423,-73.93444,1,0,1,1,4081,-7393,0.32432432432432434
2021-10-09T00:00:00.000,15:33,40.694782,-73.85258,2,0,1,1,4069,-7385,0.34
2021-10-09T00:00:00.000,14:15,40.647346,-74.007996,0,0,0,0,4064,-7400,0.36764705882352944
2021-10-09T00:00:00.000,2:15,40.719204,-73.99037,0,0,0,0,4071,-7399,0.3263157894736842
2021-10-09T00:00:00.000,3:30,40.842987,-73.900345,0,0,0,0,4084,-7390,0.366120218579235
2021-10-09T00:00:00.000,0:43,40.817116,-73.94801,0,0,0,0,4081,-7394,0.38
2021-10-08T00:00:00.000,15:20,40.656944,-73.88082,1,0,1,1,4065,-7388,0.41509433962264153
2021-10-09T00:00:00.000,15:32,40.839176,-73.94114,1,0,1,1,4083,-7394,0.38926174496644295
2021-10-09T00:00:00.000,14:10,40.58862,-73.81702,0,0,0,0,4058,-7381,0.1875
2021-10-08T00:00:00.000,18:00,40.77929,-73.98114,0,0,0,0,4077,-7398,0.38028169014084506
2021-10-09T00:00:00.000,16:25,40.741375,-73.8804,0,0,0,0,4074,-7388,0.2978723404255319
2021-10-03T00:00:00.000,18:53,40.719395,-74.00189,2,0,1,1,4071,-7400,0.25517241379310346
2021-10-09T00:00:00.000,0:57,40.645237,-73.978714,1,0,1,1,4064,-7397,0.4095238095238095
2021-10-09T00:00:00.000,1:45,40.712612,-73.79323,0,0,0,0,4071,-7379,0.3888888888888889
2021-10-09T00:00:00.000,16:48,40.753563,-73.794586,0,0,0,0,4075,-7379,0.38461538461538464
2021-10-08T00:00:00.000,23:10,40.62417,-73.97048,1,0,1,1,4062,-7397,0.38666666666666666
2021-10-09T00:00:00.000,7:15,40.71009,-73.91453,0,0,0,0,4071,-7391,0.1836734693877551
2021-10-09T00:00:00.000,4:00,40.756676,-73.920876,1,0,1,1,4075,-7392,0.48148148148148145
2021-10-03T00:00:00.000,11:55,40.866062,-73.92251,0,0,0,0,4086,-7392,0.359375
2021-10-09T00:00:00.000,15:15,40.654415,-73.73428,3,0,1,1,4065,-7373,0.3
2021-10-09T00:00:00.000,21:01,40.637417,-74.03126,1,0,1,1,4063,-7403,0.42424242424242425
2021-10-08T00:00:00.000,14:20,40.71582,-73.81759,1,0,1,1,4071,-7381,0.3448275862068966
2021-10-09T00:00:00.000,22:10,40.666138,-73.82422,0,0,0,0,4066,-7382,0.43103448275862066
2021-10-07T00:00:00.000,13:20,40.53448,-74.198586,0,0,0,0,4053,-7419,0.2857142857142857
2021-10-09T00:00:00.000,5:36,40.88519,-73.86529,0,0,0,0,4088,-7386,0.23809523809523808
2021-12-11T00:00:00.000,11:25,40.849167,-73.92393,1,0,1,1,4084,-7392,0.3181818181818182
2021-12-11T00:00:00.000,13:10,40.575356,-74.10483,0,0,0,0,4057,-7410,0.3877551020408163
2021-06-13T00:00:00.000,20:50,40.82243,-73.87295,1,0,1,1,4082,-7387,0.33544303797468356
2021-10-07T00:00:00.000,14:55,40.849285,-73.93894,0,0,0,0,4084,-7393,0.32786885245901637
2021-10-07T00:00:00.000,21:53,40.854904,-73.92965,0,0,0,0,4085,-7392,0.22
2021-10-09T00:00:00.000,1:15,40.766685,-73.892136,2,0,1,1,4076,-7389,0.35185185185185186
2021-10-09T00:00:00.000,21:50,40.64495,-73.95186,4,0,1,1,4064,-7395,0.4796747967479675
2021-10-09T00:00:00.000,18:11,40.742645,-73.98246,0,0,0,0,4074,-7398,0.40131578947368424
2021-10-09T00:00:00.000,20:57,40.85179,-73.90279,1,0,1,1,4085,-7390,0.42207792207792205
2021-10-09T00:00:00.000,18:45,40.760532,-73.89291,0,0,0,0,4076,-7389,0.35185185185185186
2021-10-09T00:00:00.000,18:59,40.67974,-73.86962,0,0,0,0,4067,-7386,0.3431372549019608
2021-10-09T00:00:00.000,21:33,40.63275,-73.98985,0,0,0,0,4063,-7398,0.4827586206896552
2021-10-09T00:00:00.000,14:20,40.879135,-73.854095,1,0,1,1,4087,-7385,0.37681159420289856
2021-10-09T00:00:00.000,11:05,40.88145,-73.91685,0,0,0,0,4088,-7391,0.23076923076923078
2021-10-06T00:00:00.000,20:15,40.67694,-73.87388,0,0,0,0,4067,-7387,0.30344827586206896
2021-10-09T00:00:00.000,12:10,40.681087,-73.846344,0,0,0,0,4068,-7384,0.3333333333333333
2021-10-09T00:00:00.000,18:20,40.69287,-73.85456,1,0,1,1,4069,-7385,0.34
2021-10-09T00:00:00.000,16:55,40.615692,-73.99366,0,0,0,0,4061,-7399,0.29411764705882354
2021-10-09T00:00:00.000,2:22,40.64883,-73.90492,1,0,1,1,4064,-7390,0.4017094017094017
2021-10-09T00:00:00.000,18:15,40.59256,-73.971565,3,0,1,1,4059,-7397,0.3191489361702128
2021-10-09T00:00:00.000,8:50,40.64121,-73.98123,0,0,0,0,4064,-7398,0.40425531914893614
2021-10-09T00:00:00.000,21:30,40.68668,-73.97937,1,0,1,1,4068,-7397,0.3412322274881517
2021-10-09T00:00:00.000,23:50,40.62986,-74.02767,1,0,1,1,4062,-7402,0.3625
2021-10-09T00:00:00.000,11:50,40.728603,-74.005325,0,0,0,0,4072,-7400,0.32926829268292684
2022-04-03T00:00:00.000,20:00,40.709023,-73.800575,0,0,0,0,4070,-7380,0.3877551020408163
2022-04-25T00:00:00.000,20:00,0.0,0.0,1,0,1,1,0,0,0.40425531914893614
2022-04-15T00:00:00.000,20:44,40.685234,-73.92654,1,0,1,1,4068,-7392,0.2542372881355932
2022-04-25T00:00:00.000,12:20,40.775284,-73.963745,0,0,0,0,4077,-7396,0.3695652173913043
2022-04-25T00:00:00.000,0:02,40.597282,-73.907455,0,0,0,0,4059,-7390,0.23404255319148937
2021-10-07T00:00:00.000,19:30,40.81982,-73.81286,0,0,0,0,4081,-7381,0.25
2021-10-09T00:00:00.000,14:20,40.764263,-73.77134,1,0,1,1,4076,-7377,0.20588235294117646
2021-10-09T00:00:00.000,23:45,40.70041,-73.90368,0,0,0,0,4070,-7390,0.37894736842105264
2021-10-09T00:00:00.000,4:25,40.60459,-74.12666,0,0,0,0,4060,-7412,0.2608695652173913
2021-10-09T00:00:00.000,18:32,40.85189,-73.894325,5,0,1,1,4085,-7389,0.3353658536585366
2021-10-09T00:00:00.000,1:47,40.7449,-73.91836,0,0,0,0,4074,-7391,0.38333333333333336
2021-10-09T00:00:00.000,14:30,40.631706,-73.94649,0,0,0,0,4063,-7394,0.358974358974359
2021-10-08T00:00:00.000,8:13,40.839924,-73.93286,0,0,0,0,4083,-7393,0.3333333333333333
2021-10-09T00:00:00.000,16:24,40.765835,-73.95737,0,0,0,0,4076,-7395,0.3696969696969697
2021-10-09T00:00:00.000,2:20,40.708374,-73.84271,2,0,1,1,4070,-7384,0.43333333333333335
2022-07-01T00:00:00.000,15:00,40.79672,-73.97618,1,0,1,1,4079,-7397,0.24210526315789474
2021-10-09T00:00:00.000,15:50,40.841713,-73.93558,0,0,0,0,4084,-7393,0.32786885245901637
2021-10-09T00:00:00.000,5:57,40.876785,-73.87446,2,0,1,1,4087,-7387,0.297029702970297
2021-10-09T00:00:00.000,3:15,40.830166,-73.90624,1,0,1,1,4083,-7390,0.3064516129032258
2021-10-05T00:00:00.000,19:15,40.835808,-73.93556,0,0,0,0,4083,-7393,0.3333333333333333
2021-10-01T00:00:00.000,10:28,40.774906,-73.97692,0,0,0,0,4077,-7397,0.38235294117647056
2021-10-09T00:00:00.000,1:15,40.72641,-73.90604,0,0,0,0,4072,-7390,0.2978723404255319
2021-10-09T00:00:00.000,14:30,40.849403,-73.871445,0,0,0,0,4084,-7387,0.48333333333333334
2022-07-01T00:00:00.000,17:43,40.656643,-74.00527,1,0,1,1,4065,-7400,0.41509433962264153
2021-10-09T00:00:00.000,23:45,40.819195,-73.912506,0,0,0,0,4081,-7391,0.47244094488188976
2021-10-07T00:00:00.000,14:50,40.72543,-73.99678,1,0,1,1,4072,-7399,0.3829787234042553
2021-10-09T00:00:00.000,15:20,40.66452,-73.92111,0,0,0,0,4066,-7392,0.355
2021-10-09T00:00:00.000,10:25,40.888058,-73.831314,1,0,1,1,4088,-7383,0.3448275862068966
2021-10-09T00:00:00.000,19:44,40.80275,-73.93358,1,0,1,1,4080,-7393,0.36312849162011174
2021-10-09T00:00:00.000,4:00,40.768806,-73.900345,0,0,0,0,4076,-7390,0.3055555555555556
2022-07-02T00:00:00.000,23:30,40.8156,-73.9343,4,0,1,1,4081,-7393,0.32432432432432434
2021-10-09T00:00:00.000,3:08,40.71035,-73.7939,0,0,0,0,4071,-7379,0.3888888888888889
2021-10-09T00:00:00.000,14:40,40.654068,-73.96177,0,0,0,0,4065,-7396,0.3939393939393939
2021-10-09T00:00:00.000,4:34,40.705677,-73.926094,0,0,0,0,4070,-7392,0.24305555555555555
2021-10-09T00:00:00.000,22:45,40.818974,-73.89145,0,0,0,0,4081,-7389,0.31543624161073824
2021-09-26T00:00:00.000,10:57,40.662846,-73.94284,0,0,0,0,4066,-7394,0.36792452830188677
2022-07-02T00:00:00.000,22:30,40.61536,-73.987076,0,0,0,0,4061,-7398,0.3698630136986301
2021-10-08T00:00:00.000,12:31,40.750217,-73.979065,0,0,0,0,4075,-7397,0.375886524822695
2021-10-09T00:00:00.000,17:27,40.74138,-73.8572,0,0,0,0,4074,-7385,0.35526315789473684
2021-10-03T00:00:00.000,13:37,40.869843,-73.91588,0,0,0,0,4086,-7391,0.38016528925619836
2021-10-09T00:00:00.000,17:55,40.6832,-73.82742,1,0,1,1,4068,-7382,0.41975308641975306
2021-10-09T00:00:00.000,12:12,40.804585,-73.91213,1,0,1,1,4080,-7391,0.38961038961038963
2021-10-08T00:00:00.000,21:27,40.806107,-73.94039,0,0,0,0,4080,-7394,0.41116751269035534
2022-07-02T00:00:00.000,21:17,40.64912,-73.837395,0,0,0,0,4064,-7383,0.0
2021-10-09T00:00:00.000,21:00,40.664898,-73.820435,0,0,0,0,4066,-7382,0.43103448275862066
2021-10-09T00:00:00.000,6:35,40.599827,-74.17823,0,0,0,0,4059,-7417,0.25
2021-10-09T00:00:00.000,20:44,40.68787,-73.978355,1,0,1,1,4068,-7397,0.3412322274881517
2021-10-05T00:00:00.000,16:17,40.73384,-74.00121,1,0,1,1,4073,-7400,0.2403846153846154
2021-10-05T00:00:00.000,8:50,40.626328,-74.13132,0,0,0,0,4062,-7413,0.4074074074074074
2021-10-09T00:00:00.000,9:30,40.7011,-73.84157,0,0,0,0,4070,-7384,0.43333333333333335
2021-09-20T00:00:00.000,3:30,40.810173,-73.937416,1,0,1,1,4081,-7393,0.32432432432432434
2021-10-07T00:00:00.000,22:12,40.73398,-73.99095,1,0,1,1,4073,-7399,0.423728813559322
2021-10-09T00:00:00.000,4:00,40.895374,-73.86356,1,0,1,1,4089,-7386,0.28205128205128205
2021-10-05T00:00:00.000,7:36,40.64916,-73.94537,0,0,0,0,4064,-7394,0.42342342342342343
2021-09-15T00:00:00.000,15:30,40.66227,-73.952286,0,0,0,0,4066,-7395,0.44375
2021-10-09T00:00:00.000,4:45,40.747627,-73.976746,1,0,1,1,4074,-7397,0.4810810810810811
2021-10-09T00:00:00.000,8:15,40.73822,-73.95316,1,0,1,1,4073,-7395,0.30434782608695654
2021-10-09T00:00:00.000,13:43,40.670357,-73.98872,1,0,1,1,4067,-7398,0.3655913978494624
2021-10-09T00:00:00.000,1:00,40.585144,-73.98936,1,0,1,1,4058,-7398,0.4
2021-10-09T00:00:00.000,9:00,40.649193,-73.88768,0,0,0,0,4064,-7388,0.3225806451612903
2021-10-09T00:00:00.000,23:40,40.794807,-73.94441,0,0,0,0,4079,-7394,0.3523809523809524
2021-10-09T00:00:00.000,19:46,40.70647,-73.838104,1,0,1,1,4070,-7383,0.3541666666666667
2021-10-09T00:00:00.000,13:45,40.74738,-73.76171,0,0,0,0,4074,-7376,0.3333333333333333
2021-10-09T00:00:00.000,19:32,40.845776,-73.863464,2,0,1,1,4084,-7386,0.375
2021-10-09T00:00:00.000,1:30,40.642864,-74.01266,0,0,0,0,4064,-7401,0.4295774647887324
2021-10-09T00:00:00.000,14:06,40.622234,-73.990685,0,0,0,0,4062,-7399,0.3835616438356164
2021-09-23T00:00:00.000,9:10,40.84619,-73.93846,0,0,0,0,4084,-7393,0.32786885245901637
2021-10-09T00:00:00.000,16:05,40.711857,-73.78742,0,0,0,0,4071,-7378,0.32653061224489793
2021-10-09T00:00:00.000,21:02,40.80923,-73.94897,1,0,1,1,4080,-7394,0.41116751269035534
2021-10-03T00:00:00.000,19:13,40.558887,-74.1977,1,0,1,1,4055,-7419,0.36363636363636365
2021-10-09T00:00:00.000,15:25,40.65243,-73.953896,0,0,0,0,4065,-7395,0.38686131386861317
2021-10-09T00:00:00.000,7:30,40.836437,-73.91842,1,0,1,1,4083,-7391,0.33714285714285713
2021-10-09T00:00:00.000,14:00,40.654415,-73.7339,0,0,0,0,4065,-7373,0.3
2021-09-15T00:00:00.000,9:26,40.74905,-73.97243,1,0,1,1,4074,-7397,0.4810810810810811
2021-10-09T00:00:00.000,22:25,40.865795,-73.920006,0,0,0,0,4086,-7392,0.359375
2021-10-09T00:00:00.000,14:15,40.74745,-73.88559,1,0,1,1,4074,-7388,0.2978723404255319
2021-10-09T00:00:00.000,21:20,40.6198312,-74.0295626,1,0,1,1,4061,-7402,0.4090909090909091
2021-10-09T00:00:00.000,7:15,40.841044,-73.9219463,0,0,0,0,4084,-7392,0.3181818181818182
2021-12-11T00:00:00.000,15:19,40.67858,-73.84216,1,0,1,1,4067,-7384,0.28888888888888886
2021-12-11T00:00:00.000,14:30,40.61222,-73.918846,0,0,0,0,4061,-7391,0.358974358974359
2021-12-11T00:00:00.000,20:05,40.719204,-73.99037,0,0,0,0,4071,-7399,0.3263157894736842
2021-12-11T00:00:00.000,22:30,40.766697,-73.99462,0,0,0,0,4076,-7399,0.3275862068965517
2021-12-11T00:00:00.000,20:15,40.670734,-73.93373,1,0,1,1,4067,-7393,0.3755868544600939
2022-07-02T00:00:00.000,16:32,40.64113,-73.901955,0,0,0,0,4064,-7390,0.4017094017094017
2022-07-01T00:00:00.000,16:47,40.791912,-73.94444,0,0,0,0,4079,-7394,0.3523809523809524
2021-12-24T00:00:00.000,18:40,40.62625,-73.95163,0,0,0,0,4062,-7395,0.4444444444444444
2021-12-23T00:00:00.000,9:10,40.666573,-73.811775,0,0,0,0,4066,-7381,0.4716981132075472
2022-01-01T00:00:00.000,5:17,40.74693,-73.84866,1,0,1,1,4074,-7384,0.42857142857142855
2022-07-01T00:00:00.000,9:21,40.714462,-73.98166,1,0,1,1,4071,-7398,0.39568345323741005
2022-09-22T00:00:00.000,9:40,40.730366,-73.91388,1,0,1,1,4073,-7391,0.33962264150943394
2022-07-01T00:00:00.000,19:01,40.86581,-73.88922,1,0,1,1,4086,-7388,0.23943661971830985
2022-07-01T00:00:00.000,14:15,40.728306,-73.99276,0,0,0,0,4072,-7399,0.3829787234042553
2022-07-02T00:00:00.000,15:05,40.691444,-73.75211,0,0,0,0,4069,-7375,0.3584905660377358
2022-07-02T00:00:00.000,19:06,40.595848,-74.0624,0,0,0,0,4059,-7406,0.29411764705882354
2022-07-02T00:00:00.000,17:30,40.68509,-73.80518,0,0,0,0,4068,-7380,0.3829787234042553
2022-07-02T00:00:00.000,14:30,40.77278,-73.896484,1,0,1,1,4077,-7389,0.35
2022-06-26T00:00:00.000,19:24,40.726685,-73.82183,2,0,1,1,4072,-7382,0.45454545454545453
2022-07-02T00:00:00.000,2:55,40.72624,-73.93178,0,0,0,0,4072,-7393,0.36507936507936506
2022-07-02T00:00:00.000,2:45,40.701912,-73.93699,1,0,1,1,4070,-7393,0.3300970873786408
2022-06-30T00:00:00.000,5:20,40.79286,-73.96754,0,0,0,0,4079,-7396,0.25
2022-06-10T00:00:00.000,1:30,40.73166,-73.98545,0,0,0,0,4073,-7398,0.36942675159235666
2022-07-02T00:00:00.000,16:49,40.649693,-73.936966,0,0,0,0,4064,-7393,0.3333333333333333
2022-07-02T00:00:00.000,3:20,40.7485,-73.93853,0,0,0,0,4074,-7393,0.3333333333333333
2022-07-02T00:00:00.000,17:45,40.86177,-73.89868,1,0,1,1,4086,-7389,0.40606060606060607
2022-07-02T00:00:00.000,19:48,40.665092,-73.72988,1,0,1,1,4066,-7372,0.6190476190476191
2022-06-27T00:00:00.000,9:00,40.672745,-73.90766,0,0,0,0,4067,-7390,0.3282442748091603
2022-07-02T00:00:00.000,5:11,40.631554,-73.89764,3,0,1,1,4063,-7389,0.41818181818181815
2022-06-27T00:00:00.000,0:17,40.79525,-73.97321,0,0,0,0,4079,-7397,0.24210526315789474
2022-02-16T00:00:00.000,11:50,40.74284,-74.00028,0,0,0,0,4074,-7400,0.27710843373493976
2022-02-18T00:00:00.000,0:00,40.894978,-73.846375,0,0,0,0,4089,-7384,0.3333333333333333
2022-07-01T00:00:00.000,15:50,40.8281,-73.92021,0,0,0,0,4082,-7392,0.3333333333333333
2022-01-01T00:00:00.000,1:30,40.819157,-73.96038,0,0,0,0,4081,-7396,0.2222222222222222
2022-01-01T00:00:00.000,16:40,40.806107,-73.91799,0,0,0,0,4080,-7391,0.38961038961038963
2022-01-01T00:00:00.000,13:07,40.742737,-73.87643,0,0,0,0,4074,-7387,0.25663716814159293
2022-01-01T00:00:00.000,2:09,40.714996,-73.81022,0,0,0,0,4071,-7381,0.3448275862068966
2022-01-01T00:00:00.000,21:43,40.58392,-73.9379,0,0,0,0,4058,-7393,0.24324324324324326
2022-01-01T00:00:00.000,2:53,40.646034,-73.99678,0,0,0,0,4064,-7399,0.3442622950819672
2022-01-01T00:00:00.000,17:02,40.71236,-73.99375,0,0,0,0,4071,-7399,0.3263157894736842
2021-12-20T00:00:00.000,14:10,0.0,0.0,2,0,1,1,0,0,0.40425531914893614
2022-01-01T00:00:00.000,3:42,40.604618,-74.02771,1,0,1,1,4060,-7402,0.42105263157894735
2022-01-01T00:00:00.000,15:19,40.83375,-73.90049,0,0,0,0,4083,-7390,0.3064516129032258
2021-12-18T00:00:00.000,1:45,40.725433,-73.951744,0,0,0,0,4072,-7395,0.22093023255813954
2022-01-01T00:00:00.000,15:00,40.85879,-73.907364,0,0,0,0,4085,-7390,0.42207792207792205
2022-01-01T00:00:00.000,3:46,40.865795,-73.920006,0,0,0,0,4086,-7392,0.359375
2022-01-01T00:00:00.000,7:30,40.655655,-73.87344,0,0,0,0,4065,-7387,0.2857142857142857
2021-05-19T00:00:00.000,10:00,40.79191,-73.94151,1,0,1,1,4079,-7394,0.3523809523809524
2021-06-03T00:00:00.000,11:05,40.76172,-73.98281,2,0,1,1,4076,-7398,0.3081761006289308
2021-06-07T00:00:00.000,7:10,40.753387,-73.99631,1,0,1,1,4075,-7399,0.2830188679245283
2021-06-10T00:00:00.000,18:43,40.586445,-73.98838,1,0,1,1,4058,-7398,0.4
2021-06-13T00:00:00.000,15:15,40.738644,-73.98751,0,0,0,0,4073,-7398,0.36942675159235666
2021-06-05T00:00:00.000,2:58,40.719936,-74.001434,0,0,0,0,4071,-7400,0.25517241379310346
2021-06-13T00:00:00.000,10:50,40.636814,-74.15767,1,0,1,1,4063,-7415,0.3333333333333333
2021-06-13T00:00:00.000,15:32,40.724167,-74.00113,0,0,0,0,4072,-7400,0.32926829268292684
2021-05-22T00:00:00.000,21:10,40.814487,-73.95547,0,0,0,0,4081,-7395,0.3509933774834437
2021-06-13T00:00:00.000,21:51,40.861862,-73.91282,1,0,1,1,4086,-7391,0.38016528925619836
2021-06-13T00:00:00.000,21:11,40.685795,-73.911644,0,0,0,0,4068,-7391,0.344
2021-06-13T00:00:00.000,12:55,40.663383,-73.90329,2,0,1,1,4066,-7390,0.2777777777777778
2021-06-13T00:00:00.000,0:46,40.860264,-73.90164,0,0,0,0,4086,-7390,0.42748091603053434
2021-06-13T00:00:00.000,0:23,40.728832,-73.88052,0,0,0,0,4072,-7388,0.4
2021-06-11T00:00:00.000,0:50,40.748146,-73.90426,0,0,0,0,4074,-7390,0.40625
2021-06-13T00:00:00.000,19:05,40.556534,-74.12813,1,0,1,1,4055,-7412,0.75
2021-06-13T00:00:00.000,7:10,40.82294,-73.91451,4,0,1,1,4082,-7391,0.3355263157894737
2021-06-13T00:00:00.000,23:30,40.643764,-73.87721,0,0,0,0,4064,-7387,0.4918032786885246
2021-06-07T00:00:00.000,12:36,40.669117,-73.905716,0,0,0,0,4066,-7390,0.2777777777777778
2021-06-12T00:00:00.000,6:35,40.851967,-73.897095,1,0,1,1,4085,-7389,0.3353658536585366
2021-06-13T00:00:00.000,0:34,40.713062,-73.73994,0,0,0,0,4071,-7373,0.25
2021-06-13T00:00:00.000,5:00,40.67089,-73.840805,0,0,0,0,4067,-7384,0.28888888888888886
2021-06-13T00:00:00.000,18:15,40.6742,-73.99984,1,0,1,1,4067,-7399,0.3258426966292135
2021-06-10T00:00:00.000,23:15,40.708515,-73.8034,1,0,1,1,4070,-7380,0.3877551020408163
2021-06-13T00:00:00.000,21:43,40.711704,-73.84477,0,0,0,0,4071,-7384,0.4
2021-06-13T00:00:00.000,7:47,40.75829,-73.83431,1,0,1,1,4075,-7383,0.37681159420289856
2021-06-13T00:00:00.000,5:11,40.83496,-73.939865,0,0,0,0,4083,-7393,0.3333333333333333
2021-06-13T00:00:00.000,3:01,40.882595,-73.89796,1,0,1,1,4088,-7389,0.4626865671641791
2021-06-13T00:00:00.000,2:55,40.722298,-73.89265,0,0,0,0,4072,-7389,0.41379310344827586
2021-06-13T00:00:00.000,10:30,40.674637,-73.88989,0,0,0,0,4067,-7388,0.30434782608695654
2021-06-13T00:00:00.000,13:20,40.610455,-73.99576,0,0,0,0,4061,-7399,0.29411764705882354
2021-06-13T00:00:00.000,18:25,40.630806,-74.10369,1,0,1,1,4063,-7410,0.4117647058823529
2021-06-13T00:00:00.000,17:40,40.86208,-73.86748,0,0,0,0,4086,-7386,0.4642857142857143
2021-06-13T00:00:00.000,12:17,40.744892,-73.77022,0,0,0,0,4074,-7377,0.36363636363636365
2021-06-13T00:00:00.000,0:30,40.804413,-73.90967,0,0,0,0,4080,-7390,0.36538461538461536
2021-06-09T00:00:00.000,6:40,40.696686,-73.9378,0,0,0,0,4069,-7393,0.3141025641025641
2021-06-08T00:00:00.000,18:41,40.674755,-73.91109,0,0,0,0,4067,-7391,0.36597938144329895
2021-06-13T00:00:00.000,10:00,40.86158,-73.85491,0,0,0,0,4086,-7385,0.5
2021-06-04T00:00:00.000,9:00,40.60652,-74.11913,0,0,0,0,4060,-7411,0.35714285714285715
2021-06-13T00:00:00.000,20:10,40.819614,-73.85967,0,0,0,0,4081,-7385,0.30434782608695654
2021-06-13T00:00:00.000,8:15,40.600204,-74.00284,0,0,0,0,4060,-7400,0.24074074074074073
2021-06-13T00:00:00.000,0:00,40.64053,-73.90132,0,0,0,0,4064,-7390,0.4017094017094017
2021-05-26T00:00:00.000,8:00,40.759483,-73.904564,0,0,0,0,4075,-7390,0.37254901960784315
2021-06-13T00:00:00.000,3:55,40.88024,-73.86326,0,0,0,0,4088,-7386,0.23809523809523808
2021-06-13T00:00:00.000,13:42,40.641514,-73.97347,0,0,0,0,4064,-7397,0.4095238095238095
2021-06-06T00:00:00.000,22:00,40.682194,-73.92261,0,0,0,0,4068,-7392,0.2542372881355932
2021-06-08T00:00:00.000,0:20,40.73715,-73.930824,1,0,1,1,4073,-7393,0.38461538461538464
2021-06-13T00:00:00.000,13:25,40.666904,-73.976326,0,0,0,0,4066,-7397,0.24390243902439024
2021-06-13T00:00:00.000,14:15,40.67689,-73.900055,1,0,1,1,4067,-7390,0.3282442748091603
2021-06-13T00:00:00.000,5:00,40.8557,-73.91495,0,0,0,0,4085,-7391,0.373134328358209
2021-06-13T00:00:00.000,5:50,40.73931,-73.91947,0,0,0,0,4073,-7391,0.33962264150943394
2021-06-13T00:00:00.000,8:59,40.73851,-73.70284,2,0,1,1,4073,-7370,0.23529411764705882
2021-06-13T00:00:00.000,17:45,40.575302,-73.98453,0,0,0,0,4057,-7398,0.36904761904761907
2021-06-12T00:00:00.000,6:33,40.85429,-73.90027,0,0,0,0,4085,-7390,0.42207792207792205
2021-06-12T00:00:00.000,13:27,40.585373,-73.80963,2,0,1,1,4058,-7380,0.4
2021-06-13T00:00:00.000,9:00,40.655983,-73.897575,0,0,0,0,4065,-7389,0.34965034965034963
2021-06-13T00:00:00.000,18:00,40.73352,-73.95707,0,0,0,0,4073,-7395,0.30434782608695654
2021-06-08T00:00:00.000,13:00,40.625347,-74.15081,0,0,0,0,4062,-7415,0.37037037037037035
2021-06-13T00:00:00.000,15:55,40.754707,-73.99164,1,0,1,1,4075,-7399,0.2830188679245283
2021-06-13T00:00:00.000,14:24,40.828075,-73.88543,0,0,0,0,4082,-7388,0.27624309392265195
2021-06-13T00:00:00.000,15:45,40.624966,-74.033394,0,0,0,0,4062,-7403,0.15
2021-06-08T00:00:00.000,8:25,40.603493,-74.067345,0,0,0,0,4060,-7406,0.3076923076923077
2021-06-13T00:00:00.000,10:15,40.71319,-73.91078,1,0,1,1,4071,-7391,0.1836734693877551
2021-06-13T00:00:00.000,19:30,40.676216,-73.93764,0,0,0,0,4067,-7393,0.3755868544600939
2021-06-13T00:00:00.000,19:07,40.660652,-73.86577,0,0,0,0,4066,-7386,0.35
2021-06-13T00:00:00.000,10:10,40.791046,-73.95138,0,0,0,0,4079,-7395,0.42
2021-06-03T00:00:00.000,22:15,40.672676,-73.90994,1,0,1,1,4067,-7390,0.3282442748091603
2021-06-09T00:00:00.000,12:19,40.82748,-73.910866,0,0,0,0,4082,-7391,0.3355263157894737
2021-06-13T00:00:00.000,2:20,40.702274,-73.81154,0,0,0,0,4070,-7381,0.3194444444444444
2021-06-12T00:00:00.000,15:22,40.83,-73.91812,0,0,0,0,4083,-7391,0.33714285714285713
2021-06-13T00:00:00.000,13:35,40.606197,-73.95874,0,0,0,0,4060,-7395,0.4791666666666667
2021-06-13T00:00:00.000,13:30,40.60638,-73.754715,0,0,0,0,4060,-7375,0.17117117117117117
2021-06-02T00:00:00.000,23:30,40.813198,-73.95825,0,0,0,0,4081,-7395,0.3509933774834437
2021-06-13T00:00:00.000,23:23,40.60307,-74.01667,4,0,1,1,4060,-7401,0.30357142857142855
2021-06-09T00:00:00.000,16:45,40.741585,-73.92281,0,0,0,0,4074,-7392,0.3709677419354839
2021-06-13T00:00:00.000,21:50,40.627365,-74.166565,0,0,0,0,4062,-7416,0.24444444444444444
2021-06-08T00:00:00.000,17:00,40.66375,-73.90089,0,0,0,0,4066,-7390,0.2777777777777778
2021-06-13T00:00:00.000,1:25,40.695847,-73.908806,1,0,1,1,4069,-7390,0.29591836734693877
2021-05-31T00:00:00.000,20:45,40.70722,-73.78957,1,0,1,1,4070,-7378,0.34523809523809523
2021-06-13T00:00:00.000,12:10,40.649944,-73.96703,0,0,0,0,4064,-7396,0.4714285714285714
2021-06-13T00:00:00.000,17:00,40.73149,-73.84215,0,0,0,0,4073,-7384,0.2682926829268293
2021-06-13T00:00:00.000,16:39,40.65319,-73.96622,0,0,0,0,4065,-7396,0.3939393939393939
2021-06-13T00:00:00.000,13:21,40.805557,-73.91047,2,0,1,1,4080,-7391,0.38961038961038963
2021-06-13T00:00:00.000,12:20,40.73117,-73.98433,1,0,1,1,4073,-7398,0.36942675159235666
2021-06-13T00:00:00.000,1:34,40.75295,-73.96681,0,0,0,0,4075,-7396,0.4788732394366197
2021-05-28T00:00:00.000,20:20,40.844524,-73.902725,0,0,0,0,4084,-7390,0.366120218579235
2021-06-12T00:00:00.000,20:07,40.691967,-73.78251,1,0,1,1,4069,-7378,0.29310344827586204
2021-06-13T00:00:00.000,14:44,40.70986,-73.96696,0,0,0,0,4070,-7396,0.3431372549019608
2021-06-12T00:00:00.000,10:21,40.84689,-73.8853,0,0,0,0,4084,-7388,0.390625
2022-01-01T00:00:00.000,18:21,40.890648,-73.84875,1,0,1,1,4089,-7384,0.3333333333333333
2021-06-13T00:00:00.000,9:05,40.67069,-73.91703,1,0,1,1,4067,-7391,0.36597938144329895
2021-06-13T00:00:00.000,1:45,40.65979,-73.773476,0,0,0,0,4065,-7377,0.3125
2021-06-13T00:00:00.000,18:29,40.68943,-73.99688,0,0,0,0,4068,-7399,0.17857142857142858
2021-06-13T00:00:00.000,17:30,40.693523,-73.980316,0,0,0,0,4069,-7398,0.3229166666666667
2021-06-08T00:00:00.000,12:00,40.752937,-73.940414,0,0,0,0,4075,-7394,0.41333333333333333
2021-06-13T00:00:00.000,15:00,40.80489,-73.922844,0,0,0,0,4080,-7392,0.3141025641025641
2021-06-13T00:00:00.000,17:00,40.594616,-73.99743,0,0,0,0,4059,-7399,0.3076923076923077
2021-06-13T00:00:00.000,19:15,40.64212,-73.94381,0,0,0,0,4064,-7394,0.42342342342342343
2021-06-13T00:00:00.000,21:40,40.685013,-73.929474,0,0,0,0,4068,-7392,0.2542372881355932
2021-06-10T00:00:00.000,14:40,40.758602,-73.91379,1,0,1,1,4075,-7391,0.4777777777777778
2021-06-13T00:00:00.000,18:50,40.664417,-73.76975,0,0,0,0,4066,-7376,0.30434782608695654
2021-06-13T00:00:00.000,5:08,40.614082,-74.14263,0,0,0,0,4061,-7414,0.625
2021-06-13T00:00:00.000,3:41,40.607338,-73.96189,1,0,1,1,4060,-7396,0.5714285714285714
2021-06-10T00:00:00.000,18:30,40.826042,-73.85933,2,0,1,1,4082,-7385,0.27
2021-06-08T00:00:00.000,13:20,40.79423,-73.94695,0,0,0,0,4079,-7394,0.3523809523809524
2021-05-25T00:00:00.000,5:40,40.717754,-73.75815,0,0,0,0,4071,-7375,0.3269230769230769
2021-06-13T00:00:00.000,0:36,40.7008,-73.907364,0,0,0,0,4070,-7390,0.37894736842105264
2021-06-13T00:00:00.000,14:00,40.848362,-73.86252,1,0,1,1,4084,-7386,0.375
2021-06-13T00:00:00.000,16:30,40.653755,-73.88173,0,0,0,0,4065,-7388,0.41509433962264153
2021-06-13T00:00:00.000,16:45,40.701824,-73.753494,4,0,1,1,4070,-7375,0.4117647058823529
2021-06-13T00:00:00.000,16:28,40.739872,-73.996895,0,0,0,0,4073,-7399,0.423728813559322
2021-06-13T00:00:00.000,4:25,40.751404,-74.00518,1,0,1,1,4075,-7400,0.3888888888888889
2021-06-11T00:00:00.000,16:21,40.851467,-73.89557,0,0,0,0,4085,-7389,0.3353658536585366
2021-06-13T00:00:00.000,2:55,40.772156,-73.94541,1,0,1,1,4077,-7394,0.28
2021-06-13T00:00:00.000,15:30,40.677887,-73.89796,0,0,0,0,4067,-7389,0.33852140077821014
2021-06-13T00:00:00.000,12:03,40.631176,-74.120285,0,0,0,0,4063,-7412,0.36363636363636365
2021-06-13T00:00:00.000,22:30,40.78913,-73.97638,0,0,0,0,4078,-7397,0.3434343434343434
2021-06-13T00:00:00.000,20:00,40.763695,-73.81911,0,0,0,0,4076,-7381,0.4716981132075472
2020-05-21T00:00:00.000,12:00,40.68484,-73.90672,0,0,0,0,4068,-7390,0.4421052631578947
2021-06-13T00:00:00.000,16:08,40.86155,-73.92472,1,0,1,1,4086,-7392,0.359375
2021-06-12T00:00:00.000,14:00,40.74656,-73.89413,0,0,0,0,4074,-7389,0.3203125
2021-06-13T00:00:00.000,16:40,40.698757,-73.91885,0,0,0,0,4069,-7391,0.2709677419354839
2021-06-13T00:00:00.000,20:55,40.833416,-73.90709,0,0,0,0,4083,-7390,0.3064516129032258
2021-06-10T00:00:00.000,17:42,40.862717,-73.9023,0,0,0,0,4086,-7390,0.42748091603053434
2021-06-13T00:00:00.000,2:15,40.82656,-73.82208,0,0,0,0,4082,-7382,0.46153846153846156
2021-06-02T00:00:00.000,23:20,40.68319,-73.8663,1,0,1,1,4068,-7386,0.423728813559322
2021-06-13T00:00:00.000,13:49,40.655563,-73.87974,1,0,1,1,4065,-7387,0.2857142857142857
2021-06-13T00:00:00.000,4:00,40.606014,-74.00517,0,0,0,0,4060,-7400,0.24074074074074073
2021-06-13T00:00:00.000,0:00,40.850395,-73.9228,0,0,0,0,4085,-7392,0.22
2021-06-13T00:00:00.000,9:00,40.748405,-73.97094,0,0,0,0,4074,-7397,0.4810810810810811
2021-06-10T00:00:00.000,22:11,40.737152,-73.90602,1,0,1,1,4073,-7390,0.42424242424242425
2021-06-13T00:00:00.000,15:05,40.66879,-73.88839,1,0,1,1,4066,-7388,0.37012987012987014
2021-06-13T00:00:00.000,18:55,40.88437,-73.89582,0,0,0,0,4088,-7389,0.4626865671641791
2021-06-13T00:00:00.000,5:14,40.895496,-73.852295,0,0,0,0,4089,-7385,0.3813559322033898
2021-06-11T00:00:00.000,18:01,40.853683,-73.86917,1,0,1,1,4085,-7386,0.33766233766233766
2021-06-11T00:00:00.000,21:52,40.680923,-73.85503,0,0,0,0,4068,-7385,0.43103448275862066
2021-06-13T00:00:00.000,1:00,40.686073,-73.81564,0,0,0,0,4068,-7381,0.4117647058823529
2021-06-01T00:00:00.000,13:36,40.685215,-73.982475,0,0,0,0,4068,-7398,0.3873239436619718
2022-01-01T00:00:00.000,0:20,40.75478,-73.97994,0,0,0,0,4075,-7397,0.375886524822695
2021-06-13T00:00:00.000,9:20,40.75548,-73.74173,0,0,0,0,4075,-7374,0.3333333333333333
2021-06-13T00:00:00.000,0:00,40.703163,-73.81662,1,0,1,1,4070,-7381,0.3194444444444444
2021-06-13T00:00:00.000,16:25,40.82712,-73.909744,0,0,0,0,4082,-7390,0.3025210084033613
2021-06-13T00:00:00.000,5:13,40.60366,-73.94734,1,0,1,1,4060,-7394,0.5217391304347826
2021-06-13T00:00:00.000,0:27,40.639023,-73.90462,0,0,0,0,4063,-7390,0.3561643835616438
2021-06-13T00:00:00.000,7:00,40.8205,-73.81183,0,0,0,0,4082,-7381,0.17647058823529413
2021-06-13T00:00:00.000,15:46,40.686436,-73.9292,2,0,1,1,4068,-7392,0.2542372881355932
2021-06-08T00:00:00.000,19:00,0.0,0.0,0,0,0,0,0,0,0.40425531914893614
2021-06-13T00:00:00.000,15:45,40.855686,-73.89594,0,0,0,0,4085,-7389,0.3353658536585366
2021-06-13T00:00:00.000,12:54,40.706047,-73.94129,0,0,0,0,4070,-7394,0.3956043956043956
2021-06-13T00:00:00.000,13:15,40.85441,-73.88139,1,0,1,1,4085,-7388,0.3
2021-03-27T00:00:00.000,15:25,40.6915,-73.90956,0,0,0,0,4069,-7390,0.29591836734693877
2021-06-13T00:00:00.000,7:47,40.60158,-73.7409,0,0,0,0,4060,-7374,0.15789473684210525
2021-06-13T00:00:00.000,14:00,40.602478,-73.96636,1,0,1,1,4060,-7396,0.5714285714285714
2021-06-13T00:00:00.000,23:08,40.72383,-73.983795,0,0,0,0,4072,-7398,0.4342105263157895
2021-06-13T00:00:00.000,3:17,40.75582,-73.970764,1,0,1,1,4075,-7397,0.375886524822695
2022-01-01T00:00:00.000,5:55,40.693344,-73.80228,1,0,1,1,4069,-7380,0.38461538461538464
2021-06-11T00:00:00.000,14:00,40.721943,-73.95545,0,0,0,0,4072,-7395,0.22093023255813954
2021-06-13T00:00:00.000,21:30,40.74223,-73.95885,1,0,1,1,4074,-7395,0.35185185185185186
2021-05-29T00:00:00.000,7:00,40.82181,-73.939514,0,0,0,0,4082,-7393,0.36645962732919257
2021-06-12T00:00:00.000,20:05,40.687485,-73.75057,0,0,0,0,4068,-7375,0.3877551020408163
2021-06-13T00:00:00.000,14:00,40.683193,-73.891266,0,0,0,0,4068,-7389,0.5
2021-06-13T00:00:00.000,7:00,40.626842,-74.12697,2,0,1,1,4062,-7412,0.21739130434782608
2021-06-13T00:00:00.000,22:57,40.80256,-73.943,1,0,1,1,4080,-7394,0.41116751269035534
2021-06-06T00:00:00.000,4:45,40.71985,-73.994255,0,0,0,0,4071,-7399,0.3263157894736842
2021-06-13T00:00:00.000,8:28,40.69787,-73.743034,2,0,1,1,4069,-7374,0.46774193548387094
2021-06-13T00:00:00.000,0:00,40.669456,-73.86284,0,0,0,0,4066,-7386,0.35
2021-05-25T00:00:00.000,19:30,40.666653,-73.90275,0,0,0,0,4066,-7390,0.2777777777777778
2021-06-13T00:00:00.000,13:30,40.703545,-73.92234,0,0,0,0,4070,-7392,0.24305555555555555
2021-06-13T00:00:00.000,13:50,40.79378,-73.945175,1,0,1,1,4079,-7394,0.3523809523809524
2021-06-12T00:00:00.000,19:10,40.688656,-73.760704,0,0,0,0,4068,-7376,0.35714285714285715
2021-06-13T00:00:00.000,1:40,40.865795,-73.920006,0,0,0,0,4086,-7392,0.359375
2021-06-13T00:00:00.000,8:00,40.625046,-74.16651,0,0,0,0,4062,-7416,0.24444444444444444
2021-06-13T00:00:00.000,9:30,40.76843,-73.9354,0,0,0,0,4076,-7393,0.44680851063829785
2021-06-13T00:00:00.000,21:00,40.62469,-73.93634,0,0,0,0,4062,-7393,0.4444444444444444
2021-06-13T00:00:00.000,0:15,40.854874,-73.916794,0,0,0,0,4085,-7391,0.373134328358209
2021-06-13T00:00:00.000,2:35,40.679367,-73.931335,1,0,1,1,4067,-7393,0.3755868544600939
2021-06-13T00:00:00.000,15:15,40.677883,-73.74561,0,0,0,0,4067,-7374,0.2619047619047619
2021-06-11T00:00:00.000,12:00,40.678135,-73.98492,0,0,0,0,4067,-7398,0.3655913978494624
2021-06-13T00:00:00.000,17:04,40.60548,-73.999725,0,0,0,0,4060,-7399,0.31683168316831684
2021-06-13T00:00:00.000,19:17,40.67233,-73.84019,0,0,0,0,4067,-7384,0.28888888888888886
2021-06-09T00:00:00.000,8:49,40.676247,-73.907135,0,0,0,0,4067,-7390,0.3282442748091603
2021-06-13T00:00:00.000,5:22,40.728413,-73.88078,0,0,0,0,4072,-7388,0.4
2021-06-13T00:00:00.000,21:55,40.70084,-73.824585,0,0,0,0,4070,-7382,0.4166666666666667
2021-06-13T00:00:00.000,14:04,40.835648,-73.855545,1,0,1,1,4083,-7385,0.30158730158730157
2021-06-13T00:00:00.000,22:00,40.754707,-73.99164,0,0,0,0,4075,-7399,0.2830188679245283
2021-06-13T00:00:00.000,5:00,40.630535,-73.8884,1,0,1,1,4063,-7388,0.3835616438356164
2021-06-13T00:00:00.000,20:00,40.81891,-73.86819,0,0,0,0,4081,-7386,0.23333333333333334
2021-06-12T00:00:00.000,17:35,40.695255,-73.75554,1,0,1,1,4069,-7375,0.3584905660377358
2022-01-01T00:00:00.000,17:00,40.701195,-73.91409,0,0,0,0,4070,-7391,0.27450980392156865
2021-06-13T00:00:00.000,17:30,40.678226,-73.742386,0,0,0,0,4067,-7374,0.2619047619047619
2021-06-12T00:00:00.000,16:34,40.643215,-74.098305,1,0,1,1,4064,-7409,0.3333333333333333
2021-06-13T00:00:00.000,14:14,40.66633,-73.91571,0,0,0,0,4066,-7391,0.3630952380952381
2021-06-08T00:00:00.000,10:00,40.693104,-73.966835,0,0,0,0,4069,-7396,0.325
2021-06-13T00:00:00.000,23:01,40.845108,-73.913025,1,0,1,1,4084,-7391,0.32558139534883723
2021-06-13T00:00:00.000,11:55,40.673946,-73.86966,2,0,1,1,4067,-7386,0.3431372549019608
2021-06-13T00:00:00.000,23:25,40.852703,-73.921844,0,0,0,0,4085,-7392,0.22
2021-06-13T00:00:00.000,1:45,40.60739,-74.007454,0,0,0,0,4060,-7400,0.24074074074074073
2021-06-13T00:00:00.000,13:44,40.877033,-73.846375,1,0,1,1,4087,-7384,0.47297297297297297
2021-06-13T00:00:00.000,3:00,40.67235,-73.75269,0,0,0,0,4067,-7375,0.2608695652173913
2021-06-11T00:00:00.000,23:40,40.857056,-73.88326,0,0,0,0,4085,-7388,0.3
2021-06-13T00:00:00.000,22:00,40.771946,-73.734406,0,0,0,0,4077,-7373,0.2857142857142857
2021-06-13T00:00:00.000,16:30,40.767998,-73.830864,0,0,0,0,4076,-7383,0.33695652173913043
2021-06-12T00:00:00.000,22:00,40.63195,-74.14667,2,0,1,1,4063,-7414,0.5769230769230769
2023-01-15T00:00:00.000,12:55,40.790936,-73.968925,2,0,1,1,4079,-7396,0.25
2021-06-13T00:00:00.000,5:20,40.60309,-73.99262,0,0,0,0,4060,-7399,0.31683168316831684
2021-06-13T00:00:00.000,6:28,40.830223,-73.834045,0,0,0,0,4083,-7383,0.36363636363636365
2021-06-13T00:00:00.000,15:30,40.610455,-73.99576,0,0,0,0,4061,-7399,0.29411764705882354
2021-06-13T00:00:00.000,16:24,40.635696,-73.903465,0,0,0,0,4063,-7390,0.3561643835616438
2021-06-13T00:00:00.000,4:10,40.753933,-73.86122,1,0,1,1,4075,-7386,0.33653846153846156
2021-06-13T00:00:00.000,11:50,40.779476,-73.97358,1,0,1,1,4077,-7397,0.38235294117647056
2021-06-08T00:00:00.000,16:16,40.61449,-73.92789,1,0,1,1,4061,-7392,0.2982456140350877
2021-06-09T00:00:00.000,0:30,40.720707,-73.981316,1,0,1,1,4072,-7398,0.4342105263157895
2021-06-13T00:00:00.000,3:20,40.60566,-73.966965,0,0,0,0,4060,-7396,0.5714285714285714
2021-06-13T00:00:00.000,8:28,40.863106,-73.82572,2,0,1,1,4086,-7382,0.3611111111111111
2021-06-13T00:00:00.000,23:20,40.6905,-73.86353,0,0,0,0,4069,-7386,0.21052631578947367
2021-06-13T00:00:00.000,13:29,40.70752,-73.7641,1,0,1,1,4070,-7376,0.43902439024390244
2021-06-13T00:00:00.000,21:15,40.73673,-73.85625,1,0,1,1,4073,-7385,0.3619047619047619
2021-06-13T00:00:00.000,19:45,40.699024,-73.91623,1,0,1,1,4069,-7391,0.2709677419354839
2021-06-13T00:00:00.000,22:35,40.596,-73.77067,0,0,0,0,4059,-7377,0.2692307692307692
2021-06-10T00:00:00.000,17:00,40.721676,-73.98061,0,0,0,0,4072,-7398,0.4342105263157895
2021-06-13T00:00:00.000,13:30,40.670254,-73.85728,0,0,0,0,4067,-7385,0.26666666666666666
2021-06-13T00:00:00.000,1:35,40.760902,-73.98713,2,0,1,1,4076,-7398,0.3081761006289308
2021-06-13T00:00:00.000,20:15,40.5837,-73.94259,0,0,0,0,4058,-7394,0.40816326530612246
2021-06-10T00:00:00.000,20:22,40.861862,-73.91282,0,0,0,0,4086,-7391,0.38016528925619836
2021-06-13T00:00:00.000,20:46,40.85638,-73.82631,2,0,1,1,4085,-7382,0.45714285714285713
2021-06-12T00:00:00.000,12:30,40.675316,-73.90714,0,0,0,0,4067,-7390,0.3282442748091603
2021-06-11T00:00:00.000,11:00,40.852524,-73.88432,0,0,0,0,4085,-7388,0.3
2021-06-13T00:00:00.000,22:05,40.698257,-73.82039,0,0,0,0,4069,-7382,0.37209302325581395
2021-06-12T00:00:00.000,21:35,40.687485,-73.75057,1,0,1,1,4068,-7375,0.3877551020408163
2021-06-13T00:00:00.000,5:00,40.736057,-73.87941,0,0,0,0,4073,-7387,0.3140495867768595
2021-06-13T00:00:00.000,3:00,40.651627,-73.73399,0,0,0,0,4065,-7373,0.3
2021-06-04T00:00:00.000,20:30,40.73372,-73.766365,1,0,1,1,4073,-7376,0.2857142857142857
2021-06-13T00:00:00.000,19:43,40.67398,-73.899315,0,0,0,0,4067,-7389,0.33852140077821014
2021-06-13T00:00:00.000,14:25,40.71803,-73.989426,0,0,0,0,4071,-7398,0.39568345323741005
2021-06-13T00:00:00.000,22:40,40.663643,-73.87395,1,0,1,1,4066,-7387,0.38461538461538464
2021-06-13T00:00:00.000,17:19,40.778084,-73.82688,1,0,1,1,4077,-7382,0.4444444444444444
2021-06-13T00:00:00.000,3:00,40.662582,-73.896385,0,0,0,0,4066,-7389,0.3103448275862069
2021-06-10T00:00:00.000,13:15,40.765106,-73.931465,0,0,0,0,4076,-7393,0.44680851063829785
2021-06-13T00:00:00.000,19:29,40.681885,-73.85165,1,0,1,1,4068,-7385,0.43103448275862066
2021-06-13T00:00:00.000,5:35,40.705425,-73.78258,0,0,0,0,4070,-7378,0.34523809523809523
2021-06-13T00:00:00.000,12:00,40.87989,-73.83797,1,0,1,1,4087,-7383,0.3333333333333333
2021-06-13T00:00:00.000,16:30,40.700245,-73.92089,0,0,0,0,4070,-7392,0.24305555555555555
2021-06-13T00:00:00.000,11:40,40.767117,-73.956505,0,0,0,0,4076,-7395,0.3696969696969697
2021-06-09T00:00:00.000,16:50,40.67887,-73.92165,1,0,1,1,4067,-7392,0.39655172413793105
2021-06-13T00:00:00.000,13:00,40.862755,-73.901085,1,0,1,1,4086,-7390,0.42748091603053434
2021-06-13T00:00:00.000,12:21,40.881794,-73.89881,1,0,1,1,4088,-7389,0.4626865671641791
2021-06-13T00:00:00.000,12:09,40.66561,-73.73568,0,0,0,0,4066,-7373,0.44339622641509435
2021-06-13T00:00:00.000,14:15,40.689922,-73.92281,0,0,0,0,4068,-7392,0.2542372881355932
2021-06-12T00:00:00.000,23:55,40.66871,-73.91731,0,0,0,0,4066,-7391,0.3630952380952381
2021-06-13T00:00:00.000,4:16,40.868248,-73.916145,0,0,0,0,4086,-7391,0.38016528925619836
2021-06-09T00:00:00.000,12:00,40.67392,-73.91012,0,0,0,0,4067,-7391,0.36597938144329895
2021-06-13T00:00:00.000,2:03,40.810173,-73.937416,0,0,0,0,4081,-7393,0.32432432432432434
2021-06-13T00:00:00.000,4:59,40.842678,-73.899376,0,0,0,0,4084,-7389,0.33766233766233766
2021-06-13T00:00:00.000,22:20,40.7108,-74.00342,0,0,0,0,4071,-7400,0.25517241379310346
2021-06-08T00:00:00.000,0:15,40.719685,-73.997154,0,0,0,0,4071,-7399,0.3263157894736842
2021-06-12T00:00:00.000,21:00,40.785027,-73.91382,0,0,0,0,4078,-7391,0.2777777777777778
2021-06-13T00:00:00.000,16:12,40.685024,-73.98612,0,0,0,0,4068,-7398,0.3873239436619718
2021-06-13T00:00:00.000,5:52,40.74677,-73.9837,0,0,0,0,4074,-7398,0.40131578947368424
2021-06-13T00:00:00.000,15:30,40.76713,-73.99373,1,0,1,1,4076,-7399,0.3275862068965517
2021-06-13T00:00:00.000,13:36,40.719864,-73.94486,2,0,1,1,4071,-7394,0.3710691823899371
2021-06-13T00:00:00.000,8:48,40.844864,-73.92256,1,0,1,1,4084,-7392,0.3181818181818182
2021-06-10T00:00:00.000,20:05,40.864132,-73.89132,0,0,0,0,4086,-7389,0.40606060606060607
2021-06-13T00:00:00.000,0:52,40.73261,-73.8686,0,0,0,0,4073,-7386,0.3464566929133858
2021-06-11T00:00:00.000,14:07,40.63762,-74.00734,0,0,0,0,4063,-7400,0.3068181818181818
2021-06-13T00:00:00.000,4:23,40.63272,-73.90886,0,0,0,0,4063,-7390,0.3561643835616438
2021-06-10T00:00:00.000,16:47,40.731194,-73.95781,0,0,0,0,4073,-7395,0.30434782608695654
2021-06-13T00:00:00.000,12:57,40.68519,-73.75484,0,0,0,0,4068,-7375,0.3877551020408163
2021-06-09T00:00:00.000,17:14,40.619774,-74.0777,1,0,1,1,4061,-7407,0.2
2021-06-13T00:00:00.000,10:45,40.66127,-73.896065,0,0,0,0,4066,-7389,0.3103448275862069
2021-06-13T00:00:00.000,4:20,40.75829,-73.83431,0,0,0,0,4075,-7383,0.37681159420289856
2021-06-13T00:00:00.000,12:25,40.706284,-73.960594,0,0,0,0,4070,-7396,0.3431372549019608
2021-06-13T00:00:00.000,4:07,40.614166,-73.92886,1,0,1,1,4061,-7392,0.2982456140350877
2021-06-04T00:00:00.000,13:53,40.821068,-73.89894,1,0,1,1,4082,-7389,0.37423312883435583
2021-06-13T00:00:00.000,2:24,40.89711,-73.88008,0,0,0,0,4089,-7388,0.5
2021-06-13T00:00:00.000,18:50,40.74089,-73.92201,1,0,1,1,4074,-7392,0.3709677419354839
2021-06-13T00:00:00.000,15:00,40.67029,-73.915405,0,0,0,0,4067,-7391,0.36597938144329895
2021-06-13T00:00:00.000,17:35,40.761272,-73.95571,1,0,1,1,4076,-7395,0.3696969696969697
2021-06-13T00:00:00.000,17:02,40.679634,-73.94959,2,0,1,1,4067,-7394,0.34074074074074073
2021-06-13T00:00:00.000,2:00,40.77872,-73.9893,0,0,0,0,4077,-7398,0.38028169014084506
2021-06-13T00:00:00.000,0:00,40.609,-73.957726,0,0,0,0,4060,-7395,0.4791666666666667
2021-06-13T00:00:00.000,15:54,40.62577,-73.97983,0,0,0,0,4062,-7397,0.38666666666666666
2021-05-14T00:00:00.000,13:40,40.759037,-73.8879,1,0,1,1,4075,-7388,0.3402061855670103
2021-06-13T00:00:00.000,10:00,40.77279,-73.837135,0,0,0,0,4077,-7383,0.25
2021-06-11T00:00:00.000,22:30,40.55057,-74.16758,2,0,1,1,4055,-7416,0.5416666666666666
2021-06-13T00:00:00.000,13:35,40.675888,-73.89523,1,0,1,1,4067,-7389,0.33852140077821014
2021-06-06T00:00:00.000,12:50,40.77622,-73.97596,1,0,1,1,4077,-7397,0.38235294117647056
2022-01-01T00:00:00.000,8:00,40.75081,-73.89398,1,0,1,1,4075,-7389,0.4805194805194805
2021-06-13T00:00:00.000,5:50,40.844246,-73.93372,0,0,0,0,4084,-7393,0.32786885245901637
2021-06-13T00:00:00.000,18:00,40.84036,-73.91807,1,0,1,1,4084,-7391,0.32558139534883723
2021-06-13T00:00:00.000,1:00,40.56477,-74.127655,0,0,0,0,4056,-7412,0.2222222222222222
2021-06-13T00:00:00.000,17:00,40.8485,-73.820496,0,0,0,0,4084,-7382,0.4
2021-06-13T00:00:00.000,11:37,40.760532,-73.753716,4,0,1,1,4076,-7375,0.3409090909090909
2021-06-13T00:00:00.000,0:06,40.666187,-73.916664,4,0,1,1,4066,-7391,0.3630952380952381
2021-06-13T00:00:00.000,21:30,40.70602,-73.96148,0,0,0,0,4070,-7396,0.3431372549019608
2021-06-13T00:00:00.000,21:45,40.755486,-73.82472,0,0,0,0,4075,-7382,0.4915254237288136
2021-06-13T00:00:00.000,0:00,40.8144,-73.91069,0,0,0,0,4081,-7391,0.47244094488188976
2021-06-13T00:00:00.000,18:00,40.60342,-73.98865,0,0,0,0,4060,-7398,0.2711864406779661
2021-06-13T00:00:00.000,17:30,40.618584,-73.95474,0,0,0,0,4061,-7395,0.4461538461538462
2021-06-13T00:00:00.000,17:30,40.69193,-73.91031,1,0,1,1,4069,-7391,0.2709677419354839
2021-06-13T00:00:00.000,11:40,40.610508,-74.09576,0,0,0,0,4061,-7409,0.46153846153846156
2021-06-11T00:00:00.000,11:44,40.711845,-73.859764,2,0,1,1,4071,-7385,0.4418604651162791
2021-06-13T00:00:00.000,0:15,40.663227,-73.93159,0,0,0,0,4066,-7393,0.38578680203045684
2021-06-13T00:00:00.000,3:20,40.675385,-73.95337,0,0,0,0,4067,-7395,0.3695652173913043
2021-06-13T00:00:00.000,19:45,40.68175,-73.96748,1,0,1,1,4068,-7396,0.42567567567567566
2021-06-13T00:00:00.000,3:00,40.682938,-73.86717,0,0,0,0,4068,-7386,0.423728813559322
2021-06-09T00:00:00.000,8:35,40.854763,-73.90765,0,0,0,0,4085,-7390,0.42207792207792205
2021-06-13T00:00:00.000,8:12,40.681362,-73.79728,0,0,0,0,4068,-7379,0.35
2021-06-13T00:00:00.000,14:00,40.675926,-73.95608,1,0,1,1,4067,-7395,0.3695652173913043
2021-06-13T00:00:00.000,0:50,40.676495,-73.8636,3,0,1,1,4067,-7386,0.3431372549019608
2021-06-10T00:00:00.000,16:15,40.71673,-74.00208,0,0,0,0,4071,-7400,0.25517241379310346
2021-06-13T00:00:00.000,12:30,40.591793,-74.136536,0,0,0,0,4059,-7413,0.0
2021-06-13T00:00:00.000,13:10,40.76698,-73.9169,0,0,0,0,4076,-7391,0.40476190476190477
2021-06-13T00:00:00.000,3:10,40.679363,-73.7973,0,1,2,1,4067,-7379,0.4264705882352941
2021-06-13T00:00:00.000,18:00,40.632965,-73.883415,0,0,0,0,4063,-7388,0.3835616438356164
2021-06-13T00:00:00.000,8:30,40.684956,-73.96519,0,0,0,0,4068,-7396,0.42567567567567566
2021-06-12T00:00:00.000,23:48,40.71604,-73.80504,0,0,0,0,4071,-7380,0.42105263157894735
2022-01-01T00:00:00.000,0:55,40.673107,-73.99959,0,0,0,0,4067,-7399,0.3258426966292135
2021-06-12T00:00:00.000,14:00,40.75583,-73.861565,0,0,0,0,4075,-7386,0.33653846153846156
2021-06-13T00:00:00.000,20:59,40.683567,-73.94106,1,0,1,1,4068,-7394,0.4409448818897638
2021-06-06T00:00:00.000,21:45,40.759308,-73.944176,1,0,1,1,4075,-7394,0.41333333333333333
2021-06-13T00:00:00.000,20:33,40.8541,-73.919106,1,0,1,1,4085,-7391,0.373134328358209
2022-09-13T00:00:00.000,10:00,40.726543,-73.97534,0,0,0,0,4072,-7397,0.3283582089552239
2021-06-13T00:00:00.000,0:00,40.69158,-73.79319,0,0,0,0,4069,-7379,0.25925925925925924
2021-05-31T00:00:00.000,18:05,40.67533,-73.93609,0,0,0,0,4067,-7393,0.3755868544600939
2021-06-13T00:00:00.000,16:16,40.59618,-73.960754,0,0,0,0,4059,-7396,0.38596491228070173
2021-06-13T00:00:00.000,9:20,40.6915,-73.90956,0,0,0,0,4069,-7390,0.29591836734693877
2021-06-13T00:00:00.000,3:59,40.707436,-73.727554,0,0,0,0,4070,-7372,0.4
2021-06-11T00:00:00.000,14:48,40.537865,-74.19192,0,0,0,0,4053,-7419,0.2857142857142857
2021-06-13T00:00:00.000,3:30,40.81401,-73.94466,0,0,0,0,4081,-7394,0.38
2021-06-13T00:00:00.000,4:10,40.83801,-73.87329,0,0,0,0,4083,-7387,0.38414634146341464
2022-01-01T00:00:00.000,1:50,40.895718,-73.849525,2,0,1,1,4089,-7384,0.3333333333333333
2021-06-09T00:00:00.000,22:05,40.72493,-73.95147,0,0,0,0,4072,-7395,0.22093023255813954
2021-06-13T00:00:00.000,17:30,40.74975,-73.75485,0,0,0,0,4074,-7375,0.16666666666666666
2021-06-13T00:00:00.000,16:27,40.86272,-73.9085,0,0,0,0,4086,-7390,0.42748091603053434
2021-06-13T00:00:00.000,3:30,40.831585,-73.89956,0,0,0,0,4083,-7389,0.3333333333333333
2021-06-07T00:00:00.000,9:00,40.678303,-73.86525,0,0,0,0,4067,-7386,0.3431372549019608
2021-06-10T00:00:00.000,18:16,40.86418,-73.90119,0,0,0,0,4086,-7390,0.42748091603053434
2021-06-13T00:00:00.000,4:30,40.68484,-73.83596,1,0,1,1,4068,-7383,0.45454545454545453
2021-06-13T00:00:00.000,11:35,40.732933,-73.71654,0,0,0,0,4073,-7371,0.2857142857142857
2021-06-13T00:00:00.000,2:17,40.723988,-73.98504,1,0,1,1,4072,-7398,0.4342105263157895
2021-06-13T00:00:00.000,18:15,40.67325,-73.886734,3,0,1,1,4067,-7388,0.30434782608695654
2021-06-13T00:00:00.000,4:15,40.76732,-73.98433,0,0,0,0,4076,-7398,0.3081761006289308
2021-06-13T00:00:00.000,20:30,40.772305,-73.77349,3,0,1,1,4077,-7377,0.25
2021-06-13T00:00:00.000,21:45,40.82416,-73.87816,0,0,0,0,4082,-7387,0.33544303797468356
2021-06-13T00:00:00.000,9:22,40.7201,-73.79038,1,0,1,1,4072,-7379,0.3333333333333333
2021-06-13T00:00:00.000,16:07,40.640522,-73.99447,0,0,0,0,4064,-7399,0.3442622950819672
2021-06-13T00:00:00.000,2:50,40.6944,-73.91255,2,0,1,1,4069,-7391,0.2709677419354839
2021-06-13T00:00:00.000,22:30,40.75085,-73.858284,0,0,0,0,4075,-7385,0.3048780487804878
2021-06-13T00:00:00.000,3:33,40.844917,-73.926384,1,0,1,1,4084,-7392,0.3181818181818182
2021-06-12T00:00:00.000,15:00,40.717464,-73.99835,0,0,0,0,4071,-7399,0.3263157894736842
2021-06-12T00:00:00.000,16:40,40.668568,-73.91827,0,0,0,0,4066,-7391,0.3630952380952381
2021-06-11T00:00:00.000,12:40,40.616547,-74.02607,0,0,0,0,4061,-7402,0.4090909090909091
2021-06-13T00:00:00.000,16:50,40.65804,-73.83572,1,0,1,1,4065,-7383,0.38095238095238093
2021-06-10T00:00:00.000,17:30,40.653633,-73.72538,0,0,0,0,4065,-7372,0.26666666666666666
2021-06-13T00:00:00.000,21:46,40.620304,-73.989,0,0,0,0,4062,-7398,0.38
2021-06-10T00:00:00.000,1:32,40.683094,-73.80596,2,0,1,1,4068,-7380,0.3829787234042553
2021-06-13T00:00:00.000,14:09,40.659176,-73.92033,0,0,0,0,4065,-7392,0.35555555555555557
2021-06-13T00:00:00.000,0:00,40.66077,-73.91975,2,0,1,1,4066,-7391,0.3630952380952381
2021-06-09T00:00:00.000,16:00,40.570877,-74.16984,1,0,1,1,4057,-7416,0.36363636363636365
2021-06-13T00:00:00.000,23:16,40.672752,-73.92171,0,0,0,0,4067,-7392,0.39655172413793105
2021-06-13T00:00:00.000,7:00,40.71024,-74.00418,0,0,0,0,4071,-7400,0.25517241379310346
2022-01-01T00:00:00.000,12:22,40.666134,-73.88492,1,0,1,1,4066,-7388,0.37012987012987014
2022-01-01T00:00:00.000,1:40,40.73422,-73.97483,0,0,0,0,4073,-7397,0.32558139534883723
2022-01-01T00:00:00.000,12:21,40.684937,-73.91014,3,0,1,1,4068,-7391,0.344
2022-01-01T00:00:00.000,18:25,40.718513,-73.756386,0,0,0,0,4071,-7375,0.3269230769230769
2022-01-01T00:00:00.000,17:00,40.596745,-73.985275,1,0,1,1,4059,-7398,0.34146341463414637
2021-12-24T00:00:00.000,10:42,40.744194,-73.97133,0,0,0,0,4074,-7397,0.4810810810810811
2022-01-01T00:00:00.000,20:25,40.65483,-73.89442,0,0,0,0,4065,-7389,0.34965034965034963
2022-01-01T00:00:00.000,2:30,40.80641,-73.9502,0,0,0,0,4080,-7395,0.381294964028777
2022-01-01T00:00:00.000,8:16,40.737335,-73.70833,0,0,0,0,4073,-7370,0.23529411764705882
2022-01-01T00:00:00.000,4:48,40.715237,-74.01339,0,0,0,0,4071,-7401,0.3181818181818182
2022-01-01T00:00:00.000,6:45,40.756496,-73.97237,1,0,1,1,4075,-7397,0.375886524822695
2021-12-31T00:00:00.000,20:55,40.760685,-73.862206,0,0,0,0,4076,-7386,0.40298507462686567
2022-01-01T00:00:00.000,10:20,40.669884,-73.899216,0,0,0,0,4066,-7389,0.3103448275862069
2022-01-01T00:00:00.000,5:05,40.663105,-73.90518,0,0,0,0,4066,-7390,0.2777777777777778
2021-12-29T00:00:00.000,3:34,40.756462,-73.987946,0,0,0,0,4075,-7398,0.3170731707317073
2022-01-01T00:00:00.000,6:30,40.684494,-73.83719,0,0,0,0,4068,-7383,0.45454545454545453
2022-01-01T00:00:00.000,20:45,40.68185,-73.8545,0,0,0,0,4068,-7385,0.43103448275862066
2021-12-30T00:00:00.000,20:10,40.59813,-74.005,0,0,0,0,4059,-7400,0.2962962962962963
2021-12-29T00:00:00.000,11:27,40.66266,-73.932976,1,0,1,1,4066,-7393,0.38578680203045684
2022-01-01T00:00:00.000,14:43,40.769993,-73.915825,0,0,0,0,4076,-7391,0.40476190476190477
2021-12-31T00:00:00.000,0:30,40.78515,-73.94063,0,0,0,0,4078,-7394,0.33513513513513515
2022-01-01T00:00:00.000,20:24,40.603695,-74.01517,1,0,1,1,4060,-7401,0.30357142857142855
2022-01-01T00:00:00.000,19:04,40.69595,-73.86237,0,0,0,0,4069,-7386,0.21052631578947367
2022-01-01T00:00:00.000,13:45,40.703,-73.94425,0,0,0,0,4070,-7394,0.3956043956043956
2022-01-01T00:00:00.000,10:50,40.67327,-73.9474,0,0,0,0,4067,-7394,0.34074074074074073
2022-01-01T00:00:00.000,17:00,40.825165,-73.86699,0,0,0,0,4082,-7386,0.3493975903614458
2022-01-01T00:00:00.000,21:20,40.65723,-73.84138,0,0,0,0,4065,-7384,0.5
2022-01-01T00:00:00.000,23:45,40.71438,-73.73744,0,0,0,0,4071,-7373,0.25
2022-07-02T00:00:00.000,20:00,40.832695,-73.86367,1,0,1,1,4083,-7386,0.24822695035460993
2022-01-01T00:00:00.000,21:40,40.7447,-74.008354,0,0,0,0,4074,-7400,0.27710843373493976
2021-12-29T00:00:00.000,4:00,40.76428,-73.9921,0,0,0,0,4076,-7399,0.3275862068965517
2022-01-01T00:00:00.000,1:04,40.702763,-73.87074,0,0,0,0,4070,-7387,0.24324324324324326
2022-01-01T00:00:00.000,21:06,40.75958,-73.76894,0,0,0,0,4075,-7376,0.4
2022-01-01T00:00:00.000,22:45,40.8617,-73.89139,1,0,1,1,4086,-7389,0.40606060606060607
2021-01-02T00:00:00.000,10:45,40.74603,-73.913376,1,0,1,1,4074,-7391,0.38333333333333336
2022-01-01T00:00:00.000,3:37,40.685013,-73.819565,0,0,0,0,4068,-7381,0.4117647058823529
2022-01-01T00:00:00.000,14:33,40.759945,-73.8387,0,0,0,0,4075,-7383,0.37681159420289856
2022-01-01T00:00:00.000,8:00,40.65548,-73.87384,0,0,0,0,4065,-7387,0.2857142857142857
2022-01-01T00:00:00.000,16:50,40.68512,-73.78044,0,0,0,0,4068,-7378,0.3384615384615385
2022-01-01T00:00:00.000,3:06,40.690247,-73.82497,0,0,0,0,4069,-7382,0.37209302325581395
2021-12-30T00:00:00.000,9:00,40.610508,-74.09576,2,0,1,1,4061,-7409,0.46153846153846156
2022-01-01T00:00:00.000,6:00,40.82304,-73.88193,0,0,0,0,4082,-7388,0.27624309392265195
2022-01-01T00:00:00.000,1:57,40.676647,-73.91647,0,0,0,0,4067,-7391,0.36597938144329895
2022-01-01T00:00:00.000,11:13,40.736164,-73.97891,0,0,0,0,4073,-7397,0.32558139534883723
2022-01-01T00:00:00.000,5:00,40.667904,-73.89431,2,0,1,1,4066,-7389,0.3103448275862069
2022-01-01T00:00:00.000,2:37,40.71885,-73.98923,1,0,1,1,4071,-7398,0.39568345323741005
2022-01-01T00:00:00.000,13:00,40.532425,-74.192024,0,0,0,0,4053,-7419,0.2857142857142857
2022-01-01T00:00:00.000,5:50,40.6359,-73.940254,0,0,0,0,4063,-7394,0.358974358974359
2022-01-01T00:00:00.000,8:19,40.62958,-74.01212,0,0,0,0,4062,-7401,0.3829787234042553
2022-01-01T00:00:00.000,17:00,40.743896,-73.85714,0,0,0,0,4074,-7385,0.35526315789473684
2022-01-01T00:00:00.000,4:45,40.64647,-74.01258,1,0,1,1,4064,-7401,0.4295774647887324
2022-01-01T00:00:00.000,3:00,40.7159,-74.01649,0,0,0,0,4071,-7401,0.3181818181818182
2022-01-01T00:00:00.000,21:50,40.75126,-73.87167,1,0,1,1,4075,-7387,0.33884297520661155
2022-01-01T00:00:00.000,14:49,40.6523,-73.95264,0,0,0,0,4065,-7395,0.38686131386861317
2022-01-01T00:00:00.000,20:44,40.82215,-73.88751,0,0,0,0,4082,-7388,0.27624309392265195
2021-01-03T00:00:00.000,16:35,40.65414,-73.88732,0,0,0,0,4065,-7388,0.41509433962264153
2022-01-01T00:00:00.000,18:30,40.564285,-74.12652,1,0,1,1,4056,-7412,0.2222222222222222
2022-01-01T00:00:00.000,0:45,40.83394,-73.9087,0,0,0,0,4083,-7390,0.3064516129032258
2021-12-12T00:00:00.000,19:30,40.806686,-73.94693,0,0,0,0,4080,-7394,0.41116751269035534
2022-01-01T00:00:00.000,2:00,40.63027,-73.93199,0,0,0,0,4063,-7393,0.46153846153846156
2022-01-01T00:00:00.000,4:55,40.620914,-73.9753,1,0,1,1,4062,-7397,0.38666666666666666
2022-01-01T00:00:00.000,5:55,40.87155,-73.86428,1,0,1,1,4087,-7386,0.3142857142857143
2022-01-01T00:00:00.000,17:20,40.744965,-73.87833,0,0,0,0,4074,-7387,0.25663716814159293
2021-10-10T00:00:00.000,15:53,40.73818,-73.779,0,0,0,0,4073,-7377,0.5789473684210527
2022-01-01T00:00:00.000,17:36,40.60063,-73.9831,1,0,1,1,4060,-7398,0.2711864406779661
2021-01-01T00:00:00.000,20:00,40.83398,-73.82635,0,0,0,0,4083,-7382,0.44680851063829785
2022-01-01T00:00:00.000,7:00,40.579525,-73.95586,0,0,0,0,4057,-7395,0.47368421052631576
2021-12-31T00:00:00.000,18:35,40.532158,-74.16766,0,0,0,0,4053,-7416,0.25
2022-01-01T00:00:00.000,6:00,40.85005,-73.91606,0,0,0,0,4085,-7391,0.373134328358209
2022-01-01T00:00:00.000,16:00,40.822144,-73.887825,3,0,1,1,4082,-7388,0.27624309392265195
2022-01-01T00:00:00.000,19:30,40.75539,-73.99518,0,0,0,0,4075,-7399,0.2830188679245283
2022-01-01T00:00:00.000,2:15,40.66173,-73.96078,0,0,0,0,4066,-7396,0.4074074074074074
2022-01-01T00:00:00.000,0:00,40.6602,-73.90929,0,0,0,0,4066,-7390,0.2777777777777778
2022-01-01T00:00:00.000,11:14,40.712696,-73.900604,1,0,1,1,4071,-7390,0.4
2022-01-01T00:00:00.000,20:00,40.706932,-73.825,0,0,0,0,4070,-7382,0.4166666666666667
2022-01-01T00:00:00.000,21:17,40.78503,-73.94058,0,0,0,0,4078,-7394,0.33513513513513515
2022-01-01T00:00:00.000,5:00,40.663918,-73.92124,0,0,0,0,4066,-7392,0.355
2021-12-02T00:00:00.000,5:31,40.637215,-74.018524,1,0,1,1,4063,-7401,0.37777777777777777
2022-01-01T00:00:00.000,12:50,40.74297,-73.87568,0,0,0,0,4074,-7387,0.25663716814159293
2021-12-31T00:00:00.000,11:00,40.823536,-73.8939,0,0,0,0,4082,-7389,0.37423312883435583
2022-01-01T00:00:00.000,5:15,40.66552,-73.74467,1,0,1,1,4066,-7374,0.3698630136986301
2021-12-22T00:00:00.000,19:36,40.625103,-74.14877,0,0,0,0,4062,-7414,0.20408163265306123
2022-01-01T00:00:00.000,4:14,40.667065,-73.83444,1,0,1,1,4066,-7383,0.5
2022-01-01T00:00:00.000,6:19,40.758373,-73.971,3,0,1,1,4075,-7397,0.375886524822695
2022-01-01T00:00:00.000,9:15,40.645424,-74.01689,1,0,1,1,4064,-7401,0.4295774647887324
2022-01-01T00:00:00.000,4:00,40.736046,-73.92673,0,0,0,0,4073,-7392,0.4444444444444444
2022-01-01T00:00:00.000,7:10,40.707294,-73.85064,3,0,1,1,4070,-7385,0.39436619718309857
2022-01-01T00:00:00.000,22:55,40.66216,-73.87284,0,0,0,0,4066,-7387,0.38461538461538464
2022-01-01T00:00:00.000,11:00,40.688686,-73.8044,0,0,0,0,4068,-7380,0.3829787234042553
2022-01-01T00:00:00.000,3:15,40.68892,-73.99915,0,0,0,0,4068,-7399,0.17857142857142858
2022-01-01T00:00:00.000,0:00,40.723854,-73.94884,0,0,0,0,4072,-7394,0.19801980198019803
2022-01-01T00:00:00.000,8:35,40.808853,-73.936264,0,0,0,0,4080,-7393,0.36312849162011174
2022-01-01T00:00:00.000,4:30,40.679478,-73.89458,0,0,0,0,4067,-7389,0.33852140077821014
2022-01-01T00:00:00.000,9:21,40.82319,-73.91439,0,0,0,0,4082,-7391,0.3355263157894737
2021-12-26T00:00:00.000,18:12,40.62534,-74.13542,0,0,0,0,4062,-7413,0.4074074074074074
2022-01-01T00:00:00.000,3:18,40.81339,-73.95627,1,0,1,1,4081,-7395,0.3509933774834437
2022-01-01T00:00:00.000,2:16,40.700718,-73.929794,0,0,0,0,4070,-7392,0.24305555555555555
2022-01-01T00:00:00.000,6:30,40.707294,-73.85064,0,0,0,0,4070,-7385,0.39436619718309857
2022-01-01T00:00:00.000,23:30,40.709003,-73.92234,1,0,1,1,4070,-7392,0.24305555555555555
2022-01-01T00:00:00.000,8:00,40.687366,-73.86819,0,0,0,0,4068,-7386,0.423728813559322
2021-12-13T00:00:00.000,16:53,40.811714,-73.92671,1,0,1,1,4081,-7392,0.4714285714285714
2022-01-01T00:00:00.000,23:50,40.712498,-73.97776,0,0,0,0,4071,-7397,0.41509433962264153
2022-01-01T00:00:00.000,7:00,40.68086,-73.864685,0,0,0,0,4068,-7386,0.423728813559322
2021-12-28T00:00:00.000,9:15,40.834503,-73.93037,0,0,0,0,4083,-7393,0.3333333333333333
2022-01-01T00:00:00.000,20:00,40.8448,-73.92264,0,0,0,0,4084,-7392,0.3181818181818182
2022-01-01T00:00:00.000,20:55,40.863945,-73.86452,1,0,1,1,4086,-7386,0.4642857142857143
2021-12-24T00:00:00.000,16:51,40.841278,-73.86359,2,0,1,1,4084,-7386,0.375
2022-01-01T00:00:00.000,19:30,40.872803,-73.85428,0,0,0,0,4087,-7385,0.37681159420289856
2022-01-01T00:00:00.000,14:50,40.75933,-73.88511,0,0,0,0,4075,-7388,0.3402061855670103
2022-01-01T00:00:00.000,6:00,40.72391,-73.948845,0,0,0,0,4072,-7394,0.19801980198019803
2022-01-01T00:00:00.000,10:34,40.735764,-73.97491,0,0,0,0,4073,-7397,0.32558139534883723
2022-01-01T00:00:00.000,15:31,40.744747,-73.86489,1,0,1,1,4074,-7386,0.3813559322033898
2022-01-01T00:00:00.000,5:16,40.75658,-73.929756,5,0,1,1,4075,-7392,0.48148148148148145
2022-01-01T00:00:00.000,15:00,40.81655,-73.91955,2,0,1,1,4081,-7391,0.47244094488188976
2022-01-01T00:00:00.000,4:20,40.644306,-74.01804,1,0,1,1,4064,-7401,0.4295774647887324
2022-01-01T00:00:00.000,15:16,40.733425,-73.97447,1,0,1,1,4073,-7397,0.32558139534883723
2021-12-24T00:00:00.000,19:10,40.714928,-74.00795,1,0,1,1,4071,-7400,0.25517241379310346
2022-07-02T00:00:00.000,10:25,40.64902,-74.00625,0,0,0,0,4064,-7400,0.36764705882352944
2022-01-01T00:00:00.000,12:25,40.553314,-74.1634,1,0,1,1,4055,-7416,0.5416666666666666
2022-01-01T00:00:00.000,19:50,40.759884,-73.9368,0,0,0,0,4075,-7393,0.43478260869565216
2022-01-01T00:00:00.000,20:35,40.741272,-73.97535,1,0,1,1,4074,-7397,0.4810810810810811
2022-01-01T00:00:00.000,20:40,40.82483,-73.85424,0,0,0,0,4082,-7385,0.27
2022-01-01T00:00:00.000,8:15,40.738842,-73.81404,0,0,0,0,4073,-7381,0.3181818181818182
2022-01-01T00:00:00.000,22:50,40.665634,-73.75817,0,0,0,0,4066,-7375,0.3
2022-01-01T00:00:00.000,4:55,40.66552,-73.74467,0,0,0,0,4066,-7374,0.3698630136986301
2021-12-31T00:00:00.000,1:09,40.741028,-73.99417,2,0,1,1,4074,-7399,0.3333333333333333
2022-01-01T00:00:00.000,17:36,40.68424,-73.8461,0,0,0,0,4068,-7384,0.3333333333333333
2022-01-01T00:00:00.000,0:15,40.681755,-73.81695,0,0,0,0,4068,-7381,0.4117647058823529
2022-01-01T00:00:00.000,2:20,40.70198,-73.74105,0,0,0,0,4070,-7374,0.3333333333333333
2022-01-01T00:00:00.000,4:32,40.719997,-73.83379,1,0,1,1,4071,-7383,0.37349397590361444
2021-01-02T00:00:00.000,21:30,40.755913,-73.98669,0,0,0,0,4075,-7398,0.3170731707317073
2022-01-01T00:00:00.000,15:12,40.855072,-73.85065,0,0,0,0,4085,-7385,0.3125
2022-01-01T00:00:00.000,20:08,40.802074,-73.94979,1,0,1,1,4080,-7394,0.41116751269035534
2021-12-28T00:00:00.000,16:52,40.67202,-73.91377,0,0,0,0,4067,-7391,0.36597938144329895
2022-01-01T00:00:00.000,12:00,40.728657,-73.863266,1,0,1,1,4072,-7386,0.42424242424242425
2022-01-01T00:00:00.000,11:30,40.87356,-73.81853,0,0,0,0,4087,-7381,0.5
2022-01-01T00:00:00.000,5:18,40.614872,-73.82165,2,0,1,1,4061,-7382,0.8
2021-06-14T00:00:00.000,2:07,40.698452,-73.92176,0,0,0,0,4069,-7392,0.3584905660377358
2022-01-01T00:00:00.000,23:00,40.738266,-73.79706,0,0,0,0,4073,-7379,0.4
2022-01-01T00:00:00.000,6:03,40.675735,-73.89686,1,0,1,1,4067,-7389,0.33852140077821014
2022-01-01T00:00:00.000,15:18,40.73635,-73.97502,1,0,1,1,4073,-7397,0.32558139534883723
2021-12-31T00:00:00.000,8:15,40.620663,-74.167145,0,0,0,0,4062,-7416,0.24444444444444444
2022-01-01T00:00:00.000,13:32,40.664986,-73.92224,0,0,0,0,4066,-7392,0.355
2022-01-01T00:00:00.000,3:58,40.8315,-73.82697,1,0,1,1,4083,-7382,0.44680851063829785
2022-01-01T00:00:00.000,14:00,40.66827,-73.90263,0,0,0,0,4066,-7390,0.2777777777777778
2022-01-01T00:00:00.000,8:26,40.835968,-73.87,1,0,1,1,4083,-7387,0.38414634146341464
2022-01-01T00:00:00.000,7:30,40.67681,-73.91273,0,0,0,0,4067,-7391,0.36597938144329895
2022-01-01T00:00:00.000,2:35,40.825455,-73.84954,0,0,0,0,4082,-7384,0.3835616438356164
2022-01-01T00:00:00.000,17:20,40.812454,-73.96066,0,0,0,0,4081,-7396,0.2222222222222222
2022-01-01T00:00:00.000,18:33,40.762333,-73.983475,2,0,1,1,4076,-7398,0.3081761006289308
2022-01-01T00:00:00.000,12:30,40.71368,-73.908424,0,0,0,0,4071,-7390,0.4
2022-01-01T00:00:00.000,8:47,40.70299,-73.82519,1,0,1,1,4070,-7382,0.4166666666666667
2021-12-29T00:00:00.000,0:22,40.671997,-73.87742,1,0,1,1,4067,-7387,0.30344827586206896
2021-12-03T00:00:00.000,11:45,40.756535,-73.876076,1,0,1,1,4075,-7387,0.33884297520661155
2022-01-01T00:00:00.000,18:34,40.734882,-73.97484,1,0,1,1,4073,-7397,0.32558139534883723
2022-01-01T00:00:00.000,23:50,40.584366,-73.9271,0,0,0,0,4058,-7392,0.375
2021-12-31T00:00:00.000,17:30,40.582233,-74.16907,0,0,0,0,4058,-7416,0.3
2021-12-30T00:00:00.000,15:30,40.822678,-73.842575,0,0,0,0,4082,-7384,0.3835616438356164
2022-01-01T00:00:00.000,18:26,40.820663,-73.89591,0,0,0,0,4082,-7389,0.37423312883435583
2022-01-01T00:00:00.000,9:00,40.814373,-73.941475,0,0,0,0,4081,-7394,0.38
2022-01-01T00:00:00.000,4:35,40.828316,-73.937935,0,0,0,0,4082,-7393,0.36645962732919257
2022-07-02T00:00:00.000,18:34,40.711533,-73.73573,1,0,1,1,4071,-7373,0.25
2022-01-01T00:00:00.000,22:36,40.69663,-73.91857,0,0,0,0,4069,-7391,0.2709677419354839
2022-01-01T00:00:00.000,10:30,40.668346,-73.892975,0,0,0,0,4066,-7389,0.3103448275862069
2022-01-01T00:00:00.000,17:30,40.75895,-73.96849,1,0,1,1,4075,-7396,0.4788732394366197
2022-01-01T00:00:00.000,3:02,40.75705,-73.92167,0,0,0,0,4075,-7392,0.48148148148148145
2022-01-01T00:00:00.000,7:28,40.80661,-73.921,0,0,0,0,4080,-7392,0.3141025641025641
2022-07-01T00:00:00.000,23:33,40.72364,-73.993774,0,0,0,0,4072,-7399,0.3829787234042553
2022-01-01T00:00:00.000,21:15,40.73992,-73.81513,1,0,1,1,4073,-7381,0.3181818181818182
2022-01-01T00:00:00.000,21:30,40.83332,-73.89676,0,0,0,0,4083,-7389,0.3333333333333333
2022-01-01T00:00:00.000,3:00,40.671066,-73.901436,1,0,1,1,4067,-7390,0.3282442748091603
2021-12-31T00:00:00.000,18:00,40.68508,-73.83512,0,0,0,0,4068,-7383,0.45454545454545453
2021-12-23T00:00:00.000,11:29,40.733955,-73.95826,0,0,0,0,4073,-7395,0.30434782608695654
2022-01-01T00:00:00.000,14:49,40.879253,-73.88313,0,0,0,0,4087,-7388,0.3561643835616438
2022-01-01T00:00:00.000,22:10,40.72293,-73.847336,1,0,1,1,4072,-7384,0.2711864406779661
2021-12-19T00:00:00.000,23:00,40.656784,-73.91379,2,0,1,1,4065,-7391,0.425
2022-01-01T00:00:00.000,13:30,40.788795,-73.93755,0,0,0,0,4078,-7393,0.4444444444444444
2022-01-01T00:00:00.000,2:13,40.629086,-73.97686,0,0,0,0,4062,-7397,0.38666666666666666
2022-01-01T00:00:00.000,14:46,40.716038,-73.86123,2,0,1,1,4071,-7386,0.5625
2022-01-01T00:00:00.000,0:00,40.680492,-73.915695,0,0,0,0,4068,-7391,0.344
2022-01-01T00:00:00.000,11:02,40.782887,-73.9439,0,0,0,0,4078,-7394,0.33513513513513515
2021-12-31T00:00:00.000,1:30,40.808445,-73.945,0,0,0,0,4080,-7394,0.41116751269035534
2022-01-01T00:00:00.000,22:25,40.596256,-73.76684,0,0,0,0,4059,-7376,0.23809523809523808
2022-01-01T00:00:00.000,6:24,40.668983,-73.75367,3,0,1,1,4066,-7375,0.3
2022-07-02T00:00:00.000,15:12,40.853058,-73.867744,1,0,1,1,4085,-7386,0.33766233766233766
2022-01-01T00:00:00.000,17:00,40.767593,-73.912,1,0,1,1,4076,-7391,0.40476190476190477
2022-01-01T00:00:00.000,18:46,40.607254,-73.96728,2,0,1,1,4060,-7396,0.5714285714285714
2021-12-21T00:00:00.000,18:20,40.688572,-73.991104,0,0,0,0,4068,-7399,0.17857142857142858
2022-01-01T00:00:00.000,21:58,40.843822,-73.9275,2,0,1,1,4084,-7392,0.3181818181818182
2022-01-01T00:00:00.000,5:29,40.57558,-73.969925,0,0,0,0,4057,-7396,0.3191489361702128
2021-12-30T00:00:00.000,13:15,40.73908,-74.00309,0,0,0,0,4073,-7400,0.2403846153846154
2021-09-25T00:00:00.000,12:08,40.6527684,-73.8862898,1,0,1,1,4065,-7388,0.41509433962264153
2021-10-04T00:00:00.000,12:55,40.8183517,-73.8959724,1,0,1,1,4081,-7389,0.31543624161073824
2021-12-11T00:00:00.000,14:57,40.6697,-73.87494,2,0,1,1,4066,-7387,0.38461538461538464
2021-12-11T00:00:00.000,21:18,40.721077,-74.004265,1,0,1,1,4072,-7400,0.32926829268292684
2021-12-11T00:00:00.000,23:30,40.638607,-73.993546,0,0,0,0,4063,-7399,0.47692307692307695
2021-12-11T00:00:00.000,18:20,40.889427,-73.86295,0,0,0,0,4088,-7386,0.23809523809523808
2021-12-11T00:00:00.000,3:55,40.651863,-73.86536,0,0,0,0,4065,-7386,0.36619718309859156
2021-12-11T00:00:00.000,5:15,40.71572,-73.825745,0,0,0,0,4071,-7382,0.379746835443038
2021-12-11T00:00:00.000,10:50,40.820747,-73.906006,1,0,1,1,4082,-7390,0.3025210084033613
2021-12-11T00:00:00.000,9:35,40.758327,-73.96894,0,0,0,0,4075,-7396,0.4788732394366197
2021-12-11T00:00:00.000,8:00,40.67356,-73.93627,0,0,0,0,4067,-7393,0.3755868544600939
2021-12-11T00:00:00.000,20:30,40.75644,-73.87701,2,0,1,1,4075,-7387,0.33884297520661155
2021-12-11T00:00:00.000,20:20,40.640503,-73.95564,0,0,0,0,4064,-7395,0.4796747967479675
2021-12-11T00:00:00.000,18:52,40.75218,-73.85201,0,0,0,0,4075,-7385,0.3048780487804878
2021-12-09T00:00:00.000,22:00,40.731018,-73.985916,1,0,1,1,4073,-7398,0.36942675159235666
2021-12-10T00:00:00.000,10:15,40.67482,-73.89368,0,0,0,0,4067,-7389,0.33852140077821014
2021-12-11T00:00:00.000,12:30,40.758305,-74.000145,2,0,1,1,4075,-7400,0.3888888888888889
2021-12-07T00:00:00.000,15:00,40.59455,-73.997574,0,0,0,0,4059,-7399,0.3076923076923077
2021-12-09T00:00:00.000,7:40,40.675735,-73.89686,1,0,1,1,4067,-7389,0.33852140077821014
2021-12-08T00:00:00.000,1:30,40.655174,-73.88808,0,0,0,0,4065,-7388,0.41509433962264153
2021-12-02T00:00:00.000,13:50,40.735203,-73.98791,0,0,0,0,4073,-7398,0.36942675159235666
2021-12-11T00:00:00.000,12:40,40.631275,-73.97606,0,0,0,0,4063,-7397,0.36893203883495146
2021-12-11T00:00:00.000,12:00,40.682106,-73.84584,1,0,1,1,4068,-7384,0.3333333333333333
2021-12-11T00:00:00.000,0:53,40.72545,-73.837776,0,0,0,0,4072,-7383,0.4909090909090909
2022-01-01T00:00:00.000,2:00,40.719215,-73.94365,0,0,0,0,4071,-7394,0.3710691823899371
2022-01-01T00:00:00.000,17:00,40.71143,-73.72845,1,0,1,1,4071,-7372,0.40425531914893614
2022-01-01T00:00:00.000,10:42,40.823673,-73.87233,1,0,1,1,4082,-7387,0.33544303797468356
2022-01-01T00:00:00.000,3:48,40.688316,-74.00113,0,0,0,0,4068,-7400,0.3333333333333333
2021-10-10T00:00:00.000,20:15,40.59907,-73.90498,0,0,0,0,4059,-7390,0.23404255319148937
2021-10-10T00:00:00.000,11:00,40.68949,-73.92207,1,0,1,1,4068,-7392,0.2542372881355932
2021-10-10T00:00:00.000,10:34,40.694183,-73.80544,1,0,1,1,4069,-7380,0.38461538461538464
2022-01-01T00:00:00.000,15:55,40.68354,-73.81065,0,0,0,0,4068,-7381,0.4117647058823529
2021-10-10T00:00:00.000,2:15,40.718555,-73.988205,0,0,0,0,4071,-7398,0.39568345323741005
2021-10-10T00:00:00.000,21:00,40.765266,-73.81517,3,0,1,1,4076,-7381,0.4716981132075472
2021-10-10T00:00:00.000,22:00,40.82138,-73.91174,0,0,0,0,4082,-7391,0.3355263157894737
2021-10-10T00:00:00.000,15:40,40.803593,-73.919785,3,0,1,1,4080,-7391,0.38961038961038963
2022-01-01T00:00:00.000,14:40,40.85228,-73.87159,0,0,0,0,4085,-7387,0.375
2022-01-01T00:00:00.000,17:50,40.75415,-73.88112,1,0,1,1,4075,-7388,0.3402061855670103
2021-10-10T00:00:00.000,0:10,40.63184,-73.95463,0,0,0,0,4063,-7395,0.48484848484848486
2021-10-10T00:00:00.000,15:15,40.743397,-73.88388,0,0,0,0,4074,-7388,0.2978723404255319
2022-01-01T00:00:00.000,17:07,40.767815,-73.98951,1,0,1,1,4076,-7398,0.3081761006289308
2022-01-01T00:00:00.000,2:18,40.689137,-73.990715,0,0,0,0,4068,-7399,0.17857142857142858
2022-01-01T00:00:00.000,1:37,40.865505,-73.863525,1,0,1,1,4086,-7386,0.4642857142857143
2021-10-10T00:00:00.000,2:30,40.74121,-73.84277,0,0,0,0,4074,-7384,0.42857142857142855
2021-10-10T00:00:00.000,9:30,40.761703,-73.88175,1,0,1,1,4076,-7388,0.43283582089552236
2021-10-10T00:00:00.000,16:34,40.795464,-73.96381,0,0,0,0,4079,-7396,0.25
2021-10-10T00:00:00.000,20:30,40.623596,-73.90996,0,0,0,0,4062,-7390,0.3888888888888889
2022-01-01T00:00:00.000,2:25,40.846153,-73.932335,0,0,0,0,4084,-7393,0.32786885245901637
2022-01-01T00:00:00.000,17:58,40.834423,-73.90389,1,0,1,1,4083,-7390,0.3064516129032258
2022-01-01T00:00:00.000,2:42,40.731216,-73.8696,0,0,0,0,4073,-7386,0.3464566929133858
2022-09-19T00:00:00.000,7:30,40.60069,-74.010056,0,0,0,0,4060,-7401,0.30357142857142855
2021-10-10T00:00:00.000,1:52,40.634823,-74.160286,1,0,1,1,4063,-7416,0.3333333333333333
2021-10-10T00:00:00.000,9:19,40.76141,-73.84462,0,0,0,0,4076,-7384,0.0
2021-12-28T00:00:00.000,15:30,40.752117,-73.977684,0,0,0,0,4075,-7397,0.375886524822695
2021-11-26T00:00:00.000,21:29,40.75332,-73.972595,1,0,1,1,4075,-7397,0.375886524822695
2021-10-10T00:00:00.000,16:52,40.877033,-73.846375,0,0,0,0,4087,-7384,0.47297297297297297
2021-10-10T00:00:00.000,7:30,40.744118,-73.8801,0,0,0,0,4074,-7388,0.2978723404255319
2022-01-01T00:00:00.000,18:38,40.74608,-73.85577,0,0,0,0,4074,-7385,0.35526315789473684
2021-10-10T00:00:00.000,19:15,40.651264,-74.003914,1,0,1,1,4065,-7400,0.41509433962264153
2021-10-10T00:00:00.000,1:20,40.77077,-73.91727,2,0,1,1,4077,-7391,0.3157894736842105
2022-02-20T00:00:00.000,4:45,40.57397,-74.16992,1,0,1,1,4057,-7416,0.36363636363636365
2021-10-10T00:00:00.000,11:25,40.738495,-73.81387,0,0,0,0,4073,-7381,0.3181818181818182
2021-10-10T00:00:00.000,23:50,40.673107,-73.99959,0,0,0,0,4067,-7399,0.3258426966292135
2021-06-09T00:00:00.000,16:00,40.741623,-73.87918,1,0,1,1,4074,-7387,0.25663716814159293
2021-06-10T00:00:00.000,11:50,40.653793,-73.96405,0,0,0,0,4065,-7396,0.3939393939393939
2021-06-14T00:00:00.000,19:06,40.761173,-73.95789,2,0,1,1,4076,-7395,0.3696969696969697
2021-05-25T00:00:00.000,19:00,40.802914,-73.92029,0,0,0,0,4080,-7392,0.3141025641025641
2021-06-14T00:00:00.000,12:00,40.583057,-73.973114,0,0,0,0,4058,-7397,0.2727272727272727
2021-05-28T00:00:00.000,12:01,40.700726,-73.94194,1,0,1,1,4070,-7394,0.3956043956043956
2021-06-14T00:00:00.000,20:18,40.58525,-73.98728,1,0,1,1,4058,-7398,0.4
2021-06-14T00:00:00.000,14:15,40.704006,-73.7668,1,0,1,1,4070,-7376,0.43902439024390244
2021-06-14T00:00:00.000,19:01,40.714085,-73.98871,0,0,0,0,4071,-7398,0.39568345323741005
2022-02-20T00:00:00.000,16:30,40.745228,-73.882576,1,0,1,1,4074,-7388,0.2978723404255319
2021-10-10T00:00:00.000,21:03,40.801235,-73.941826,1,0,1,1,4080,-7394,0.41116751269035534
2022-02-03T00:00:00.000,22:50,40.695114,-73.90322,0,0,0,0,4069,-7390,0.29591836734693877
2021-10-10T00:00:00.000,9:08,40.63489,-74.019035,0,0,0,0,4063,-7401,0.37777777777777777
2021-10-10T00:00:00.000,9:00,40.690266,-73.91546,0,0,0,0,4069,-7391,0.2709677419354839
2021-10-10T00:00:00.000,23:35,40.641453,-73.96389,5,0,1,1,4064,-7396,0.4714285714285714
2021-06-14T00:00:00.000,21:00,40.687225,-73.821625,1,0,1,1,4068,-7382,0.41975308641975306
2021-06-08T00:00:00.000,12:00,40.830936,-73.91241,1,0,1,1,4083,-7391,0.33714285714285713
2021-06-13T00:00:00.000,19:40,40.5517,-74.18382,0,0,0,0,4055,-7418,0.4
2021-06-14T00:00:00.000,1:18,40.621548,-74.024704,1,0,1,1,4062,-7402,0.3625
2021-06-14T00:00:00.000,16:05,40.606876,-73.94795,2,0,1,1,4060,-7394,0.5217391304347826
2021-06-14T00:00:00.000,10:30,40.855595,-73.92733,0,0,0,0,4085,-7392,0.22
2021-06-14T00:00:00.000,20:16,40.723305,-74.00299,0,0,0,0,4072,-7400,0.32926829268292684
2021-06-14T00:00:00.000,21:27,40.622047,-73.98886,0,0,0,0,4062,-7398,0.38
2021-06-09T00:00:00.000,5:15,40.876495,-73.88321,1,0,1,1,4087,-7388,0.3561643835616438
2021-06-14T00:00:00.000,1:10,40.74128,-73.90257,0,0,0,0,4074,-7390,0.40625
2021-06-14T00:00:00.000,11:20,40.667385,-73.88709,0,0,0,0,4066,-7388,0.37012987012987014
2021-06-14T00:00:00.000,18:00,40.84518,-73.91417,1,0,1,1,4084,-7391,0.32558139534883723
2021-06-01T00:00:00.000,15:50,40.646255,-73.93081,0,0,0,0,4064,-7393,0.3333333333333333
2021-06-14T00:00:00.000,17:00,40.812622,-73.96302,0,0,0,0,4081,-7396,0.2222222222222222
2021-06-14T00:00:00.000,8:19,40.740395,-73.97909,0,0,0,0,4074,-7397,0.4810810810810811
2021-06-14T00:00:00.000,7:37,40.7736,-73.98158,1,0,1,1,4077,-7398,0.38028169014084506
2021-06-14T00:00:00.000,15:51,40.684513,-73.909386,1,0,1,1,4068,-7390,0.4421052631578947
2021-06-14T00:00:00.000,18:20,40.687534,-73.85966,0,0,0,0,4068,-7385,0.43103448275862066
2021-06-14T00:00:00.000,11:30,40.673946,-73.9804,0,0,0,0,4067,-7398,0.3655913978494624
2021-06-14T00:00:00.000,0:00,40.687622,-73.77881,1,0,1,1,4068,-7377,0.3673469387755102
2021-06-14T00:00:00.000,15:20,40.751026,-73.87055,0,0,0,0,4075,-7387,0.33884297520661155
2021-06-14T00:00:00.000,11:26,40.7485,-73.974976,1,0,1,1,4074,-7397,0.4810810810810811
2021-06-14T00:00:00.000,10:48,40.826275,-73.85971,1,0,1,1,4082,-7385,0.27
2021-05-07T00:00:00.000,20:20,40.683018,-73.95885,0,0,0,0,4068,-7395,0.38571428571428573
2021-06-14T00:00:00.000,1:00,40.638542,-73.92604,0,0,0,0,4063,-7392,0.4036697247706422
2021-06-14T00:00:00.000,1:00,40.848057,-73.90199,0,0,0,0,4084,-7390,0.366120218579235
2021-06-14T00:00:00.000,8:28,40.678997,-73.79311,2,0,1,1,4067,-7379,0.4264705882352941
2021-06-14T00:00:00.000,10:40,40.768524,-73.83345,0,0,0,0,4076,-7383,0.33695652173913043
2021-06-14T00:00:00.000,13:52,40.67956,-73.8989,1,0,1,1,4067,-7389,0.33852140077821014
2021-06-14T00:00:00.000,18:00,40.69345,-73.806305,1,0,1,1,4069,-7380,0.38461538461538464
2021-06-14T00:00:00.000,16:00,40.83281,-73.85558,0,0,0,0,4083,-7385,0.30158730158730157
2021-06-14T00:00:00.000,16:28,40.825947,-73.88784,0,0,0,0,4082,-7388,0.27624309392265195
2021-06-14T00:00:00.000,8:35,40.868366,-73.88981,0,0,0,0,4086,-7388,0.23943661971830985
2021-06-14T00:00:00.000,9:45,40.788994,-73.94656,1,0,1,1,4078,-7394,0.33513513513513515
2021-06-14T00:00:00.000,9:00,40.657776,-73.83756,0,0,0,0,4065,-7383,0.38095238095238093
2021-06-14T00:00:00.000,21:30,40.601204,-74.06509,1,0,1,1,4060,-7406,0.3076923076923077
2021-06-14T00:00:00.000,18:00,40.801205,-73.94568,0,0,0,0,4080,-7394,0.41116751269035534
2021-06-14T00:00:00.000,19:00,40.699226,-73.89808,0,0,0,0,4069,-7389,0.3709677419354839
2021-06-14T00:00:00.000,17:35,40.650856,-73.9486,0,0,0,0,4065,-7394,0.43137254901960786
2021-06-07T00:00:00.000,17:45,40.88082,-73.90344,1,0,1,1,4088,-7390,0.2702702702702703
2021-06-14T00:00:00.000,9:15,40.689274,-73.92399,1,0,1,1,4068,-7392,0.2542372881355932
2021-06-14T00:00:00.000,19:10,40.61701,-73.969124,0,0,0,0,4061,-7396,0.30666666666666664
2021-06-14T00:00:00.000,9:00,40.765137,-73.81944,0,0,0,0,4076,-7381,0.4716981132075472
2021-06-14T00:00:00.000,14:14,40.836555,-73.87135,1,0,1,1,4083,-7387,0.38414634146341464
2021-06-14T00:00:00.000,9:56,40.68464,-73.87584,0,0,0,0,4068,-7387,0.24719101123595505
2021-06-14T00:00:00.000,19:02,40.705017,-73.94948,0,0,0,0,4070,-7394,0.3956043956043956
2021-06-14T00:00:00.000,17:47,40.835884,-73.88341,0,0,0,0,4083,-7388,0.26717557251908397
2021-06-14T00:00:00.000,13:05,40.666393,-73.75177,1,0,1,1,4066,-7375,0.3
2021-10-10T00:00:00.000,0:00,40.6813829,-73.953515,0,0,0,0,4068,-7395,0.38571428571428573
2021-06-14T00:00:00.000,13:16,40.857418,-73.899956,0,0,0,0,4085,-7389,0.3353658536585366
2021-06-14T00:00:00.000,22:28,40.59424,-73.96809,0,0,0,0,4059,-7396,0.38596491228070173
2021-06-14T00:00:00.000,0:00,40.764683,-73.99179,1,0,1,1,4076,-7399,0.3275862068965517
2021-06-14T00:00:00.000,9:00,40.85809,-73.901924,0,0,0,0,4085,-7390,0.42207792207792205
2021-10-10T00:00:00.000,8:50,40.62717,-73.996704,0,0,0,0,4062,-7399,0.3835616438356164
2021-06-08T00:00:00.000,11:45,40.618374,-73.9097,0,0,0,0,4061,-7390,0.3333333333333333
2021-06-14T00:00:00.000,0:00,40.63059,-74.028145,1,0,1,1,4063,-7402,0.3877551020408163
2021-06-14T00:00:00.000,0:00,40.73931,-73.91947,0,0,0,0,4073,-7391,0.33962264150943394
2021-06-14T00:00:00.000,15:25,40.84787,-73.93641,0,0,0,0,4084,-7393,0.32786885245901637
2021-06-14T00:00:00.000,8:10,40.799286,-73.945366,0,0,0,0,4079,-7394,0.3523809523809524
2021-06-14T00:00:00.000,18:22,40.829185,-73.928764,1,0,1,1,4082,-7392,0.3333333333333333
2021-06-14T00:00:00.000,1:32,40.688644,-73.734406,1,0,1,1,4068,-7373,0.29411764705882354
2021-06-14T00:00:00.000,16:51,40.664047,-73.888115,1,0,1,1,4066,-7388,0.37012987012987014
2021-06-07T00:00:00.000,13:56,40.65152,-73.909454,1,0,1,1,4065,-7390,0.375
2021-06-14T00:00:00.000,17:30,40.70839,-73.939964,0,0,0,0,4070,-7393,0.3300970873786408
2021-06-14T00:00:00.000,15:20,40.814297,-73.95308,1,0,1,1,4081,-7395,0.3509933774834437
2021-06-14T00:00:00.000,9:30,40.752193,-73.93686,0,0,0,0,4075,-7393,0.43478260869565216
2021-06-14T00:00:00.000,17:30,40.65445,-73.84547,0,0,0,0,4065,-7384,0.5
2021-06-09T00:00:00.000,12:30,40.897144,-73.88029,5,0,1,1,4089,-7388,0.5
2021-06-14T00:00:00.000,3:45,40.684753,-73.917625,0,0,0,0,4068,-7391,0.344
2021-06-14T00:00:00.000,9:51,40.83626,-73.85516,0,0,0,0,4083,-7385,0.30158730158730157
2021-06-14T00:00:00.000,15:00,40.64759,-74.01142,0,0,0,0,4064,-7401,0.4295774647887324
2021-06-14T00:00:00.000,13:23,40.872494,-73.83314,0,0,0,0,4087,-7383,0.3333333333333333
2021-06-08T00:00:00.000,8:18,40.658295,-73.93109,1,0,1,1,4065,-7393,0.44366197183098594
2021-06-14T00:00:00.000,10:20,40.67571,-73.97864,0,0,0,0,4067,-7397,0.2818181818181818
2021-06-14T00:00:00.000,3:24,40.68789,-73.90724,0,0,0,0,4068,-7390,0.4421052631578947
2021-06-14T00:00:00.000,14:50,40.844864,-73.88861,0,0,0,0,4084,-7388,0.390625
2021-06-14T00:00:00.000,12:50,40.724792,-73.9088,0,0,0,0,4072,-7390,0.2978723404255319
2021-06-14T00:00:00.000,8:30,40.666893,-73.80546,0,0,0,0,4066,-7380,0.40789473684210525
2021-06-14T00:00:00.000,19:28,40.801342,-73.94598,1,0,1,1,4080,-7394,0.41116751269035534
2021-06-14T00:00:00.000,11:14,40.63093,-74.1115,0,0,0,0,4063,-7411,0.20689655172413793
2021-06-14T00:00:00.000,19:04,40.655384,-73.95084,1,0,1,1,4065,-7395,0.38686131386861317
2021-06-14T00:00:00.000,15:40,40.735573,-73.88111,0,0,0,0,4073,-7388,0.2777777777777778
2021-06-14T00:00:00.000,13:14,40.607586,-74.00318,1,0,1,1,4060,-7400,0.24074074074074073
2021-06-14T00:00:00.000,7:18,0.0,0.0,1,0,1,1,0,0,0.40425531914893614
2021-06-14T00:00:00.000,5:48,40.813175,-73.89845,1,0,1,1,4081,-7389,0.31543624161073824
2021-06-14T00:00:00.000,5:51,40.65415,-73.949936,2,0,1,1,4065,-7394,0.43137254901960786
2021-06-14T00:00:00.000,23:35,40.73937,-73.79189,1,0,1,1,4073,-7379,0.4
2021-06-14T00:00:00.000,15:03,40.701958,-73.9239,0,0,0,0,4070,-7392,0.24305555555555555
2021-06-14T00:00:00.000,6:34,40.787582,-73.849655,0,0,0,0,4078,-7384,0.23809523809523808
2021-06-07T00:00:00.000,13:50,40.68837,-73.944916,1,0,1,1,4068,-7394,0.4409448818897638
2021-06-14T00:00:00.000,16:14,40.66459,-73.87663,1,0,1,1,4066,-7387,0.38461538461538464
2021-06-14T00:00:00.000,18:30,40.80259,-73.935265,0,0,0,0,4080,-7393,0.36312849162011174
2021-06-14T00:00:00.000,17:30,40.65503,-73.95002,2,0,1,1,4065,-7395,0.38686131386861317
2021-06-14T00:00:00.000,16:22,40.876976,-73.88966,0,0,0,0,4087,-7388,0.3561643835616438
2021-06-14T00:00:00.000,19:34,40.633617,-73.977715,0,0,0,0,4063,-7397,0.36893203883495146
2021-06-14T00:00:00.000,18:34,40.738197,-73.865456,0,0,0,0,4073,-7386,0.3464566929133858
2021-06-14T00:00:00.000,10:32,40.605732,-73.985016,0,0,0,0,4060,-7398,0.2711864406779661
2021-06-14T00:00:00.000,19:45,40.667168,-73.88087,0,0,0,0,4066,-7388,0.37012987012987014
2021-06-14T00:00:00.000,15:00,40.72389,-73.84655,0,0,0,0,4072,-7384,0.2711864406779661
2021-06-14T00:00:00.000,18:08,40.73329,-73.98719,1,0,1,1,4073,-7398,0.36942675159235666
2021-06-14T00:00:00.000,10:00,40.636105,-74.02292,0,0,0,0,4063,-7402,0.3877551020408163
2021-06-14T00:00:00.000,19:38,40.651863,-73.86536,1,0,1,1,4065,-7386,0.36619718309859156
2021-06-04T00:00:00.000,13:40,40.692356,-73.94282,0,0,0,0,4069,-7394,0.417910447761194
2021-06-14T00:00:00.000,13:20,40.778625,-73.77587,0,0,0,0,4077,-7377,0.25
2021-06-06T00:00:00.000,15:00,40.696354,-73.94071,0,0,0,0,4069,-7394,0.417910447761194
2021-06-14T00:00:00.000,0:10,40.59281,-73.97877,0,0,0,0,4059,-7397,0.3191489361702128
2021-06-03T00:00:00.000,15:30,40.698406,-73.80647,1,0,1,1,4069,-7380,0.38461538461538464
2021-06-14T00:00:00.000,1:08,40.724495,-73.72469,1,0,1,1,4072,-7372,0.3793103448275862
2021-06-14T00:00:00.000,11:50,40.71646,-73.79235,0,0,0,0,4071,-7379,0.3888888888888889
2021-06-14T00:00:00.000,3:39,40.702667,-73.86516,1,0,1,1,4070,-7386,0.38235294117647056
2021-06-14T00:00:00.000,14:25,40.740875,-73.89962,0,0,0,0,4074,-7389,0.3203125
2021-06-14T00:00:00.000,17:15,40.84125,-73.9094,0,0,0,0,4084,-7390,0.366120218579235
2021-06-08T00:00:00.000,17:25,40.66379,-73.95295,1,0,1,1,4066,-7395,0.44375
2021-06-14T00:00:00.000,19:49,40.856087,-73.85569,0,0,0,0,4085,-7385,0.3125
2021-06-14T00:00:00.000,12:33,40.614643,-73.936806,0,0,0,0,4061,-7393,0.34285714285714286
2021-06-14T00:00:00.000,21:50,40.63501,-73.914055,1,0,1,1,4063,-7391,0.5
2021-06-10T00:00:00.000,23:18,40.697098,-73.95386,1,0,1,1,4069,-7395,0.30952380952380953
2021-06-14T00:00:00.000,10:00,40.846893,-73.92055,0,0,0,0,4084,-7392,0.3181818181818182
2021-06-14T00:00:00.000,15:40,40.83874,-73.913765,0,0,0,0,4083,-7391,0.33714285714285713
2021-06-14T00:00:00.000,13:43,40.75035,-73.81885,2,0,1,1,4075,-7381,0.35
2021-06-14T00:00:00.000,11:30,40.675236,-73.919945,0,0,0,0,4067,-7391,0.36597938144329895
2021-06-14T00:00:00.000,0:40,40.86955,-73.91519,0,0,0,0,4086,-7391,0.38016528925619836
2021-06-14T00:00:00.000,14:20,40.703674,-73.79087,0,0,0,0,4070,-7379,0.3978494623655914
2021-06-13T00:00:00.000,23:40,40.66796,-73.77155,0,0,0,0,4066,-7377,0.37362637362637363
2021-06-14T00:00:00.000,3:00,40.65909,-73.75986,0,0,0,0,4065,-7375,0.4166666666666667
2021-06-14T00:00:00.000,17:35,40.678234,-73.89753,0,0,0,0,4067,-7389,0.33852140077821014
2021-06-08T00:00:00.000,12:30,40.673107,-73.99959,1,0,1,1,4067,-7399,0.3258426966292135
2021-06-14T00:00:00.000,6:40,40.732162,-73.73598,0,0,0,0,4073,-7373,0.3
2021-06-06T00:00:00.000,15:50,40.694576,-73.95615,0,0,0,0,4069,-7395,0.30952380952380953
2021-06-14T00:00:00.000,13:06,40.76269,-73.98581,1,0,1,1,4076,-7398,0.3081761006289308
2021-06-14T00:00:00.000,17:45,40.631924,-74.016495,0,0,0,0,4063,-7401,0.37777777777777777
2021-06-14T00:00:00.000,5:00,40.720825,-74.00525,0,0,0,0,4072,-7400,0.32926829268292684
2021-06-14T00:00:00.000,9:07,40.67357,-73.95294,1,0,1,1,4067,-7395,0.3695652173913043
2021-06-14T00:00:00.000,4:25,40.596096,-73.76976,1,0,1,1,4059,-7376,0.23809523809523808
2021-06-14T00:00:00.000,17:40,40.658234,-73.9321,0,0,0,0,4065,-7393,0.44366197183098594
2021-06-11T00:00:00.000,11:43,40.711018,-74.0108,1,0,1,1,4071,-7401,0.3181818181818182
2021-06-14T00:00:00.000,1:00,40.75595,-73.88165,0,0,0,0,4075,-7388,0.3402061855670103
2021-06-14T00:00:00.000,1:00,40.709225,-73.843155,0,0,0,0,4070,-7384,0.43333333333333335
2021-06-14T00:00:00.000,17:35,40.82731,-73.87794,1,0,1,1,4082,-7387,0.33544303797468356
2021-06-14T00:00:00.000,23:33,40.68509,-73.80518,2,0,1,1,4068,-7380,0.3829787234042553
2021-06-14T00:00:00.000,22:35,40.663822,-73.98224,0,0,0,0,4066,-7398,0.421875
2021-06-14T00:00:00.000,21:22,40.638626,-73.958855,1,0,1,1,4063,-7395,0.48484848484848486
2021-06-14T00:00:00.000,6:12,40.760296,-73.90141,1,0,1,1,4076,-7390,0.3055555555555556
2021-06-14T00:00:00.000,13:00,40.655273,-73.93178,1,0,1,1,4065,-7393,0.44366197183098594
2021-06-14T00:00:00.000,6:25,40.7106,-73.98469,1,0,1,1,4071,-7398,0.39568345323741005
2021-06-10T00:00:00.000,16:12,40.811993,-73.909515,0,0,0,0,4081,-7390,0.3888888888888889
2021-06-14T00:00:00.000,17:20,40.71277,-73.98849,1,0,1,1,4071,-7398,0.39568345323741005
2021-06-14T00:00:00.000,5:20,40.61704,-74.00366,0,0,0,0,4061,-7400,0.3076923076923077
2021-06-08T00:00:00.000,12:00,40.593388,-73.99477,0,0,0,0,4059,-7399,0.3076923076923077
2021-06-14T00:00:00.000,14:46,40.82615,-73.87766,1,0,1,1,4082,-7387,0.33544303797468356
2021-06-14T00:00:00.000,19:05,40.699165,-73.95548,1,0,1,1,4069,-7395,0.30952380952380953
2021-06-13T00:00:00.000,16:25,40.6481,-73.91474,0,0,0,0,4064,-7391,0.39805825242718446
2021-06-14T00:00:00.000,6:04,40.74886,-73.93755,0,0,0,0,4074,-7393,0.3333333333333333
2021-06-14T00:00:00.000,12:41,40.734688,-73.95247,0,0,0,0,4073,-7395,0.30434782608695654
2021-06-14T00:00:00.000,15:11,40.70042,-73.93452,2,0,1,1,4070,-7393,0.3300970873786408
2021-06-14T00:00:00.000,17:22,40.644615,-73.992905,0,0,0,0,4064,-7399,0.3442622950819672
2021-06-14T00:00:00.000,12:40,40.680275,-73.8417,1,0,1,1,4068,-7384,0.3333333333333333
2021-06-14T00:00:00.000,0:00,40.69024,-73.99437,0,0,0,0,4069,-7399,0.29473684210526313
2021-06-09T00:00:00.000,19:50,40.68871,-73.95499,1,0,1,1,4068,-7395,0.38571428571428573
2021-06-10T00:00:00.000,16:43,40.581264,-74.11221,1,0,1,1,4058,-7411,0.5
2021-06-14T00:00:00.000,11:00,40.783897,-73.97407,0,0,0,0,4078,-7397,0.3434343434343434
2021-06-14T00:00:00.000,18:30,40.663174,-73.90477,0,0,0,0,4066,-7390,0.2777777777777778
2021-06-14T00:00:00.000,16:30,40.678238,-73.89454,0,0,0,0,4067,-7389,0.33852140077821014
2021-06-12T00:00:00.000,11:15,40.697018,-73.9976,0,0,0,0,4069,-7399,0.29473684210526313
2021-06-14T00:00:00.000,21:48,40.797,-73.93778,1,0,1,1,4079,-7393,0.36585365853658536
2021-06-14T00:00:00.000,12:15,40.67619,-73.9081,0,0,0,0,4067,-7390,0.3282442748091603
2021-06-14T00:00:00.000,20:00,40.693638,-73.913315,0,0,0,0,4069,-7391,0.2709677419354839
2021-06-14T00:00:00.000,2:26,40.66929,-73.842445,0,0,0,0,4066,-7384,0.5925925925925926
2022-02-18T00:00:00.000,15:15,40.81505,-73.92427,1,0,1,1,4081,-7392,0.4714285714285714
2021-06-14T00:00:00.000,12:10,40.669476,-73.919975,0,0,0,0,4066,-7391,0.3630952380952381
2021-06-14T00:00:00.000,16:15,40.636505,-73.94416,1,0,1,1,4063,-7394,0.358974358974359
2021-06-14T00:00:00.000,12:15,40.73887,-73.81036,1,0,1,1,4073,-7381,0.3181818181818182
2021-06-14T00:00:00.000,6:48,40.74441,-73.89881,0,0,0,0,4074,-7389,0.3203125
2021-06-14T00:00:00.000,13:30,40.846863,-73.90142,2,0,1,1,4084,-7390,0.366120218579235
2021-06-14T00:00:00.000,11:40,40.700443,-73.95077,1,0,1,1,4070,-7395,0.3475177304964539
2021-06-14T00:00:00.000,7:30,40.67158,-73.88911,0,0,0,0,4067,-7388,0.30434782608695654
2021-06-14T00:00:00.000,15:40,40.880657,-73.877625,0,0,0,0,4088,-7387,0.14583333333333334
2021-06-14T00:00:00.000,9:30,40.592484,-73.78417,0,0,0,0,4059,-7378,0.14705882352941177
2021-06-14T00:00:00.000,10:00,40.66119,-73.933586,0,0,0,0,4066,-7393,0.38578680203045684
2021-06-14T00:00:00.000,14:00,40.627,-73.94476,0,0,0,0,4062,-7394,0.41379310344827586
2021-06-12T00:00:00.000,12:15,40.844376,-73.92178,0,0,0,0,4084,-7392,0.3181818181818182
2021-06-14T00:00:00.000,13:05,40.5916,-73.960686,0,0,0,0,4059,-7396,0.38596491228070173
2021-06-14T00:00:00.000,22:15,40.746937,-73.89862,0,0,0,0,4074,-7389,0.3203125
2021-06-14T00:00:00.000,21:00,40.695824,-73.8211,0,0,0,0,4069,-7382,0.37209302325581395
2021-06-14T00:00:00.000,16:44,40.744457,-73.88816,0,0,0,0,4074,-7388,0.2978723404255319
2021-06-07T00:00:00.000,17:17,40.710396,-74.00561,0,0,0,0,4071,-7400,0.25517241379310346
2024-10-07T00:00:00.000,19:30,40.68668,-73.95958,0,0,0,0,4068,-7395,0.38571428571428573
2021-06-14T00:00:00.000,9:57,40.61661,-73.956856,0,0,0,0,4061,-7395,0.4461538461538462
2021-06-14T00:00:00.000,19:10,40.610523,-74.00806,1,0,1,1,4061,-7400,0.3076923076923077
2021-06-14T00:00:00.000,23:20,40.71935,-73.91233,0,0,0,0,4071,-7391,0.1836734693877551
2021-06-14T00:00:00.000,9:48,40.753765,-73.80489,1,0,1,1,4075,-7380,0.36363636363636365
2021-06-14T00:00:00.000,19:45,40.75472,-73.87384,0,0,0,0,4075,-7387,0.33884297520661155
2021-06-14T00:00:00.000,7:08,40.827133,-73.81973,0,0,0,0,4082,-7381,0.17647058823529413
2022-07-01T00:00:00.000,4:15,40.707783,-73.932076,1,0,1,1,4070,-7393,0.3300970873786408
2021-06-14T00:00:00.000,10:54,40.592846,-73.79616,0,0,0,0,4059,-7379,0.2692307692307692
2021-06-14T00:00:00.000,3:15,40.737885,-73.98091,0,0,0,0,4073,-7398,0.36942675159235666
2021-06-14T00:00:00.000,8:00,40.618786,-74.00807,0,0,0,0,4061,-7400,0.3076923076923077
2021-06-14T00:00:00.000,14:01,40.62495,-74.14521,0,0,0,0,4062,-7414,0.20408163265306123
2021-06-14T00:00:00.000,13:40,40.689365,-73.9058,0,0,0,0,4068,-7390,0.4421052631578947
2021-06-14T00:00:00.000,14:10,40.826275,-73.85971,0,0,0,0,4082,-7385,0.27
2021-06-03T00:00:00.000,14:16,40.620472,-74.15271,1,0,1,1,4062,-7415,0.37037037037037035
2021-06-14T00:00:00.000,15:53,40.830154,-73.93964,1,0,1,1,4083,-7393,0.3333333333333333
2021-06-14T00:00:00.000,6:50,40.699047,-73.95649,0,0,0,0,4069,-7395,0.30952380952380953
2021-06-14T00:00:00.000,22:15,40.67063,-73.75643,1,0,1,1,4067,-7375,0.2608695652173913
2021-06-14T00:00:00.000,9:44,40.742188,-73.91891,1,0,1,1,4074,-7391,0.38333333333333336
2021-06-14T00:00:00.000,12:03,40.6867,-73.9982,0,0,0,0,4068,-7399,0.17857142857142858
2021-06-14T00:00:00.000,11:40,40.72127,-73.94547,0,0,0,0,4072,-7394,0.19801980198019803
2021-06-14T00:00:00.000,10:00,40.885952,-73.8279,0,0,0,0,4088,-7382,0.2765957446808511
2021-06-14T00:00:00.000,3:34,40.86114,-73.91894,0,0,0,0,4086,-7391,0.38016528925619836
2021-06-14T00:00:00.000,13:20,40.593742,-73.96085,0,0,0,0,4059,-7396,0.38596491228070173
2021-06-14T00:00:00.000,18:56,40.833614,-73.860855,0,0,0,0,4083,-7386,0.24822695035460993
2021-06-14T00:00:00.000,13:50,40.66709,-73.76376,0,0,0,0,4066,-7376,0.30434782608695654
2021-06-14T00:00:00.000,15:45,40.743114,-73.77114,0,0,0,0,4074,-7377,0.36363636363636365
2021-06-14T00:00:00.000,16:00,40.579247,-74.16917,1,0,1,1,4057,-7416,0.36363636363636365
2021-06-14T00:00:00.000,18:00,40.79996,-73.94698,0,0,0,0,4079,-7394,0.3523809523809524
2021-06-14T00:00:00.000,15:00,40.68556,-73.90719,0,0,0,0,4068,-7390,0.4421052631578947
2021-06-14T00:00:00.000,8:13,40.753387,-73.99631,0,0,0,0,4075,-7399,0.2830188679245283
2021-06-14T00:00:00.000,18:40,40.761913,-73.76713,0,0,0,0,4076,-7376,0.21739130434782608
2021-06-14T00:00:00.000,18:28,40.63003,-73.990166,1,0,1,1,4063,-7399,0.47692307692307695
2021-06-14T00:00:00.000,0:45,40.850456,-73.899315,0,0,0,0,4085,-7389,0.3353658536585366
2021-06-14T00:00:00.000,17:20,40.622414,-73.896484,0,0,0,0,4062,-7389,0.3333333333333333
2021-06-14T00:00:00.000,2:46,40.66755,-73.773575,1,0,1,1,4066,-7377,0.37362637362637363
2021-06-11T00:00:00.000,13:45,40.68431,-73.95411,1,0,1,1,4068,-7395,0.38571428571428573
2021-06-14T00:00:00.000,14:19,40.688877,-73.98991,0,0,0,0,4068,-7398,0.3873239436619718
2021-06-05T00:00:00.000,9:30,40.678543,-73.949684,1,0,1,1,4067,-7394,0.34074074074074073
2021-06-14T00:00:00.000,17:20,40.75411,-73.898705,0,0,0,0,4075,-7389,0.4805194805194805
2021-06-14T00:00:00.000,21:49,40.63836,-73.981476,0,0,0,0,4063,-7398,0.4827586206896552
2021-06-13T00:00:00.000,21:39,40.767647,-73.92078,0,0,0,0,4076,-7392,0.42105263157894735
2021-06-14T00:00:00.000,17:00,40.58455,-74.109985,0,0,0,0,4058,-7410,0.3076923076923077
2021-06-14T00:00:00.000,6:00,40.702663,-73.86553,0,0,0,0,4070,-7386,0.38235294117647056
2021-06-14T00:00:00.000,16:05,40.712784,-73.7833,0,0,0,0,4071,-7378,0.32653061224489793
2021-06-14T00:00:00.000,8:49,40.88031,-73.91854,1,0,1,1,4088,-7391,0.23076923076923078
2021-06-14T00:00:00.000,8:06,40.82407,-73.902596,0,0,0,0,4082,-7390,0.3025210084033613
2021-06-14T00:00:00.000,9:30,40.614563,-73.994804,0,0,0,0,4061,-7399,0.29411764705882354
2021-06-14T00:00:00.000,17:00,40.638367,-73.95584,0,0,0,0,4063,-7395,0.48484848484848486
2021-06-14T00:00:00.000,16:00,40.667427,-73.91892,0,0,0,0,4066,-7391,0.3630952380952381
2021-06-14T00:00:00.000,17:14,40.843678,-73.89426,0,0,0,0,4084,-7389,0.33766233766233766
2021-06-14T00:00:00.000,9:20,40.862717,-73.9023,0,0,0,0,4086,-7390,0.42748091603053434
2021-06-07T00:00:00.000,15:42,40.639614,-73.93202,1,0,1,1,4063,-7393,0.46153846153846156
2021-06-14T00:00:00.000,14:40,40.760624,-73.81769,1,0,1,1,4076,-7381,0.4716981132075472
2021-06-12T00:00:00.000,16:21,40.7011,-73.84157,1,0,1,1,4070,-7384,0.43333333333333335
2021-06-11T00:00:00.000,18:40,40.752308,-73.86808,1,0,1,1,4075,-7386,0.33653846153846156
2021-06-14T00:00:00.000,6:24,40.844154,-73.89443,0,0,0,0,4084,-7389,0.33766233766233766
2021-06-08T00:00:00.000,10:00,40.681137,-73.95567,0,0,0,0,4068,-7395,0.38571428571428573
2021-06-14T00:00:00.000,18:15,40.65749,-73.893074,0,0,0,0,4065,-7389,0.34965034965034963
2021-06-14T00:00:00.000,15:00,40.681057,-74.00856,1,0,1,1,4068,-7400,0.3333333333333333
2021-06-13T00:00:00.000,4:50,40.642197,-73.94284,0,0,0,0,4064,-7394,0.42342342342342343
2022-07-02T00:00:00.000,4:19,40.66552,-73.74467,0,0,0,0,4066,-7374,0.3698630136986301
2021-06-14T00:00:00.000,14:40,40.869804,-73.87928,0,0,0,0,4086,-7387,0.34545454545454546
2021-06-14T00:00:00.000,17:50,40.666588,-73.80809,1,0,1,1,4066,-7380,0.40789473684210525
2021-06-03T00:00:00.000,13:30,40.711338,-73.92513,0,0,0,0,4071,-7392,0.2777777777777778
2021-06-14T00:00:00.000,22:00,40.653454,-73.88466,0,0,0,0,4065,-7388,0.41509433962264153
2021-06-14T00:00:00.000,8:49,40.63464,-74.14087,2,0,1,1,4063,-7414,0.5769230769230769
2021-06-14T00:00:00.000,10:15,40.638268,-74.14368,0,0,0,0,4063,-7414,0.5769230769230769
2021-06-14T00:00:00.000,23:25,40.71935,-73.91233,0,0,0,0,4071,-7391,0.1836734693877551
2021-06-14T00:00:00.000,11:55,40.623043,-74.02939,0,0,0,0,4062,-7402,0.3625
2021-06-14T00:00:00.000,15:18,40.74425,-73.7334,0,0,0,0,4074,-7373,0.4
2021-06-14T00:00:00.000,22:10,40.71388,-73.75404,3,0,1,1,4071,-7375,0.3269230769230769
2021-06-14T00:00:00.000,17:00,40.814575,-73.90191,0,0,0,0,4081,-7390,0.3888888888888889
2021-06-14T00:00:00.000,6:50,40.689144,-73.99071,0,0,0,0,4068,-7399,0.17857142857142858
2021-06-14T00:00:00.000,14:10,40.775444,-73.828445,0,0,0,0,4077,-7382,0.4444444444444444
2021-06-14T00:00:00.000,1:44,40.69862,-73.920135,0,0,0,0,4069,-7392,0.3584905660377358
2022-07-02T00:00:00.000,10:40,40.826412,-73.9406,0,0,0,0,4082,-7394,0.3812154696132597
2021-06-14T00:00:00.000,12:00,40.674255,-73.89749,0,0,0,0,4067,-7389,0.33852140077821014
2021-06-14T00:00:00.000,21:00,40.745594,-73.9034,1,0,1,1,4074,-7390,0.40625
2021-06-14T00:00:00.000,20:35,40.83489,-73.93776,2,0,1,1,4083,-7393,0.3333333333333333
2021-06-14T00:00:00.000,23:30,40.675762,-73.81688,1,0,1,1,4067,-7381,0.4230769230769231
2021-10-10T00:00:00.000,16:55,40.75855,-73.89253,1,0,1,1,4075,-7389,0.4805194805194805
2021-10-10T00:00:00.000,9:00,40.649395,-73.9417,0,0,0,0,4064,-7394,0.42342342342342343
2021-10-10T00:00:00.000,13:28,40.797714,-73.96132,0,0,0,0,4079,-7396,0.25
2022-07-02T00:00:00.000,9:00,40.698673,-73.94006,0,0,0,0,4069,-7394,0.417910447761194
2021-10-10T00:00:00.000,12:25,40.635727,-73.99629,0,0,0,0,4063,-7399,0.47692307692307695
2022-07-02T00:00:00.000,3:01,40.66112,-73.920135,1,0,1,1,4066,-7392,0.355
2022-06-30T00:00:00.000,13:10,40.65477,-74.00708,2,0,1,1,4065,-7400,0.41509433962264153
2021-10-10T00:00:00.000,19:45,40.78009,-73.9194,0,0,0,0,4078,-7391,0.2777777777777778
2022-07-01T00:00:00.000,22:18,40.84023,-73.880104,0,1,2,1,4084,-7388,0.390625
2021-10-10T00:00:00.000,14:48,40.638878,-74.00605,1,0,1,1,4063,-7400,0.3068181818181818
2021-10-10T00:00:00.000,23:25,40.640827,-73.950424,1,0,1,1,4064,-7395,0.4796747967479675
2021-10-10T00:00:00.000,11:30,40.67227,-73.89596,0,0,0,0,4067,-7389,0.33852140077821014
2022-07-02T00:00:00.000,22:55,40.756287,-73.860725,2,0,1,1,4075,-7386,0.33653846153846156
2021-10-10T00:00:00.000,18:22,40.665257,-73.739555,1,0,1,1,4066,-7373,0.44339622641509435
2022-07-02T00:00:00.000,13:23,40.62577,-73.9113,0,0,0,0,4062,-7391,0.3333333333333333
2022-07-02T00:00:00.000,20:55,40.64424,-73.953514,0,0,0,0,4064,-7395,0.4796747967479675
2021-10-10T00:00:00.000,19:00,40.73815,-73.86543,0,0,0,0,4073,-7386,0.3464566929133858
2021-10-10T00:00:00.000,22:40,40.789024,-73.8077,0,0,0,0,4078,-7380,0.30434782608695654
2021-10-10T00:00:00.000,17:58,40.747375,-73.87912,1,0,1,1,4074,-7387,0.25663716814159293
2021-10-10T00:00:00.000,2:36,40.5432177,-74.1498384,0,0,0,0,4054,-7414,0.2631578947368421
2021-10-10T00:00:00.000,1:30,40.69423,-73.737274,1,0,1,1,4069,-7373,0.36585365853658536
2022-06-26T00:00:00.000,14:00,40.593056,-73.77532,0,0,0,0,4059,-7377,0.2692307692307692
2021-10-10T00:00:00.000,4:00,40.76265,-73.77755,0,0,0,0,4076,-7377,0.20588235294117646
2022-07-02T00:00:00.000,9:16,40.62368,-74.028,1,0,1,1,4062,-7402,0.3625
2022-06-30T00:00:00.000,15:45,40.603134,-73.75527,0,0,0,0,4060,-7375,0.17117117117117117
2022-07-02T00:00:00.000,18:20,40.705746,-73.8097,1,0,1,1,4070,-7380,0.3877551020408163
2022-06-27T00:00:00.000,15:48,40.595257,-73.74849,1,0,1,1,4059,-7374,0.18181818181818182
2021-10-10T00:00:00.000,2:02,40.81505,-73.92427,4,0,1,1,4081,-7392,0.4714285714285714
2022-06-24T00:00:00.000,15:44,40.609856,-73.75458,0,0,0,0,4060,-7375,0.17117117117117117
2021-10-10T00:00:00.000,11:30,40.64531,-73.94608,0,0,0,0,4064,-7394,0.42342342342342343
2021-10-10T00:00:00.000,10:51,40.730114,-73.802376,0,0,0,0,4073,-7380,0.34285714285714286
2022-07-02T00:00:00.000,9:27,40.8315,-73.82697,3,0,1,1,4083,-7382,0.44680851063829785
2021-10-10T00:00:00.000,1:24,40.815845,-73.95287,0,0,0,0,4081,-7395,0.3509933774834437
2022-06-30T00:00:00.000,10:20,0.0,0.0,0,0,0,0,0,0,0.40425531914893614
2022-07-02T00:00:00.000,18:51,40.7032,-73.7892,0,0,0,0,4070,-7378,0.34523809523809523
2021-10-10T00:00:00.000,19:25,40.682377,-73.767166,1,0,1,1,4068,-7376,0.35714285714285715
2022-07-01T00:00:00.000,16:16,40.78202,-73.97173,0,0,0,0,4078,-7397,0.3434343434343434
2022-07-02T00:00:00.000,16:49,40.595932,-73.75963,2,0,1,1,4059,-7375,0.17777777777777778
2021-10-10T00:00:00.000,2:40,40.676895,-73.93593,0,0,0,0,4067,-7393,0.3755868544600939
2021-10-10T00:00:00.000,17:45,40.877636,-73.867424,0,0,0,0,4087,-7386,0.3142857142857143
2022-06-04T00:00:00.000,4:59,40.71702,-73.830505,2,0,1,1,4071,-7383,0.37349397590361444
2021-10-10T00:00:00.000,6:07,40.71458,-73.943954,0,0,0,0,4071,-7394,0.3710691823899371
2021-10-10T00:00:00.000,13:46,40.635323,-74.02025,0,0,0,0,4063,-7402,0.3877551020408163
2021-10-10T00:00:00.000,23:55,40.692196,-73.92488,0,0,0,0,4069,-7392,0.3584905660377358
2021-10-10T00:00:00.000,11:50,40.65207,-74.00676,1,0,1,1,4065,-7400,0.41509433962264153
2021-10-06T00:00:00.000,7:03,40.6918236,-73.9222292,0,0,0,0,4069,-7392,0.3584905660377358
2021-10-10T00:00:00.000,5:45,40.69759,-73.90194,1,0,1,1,4069,-7390,0.29591836734693877
2021-10-10T00:00:00.000,15:40,40.644657,-73.95664,5,0,1,1,4064,-7395,0.4796747967479675
2022-07-02T00:00:00.000,23:55,40.716793,-73.92155,1,0,1,1,4071,-7392,0.2777777777777778
2022-06-28T00:00:00.000,12:55,40.595787,-73.76761,3,0,1,1,4059,-7376,0.23809523809523808
2021-10-10T00:00:00.000,18:40,40.884827,-73.8261,0,0,0,0,4088,-7382,0.2765957446808511
2021-10-10T00:00:00.000,6:30,40.69119,-73.78409,0,0,0,0,4069,-7378,0.29310344827586204
2022-07-02T00:00:00.000,16:44,40.8382,-73.92371,1,0,1,1,4083,-7392,0.310126582278481
2022-07-02T00:00:00.000,14:04,40.610703,-73.97959,1,0,1,1,4061,-7397,0.421875
2021-10-10T00:00:00.000,22:30,40.78202,-73.97173,0,0,0,0,4078,-7397,0.3434343434343434
2022-07-02T00:00:00.000,19:40,40.69931,-73.75736,1,0,1,1,4069,-7375,0.3584905660377358
2021-10-10T00:00:00.000,18:45,40.7448,-73.953415,1,0,1,1,4074,-7395,0.35185185185185186
2021-10-10T00:00:00.000,22:24,40.651264,-74.003914,0,0,0,0,4065,-7400,0.41509433962264153
2021-10-10T00:00:00.000,5:53,40.674034,-73.85803,0,0,0,0,4067,-7385,0.26666666666666666
2022-07-02T00:00:00.000,14:59,40.6952,-73.92844,1,0,1,1,4069,-7392,0.3584905660377358
2021-10-10T00:00:00.000,15:00,40.66798,-73.893845,0,0,0,0,4066,-7389,0.3103448275862069
2022-07-02T00:00:00.000,0:00,40.693005,-73.789856,0,0,0,0,4069,-7378,0.29310344827586204
2021-10-10T00:00:00.000,10:11,40.654594,-73.93461,0,0,0,0,4065,-7393,0.44366197183098594
2022-07-02T00:00:00.000,17:20,40.781666,-73.986694,0,0,0,0,4078,-7398,0.42105263157894735
2022-07-02T00:00:00.000,20:00,40.721397,-73.95605,0,0,0,0,4072,-7395,0.22093023255813954
2021-10-10T00:00:00.000,21:43,40.6769,-73.78158,0,0,0,0,4067,-7378,0.2
2022-06-29T00:00:00.000,14:30,40.867916,-73.84132,0,0,0,0,4086,-7384,0.17857142857142858
2021-10-10T00:00:00.000,1:50,40.84219,-73.89411,0,0,0,0,4084,-7389,0.33766233766233766
2021-10-10T00:00:00.000,18:15,40.87746,-73.853745,0,0,0,0,4087,-7385,0.37681159420289856
2021-10-10T00:00:00.000,12:34,40.705513,-73.93808,0,0,0,0,4070,-7393,0.3300970873786408
2022-07-02T00:00:00.000,1:19,40.689735,-73.72674,1,0,1,1,4068,-7372,0.375
2021-10-10T00:00:00.000,15:50,40.71576,-73.74655,0,0,0,0,4071,-7374,0.23404255319148937
2021-10-10T00:00:00.000,14:37,40.721188,-73.77653,0,0,0,0,4072,-7377,0.375
2021-10-10T00:00:00.000,9:04,40.750977,-73.934746,1,0,1,1,4075,-7393,0.43478260869565216
2021-10-10T00:00:00.000,2:00,40.667236,-73.770004,2,0,1,1,4066,-7377,0.37362637362637363
2021-10-10T00:00:00.000,23:15,40.79166,-73.96469,1,0,1,1,4079,-7396,0.25
2021-10-10T00:00:00.000,8:56,40.579826,-73.97622,0,0,0,0,4057,-7397,0.2619047619047619
2021-10-10T00:00:00.000,3:42,40.808163,-73.95263,1,0,1,1,4080,-7395,0.381294964028777
2021-10-10T00:00:00.000,22:30,40.689262,-73.869774,0,0,0,0,4068,-7386,0.423728813559322
2021-10-10T00:00:00.000,17:22,40.82194,-73.85875,0,0,0,0,4082,-7385,0.27
2021-10-10T00:00:00.000,21:28,40.756157,-73.99125,0,0,0,0,4075,-7399,0.2830188679245283
2021-10-10T00:00:00.000,17:10,40.747078,-73.981346,1,0,1,1,4074,-7398,0.40131578947368424
2021-10-10T00:00:00.000,6:00,40.640743,-74.12003,0,0,0,0,4064,-7412,0.0
2021-10-10T00:00:00.000,17:30,40.725792,-74.01103,0,0,0,0,4072,-7401,0.4
2021-10-10T00:00:00.000,0:45,40.86315,-73.90907,0,0,0,0,4086,-7390,0.42748091603053434
2022-02-20T00:00:00.000,21:36,40.71407,-73.954346,1,0,1,1,4071,-7395,0.36585365853658536
2022-02-16T00:00:00.000,19:10,40.694775,-73.84774,1,0,1,1,4069,-7384,0.26666666666666666
2022-02-20T00:00:00.000,6:44,40.814228,-73.945206,0,0,0,0,4081,-7394,0.38
2022-02-19T00:00:00.000,18:43,40.841522,-73.87885,1,0,1,1,4084,-7387,0.48333333333333334
2022-02-20T00:00:00.000,2:55,40.619926,-74.00066,1,0,1,1,4061,-7400,0.3076923076923077
2022-02-20T00:00:00.000,16:28,40.716908,-73.96363,0,0,0,0,4071,-7396,0.3218390804597701
2022-02-18T00:00:00.000,4:40,40.70313,-73.816795,0,0,0,0,4070,-7381,0.3194444444444444
2022-02-18T00:00:00.000,19:35,40.87617,-73.84904,0,0,0,0,4087,-7384,0.47297297297297297
2022-02-20T00:00:00.000,3:30,40.61726,-74.102104,0,0,0,0,4061,-7410,0.6363636363636364
2022-02-20T00:00:00.000,22:10,40.692104,-73.74273,0,0,0,0,4069,-7374,0.46774193548387094
2022-02-20T00:00:00.000,18:40,40.643604,-73.94301,3,0,1,1,4064,-7394,0.42342342342342343
2022-07-02T00:00:00.000,11:30,40.665066,-73.91348,0,0,0,0,4066,-7391,0.3630952380952381
2022-06-29T00:00:00.000,17:00,40.790813,-73.976456,0,0,0,0,4079,-7397,0.24210526315789474
2021-10-10T00:00:00.000,7:20,40.65295,-73.911026,1,0,1,1,4065,-7391,0.425
2021-10-10T00:00:00.000,4:20,40.7011,-73.84157,0,0,0,0,4070,-7384,0.43333333333333335
2022-07-01T00:00:00.000,14:00,40.700493,-73.9439,4,0,1,1,4070,-7394,0.3956043956043956
2022-07-02T00:00:00.000,13:30,40.68892,-73.99915,1,0,1,1,4068,-7399,0.17857142857142858
2021-10-10T00:00:00.000,12:03,40.581543,-73.83895,0,0,0,0,4058,-7383,0.38461538461538464
2021-10-10T00:00:00.000,15:30,40.715,-73.952446,0,0,0,0,4071,-7395,0.36585365853658536
2021-10-10T00:00:00.000,3:00,40.790997,-73.95143,0,0,0,0,4079,-7395,0.42
2021-10-10T00:00:00.000,20:10,40.73555,-73.934784,0,0,0,0,4073,-7393,0.38461538461538464
2021-10-10T00:00:00.000,9:00,40.659813,-73.87867,0,0,0,0,4065,-7387,0.2857142857142857
2021-10-10T00:00:00.000,14:20,40.626015,-73.90995,0,0,0,0,4062,-7390,0.3888888888888889
2022-06-24T00:00:00.000,17:30,40.84022,-73.873276,1,0,1,1,4084,-7387,0.48333333333333334
2022-06-24T00:00:00.000,12:15,40.83709,-73.83416,0,0,0,0,4083,-7383,0.36363636363636365
2021-10-10T00:00:00.000,9:33,40.81001,-73.958725,0,0,0,0,4081,-7395,0.3509933774834437
2021-10-10T00:00:00.000,4:30,40.854904,-73.92965,0,0,0,0,4085,-7392,0.22
2022-07-02T00:00:00.000,4:00,40.78076,-73.825424,0,0,0,0,4078,-7382,0.3
2022-06-25T00:00:00.000,3:00,40.723274,-73.99122,1,0,1,1,4072,-7399,0.3829787234042553
2021-10-10T00:00:00.000,7:15,40.838844,-73.87817,1,0,1,1,4083,-7387,0.38414634146341464
2022-06-24T00:00:00.000,8:13,40.70476,-73.94986,0,0,0,0,4070,-7394,0.3956043956043956
2022-07-02T00:00:00.000,20:08,40.67236,-74.01124,0,0,0,0,4067,-7401,0.32142857142857145
2021-10-10T00:00:00.000,11:55,40.82523,-73.8976,0,0,0,0,4082,-7389,0.37423312883435583
2022-06-28T00:00:00.000,23:00,40.60098,-73.75555,0,0,0,0,4060,-7375,0.17117117117117117
2021-10-10T00:00:00.000,20:01,40.62149,-74.02622,0,0,0,0,4062,-7402,0.3625
2021-10-10T00:00:00.000,0:25,40.624245,-74.02008,0,0,0,0,4062,-7402,0.3625
2021-10-10T00:00:00.000,1:25,40.677414,-73.93033,1,0,1,1,4067,-7393,0.3755868544600939
2021-10-10T00:00:00.000,16:08,40.679028,-73.80399,0,0,0,0,4067,-7380,0.24615384615384617
2021-10-10T00:00:00.000,4:30,40.72151,-74.00452,1,0,1,1,4072,-7400,0.32926829268292684
2022-06-30T00:00:00.000,17:37,40.756977,-73.99123,0,0,0,0,4075,-7399,0.2830188679245283
2022-07-02T00:00:00.000,0:00,40.66397,-73.99777,1,0,1,1,4066,-7399,0.40540540540540543
2021-10-10T00:00:00.000,21:50,40.716312,-73.81938,0,0,0,0,4071,-7381,0.3448275862068966
2021-10-10T00:00:00.000,20:06,40.7968,-73.929375,1,0,1,1,4079,-7392,0.4
2022-06-28T00:00:00.000,23:41,40.8523,-73.8951,0,0,0,0,4085,-7389,0.3353658536585366
2021-10-10T00:00:00.000,1:45,40.632717,-73.89138,1,0,1,1,4063,-7389,0.41818181818181815
2021-10-10T00:00:00.000,20:40,40.617477,-74.02508,0,0,0,0,4061,-7402,0.4090909090909091
2022-07-01T00:00:00.000,21:35,40.810726,-73.92465,3,0,1,1,4081,-7392,0.4714285714285714
2022-06-30T00:00:00.000,22:22,40.6034,-73.74575,1,0,1,1,4060,-7374,0.15789473684210525
2021-10-10T00:00:00.000,12:55,40.783146,-73.97833,0,0,0,0,4078,-7397,0.3434343434343434
2022-07-02T00:00:00.000,9:20,40.671085,-73.736275,0,0,0,0,4067,-7373,0.46835443037974683
2021-10-10T00:00:00.000,6:40,40.791405,-73.93569,0,0,0,0,4079,-7393,0.36585365853658536
2021-10-10T00:00:00.000,22:21,40.876583,-73.863914,0,0,0,0,4087,-7386,0.3142857142857143
2022-07-02T00:00:00.000,4:03,40.7731,-73.84566,0,0,0,0,4077,-7384,0.125
2022-07-02T00:00:00.000,2:20,40.66386,-73.82297,1,0,1,1,4066,-7382,0.43103448275862066
2022-06-25T00:00:00.000,15:30,40.718815,-73.97474,0,0,0,0,4071,-7397,0.41509433962264153
2022-07-02T00:00:00.000,9:50,40.60719,-74.16243,0,0,0,0,4060,-7416,0.42857142857142855
2022-07-02T00:00:00.000,2:45,40.768887,-73.90691,0,0,0,0,4076,-7390,0.3055555555555556
2022-07-01T00:00:00.000,9:40,40.71424,-73.98795,0,0,0,0,4071,-7398,0.39568345323741005
2021-10-10T00:00:00.000,1:40,40.724804,-73.82983,4,0,1,1,4072,-7382,0.45454545454545453
2022-06-29T00:00:00.000,16:00,40.795456,-73.96564,0,0,0,0,4079,-7396,0.25
2021-10-10T00:00:00.000,0:00,40.758007,-73.96625,1,0,1,1,4075,-7396,0.4788732394366197
2021-10-10T00:00:00.000,0:00,40.576656,-74.118454,0,0,0,0,4057,-7411,0.37142857142857144
2021-10-10T00:00:00.000,10:37,40.572548,-74.16997,0,0,0,0,4057,-7416,0.36363636363636365
2021-10-10T00:00:00.000,14:24,40.609417,-73.9677,0,0,0,0,4060,-7396,0.5714285714285714
2022-07-02T00:00:00.000,1:30,40.765663,-73.76997,1,0,1,1,4076,-7376,0.21739130434782608
2022-07-02T00:00:00.000,21:50,40.665634,-73.75817,2,0,1,1,4066,-7375,0.3
2022-07-02T00:00:00.000,6:00,40.60922,-73.97376,0,0,0,0,4060,-7397,0.3469387755102041
2022-07-02T00:00:00.000,1:20,40.732323,-73.810776,0,0,0,0,4073,-7381,0.3181818181818182
2021-10-10T00:00:00.000,13:13,40.845764,-73.88177,1,0,1,1,4084,-7388,0.390625
2021-10-10T00:00:00.000,13:36,40.68814,-73.99751,0,0,0,0,4068,-7399,0.17857142857142858
2022-06-28T00:00:00.000,23:51,40.85586,-73.89462,0,0,0,0,4085,-7389,0.3353658536585366
2021-10-10T00:00:00.000,14:00,40.658215,-73.873566,0,0,0,0,4065,-7387,0.2857142857142857
2021-10-10T00:00:00.000,12:00,40.629528,-73.943954,0,0,0,0,4062,-7394,0.41379310344827586
2022-07-02T00:00:00.000,12:13,40.68488,-73.91396,0,0,0,0,4068,-7391,0.344
2022-06-24T00:00:00.000,18:00,40.783897,-73.97407,1,0,1,1,4078,-7397,0.3434343434343434
2021-10-10T00:00:00.000,3:53,40.65161,-74.01062,1,0,1,1,4065,-7401,0.43478260869565216
2022-07-01T00:00:00.000,16:30,40.804585,-73.91213,0,0,0,0,4080,-7391,0.38961038961038963
2021-10-10T00:00:00.000,7:45,40.809692,-73.94409,0,0,0,0,4080,-7394,0.41116751269035534
2021-10-10T00:00:00.000,22:56,40.709305,-73.84369,0,0,0,0,4070,-7384,0.43333333333333335
2022-07-02T00:00:00.000,10:20,40.691853,-73.9975,1,0,1,1,4069,-7399,0.29473684210526313
2021-10-10T00:00:00.000,12:30,40.697315,-73.932274,0,0,0,0,4069,-7393,0.3141025641025641
2021-10-10T00:00:00.000,20:43,40.636826,-74.011765,1,0,1,1,4063,-7401,0.37777777777777777
2022-06-03T00:00:00.000,18:00,40.71924,-73.99997,0,0,0,0,4071,-7399,0.3263157894736842
2022-06-29T00:00:00.000,13:00,40.60457,-73.75355,1,0,1,1,4060,-7375,0.17117117117117117
2021-10-10T00:00:00.000,8:29,40.744934,-73.975784,1,0,1,1,4074,-7397,0.4810810810810811
2021-10-10T00:00:00.000,14:40,40.721504,-73.93844,0,0,0,0,4072,-7393,0.36507936507936506
2021-10-10T00:00:00.000,12:45,40.69217,-73.95194,0,0,0,0,4069,-7395,0.30952380952380953
2021-10-10T00:00:00.000,1:15,40.735413,-73.91835,1,0,1,1,4073,-7391,0.33962264150943394
2021-10-10T00:00:00.000,10:00,40.632675,-74.116844,0,0,0,0,4063,-7411,0.20689655172413793
2021-10-10T00:00:00.000,15:23,40.718666,-73.9635,1,0,1,1,4071,-7396,0.3218390804597701
2021-10-10T00:00:00.000,20:00,40.709568,-73.95196,0,0,0,0,4070,-7395,0.3475177304964539
2021-10-10T00:00:00.000,12:00,40.7670445,-73.9828659,0,0,0,0,4076,-7398,0.3081761006289308
2021-10-10T00:00:00.000,13:35,40.803566,-73.96715,1,0,1,1,4080,-7396,0.31343283582089554
2022-07-01T00:00:00.000,12:30,40.747276,-73.989624,0,0,0,0,4074,-7398,0.40131578947368424
2021-10-10T00:00:00.000,1:18,40.706123,-73.78914,1,0,1,1,4070,-7378,0.34523809523809523
2021-10-10T00:00:00.000,14:50,40.75372,-73.83283,1,0,1,1,4075,-7383,0.37681159420289856
2022-06-17T00:00:00.000,8:30,40.607685,-74.13892,0,0,0,0,4060,-7413,0.41935483870967744
2022-06-26T00:00:00.000,9:00,40.71063,-73.95817,0,0,0,0,4071,-7395,0.36585365853658536
2021-10-10T00:00:00.000,5:15,40.700726,-73.94194,1,0,1,1,4070,-7394,0.3956043956043956
2022-07-02T00:00:00.000,19:39,40.6301,-73.90227,0,0,0,0,4063,-7390,0.3561643835616438
2021-10-10T00:00:00.000,9:00,40.631237,-73.9563,0,0,0,0,4063,-7395,0.48484848484848486
2022-06-27T00:00:00.000,20:00,40.63633,-73.94705,0,0,0,0,4063,-7394,0.358974358974359
2021-10-10T00:00:00.000,22:15,40.74037,-73.98946,0,0,0,0,4074,-7398,0.40131578947368424
2022-07-02T00:00:00.000,15:50,40.69798,-73.91257,0,0,0,0,4069,-7391,0.2709677419354839
2021-10-10T00:00:00.000,16:27,40.74729,-73.92832,0,0,0,0,4074,-7392,0.3709677419354839
2021-10-10T00:00:00.000,13:20,40.856796,-73.88992,0,0,0,0,4085,-7388,0.3
2021-10-10T00:00:00.000,19:22,40.691753,-73.966576,1,0,1,1,4069,-7396,0.325
2021-10-10T00:00:00.000,20:31,40.803696,-73.93792,1,0,1,1,4080,-7393,0.36312849162011174
2021-10-10T00:00:00.000,10:40,40.74121,-73.84277,1,0,1,1,4074,-7384,0.42857142857142855
2021-10-10T00:00:00.000,4:26,40.76401,-73.881226,0,0,0,0,4076,-7388,0.43283582089552236
2022-07-02T00:00:00.000,8:36,40.750977,-73.934746,1,0,1,1,4075,-7393,0.43478260869565216
2022-07-01T00:00:00.000,16:00,40.87459,-73.84921,0,0,0,0,4087,-7384,0.47297297297297297
2022-07-02T00:00:00.000,19:26,40.63701,-73.91495,0,0,0,0,4063,-7391,0.5
2021-10-10T00:00:00.000,12:18,40.714462,-73.98166,1,0,1,1,4071,-7398,0.39568345323741005
2022-07-02T00:00:00.000,6:00,40.628574,-73.93564,0,0,0,0,4062,-7393,0.4444444444444444
2022-06-24T00:00:00.000,10:00,40.654434,-73.90898,0,0,0,0,4065,-7390,0.375
2022-06-11T00:00:00.000,4:40,40.81801,-73.96149,0,0,0,0,4081,-7396,0.2222222222222222
2021-10-10T00:00:00.000,20:35,40.81228,-73.90361,1,0,1,1,4081,-7390,0.3888888888888889
2022-07-02T00:00:00.000,17:22,40.724327,-73.95515,1,0,1,1,4072,-7395,0.22093023255813954
2022-06-24T00:00:00.000,11:41,40.602455,-73.76079,0,0,0,0,4060,-7376,0.19230769230769232
2021-10-10T00:00:00.000,16:33,40.63867,-73.97182,1,0,1,1,4063,-7397,0.36893203883495146
2022-07-02T00:00:00.000,12:50,40.802204,-73.967804,0,0,0,0,4080,-7396,0.31343283582089554
2021-10-10T00:00:00.000,14:05,40.871876,-73.84163,2,0,1,1,4087,-7384,0.47297297297297297
2021-10-10T00:00:00.000,15:30,40.68661,-73.80616,0,0,0,0,4068,-7380,0.3829787234042553
2022-07-02T00:00:00.000,16:00,40.637207,-73.95657,0,0,0,0,4063,-7395,0.48484848484848486
2021-10-10T00:00:00.000,4:00,40.682163,-73.889015,0,0,0,0,4068,-7388,0.36538461538461536
2021-10-10T00:00:00.000,13:35,40.690563,-73.94536,2,0,1,1,4069,-7394,0.417910447761194
2021-10-10T00:00:00.000,17:18,40.602688,-73.933556,0,0,0,0,4060,-7393,0.4117647058823529
2022-07-02T00:00:00.000,13:00,40.694214,-73.95932,2,0,1,1,4069,-7395,0.30952380952380953
2022-07-01T00:00:00.000,5:08,40.73664,-73.86584,0,0,0,0,4073,-7386,0.3464566929133858
2021-10-10T00:00:00.000,12:30,40.753227,-73.94672,2,0,1,1,4075,-7394,0.41333333333333333
2022-07-01T00:00:00.000,20:35,40.84843,-73.91299,0,0,0,0,4084,-7391,0.32558139534883723
2022-06-28T00:00:00.000,13:20,40.708942,-73.941765,0,0,0,0,4070,-7394,0.3956043956043956
2022-06-30T00:00:00.000,22:01,40.81053,-73.96206,0,0,0,0,4081,-7396,0.2222222222222222
2021-10-10T00:00:00.000,11:30,40.827824,-73.91934,0,0,0,0,4082,-7391,0.3355263157894737
2022-07-02T00:00:00.000,11:36,40.808853,-73.936264,0,0,0,0,4080,-7393,0.36312849162011174
2022-07-02T00:00:00.000,19:46,40.84097,-73.92867,0,0,0,0,4084,-7392,0.3181818181818182
2021-10-10T00:00:00.000,5:02,40.639305,-73.95898,2,0,1,1,4063,-7395,0.48484848484848486
2022-06-30T00:00:00.000,17:20,40.646515,-73.974655,1,0,1,1,4064,-7397,0.4095238095238095
2021-10-10T00:00:00.000,15:07,40.852383,-73.90365,0,0,0,0,4085,-7390,0.42207792207792205
2021-10-10T00:00:00.000,15:01,40.747295,-73.97405,1,0,1,1,4074,-7397,0.4810810810810811
2022-07-02T00:00:00.000,18:30,40.746906,-73.90161,0,0,0,0,4074,-7390,0.40625
2021-10-10T00:00:00.000,19:46,40.7027,-73.75591,0,0,0,0,4070,-7375,0.4117647058823529
2022-07-02T00:00:00.000,12:02,40.7874,-73.97522,0,0,0,0,4078,-7397,0.3434343434343434
2022-09-21T00:00:00.000,16:05,40.737682,-73.85206,1,0,1,1,4073,-7385,0.3619047619047619
2022-07-02T00:00:00.000,22:08,40.753895,-73.862114,2,0,1,1,4075,-7386,0.33653846153846156
2021-10-10T00:00:00.000,18:40,40.749718,-73.86419,1,0,1,1,4074,-7386,0.3813559322033898
2021-10-10T00:00:00.000,11:35,40.618603,-73.93247,0,0,0,0,4061,-7393,0.34285714285714286
2021-10-10T00:00:00.000,2:03,40.834843,-73.89588,0,0,0,0,4083,-7389,0.3333333333333333
2021-10-10T00:00:00.000,14:08,40.617588,-73.96382,1,0,1,1,4061,-7396,0.30666666666666664
2021-10-10T00:00:00.000,21:12,40.64505,-74.01173,1,0,1,1,4064,-7401,0.4295774647887324
2021-10-10T00:00:00.000,19:27,40.749054,-73.99576,1,0,1,1,4074,-7399,0.3333333333333333
2022-07-02T00:00:00.000,10:00,40.654457,-73.90878,0,0,0,0,4065,-7390,0.375
2021-10-10T00:00:00.000,17:00,40.602905,-74.00003,0,0,0,0,4060,-7400,0.24074074074074073
2021-10-10T00:00:00.000,18:11,40.58371,-73.94739,4,0,1,1,4058,-7394,0.40816326530612246
2021-10-10T00:00:00.000,7:00,40.67213,-73.876495,0,0,0,0,4067,-7387,0.30344827586206896
2021-10-10T00:00:00.000,6:43,40.826218,-73.88882,0,0,0,0,4082,-7388,0.27624309392265195
2021-10-10T00:00:00.000,2:16,40.68127,-73.982666,0,0,0,0,4068,-7398,0.3873239436619718
2021-12-11T00:00:00.000,23:00,40.591442,-73.96067,0,0,0,0,4059,-7396,0.38596491228070173
2021-10-10T00:00:00.000,15:00,40.7215899,-74.0031956,4,0,1,1,4072,-7400,0.32926829268292684
2021-10-10T00:00:00.000,17:30,40.5907529,-74.0883648,0,0,0,0,4059,-7408,0.36363636363636365
2021-10-08T00:00:00.000,16:47,40.5792123,-73.9762585,1,0,1,1,4057,-7397,0.2619047619047619
2021-10-10T00:00:00.000,21:00,40.8315891,-73.9003883,0,0,0,0,4083,-7390,0.3064516129032258
2021-10-07T00:00:00.000,18:03,40.5962568,-73.766834,0,0,0,0,4059,-7376,0.23809523809523808
2021-12-08T00:00:00.000,15:41,40.646065,-73.87979,0,0,0,0,4064,-7387,0.4918032786885246
2021-12-11T00:00:00.000,18:45,40.69768,-73.98703,0,0,0,0,4069,-7398,0.3229166666666667
2021-12-11T00:00:00.000,21:07,40.790154,-73.93675,0,0,0,0,4079,-7393,0.36585365853658536
2021-12-09T00:00:00.000,8:19,40.836407,-73.87678,0,0,0,0,4083,-7387,0.38414634146341464
2021-12-11T00:00:00.000,20:34,40.81094,-73.94318,0,0,0,0,4081,-7394,0.38
2021-12-02T00:00:00.000,17:10,40.670734,-73.93373,0,0,0,0,4067,-7393,0.3755868544600939
2021-12-11T00:00:00.000,0:25,40.730366,-73.91388,0,0,0,0,4073,-7391,0.33962264150943394
2021-12-11T00:00:00.000,18:48,40.609333,-73.948425,1,0,1,1,4060,-7394,0.5217391304347826
2022-06-09T00:00:00.000,14:00,40.7406,-73.879326,1,0,1,1,4074,-7387,0.25663716814159293
2022-07-02T00:00:00.000,11:03,40.588066,-73.95342,0,0,0,0,4058,-7395,0.3465346534653465
2022-07-02T00:00:00.000,19:03,40.716778,-73.93635,0,0,0,0,4071,-7393,0.2711864406779661
2022-07-02T00:00:00.000,15:15,40.631813,-74.00983,0,0,0,0,4063,-7400,0.3068181818181818
2022-06-29T00:00:00.000,14:39,40.70942,-73.99319,0,0,0,0,4070,-7399,0.21052631578947367
2022-07-02T00:00:00.000,6:27,40.65799,-73.996925,0,0,0,0,4065,-7399,0.4117647058823529
2022-06-30T00:00:00.000,18:25,40.79286,-73.96754,0,0,0,0,4079,-7396,0.25
2022-07-02T00:00:00.000,12:25,40.764034,-73.97243,1,0,1,1,4076,-7397,0.37
2022-07-02T00:00:00.000,12:28,40.634953,-73.98144,1,0,1,1,4063,-7398,0.4827586206896552
2022-06-30T00:00:00.000,9:05,40.767612,-73.950005,1,0,1,1,4076,-7395,0.3696969696969697
2022-07-01T00:00:00.000,21:00,40.845028,-73.89001,0,0,0,0,4084,-7389,0.33766233766233766
2022-07-02T00:00:00.000,16:30,40.763844,-73.769455,0,0,0,0,4076,-7376,0.21739130434782608
2022-07-02T00:00:00.000,22:20,40.662434,-73.74913,0,0,0,0,4066,-7374,0.3698630136986301
2022-06-14T00:00:00.000,14:31,40.846313,-73.88516,2,0,1,1,4084,-7388,0.390625
2022-07-02T00:00:00.000,3:55,40.624336,-73.91747,0,0,0,0,4062,-7391,0.3333333333333333
2022-07-01T00:00:00.000,23:40,40.72073,-73.988914,0,0,0,0,4072,-7398,0.4342105263157895
2022-06-25T00:00:00.000,7:10,40.59952,-73.75622,0,0,0,0,4059,-7375,0.17777777777777778
2022-07-02T00:00:00.000,6:00,40.704678,-73.90534,0,0,0,0,4070,-7390,0.37894736842105264
2022-07-02T00:00:00.000,18:27,40.701355,-73.88794,1,0,1,1,4070,-7388,0.3448275862068966
2022-07-02T00:00:00.000,17:04,40.7606,-73.964325,0,0,0,0,4076,-7396,0.3023255813953488
2022-07-02T00:00:00.000,8:00,40.85667,-73.86569,0,0,0,0,4085,-7386,0.33766233766233766
2022-07-01T00:00:00.000,10:40,40.638966,-73.94251,1,0,1,1,4063,-7394,0.358974358974359
2022-07-01T00:00:00.000,9:40,40.747772,-73.985054,0,0,0,0,4074,-7398,0.40131578947368424
2022-06-25T00:00:00.000,10:30,40.816532,-73.92822,0,0,0,0,4081,-7392,0.4714285714285714
2022-07-02T00:00:00.000,15:00,40.69691,-73.81124,0,0,0,0,4069,-7381,0.3902439024390244
2022-07-02T00:00:00.000,12:00,40.66549,-73.755165,3,0,1,1,4066,-7375,0.3
2022-06-26T00:00:00.000,13:40,40.714287,-73.96515,0,0,0,0,4071,-7396,0.3218390804597701
2022-01-01T00:00:00.000,0:20,40.837643,-73.90334,0,0,0,0,4083,-7390,0.3064516129032258
2021-12-27T00:00:00.000,18:30,40.59423,-73.908325,0,0,0,0,4059,-7390,0.23404255319148937
2021-01-04T00:00:00.000,8:08,40.762486,-73.96298,0,0,0,0,4076,-7396,0.3023255813953488
2022-01-02T00:00:00.000,12:50,40.735065,-73.88184,0,0,0,0,4073,-7388,0.2777777777777778
2021-12-22T00:00:00.000,23:40,40.671608,-73.91695,1,0,1,1,4067,-7391,0.36597938144329895
2021-12-28T00:00:00.000,7:00,40.70274,-73.79842,1,0,1,1,4070,-7379,0.3978494623655914
2021-12-28T00:00:00.000,12:51,40.72409,-73.99743,1,0,1,1,4072,-7399,0.3829787234042553
2022-02-20T00:00:00.000,15:11,40.679874,-73.89122,1,0,1,1,4067,-7389,0.33852140077821014
2022-02-14T00:00:00.000,13:00,40.898876,-73.85539,0,0,0,0,4089,-7385,0.3813559322033898
2022-02-20T00:00:00.000,5:30,40.744965,-73.87833,0,0,0,0,4074,-7387,0.25663716814159293
2022-02-20T00:00:00.000,0:30,40.68947,-73.86515,0,0,0,0,4068,-7386,0.423728813559322
2022-02-20T00:00:00.000,5:00,40.746033,-73.88015,0,0,0,0,4074,-7388,0.2978723404255319
2022-02-20T00:00:00.000,17:54,40.69539,-73.898895,1,0,1,1,4069,-7389,0.3709677419354839
2022-02-20T00:00:00.000,1:00,40.63932,-74.02356,0,0,0,0,4063,-7402,0.3877551020408163
2022-02-19T00:00:00.000,20:50,40.724693,-73.99419,1,0,1,1,4072,-7399,0.3829787234042553
2022-02-20T00:00:00.000,18:21,40.602467,-73.96638,0,0,0,0,4060,-7396,0.5714285714285714
2022-02-20T00:00:00.000,12:48,40.710957,-73.951126,0,0,0,0,4071,-7395,0.36585365853658536
2022-02-19T00:00:00.000,22:15,0.0,0.0,1,0,1,1,0,0,0.40425531914893614
2022-02-20T00:00:00.000,8:30,40.71702,-73.830505,1,0,1,1,4071,-7383,0.37349397590361444
2022-07-02T00:00:00.000,3:21,40.618946,-73.99904,0,0,0,0,4061,-7399,0.29411764705882354
2022-07-02T00:00:00.000,8:13,40.84275,-73.92283,0,0,0,0,4084,-7392,0.3181818181818182
2021-06-11T00:00:00.000,14:40,40.79777,-73.94435,0,0,0,0,4079,-7394,0.3523809523809524
2022-06-30T00:00:00.000,23:15,40.75734,-73.98602,0,0,0,0,4075,-7398,0.3170731707317073
2022-07-01T00:00:00.000,9:20,40.846657,-73.89619,1,0,1,1,4084,-7389,0.33766233766233766
2022-07-02T00:00:00.000,14:50,40.774414,-73.79786,2,0,1,1,4077,-7379,0.5
2022-01-02T00:00:00.000,0:30,40.69919,-73.91469,0,0,0,0,4069,-7391,0.2709677419354839
2022-01-01T00:00:00.000,6:00,40.888596,-73.89068,2,0,1,1,4088,-7389,0.4626865671641791
2022-01-02T00:00:00.000,8:44,40.842224,-73.88776,0,0,0,0,4084,-7388,0.390625
2022-01-02T00:00:00.000,4:15,40.74321,-73.89608,0,0,0,0,4074,-7389,0.3203125
2021-12-31T00:00:00.000,18:55,40.642563,-73.90633,1,0,1,1,4064,-7390,0.4017094017094017
2022-07-02T00:00:00.000,22:07,40.846687,-73.905594,1,0,1,1,4084,-7390,0.366120218579235
2021-12-25T00:00:00.000,22:40,40.832695,-73.86367,0,0,0,0,4083,-7386,0.24822695035460993
2022-01-02T00:00:00.000,3:00,40.76294,-73.86067,0,0,0,0,4076,-7386,0.40298507462686567
2022-01-02T00:00:00.000,8:40,40.842117,-73.88786,0,0,0,0,4084,-7388,0.390625
2022-01-01T00:00:00.000,5:55,40.84984,-73.934975,0,0,0,0,4084,-7393,0.32786885245901637
2022-01-01T00:00:00.000,4:00,40.83417,-73.94837,0,0,0,0,4083,-7394,0.38926174496644295
2021-06-10T00:00:00.000,17:41,40.727432,-73.90713,0,0,0,0,4072,-7390,0.2978723404255319
2021-06-06T00:00:00.000,14:10,40.754055,-73.99583,0,0,0,0,4075,-7399,0.2830188679245283
2021-06-12T00:00:00.000,20:38,40.721935,-73.98533,1,0,1,1,4072,-7398,0.4342105263157895
2021-06-09T00:00:00.000,23:50,40.731705,-74.00096,0,0,0,0,4073,-7400,0.2403846153846154
2021-06-13T00:00:00.000,7:11,40.860176,-73.891754,0,0,0,0,4086,-7389,0.40606060606060607
2021-06-08T00:00:00.000,13:25,40.72773,-73.90674,1,0,1,1,4072,-7390,0.2978723404255319
2021-06-15T00:00:00.000,9:00,40.759495,-73.762405,0,0,0,0,4075,-7376,0.4
2021-06-15T00:00:00.000,12:00,40.824482,-73.914764,0,0,0,0,4082,-7391,0.3355263157894737
2021-06-15T00:00:00.000,10:00,40.58428,-73.92529,0,0,0,0,4058,-7392,0.375
2021-06-12T00:00:00.000,17:38,40.759357,-73.9582,0,0,0,0,4075,-7395,0.38095238095238093
2021-06-15T00:00:00.000,22:15,40.836555,-73.87135,0,0,0,0,4083,-7387,0.38414634146341464
2021-06-15T00:00:00.000,12:40,40.580223,-73.95753,0,0,0,0,4058,-7395,0.3465346534653465
2021-06-15T00:00:00.000,0:13,40.654797,-73.93943,2,0,1,1,4065,-7393,0.44366197183098594
2021-06-15T00:00:00.000,17:33,40.667313,-73.73926,1,0,1,1,4066,-7373,0.44339622641509435
2021-06-15T00:00:00.000,23:30,40.74226,-73.99126,0,0,0,0,4074,-7399,0.3333333333333333
2021-06-15T00:00:00.000,10:35,40.684383,-73.823265,0,0,0,0,4068,-7382,0.41975308641975306
2021-06-15T00:00:00.000,10:54,40.723515,-73.75264,0,0,0,0,4072,-7375,0.2727272727272727
2021-06-15T00:00:00.000,17:45,40.713516,-73.88682,0,0,0,0,4071,-7388,0.10344827586206896
2021-06-15T00:00:00.000,6:05,40.67189,-73.895874,0,0,0,0,4067,-7389,0.33852140077821014
2021-06-15T00:00:00.000,4:00,40.836193,-73.86521,0,0,0,0,4083,-7386,0.24822695035460993
2021-06-15T00:00:00.000,15:10,40.862064,-73.89484,0,0,0,0,4086,-7389,0.40606060606060607
2021-06-15T00:00:00.000,17:55,40.67731,-73.89913,0,0,0,0,4067,-7389,0.33852140077821014
2021-06-15T00:00:00.000,3:30,40.68866,-73.829185,0,0,0,0,4068,-7382,0.41975308641975306
2021-06-15T00:00:00.000,12:35,40.619465,-74.02288,1,0,1,1,4061,-7402,0.4090909090909091
2021-06-15T00:00:00.000,16:35,40.859097,-73.83813,0,0,0,0,4085,-7383,0.25
2021-06-14T00:00:00.000,7:00,40.710575,-74.00848,0,0,0,0,4071,-7400,0.25517241379310346
2021-06-15T00:00:00.000,0:17,40.8076,-73.93719,1,0,1,1,4080,-7393,0.36312849162011174
2021-06-15T00:00:00.000,15:50,40.676327,-73.97822,6,0,1,1,4067,-7397,0.2818181818181818
2021-06-15T00:00:00.000,14:30,40.837864,-73.9114,0,0,0,0,4083,-7391,0.33714285714285713
2021-06-15T00:00:00.000,12:10,40.7293,-73.862854,1,0,1,1,4072,-7386,0.42424242424242425
2021-06-15T00:00:00.000,8:20,40.780178,-73.95721,0,0,0,0,4078,-7395,0.42168674698795183
2021-06-12T00:00:00.000,14:25,40.815826,-73.947044,0,0,0,0,4081,-7394,0.38
2021-06-15T00:00:00.000,3:15,40.710182,-73.78336,0,0,0,0,4071,-7378,0.32653061224489793
2021-06-13T00:00:00.000,19:20,40.645103,-74.01033,0,0,0,0,4064,-7401,0.4295774647887324
2021-06-15T00:00:00.000,10:20,40.600822,-73.97355,0,0,0,0,4060,-7397,0.3469387755102041
2021-06-15T00:00:00.000,9:50,40.598415,-73.967,0,0,0,0,4059,-7396,0.38596491228070173
2021-06-15T00:00:00.000,21:10,40.748333,-73.87735,0,0,0,0,4074,-7387,0.25663716814159293
2021-06-15T00:00:00.000,10:00,40.655685,-73.899414,0,0,0,0,4065,-7389,0.34965034965034963
2021-06-15T00:00:00.000,9:24,40.67974,-73.89213,1,0,1,1,4067,-7389,0.33852140077821014
2021-06-15T00:00:00.000,13:00,40.836094,-73.92927,0,0,0,0,4083,-7392,0.310126582278481
2021-06-15T00:00:00.000,21:00,40.702614,-73.96058,0,0,0,0,4070,-7396,0.3431372549019608
2021-06-15T00:00:00.000,16:00,40.78257,-73.94522,1,0,1,1,4078,-7394,0.33513513513513515
2021-06-13T00:00:00.000,7:37,40.85219,-73.88201,1,0,1,1,4085,-7388,0.3
2021-06-15T00:00:00.000,11:15,40.910633,-73.9047,0,0,0,0,4091,-7390,0.3333333333333333
2021-06-15T00:00:00.000,21:11,40.813786,-73.911476,1,0,1,1,4081,-7391,0.47244094488188976
2021-06-15T00:00:00.000,9:01,40.632023,-73.88773,0,0,0,0,4063,-7388,0.3835616438356164
2021-06-15T00:00:00.000,1:20,40.880283,-73.88269,0,0,0,0,4088,-7388,0.42857142857142855
2021-06-15T00:00:00.000,3:36,40.71997,-73.992905,0,1,2,1,4071,-7399,0.3263157894736842
2021-06-15T00:00:00.000,23:32,40.668106,-73.95143,0,0,0,0,4066,-7395,0.44375
2021-06-13T00:00:00.000,18:15,40.699627,-73.923836,0,0,0,0,4069,-7392,0.3584905660377358
2021-06-15T00:00:00.000,13:43,40.807034,-73.939705,0,0,0,0,4080,-7393,0.36312849162011174
2021-06-15T00:00:00.000,16:20,40.81612,-73.926636,0,0,0,0,4081,-7392,0.4714285714285714
2021-06-15T00:00:00.000,8:05,40.812813,-73.94181,0,0,0,0,4081,-7394,0.38
2021-06-15T00:00:00.000,10:25,40.60793,-73.81605,0,0,0,0,4060,-7381,0.5714285714285714
2021-06-15T00:00:00.000,20:28,40.71112,-73.778915,1,0,1,1,4071,-7377,0.20967741935483872
2021-06-15T00:00:00.000,14:00,40.745388,-73.71508,0,0,0,0,4074,-7371,0.38095238095238093
2021-06-13T00:00:00.000,16:00,40.66423,-73.919106,0,0,0,0,4066,-7391,0.3630952380952381
2021-06-15T00:00:00.000,12:00,40.694145,-73.82774,1,0,1,1,4069,-7382,0.37209302325581395
2021-06-15T00:00:00.000,23:00,40.870224,-73.88717,0,0,0,0,4087,-7388,0.3561643835616438
2021-06-15T00:00:00.000,18:30,40.683483,-73.773506,0,0,0,0,4068,-7377,0.3673469387755102
2021-06-15T00:00:00.000,10:00,40.665287,-73.99301,0,0,0,0,4066,-7399,0.40540540540540543
2021-06-15T00:00:00.000,0:50,40.652554,-73.92078,2,0,1,1,4065,-7392,0.35555555555555557
2021-06-12T00:00:00.000,10:00,40.875076,-73.86612,0,0,0,0,4087,-7386,0.3142857142857143
2021-06-01T00:00:00.000,19:45,40.6952,-73.92844,1,0,1,1,4069,-7392,0.3584905660377358
2021-06-15T00:00:00.000,17:23,40.634506,-73.949455,0,0,0,0,4063,-7394,0.358974358974359
2021-06-15T00:00:00.000,22:00,40.68406,-73.72873,0,0,0,0,4068,-7372,0.375
2021-06-04T00:00:00.000,16:30,40.58695,-74.16416,1,0,1,1,4058,-7416,0.3
2021-06-15T00:00:00.000,8:45,40.689598,-73.91025,0,0,0,0,4068,-7391,0.344
2021-06-15T00:00:00.000,18:06,40.62709,-73.94403,1,0,1,1,4062,-7394,0.41379310344827586
2021-06-03T00:00:00.000,12:32,40.683464,-73.97569,0,0,0,0,4068,-7397,0.3412322274881517
2021-06-15T00:00:00.000,15:00,40.634544,-73.97273,0,0,0,0,4063,-7397,0.36893203883495146
2021-06-15T00:00:00.000,20:54,40.73191,-73.87124,0,0,0,0,4073,-7387,0.3140495867768595
2021-06-15T00:00:00.000,14:30,40.600216,-73.743706,0,0,0,0,4060,-7374,0.15789473684210525
2021-06-15T00:00:00.000,17:15,40.585136,-73.95918,0,0,0,0,4058,-7395,0.3465346534653465
2021-06-15T00:00:00.000,5:00,40.700737,-73.99499,1,0,1,1,4070,-7399,0.21052631578947367
2021-06-15T00:00:00.000,16:50,40.670532,-73.91488,0,0,0,0,4067,-7391,0.36597938144329895
2021-06-14T00:00:00.000,14:20,40.75355,-73.98505,0,0,0,0,4075,-7398,0.3170731707317073
2021-06-15T00:00:00.000,9:30,40.748993,-73.89687,1,0,1,1,4074,-7389,0.3203125
2021-06-15T00:00:00.000,14:00,40.668785,-73.87758,0,0,0,0,4066,-7387,0.38461538461538464
2021-06-02T00:00:00.000,12:00,40.798492,-73.94923,0,0,0,0,4079,-7394,0.3523809523809524
2021-06-11T00:00:00.000,23:10,40.883556,-73.84974,1,0,1,1,4088,-7384,0.4153846153846154
2021-06-15T00:00:00.000,7:50,40.76142,-73.97243,1,0,1,1,4076,-7397,0.37
2021-06-15T00:00:00.000,3:04,40.675735,-73.89686,1,0,1,1,4067,-7389,0.33852140077821014
2021-06-14T00:00:00.000,19:30,40.69642,-73.95978,0,0,0,0,4069,-7395,0.30952380952380953
2021-06-15T00:00:00.000,10:35,40.692547,-73.990974,0,0,0,0,4069,-7399,0.29473684210526313
2021-06-15T00:00:00.000,14:25,40.747204,-73.816925,0,0,0,0,4074,-7381,0.46153846153846156
2021-06-13T00:00:00.000,1:01,40.556454,-74.20777,0,0,0,0,4055,-7420,0.2
2022-01-02T00:00:00.000,11:15,40.676003,-73.865395,0,0,0,0,4067,-7386,0.3431372549019608
2021-06-15T00:00:00.000,16:07,40.682125,-73.87752,0,0,0,0,4068,-7387,0.24719101123595505
2021-06-15T00:00:00.000,18:43,40.812214,-73.885895,2,0,1,1,4081,-7388,0.25471698113207547
2021-06-15T00:00:00.000,16:20,40.66923,-73.997154,1,0,1,1,4066,-7399,0.40540540540540543
2021-06-15T00:00:00.000,17:15,40.622414,-73.896484,1,0,1,1,4062,-7389,0.3333333333333333
2021-06-01T00:00:00.000,15:40,40.70722,-73.78957,0,0,0,0,4070,-7378,0.34523809523809523
2022-01-02T00:00:00.000,16:00,40.695827,-73.855385,0,0,0,0,4069,-7385,0.34
2022-01-02T00:00:00.000,15:05,40.59075,-74.08837,2,0,1,1,4059,-7408,0.36363636363636365
2021-06-15T00:00:00.000,11:30,40.863033,-73.85781,1,0,1,1,4086,-7385,0.5
2021-06-15T00:00:00.000,11:49,40.67027,-73.91807,1,0,1,1,4067,-7391,0.36597938144329895
2020-12-12T00:00:00.000,16:14,40.864857,-73.92572,0,0,0,0,4086,-7392,0.359375
2021-06-15T00:00:00.000,16:50,40.74947,-73.7564,1,0,1,1,4074,-7375,0.16666666666666666
2021-06-15T00:00:00.000,12:00,40.563774,-74.15586,1,0,1,1,4056,-7415,0.2857142857142857
2021-06-15T00:00:00.000,12:50,40.730137,-73.92693,1,0,1,1,4073,-7392,0.4444444444444444
2021-06-15T00:00:00.000,7:50,40.58062,-73.95472,1,0,1,1,4058,-7395,0.3465346534653465
2021-06-15T00:00:00.000,0:00,40.674,-74.000275,0,0,0,0,4067,-7400,0.20967741935483872
2021-06-15T00:00:00.000,9:28,40.69279,-73.76522,1,0,1,1,4069,-7376,0.3392857142857143
2021-06-15T00:00:00.000,16:00,40.659718,-73.94534,1,0,1,1,4065,-7394,0.43137254901960786
2021-06-15T00:00:00.000,16:00,40.6266,-73.98271,0,0,0,0,4062,-7398,0.38
2021-06-14T00:00:00.000,3:45,40.753254,-73.88021,0,0,0,0,4075,-7388,0.3402061855670103
2021-06-15T00:00:00.000,17:55,40.71654,-73.996994,0,0,0,0,4071,-7399,0.3263157894736842
2021-06-15T00:00:00.000,7:30,40.713287,-73.87163,1,0,1,1,4071,-7387,0.5652173913043478
2021-06-15T00:00:00.000,21:50,40.606247,-73.97645,1,0,1,1,4060,-7397,0.3469387755102041
2021-06-09T00:00:00.000,15:38,40.65502,-73.94712,1,0,1,1,4065,-7394,0.43137254901960786
2021-06-15T00:00:00.000,17:05,40.65925,-73.988434,0,0,0,0,4065,-7398,0.2222222222222222
2021-06-11T00:00:00.000,22:15,40.818516,-73.93765,0,0,0,0,4081,-7393,0.32432432432432434
2021-06-15T00:00:00.000,21:30,40.710045,-73.96853,0,0,0,0,4071,-7396,0.3218390804597701
2021-06-11T00:00:00.000,1:05,40.694107,-73.89737,0,0,0,0,4069,-7389,0.3709677419354839
2021-06-15T00:00:00.000,16:34,40.80543,-73.92087,1,0,1,1,4080,-7392,0.3141025641025641
2021-06-15T00:00:00.000,8:27,40.69433,-73.82697,0,0,0,0,4069,-7382,0.37209302325581395
2021-06-15T00:00:00.000,13:45,40.580208,-74.09975,0,0,0,0,4058,-7409,0.15625
2021-06-15T00:00:00.000,10:10,40.719566,-73.91239,0,0,0,0,4071,-7391,0.1836734693877551
2021-06-15T00:00:00.000,11:40,40.77731,-73.91239,0,0,0,0,4077,-7391,0.3157894736842105
2021-06-15T00:00:00.000,22:00,40.70831,-73.940735,0,0,0,0,4070,-7394,0.3956043956043956
2021-06-14T00:00:00.000,7:45,40.72277,-73.83625,1,0,1,1,4072,-7383,0.4909090909090909
2021-06-15T00:00:00.000,13:30,40.75999,-73.87,0,0,0,0,4075,-7387,0.33884297520661155
2021-06-15T00:00:00.000,15:40,40.594917,-74.15943,0,0,0,0,4059,-7415,0.5
2021-06-15T00:00:00.000,9:00,40.701332,-73.98201,0,0,0,0,4070,-7398,0.21568627450980393
2021-06-15T00:00:00.000,11:50,40.55168,-74.14479,1,0,1,1,4055,-7414,0.4444444444444444
2021-06-15T00:00:00.000,18:05,40.690296,-73.744675,1,0,1,1,4069,-7374,0.46774193548387094
2021-06-15T00:00:00.000,11:30,40.737885,-73.98091,0,0,0,0,4073,-7398,0.36942675159235666
2021-06-15T00:00:00.000,0:00,40.654034,-73.930626,1,0,1,1,4065,-7393,0.44366197183098594
2021-06-15T00:00:00.000,13:50,40.612286,-74.01098,0,0,0,0,4061,-7401,0.2972972972972973
2021-06-15T00:00:00.000,11:30,40.671345,-73.98027,1,0,1,1,4067,-7398,0.3655913978494624
2021-06-15T00:00:00.000,10:53,40.660797,-73.87183,1,0,1,1,4066,-7387,0.38461538461538464
2021-06-15T00:00:00.000,12:00,40.778484,-73.94526,0,0,0,0,4077,-7394,0.28
2021-06-15T00:00:00.000,10:00,40.715233,-74.005424,0,0,0,0,4071,-7400,0.25517241379310346
2021-06-15T00:00:00.000,13:28,40.6732,-74.00798,0,0,0,0,4067,-7400,0.20967741935483872
2021-06-15T00:00:00.000,10:20,40.751434,-73.94725,0,0,0,0,4075,-7394,0.41333333333333333
2021-06-15T00:00:00.000,9:00,40.783245,-73.94473,1,0,1,1,4078,-7394,0.33513513513513515
2021-06-12T00:00:00.000,15:03,40.663662,-73.93562,2,0,1,1,4066,-7393,0.38578680203045684
2021-06-15T00:00:00.000,13:25,40.86235,-73.89997,0,0,0,0,4086,-7389,0.40606060606060607
2021-06-15T00:00:00.000,16:10,40.840836,-73.87258,0,0,0,0,4084,-7387,0.48333333333333334
2021-06-15T00:00:00.000,9:30,40.758484,-73.82005,0,0,0,0,4075,-7382,0.4915254237288136
2021-06-15T00:00:00.000,3:00,40.736317,-73.857605,0,0,0,0,4073,-7385,0.3619047619047619
2021-06-14T00:00:00.000,12:03,40.64091,-73.994316,2,0,1,1,4064,-7399,0.3442622950819672
2021-06-15T00:00:00.000,17:30,40.65317,-73.866875,1,0,1,1,4065,-7386,0.36619718309859156
2021-06-13T00:00:00.000,2:20,40.74456,-73.983185,0,0,0,0,4074,-7398,0.40131578947368424
2021-06-15T00:00:00.000,7:00,40.844685,-73.9408,0,0,0,0,4084,-7394,0.17543859649122806
2021-06-15T00:00:00.000,7:10,40.823647,-73.943855,1,0,1,1,4082,-7394,0.3812154696132597
2021-06-15T00:00:00.000,5:45,40.811157,-73.884636,0,0,0,0,4081,-7388,0.25471698113207547
2021-06-15T00:00:00.000,20:04,40.85493,-73.82617,2,0,1,1,4085,-7382,0.45714285714285713
2021-06-15T00:00:00.000,23:44,40.67398,-73.911156,0,0,0,0,4067,-7391,0.36597938144329895
2021-06-15T00:00:00.000,8:35,40.86951,-73.89175,1,0,1,1,4086,-7389,0.40606060606060607
2021-06-15T00:00:00.000,16:23,40.854153,-73.88876,1,0,1,1,4085,-7388,0.3
2021-06-01T00:00:00.000,21:12,40.675888,-73.88649,0,0,0,0,4067,-7388,0.30434782608695654
2021-06-15T00:00:00.000,17:05,40.70588,-73.86875,0,0,0,0,4070,-7386,0.38235294117647056
2021-06-15T00:00:00.000,19:45,40.712914,-73.734436,0,0,0,0,4071,-7373,0.25
2021-06-01T00:00:00.000,20:40,40.882877,-73.902,1,0,1,1,4088,-7390,0.2702702702702703
2021-06-15T00:00:00.000,6:45,40.81608,-73.917694,0,0,0,0,4081,-7391,0.47244094488188976
2021-06-15T00:00:00.000,16:53,40.75605,-73.94766,2,0,1,1,4075,-7394,0.41333333333333333
2021-06-15T00:00:00.000,14:55,40.66278,-73.88086,0,0,0,0,4066,-7388,0.37012987012987014
2021-06-15T00:00:00.000,10:00,40.543346,-74.14371,0,0,0,0,4054,-7414,0.2631578947368421
2021-06-15T00:00:00.000,8:57,40.58309,-73.98637,1,0,1,1,4058,-7398,0.4
2021-06-15T00:00:00.000,8:55,40.714138,-73.834915,0,0,0,0,4071,-7383,0.37349397590361444
2021-06-07T00:00:00.000,22:50,40.80929,-73.945045,0,0,0,0,4080,-7394,0.41116751269035534
2021-06-11T00:00:00.000,20:29,40.811775,-73.94126,0,0,0,0,4081,-7394,0.38
2021-06-15T00:00:00.000,17:12,40.63396,-74.01476,0,0,0,0,4063,-7401,0.37777777777777777
2021-06-15T00:00:00.000,12:45,40.676937,-73.89907,0,0,0,0,4067,-7389,0.33852140077821014
2021-06-15T00:00:00.000,14:00,40.762352,-73.89325,0,0,0,0,4076,-7389,0.35185185185185186
2021-06-15T00:00:00.000,1:32,40.771305,-73.87664,0,0,0,0,4077,-7387,0.35714285714285715
2021-06-15T00:00:00.000,12:11,40.777092,-73.98211,1,0,1,1,4077,-7398,0.38028169014084506
2021-06-15T00:00:00.000,7:53,40.716354,-73.78419,0,0,0,0,4071,-7378,0.32653061224489793
2021-06-15T00:00:00.000,8:52,40.57859,-73.85347,0,0,0,0,4057,-7385,0.25
2021-06-06T00:00:00.000,8:36,40.701103,-73.88789,0,0,0,0,4070,-7388,0.3448275862068966
2021-06-15T00:00:00.000,10:31,40.620064,-73.956566,1,0,1,1,4062,-7395,0.4444444444444444
2021-05-19T00:00:00.000,23:10,40.65771,-73.89668,0,0,0,0,4065,-7389,0.34965034965034963
2021-06-15T00:00:00.000,18:30,40.622234,-74.00901,1,0,1,1,4062,-7400,0.3150684931506849
2021-06-15T00:00:00.000,10:38,40.82698,-73.830795,0,0,0,0,4082,-7383,0.34210526315789475
2021-06-15T00:00:00.000,19:30,40.628567,-73.888794,1,0,1,1,4062,-7388,0.5714285714285714
2021-06-15T00:00:00.000,14:00,40.76871,-73.969986,0,0,0,0,4076,-7396,0.3023255813953488
2021-06-15T00:00:00.000,16:00,40.843365,-73.91545,0,0,0,0,4084,-7391,0.32558139534883723
2021-06-15T00:00:00.000,19:30,40.691433,-73.89063,0,0,0,0,4069,-7389,0.3709677419354839
2021-06-15T00:00:00.000,18:40,40.716206,-73.9661,1,0,1,1,4071,-7396,0.3218390804597701
2021-06-15T00:00:00.000,15:21,40.821762,-73.88563,1,0,1,1,4082,-7388,0.27624309392265195
2021-06-10T00:00:00.000,1:05,40.68888,-73.960014,0,0,0,0,4068,-7396,0.42567567567567566
2021-06-15T00:00:00.000,13:39,40.666393,-73.75177,1,0,1,1,4066,-7375,0.3
2021-06-15T00:00:00.000,22:50,40.62273,-73.98842,0,0,0,0,4062,-7398,0.38
2021-06-15T00:00:00.000,19:20,40.745438,-73.923,1,0,1,1,4074,-7392,0.3709677419354839
2021-06-15T00:00:00.000,0:45,40.666374,-73.88321,0,0,0,0,4066,-7388,0.37012987012987014
2021-06-10T00:00:00.000,23:30,40.747833,-73.83301,0,0,0,0,4074,-7383,0.4067796610169492
2021-06-08T00:00:00.000,15:04,40.79149,-73.93577,0,0,0,0,4079,-7393,0.36585365853658536
2021-06-15T00:00:00.000,11:16,40.66297,-73.91684,0,0,0,0,4066,-7391,0.3630952380952381
2021-06-15T00:00:00.000,20:10,40.58774,-73.809875,0,0,0,0,4058,-7380,0.4
2021-06-07T00:00:00.000,0:00,40.90199,-73.844765,0,0,0,0,4090,-7384,0.28205128205128205
2021-06-15T00:00:00.000,15:40,40.65414,-73.88732,2,0,1,1,4065,-7388,0.41509433962264153
2021-06-14T00:00:00.000,9:30,40.665535,-73.93699,1,0,1,1,4066,-7393,0.38578680203045684
2021-06-15T00:00:00.000,16:57,40.84541,-73.902245,1,0,1,1,4084,-7390,0.366120218579235
2021-06-15T00:00:00.000,16:00,40.834667,-73.88936,0,0,0,0,4083,-7388,0.26717557251908397
2021-06-15T00:00:00.000,10:04,40.64953,-73.91633,1,0,1,1,4064,-7391,0.39805825242718446
2021-06-15T00:00:00.000,20:59,40.621265,-73.9288,0,0,0,0,4062,-7392,0.3611111111111111
2021-06-15T00:00:00.000,1:55,40.811264,-73.95782,1,0,1,1,4081,-7395,0.3509933774834437
2021-06-14T00:00:00.000,5:18,40.78211,-73.955795,0,0,0,0,4078,-7395,0.42168674698795183
2021-06-14T00:00:00.000,19:45,40.618732,-74.17606,2,0,1,1,4061,-7417,0.6666666666666666
2021-06-15T00:00:00.000,17:17,40.807472,-73.91139,0,0,0,0,4080,-7391,0.38961038961038963
2021-06-15T00:00:00.000,11:40,40.662014,-73.886826,0,0,0,0,4066,-7388,0.37012987012987014
2021-06-15T00:00:00.000,22:43,40.707493,-73.94153,0,0,0,0,4070,-7394,0.3956043956043956
2021-06-15T00:00:00.000,16:24,40.686142,-73.97069,0,0,0,0,4068,-7397,0.3412322274881517
2021-06-15T00:00:00.000,12:25,40.764885,-73.98647,0,0,0,0,4076,-7398,0.3081761006289308
2021-06-14T00:00:00.000,10:27,40.675735,-73.89686,0,0,0,0,4067,-7389,0.33852140077821014
2021-06-15T00:00:00.000,10:55,40.707653,-73.93984,1,0,1,1,4070,-7393,0.3300970873786408
2021-06-15T00:00:00.000,17:16,40.88473,-73.81571,0,0,0,0,4088,-7381,0.4444444444444444
2021-06-15T00:00:00.000,15:43,40.67905,-74.01127,0,0,0,0,4067,-7401,0.32142857142857145
2021-06-15T00:00:00.000,16:50,40.702312,-73.93535,0,0,0,0,4070,-7393,0.3300970873786408
2021-06-15T00:00:00.000,9:00,40.75991,-73.95882,1,0,1,1,4075,-7395,0.38095238095238093
2021-06-14T00:00:00.000,12:11,40.868366,-73.86624,0,0,0,0,4086,-7386,0.4642857142857143
2021-06-15T00:00:00.000,13:30,40.785374,-73.840294,0,0,0,0,4078,-7384,0.23809523809523808
2021-06-15T00:00:00.000,13:54,40.748245,-73.976295,0,0,0,0,4074,-7397,0.4810810810810811
2021-06-15T00:00:00.000,10:26,40.723515,-73.97615,0,0,0,0,4072,-7397,0.3283582089552239
2021-06-15T00:00:00.000,10:58,40.62606,-73.997025,1,0,1,1,4062,-7399,0.3835616438356164
2021-06-15T00:00:00.000,9:30,40.847458,-73.944244,0,0,0,0,4084,-7394,0.17543859649122806
2021-06-15T00:00:00.000,7:00,40.74945,-73.88711,0,0,0,0,4074,-7388,0.2978723404255319
2021-06-15T00:00:00.000,22:45,40.67677,-73.88949,1,0,1,1,4067,-7388,0.30434782608695654
2021-06-15T00:00:00.000,17:30,40.713085,-73.936035,0,0,0,0,4071,-7393,0.2711864406779661
2021-06-15T00:00:00.000,18:32,40.668797,-73.93113,1,0,1,1,4066,-7393,0.38578680203045684
2021-06-15T00:00:00.000,22:46,40.83256,-73.86943,0,0,0,0,4083,-7386,0.24822695035460993
2022-01-02T00:00:00.000,18:53,40.68484,-73.83596,0,0,0,0,4068,-7383,0.45454545454545453
2021-06-15T00:00:00.000,11:50,40.668266,-73.84214,0,0,0,0,4066,-7384,0.5925925925925926
2021-06-15T00:00:00.000,14:49,40.770527,-73.92731,1,0,1,1,4077,-7392,0.3269230769230769
2021-06-15T00:00:00.000,16:01,40.822124,-73.85736,0,0,0,0,4082,-7385,0.27
2021-06-15T00:00:00.000,13:08,40.699165,-73.914925,0,0,0,0,4069,-7391,0.2709677419354839
2021-06-15T00:00:00.000,19:30,40.821968,-73.94574,0,0,0,0,4082,-7394,0.3812154696132597
2021-06-15T00:00:00.000,8:00,40.81505,-73.92427,1,0,1,1,4081,-7392,0.4714285714285714
2021-06-04T00:00:00.000,15:45,40.624958,-74.145775,0,0,0,0,4062,-7414,0.20408163265306123
2021-06-15T00:00:00.000,21:20,40.742275,-73.91105,2,0,1,1,4074,-7391,0.38333333333333336
2021-06-13T00:00:00.000,19:34,40.79069,-73.94861,1,0,1,1,4079,-7394,0.3523809523809524
2021-06-15T00:00:00.000,16:38,40.67141,-73.916954,1,0,1,1,4067,-7391,0.36597938144329895
2021-06-09T00:00:00.000,7:40,40.802532,-73.95303,1,0,1,1,4080,-7395,0.381294964028777
2021-06-15T00:00:00.000,11:32,40.649548,-73.958496,1,0,1,1,4064,-7395,0.4796747967479675
2021-06-15T00:00:00.000,12:40,40.68266,-73.963005,1,0,1,1,4068,-7396,0.42567567567567566
2021-06-15T00:00:00.000,13:00,40.675735,-73.89686,1,0,1,1,4067,-7389,0.33852140077821014
2021-06-15T00:00:00.000,23:45,40.651688,-73.88877,2,0,1,1,4065,-7388,0.41509433962264153
2021-06-14T00:00:00.000,14:00,40.654327,-73.9221,1,0,1,1,4065,-7392,0.35555555555555557
2021-06-15T00:00:00.000,7:23,40.819897,-73.91327,1,0,1,1,4081,-7391,0.47244094488188976
2021-06-15T00:00:00.000,19:25,40.767612,-73.950005,0,0,0,0,4076,-7395,0.3696969696969697
2021-06-11T00:00:00.000,13:30,40.666428,-73.93691,0,0,0,0,4066,-7393,0.38578680203045684
2021-06-15T00:00:00.000,2:07,40.845837,-73.892006,0,0,0,0,4084,-7389,0.33766233766233766
2021-06-08T00:00:00.000,13:53,40.677715,-73.97326,1,0,1,1,4067,-7397,0.2818181818181818
2021-06-15T00:00:00.000,13:00,40.808163,-73.92653,0,0,0,0,4080,-7392,0.3141025641025641
2021-06-15T00:00:00.000,8:15,40.84022,-73.873276,0,0,0,0,4084,-7387,0.48333333333333334
2021-06-15T00:00:00.000,17:10,40.75184,-73.90358,1,0,1,1,4075,-7390,0.37254901960784315
2021-06-15T00:00:00.000,13:00,40.66685,-73.8907,1,0,1,1,4066,-7389,0.3103448275862069
2021-06-14T00:00:00.000,12:43,40.722065,-73.88554,0,0,0,0,4072,-7388,0.4
2021-06-15T00:00:00.000,15:00,40.85228,-73.8436,0,0,0,0,4085,-7384,0.32432432432432434
2021-06-15T00:00:00.000,10:00,40.74045,-73.844376,0,0,0,0,4074,-7384,0.42857142857142855
2021-06-15T00:00:00.000,15:00,40.85999,-73.89686,0,0,0,0,4085,-7389,0.3353658536585366
2021-06-15T00:00:00.000,8:10,40.647068,-73.993935,3,0,1,1,4064,-7399,0.3442622950819672
2021-06-15T00:00:00.000,8:11,40.676617,-73.8579,1,0,1,1,4067,-7385,0.26666666666666666
2021-06-15T00:00:00.000,17:50,40.634632,-73.91463,0,0,0,0,4063,-7391,0.5
2021-06-15T00:00:00.000,22:10,40.693295,-73.80802,2,0,1,1,4069,-7380,0.38461538461538464
2021-06-15T00:00:00.000,8:30,40.69699,-73.73992,0,0,0,0,4069,-7373,0.36585365853658536
2021-06-15T00:00:00.000,17:00,40.83936,-73.87281,0,0,0,0,4083,-7387,0.38414634146341464
2021-06-15T00:00:00.000,13:00,40.86902,-73.91392,0,0,0,0,4086,-7391,0.38016528925619836
2021-06-15T00:00:00.000,10:58,40.8228,-73.82755,0,0,0,0,4082,-7382,0.46153846153846156
2021-06-15T00:00:00.000,11:40,40.83005,-73.922424,0,0,0,0,4083,-7392,0.310126582278481
2022-09-23T00:00:00.000,21:25,40.698246,-73.98055,1,0,1,1,4069,-7398,0.3229166666666667
2021-06-15T00:00:00.000,12:50,40.71808,-73.94781,1,0,1,1,4071,-7394,0.3710691823899371
2021-06-15T00:00:00.000,0:00,40.831333,-73.92167,1,0,1,1,4083,-7392,0.310126582278481
2021-06-15T00:00:00.000,9:02,40.63552,-74.0167,0,0,0,0,4063,-7401,0.37777777777777777
2021-06-15T00:00:00.000,17:15,40.848038,-73.93285,0,0,0,0,4084,-7393,0.32786885245901637
2021-06-15T00:00:00.000,8:40,40.834255,-73.90404,0,0,0,0,4083,-7390,0.3064516129032258
2021-06-15T00:00:00.000,11:00,40.695396,-73.81656,0,0,0,0,4069,-7381,0.3902439024390244
2021-06-15T00:00:00.000,0:30,40.831768,-73.90803,0,0,0,0,4083,-7390,0.3064516129032258
2021-06-15T00:00:00.000,8:55,40.748722,-73.89881,0,0,0,0,4074,-7389,0.3203125
2021-06-15T00:00:00.000,19:24,40.80986,-73.94453,0,0,0,0,4080,-7394,0.41116751269035534
2021-06-15T00:00:00.000,12:30,40.76223,-73.84228,0,0,0,0,4076,-7384,0.0
2021-06-15T00:00:00.000,14:15,40.581917,-73.82978,0,0,0,0,4058,-7382,0.11764705882352941
2021-06-15T00:00:00.000,15:50,40.58309,-73.98637,0,0,0,0,4058,-7398,0.4
2021-06-13T00:00:00.000,13:33,40.66418,-73.93433,1,0,1,1,4066,-7393,0.38578680203045684
2022-01-02T00:00:00.000,22:30,40.766884,-73.921394,1,0,1,1,4076,-7392,0.42105263157894735
2021-06-10T00:00:00.000,16:50,40.700424,-73.9444,0,0,0,0,4070,-7394,0.3956043956043956
2021-06-15T00:00:00.000,5:50,40.665257,-73.739555,3,0,1,1,4066,-7373,0.44339622641509435
2021-06-15T00:00:00.000,14:30,40.64213,-73.92936,0,0,0,0,4064,-7392,0.4077669902912621
2021-06-15T00:00:00.000,20:11,40.89549,-73.8506,2,0,1,1,4089,-7385,0.3813559322033898
2021-06-06T00:00:00.000,18:25,40.809063,-73.95068,0,0,0,0,4080,-7395,0.381294964028777
2021-06-12T00:00:00.000,8:16,40.694107,-73.89737,0,0,0,0,4069,-7389,0.3709677419354839
2021-06-15T00:00:00.000,13:33,40.869335,-73.8255,0,0,0,0,4086,-7382,0.3611111111111111
2021-06-15T00:00:00.000,18:00,40.68816,-73.848854,0,0,0,0,4068,-7384,0.3333333333333333
2021-06-15T00:00:00.000,17:15,40.683933,-73.91228,0,0,0,0,4068,-7391,0.344
2021-06-15T00:00:00.000,16:44,40.85162,-73.82653,0,0,0,0,4085,-7382,0.45714285714285713
2021-06-15T00:00:00.000,10:35,0.0,0.0,0,0,0,0,0,0,0.40425531914893614
2021-06-15T00:00:00.000,12:36,40.60981,-73.92251,0,0,0,0,4060,-7392,0.3333333333333333
2021-06-15T00:00:00.000,19:00,40.57805,-74.079155,2,0,1,1,4057,-7407,0.6666666666666666
2021-06-15T00:00:00.000,12:38,40.84442,-73.92505,0,0,0,0,4084,-7392,0.3181818181818182
2021-06-15T00:00:00.000,9:20,40.78876,-73.852066,0,0,0,0,4078,-7385,0.0
2021-06-09T00:00:00.000,22:18,40.69897,-73.95702,1,0,1,1,4069,-7395,0.30952380952380953
2021-06-15T00:00:00.000,21:00,40.886612,-73.84771,1,0,1,1,4088,-7384,0.4153846153846154
2021-06-15T00:00:00.000,7:33,40.66356,-73.92696,0,0,0,0,4066,-7392,0.355
2021-06-09T00:00:00.000,7:40,40.714466,-73.73457,0,0,0,0,4071,-7373,0.25
2021-06-15T00:00:00.000,19:00,40.691505,-73.986305,0,0,0,0,4069,-7398,0.3229166666666667
2021-06-12T00:00:00.000,15:56,40.6915,-73.90956,1,0,1,1,4069,-7390,0.29591836734693877
2021-06-15T00:00:00.000,18:50,0.0,0.0,0,0,0,0,0,0,0.40425531914893614
2021-06-05T00:00:00.000,14:55,40.687954,-73.93541,0,0,0,0,4068,-7393,0.3619047619047619
2021-06-15T00:00:00.000,13:30,40.77855,-73.951256,0,0,0,0,4077,-7395,0.3384615384615385
2021-06-15T00:00:00.000,17:38,40.86296,-73.85391,1,0,1,1,4086,-7385,0.5
2021-06-13T00:00:00.000,5:30,40.66139,-73.94146,0,0,0,0,4066,-7394,0.36792452830188677
2021-06-15T00:00:00.000,13:31,40.71405,-73.99683,1,0,1,1,4071,-7399,0.3263157894736842
2021-06-15T00:00:00.000,11:35,40.68103,-73.74286,1,0,1,1,4068,-7374,0.29411764705882354
2021-06-15T00:00:00.000,2:50,40.68706,-73.93682,0,0,0,0,4068,-7393,0.3619047619047619
2021-06-15T00:00:00.000,15:00,40.63063,-74.00923,0,0,0,0,4063,-7400,0.3068181818181818
2021-04-16T00:00:00.000,15:25,40.6889,-73.98583,1,0,1,1,4068,-7398,0.3873239436619718
2021-06-15T00:00:00.000,21:49,40.75455,-73.74317,1,0,1,1,4075,-7374,0.3333333333333333
2021-06-15T00:00:00.000,22:06,40.761272,-73.95571,1,0,1,1,4076,-7395,0.3696969696969697
2021-06-15T00:00:00.000,14:45,40.703293,-73.7961,2,0,1,1,4070,-7379,0.3978494623655914
2021-06-15T00:00:00.000,8:45,40.67833,-73.869606,0,0,0,0,4067,-7386,0.3431372549019608
2021-06-15T00:00:00.000,21:50,40.850243,-73.89314,2,0,1,1,4085,-7389,0.3353658536585366
2021-06-15T00:00:00.000,10:20,40.675735,-73.89686,0,0,0,0,4067,-7389,0.33852140077821014
2021-06-15T00:00:00.000,16:30,40.744465,-73.77179,2,0,1,1,4074,-7377,0.36363636363636365
2021-06-15T00:00:00.000,8:30,40.698772,-73.92233,0,0,0,0,4069,-7392,0.3584905660377358
2021-06-15T00:00:00.000,16:20,40.69268,-73.73231,1,0,1,1,4069,-7373,0.36585365853658536
2021-06-15T00:00:00.000,13:00,40.57645,-73.96979,0,0,0,0,4057,-7396,0.3191489361702128
2021-06-15T00:00:00.000,0:00,40.616814,-73.94396,0,0,0,0,4061,-7394,0.48484848484848486
2021-06-15T00:00:00.000,19:00,40.71441,-73.966934,1,0,1,1,4071,-7396,0.3218390804597701
2021-06-15T00:00:00.000,23:10,40.764706,-73.868805,0,0,0,0,4076,-7386,0.40298507462686567
2021-06-15T00:00:00.000,21:19,40.767776,-73.903595,0,0,0,0,4076,-7390,0.3055555555555556
2021-06-15T00:00:00.000,10:55,40.66495,-73.993355,0,0,0,0,4066,-7399,0.40540540540540543
2021-06-15T00:00:00.000,20:00,40.65777,-73.93962,0,0,0,0,4065,-7393,0.44366197183098594
2021-06-15T00:00:00.000,20:36,40.618206,-73.96103,0,0,0,0,4061,-7396,0.30666666666666664
2022-01-02T00:00:00.000,12:58,40.634735,-74.02941,0,0,0,0,4063,-7402,0.3877551020408163
2021-06-05T00:00:00.000,22:59,40.80949,-73.95167,4,0,1,1,4080,-7395,0.381294964028777
2021-06-15T00:00:00.000,21:02,40.869884,-73.88185,1,0,1,1,4086,-7388,0.23943661971830985
2021-06-15T00:00:00.000,17:30,40.73436,-73.710144,0,0,0,0,4073,-7371,0.2857142857142857
2021-06-15T00:00:00.000,21:39,40.675198,-73.789894,0,0,0,0,4067,-7378,0.2
2021-06-15T00:00:00.000,8:23,40.64018,-74.02179,1,0,1,1,4064,-7402,0.41379310344827586
2021-12-31T00:00:00.000,1:10,40.77039,-73.954124,1,0,1,1,4077,-7395,0.3384615384615385
2022-01-02T00:00:00.000,16:47,40.599617,-73.911316,1,0,1,1,4059,-7391,0.5
2021-12-19T00:00:00.000,15:45,40.59565,-73.908165,1,0,1,1,4059,-7390,0.23404255319148937
2022-01-02T00:00:00.000,18:20,40.708416,-73.94736,0,0,0,0,4070,-7394,0.3956043956043956
2022-01-02T00:00:00.000,16:46,40.73745,-73.863045,0,0,0,0,4073,-7386,0.3464566929133858
2022-01-02T00:00:00.000,17:56,40.584137,-73.96386,0,0,0,0,4058,-7396,0.37333333333333335
2022-01-02T00:00:00.000,17:19,40.76268,-73.77052,0,0,0,0,4076,-7377,0.20588235294117646
2022-01-02T00:00:00.000,5:05,40.867878,-73.893005,1,0,1,1,4086,-7389,0.40606060606060607
2022-01-02T00:00:00.000,19:10,40.794907,-73.94856,0,0,0,0,4079,-7394,0.3523809523809524
2022-01-02T00:00:00.000,11:20,40.661617,-73.960754,0,0,0,0,4066,-7396,0.4074074074074074
2021-12-27T00:00:00.000,12:20,40.725174,-73.97274,0,0,0,0,4072,-7397,0.3283582089552239
2022-01-02T00:00:00.000,23:00,40.75469,-73.99536,0,0,0,0,4075,-7399,0.2830188679245283
2021-12-30T00:00:00.000,16:45,40.78775,-73.947464,0,0,0,0,4078,-7394,0.33513513513513515
2022-01-02T00:00:00.000,21:00,40.852425,-73.86873,4,0,1,1,4085,-7386,0.33766233766233766
2021-12-29T00:00:00.000,7:58,40.80222,-73.941086,0,0,0,0,4080,-7394,0.41116751269035534
2022-01-02T00:00:00.000,15:41,40.696957,-73.73514,0,0,0,0,4069,-7373,0.36585365853658536
2022-01-01T00:00:00.000,2:47,40.789677,-73.85167,0,0,0,0,4078,-7385,0.0
2021-12-30T00:00:00.000,14:20,40.669785,-73.9858,1,0,1,1,4066,-7398,0.421875
2022-01-02T00:00:00.000,14:30,40.827557,-73.914764,1,0,1,1,4082,-7391,0.3355263157894737
2022-07-01T00:00:00.000,0:15,40.868015,-73.89997,1,0,1,1,4086,-7389,0.40606060606060607
2022-01-02T00:00:00.000,22:20,40.835827,-73.828804,2,0,1,1,4083,-7382,0.44680851063829785
2022-01-01T00:00:00.000,6:19,40.758373,-73.971,3,0,1,1,4075,-7397,0.375886524822695
2022-01-02T00:00:00.000,13:40,40.68645,-73.761185,1,0,1,1,4068,-7376,0.35714285714285715
2022-01-02T00:00:00.000,17:00,40.73758,-73.856834,0,0,0,0,4073,-7385,0.3619047619047619
2022-01-02T00:00:00.000,16:10,40.782547,-73.80285,0,0,0,0,4078,-7380,0.30434782608695654
2022-01-02T00:00:00.000,15:53,40.664326,-73.78007,0,0,0,0,4066,-7378,0.34615384615384615
2022-01-02T00:00:00.000,14:40,40.703857,-73.91851,1,0,1,1,4070,-7391,0.27450980392156865
2022-01-02T00:00:00.000,13:53,40.804375,-73.93742,0,0,0,0,4080,-7393,0.36312849162011174
2022-01-01T00:00:00.000,15:35,40.605568,-74.03118,2,0,1,1,4060,-7403,0.3
2022-01-02T00:00:00.000,20:06,40.677673,-73.76277,1,0,1,1,4067,-7376,0.23076923076923078
2022-01-02T00:00:00.000,21:00,40.686928,-73.85314,0,0,0,0,4068,-7385,0.43103448275862066
2021-12-15T00:00:00.000,11:05,40.82451,-73.95186,1,0,1,1,4082,-7395,0.4117647058823529
2022-01-02T00:00:00.000,1:10,40.676342,-73.910934,0,0,0,0,4067,-7391,0.36597938144329895
2022-01-02T00:00:00.000,17:30,40.767193,-73.93759,1,0,1,1,4076,-7393,0.44680851063829785
2022-01-02T00:00:00.000,11:50,40.75219,-73.99347,0,0,0,0,4075,-7399,0.2830188679245283
2022-01-02T00:00:00.000,19:20,40.85584,-73.89584,0,0,0,0,4085,-7389,0.3353658536585366
2021-12-31T00:00:00.000,17:52,40.631794,-74.07606,4,0,1,1,4063,-7407,0.4444444444444444
2022-01-02T00:00:00.000,14:15,40.616318,-73.95973,0,0,0,0,4061,-7395,0.4461538461538462
2022-01-02T00:00:00.000,1:22,40.590984,-73.97569,1,0,1,1,4059,-7397,0.3191489361702128
2022-01-02T00:00:00.000,9:21,40.62916,-74.01144,0,0,0,0,4062,-7401,0.3829787234042553
2021-12-25T00:00:00.000,23:05,40.61146,-73.92437,1,0,1,1,4061,-7392,0.2982456140350877
2022-01-02T00:00:00.000,5:40,40.656693,-73.89464,0,0,0,0,4065,-7389,0.34965034965034963
2022-01-02T00:00:00.000,7:00,40.755394,-73.86918,0,0,0,0,4075,-7386,0.33653846153846156
2022-01-02T00:00:00.000,18:15,40.80467,-73.93219,0,0,0,0,4080,-7393,0.36312849162011174
2021-12-25T00:00:00.000,16:02,40.682194,-74.00239,1,0,1,1,4068,-7400,0.3333333333333333
2022-01-02T00:00:00.000,18:25,40.663124,-73.9509,0,0,0,0,4066,-7395,0.44375
2022-01-02T00:00:00.000,0:45,40.66239,-73.75936,0,0,0,0,4066,-7375,0.3
2022-01-02T00:00:00.000,13:35,40.683037,-73.96478,0,0,0,0,4068,-7396,0.42567567567567566
2022-01-02T00:00:00.000,8:30,40.61069,-74.1184,1,0,1,1,4061,-7411,0.36
2021-12-22T00:00:00.000,9:30,40.748302,-73.97835,0,0,0,0,4074,-7397,0.4810810810810811
2022-01-02T00:00:00.000,1:25,40.68714,-73.80801,1,0,1,1,4068,-7380,0.3829787234042553
2022-01-02T00:00:00.000,18:15,40.757286,-73.97812,1,0,1,1,4075,-7397,0.375886524822695
2022-01-02T00:00:00.000,10:35,40.87945,-73.83315,3,0,1,1,4087,-7383,0.3333333333333333
2022-01-02T00:00:00.000,19:00,40.751854,-73.97367,0,0,0,0,4075,-7397,0.375886524822695
2022-01-02T00:00:00.000,0:30,40.704662,-73.92891,0,0,0,0,4070,-7392,0.24305555555555555
2022-01-02T00:00:00.000,3:30,40.656593,-73.857635,0,0,0,0,4065,-7385,0.4
2022-01-02T00:00:00.000,7:10,40.745293,-73.9985,0,0,0,0,4074,-7399,0.3333333333333333
2021-12-31T00:00:00.000,0:35,40.791405,-73.93569,1,0,1,1,4079,-7393,0.36585365853658536
2022-01-02T00:00:00.000,15:50,40.768475,-73.809494,0,0,0,0,4076,-7380,0.4
2022-01-02T00:00:00.000,16:10,40.585342,-73.94157,0,0,0,0,4058,-7394,0.40816326530612246
2022-01-02T00:00:00.000,10:15,40.7432,-73.71935,0,1,2,1,4074,-7371,0.38095238095238093
2022-01-02T00:00:00.000,15:36,40.68442,-73.97839,0,0,0,0,4068,-7397,0.3412322274881517
2022-01-02T00:00:00.000,19:55,40.749966,-73.861755,0,0,0,0,4074,-7386,0.3813559322033898
2022-01-02T00:00:00.000,10:59,40.7605,-73.95699,2,0,1,1,4076,-7395,0.3696969696969697
2022-01-02T00:00:00.000,21:50,40.750713,-73.99082,0,0,0,0,4075,-7399,0.2830188679245283
2022-01-02T00:00:00.000,6:31,40.71255,-73.897194,0,0,0,0,4071,-7389,0.38095238095238093
2022-01-02T00:00:00.000,14:00,40.73544,-74.00395,1,0,1,1,4073,-7400,0.2403846153846154
2022-01-02T00:00:00.000,19:23,40.83829,-73.930016,0,0,0,0,4083,-7393,0.3333333333333333
2022-01-02T00:00:00.000,4:25,40.743767,-73.83748,0,0,0,0,4074,-7383,0.4067796610169492
2022-01-02T00:00:00.000,10:23,40.700737,-73.99014,0,0,0,0,4070,-7399,0.21052631578947367
2022-01-02T00:00:00.000,11:16,40.73758,-73.856834,0,0,0,0,4073,-7385,0.3619047619047619
2022-01-02T00:00:00.000,6:55,40.74744,-73.885796,0,0,0,0,4074,-7388,0.2978723404255319
2022-01-02T00:00:00.000,22:40,40.707508,-73.79694,1,0,1,1,4070,-7379,0.3978494623655914
2022-01-02T00:00:00.000,1:35,40.710976,-73.97962,0,0,0,0,4071,-7397,0.41509433962264153
2021-12-18T00:00:00.000,23:50,40.78214,-73.824844,0,0,0,0,4078,-7382,0.3
2021-12-26T00:00:00.000,13:00,40.68892,-73.99915,1,0,1,1,4068,-7399,0.17857142857142858
2021-01-03T00:00:00.000,21:32,40.632847,-73.928375,4,0,1,1,4063,-7392,0.4036697247706422
2022-01-02T00:00:00.000,4:30,40.666286,-73.77029,0,0,0,0,4066,-7377,0.37362637362637363
2022-01-02T00:00:00.000,12:24,40.852875,-73.88854,0,0,0,0,4085,-7388,0.3
2022-01-02T00:00:00.000,13:50,40.57089,-74.14791,1,0,1,1,4057,-7414,0.2857142857142857
2021-12-16T00:00:00.000,17:55,40.819046,-73.944695,1,0,1,1,4081,-7394,0.38
2021-12-31T00:00:00.000,15:04,40.635017,-74.117386,0,0,0,0,4063,-7411,0.20689655172413793
2022-01-01T00:00:00.000,11:43,40.706272,-73.900215,0,0,0,0,4070,-7390,0.37894736842105264
2022-01-02T00:00:00.000,16:30,40.58317,-73.953445,1,0,1,1,4058,-7395,0.3465346534653465
2022-01-02T00:00:00.000,17:18,40.64503,-73.91998,1,0,1,1,4064,-7391,0.39805825242718446
2022-01-02T00:00:00.000,0:01,40.795322,-73.929825,1,0,1,1,4079,-7392,0.4
2022-01-01T00:00:00.000,18:17,40.82851,-73.88012,0,0,0,0,4082,-7388,0.27624309392265195
2022-01-02T00:00:00.000,23:40,40.67619,-73.9081,0,0,0,0,4067,-7390,0.3282442748091603
2022-01-02T00:00:00.000,19:30,40.62578,-74.02416,1,0,1,1,4062,-7402,0.3625
2022-01-02T00:00:00.000,10:20,40.69401,-73.77864,2,0,1,1,4069,-7377,0.35135135135135137
2022-01-02T00:00:00.000,10:35,40.627632,-73.95383,0,0,0,0,4062,-7395,0.4444444444444444
2021-10-09T00:00:00.000,21:11,40.689064,-74.00076,1,0,1,1,4068,-7400,0.3333333333333333
2022-01-02T00:00:00.000,22:20,40.74521,-73.86937,0,0,0,0,4074,-7386,0.3813559322033898
2022-01-02T00:00:00.000,5:10,40.670265,-73.99763,1,0,1,1,4067,-7399,0.3258426966292135
2022-01-02T00:00:00.000,14:30,40.60301,-74.016884,0,0,0,0,4060,-7401,0.30357142857142855
2021-12-29T00:00:00.000,15:03,40.80826,-73.918816,2,0,1,1,4080,-7391,0.38961038961038963
2022-01-02T00:00:00.000,22:40,40.65753,-73.89797,0,0,0,0,4065,-7389,0.34965034965034963
2022-01-02T00:00:00.000,23:30,40.69168,-73.999344,0,0,0,0,4069,-7399,0.29473684210526313
2022-01-02T00:00:00.000,19:00,40.828106,-73.88568,0,0,0,0,4082,-7388,0.27624309392265195
2022-02-20T00:00:00.000,21:30,40.866634,-73.86088,0,0,0,0,4086,-7386,0.4642857142857143
2021-10-11T00:00:00.000,20:00,40.7608738,-73.7321454,0,0,0,0,4076,-7373,0.42857142857142855
2022-01-02T00:00:00.000,15:52,40.663258,-73.96121,0,0,0,0,4066,-7396,0.4074074074074074
2022-01-02T00:00:00.000,18:45,40.73346,-73.735466,0,0,0,0,4073,-7373,0.3
2021-12-29T00:00:00.000,6:35,40.671585,-73.99843,0,0,0,0,4067,-7399,0.3258426966292135
2022-01-02T00:00:00.000,23:41,40.670887,-73.98985,1,0,1,1,4067,-7398,0.3655913978494624
2021-12-26T00:00:00.000,13:03,40.88473,-73.81571,5,0,1,1,4088,-7381,0.4444444444444444
2021-12-23T00:00:00.000,21:00,40.724136,-73.992615,1,0,1,1,4072,-7399,0.3829787234042553
2022-01-02T00:00:00.000,18:00,40.66167,-73.93727,0,0,0,0,4066,-7393,0.38578680203045684
2022-01-02T00:00:00.000,2:06,40.720303,-73.732346,0,0,0,0,4072,-7373,0.4642857142857143
2022-01-02T00:00:00.000,18:10,40.862755,-73.901085,1,0,1,1,4086,-7390,0.42748091603053434
2022-01-02T00:00:00.000,20:57,40.75582,-73.93259,1,0,1,1,4075,-7393,0.43478260869565216
2022-01-02T00:00:00.000,2:10,40.60567,-74.030945,0,0,0,0,4060,-7403,0.3
2021-12-13T00:00:00.000,8:10,40.694183,-73.80544,1,0,1,1,4069,-7380,0.38461538461538464
2022-01-02T00:00:00.000,12:00,40.547348,-74.14158,0,0,0,0,4054,-7414,0.2631578947368421
2022-01-01T00:00:00.000,6:15,40.713634,-73.77973,0,0,0,0,4071,-7377,0.20967741935483872
2022-01-02T00:00:00.000,1:22,40.882217,-73.88046,0,1,2,1,4088,-7388,0.42857142857142855
2022-01-02T00:00:00.000,8:11,40.820187,-73.890686,2,0,1,1,4082,-7389,0.37423312883435583
2022-01-02T00:00:00.000,17:00,40.751858,-73.82637,1,0,1,1,4075,-7382,0.4915254237288136
2021-12-19T00:00:00.000,16:46,40.801235,-73.947845,0,0,0,0,4080,-7394,0.41116751269035534
2022-01-02T00:00:00.000,4:43,40.585056,-73.928894,0,0,0,0,4058,-7392,0.375
2022-01-01T00:00:00.000,23:59,40.619644,-73.92211,0,0,0,0,4061,-7392,0.2982456140350877
2021-12-27T00:00:00.000,14:43,40.749825,-73.972206,0,0,0,0,4074,-7397,0.4810810810810811
2022-01-02T00:00:00.000,4:50,40.538334,-74.15956,0,0,0,0,4053,-7415,0.2222222222222222
2022-01-02T00:00:00.000,17:04,40.584137,-73.96386,0,0,0,0,4058,-7396,0.37333333333333335
2022-01-02T00:00:00.000,4:36,40.761272,-73.95571,2,0,1,1,4076,-7395,0.3696969696969697
2022-01-02T00:00:00.000,1:09,40.764267,-73.722946,0,0,0,0,4076,-7372,0.3333333333333333
2021-10-11T00:00:00.000,3:45,40.7453006,-73.9868455,0,0,0,0,4074,-7398,0.40131578947368424
2022-01-02T00:00:00.000,16:23,40.602245,-74.12064,0,0,0,0,4060,-7412,0.2608695652173913
2022-01-02T00:00:00.000,8:26,40.664196,-73.92403,0,0,0,0,4066,-7392,0.355
2022-01-02T00:00:00.000,14:30,40.755016,-73.88148,1,0,1,1,4075,-7388,0.3402061855670103
2021-12-31T00:00:00.000,2:18,40.781933,-73.94428,0,0,0,0,4078,-7394,0.33513513513513515
2021-12-19T00:00:00.000,20:35,40.78832,-73.941025,2,0,1,1,4078,-7394,0.33513513513513515
2022-01-02T00:00:00.000,0:25,40.856743,-73.917625,0,0,0,0,4085,-7391,0.373134328358209
2022-01-02T00:00:00.000,17:09,40.71406,-73.95292,1,0,1,1,4071,-7395,0.36585365853658536
2022-02-20T00:00:00.000,3:23,40.794586,-73.943924,0,0,0,0,4079,-7394,0.3523809523809524
2022-02-20T00:00:00.000,11:45,40.748222,-73.81221,1,0,1,1,4074,-7381,0.46153846153846156
2022-02-20T00:00:00.000,9:52,40.666218,-73.8076,1,0,1,1,4066,-7380,0.40789473684210525
2022-02-20T00:00:00.000,6:38,40.881126,-73.863,0,0,0,0,4088,-7386,0.23809523809523808
2022-02-20T00:00:00.000,8:55,40.675224,-73.89097,1,0,1,1,4067,-7389,0.33852140077821014
2022-02-18T00:00:00.000,10:00,40.617683,-73.98466,0,0,0,0,4061,-7398,0.3698630136986301
2022-02-20T00:00:00.000,19:00,40.661907,-73.99284,1,0,1,1,4066,-7399,0.40540540540540543
2022-02-19T00:00:00.000,14:00,40.833004,-73.89803,0,0,0,0,4083,-7389,0.3333333333333333
2022-02-20T00:00:00.000,14:45,40.73664,-73.86584,1,0,1,1,4073,-7386,0.3464566929133858
2022-02-19T00:00:00.000,13:00,40.844982,-73.88244,2,0,1,1,4084,-7388,0.390625
2022-02-20T00:00:00.000,16:20,40.60567,-74.030945,0,0,0,0,4060,-7403,0.3
2022-02-08T00:00:00.000,12:26,40.66434,-73.93155,2,0,1,1,4066,-7393,0.38578680203045684
2022-02-20T00:00:00.000,22:50,40.83817,-73.88643,0,0,0,0,4083,-7388,0.26717557251908397
2022-02-20T00:00:00.000,14:45,40.835598,-73.9138,0,0,0,0,4083,-7391,0.33714285714285713
2022-02-20T00:00:00.000,20:35,40.723217,-73.94271,0,0,0,0,4072,-7394,0.19801980198019803
2022-02-20T00:00:00.000,10:45,40.679756,-73.816956,0,0,0,0,4067,-7381,0.4230769230769231
2022-02-20T00:00:00.000,18:30,40.75457,-73.97169,0,0,0,0,4075,-7397,0.375886524822695
2022-07-02T00:00:00.000,19:40,40.732697,-73.98366,0,0,0,0,4073,-7398,0.36942675159235666
2022-06-28T00:00:00.000,15:00,40.795383,-73.97351,1,0,1,1,4079,-7397,0.24210526315789474
2022-07-02T00:00:00.000,16:15,40.717155,-73.94924,3,0,1,1,4071,-7394,0.3710691823899371
2022-07-02T00:00:00.000,20:19,40.603874,-73.99544,1,0,1,1,4060,-7399,0.31683168316831684
2022-07-02T00:00:00.000,8:45,40.76191,-73.77506,0,0,0,0,4076,-7377,0.20588235294117646
2022-07-02T00:00:00.000,2:30,40.82256,-73.87101,0,0,0,0,4082,-7387,0.33544303797468356
2022-06-27T00:00:00.000,8:45,40.605335,-73.75528,0,0,0,0,4060,-7375,0.17117117117117117
2022-06-29T00:00:00.000,11:00,40.603367,-73.7531,0,0,0,0,4060,-7375,0.17117117117117117
2022-07-02T00:00:00.000,4:00,40.724575,-73.987495,2,0,1,1,4072,-7398,0.4342105263157895
2022-06-26T00:00:00.000,18:00,40.59742,-73.74556,0,0,0,0,4059,-7374,0.18181818181818182
2022-06-26T00:00:00.000,9:40,40.597385,-73.75101,0,0,0,0,4059,-7375,0.17777777777777778
2022-07-02T00:00:00.000,12:20,40.67581,-73.739555,0,0,0,0,4067,-7373,0.46835443037974683
2022-07-02T00:00:00.000,0:54,40.758472,-73.86676,0,0,0,0,4075,-7386,0.33653846153846156
2022-07-02T00:00:00.000,11:42,40.683228,-73.907135,0,0,0,0,4068,-7390,0.4421052631578947
2022-07-01T00:00:00.000,13:10,40.7211,-73.98737,0,0,0,0,4072,-7398,0.4342105263157895
2022-07-02T00:00:00.000,0:10,40.663452,-73.8342,0,0,0,0,4066,-7383,0.5
2022-07-02T00:00:00.000,19:04,40.672497,-73.91686,0,0,0,0,4067,-7391,0.36597938144329895
2022-07-02T00:00:00.000,21:33,40.664375,-73.92376,0,0,0,0,4066,-7392,0.355
2022-06-25T00:00:00.000,9:45,40.743916,-73.98788,0,0,0,0,4074,-7398,0.40131578947368424
2022-07-02T00:00:00.000,23:54,40.648266,-73.90581,1,0,1,1,4064,-7390,0.4017094017094017
2022-07-02T00:00:00.000,23:40,40.795956,-73.97083,0,0,0,0,4079,-7397,0.24210526315789474
2022-07-02T00:00:00.000,19:03,40.80422,-73.91135,0,1,2,1,4080,-7391,0.38961038961038963
2022-09-23T00:00:00.000,18:45,40.766853,-73.82736,0,0,0,0,4076,-7382,0.2987012987012987
2021-10-11T00:00:00.000,4:59,40.7218218,-73.9421044,0,0,0,0,4072,-7394,0.19801980198019803
2022-07-02T00:00:00.000,15:33,40.74216,-73.804436,2,0,1,1,4074,-7380,0.35294117647058826
2022-07-02T00:00:00.000,14:55,40.69849,-73.800896,1,0,1,1,4069,-7380,0.38461538461538464
2021-10-11T00:00:00.000,21:07,40.75128,-73.7493,0,0,0,0,4075,-7374,0.3333333333333333
2022-07-02T00:00:00.000,18:00,40.72744,-73.81102,0,0,0,0,4072,-7381,0.2926829268292683
2022-06-30T00:00:00.000,16:45,40.70152,-73.94323,0,0,0,0,4070,-7394,0.3956043956043956
2022-07-02T00:00:00.000,22:43,40.830616,-73.849655,0,0,0,0,4083,-7384,0.22727272727272727
2022-06-30T00:00:00.000,19:30,40.844105,-73.898,3,0,1,1,4084,-7389,0.33766233766233766
2021-10-11T00:00:00.000,1:10,40.711422,-73.95954,0,0,0,0,4071,-7395,0.36585365853658536
2022-07-02T00:00:00.000,13:41,40.69078,-73.72728,2,0,1,1,4069,-7372,0.40425531914893614
2022-07-02T00:00:00.000,16:00,40.743473,-73.97677,0,0,0,0,4074,-7397,0.4810810810810811
2022-06-30T00:00:00.000,18:15,40.597504,-73.75096,0,0,0,0,4059,-7375,0.17777777777777778
2022-07-02T00:00:00.000,9:30,40.826183,-73.90975,0,0,0,0,4082,-7390,0.3025210084033613
2022-07-02T00:00:00.000,7:42,40.608807,-73.924126,3,0,1,1,4060,-7392,0.3333333333333333
2022-06-28T00:00:00.000,14:20,40.704292,-73.93669,0,0,0,0,4070,-7393,0.3300970873786408
2022-06-30T00:00:00.000,21:04,40.79653,-73.97597,0,0,0,0,4079,-7397,0.24210526315789474
2021-10-11T00:00:00.000,5:46,40.86536,-73.87043,1,0,1,1,4086,-7387,0.34545454545454546
2021-10-11T00:00:00.000,12:13,40.633476,-74.02992,0,0,0,0,4063,-7402,0.3877551020408163
2022-07-02T00:00:00.000,8:05,40.812073,-73.93604,0,0,0,0,4081,-7393,0.32432432432432434
2022-07-02T00:00:00.000,16:18,0.0,0.0,0,0,0,0,0,0,0.40425531914893614
2022-07-02T00:00:00.000,23:00,40.733116,-73.87058,1,0,1,1,4073,-7387,0.3140495867768595
2022-07-02T00:00:00.000,4:57,40.761993,-73.75849,0,0,0,0,4076,-7375,0.3409090909090909
2021-10-11T00:00:00.000,17:45,40.70569,-73.806145,0,0,0,0,4070,-7380,0.3877551020408163
2021-10-11T00:00:00.000,12:30,40.71615,-73.81787,0,0,0,0,4071,-7381,0.3448275862068966
2021-10-11T00:00:00.000,16:09,40.635185,-73.92862,0,0,0,0,4063,-7392,0.4036697247706422
2021-10-11T00:00:00.000,16:43,40.6789242,-74.0110539,1,0,1,1,4067,-7401,0.32142857142857145
2021-10-11T00:00:00.000,11:00,40.74906,-73.89082,1,0,1,1,4074,-7389,0.3203125
2022-07-02T00:00:00.000,10:44,40.725876,-73.97754,1,0,1,1,4072,-7397,0.3283582089552239
2021-10-11T00:00:00.000,16:00,40.7609,-73.81314,2,0,1,1,4076,-7381,0.4716981132075472
2021-10-11T00:00:00.000,0:05,40.686226,-73.9124,0,0,0,0,4068,-7391,0.344
2022-07-02T00:00:00.000,19:30,40.692562,-73.80891,0,0,0,0,4069,-7380,0.38461538461538464
2022-07-02T00:00:00.000,12:10,40.679096,-73.79822,1,0,1,1,4067,-7379,0.4264705882352941
2022-07-01T00:00:00.000,2:00,40.669823,-73.90981,0,0,0,0,4066,-7390,0.2777777777777778
2022-07-02T00:00:00.000,16:00,40.8896,-73.84054,0,0,0,0,4088,-7384,0.4153846153846154
2022-07-02T00:00:00.000,19:15,40.70008,-73.89951,0,0,0,0,4070,-7389,0.2711864406779661
2021-10-11T00:00:00.000,10:00,40.722553,-74.00141,0,0,0,0,4072,-7400,0.32926829268292684
2022-06-30T00:00:00.000,15:48,40.70774,-73.95361,1,0,1,1,4070,-7395,0.3475177304964539
2022-07-02T00:00:00.000,18:45,40.756718,-73.91422,1,0,1,1,4075,-7391,0.4777777777777778
2022-07-02T00:00:00.000,15:15,40.740417,-73.79645,0,0,0,0,4074,-7379,0.1
2022-07-02T00:00:00.000,6:07,40.715546,-73.89927,7,0,1,1,4071,-7389,0.38095238095238093
2022-07-01T00:00:00.000,20:20,40.722298,-73.99713,1,0,1,1,4072,-7399,0.3829787234042553
2022-06-29T00:00:00.000,10:15,40.79087,-73.972694,0,0,0,0,4079,-7397,0.24210526315789474
2021-10-11T00:00:00.000,11:20,40.687325,-73.83525,1,0,1,1,4068,-7383,0.45454545454545453
2022-07-02T00:00:00.000,11:05,40.85308,-73.85353,0,0,0,0,4085,-7385,0.3125
2021-10-11T00:00:00.000,1:35,40.692936,-73.87777,0,0,0,0,4069,-7387,0.5
2022-07-02T00:00:00.000,19:45,40.67729,-73.743935,1,0,1,1,4067,-7374,0.2619047619047619
2022-09-21T00:00:00.000,17:35,40.68372,-74.00334,0,0,0,0,4068,-7400,0.3333333333333333
2022-06-30T00:00:00.000,12:34,40.711693,-73.95124,1,0,1,1,4071,-7395,0.36585365853658536
2022-07-02T00:00:00.000,17:40,40.688786,-73.98358,3,0,1,1,4068,-7398,0.3873239436619718
2022-07-02T00:00:00.000,18:54,40.785866,-73.950935,1,0,1,1,4078,-7395,0.42168674698795183
2022-06-30T00:00:00.000,16:30,40.65104,-74.0111,1,0,1,1,4065,-7401,0.43478260869565216
2022-07-01T00:00:00.000,23:47,40.84893,-73.890465,0,1,2,1,4084,-7389,0.33766233766233766
2021-06-17T00:00:00.000,9:35,40.736145,-73.91155,1,0,1,1,4073,-7391,0.33962264150943394
2022-07-02T00:00:00.000,23:50,40.695026,-73.990814,0,0,0,0,4069,-7399,0.29473684210526313
2022-07-02T00:00:00.000,12:45,40.66669,-73.81173,1,0,1,1,4066,-7381,0.4716981132075472
2022-07-02T00:00:00.000,14:57,40.64932,-73.904175,1,0,1,1,4064,-7390,0.4017094017094017
2021-10-11T00:00:00.000,16:55,40.610443,-73.925934,0,0,0,0,4061,-7392,0.2982456140350877
2022-06-28T00:00:00.000,3:59,40.608223,-74.1294,0,0,0,0,4060,-7412,0.2608695652173913
2022-07-02T00:00:00.000,16:35,40.8648,-73.89536,0,0,0,0,4086,-7389,0.40606060606060607
2022-06-30T00:00:00.000,13:48,40.86173,-73.91182,0,0,0,0,4086,-7391,0.38016528925619836
2022-07-02T00:00:00.000,22:56,40.804436,-73.96138,0,0,0,0,4080,-7396,0.31343283582089554
2022-07-12T00:00:00.000,11:30,40.632084,-74.01801,0,0,0,0,4063,-7401,0.37777777777777777
2022-07-12T00:00:00.000,17:15,40.584137,-74.15913,2,0,1,1,4058,-7415,0.42857142857142855
2021-10-11T00:00:00.000,0:15,40.70253,-73.8143,0,0,0,0,4070,-7381,0.3194444444444444
2022-07-05T00:00:00.000,9:55,40.71338,-73.859665,1,0,1,1,4071,-7385,0.4418604651162791
2022-07-12T00:00:00.000,13:00,40.687016,-73.836365,0,0,0,0,4068,-7383,0.45454545454545453
2022-07-12T00:00:00.000,17:20,40.7441,-73.99565,1,0,1,1,4074,-7399,0.3333333333333333
2021-10-11T00:00:00.000,3:10,40.75781,-73.94584,0,0,0,0,4075,-7394,0.41333333333333333
2022-06-28T00:00:00.000,15:30,40.694637,-73.949066,1,0,1,1,4069,-7394,0.417910447761194
2021-10-11T00:00:00.000,9:21,40.809105,-73.9229,0,0,0,0,4080,-7392,0.3141025641025641
2022-07-12T00:00:00.000,16:51,40.61132,-74.114716,0,0,0,0,4061,-7411,0.36
2022-03-24T00:00:00.000,8:13,40.71614,-73.83357,1,0,1,1,4071,-7383,0.37349397590361444
2022-04-03T00:00:00.000,2:35,40.7168,-73.78723,1,0,1,1,4071,-7378,0.32653061224489793
2022-04-03T00:00:00.000,11:29,40.629436,-73.89776,0,0,0,0,4062,-7389,0.3333333333333333
2022-04-03T00:00:00.000,10:00,40.701958,-73.9239,0,0,0,0,4070,-7392,0.24305555555555555
2021-10-11T00:00:00.000,11:30,40.605137,-74.01729,0,0,0,0,4060,-7401,0.30357142857142855
2021-10-11T00:00:00.000,15:04,40.627632,-73.936356,2,0,1,1,4062,-7393,0.4444444444444444
2021-10-11T00:00:00.000,20:34,40.852306,-73.89811,3,0,1,1,4085,-7389,0.3353658536585366
2022-04-02T00:00:00.000,3:08,40.86278,-73.906654,0,0,0,0,4086,-7390,0.42748091603053434
2022-01-03T00:00:00.000,19:30,40.604027,-73.9523,1,0,1,1,4060,-7395,0.4791666666666667
2021-10-11T00:00:00.000,20:17,40.75537,-73.722244,1,0,1,1,4075,-7372,0.2857142857142857
2022-04-02T00:00:00.000,17:30,40.594147,-74.18655,1,0,1,1,4059,-7418,0.5
2021-10-11T00:00:00.000,4:03,40.622017,-73.94568,0,0,0,0,4062,-7394,0.41379310344827586
2023-01-15T00:00:00.000,19:22,40.827168,-73.870125,0,0,0,0,4082,-7387,0.33544303797468356
2022-04-03T00:00:00.000,17:50,40.601734,-73.935036,1,0,1,1,4060,-7393,0.4117647058823529
2021-10-11T00:00:00.000,13:00,40.785294,-73.969345,1,0,1,1,4078,-7396,0.28125
2022-04-03T00:00:00.000,19:43,40.710175,-74.001144,0,0,0,0,4071,-7400,0.25517241379310346
2022-04-03T00:00:00.000,3:11,40.724136,-73.992615,2,0,1,1,4072,-7399,0.3829787234042553
2022-04-02T00:00:00.000,1:50,40.633614,-74.13715,0,0,0,0,4063,-7413,0.2903225806451613
2022-04-01T00:00:00.000,19:00,40.75763,-73.865685,0,0,0,0,4075,-7386,0.33653846153846156
2021-10-11T00:00:00.000,18:20,40.648983,-73.94841,0,0,0,0,4064,-7394,0.42342342342342343
2022-04-03T00:00:00.000,20:00,40.62345,-74.11585,1,0,1,1,4062,-7411,0.5238095238095238
2022-04-03T00:00:00.000,1:55,40.736633,-73.99515,0,0,0,0,4073,-7399,0.423728813559322
2022-04-03T00:00:00.000,20:40,40.803883,-73.95003,1,0,1,1,4080,-7395,0.381294964028777
2022-03-31T00:00:00.000,6:40,40.766785,-73.893105,1,0,1,1,4076,-7389,0.35185185185185186
2021-10-11T00:00:00.000,1:05,40.883556,-73.84974,0,0,0,0,4088,-7384,0.4153846153846154
2022-04-02T00:00:00.000,20:30,40.774155,-73.984886,0,0,0,0,4077,-7398,0.38028169014084506
2021-10-11T00:00:00.000,18:25,40.648705,-74.010254,1,0,1,1,4064,-7401,0.4295774647887324
2022-04-02T00:00:00.000,12:13,40.85111,-73.93061,1,0,1,1,4085,-7393,0.36585365853658536
2022-04-03T00:00:00.000,6:50,40.643322,-73.90908,0,0,0,0,4064,-7390,0.4017094017094017
2022-04-03T00:00:00.000,23:37,40.82364,-73.89391,0,0,0,0,4082,-7389,0.37423312883435583
2022-04-03T00:00:00.000,21:07,40.66733,-73.95353,0,0,0,0,4066,-7395,0.44375
2022-03-28T00:00:00.000,7:00,40.819057,-73.92923,0,0,0,0,4081,-7392,0.4714285714285714
2022-04-02T00:00:00.000,2:00,40.676105,-73.970436,0,0,0,0,4067,-7397,0.2818181818181818
2022-04-03T00:00:00.000,14:35,40.743477,-73.73286,0,0,0,0,4074,-7373,0.4
2022-04-03T00:00:00.000,9:15,40.666397,-73.75337,0,0,0,0,4066,-7375,0.3
2022-09-17T00:00:00.000,11:00,40.721138,-73.90391,0,0,0,0,4072,-7390,0.2978723404255319
2022-03-31T00:00:00.000,15:55,40.630577,-73.88591,0,0,0,0,4063,-7388,0.3835616438356164
2022-04-02T00:00:00.000,18:20,40.769077,-73.96741,0,0,0,0,4076,-7396,0.3023255813953488
2021-10-11T00:00:00.000,6:00,40.736862,-73.872574,0,0,0,0,4073,-7387,0.3140495867768595
2022-04-03T00:00:00.000,17:10,40.741295,-73.88029,1,0,1,1,4074,-7388,0.2978723404255319
2021-10-11T00:00:00.000,15:25,40.687824,-73.80573,0,0,0,0,4068,-7380,0.3829787234042553
2022-04-03T00:00:00.000,4:35,40.67164,-73.95034,2,0,1,1,4067,-7395,0.3695652173913043
2022-04-03T00:00:00.000,8:00,40.756866,-73.93039,0,0,0,0,4075,-7393,0.43478260869565216
2022-04-03T00:00:00.000,4:05,40.74592,-73.986404,0,0,0,0,4074,-7398,0.40131578947368424
2022-03-31T00:00:00.000,6:50,40.675945,-73.97924,0,0,0,0,4067,-7397,0.2818181818181818
2022-04-03T00:00:00.000,18:00,40.833282,-73.82836,0,0,0,0,4083,-7382,0.44680851063829785
2021-10-11T00:00:00.000,0:45,40.6974,-73.80952,0,0,0,0,4069,-7380,0.38461538461538464
2022-04-03T00:00:00.000,7:01,40.80574,-73.942764,1,0,1,1,4080,-7394,0.41116751269035534
2022-03-30T00:00:00.000,16:50,40.668293,-73.97924,1,0,1,1,4066,-7397,0.24390243902439024
2021-10-11T00:00:00.000,12:00,40.66579,-73.95088,0,0,0,0,4066,-7395,0.44375
2021-10-11T00:00:00.000,2:26,40.73319,-73.866875,2,0,1,1,4073,-7386,0.3464566929133858
2022-04-03T00:00:00.000,2:30,40.72889,-74.00062,0,0,0,0,4072,-7400,0.32926829268292684
2022-04-03T00:00:00.000,6:10,40.717724,-73.98577,2,0,1,1,4071,-7398,0.39568345323741005
2021-10-11T00:00:00.000,16:50,40.828114,-73.93107,0,0,0,0,4082,-7393,0.36645962732919257
2022-04-03T00:00:00.000,2:30,40.729084,-73.93104,1,0,1,1,4072,-7393,0.36507936507936506
2021-10-11T00:00:00.000,15:00,40.75513,-73.96525,1,0,1,1,4075,-7396,0.4788732394366197
2022-04-01T00:00:00.000,4:35,40.813095,-73.89827,0,0,0,0,4081,-7389,0.31543624161073824
2021-10-11T00:00:00.000,8:00,40.675724,-73.875496,0,0,0,0,4067,-7387,0.30344827586206896
2022-04-03T00:00:00.000,12:44,40.58412,-73.98187,0,0,0,0,4058,-7398,0.4
2022-03-27T00:00:00.000,1:45,40.827057,-73.95202,0,0,0,0,4082,-7395,0.4117647058823529
2021-10-11T00:00:00.000,20:48,40.8011327,-73.9298758,0,0,0,0,4080,-7392,0.3141025641025641
2021-10-11T00:00:00.000,10:55,40.843678,-73.871956,0,0,0,0,4084,-7387,0.48333333333333334
2022-03-31T00:00:00.000,14:00,40.623886,-73.89559,0,0,0,0,4062,-7389,0.3333333333333333
2022-04-03T00:00:00.000,18:48,40.701786,-73.89803,0,0,0,0,4070,-7389,0.2711864406779661
2022-03-19T00:00:00.000,21:43,40.540184,-74.22359,1,0,1,1,4054,-7422,0.2222222222222222
2022-04-03T00:00:00.000,13:48,40.749485,-73.97539,1,0,1,1,4074,-7397,0.4810810810810811
2022-03-30T00:00:00.000,21:25,40.778164,-73.98862,0,0,0,0,4077,-7398,0.38028169014084506
2022-04-03T00:00:00.000,4:42,40.719063,-73.892,0,0,0,0,4071,-7389,0.38095238095238093
2022-04-02T00:00:00.000,20:20,40.860176,-73.891754,1,0,1,1,4086,-7389,0.40606060606060607
2021-10-11T00:00:00.000,8:50,40.585655,-73.951706,0,0,0,0,4058,-7395,0.3465346534653465
2021-10-11T00:00:00.000,4:15,40.740616,-73.85857,0,0,0,0,4074,-7385,0.35526315789473684
2021-10-11T00:00:00.000,19:30,40.711693,-73.95124,0,0,0,0,4071,-7395,0.36585365853658536
2022-04-01T00:00:00.000,23:45,40.69111,-73.91697,0,0,0,0,4069,-7391,0.2709677419354839
2022-03-26T00:00:00.000,16:40,40.742493,-73.87337,0,0,0,0,4074,-7387,0.25663716814159293
2022-04-02T00:00:00.000,15:30,40.841293,-73.8828,1,0,1,1,4084,-7388,0.390625
2022-03-11T00:00:00.000,8:45,40.77428,-73.97738,0,0,0,0,4077,-7397,0.38235294117647056
2022-04-03T00:00:00.000,8:05,40.671352,-73.88182,0,0,0,0,4067,-7388,0.30434782608695654
2022-03-23T00:00:00.000,8:00,40.663902,-73.93993,0,0,0,0,4066,-7393,0.38578680203045684
2022-04-03T00:00:00.000,15:45,40.723698,-74.00792,0,0,0,0,4072,-7400,0.32926829268292684
2022-04-03T00:00:00.000,5:30,40.586205,-73.93417,0,0,0,0,4058,-7393,0.24324324324324326
2022-04-03T00:00:00.000,19:13,40.826275,-73.85971,1,0,1,1,4082,-7385,0.27
2022-04-03T00:00:00.000,15:00,40.814144,-73.95571,0,0,0,0,4081,-7395,0.3509933774834437
2022-04-03T00:00:00.000,16:22,40.68603,-73.97635,1,0,1,1,4068,-7397,0.3412322274881517
2022-04-02T00:00:00.000,21:43,40.681778,-73.78156,0,0,0,0,4068,-7378,0.3384615384615385
2022-03-28T00:00:00.000,11:10,40.700836,-73.99495,0,0,0,0,4070,-7399,0.21052631578947367
2021-10-11T00:00:00.000,9:30,40.7303024,-73.8108998,0,0,0,0,4073,-7381,0.3181818181818182
2021-10-11T00:00:00.000,6:30,40.694973,-73.84676,0,0,0,0,4069,-7384,0.26666666666666666
2022-04-03T00:00:00.000,15:19,40.67189,-73.895874,0,0,0,0,4067,-7389,0.33852140077821014
2021-10-11T00:00:00.000,16:29,40.887512,-73.90598,0,0,0,0,4088,-7390,0.2702702702702703
2022-04-03T00:00:00.000,12:52,40.682003,-73.81606,0,0,0,0,4068,-7381,0.4117647058823529
2022-04-03T00:00:00.000,19:54,40.67385,-73.89155,1,0,1,1,4067,-7389,0.33852140077821014
2022-04-03T00:00:00.000,6:20,40.862812,-73.907555,2,0,1,1,4086,-7390,0.42748091603053434
2022-04-03T00:00:00.000,21:19,40.622456,-73.91954,0,0,0,0,4062,-7391,0.3333333333333333
2022-04-03T00:00:00.000,4:10,40.629032,-74.00194,0,0,0,0,4062,-7400,0.3150684931506849
2022-04-03T00:00:00.000,19:30,40.878315,-73.83271,0,0,0,0,4087,-7383,0.3333333333333333
2022-03-25T00:00:00.000,6:40,40.873344,-73.85654,0,0,0,0,4087,-7385,0.37681159420289856
2021-10-11T00:00:00.000,14:20,40.694836,-73.98393,0,0,0,0,4069,-7398,0.3229166666666667
2022-04-03T00:00:00.000,12:45,40.67052,-73.81026,0,0,0,0,4067,-7381,0.4230769230769231
2022-03-28T00:00:00.000,21:18,40.645638,-73.946106,0,0,0,0,4064,-7394,0.42342342342342343
2022-03-26T00:00:00.000,8:20,40.637634,-74.121315,0,0,0,0,4063,-7412,0.36363636363636365
2022-04-02T00:00:00.000,1:20,40.640034,-73.877945,0,0,0,0,4064,-7387,0.4918032786885246
2022-04-02T00:00:00.000,10:30,40.67567,-73.89785,0,0,0,0,4067,-7389,0.33852140077821014
2022-04-03T00:00:00.000,4:53,40.73425,-73.86336,0,0,0,0,4073,-7386,0.3464566929133858
2022-04-02T00:00:00.000,23:50,40.771038,-73.89869,0,0,0,0,4077,-7389,0.35
2022-04-03T00:00:00.000,16:55,40.63063,-74.00923,0,0,0,0,4063,-7400,0.3068181818181818
2022-04-03T00:00:00.000,4:10,40.863785,-73.90028,0,0,0,0,4086,-7390,0.42748091603053434
2022-03-27T00:00:00.000,16:38,40.64453,-73.94599,0,0,0,0,4064,-7394,0.42342342342342343
2022-04-03T00:00:00.000,6:45,40.7431,-73.974014,1,0,1,1,4074,-7397,0.4810810810810811
2022-04-02T00:00:00.000,15:50,40.68405,-73.97746,1,0,1,1,4068,-7397,0.3412322274881517
2021-10-11T00:00:00.000,9:10,40.718647,-73.83771,1,0,1,1,4071,-7383,0.37349397590361444
2022-01-03T00:00:00.000,12:00,40.651646,-73.93233,1,0,1,1,4065,-7393,0.44366197183098594
2022-04-03T00:00:00.000,15:00,40.578106,-74.156876,0,0,0,0,4057,-7415,0.6666666666666666
2022-04-03T00:00:00.000,0:00,40.702374,-73.920265,0,0,0,0,4070,-7392,0.24305555555555555
2021-10-04T00:00:00.000,14:20,40.87877,-73.87283,0,0,0,0,4087,-7387,0.297029702970297
2022-04-02T00:00:00.000,22:00,40.75898,-73.96244,1,0,1,1,4075,-7396,0.4788732394366197
2022-03-30T00:00:00.000,15:40,40.78377,-73.98391,0,0,0,0,4078,-7398,0.42105263157894735
2022-04-03T00:00:00.000,12:28,40.765347,-73.8354,0,0,0,0,4076,-7383,0.33695652173913043
2021-10-11T00:00:00.000,18:09,40.685226,-73.978294,0,0,0,0,4068,-7397,0.3412322274881517
2021-10-11T00:00:00.000,14:30,40.65249,-73.92179,0,0,0,0,4065,-7392,0.35555555555555557
2021-10-11T00:00:00.000,1:28,40.688507,-73.86962,0,0,0,0,4068,-7386,0.423728813559322
2022-03-24T00:00:00.000,16:20,40.696663,-73.98085,1,0,1,1,4069,-7398,0.3229166666666667
2022-04-03T00:00:00.000,0:55,40.674953,-73.80205,0,0,0,0,4067,-7380,0.24615384615384617
2022-04-01T00:00:00.000,18:50,40.856743,-73.89527,0,0,0,0,4085,-7389,0.3353658536585366
2021-10-11T00:00:00.000,10:00,40.7497,-73.80072,0,0,0,0,4074,-7380,0.35294117647058826
2022-04-02T00:00:00.000,12:40,40.815876,-73.90051,0,0,0,0,4081,-7390,0.3888888888888889
2022-04-03T00:00:00.000,11:53,40.72543,-73.99678,1,0,1,1,4072,-7399,0.3829787234042553
2022-04-03T00:00:00.000,1:00,40.66685,-73.8907,0,0,0,0,4066,-7389,0.3103448275862069
2022-04-03T00:00:00.000,17:49,40.615307,-74.15799,1,0,1,1,4061,-7415,0.3333333333333333
2021-10-11T00:00:00.000,6:22,40.680325,-73.82898,0,0,0,0,4068,-7382,0.41975308641975306
2022-04-03T00:00:00.000,0:15,40.582024,-73.96564,0,0,0,0,4058,-7396,0.37333333333333335
2021-10-11T00:00:00.000,0:20,40.675186,-73.933304,0,0,0,0,4067,-7393,0.3755868544600939
2022-04-03T00:00:00.000,14:30,40.75303,-73.92163,0,0,0,0,4075,-7392,0.48148148148148145
2022-04-03T00:00:00.000,4:45,40.70089,-73.75708,0,0,0,0,4070,-7375,0.4117647058823529
2022-04-03T00:00:00.000,8:30,40.882923,-73.90828,0,0,0,0,4088,-7390,0.2702702702702703
2021-10-11T00:00:00.000,17:45,40.748466,-73.99247,1,0,1,1,4074,-7399,0.3333333333333333
2022-04-03T00:00:00.000,20:00,40.744457,-73.90596,0,0,0,0,4074,-7390,0.40625
2022-04-03T00:00:00.000,13:30,40.760525,-73.97998,1,0,1,1,4076,-7397,0.37
2022-04-03T00:00:00.000,2:05,40.682564,-73.968765,0,0,0,0,4068,-7396,0.42567567567567566
2022-04-03T00:00:00.000,18:30,40.70648,-73.96375,0,0,0,0,4070,-7396,0.3431372549019608
2022-04-01T00:00:00.000,4:20,40.696648,-73.76175,0,0,0,0,4069,-7376,0.3392857142857143
2022-03-30T00:00:00.000,18:10,40.73093,-73.864586,1,0,1,1,4073,-7386,0.3464566929133858
2022-04-03T00:00:00.000,23:20,40.75455,-73.96252,3,0,1,1,4075,-7396,0.4788732394366197
2022-04-03T00:00:00.000,5:25,40.632378,-73.90353,0,0,0,0,4063,-7390,0.3561643835616438
2021-10-11T00:00:00.000,6:10,40.750763,-73.97445,0,0,0,0,4075,-7397,0.375886524822695
2022-04-01T00:00:00.000,4:02,40.672832,-73.96908,0,0,0,0,4067,-7396,0.3466666666666667
2022-04-03T00:00:00.000,16:30,40.691135,-73.98347,0,0,0,0,4069,-7398,0.3229166666666667
2021-10-11T00:00:00.000,20:20,40.70312,-73.96443,1,0,1,1,4070,-7396,0.3431372549019608
2022-04-03T00:00:00.000,9:45,40.81772,-73.89545,0,0,0,0,4081,-7389,0.31543624161073824
2022-04-03T00:00:00.000,13:50,40.750988,-73.99063,0,0,0,0,4075,-7399,0.2830188679245283
2022-03-30T00:00:00.000,12:36,40.696205,-73.97249,0,0,0,0,4069,-7397,0.3253012048192771
2021-10-11T00:00:00.000,9:13,40.73021,-73.81509,1,0,1,1,4073,-7381,0.3181818181818182
2021-10-11T00:00:00.000,1:13,40.650337,-73.86849,0,1,2,1,4065,-7386,0.36619718309859156
2022-03-28T00:00:00.000,4:00,40.765198,-73.91395,1,0,1,1,4076,-7391,0.40476190476190477
2022-04-03T00:00:00.000,22:40,40.606853,-73.747856,0,0,0,0,4060,-7374,0.15789473684210525
2022-04-03T00:00:00.000,18:08,40.70683,-73.9684,0,0,0,0,4070,-7396,0.3431372549019608
2022-04-01T00:00:00.000,13:30,40.7968,-73.929375,1,0,1,1,4079,-7392,0.4
2022-03-30T00:00:00.000,0:14,40.826077,-73.81808,0,0,0,0,4082,-7381,0.17647058823529413
2022-04-03T00:00:00.000,5:50,40.715916,-73.756775,1,0,1,1,4071,-7375,0.3269230769230769
2022-03-31T00:00:00.000,23:30,40.85294,-73.88309,1,0,1,1,4085,-7388,0.3
2022-01-03T00:00:00.000,19:36,40.819267,-73.91378,1,0,1,1,4081,-7391,0.47244094488188976
2022-04-03T00:00:00.000,2:50,40.651104,-73.94381,0,0,0,0,4065,-7394,0.43137254901960786
2022-04-03T00:00:00.000,16:41,40.655785,-73.86289,1,0,1,1,4065,-7386,0.36619718309859156
2022-04-03T00:00:00.000,0:00,40.82451,-73.95186,0,0,0,0,4082,-7395,0.4117647058823529
2022-04-03T00:00:00.000,23:10,40.67624,-73.866104,0,0,0,0,4067,-7386,0.3431372549019608
2022-04-03T00:00:00.000,17:35,40.6807,-73.84465,0,0,0,0,4068,-7384,0.3333333333333333
2021-10-11T00:00:00.000,2:53,40.728424,-73.880516,0,0,0,0,4072,-7388,0.4
2021-10-11T00:00:00.000,13:50,40.743225,-73.83778,1,0,1,1,4074,-7383,0.4067796610169492
2022-04-03T00:00:00.000,18:00,40.670727,-73.88609,2,0,1,1,4067,-7388,0.30434782608695654
2022-03-30T00:00:00.000,14:00,40.774967,-73.9568,0,0,0,0,4077,-7395,0.3384615384615385
2021-10-11T00:00:00.000,7:55,40.72135,-74.00465,0,0,0,0,4072,-7400,0.32926829268292684
2022-04-03T00:00:00.000,6:52,40.723686,-73.99648,1,0,1,1,4072,-7399,0.3829787234042553
2022-04-03T00:00:00.000,9:59,40.7544,-73.86669,0,0,0,0,4075,-7386,0.33653846153846156
2022-04-03T00:00:00.000,0:40,40.75682,-73.749596,1,0,1,1,4075,-7374,0.3333333333333333
2022-04-02T00:00:00.000,2:24,40.816097,-73.9178,0,0,0,0,4081,-7391,0.47244094488188976
2022-03-31T00:00:00.000,8:25,40.675434,-73.97797,1,0,1,1,4067,-7397,0.2818181818181818
2021-10-11T00:00:00.000,2:45,40.754463,-73.78147,0,0,0,0,4075,-7378,0.18518518518518517
2022-03-30T00:00:00.000,17:50,40.54013,-74.21769,0,0,0,0,4054,-7421,0.4
2022-04-02T00:00:00.000,8:50,40.71152,-73.78402,0,0,0,0,4071,-7378,0.32653061224489793
2022-04-03T00:00:00.000,13:20,40.835396,-73.92031,0,0,0,0,4083,-7392,0.310126582278481
2022-04-03T00:00:00.000,11:25,40.820187,-73.890686,1,0,1,1,4082,-7389,0.37423312883435583
2022-04-03T00:00:00.000,19:30,40.82583,-73.85777,0,0,0,0,4082,-7385,0.27
2022-03-30T00:00:00.000,23:00,40.8285,-73.93779,1,0,1,1,4082,-7393,0.36645962732919257
2022-04-03T00:00:00.000,7:10,40.864574,-73.83503,1,0,1,1,4086,-7383,0.3448275862068966
2021-10-11T00:00:00.000,10:00,40.697838,-73.97078,0,0,0,0,4069,-7397,0.3253012048192771
2021-10-11T00:00:00.000,3:52,40.703674,-73.91513,0,0,0,0,4070,-7391,0.27450980392156865
2022-04-03T00:00:00.000,23:17,40.878,-73.90408,0,0,0,0,4087,-7390,0.3184713375796178
2021-10-11T00:00:00.000,12:56,40.756134,-73.74047,0,0,0,0,4075,-7374,0.3333333333333333
2021-10-11T00:00:00.000,18:23,40.62323,-73.92735,1,0,1,1,4062,-7392,0.3611111111111111
2021-10-11T00:00:00.000,18:50,40.678574,-73.8281139,1,0,1,1,4067,-7382,0.4186046511627907
2021-10-11T00:00:00.000,13:10,40.7648401,-73.9704958,0,0,0,0,4076,-7397,0.37
2021-10-11T00:00:00.000,18:00,40.829138,-73.9113909,0,0,0,0,4082,-7391,0.3355263157894737
2021-10-11T00:00:00.000,14:46,40.6295919,-73.9475338,0,0,0,0,4062,-7394,0.41379310344827586
2021-10-11T00:00:00.000,14:15,40.7804561,-73.9168286,0,0,0,0,4078,-7391,0.2777777777777778
2021-10-11T00:00:00.000,13:00,40.6732477,-73.8867271,0,0,0,0,4067,-7388,0.30434782608695654
2021-10-11T00:00:00.000,23:30,40.7973382,-73.9624344,1,0,1,1,4079,-7396,0.25
2021-10-07T00:00:00.000,17:30,40.7533873,-73.996304,0,0,0,0,4075,-7399,0.2830188679245283
2021-10-11T00:00:00.000,17:45,40.8544707,-73.9100739,2,0,1,1,4085,-7391,0.373134328358209
2021-10-05T00:00:00.000,8:20,40.7279629,-73.950073,0,0,0,0,4072,-7395,0.22093023255813954
2021-12-11T00:00:00.000,1:00,40.84797,-73.924774,0,0,0,0,4084,-7392,0.3181818181818182
2021-10-09T00:00:00.000,17:17,40.8530276,-73.918256,1,0,1,1,4085,-7391,0.373134328358209
2021-10-10T00:00:00.000,15:18,40.6390218,-74.022464,0,0,0,0,4063,-7402,0.3877551020408163
2021-12-11T00:00:00.000,23:00,40.758816,-73.90128,1,0,1,1,4075,-7390,0.37254901960784315
2021-12-11T00:00:00.000,10:57,40.85365,-73.871704,0,0,0,0,4085,-7387,0.375
2021-12-11T00:00:00.000,4:40,40.75539,-73.828285,1,0,1,1,4075,-7382,0.4915254237288136
2021-06-15T00:00:00.000,14:30,40.544315,-74.19587,0,0,0,0,4054,-7419,0.3333333333333333
2021-12-11T00:00:00.000,0:15,40.806026,-73.85453,0,0,0,0,4080,-7385,0.125
2021-11-25T00:00:00.000,3:33,40.841087,-73.86449,5,0,1,1,4084,-7386,0.375
2021-12-11T00:00:00.000,16:57,40.61732,-73.94408,3,0,1,1,4061,-7394,0.48484848484848486
2021-12-11T00:00:00.000,8:04,40.62143,-74.07451,0,0,0,0,4062,-7407,0.35714285714285715
2021-12-09T00:00:00.000,17:40,40.8283,-73.88296,1,0,1,1,4082,-7388,0.27624309392265195
2021-12-11T00:00:00.000,5:21,40.625603,-74.075035,0,0,0,0,4062,-7407,0.35714285714285715
2021-12-11T00:00:00.000,9:30,40.640827,-73.950424,0,0,0,0,4064,-7395,0.4796747967479675
2021-12-11T00:00:00.000,4:45,40.679035,-73.998985,0,0,0,0,4067,-7399,0.3258426966292135
2021-12-20T00:00:00.000,10:40,40.67641,-73.98047,0,1,2,1,4067,-7398,0.3655913978494624
2021-12-29T00:00:00.000,17:18,40.636333,-73.97102,3,0,1,1,4063,-7397,0.36893203883495146
2021-12-20T00:00:00.000,8:35,40.747963,-73.86337,1,0,1,1,4074,-7386,0.3813559322033898
2021-12-24T00:00:00.000,12:38,40.846657,-73.89619,0,0,0,0,4084,-7389,0.33766233766233766
2022-02-19T00:00:00.000,3:13,40.87645,-73.848175,1,0,1,1,4087,-7384,0.47297297297297297
2022-02-20T00:00:00.000,19:00,40.67236,-74.01124,2,0,1,1,4067,-7401,0.32142857142857145
2022-02-19T00:00:00.000,20:03,40.61895,-73.92689,0,1,2,1,4061,-7392,0.2982456140350877
2022-02-20T00:00:00.000,21:30,40.57663,-74.00556,0,0,0,0,4057,-7400,0.3157894736842105
2022-02-20T00:00:00.000,12:25,40.70919,-73.96848,1,0,1,1,4070,-7396,0.3431372549019608
2022-02-20T00:00:00.000,21:16,40.613525,-74.11685,1,0,1,1,4061,-7411,0.36
2022-02-20T00:00:00.000,3:50,40.595257,-73.74851,0,0,0,0,4059,-7374,0.18181818181818182
2022-02-20T00:00:00.000,19:41,40.574787,-74.118546,0,0,0,0,4057,-7411,0.37142857142857144
2022-02-20T00:00:00.000,0:00,40.6338,-73.8897,0,0,0,0,4063,-7388,0.3835616438356164
2022-02-20T00:00:00.000,21:16,40.690086,-73.751205,0,0,0,0,4069,-7375,0.3584905660377358
2022-02-10T00:00:00.000,8:49,0.0,0.0,0,0,0,0,0,0,0.40425531914893614
2022-02-19T00:00:00.000,21:16,40.677364,-73.90798,1,0,1,1,4067,-7390,0.3282442748091603
2022-02-20T00:00:00.000,5:00,40.808292,-73.94883,0,0,0,0,4080,-7394,0.41116751269035534
2022-02-04T00:00:00.000,4:39,40.707466,-73.7887,1,0,1,1,4070,-7378,0.34523809523809523
2022-02-20T00:00:00.000,21:00,40.74059,-73.94433,0,0,0,0,4074,-7394,0.33962264150943394
2022-02-20T00:00:00.000,3:12,40.806442,-73.92652,0,0,0,0,4080,-7392,0.3141025641025641
2022-02-18T00:00:00.000,1:12,40.90008,-73.85761,0,0,0,0,4090,-7385,0.42105263157894735
2022-02-20T00:00:00.000,1:20,40.710785,-73.95995,0,0,0,0,4071,-7395,0.36585365853658536
2022-02-18T00:00:00.000,5:15,40.728176,-73.98486,0,0,0,0,4072,-7398,0.4342105263157895
2022-02-22T00:00:00.000,8:05,40.605324,-73.971245,1,0,1,1,4060,-7397,0.3469387755102041
2022-04-03T00:00:00.000,13:30,40.68657,-73.93875,0,0,0,0,4068,-7393,0.3619047619047619
2021-06-14T00:00:00.000,18:20,40.80259,-73.935265,0,0,0,0,4080,-7393,0.36312849162011174
2022-01-03T00:00:00.000,18:58,40.74942,-73.940544,0,0,0,0,4074,-7394,0.33962264150943394
2021-12-22T00:00:00.000,9:45,40.829082,-73.941086,0,0,0,0,4082,-7394,0.3812154696132597
2022-01-03T00:00:00.000,0:00,40.8165,-73.946556,0,0,0,0,4081,-7394,0.38
2021-12-03T00:00:00.000,8:45,0.0,0.0,0,0,0,0,0,0,0.40425531914893614
2021-12-13T00:00:00.000,18:39,40.628098,-73.99575,1,0,1,1,4062,-7399,0.3835616438356164
2022-01-03T00:00:00.000,1:30,40.69245,-73.811005,0,0,0,0,4069,-7381,0.3902439024390244
2022-01-03T00:00:00.000,14:48,40.68238,-73.90565,0,0,0,0,4068,-7390,0.4421052631578947
2022-01-03T00:00:00.000,18:25,40.70942,-73.7749,1,0,1,1,4070,-7377,0.2413793103448276
2022-01-03T00:00:00.000,7:00,40.582447,-73.955925,0,0,0,0,4058,-7395,0.3465346534653465
2022-01-03T00:00:00.000,1:30,40.714428,-73.73962,0,0,0,0,4071,-7373,0.25
2022-01-03T00:00:00.000,16:50,40.726494,-74.00236,0,0,0,0,4072,-7400,0.32926829268292684
2022-01-03T00:00:00.000,14:00,40.593155,-74.16262,0,0,0,0,4059,-7416,0.29411764705882354
2021-12-15T00:00:00.000,5:00,40.69635,-73.94071,0,0,0,0,4069,-7394,0.417910447761194
2022-01-03T00:00:00.000,5:30,40.75455,-73.74317,0,0,0,0,4075,-7374,0.3333333333333333
2022-01-03T00:00:00.000,10:10,40.66438,-73.90261,0,0,0,0,4066,-7390,0.2777777777777778
2021-12-23T00:00:00.000,9:00,40.825138,-73.9514,0,0,0,0,4082,-7395,0.4117647058823529
2022-01-03T00:00:00.000,13:25,40.875675,-73.90069,0,0,0,0,4087,-7390,0.3184713375796178
2022-01-03T00:00:00.000,22:00,40.81344,-73.94135,0,0,0,0,4081,-7394,0.38
2022-01-03T00:00:00.000,13:39,40.80332,-73.956795,0,0,0,0,4080,-7395,0.381294964028777
2022-01-03T00:00:00.000,19:16,40.630577,-74.00751,0,0,0,0,4063,-7400,0.3068181818181818
2022-01-03T00:00:00.000,14:00,40.79147,-73.83988,1,0,1,1,4079,-7383,0.5
2022-01-03T00:00:00.000,17:45,40.79087,-73.972694,0,0,0,0,4079,-7397,0.24210526315789474
2022-01-03T00:00:00.000,12:02,40.818504,-73.91448,1,0,1,1,4081,-7391,0.47244094488188976
2022-01-03T00:00:00.000,8:15,40.645733,-74.020424,0,0,0,0,4064,-7402,0.41379310344827586
2022-01-03T00:00:00.000,1:48,40.828613,-73.90692,0,0,0,0,4082,-7390,0.3025210084033613
2022-01-02T00:00:00.000,12:59,40.670383,-73.90604,0,0,0,0,4067,-7390,0.3282442748091603
2022-01-03T00:00:00.000,12:38,40.7605,-73.95699,3,0,1,1,4076,-7395,0.3696969696969697
2022-01-03T00:00:00.000,18:30,40.72973,-73.91183,0,0,0,0,4072,-7391,0.36
2021-12-24T00:00:00.000,21:25,40.69979,-73.950096,1,0,1,1,4069,-7395,0.30952380952380953
2022-01-03T00:00:00.000,2:30,40.671024,-73.76921,0,0,0,0,4067,-7376,0.23076923076923078
2022-01-01T00:00:00.000,5:44,40.844845,-73.93519,0,0,0,0,4084,-7393,0.32786885245901637
2022-01-03T00:00:00.000,7:08,40.69687,-73.78072,0,0,0,0,4069,-7378,0.29310344827586204
2022-01-03T00:00:00.000,18:03,40.769955,-73.836426,0,0,0,0,4076,-7383,0.33695652173913043
2022-01-03T00:00:00.000,16:14,40.67386,-73.88259,0,0,0,0,4067,-7388,0.30434782608695654
2021-12-30T00:00:00.000,0:00,40.825756,-73.95094,1,0,1,1,4082,-7395,0.4117647058823529
2021-05-03T00:00:00.000,0:13,40.667477,-73.95623,1,0,1,1,4066,-7395,0.44375
2022-01-03T00:00:00.000,9:00,40.666744,-73.90217,0,0,0,0,4066,-7390,0.2777777777777778
2022-01-03T00:00:00.000,11:48,40.79672,-73.97618,1,0,1,1,4079,-7397,0.24210526315789474
2021-12-28T00:00:00.000,9:27,40.754974,-73.89095,0,0,0,0,4075,-7389,0.4805194805194805
2021-12-31T00:00:00.000,0:50,0.0,0.0,0,0,0,0,0,0,0.40425531914893614
2022-01-03T00:00:00.000,0:00,40.867027,-73.89111,0,0,0,0,4086,-7389,0.40606060606060607
2022-01-01T00:00:00.000,17:18,40.71146,-73.79647,1,0,1,1,4071,-7379,0.3888888888888889
2022-01-03T00:00:00.000,10:13,40.78641,-73.94625,1,0,1,1,4078,-7394,0.33513513513513515
2022-01-03T00:00:00.000,16:40,40.639885,-73.97898,0,0,0,0,4063,-7397,0.36893203883495146
2022-01-03T00:00:00.000,12:00,40.70355,-73.781296,0,0,0,0,4070,-7378,0.34523809523809523
2022-01-03T00:00:00.000,22:16,40.76172,-73.98281,0,0,0,0,4076,-7398,0.3081761006289308
2021-12-29T00:00:00.000,23:55,40.82682,-73.94154,0,0,0,0,4082,-7394,0.3812154696132597
2022-01-03T00:00:00.000,18:38,40.684814,-73.999084,1,0,1,1,4068,-7399,0.17857142857142858
2021-12-29T00:00:00.000,13:00,40.774734,-73.98818,0,0,0,0,4077,-7398,0.38028169014084506
2022-01-03T00:00:00.000,0:00,40.820984,-73.91294,0,0,0,0,4082,-7391,0.3355263157894737
2022-01-03T00:00:00.000,20:30,40.8481,-73.90145,2,0,1,1,4084,-7390,0.366120218579235
2022-01-03T00:00:00.000,17:45,40.82546,-73.89036,0,0,0,0,4082,-7389,0.37423312883435583
2022-01-03T00:00:00.000,20:09,40.81235,-73.88497,3,0,1,1,4081,-7388,0.25471698113207547
2022-01-01T00:00:00.000,21:17,40.642384,-73.98042,1,0,1,1,4064,-7398,0.40425531914893614
2022-01-03T00:00:00.000,1:45,40.613052,-73.94913,0,0,0,0,4061,-7394,0.48484848484848486
2022-01-03T00:00:00.000,18:00,40.668884,-73.81173,1,0,1,1,4066,-7381,0.4716981132075472
2021-12-27T00:00:00.000,21:00,40.8349,-73.839966,0,0,0,0,4083,-7383,0.36363636363636365
2022-01-03T00:00:00.000,19:54,40.808662,-73.921875,0,0,0,0,4080,-7392,0.3141025641025641
2022-01-03T00:00:00.000,1:10,40.69405,-73.82802,0,0,0,0,4069,-7382,0.37209302325581395
2021-12-31T00:00:00.000,11:25,40.84899,-73.85035,0,0,0,0,4084,-7385,0.32727272727272727
2022-01-03T00:00:00.000,19:51,40.632538,-73.883194,0,0,0,0,4063,-7388,0.3835616438356164
2022-01-03T00:00:00.000,6:30,40.703114,-73.921585,0,0,0,0,4070,-7392,0.24305555555555555
2022-01-01T00:00:00.000,13:35,40.680088,-73.94398,1,0,1,1,4068,-7394,0.4409448818897638
2022-01-03T00:00:00.000,11:01,40.63837,-74.09075,0,0,0,0,4063,-7409,0.15384615384615385
2022-01-03T00:00:00.000,13:30,40.731064,-74.00142,0,0,0,0,4073,-7400,0.2403846153846154
2022-01-03T00:00:00.000,0:00,40.74705,-73.75565,0,0,0,0,4074,-7375,0.16666666666666666
2022-01-02T00:00:00.000,20:00,40.666405,-73.802635,3,0,1,1,4066,-7380,0.40789473684210525
2022-01-03T00:00:00.000,9:55,40.732376,-73.79344,1,0,1,1,4073,-7379,0.4
2022-01-02T00:00:00.000,8:15,40.83923,-73.94555,0,0,0,0,4083,-7394,0.38926174496644295
2022-01-03T00:00:00.000,10:00,40.81464,-73.885574,0,0,0,0,4081,-7388,0.25471698113207547
2022-01-03T00:00:00.000,18:22,40.632736,-74.1355,1,0,1,1,4063,-7413,0.2903225806451613
2022-01-01T00:00:00.000,6:03,40.643063,-73.95166,2,0,1,1,4064,-7395,0.4796747967479675
2022-01-03T00:00:00.000,14:55,40.66717,-73.88086,1,0,1,1,4066,-7388,0.37012987012987014
2022-01-03T00:00:00.000,15:00,40.74094,-73.870865,0,0,0,0,4074,-7387,0.25663716814159293
2022-01-03T00:00:00.000,16:00,40.748436,-73.984566,0,0,0,0,4074,-7398,0.40131578947368424
2022-01-03T00:00:00.000,18:25,40.59136,-74.08785,0,0,0,0,4059,-7408,0.36363636363636365
2022-01-03T00:00:00.000,17:55,40.76473,-73.91211,0,0,0,0,4076,-7391,0.40476190476190477
2021-12-31T00:00:00.000,21:40,40.84985,-73.92671,0,0,0,0,4084,-7392,0.3181818181818182
2021-12-20T00:00:00.000,12:55,40.826427,-73.950455,0,0,0,0,4082,-7395,0.4117647058823529
2022-01-03T00:00:00.000,6:20,40.62495,-74.14127,0,0,0,0,4062,-7414,0.20408163265306123
2022-01-01T00:00:00.000,4:00,40.839237,-73.94688,3,0,1,1,4083,-7394,0.38926174496644295
2022-01-03T00:00:00.000,19:15,40.66188,-73.94557,0,0,0,0,4066,-7394,0.36792452830188677
2022-01-03T00:00:00.000,22:53,40.64437,-73.93061,0,0,0,0,4064,-7393,0.3333333333333333
2022-01-02T00:00:00.000,17:48,40.716434,-73.88845,0,0,0,0,4071,-7388,0.10344827586206896
2022-01-03T00:00:00.000,7:30,40.60567,-74.030945,0,0,0,0,4060,-7403,0.3
2021-12-15T00:00:00.000,10:40,40.851566,-73.89589,0,0,0,0,4085,-7389,0.3353658536585366
2022-01-03T00:00:00.000,21:35,40.891838,-73.86275,0,0,0,0,4089,-7386,0.28205128205128205
2022-01-02T00:00:00.000,14:50,40.681137,-73.95567,1,0,1,1,4068,-7395,0.38571428571428573
2022-01-03T00:00:00.000,17:44,40.594223,-73.96089,0,0,0,0,4059,-7396,0.38596491228070173
2022-01-02T00:00:00.000,15:21,40.843212,-73.83894,1,0,1,1,4084,-7383,0.4318181818181818
2021-12-04T00:00:00.000,8:00,40.849728,-73.94079,0,0,0,0,4084,-7394,0.17543859649122806
2022-01-03T00:00:00.000,19:43,40.655655,-73.87344,0,0,0,0,4065,-7387,0.2857142857142857
2022-01-03T00:00:00.000,7:05,40.79024,-73.97315,0,0,0,0,4079,-7397,0.24210526315789474
2022-01-03T00:00:00.000,9:30,40.69168,-73.999344,0,0,0,0,4069,-7399,0.29473684210526313
2022-01-03T00:00:00.000,18:14,40.66584,-73.75551,2,0,1,1,4066,-7375,0.3
2022-01-03T00:00:00.000,13:00,40.635403,-73.95718,2,0,1,1,4063,-7395,0.48484848484848486
2022-01-03T00:00:00.000,20:20,40.66691,-73.822014,0,0,0,0,4066,-7382,0.43103448275862066
2022-01-03T00:00:00.000,17:03,40.73011,-73.86509,1,0,1,1,4073,-7386,0.3464566929133858
2021-12-28T00:00:00.000,9:47,40.611702,-73.97046,1,0,1,1,4061,-7397,0.421875
2022-01-03T00:00:00.000,18:25,40.784245,-73.9471,0,0,0,0,4078,-7394,0.33513513513513515
2022-01-03T00:00:00.000,15:00,40.613186,-73.9749,1,0,1,1,4061,-7397,0.421875
2022-01-03T00:00:00.000,0:15,40.634045,-73.88934,0,0,0,0,4063,-7388,0.3835616438356164
2022-01-03T00:00:00.000,17:00,40.8262,-73.85286,0,0,0,0,4082,-7385,0.27
2022-01-01T00:00:00.000,19:00,40.639984,-73.94842,1,0,1,1,4063,-7394,0.358974358974359
2022-01-03T00:00:00.000,14:14,40.67226,-73.87557,0,0,0,0,4067,-7387,0.30344827586206896
2022-01-01T00:00:00.000,5:50,40.827103,-73.94996,1,0,1,1,4082,-7394,0.3812154696132597
2022-01-03T00:00:00.000,6:30,40.764343,-73.88319,0,0,0,0,4076,-7388,0.43283582089552236
2021-12-15T00:00:00.000,17:00,40.65463,-73.92201,0,0,0,0,4065,-7392,0.35555555555555557
2022-01-03T00:00:00.000,17:00,40.60557,-73.91465,0,0,0,0,4060,-7391,0.25
2022-01-03T00:00:00.000,14:00,40.655106,-73.95548,2,0,1,1,4065,-7395,0.38686131386861317
2022-01-03T00:00:00.000,11:10,40.847576,-73.90633,0,0,0,0,4084,-7390,0.366120218579235
2022-01-02T00:00:00.000,20:55,40.71599,-73.87209,1,0,1,1,4071,-7387,0.5652173913043478
2022-01-01T00:00:00.000,12:20,40.835808,-73.949455,0,0,0,0,4083,-7394,0.38926174496644295
2022-01-03T00:00:00.000,8:10,40.635185,-73.92862,0,0,0,0,4063,-7392,0.4036697247706422
2022-01-03T00:00:00.000,15:00,40.75592,-73.87598,0,0,0,0,4075,-7387,0.33884297520661155
2022-01-03T00:00:00.000,16:27,40.87683,-73.86472,0,0,0,0,4087,-7386,0.3142857142857143
2022-01-03T00:00:00.000,10:45,40.756287,-73.860725,0,0,0,0,4075,-7386,0.33653846153846156
2021-12-31T00:00:00.000,3:00,40.6951,-73.949165,0,0,0,0,4069,-7394,0.417910447761194
2022-01-03T00:00:00.000,13:00,40.73635,-73.993385,0,0,0,0,4073,-7399,0.423728813559322
2022-01-03T00:00:00.000,13:00,40.66297,-73.94097,0,0,0,0,4066,-7394,0.36792452830188677
2021-12-28T00:00:00.000,2:06,40.83301,-73.95027,0,0,0,0,4083,-7395,0.4
2022-01-03T00:00:00.000,15:17,40.637962,-74.01058,0,0,0,0,4063,-7401,0.37777777777777777
2022-01-01T00:00:00.000,5:21,40.61999,-73.98392,0,0,0,0,4061,-7398,0.3698630136986301
2021-01-04T00:00:00.000,6:45,40.66522,-73.94746,0,0,0,0,4066,-7394,0.36792452830188677
2022-01-03T00:00:00.000,11:00,40.697315,-73.932274,0,0,0,0,4069,-7393,0.3141025641025641
2022-01-03T00:00:00.000,18:50,40.63469,-74.1062,0,0,0,0,4063,-7410,0.4117647058823529
2022-01-01T00:00:00.000,1:50,40.833668,-73.94006,0,0,0,0,4083,-7394,0.38926174496644295
2021-12-31T00:00:00.000,12:00,40.75199,-73.895164,0,0,0,0,4075,-7389,0.4805194805194805
2022-01-03T00:00:00.000,23:55,40.772156,-73.94541,1,0,1,1,4077,-7394,0.28
2021-12-30T00:00:00.000,2:13,40.847427,-73.931404,1,0,1,1,4084,-7393,0.32786885245901637
2022-01-03T00:00:00.000,23:49,40.61372,-73.952126,0,0,0,0,4061,-7395,0.4461538461538462
2022-01-02T00:00:00.000,22:30,40.66871,-73.91731,0,0,0,0,4066,-7391,0.3630952380952381
2022-01-03T00:00:00.000,18:25,40.586536,-73.946434,1,0,1,1,4058,-7394,0.40816326530612246
2022-01-03T00:00:00.000,6:26,40.825935,-73.83637,0,0,0,0,4082,-7383,0.34210526315789475
2022-01-01T00:00:00.000,21:30,40.624893,-73.984406,0,0,0,0,4062,-7398,0.38
2022-01-03T00:00:00.000,4:35,40.85108,-73.8948,0,0,0,0,4085,-7389,0.3353658536585366
2021-12-31T00:00:00.000,20:30,40.707664,-73.78772,1,0,1,1,4070,-7378,0.34523809523809523
2022-01-03T00:00:00.000,18:22,40.705772,-73.89997,1,0,1,1,4070,-7389,0.2711864406779661
2022-04-03T00:00:00.000,3:57,40.73367,-73.85766,1,0,1,1,4073,-7385,0.3619047619047619
2021-01-05T00:00:00.000,6:20,40.873283,-73.870384,0,0,0,0,4087,-7387,0.297029702970297
2022-01-03T00:00:00.000,13:00,40.746685,-73.856316,0,0,0,0,4074,-7385,0.35526315789473684
2022-01-03T00:00:00.000,18:00,40.6217,-73.904564,1,0,1,1,4062,-7390,0.3888888888888889
2022-01-03T00:00:00.000,13:31,40.642384,-73.98042,0,0,0,0,4064,-7398,0.40425531914893614
2022-01-01T00:00:00.000,17:04,40.712883,-73.79715,0,0,0,0,4071,-7379,0.3888888888888889
2021-11-30T00:00:00.000,7:15,40.8232,-73.94515,0,0,0,0,4082,-7394,0.3812154696132597
2022-01-02T00:00:00.000,16:30,40.55554,-74.17562,0,0,0,0,4055,-7417,0.25
2022-01-03T00:00:00.000,7:40,40.69832,-73.962265,0,0,0,0,4069,-7396,0.325
2021-12-28T00:00:00.000,15:00,40.863163,-73.91988,0,0,0,0,4086,-7391,0.38016528925619836
2021-12-31T00:00:00.000,20:00,40.760242,-73.82144,0,0,0,0,4076,-7382,0.2987012987012987
2022-01-02T00:00:00.000,0:00,40.862392,-73.91802,0,0,0,0,4086,-7391,0.38016528925619836
2022-01-03T00:00:00.000,1:30,40.622414,-73.896484,1,0,1,1,4062,-7389,0.3333333333333333
2021-12-30T00:00:00.000,18:30,40.62717,-73.98214,1,0,1,1,4062,-7398,0.38
2022-01-03T00:00:00.000,0:30,40.69168,-73.999344,0,0,0,0,4069,-7399,0.29473684210526313
2021-12-24T00:00:00.000,14:35,40.682304,-73.92596,0,0,0,0,4068,-7392,0.2542372881355932
2021-12-14T00:00:00.000,15:50,40.652096,-73.90857,0,0,0,0,4065,-7390,0.375
2022-01-01T00:00:00.000,1:28,40.858707,-73.9037,2,0,1,1,4085,-7390,0.42207792207792205
2021-12-20T00:00:00.000,16:00,40.699406,-73.95338,0,0,0,0,4069,-7395,0.30952380952380953
2022-01-03T00:00:00.000,9:30,40.609566,-73.759415,0,0,0,0,4060,-7375,0.17117117117117117
2022-01-03T00:00:00.000,9:50,40.811195,-73.90882,0,0,0,0,4081,-7390,0.3888888888888889
2022-01-02T00:00:00.000,12:00,40.863773,-73.87039,0,0,0,0,4086,-7387,0.34545454545454546
2021-12-30T00:00:00.000,9:03,40.830265,-73.95131,0,0,0,0,4083,-7395,0.4
2022-01-03T00:00:00.000,5:22,40.73706,-73.85266,0,0,0,0,4073,-7385,0.3619047619047619
2022-01-01T00:00:00.000,15:15,40.881996,-73.89618,0,0,0,0,4088,-7389,0.4626865671641791
2022-01-03T00:00:00.000,19:04,40.674786,-73.8762,0,0,0,0,4067,-7387,0.30344827586206896
2022-01-03T00:00:00.000,20:00,40.660767,-73.757416,3,0,1,1,4066,-7375,0.3
2022-01-03T00:00:00.000,11:06,40.73931,-73.91947,0,0,0,0,4073,-7391,0.33962264150943394
2022-01-03T00:00:00.000,1:15,40.61023,-74.10529,0,0,0,0,4061,-7410,0.6363636363636364
2022-01-03T00:00:00.000,7:27,40.871002,-73.893845,1,0,1,1,4087,-7389,0.3333333333333333
2022-01-03T00:00:00.000,9:30,40.780144,-73.84876,0,0,0,0,4078,-7384,0.23809523809523808
2022-01-03T00:00:00.000,20:18,40.715263,-73.976326,2,0,1,1,4071,-7397,0.41509433962264153
2022-01-03T00:00:00.000,10:00,40.82066,-73.84213,0,0,0,0,4082,-7384,0.3835616438356164
2021-12-26T00:00:00.000,19:00,40.819424,-73.955574,0,0,0,0,4081,-7395,0.3509933774834437
2022-01-03T00:00:00.000,5:45,40.747902,-73.8242,0,0,0,0,4074,-7382,0.4057971014492754
2022-01-03T00:00:00.000,18:08,40.63552,-74.0167,1,0,1,1,4063,-7401,0.37777777777777777
2022-01-03T00:00:00.000,9:00,40.8149,-73.9075,0,0,0,0,4081,-7390,0.3888888888888889
2021-12-24T00:00:00.000,14:30,40.821926,-73.95376,1,0,1,1,4082,-7395,0.4117647058823529
2022-01-03T00:00:00.000,20:07,40.74427,-73.87137,0,0,0,0,4074,-7387,0.25663716814159293
2021-12-31T00:00:00.000,17:00,40.700123,-73.90622,1,0,1,1,4070,-7390,0.37894736842105264
2021-12-31T00:00:00.000,15:04,40.657383,-73.911514,2,0,1,1,4065,-7391,0.425
2022-01-03T00:00:00.000,14:20,40.84468,-73.88968,0,0,0,0,4084,-7388,0.390625
2022-01-03T00:00:00.000,16:30,40.697124,-73.91106,0,0,0,0,4069,-7391,0.2709677419354839
2022-01-01T00:00:00.000,16:05,40.69819,-73.96191,0,0,0,0,4069,-7396,0.325
2022-01-03T00:00:00.000,14:25,40.578938,-73.98522,0,0,0,0,4057,-7398,0.36904761904761907
2022-01-03T00:00:00.000,5:27,40.683105,-73.798134,0,0,0,0,4068,-7379,0.35
2022-01-03T00:00:00.000,14:00,40.87561,-73.84773,0,0,0,0,4087,-7384,0.47297297297297297
2022-01-03T00:00:00.000,13:12,40.68728,-73.97979,1,0,1,1,4068,-7397,0.3412322274881517
2022-01-03T00:00:00.000,21:00,40.626392,-74.130356,0,0,0,0,4062,-7413,0.4074074074074074
2021-12-30T00:00:00.000,18:35,40.83569,-73.93739,1,0,1,1,4083,-7393,0.3333333333333333
2022-01-03T00:00:00.000,9:30,40.684868,-73.97317,0,0,0,0,4068,-7397,0.3412322274881517
2022-01-03T00:00:00.000,17:00,40.607243,-73.98726,0,0,0,0,4060,-7398,0.2711864406779661
2022-01-03T00:00:00.000,9:20,40.63385,-73.94097,0,0,0,0,4063,-7394,0.358974358974359
2022-01-03T00:00:00.000,12:40,40.746555,-73.82621,0,0,0,0,4074,-7382,0.4057971014492754
2022-01-03T00:00:00.000,6:33,40.666355,-73.80163,2,0,1,1,4066,-7380,0.40789473684210525
2022-01-03T00:00:00.000,18:14,40.60913,-73.95741,0,0,0,0,4060,-7395,0.4791666666666667
2022-01-03T00:00:00.000,20:10,40.711994,-74.00811,0,0,0,0,4071,-7400,0.25517241379310346
2022-01-03T00:00:00.000,18:06,40.86997,-73.83587,0,0,0,0,4086,-7383,0.3448275862068966
2022-01-02T00:00:00.000,20:24,40.635715,-73.97661,1,0,1,1,4063,-7397,0.36893203883495146
2021-12-16T00:00:00.000,16:45,40.68039,-73.94956,0,0,0,0,4068,-7394,0.4409448818897638
2022-01-03T00:00:00.000,18:08,40.763103,-73.98613,0,0,0,0,4076,-7398,0.3081761006289308
2021-12-24T00:00:00.000,18:19,40.85901,-73.927635,0,0,0,0,4085,-7392,0.22
2021-12-31T00:00:00.000,19:35,40.873672,-73.90176,2,0,1,1,4087,-7390,0.3184713375796178
2022-01-03T00:00:00.000,14:00,40.687416,-73.972694,1,0,1,1,4068,-7397,0.3412322274881517
2022-01-03T00:00:00.000,4:36,40.65067,-73.95248,2,0,1,1,4065,-7395,0.38686131386861317
2021-12-28T00:00:00.000,16:48,40.865536,-73.92728,0,0,0,0,4086,-7392,0.359375
2022-01-03T00:00:00.000,16:05,40.65545,-73.863335,0,0,0,0,4065,-7386,0.36619718309859156
2022-02-17T00:00:00.000,16:50,0.0,0.0,0,1,2,1,0,0,0.40425531914893614
2022-01-03T00:00:00.000,0:45,40.649094,-74.01694,0,0,0,0,4064,-7401,0.4295774647887324
2022-01-01T00:00:00.000,17:13,40.839176,-73.94114,0,0,0,0,4083,-7394,0.38926174496644295
2022-01-03T00:00:00.000,11:00,40.665134,-73.78155,0,0,0,0,4066,-7378,0.34615384615384615
2022-01-03T00:00:00.000,22:15,40.64361,-73.94285,3,0,1,1,4064,-7394,0.42342342342342343
2022-01-03T00:00:00.000,10:55,40.67678,-73.98348,1,0,1,1,4067,-7398,0.3655913978494624
2022-01-03T00:00:00.000,13:01,40.626114,-73.97886,0,0,0,0,4062,-7397,0.38666666666666666
2022-01-02T00:00:00.000,23:55,40.63223,-73.99504,1,0,1,1,4063,-7399,0.47692307692307695
2021-10-08T00:00:00.000,19:34,40.6919944,-73.7611009,1,0,1,1,4069,-7376,0.3392857142857143
2021-10-02T00:00:00.000,22:55,40.6213645,-74.0219785,0,0,0,0,4062,-7402,0.3625
2021-10-11T00:00:00.000,16:15,40.844644,-73.9057681,0,0,0,0,4084,-7390,0.366120218579235
2021-10-10T00:00:00.000,5:20,40.8283988,-73.9452966,0,0,0,0,4082,-7394,0.3812154696132597
2021-10-05T00:00:00.000,15:05,40.6667077,-73.8718221,1,0,1,1,4066,-7387,0.38461538461538464
2021-09-14T00:00:00.000,16:00,40.6805489,-73.9732592,0,0,0,0,4068,-7397,0.3412322274881517
2021-10-12T00:00:00.000,14:20,40.7431681,-73.9427049,0,0,0,0,4074,-7394,0.33962264150943394
2021-12-11T00:00:00.000,16:20,40.599052,-74.08223,1,0,1,1,4059,-7408,0.36363636363636365
2021-12-08T00:00:00.000,20:10,40.601948,-73.99382,0,0,0,0,4060,-7399,0.31683168316831684
2021-12-11T00:00:00.000,4:30,40.86159,-73.92475,0,0,0,0,4086,-7392,0.359375
2021-12-11T00:00:00.000,19:50,40.683037,-73.96478,0,0,0,0,4068,-7396,0.42567567567567566
2021-12-11T00:00:00.000,10:00,40.619194,-73.9795,3,0,1,1,4061,-7397,0.421875
2021-12-09T00:00:00.000,9:00,40.674397,-73.896515,0,0,0,0,4067,-7389,0.33852140077821014
2021-12-11T00:00:00.000,11:50,40.825573,-73.94121,1,0,1,1,4082,-7394,0.3812154696132597
2021-12-11T00:00:00.000,1:00,40.76132,-73.9171,0,0,0,0,4076,-7391,0.40476190476190477
2021-12-11T00:00:00.000,8:30,40.840836,-73.87258,0,0,0,0,4084,-7387,0.48333333333333334
2021-12-11T00:00:00.000,4:00,40.84797,-73.924774,0,0,0,0,4084,-7392,0.3181818181818182
2021-12-11T00:00:00.000,4:45,40.700726,-73.94194,0,0,0,0,4070,-7394,0.3956043956043956
2021-12-11T00:00:00.000,22:00,40.678417,-73.729225,4,0,1,1,4067,-7372,0.3888888888888889
2022-01-03T00:00:00.000,1:47,40.725777,-73.98661,0,0,0,0,4072,-7398,0.4342105263157895
2022-01-03T00:00:00.000,20:43,40.745438,-73.923,0,0,0,0,4074,-7392,0.3709677419354839
2022-01-03T00:00:00.000,23:47,40.592484,-73.99494,0,0,0,0,4059,-7399,0.3076923076923077
2022-01-03T00:00:00.000,19:31,40.745712,-73.972206,0,0,0,0,4074,-7397,0.4810810810810811
2022-01-03T00:00:00.000,4:10,40.74508,-73.86438,1,0,1,1,4074,-7386,0.3813559322033898
2022-01-03T00:00:00.000,19:46,40.578026,-73.95413,0,0,0,0,4057,-7395,0.47368421052631576
2022-01-03T00:00:00.000,14:49,40.682316,-73.977135,0,0,0,0,4068,-7397,0.3412322274881517
2022-01-03T00:00:00.000,7:35,40.67189,-73.895874,0,0,0,0,4067,-7389,0.33852140077821014
2021-12-29T00:00:00.000,19:40,40.65257,-73.95132,0,0,0,0,4065,-7395,0.38686131386861317
2022-01-03T00:00:00.000,4:50,40.748913,-73.9374,0,0,0,0,4074,-7393,0.3333333333333333
2022-01-03T00:00:00.000,21:35,40.69157,-73.99921,0,0,0,0,4069,-7399,0.29473684210526313
2021-12-26T00:00:00.000,0:15,40.702484,-73.85981,0,0,0,0,4070,-7385,0.39436619718309857
2022-01-03T00:00:00.000,10:42,40.750977,-73.934746,1,0,1,1,4075,-7393,0.43478260869565216
2022-01-03T00:00:00.000,21:50,40.72775,-73.97619,0,0,0,0,4072,-7397,0.3283582089552239
2022-01-03T00:00:00.000,8:00,40.738403,-73.93864,0,0,0,0,4073,-7393,0.38461538461538464
2022-01-03T00:00:00.000,23:54,40.668797,-73.93113,4,0,1,1,4066,-7393,0.38578680203045684
2022-01-03T00:00:00.000,20:30,40.710583,-73.78356,1,0,1,1,4071,-7378,0.32653061224489793
2022-01-03T00:00:00.000,19:30,40.759163,-73.988396,0,0,0,0,4075,-7398,0.3170731707317073
2021-12-29T00:00:00.000,15:00,40.855366,-73.940254,0,0,0,0,4085,-7394,0.2727272727272727
2022-01-02T00:00:00.000,3:29,40.66112,-74.00061,0,0,0,0,4066,-7400,0.14285714285714285
2021-12-18T00:00:00.000,18:30,40.673107,-73.99959,4,0,1,1,4067,-7399,0.3258426966292135
2022-01-03T00:00:00.000,17:00,40.84504,-73.853584,0,0,0,0,4084,-7385,0.32727272727272727
2022-02-20T00:00:00.000,2:00,40.630608,-73.97202,0,0,0,0,4063,-7397,0.36893203883495146
2022-02-14T00:00:00.000,20:54,40.779366,-73.95527,0,0,0,0,4077,-7395,0.3384615384615385
2022-02-20T00:00:00.000,11:38,40.74457,-73.858986,0,0,0,0,4074,-7385,0.35526315789473684
2022-02-20T00:00:00.000,16:30,40.698574,-73.82523,0,0,0,0,4069,-7382,0.37209302325581395
2022-04-03T00:00:00.000,0:00,40.689648,-73.9184,0,0,0,0,4068,-7391,0.344
2022-04-01T00:00:00.000,15:00,40.66015,-73.85333,0,0,0,0,4066,-7385,0.3333333333333333
2022-04-03T00:00:00.000,1:30,40.836403,-73.875595,0,0,0,0,4083,-7387,0.38414634146341464
2022-04-03T00:00:00.000,14:06,40.679047,-73.95857,0,0,0,0,4067,-7395,0.3695652173913043
2022-03-31T00:00:00.000,12:45,40.718704,-73.98526,1,0,1,1,4071,-7398,0.39568345323741005
2022-04-03T00:00:00.000,0:29,40.67942,-73.96823,1,0,1,1,4067,-7396,0.3466666666666667
2022-04-03T00:00:00.000,5:20,40.69579,-73.93313,0,0,0,0,4069,-7393,0.3141025641025641
2022-04-03T00:00:00.000,18:30,40.744526,-73.77161,0,0,0,0,4074,-7377,0.36363636363636365
2022-03-31T00:00:00.000,1:30,40.585056,-73.928894,1,0,1,1,4058,-7392,0.375
2022-03-31T00:00:00.000,11:50,40.630577,-73.88591,2,0,1,1,4063,-7388,0.3835616438356164
2022-04-03T00:00:00.000,20:52,40.862778,-73.906166,0,0,0,0,4086,-7390,0.42748091603053434
2022-04-01T00:00:00.000,7:40,40.813564,-73.951324,0,0,0,0,4081,-7395,0.3509933774834437
2022-03-30T00:00:00.000,10:56,40.778606,-73.98163,0,0,0,0,4077,-7398,0.38028169014084506
2022-04-03T00:00:00.000,9:53,40.73885,-73.810356,0,0,0,0,4073,-7381,0.3181818181818182
2022-04-03T00:00:00.000,0:00,40.670666,-73.80103,0,0,0,0,4067,-7380,0.24615384615384617
2022-04-03T00:00:00.000,2:45,40.650078,-73.94757,0,0,0,0,4065,-7394,0.43137254901960786
2022-04-03T00:00:00.000,14:00,40.7418,-73.72815,1,0,1,1,4074,-7372,0.375
2022-04-01T00:00:00.000,4:50,40.516335,-74.23283,2,0,1,1,4051,-7423,0.0625
2022-04-03T00:00:00.000,13:26,40.888454,-73.84197,0,0,0,0,4088,-7384,0.4153846153846154
2022-04-03T00:00:00.000,16:40,40.61223,-73.9304,0,0,0,0,4061,-7393,0.34285714285714286
2022-03-20T00:00:00.000,1:44,40.75424,-73.897934,0,0,0,0,4075,-7389,0.4805194805194805
2022-04-03T00:00:00.000,9:04,40.76635,-73.95103,1,0,1,1,4076,-7395,0.3696969696969697
2022-04-02T00:00:00.000,18:30,40.68251,-73.976326,0,0,0,0,4068,-7397,0.3412322274881517
2022-04-01T00:00:00.000,14:40,40.84854,-73.85526,1,0,1,1,4084,-7385,0.32727272727272727
2021-10-12T00:00:00.000,10:30,40.6583141,-74.0035249,0,0,0,0,4065,-7400,0.41509433962264153
2022-04-03T00:00:00.000,4:05,40.73831,-73.98775,0,0,0,0,4073,-7398,0.36942675159235666
2022-04-02T00:00:00.000,8:30,40.63512,-74.15312,0,0,0,0,4063,-7415,0.3333333333333333
2022-03-27T00:00:00.000,3:08,40.836617,-73.87377,0,0,0,0,4083,-7387,0.38414634146341464
2022-04-03T00:00:00.000,1:15,40.713974,-73.953094,2,0,1,1,4071,-7395,0.36585365853658536
2022-04-01T00:00:00.000,14:55,40.831177,-73.942085,1,0,1,1,4083,-7394,0.38926174496644295
2022-04-03T00:00:00.000,21:32,40.698677,-73.95886,2,0,1,1,4069,-7395,0.30952380952380953
2022-04-03T00:00:00.000,3:10,40.73611,-73.85639,0,0,0,0,4073,-7385,0.3619047619047619
2022-04-03T00:00:00.000,22:35,40.751545,-73.87085,1,0,1,1,4075,-7387,0.33884297520661155
2022-04-03T00:00:00.000,22:03,40.740017,-73.84565,2,0,1,1,4074,-7384,0.42857142857142855
2022-04-03T00:00:00.000,17:40,40.670734,-73.93373,0,0,0,0,4067,-7393,0.3755868544600939
2022-04-03T00:00:00.000,3:47,40.636333,-73.99883,0,0,0,0,4063,-7399,0.47692307692307695
2022-03-25T00:00:00.000,15:54,40.771927,-73.95774,0,0,0,0,4077,-7395,0.3384615384615385
2022-04-01T00:00:00.000,14:25,40.642586,-73.94193,0,0,0,0,4064,-7394,0.42342342342342343
2022-03-28T00:00:00.000,18:40,40.635876,-74.16751,0,0,0,0,4063,-7416,0.3333333333333333
2022-04-03T00:00:00.000,15:05,40.68875,-73.974915,0,0,0,0,4068,-7397,0.3412322274881517
2022-04-03T00:00:00.000,23:20,40.645767,-73.98529,0,0,0,0,4064,-7398,0.40425531914893614
2022-04-03T00:00:00.000,18:15,40.733738,-73.95485,1,0,1,1,4073,-7395,0.30434782608695654
2022-03-30T00:00:00.000,23:20,40.84414,-73.900536,0,0,0,0,4084,-7390,0.366120218579235
2022-04-03T00:00:00.000,5:15,40.681004,-73.81257,1,0,1,1,4068,-7381,0.4117647058823529
2022-04-03T00:00:00.000,17:34,40.693382,-73.83039,1,0,1,1,4069,-7383,0.35555555555555557
2022-04-03T00:00:00.000,23:59,40.60981,-73.92251,0,0,0,0,4060,-7392,0.3333333333333333
2022-04-03T00:00:00.000,14:40,40.67553,-73.96319,2,0,1,1,4067,-7396,0.3466666666666667
2022-04-01T00:00:00.000,14:40,40.68342,-73.97545,0,0,0,0,4068,-7397,0.3412322274881517
2022-04-03T00:00:00.000,19:00,40.850067,-73.9449,0,0,0,0,4085,-7394,0.2727272727272727
2022-04-02T00:00:00.000,4:15,40.738495,-73.90274,1,0,1,1,4073,-7390,0.42424242424242425
2022-04-03T00:00:00.000,18:26,40.66638,-73.86109,1,0,1,1,4066,-7386,0.35
2022-04-03T00:00:00.000,0:21,40.695114,-73.93194,1,0,1,1,4069,-7393,0.3141025641025641
2022-03-28T00:00:00.000,12:35,40.695496,-73.78394,1,0,1,1,4069,-7378,0.29310344827586204
2022-03-31T00:00:00.000,7:14,40.62962,-74.07667,1,0,1,1,4062,-7407,0.35714285714285715
2022-04-03T00:00:00.000,2:55,40.68559,-73.87207,0,0,0,0,4068,-7387,0.24719101123595505
2022-04-02T00:00:00.000,22:25,40.651047,-73.86689,0,0,0,0,4065,-7386,0.36619718309859156
2022-03-23T00:00:00.000,7:30,40.607605,-74.16246,0,0,0,0,4060,-7416,0.42857142857142855
2022-04-03T00:00:00.000,0:16,40.752197,-73.981834,1,0,1,1,4075,-7398,0.3170731707317073
2022-03-31T00:00:00.000,16:12,40.708927,-73.77733,0,0,0,0,4070,-7377,0.2413793103448276
2022-04-03T00:00:00.000,17:30,40.62617,-73.94193,0,0,0,0,4062,-7394,0.41379310344827586
2022-04-03T00:00:00.000,17:30,40.702408,-73.94751,0,0,0,0,4070,-7394,0.3956043956043956
2022-04-02T00:00:00.000,18:05,40.706406,-74.00456,1,0,1,1,4070,-7400,0.2542372881355932
2022-04-03T00:00:00.000,10:55,40.554287,-74.132805,0,0,0,0,4055,-7413,0.2777777777777778
2022-04-03T00:00:00.000,13:33,40.88261,-73.89257,0,0,0,0,4088,-7389,0.4626865671641791
2022-04-01T00:00:00.000,19:20,40.582233,-74.16907,0,0,0,0,4058,-7416,0.3
2022-04-03T00:00:00.000,18:42,40.81626,-73.91421,3,0,1,1,4081,-7391,0.47244094488188976
2022-04-03T00:00:00.000,21:40,40.871014,-73.84423,1,0,1,1,4087,-7384,0.47297297297297297
2022-04-03T00:00:00.000,17:00,40.74803,-73.83315,0,0,0,0,4074,-7383,0.4067796610169492
2022-04-03T00:00:00.000,9:51,40.683697,-73.97099,0,0,0,0,4068,-7397,0.3412322274881517
2022-03-27T00:00:00.000,8:20,40.6517,-73.97698,1,0,1,1,4065,-7397,0.4074074074074074
2022-04-03T00:00:00.000,12:30,40.75632,-73.999275,0,0,0,0,4075,-7399,0.2830188679245283
2022-04-03T00:00:00.000,17:03,40.814144,-73.95571,3,0,1,1,4081,-7395,0.3509933774834437
2022-04-03T00:00:00.000,8:30,40.575924,-73.99114,0,0,0,0,4057,-7399,0.32558139534883723
2022-04-03T00:00:00.000,20:15,40.698406,-73.80647,1,0,1,1,4069,-7380,0.38461538461538464
2021-10-12T00:00:00.000,19:30,40.7431388,-73.8297229,0,0,0,0,4074,-7382,0.4057971014492754
2022-03-28T00:00:00.000,7:00,40.766434,-73.921776,0,0,0,0,4076,-7392,0.42105263157894735
2022-03-30T00:00:00.000,7:30,40.534325,-74.193016,2,0,1,1,4053,-7419,0.2857142857142857
2022-04-03T00:00:00.000,14:30,40.69973,-73.9402,0,0,0,0,4069,-7394,0.417910447761194
2022-04-03T00:00:00.000,9:55,40.73483,-73.802055,0,0,0,0,4073,-7380,0.34285714285714286
2022-04-01T00:00:00.000,14:36,40.68342,-73.97545,0,0,0,0,4068,-7397,0.3412322274881517
2022-04-03T00:00:00.000,6:00,40.828358,-73.888016,0,0,0,0,4082,-7388,0.27624309392265195
2022-03-29T00:00:00.000,0:11,40.671383,-73.97454,4,0,1,1,4067,-7397,0.2818181818181818
2022-03-10T00:00:00.000,12:19,40.80934,-73.91248,4,0,1,1,4080,-7391,0.38961038961038963
2022-04-03T00:00:00.000,8:46,40.599335,-73.99412,0,0,0,0,4059,-7399,0.3076923076923077
2022-04-03T00:00:00.000,12:50,40.605133,-73.94216,0,0,0,0,4060,-7394,0.5217391304347826
2022-04-03T00:00:00.000,1:00,40.77861,-73.836365,0,0,0,0,4077,-7383,0.25
2021-10-12T00:00:00.000,13:25,40.758327,-73.96894,0,0,0,0,4075,-7396,0.4788732394366197
2022-04-03T00:00:00.000,7:10,40.667233,-73.95158,0,0,0,0,4066,-7395,0.44375
2022-04-03T00:00:00.000,9:12,40.753525,-73.994545,0,0,0,0,4075,-7399,0.2830188679245283
2022-04-03T00:00:00.000,21:42,40.79653,-73.97597,0,0,0,0,4079,-7397,0.24210526315789474
2022-03-31T00:00:00.000,13:00,40.719933,-73.97876,0,0,0,0,4071,-7397,0.41509433962264153
2022-04-02T00:00:00.000,5:30,40.88773,-73.82843,0,0,0,0,4088,-7382,0.2765957446808511
2022-04-03T00:00:00.000,3:03,40.695854,-73.82095,0,0,0,0,4069,-7382,0.37209302325581395
2022-04-03T00:00:00.000,15:24,40.75693,-73.77902,0,0,0,0,4075,-7377,0.24
2022-04-03T00:00:00.000,1:42,40.652626,-74.00617,0,0,0,0,4065,-7400,0.41509433962264153
2022-04-03T00:00:00.000,14:00,40.649887,-73.961815,0,0,0,0,4064,-7396,0.4714285714285714
2022-04-03T00:00:00.000,14:00,40.590294,-73.952866,0,0,0,0,4059,-7395,0.3181818181818182
2022-04-03T00:00:00.000,14:20,40.72857,-73.85809,1,0,1,1,4072,-7385,0.4418604651162791
2022-03-30T00:00:00.000,11:35,40.59131,-74.16122,2,0,1,1,4059,-7416,0.29411764705882354
2022-04-03T00:00:00.000,21:19,40.804585,-73.91213,0,0,0,0,4080,-7391,0.38961038961038963
2022-03-16T00:00:00.000,8:02,40.630516,-74.076645,0,0,0,0,4063,-7407,0.4444444444444444
2022-04-03T00:00:00.000,10:28,40.827057,-73.95202,1,0,1,1,4082,-7395,0.4117647058823529
2022-03-26T00:00:00.000,21:20,40.64129,-74.08978,1,0,1,1,4064,-7408,0.2894736842105263
2022-04-03T00:00:00.000,14:20,40.665363,-73.73102,1,0,1,1,4066,-7373,0.44339622641509435
2022-03-28T00:00:00.000,10:00,40.778095,-73.9783,0,0,0,0,4077,-7397,0.38235294117647056
2022-04-01T00:00:00.000,11:17,40.66959,-73.9959,0,0,0,0,4066,-7399,0.40540540540540543
2022-04-03T00:00:00.000,14:35,40.622646,-74.00666,0,0,0,0,4062,-7400,0.3150684931506849
2022-04-03T00:00:00.000,16:15,40.743797,-73.98902,1,0,1,1,4074,-7398,0.40131578947368424
2022-04-03T00:00:00.000,20:50,40.842762,-73.88919,0,0,0,0,4084,-7388,0.390625
2022-04-03T00:00:00.000,2:49,40.809044,-73.92856,3,0,1,1,4080,-7392,0.3141025641025641
2022-04-03T00:00:00.000,1:20,40.718502,-73.73527,0,0,0,0,4071,-7373,0.25
2022-04-03T00:00:00.000,6:03,40.63574,-73.90853,0,0,0,0,4063,-7390,0.3561643835616438
2022-04-03T00:00:00.000,20:14,40.684002,-73.81603,1,0,1,1,4068,-7381,0.4117647058823529
2022-04-03T00:00:00.000,1:53,40.662743,-73.921936,0,0,0,0,4066,-7392,0.355
2022-04-03T00:00:00.000,18:30,40.710316,-73.75247,0,0,0,0,4071,-7375,0.3269230769230769
2022-03-28T00:00:00.000,12:42,40.886223,-73.851234,0,0,0,0,4088,-7385,0.36619718309859156
2022-03-06T00:00:00.000,16:25,40.730415,-74.00252,1,0,1,1,4073,-7400,0.2403846153846154
2022-04-03T00:00:00.000,4:15,40.585957,-73.93233,0,0,0,0,4058,-7393,0.24324324324324326
2022-03-31T00:00:00.000,8:35,40.639866,-73.87788,0,0,0,0,4063,-7387,0.375
2022-04-03T00:00:00.000,20:45,40.57944,-73.979614,1,0,1,1,4057,-7397,0.2619047619047619
2022-03-24T00:00:00.000,17:50,40.671474,-73.93088,1,0,1,1,4067,-7393,0.3755868544600939
2022-04-03T00:00:00.000,3:50,40.75684,-73.74961,1,0,1,1,4075,-7374,0.3333333333333333
2022-04-03T00:00:00.000,14:40,40.64953,-73.91633,0,0,0,0,4064,-7391,0.39805825242718446
2020-06-19T00:00:00.000,17:21,40.62183,-73.98693,0,0,0,0,4062,-7398,0.38
2022-04-03T00:00:00.000,17:04,40.720856,-74.00288,1,0,1,1,4072,-7400,0.32926829268292684
2022-04-03T00:00:00.000,16:00,40.870014,-73.832436,0,0,0,0,4087,-7383,0.3333333333333333
2022-04-03T00:00:00.000,5:30,40.833496,-73.858246,0,0,0,0,4083,-7385,0.30158730158730157
2022-04-03T00:00:00.000,7:57,40.70089,-73.89336,0,0,0,0,4070,-7389,0.2711864406779661
2022-04-03T00:00:00.000,1:50,40.666134,-73.99224,2,0,1,1,4066,-7399,0.40540540540540543
2022-03-30T00:00:00.000,23:40,40.68297,-73.97667,0,0,0,0,4068,-7397,0.3412322274881517
2022-03-29T00:00:00.000,13:17,40.675755,-73.97143,1,0,1,1,4067,-7397,0.2818181818181818
2022-04-03T00:00:00.000,0:30,40.677765,-73.90793,0,0,0,0,4067,-7390,0.3282442748091603
2022-03-28T00:00:00.000,15:30,40.749397,-73.88425,0,0,0,0,4074,-7388,0.2978723404255319
2022-03-26T00:00:00.000,9:30,40.607235,-74.069,0,0,0,0,4060,-7406,0.3076923076923077
2022-04-01T00:00:00.000,17:38,40.61959,-73.96792,0,0,0,0,4061,-7396,0.30666666666666664
2022-04-02T00:00:00.000,8:46,40.80801,-73.88961,0,0,0,0,4080,-7388,0.15789473684210525
2022-04-03T00:00:00.000,1:49,40.71793,-74.00099,1,0,1,1,4071,-7400,0.25517241379310346
2022-03-25T00:00:00.000,18:51,40.598392,-73.90629,0,0,0,0,4059,-7390,0.23404255319148937
2022-04-03T00:00:00.000,0:00,40.62488,-73.93434,0,0,0,0,4062,-7393,0.4444444444444444
2022-04-03T00:00:00.000,3:40,40.76542,-73.98383,2,0,1,1,4076,-7398,0.3081761006289308
2022-03-26T00:00:00.000,11:00,40.58369,-73.92157,0,0,0,0,4058,-7392,0.375
2022-04-03T00:00:00.000,13:05,40.725433,-73.951744,1,0,1,1,4072,-7395,0.22093023255813954
2022-04-03T00:00:00.000,12:45,40.726524,-73.99585,0,0,0,0,4072,-7399,0.3829787234042553
2022-03-26T00:00:00.000,16:29,40.706764,-73.85471,1,0,1,1,4070,-7385,0.39436619718309857
2022-04-03T00:00:00.000,2:51,40.71539,-73.933914,1,0,1,1,4071,-7393,0.2711864406779661
2022-03-10T00:00:00.000,0:00,40.559437,-74.12481,0,0,0,0,4055,-7412,0.75
2022-04-03T00:00:00.000,4:57,40.87673,-73.847305,0,0,0,0,4087,-7384,0.47297297297297297
2022-03-21T00:00:00.000,0:00,40.823845,-73.896866,1,0,1,1,4082,-7389,0.37423312883435583
2022-03-29T00:00:00.000,14:30,40.87314,-73.90572,1,0,1,1,4087,-7390,0.3184713375796178
2022-04-03T00:00:00.000,18:15,40.677036,-73.878654,0,0,0,0,4067,-7387,0.30344827586206896
2022-01-04T00:00:00.000,9:03,40.67984,-73.80265,0,0,0,0,4067,-7380,0.24615384615384617
2021-06-11T00:00:00.000,17:10,40.831287,-73.88173,1,0,1,1,4083,-7388,0.26717557251908397
2021-06-10T00:00:00.000,18:24,40.779392,-73.95941,2,0,1,1,4077,-7395,0.3384615384615385
2021-06-11T00:00:00.000,21:26,40.665726,-73.884224,2,0,1,1,4066,-7388,0.37012987012987014
2021-06-18T00:00:00.000,8:59,40.62577,-74.134735,0,0,0,0,4062,-7413,0.4074074074074074
2021-06-18T00:00:00.000,18:22,40.768383,-73.971054,0,0,0,0,4076,-7397,0.37
2022-04-03T00:00:00.000,14:15,40.733376,-73.86665,0,0,0,0,4073,-7386,0.3464566929133858
2022-04-03T00:00:00.000,2:51,40.659336,-73.92726,3,0,1,1,4065,-7392,0.35555555555555557
2022-04-03T00:00:00.000,4:30,40.727013,-73.81079,0,0,0,0,4072,-7381,0.2926829268292683
2022-03-31T00:00:00.000,0:30,40.66642,-73.97534,1,0,1,1,4066,-7397,0.24390243902439024
2022-04-03T00:00:00.000,22:30,40.73934,-73.7857,0,0,0,0,4073,-7378,0.391304347826087
2022-04-03T00:00:00.000,8:30,40.692802,-73.97279,0,0,0,0,4069,-7397,0.3253012048192771
2022-03-29T00:00:00.000,17:30,40.733612,-73.999565,0,0,0,0,4073,-7399,0.423728813559322
2022-03-30T00:00:00.000,14:10,40.697613,-73.93639,0,0,0,0,4069,-7393,0.3141025641025641
2022-04-03T00:00:00.000,9:30,40.670757,-73.84173,0,0,0,0,4067,-7384,0.28888888888888886
2022-04-03T00:00:00.000,12:16,40.881966,-73.90335,0,0,0,0,4088,-7390,0.2702702702702703
2022-04-01T00:00:00.000,19:30,40.625103,-74.14877,1,0,1,1,4062,-7414,0.20408163265306123
2022-03-23T00:00:00.000,17:13,40.824127,-73.8919,1,0,1,1,4082,-7389,0.37423312883435583
2022-04-03T00:00:00.000,16:24,40.806156,-73.9226,0,0,0,0,4080,-7392,0.3141025641025641
2022-04-03T00:00:00.000,5:50,40.9036,-73.85024,0,0,0,0,4090,-7385,0.42105263157894735
2022-03-31T00:00:00.000,11:15,40.52418,-74.2348,0,0,0,0,4052,-7423,0.3333333333333333
2022-04-03T00:00:00.000,20:29,40.859875,-73.89323,1,0,1,1,4085,-7389,0.3353658536585366
2022-03-30T00:00:00.000,10:30,40.698616,-73.77664,0,0,0,0,4069,-7377,0.35135135135135137
2022-03-28T00:00:00.000,2:42,40.650948,-74.00793,0,0,0,0,4065,-7400,0.41509433962264153
2022-04-03T00:00:00.000,2:15,40.754204,-73.83584,0,0,0,0,4075,-7383,0.37681159420289856
2022-09-18T00:00:00.000,16:30,40.688625,-73.93618,0,0,0,0,4068,-7393,0.3619047619047619
2022-09-17T00:00:00.000,19:20,40.802467,-73.958694,1,0,1,1,4080,-7395,0.381294964028777
2021-06-18T00:00:00.000,16:06,40.7712,-73.83345,0,0,0,0,4077,-7383,0.25
2021-06-14T00:00:00.000,19:05,40.677917,-73.93861,0,0,0,0,4067,-7393,0.3755868544600939
2021-06-16T00:00:00.000,17:38,40.620712,-73.98509,0,0,0,0,4062,-7398,0.38
2021-06-18T00:00:00.000,4:02,40.728794,-74.00044,0,0,0,0,4072,-7400,0.32926829268292684
2021-06-18T00:00:00.000,23:03,40.69246,-73.726875,0,0,0,0,4069,-7372,0.40425531914893614
2021-06-18T00:00:00.000,14:35,40.721474,-73.98383,1,0,1,1,4072,-7398,0.4342105263157895
2021-06-18T00:00:00.000,0:16,40.743595,-73.8848,0,0,0,0,4074,-7388,0.2978723404255319
2021-06-16T00:00:00.000,8:10,40.632355,-73.98015,0,0,0,0,4063,-7398,0.4827586206896552
2021-06-17T00:00:00.000,17:17,40.76189,-73.82967,1,0,1,1,4076,-7382,0.2987012987012987
2021-06-16T00:00:00.000,15:00,40.743084,-73.9358,0,0,0,0,4074,-7393,0.3333333333333333
2021-06-17T00:00:00.000,18:48,40.69119,-73.9978,0,0,0,0,4069,-7399,0.29473684210526313
2021-06-15T00:00:00.000,10:07,40.843246,-73.937355,0,0,0,0,4084,-7393,0.32786885245901637
2021-06-10T00:00:00.000,12:45,40.6884,-73.95118,0,0,0,0,4068,-7395,0.38571428571428573
2021-06-17T00:00:00.000,13:40,40.654484,-73.886536,1,0,1,1,4065,-7388,0.41509433962264153
2021-06-18T00:00:00.000,23:05,40.69078,-73.72728,2,0,1,1,4069,-7372,0.40425531914893614
2021-06-18T00:00:00.000,20:30,40.60235,-74.189606,1,0,1,1,4060,-7418,0.4
2021-06-17T00:00:00.000,10:30,40.666946,-73.79712,1,0,1,1,4066,-7379,0.3870967741935484
2021-06-16T00:00:00.000,14:30,40.71359,-73.92966,0,0,0,0,4071,-7392,0.2777777777777778
2021-06-17T00:00:00.000,3:15,40.549046,-74.223305,0,0,0,0,4054,-7422,0.2222222222222222
2021-06-02T00:00:00.000,14:00,40.708435,-73.91386,0,0,0,0,4070,-7391,0.27450980392156865
2021-06-18T00:00:00.000,10:30,40.661358,-73.89276,0,0,0,0,4066,-7389,0.3103448275862069
2021-06-18T00:00:00.000,21:50,40.895226,-73.85494,0,0,0,0,4089,-7385,0.3813559322033898
2021-06-16T00:00:00.000,1:45,40.75426,-73.74334,0,0,0,0,4075,-7374,0.3333333333333333
2021-06-18T00:00:00.000,2:40,40.64213,-73.92936,1,0,1,1,4064,-7392,0.4077669902912621
2021-06-17T00:00:00.000,9:05,40.629078,-74.02876,0,0,0,0,4062,-7402,0.3625
2021-12-08T00:00:00.000,14:30,40.674503,-73.89265,0,0,0,0,4067,-7389,0.33852140077821014
2021-06-16T00:00:00.000,19:05,40.82384,-73.89188,0,0,0,0,4082,-7389,0.37423312883435583
2021-06-18T00:00:00.000,8:45,40.719383,-73.96319,0,0,0,0,4071,-7396,0.3218390804597701
2021-06-16T00:00:00.000,21:43,40.71772,-73.96202,1,0,1,1,4071,-7396,0.3218390804597701
2021-06-14T00:00:00.000,9:00,40.667686,-73.94339,0,0,0,0,4066,-7394,0.36792452830188677
2021-06-04T00:00:00.000,17:00,40.65576,-74.008354,0,0,0,0,4065,-7400,0.41509433962264153
2021-06-16T00:00:00.000,12:00,40.71329,-73.998184,0,0,0,0,4071,-7399,0.3263157894736842
2021-06-16T00:00:00.000,12:13,40.625015,-73.94073,3,0,1,1,4062,-7394,0.41379310344827586
2021-06-14T00:00:00.000,19:25,40.732243,-73.87013,2,0,1,1,4073,-7387,0.3140495867768595
2021-06-16T00:00:00.000,16:10,40.708546,-73.92287,1,0,1,1,4070,-7392,0.24305555555555555
2021-06-17T00:00:00.000,14:35,40.666725,-73.86977,2,0,1,1,4066,-7386,0.35
2021-06-18T00:00:00.000,22:51,40.818558,-73.92732,0,0,0,0,4081,-7392,0.4714285714285714
2021-06-16T00:00:00.000,1:00,40.769318,-73.8666,1,0,1,1,4076,-7386,0.40298507462686567
2021-06-17T00:00:00.000,14:30,40.833393,-73.85939,0,0,0,0,4083,-7385,0.30158730158730157
2021-06-16T00:00:00.000,14:35,40.86908,-73.884125,0,0,0,0,4086,-7388,0.23943661971830985
2021-06-16T00:00:00.000,21:00,40.72857,-73.85809,3,0,1,1,4072,-7385,0.4418604651162791
2021-06-17T00:00:00.000,21:45,40.6026,-74.01491,2,0,1,1,4060,-7401,0.30357142857142855
2021-06-14T00:00:00.000,16:31,40.829197,-73.914444,0,0,0,0,4082,-7391,0.3355263157894737
2021-06-16T00:00:00.000,18:48,40.67472,-73.85839,0,0,0,0,4067,-7385,0.26666666666666666
2021-06-16T00:00:00.000,2:04,40.82092,-73.94333,0,0,0,0,4082,-7394,0.3812154696132597
2021-06-17T00:00:00.000,18:40,40.817513,-73.91712,1,0,1,1,4081,-7391,0.47244094488188976
2021-06-16T00:00:00.000,1:00,40.726376,-73.76624,0,0,0,0,4072,-7376,0.5
2021-06-15T00:00:00.000,23:50,40.690308,-73.99881,0,0,0,0,4069,-7399,0.29473684210526313
2021-06-04T00:00:00.000,13:30,40.698807,-73.91837,0,0,0,0,4069,-7391,0.2709677419354839
2021-06-15T00:00:00.000,6:40,40.552948,-74.168106,1,0,1,1,4055,-7416,0.5416666666666666
2021-06-18T00:00:00.000,15:00,40.642868,-73.917656,1,0,1,1,4064,-7391,0.39805825242718446
2021-06-18T00:00:00.000,5:40,40.675735,-73.89686,2,0,1,1,4067,-7389,0.33852140077821014
2021-06-16T00:00:00.000,2:00,40.86028,-73.89405,0,0,0,0,4086,-7389,0.40606060606060607
2021-06-18T00:00:00.000,13:16,40.697006,-73.72905,0,0,0,0,4069,-7372,0.40425531914893614
2021-06-16T00:00:00.000,6:39,40.85533,-73.93332,1,0,1,1,4085,-7393,0.36585365853658536
2021-06-16T00:00:00.000,0:38,40.848392,-73.937675,1,0,1,1,4084,-7393,0.32786885245901637
2021-06-17T00:00:00.000,23:01,40.706985,-73.95509,0,0,0,0,4070,-7395,0.3475177304964539
2021-06-17T00:00:00.000,22:10,40.602135,-74.114876,1,0,1,1,4060,-7411,0.35714285714285715
2021-06-16T00:00:00.000,9:40,40.878674,-73.880295,0,0,0,0,4087,-7388,0.3561643835616438
2021-06-17T00:00:00.000,11:55,40.690697,-73.75473,6,0,1,1,4069,-7375,0.3584905660377358
2021-06-15T00:00:00.000,16:00,40.735844,-74.00597,0,0,0,0,4073,-7400,0.2403846153846154
2021-06-16T00:00:00.000,14:20,40.71312,-73.93589,1,0,1,1,4071,-7393,0.2711864406779661
2021-06-17T00:00:00.000,10:15,40.667076,-73.78266,0,0,0,0,4066,-7378,0.34615384615384615
2021-06-17T00:00:00.000,20:12,40.735435,-73.97956,1,0,1,1,4073,-7397,0.32558139534883723
2021-06-18T00:00:00.000,0:01,40.695004,-73.9525,0,0,0,0,4069,-7395,0.30952380952380953
2021-06-14T00:00:00.000,20:10,40.668224,-73.953445,1,0,1,1,4066,-7395,0.44375
2021-06-17T00:00:00.000,20:05,40.709095,-73.99622,0,0,0,0,4070,-7399,0.21052631578947367
2021-06-17T00:00:00.000,18:24,40.644756,-74.099724,1,0,1,1,4064,-7409,0.3333333333333333
2021-06-18T00:00:00.000,1:07,40.677834,-73.88509,5,0,1,1,4067,-7388,0.30434782608695654
2021-06-18T00:00:00.000,3:17,40.864807,-73.895355,1,0,1,1,4086,-7389,0.40606060606060607
2021-06-16T00:00:00.000,19:35,40.74227,-73.86991,1,0,1,1,4074,-7386,0.3813559322033898
2021-06-15T00:00:00.000,9:25,40.640564,-74.07672,0,0,0,0,4064,-7407,0.2222222222222222
2021-06-11T00:00:00.000,18:20,40.833233,-73.8282,0,0,0,0,4083,-7382,0.44680851063829785
2021-03-24T00:00:00.000,13:50,40.679657,-73.93594,0,0,0,0,4067,-7393,0.3755868544600939
2021-06-16T00:00:00.000,16:19,40.85114,-73.788475,1,0,1,1,4085,-7378,0.16666666666666666
2021-06-17T00:00:00.000,18:00,40.661743,-73.94784,0,0,0,0,4066,-7394,0.36792452830188677
2021-06-16T00:00:00.000,16:40,40.67117,-73.92534,0,0,0,0,4067,-7392,0.39655172413793105
2021-06-16T00:00:00.000,13:34,40.84744,-73.89968,1,0,1,1,4084,-7389,0.33766233766233766
2021-06-17T00:00:00.000,11:54,40.645386,-73.99569,1,0,1,1,4064,-7399,0.3442622950819672
2021-06-16T00:00:00.000,12:17,40.60289,-73.75036,0,0,0,0,4060,-7375,0.17117117117117117
2021-06-18T00:00:00.000,16:55,40.791557,-73.93866,0,0,0,0,4079,-7393,0.36585365853658536
2021-06-18T00:00:00.000,19:00,40.59019,-73.95958,0,0,0,0,4059,-7395,0.3181818181818182
2021-06-18T00:00:00.000,17:23,40.67887,-73.92165,1,0,1,1,4067,-7392,0.39655172413793105
2021-06-18T00:00:00.000,6:50,40.68804,-73.83275,0,0,0,0,4068,-7383,0.45454545454545453
2021-06-16T00:00:00.000,9:45,40.740173,-73.999435,0,0,0,0,4074,-7399,0.3333333333333333
2021-06-16T00:00:00.000,22:36,40.683567,-73.94106,0,0,0,0,4068,-7394,0.4409448818897638
2021-06-15T00:00:00.000,23:20,40.671535,-73.957664,0,0,0,0,4067,-7395,0.3695652173913043
2021-06-16T00:00:00.000,17:14,40.701096,-73.886024,0,0,0,0,4070,-7388,0.3448275862068966
2021-06-17T00:00:00.000,13:47,40.743256,-73.718414,1,0,1,1,4074,-7371,0.38095238095238093
2021-06-17T00:00:00.000,18:50,40.618057,-74.02053,1,0,1,1,4061,-7402,0.4090909090909091
2021-06-16T00:00:00.000,13:00,40.726173,-74.01099,0,0,0,0,4072,-7401,0.4
2021-06-16T00:00:00.000,15:17,40.823647,-73.943855,1,0,1,1,4082,-7394,0.3812154696132597
2021-06-16T00:00:00.000,12:39,40.74405,-73.989655,0,0,0,0,4074,-7398,0.40131578947368424
2021-06-16T00:00:00.000,9:30,40.63532,-74.02324,0,0,0,0,4063,-7402,0.3877551020408163
2021-06-18T00:00:00.000,6:45,40.782536,-73.81182,2,0,1,1,4078,-7381,0.22580645161290322
2021-06-16T00:00:00.000,22:47,40.819267,-73.884865,1,0,1,1,4081,-7388,0.25471698113207547
2021-06-17T00:00:00.000,18:51,40.608807,-73.9532,2,0,1,1,4060,-7395,0.4791666666666667
2021-06-16T00:00:00.000,6:32,40.674103,-73.871895,2,0,1,1,4067,-7387,0.30344827586206896
2021-06-16T00:00:00.000,7:05,40.70051,-73.90015,0,0,0,0,4070,-7390,0.37894736842105264
2021-06-18T00:00:00.000,17:15,40.6952,-73.92844,0,0,0,0,4069,-7392,0.3584905660377358
2021-06-16T00:00:00.000,17:35,40.73602,-73.98228,1,0,1,1,4073,-7398,0.36942675159235666
2021-06-17T00:00:00.000,6:22,40.666008,-73.789536,1,0,1,1,4066,-7378,0.34615384615384615
2021-06-17T00:00:00.000,14:13,40.64169,-73.96949,0,0,0,0,4064,-7396,0.4714285714285714
2021-06-17T00:00:00.000,19:10,40.710262,-73.953865,1,0,1,1,4071,-7395,0.36585365853658536
2021-06-11T00:00:00.000,23:38,40.514202,-74.236015,0,0,0,0,4051,-7423,0.0625
2021-06-16T00:00:00.000,19:39,40.701942,-73.961754,1,0,1,1,4070,-7396,0.3431372549019608
2021-06-15T00:00:00.000,18:32,40.74026,-74.005875,0,0,0,0,4074,-7400,0.27710843373493976
2021-06-18T00:00:00.000,23:00,40.753525,-73.994545,0,0,0,0,4075,-7399,0.2830188679245283
2021-06-18T00:00:00.000,23:10,40.657536,-73.902756,0,0,0,0,4065,-7390,0.375
2021-06-16T00:00:00.000,10:06,40.659477,-73.908134,1,0,1,1,4065,-7390,0.375
2021-06-18T00:00:00.000,19:15,40.722286,-73.957466,2,0,1,1,4072,-7395,0.22093023255813954
2021-06-18T00:00:00.000,8:50,40.606384,-74.00121,0,0,0,0,4060,-7400,0.24074074074074073
2021-06-18T00:00:00.000,8:20,40.83639,-73.88834,1,0,1,1,4083,-7388,0.26717557251908397
2021-06-16T00:00:00.000,23:00,40.672264,-73.81899,0,0,0,0,4067,-7381,0.4230769230769231
2022-09-16T00:00:00.000,22:42,40.69359,-73.94015,0,0,0,0,4069,-7394,0.417910447761194
2021-06-13T00:00:00.000,13:00,40.64491,-74.07969,0,0,0,0,4064,-7407,0.2222222222222222
2021-06-17T00:00:00.000,22:00,40.725887,-73.94155,0,0,0,0,4072,-7394,0.19801980198019803
2021-06-16T00:00:00.000,17:50,40.85582,-73.89264,1,0,1,1,4085,-7389,0.3353658536585366
2021-06-18T00:00:00.000,12:00,40.631084,-74.08221,0,0,0,0,4063,-7408,0.2653061224489796
2021-06-18T00:00:00.000,12:01,40.819267,-73.884865,0,0,0,0,4081,-7388,0.25471698113207547
2021-06-15T00:00:00.000,20:20,40.64205,-74.07533,1,0,1,1,4064,-7407,0.2222222222222222
2021-06-13T00:00:00.000,16:30,40.577213,-73.96329,1,0,1,1,4057,-7396,0.3191489361702128
2021-06-17T00:00:00.000,8:00,40.70453,-73.817245,0,0,0,0,4070,-7381,0.3194444444444444
2021-06-17T00:00:00.000,18:40,40.70311,-73.86655,0,0,0,0,4070,-7386,0.38235294117647056
2021-06-18T00:00:00.000,13:45,40.603077,-73.74757,0,0,0,0,4060,-7374,0.15789473684210525
2021-06-17T00:00:00.000,17:24,40.65727,-73.91223,0,0,0,0,4065,-7391,0.425
2021-06-16T00:00:00.000,12:34,40.77109,-73.80536,1,0,1,1,4077,-7380,0.25
2021-06-16T00:00:00.000,8:30,40.704033,-73.81711,0,0,0,0,4070,-7381,0.3194444444444444
2021-06-16T00:00:00.000,22:50,40.660656,-73.885796,1,0,1,1,4066,-7388,0.37012987012987014
2021-06-18T00:00:00.000,7:20,40.720432,-74.00675,0,0,0,0,4072,-7400,0.32926829268292684
2021-06-18T00:00:00.000,21:50,40.85533,-73.93332,0,0,0,0,4085,-7393,0.36585365853658536
2021-06-16T00:00:00.000,5:10,40.67674,-73.88968,0,0,0,0,4067,-7388,0.30434782608695654
2021-06-16T00:00:00.000,11:00,40.745243,-73.9848,1,0,1,1,4074,-7398,0.40131578947368424
2021-06-16T00:00:00.000,16:25,40.641365,-73.94179,0,0,0,0,4064,-7394,0.42342342342342343
2021-06-14T00:00:00.000,14:03,40.591755,-73.9083,0,0,0,0,4059,-7390,0.23404255319148937
2021-06-17T00:00:00.000,23:00,40.636982,-73.97526,0,0,0,0,4063,-7397,0.36893203883495146
2021-06-17T00:00:00.000,8:58,40.72522,-73.894745,1,0,1,1,4072,-7389,0.41379310344827586
2021-06-18T00:00:00.000,14:40,40.63447,-73.94012,0,0,0,0,4063,-7394,0.358974358974359
2021-06-16T00:00:00.000,12:30,40.726376,-73.76624,0,0,0,0,4072,-7376,0.5
2021-06-17T00:00:00.000,21:45,40.689247,-73.80546,0,0,0,0,4068,-7380,0.3829787234042553
2021-06-16T00:00:00.000,14:30,40.655495,-73.88833,1,0,1,1,4065,-7388,0.41509433962264153
2021-06-16T00:00:00.000,12:30,40.847824,-73.8663,0,0,0,0,4084,-7386,0.375
2021-06-16T00:00:00.000,14:30,40.742508,-73.91788,1,0,1,1,4074,-7391,0.38333333333333336
2021-06-17T00:00:00.000,12:00,40.69657,-73.95844,0,0,0,0,4069,-7395,0.30952380952380953
2021-06-16T00:00:00.000,12:36,40.744183,-73.7329,2,0,1,1,4074,-7373,0.4
2021-06-16T00:00:00.000,21:13,40.65538,-73.9203,0,0,0,0,4065,-7392,0.35555555555555557
2021-06-16T00:00:00.000,15:30,40.668552,-73.8205,1,0,1,1,4066,-7382,0.43103448275862066
2021-06-17T00:00:00.000,7:17,40.6818,-73.90852,0,0,0,0,4068,-7390,0.4421052631578947
2021-06-16T00:00:00.000,8:50,40.642242,-73.910774,1,0,1,1,4064,-7391,0.39805825242718446
2021-06-16T00:00:00.000,15:00,40.755657,-73.884445,1,0,1,1,4075,-7388,0.3402061855670103
2021-06-06T00:00:00.000,19:00,40.747395,-73.853546,1,0,1,1,4074,-7385,0.35526315789473684
2021-06-18T00:00:00.000,20:10,40.797478,-73.9488,0,0,0,0,4079,-7394,0.3523809523809524
2021-06-06T00:00:00.000,21:23,40.686913,-73.79438,1,0,1,1,4068,-7379,0.35
2021-06-16T00:00:00.000,21:00,40.736214,-73.85795,0,0,0,0,4073,-7385,0.3619047619047619
2021-06-14T00:00:00.000,16:00,40.713123,-73.95351,1,0,1,1,4071,-7395,0.36585365853658536
2021-06-17T00:00:00.000,6:30,40.707344,-74.01203,0,0,0,0,4070,-7401,0.140625
2021-06-18T00:00:00.000,5:21,40.70207,-73.78315,1,0,1,1,4070,-7378,0.34523809523809523
2021-06-17T00:00:00.000,18:39,40.697823,-73.90803,1,0,1,1,4069,-7390,0.29591836734693877
2021-06-17T00:00:00.000,18:30,40.70547,-73.95024,0,0,0,0,4070,-7395,0.3475177304964539
2021-06-18T00:00:00.000,20:36,40.565254,-74.1301,1,0,1,1,4056,-7413,0.46153846153846156
2021-06-16T00:00:00.000,10:40,40.85876,-73.89736,1,0,1,1,4085,-7389,0.3353658536585366
2021-06-17T00:00:00.000,16:15,40.788784,-73.79116,1,0,1,1,4078,-7379,0.42105263157894735
2022-09-19T00:00:00.000,11:47,40.804054,-73.91369,1,0,1,1,4080,-7391,0.38961038961038963
2021-06-18T00:00:00.000,6:30,40.850494,-73.91546,0,0,0,0,4085,-7391,0.373134328358209
2021-06-18T00:00:00.000,12:56,40.69324,-73.92865,0,0,0,0,4069,-7392,0.3584905660377358
2021-06-16T00:00:00.000,23:12,40.69412,-73.918175,0,0,0,0,4069,-7391,0.2709677419354839
2021-06-16T00:00:00.000,22:00,40.621925,-74.14166,0,0,0,0,4062,-7414,0.20408163265306123
2021-06-16T00:00:00.000,12:45,40.680496,-73.821365,0,0,0,0,4068,-7382,0.41975308641975306
2021-06-15T00:00:00.000,18:30,40.52864,-74.21685,1,0,1,1,4052,-7421,0.4444444444444444
2021-06-15T00:00:00.000,19:05,40.62494,-74.078545,0,0,0,0,4062,-7407,0.35714285714285715
2021-06-17T00:00:00.000,22:30,40.721592,-73.97477,0,0,0,0,4072,-7397,0.3283582089552239
2021-06-17T00:00:00.000,18:10,40.667324,-73.852554,0,0,0,0,4066,-7385,0.3333333333333333
2021-06-17T00:00:00.000,6:45,40.608852,-74.15334,1,0,1,1,4060,-7415,0.3076923076923077
2021-06-18T00:00:00.000,14:45,40.710735,-73.961815,10,0,1,1,4071,-7396,0.3218390804597701
2021-06-16T00:00:00.000,17:51,40.71444,-73.83127,0,0,0,0,4071,-7383,0.37349397590361444
2021-06-17T00:00:00.000,12:00,40.716385,-73.96143,0,0,0,0,4071,-7396,0.3218390804597701
2021-06-17T00:00:00.000,20:30,40.75734,-73.98602,0,0,0,0,4075,-7398,0.3170731707317073
2021-06-18T00:00:00.000,10:55,40.7563,-73.92007,1,0,1,1,4075,-7392,0.48148148148148145
2021-06-17T00:00:00.000,19:30,40.741394,-73.82303,0,0,0,0,4074,-7382,0.4057971014492754
2021-06-18T00:00:00.000,7:50,40.71626,-73.830734,1,0,1,1,4071,-7383,0.37349397590361444
2021-06-18T00:00:00.000,14:30,40.82304,-73.88193,1,0,1,1,4082,-7388,0.27624309392265195
2021-06-18T00:00:00.000,14:10,40.861862,-73.91282,2,0,1,1,4086,-7391,0.38016528925619836
2021-06-18T00:00:00.000,22:27,40.84328,-73.92492,1,0,1,1,4084,-7392,0.3181818181818182
2021-06-16T00:00:00.000,18:00,40.597317,-73.75427,0,0,0,0,4059,-7375,0.17777777777777778
2021-06-17T00:00:00.000,8:15,40.60869,-73.75174,0,0,0,0,4060,-7375,0.17117117117117117
2021-06-17T00:00:00.000,12:48,40.62973,-73.922226,0,0,0,0,4062,-7392,0.3611111111111111
2021-06-16T00:00:00.000,11:00,40.72667,-73.72915,0,0,0,0,4072,-7372,0.3793103448275862
2021-06-18T00:00:00.000,19:30,40.594845,-73.761925,0,0,0,0,4059,-7376,0.23809523809523808
2021-06-15T00:00:00.000,22:20,40.71568,-73.792694,1,0,1,1,4071,-7379,0.3888888888888889
2021-06-18T00:00:00.000,0:00,40.66937,-73.89523,0,0,0,0,4066,-7389,0.3103448275862069
2021-06-18T00:00:00.000,17:15,40.86539,-73.86913,1,0,1,1,4086,-7386,0.4642857142857143
2021-06-16T00:00:00.000,9:00,40.604008,-74.12074,0,0,0,0,4060,-7412,0.2608695652173913
2021-06-16T00:00:00.000,20:35,40.655834,-73.98123,0,0,0,0,4065,-7398,0.2222222222222222
2021-06-08T00:00:00.000,7:30,40.764267,-73.722946,1,0,1,1,4076,-7372,0.3333333333333333
2021-06-17T00:00:00.000,0:35,40.66172,-74.00011,0,0,0,0,4066,-7400,0.14285714285714285
2021-06-12T00:00:00.000,18:40,40.83142,-73.91831,0,0,0,0,4083,-7391,0.33714285714285713
2021-06-16T00:00:00.000,21:30,40.76736,-73.9371,0,0,0,0,4076,-7393,0.44680851063829785
2021-06-17T00:00:00.000,17:25,40.65584,-73.91526,0,0,0,0,4065,-7391,0.425
2021-06-16T00:00:00.000,17:21,40.833237,-73.94291,1,0,1,1,4083,-7394,0.38926174496644295
2021-06-16T00:00:00.000,22:21,40.745617,-73.75496,0,0,0,0,4074,-7375,0.16666666666666666
2021-06-16T00:00:00.000,16:00,40.770306,-73.91901,0,0,0,0,4077,-7391,0.3157894736842105
2021-06-17T00:00:00.000,14:30,40.645542,-73.97592,1,0,1,1,4064,-7397,0.4095238095238095
2021-06-17T00:00:00.000,0:53,40.844456,-73.94253,0,0,0,0,4084,-7394,0.17543859649122806
2021-06-18T00:00:00.000,19:40,40.680313,-73.842026,0,0,0,0,4068,-7384,0.3333333333333333
2021-06-16T00:00:00.000,22:27,40.69078,-73.72728,0,0,0,0,4069,-7372,0.40425531914893614
2021-06-16T00:00:00.000,16:25,40.89696,-73.854355,0,0,0,0,4089,-7385,0.3813559322033898
2021-06-16T00:00:00.000,15:42,40.68607,-73.91605,0,0,0,0,4068,-7391,0.344
2021-06-16T00:00:00.000,5:50,40.705437,-73.956345,0,0,0,0,4070,-7395,0.3475177304964539
2021-06-17T00:00:00.000,12:00,40.824432,-73.873604,0,0,0,0,4082,-7387,0.33544303797468356
2021-06-15T00:00:00.000,19:20,40.577995,-73.95964,1,0,1,1,4057,-7395,0.47368421052631576
2021-06-17T00:00:00.000,23:00,40.82419,-73.91385,0,0,0,0,4082,-7391,0.3355263157894737
2021-06-17T00:00:00.000,19:15,40.691452,-73.733955,0,0,0,0,4069,-7373,0.36585365853658536
2021-06-16T00:00:00.000,11:15,40.591736,-73.79137,0,0,0,0,4059,-7379,0.2692307692307692
2021-06-17T00:00:00.000,3:05,40.684227,-73.93531,2,0,1,1,4068,-7393,0.3619047619047619
2021-06-17T00:00:00.000,17:00,40.734768,-73.861595,0,0,0,0,4073,-7386,0.3464566929133858
2021-06-16T00:00:00.000,16:48,40.638733,-74.01337,0,0,0,0,4063,-7401,0.37777777777777777
2021-06-16T00:00:00.000,19:40,40.689102,-73.94507,1,0,1,1,4068,-7394,0.4409448818897638
2021-06-12T00:00:00.000,22:27,40.843174,-73.904236,0,0,0,0,4084,-7390,0.366120218579235
2021-06-16T00:00:00.000,9:38,40.784992,-73.98261,0,0,0,0,4078,-7398,0.42105263157894735
2021-06-17T00:00:00.000,7:35,40.746296,-73.97169,0,0,0,0,4074,-7397,0.4810810810810811
2021-06-16T00:00:00.000,2:17,40.691277,-73.746254,3,0,1,1,4069,-7374,0.46774193548387094
2021-06-17T00:00:00.000,11:03,40.81175,-73.93144,1,0,1,1,4081,-7393,0.32432432432432434
2021-06-17T00:00:00.000,4:00,40.724693,-73.7541,0,0,0,0,4072,-7375,0.2727272727272727
2021-06-15T00:00:00.000,11:00,40.51605,-74.24364,0,0,0,0,4051,-7424,0.21428571428571427
2021-06-18T00:00:00.000,23:15,40.668495,-73.925606,1,0,1,1,4066,-7392,0.355
2021-06-16T00:00:00.000,21:15,40.67468,-74.016045,0,0,0,0,4067,-7401,0.32142857142857145
2021-06-18T00:00:00.000,8:00,40.676144,-73.893074,2,0,1,1,4067,-7389,0.33852140077821014
2021-06-16T00:00:00.000,2:45,40.825966,-73.82568,0,0,0,0,4082,-7382,0.46153846153846156
2021-06-16T00:00:00.000,16:18,40.867928,-73.88907,1,0,1,1,4086,-7388,0.23943661971830985
2021-06-18T00:00:00.000,10:01,40.842052,-73.83613,0,0,0,0,4084,-7383,0.4318181818181818
2021-06-18T00:00:00.000,14:52,40.522976,-74.23491,0,0,0,0,4052,-7423,0.3333333333333333
2021-06-18T00:00:00.000,15:40,40.698036,-73.962845,0,0,0,0,4069,-7396,0.325
2021-06-11T00:00:00.000,14:00,40.664333,-73.89684,1,0,1,1,4066,-7389,0.3103448275862069
2021-06-16T00:00:00.000,13:30,40.685234,-73.92654,1,0,1,1,4068,-7392,0.2542372881355932
2021-06-16T00:00:00.000,11:15,40.60595,-74.07601,0,0,0,0,4060,-7407,0.25
2021-06-18T00:00:00.000,17:20,40.789528,-73.820435,0,0,0,0,4078,-7382,0.3
2021-06-13T00:00:00.000,20:00,40.75832,-73.92506,0,0,0,0,4075,-7392,0.48148148148148145
2021-06-18T00:00:00.000,0:00,40.820114,-73.92307,0,0,0,0,4082,-7392,0.3333333333333333
2021-06-17T00:00:00.000,7:45,40.760605,-73.98362,0,0,0,0,4076,-7398,0.3081761006289308
2021-06-18T00:00:00.000,3:50,40.734375,-73.87342,0,0,0,0,4073,-7387,0.3140495867768595
2021-06-18T00:00:00.000,11:30,40.69447,-73.78147,0,0,0,0,4069,-7378,0.29310344827586204
2021-06-17T00:00:00.000,2:30,40.731304,-73.925964,3,0,1,1,4073,-7392,0.4444444444444444
2021-06-16T00:00:00.000,14:45,40.680115,-73.75324,0,0,0,0,4068,-7375,0.3877551020408163
2021-06-18T00:00:00.000,12:30,40.823578,-73.91418,0,0,0,0,4082,-7391,0.3355263157894737
2021-06-17T00:00:00.000,13:00,40.67365,-73.87496,0,0,0,0,4067,-7387,0.30344827586206896
2021-06-18T00:00:00.000,18:08,40.71602,-73.998276,0,0,0,0,4071,-7399,0.3263157894736842
2021-06-18T00:00:00.000,15:00,40.8775,-73.86399,0,0,0,0,4087,-7386,0.3142857142857143
2021-06-16T00:00:00.000,19:05,40.713158,-73.79727,1,0,1,1,4071,-7379,0.3888888888888889
2021-06-18T00:00:00.000,17:42,40.82734,-73.82297,1,0,1,1,4082,-7382,0.46153846153846156
2021-05-22T00:00:00.000,1:35,40.677055,-73.9224,1,0,1,1,4067,-7392,0.39655172413793105
2021-06-17T00:00:00.000,12:35,40.63785,-73.993774,1,0,1,1,4063,-7399,0.47692307692307695
2021-06-18T00:00:00.000,10:56,40.654102,-73.9258,0,0,0,0,4065,-7392,0.35555555555555557
2021-06-18T00:00:00.000,14:00,40.63089,-74.08202,0,0,0,0,4063,-7408,0.2653061224489796
2021-06-17T00:00:00.000,16:20,40.711437,-73.74779,1,0,1,1,4071,-7374,0.23404255319148937
2021-06-16T00:00:00.000,14:45,40.72992,-73.74243,0,0,0,0,4072,-7374,0.44
2021-06-17T00:00:00.000,13:22,40.86114,-73.91894,1,0,1,1,4086,-7391,0.38016528925619836
2022-09-14T00:00:00.000,13:02,40.63141,-73.9831,0,0,0,0,4063,-7398,0.4827586206896552
2021-06-16T00:00:00.000,10:01,40.727875,-74.00543,1,0,1,1,4072,-7400,0.32926829268292684
2021-06-18T00:00:00.000,15:08,40.74003,-73.72412,1,0,1,1,4074,-7372,0.375
2021-06-17T00:00:00.000,2:59,40.657555,-73.894196,0,0,0,0,4065,-7389,0.34965034965034963
2021-06-18T00:00:00.000,7:00,40.767445,-73.92064,0,0,0,0,4076,-7392,0.42105263157894735
2021-06-15T00:00:00.000,14:30,40.71615,-74.00874,0,0,0,0,4071,-7400,0.25517241379310346
2021-06-17T00:00:00.000,11:29,0.0,0.0,1,0,1,1,0,0,0.40425531914893614
2021-06-16T00:00:00.000,16:53,40.651512,-74.00734,0,0,0,0,4065,-7400,0.41509433962264153
2021-06-16T00:00:00.000,18:00,40.6501,-73.960785,0,0,0,0,4065,-7396,0.3939393939393939
2021-06-06T00:00:00.000,23:00,40.70219,-73.928345,0,0,0,0,4070,-7392,0.24305555555555555
2021-06-16T00:00:00.000,14:32,40.83959,-73.88268,0,0,0,0,4083,-7388,0.26717557251908397
2021-06-17T00:00:00.000,15:35,40.68443,-73.9661,1,0,1,1,4068,-7396,0.42567567567567566
2021-06-14T00:00:00.000,12:00,40.775562,-73.95035,0,0,0,0,4077,-7395,0.3384615384615385
2021-06-17T00:00:00.000,13:45,40.738796,-73.97716,1,0,1,1,4073,-7397,0.32558139534883723
2021-06-17T00:00:00.000,11:55,40.708904,-73.95926,0,0,0,0,4070,-7395,0.3475177304964539
2021-06-16T00:00:00.000,11:15,40.703655,-73.822464,1,0,1,1,4070,-7382,0.4166666666666667
2021-06-16T00:00:00.000,16:30,40.768875,-73.90852,0,0,0,0,4076,-7390,0.3055555555555556
2021-06-16T00:00:00.000,9:45,40.82499,-73.91662,0,0,0,0,4082,-7391,0.3355263157894737
2021-06-17T00:00:00.000,13:35,40.769245,-73.919044,1,0,1,1,4076,-7391,0.40476190476190477
2021-06-18T00:00:00.000,23:10,40.813484,-73.90704,0,0,0,0,4081,-7390,0.3888888888888889
2021-06-16T00:00:00.000,9:20,40.82325,-73.88277,0,0,0,0,4082,-7388,0.27624309392265195
2021-06-16T00:00:00.000,13:25,40.63658,-73.93747,0,0,0,0,4063,-7393,0.46153846153846156
2021-06-18T00:00:00.000,10:10,40.788166,-73.9721,0,0,0,0,4078,-7397,0.3434343434343434
2021-06-17T00:00:00.000,0:24,40.840775,-73.87246,0,0,0,0,4084,-7387,0.48333333333333334
2021-06-16T00:00:00.000,16:30,40.64029,-73.994804,0,0,0,0,4064,-7399,0.3442622950819672
2021-06-17T00:00:00.000,13:30,40.720165,-73.844795,1,0,1,1,4072,-7384,0.2711864406779661
2021-06-18T00:00:00.000,8:16,40.692135,-73.83485,3,0,1,1,4069,-7383,0.35555555555555557
2021-06-17T00:00:00.000,7:47,40.86906,-73.88914,0,0,0,0,4086,-7388,0.23943661971830985
2021-06-17T00:00:00.000,6:40,40.73425,-73.86336,2,0,1,1,4073,-7386,0.3464566929133858
2021-06-17T00:00:00.000,12:31,40.831635,-73.91894,1,0,1,1,4083,-7391,0.33714285714285713
2021-06-16T00:00:00.000,8:30,40.740875,-73.89962,0,0,0,0,4074,-7389,0.3203125
2021-06-18T00:00:00.000,8:52,0.0,0.0,2,0,1,1,0,0,0.40425531914893614
2021-06-16T00:00:00.000,10:00,40.72587,-73.76129,0,0,0,0,4072,-7376,0.5
2021-06-18T00:00:00.000,17:50,40.667156,-73.9101,0,0,0,0,4066,-7391,0.3630952380952381
2021-06-17T00:00:00.000,23:15,40.86446,-73.91895,0,0,0,0,4086,-7391,0.38016528925619836
2021-06-16T00:00:00.000,14:00,40.61987,-74.02632,0,0,0,0,4061,-7402,0.4090909090909091
2021-06-17T00:00:00.000,18:40,40.632492,-73.933975,1,0,1,1,4063,-7393,0.46153846153846156
2021-06-18T00:00:00.000,16:05,40.693615,-73.93843,1,0,1,1,4069,-7393,0.3141025641025641
2021-06-14T00:00:00.000,8:00,40.674,-73.960396,0,0,0,0,4067,-7396,0.3466666666666667
2021-06-17T00:00:00.000,11:49,40.761787,-73.95745,1,0,1,1,4076,-7395,0.3696969696969697
2021-06-17T00:00:00.000,13:03,40.692123,-73.75541,1,0,1,1,4069,-7375,0.3584905660377358
2021-06-17T00:00:00.000,18:15,40.748398,-73.99995,1,0,1,1,4074,-7399,0.3333333333333333
2021-06-17T00:00:00.000,18:30,40.667625,-73.99424,0,0,0,0,4066,-7399,0.40540540540540543
2021-06-16T00:00:00.000,18:25,40.74071,-74.00903,1,0,1,1,4074,-7400,0.27710843373493976
2021-06-12T00:00:00.000,13:12,40.83554,-73.818054,0,0,0,0,4083,-7381,0.2
2021-06-18T00:00:00.000,6:23,40.83988,-73.916794,1,0,1,1,4083,-7391,0.33714285714285713
2021-06-11T00:00:00.000,10:30,40.689133,-73.92513,0,0,0,0,4068,-7392,0.2542372881355932
2021-06-17T00:00:00.000,17:15,40.762264,-73.78527,0,0,0,0,4076,-7378,0.4
2021-06-04T00:00:00.000,16:49,40.681137,-73.95567,0,0,0,0,4068,-7395,0.38571428571428573
2021-06-16T00:00:00.000,21:00,40.60915,-73.96998,1,0,1,1,4060,-7396,0.5714285714285714
2021-06-17T00:00:00.000,14:00,40.702396,-73.78018,0,0,0,0,4070,-7378,0.34523809523809523
2021-06-17T00:00:00.000,14:20,40.516754,-74.23339,0,0,0,0,4051,-7423,0.0625
2022-09-21T00:00:00.000,12:10,40.631157,-74.14692,1,0,1,1,4063,-7414,0.5769230769230769
2021-06-18T00:00:00.000,12:00,40.645348,-74.01375,1,0,1,1,4064,-7401,0.4295774647887324
2021-05-12T00:00:00.000,8:02,40.69909,-73.95608,1,0,1,1,4069,-7395,0.30952380952380953
2021-06-14T00:00:00.000,17:46,40.744644,-73.77041,1,0,1,1,4074,-7377,0.36363636363636365
2021-06-17T00:00:00.000,7:31,40.651142,-73.92164,0,0,0,0,4065,-7392,0.35555555555555557
2021-06-18T00:00:00.000,0:20,40.763496,-73.80734,1,0,1,1,4076,-7380,0.4
2021-06-12T00:00:00.000,20:20,40.87831,-73.870155,0,0,0,0,4087,-7387,0.297029702970297
2021-06-16T00:00:00.000,10:48,40.643147,-73.99802,0,0,0,0,4064,-7399,0.3442622950819672
2021-06-16T00:00:00.000,20:20,40.66182,-73.88015,0,0,0,0,4066,-7388,0.37012987012987014
2021-06-18T00:00:00.000,17:47,40.735676,-73.90284,2,0,1,1,4073,-7390,0.42424242424242425
2022-09-21T00:00:00.000,9:50,40.868137,-73.9005,0,0,0,0,4086,-7390,0.42748091603053434
2021-06-14T00:00:00.000,1:09,40.861862,-73.91282,5,0,1,1,4086,-7391,0.38016528925619836
2021-06-17T00:00:00.000,17:07,40.85078,-73.91222,0,0,0,0,4085,-7391,0.373134328358209
2021-06-16T00:00:00.000,3:50,40.764538,-73.90439,0,0,0,0,4076,-7390,0.3055555555555556
2021-06-17T00:00:00.000,9:44,40.599907,-73.94664,1,0,1,1,4059,-7394,0.275
2021-06-16T00:00:00.000,11:45,40.677998,-73.88272,0,0,0,0,4067,-7388,0.30434782608695654
2021-06-17T00:00:00.000,15:46,40.725906,-73.9354,1,0,1,1,4072,-7393,0.36507936507936506
2021-06-17T00:00:00.000,0:10,40.857117,-73.89907,0,0,0,0,4085,-7389,0.3353658536585366
2021-06-18T00:00:00.000,12:30,40.70916,-73.728546,0,0,0,0,4070,-7372,0.4
2021-06-16T00:00:00.000,17:50,40.8086,-73.909775,0,0,0,0,4080,-7390,0.36538461538461536
2021-06-15T00:00:00.000,14:15,40.655834,-73.98123,0,0,0,0,4065,-7398,0.2222222222222222
2021-06-18T00:00:00.000,16:41,40.761143,-73.75549,0,0,0,0,4076,-7375,0.3409090909090909
2021-06-18T00:00:00.000,18:33,40.62553,-73.932434,1,0,1,1,4062,-7393,0.4444444444444444
2021-06-17T00:00:00.000,15:30,40.84046,-73.88596,0,0,0,0,4084,-7388,0.390625
2021-06-14T00:00:00.000,19:20,40.6099,-73.96307,0,0,0,0,4060,-7396,0.5714285714285714
2021-06-18T00:00:00.000,23:48,40.583485,-73.95014,1,0,1,1,4058,-7395,0.3465346534653465
2021-06-14T00:00:00.000,12:42,40.855568,-73.93796,0,0,0,0,4085,-7393,0.36585365853658536
2021-06-16T00:00:00.000,16:03,40.710625,-73.96678,0,0,0,0,4071,-7396,0.3218390804597701
2021-06-17T00:00:00.000,16:00,40.68627,-73.97813,0,0,0,0,4068,-7397,0.3412322274881517
2021-06-17T00:00:00.000,13:30,40.70547,-73.95024,0,0,0,0,4070,-7395,0.3475177304964539
2021-06-17T00:00:00.000,9:00,40.692024,-73.9391,0,0,0,0,4069,-7393,0.3141025641025641
2021-06-16T00:00:00.000,19:15,40.67082,-73.935135,0,0,0,0,4067,-7393,0.3755868544600939
2021-06-17T00:00:00.000,21:16,40.688995,-73.78581,1,0,1,1,4068,-7378,0.3384615384615385
2021-06-17T00:00:00.000,18:45,40.828594,-73.9045,0,0,0,0,4082,-7390,0.3025210084033613
2021-06-16T00:00:00.000,19:28,40.671196,-73.84296,2,0,1,1,4067,-7384,0.28888888888888886
2021-06-16T00:00:00.000,8:50,40.67137,-73.913155,0,0,0,0,4067,-7391,0.36597938144329895
2021-06-17T00:00:00.000,23:00,40.647816,-73.88612,0,0,0,0,4064,-7388,0.3225806451612903
2021-06-06T00:00:00.000,19:40,40.608982,-74.088135,2,0,1,1,4060,-7408,0.3235294117647059
2021-06-16T00:00:00.000,17:40,40.666573,-73.811775,2,0,1,1,4066,-7381,0.4716981132075472
2021-06-18T00:00:00.000,8:15,40.6321,-74.03048,1,0,1,1,4063,-7403,0.42424242424242425
2021-06-17T00:00:00.000,20:45,40.6374,-74.01116,0,0,0,0,4063,-7401,0.37777777777777777
2021-06-16T00:00:00.000,12:50,40.85437,-73.892044,0,0,0,0,4085,-7389,0.3353658536585366
2021-06-18T00:00:00.000,14:00,40.860287,-73.90494,1,0,1,1,4086,-7390,0.42748091603053434
2021-06-18T00:00:00.000,12:00,40.69603,-73.943535,2,0,1,1,4069,-7394,0.417910447761194
2021-05-09T00:00:00.000,11:25,40.686577,-73.947464,0,0,0,0,4068,-7394,0.4409448818897638
2021-06-18T00:00:00.000,6:30,40.7502,-73.83518,0,0,0,0,4075,-7383,0.37681159420289856
2021-06-18T00:00:00.000,19:50,40.851967,-73.897095,1,0,1,1,4085,-7389,0.3353658536585366
2021-06-18T00:00:00.000,7:40,40.869495,-73.85566,0,0,0,0,4086,-7385,0.5
2021-06-18T00:00:00.000,2:08,40.721226,-73.8267,2,0,1,1,4072,-7382,0.45454545454545453
2021-06-18T00:00:00.000,10:00,40.69612,-73.74619,1,0,1,1,4069,-7374,0.46774193548387094
2021-06-17T00:00:00.000,23:35,40.74884,-73.86296,0,0,0,0,4074,-7386,0.3813559322033898
2021-06-18T00:00:00.000,1:00,40.69775,-73.81393,0,0,0,0,4069,-7381,0.3902439024390244
2021-06-18T00:00:00.000,11:37,40.64612,-74.01803,0,0,0,0,4064,-7401,0.4295774647887324
2021-06-15T00:00:00.000,0:20,40.75228,-73.9897,0,0,0,0,4075,-7398,0.3170731707317073
2022-09-21T00:00:00.000,23:59,40.64317,-73.92948,0,0,0,0,4064,-7392,0.4077669902912621
2021-06-17T00:00:00.000,0:10,40.752846,-73.86425,0,0,0,0,4075,-7386,0.33653846153846156
2021-06-18T00:00:00.000,15:15,40.594074,-73.960884,0,0,0,0,4059,-7396,0.38596491228070173
2021-06-16T00:00:00.000,19:00,40.743156,-73.97213,1,0,1,1,4074,-7397,0.4810810810810811
2021-06-03T00:00:00.000,23:30,40.673565,-73.90788,3,0,1,1,4067,-7390,0.3282442748091603
2021-06-17T00:00:00.000,17:15,40.78028,-73.957146,1,0,1,1,4078,-7395,0.42168674698795183
2021-06-17T00:00:00.000,18:46,40.686085,-73.982666,0,0,0,0,4068,-7398,0.3873239436619718
2021-06-18T00:00:00.000,16:20,40.731842,-73.95978,0,0,0,0,4073,-7395,0.30434782608695654
2021-06-18T00:00:00.000,11:22,40.780605,-73.95225,1,0,1,1,4078,-7395,0.42168674698795183
2021-06-18T00:00:00.000,20:00,40.851093,-73.847534,0,0,0,0,4085,-7384,0.32432432432432434
2021-06-17T00:00:00.000,18:25,40.687557,-73.93896,0,0,0,0,4068,-7393,0.3619047619047619
2021-06-17T00:00:00.000,12:00,40.69412,-73.96017,0,0,0,0,4069,-7396,0.325
2021-06-18T00:00:00.000,17:03,40.860516,-73.9146,0,0,0,0,4086,-7391,0.38016528925619836
2021-06-16T00:00:00.000,8:48,40.6952,-73.92844,1,0,1,1,4069,-7392,0.3584905660377358
2021-06-14T00:00:00.000,13:30,40.663517,-73.90238,2,0,1,1,4066,-7390,0.2777777777777778
2021-06-15T00:00:00.000,20:00,0.0,0.0,1,0,1,1,0,0,0.40425531914893614
2021-06-16T00:00:00.000,6:30,40.836555,-73.87135,0,0,0,0,4083,-7387,0.38414634146341464
2021-06-16T00:00:00.000,8:20,40.769604,-73.91139,0,0,0,0,4076,-7391,0.40476190476190477
2022-09-22T00:00:00.000,4:50,40.724037,-73.812546,0,0,0,0,4072,-7381,0.2926829268292683
2021-06-18T00:00:00.000,13:20,40.69149,-73.92557,0,0,0,0,4069,-7392,0.3584905660377358
2021-06-18T00:00:00.000,16:20,40.650517,-73.92359,0,0,0,0,4065,-7392,0.35555555555555557
2021-06-14T00:00:00.000,6:10,40.717762,-73.91806,0,0,0,0,4071,-7391,0.1836734693877551
2021-06-16T00:00:00.000,0:40,40.62543,-73.98531,0,0,0,0,4062,-7398,0.38
2021-06-16T00:00:00.000,17:03,40.785156,-73.97901,1,0,1,1,4078,-7397,0.3434343434343434
2021-06-16T00:00:00.000,7:19,40.769737,-73.91244,1,0,1,1,4076,-7391,0.40476190476190477
2021-06-17T00:00:00.000,22:43,40.663517,-73.957214,1,0,1,1,4066,-7395,0.44375
2021-06-17T00:00:00.000,5:00,40.705532,-73.738365,0,0,0,0,4070,-7373,0.52
2021-06-16T00:00:00.000,18:00,40.71242,-73.92387,0,0,0,0,4071,-7392,0.2777777777777778
2021-06-16T00:00:00.000,10:00,40.75433,-73.96527,1,0,1,1,4075,-7396,0.4788732394366197
2021-06-17T00:00:00.000,23:00,40.82855,-73.90959,0,0,0,0,4082,-7390,0.3025210084033613
2022-07-08T00:00:00.000,18:38,40.660847,-73.8403,1,0,1,1,4066,-7384,0.5925925925925926
2021-06-16T00:00:00.000,10:45,40.626686,-74.103355,0,0,0,0,4062,-7410,0.0
2021-06-16T00:00:00.000,14:33,40.712055,-73.75319,0,0,0,0,4071,-7375,0.3269230769230769
2021-06-17T00:00:00.000,17:49,40.665882,-73.99642,0,0,0,0,4066,-7399,0.40540540540540543
2021-06-16T00:00:00.000,17:00,40.718994,-73.95368,0,0,0,0,4071,-7395,0.36585365853658536
2021-06-17T00:00:00.000,22:00,40.84554,-73.93278,0,0,0,0,4084,-7393,0.32786885245901637
2021-06-16T00:00:00.000,12:00,40.821693,-73.87743,0,0,0,0,4082,-7387,0.33544303797468356
2021-06-17T00:00:00.000,19:46,40.835884,-73.88341,0,0,0,0,4083,-7388,0.26717557251908397
2021-06-17T00:00:00.000,20:00,0.0,0.0,0,0,0,0,0,0,0.40425531914893614
2021-06-17T00:00:00.000,23:38,40.77303,-73.97829,2,0,1,1,4077,-7397,0.38235294117647056
2021-06-17T00:00:00.000,20:30,40.81853,-73.8989,1,0,1,1,4081,-7389,0.31543624161073824
2021-06-18T00:00:00.000,22:29,40.69535,-73.91632,1,0,1,1,4069,-7391,0.2709677419354839
2021-06-18T00:00:00.000,23:22,40.866047,-73.87207,0,1,2,1,4086,-7387,0.34545454545454546
2021-06-18T00:00:00.000,1:00,40.771305,-73.87664,0,0,0,0,4077,-7387,0.35714285714285715
2021-06-17T00:00:00.000,13:40,40.73978,-73.97952,0,0,0,0,4073,-7397,0.32558139534883723
2021-06-18T00:00:00.000,16:09,40.818233,-73.95273,1,0,1,1,4081,-7395,0.3509933774834437
2021-06-17T00:00:00.000,11:40,40.624035,-73.91969,2,0,1,1,4062,-7391,0.3333333333333333
2021-06-17T00:00:00.000,12:15,40.784527,-73.979485,0,0,0,0,4078,-7397,0.3434343434343434
2021-06-17T00:00:00.000,13:10,40.651196,-73.93032,0,0,0,0,4065,-7393,0.44366197183098594
2021-06-17T00:00:00.000,15:20,40.82244,-73.90199,3,0,1,1,4082,-7390,0.3025210084033613
2021-06-18T00:00:00.000,16:40,40.593163,-73.9086,2,0,1,1,4059,-7390,0.23404255319148937
2021-06-18T00:00:00.000,12:25,40.682507,-73.94375,1,0,1,1,4068,-7394,0.4409448818897638
2021-06-18T00:00:00.000,23:52,40.69447,-73.78147,0,0,0,0,4069,-7378,0.29310344827586204
2021-06-15T00:00:00.000,16:10,40.67019,-73.93935,0,0,0,0,4067,-7393,0.3755868544600939
2021-06-16T00:00:00.000,13:15,40.616547,-74.02607,0,0,0,0,4061,-7402,0.4090909090909091
2021-06-17T00:00:00.000,18:00,40.653873,-74.008156,1,0,1,1,4065,-7400,0.41509433962264153
2021-06-17T00:00:00.000,13:10,40.599003,-73.74117,0,0,0,0,4059,-7374,0.18181818181818182
2021-05-28T00:00:00.000,17:15,40.794205,-73.93516,0,0,0,0,4079,-7393,0.36585365853658536
2021-06-17T00:00:00.000,19:39,40.600204,-74.00284,1,0,1,1,4060,-7400,0.24074074074074073
2021-06-03T00:00:00.000,17:15,40.68175,-73.96748,1,0,1,1,4068,-7396,0.42567567567567566
2021-06-16T00:00:00.000,3:30,40.69706,-73.91933,0,0,0,0,4069,-7391,0.2709677419354839
2021-06-15T00:00:00.000,10:00,40.546955,-74.18129,0,0,0,0,4054,-7418,0.1875
2022-12-30T00:00:00.000,7:35,40.63405,-73.98598,1,0,1,1,4063,-7398,0.4827586206896552
2021-06-13T00:00:00.000,0:00,40.684902,-73.92946,1,0,1,1,4068,-7392,0.2542372881355932
2021-06-16T00:00:00.000,12:00,40.578938,-73.98522,0,0,0,0,4057,-7398,0.36904761904761907
2021-06-16T00:00:00.000,13:00,40.737553,-73.97806,0,0,0,0,4073,-7397,0.32558139534883723
2021-06-16T00:00:00.000,2:50,40.843655,-73.901344,1,0,1,1,4084,-7390,0.366120218579235
2021-06-16T00:00:00.000,16:55,40.73838,-73.85465,0,0,0,0,4073,-7385,0.3619047619047619
2021-06-17T00:00:00.000,9:50,40.722164,-73.98729,0,0,0,0,4072,-7398,0.4342105263157895
2021-06-16T00:00:00.000,13:45,40.667168,-73.88087,1,0,1,1,4066,-7388,0.37012987012987014
2021-06-17T00:00:00.000,14:16,40.66578,-73.91942,1,0,1,1,4066,-7391,0.3630952380952381
2021-06-16T00:00:00.000,10:20,40.76922,-73.98478,1,0,1,1,4076,-7398,0.3081761006289308
2021-06-18T00:00:00.000,9:15,40.839603,-73.918144,0,0,0,0,4083,-7391,0.33714285714285713
2021-06-16T00:00:00.000,18:15,40.81244,-73.95255,0,0,0,0,4081,-7395,0.3509933774834437
2021-06-16T00:00:00.000,15:10,40.68308,-73.96886,1,0,1,1,4068,-7396,0.42567567567567566
2021-06-18T00:00:00.000,15:30,40.769703,-73.914,0,0,0,0,4076,-7391,0.40476190476190477
2021-06-16T00:00:00.000,14:44,40.700623,-73.93645,0,0,0,0,4070,-7393,0.3300970873786408
2021-06-18T00:00:00.000,7:10,40.67719,-73.88754,0,0,0,0,4067,-7388,0.30434782608695654
2021-06-16T00:00:00.000,10:56,40.646458,-74.01609,0,0,0,0,4064,-7401,0.4295774647887324
2021-06-16T00:00:00.000,8:53,40.780537,-73.958084,0,0,0,0,4078,-7395,0.42168674698795183
2021-06-17T00:00:00.000,19:30,40.833412,-73.85906,0,0,0,0,4083,-7385,0.30158730158730157
2021-06-17T00:00:00.000,2:00,40.742245,-73.85326,0,0,0,0,4074,-7385,0.35526315789473684
2021-06-17T00:00:00.000,13:00,40.66955,-73.94497,3,0,1,1,4066,-7394,0.36792452830188677
2021-06-17T00:00:00.000,9:30,40.81858,-73.89387,1,0,1,1,4081,-7389,0.31543624161073824
2021-06-18T00:00:00.000,5:30,40.781933,-73.94428,0,0,0,0,4078,-7394,0.33513513513513515
2020-06-15T00:00:00.000,20:05,40.688877,-73.98991,1,0,1,1,4068,-7398,0.3873239436619718
2021-06-17T00:00:00.000,23:50,40.755714,-73.92056,0,0,0,0,4075,-7392,0.48148148148148145
2021-06-18T00:00:00.000,12:00,40.727184,-74.00335,0,0,0,0,4072,-7400,0.32926829268292684
2021-06-17T00:00:00.000,20:20,40.71604,-73.80504,3,0,1,1,4071,-7380,0.42105263157894735
2021-06-16T00:00:00.000,18:30,40.692627,-73.959,0,0,0,0,4069,-7395,0.30952380952380953
2021-06-14T00:00:00.000,19:52,40.691265,-73.9051,0,0,0,0,4069,-7390,0.29591836734693877
2021-06-18T00:00:00.000,4:00,40.767204,-73.910095,2,0,1,1,4076,-7391,0.40476190476190477
2021-06-18T00:00:00.000,18:05,40.660656,-73.885796,0,0,0,0,4066,-7388,0.37012987012987014
2021-06-16T00:00:00.000,15:11,40.769844,-73.83656,0,0,0,0,4076,-7383,0.33695652173913043
2021-06-17T00:00:00.000,18:21,40.66978,-73.94932,0,0,0,0,4066,-7394,0.36792452830188677
2021-06-18T00:00:00.000,15:30,40.685196,-73.97829,0,0,0,0,4068,-7397,0.3412322274881517
2021-06-16T00:00:00.000,9:10,40.679096,-73.79822,0,0,0,0,4067,-7379,0.4264705882352941
2021-06-16T00:00:00.000,1:20,40.67816,-73.897484,0,0,0,0,4067,-7389,0.33852140077821014
2021-06-18T00:00:00.000,9:20,40.84115,-73.942696,0,0,0,0,4084,-7394,0.17543859649122806
2021-06-18T00:00:00.000,0:00,40.654278,-73.92292,2,0,1,1,4065,-7392,0.35555555555555557
2021-06-16T00:00:00.000,23:12,40.7031,-73.859795,0,0,0,0,4070,-7385,0.39436619718309857
2021-06-15T00:00:00.000,15:43,40.708923,-73.81877,1,0,1,1,4070,-7381,0.3194444444444444
2021-06-14T00:00:00.000,1:00,40.68337,-73.93634,0,0,0,0,4068,-7393,0.3619047619047619
2022-09-21T00:00:00.000,20:15,40.595364,-74.09723,1,0,1,1,4059,-7409,0.42857142857142855
2021-06-18T00:00:00.000,16:30,40.57323,-74.14702,0,0,0,0,4057,-7414,0.2857142857142857
2021-06-17T00:00:00.000,16:20,40.643288,-74.0122,1,0,1,1,4064,-7401,0.4295774647887324
2021-06-16T00:00:00.000,9:40,40.651676,-74.010635,1,0,1,1,4065,-7401,0.43478260869565216
2021-06-03T00:00:00.000,7:00,40.89675,-73.86864,0,0,0,0,4089,-7386,0.28205128205128205
2021-06-16T00:00:00.000,1:55,40.681473,-73.72776,1,0,1,1,4068,-7372,0.375
2021-06-17T00:00:00.000,15:10,40.67007,-73.91591,0,0,0,0,4067,-7391,0.36597938144329895
2021-06-16T00:00:00.000,11:00,40.610508,-74.09576,1,0,1,1,4061,-7409,0.46153846153846156
2021-06-17T00:00:00.000,22:30,40.708027,-73.877594,0,0,0,0,4070,-7387,0.24324324324324326
2021-06-17T00:00:00.000,9:15,40.673588,-73.73351,0,0,0,0,4067,-7373,0.46835443037974683
2021-06-16T00:00:00.000,8:15,40.648354,-73.91001,0,0,0,0,4064,-7391,0.39805825242718446
2021-06-18T00:00:00.000,14:45,40.82804,-73.94251,1,0,1,1,4082,-7394,0.3812154696132597
2021-06-16T00:00:00.000,7:22,40.784355,-73.98117,0,0,0,0,4078,-7398,0.42105263157894735
2021-06-16T00:00:00.000,8:26,40.666405,-73.802635,1,0,1,1,4066,-7380,0.40789473684210525
2021-06-17T00:00:00.000,14:34,40.829685,-73.87401,0,0,0,0,4082,-7387,0.33544303797468356
2021-06-18T00:00:00.000,18:24,40.90304,-73.849556,0,0,0,0,4090,-7384,0.28205128205128205
2021-06-18T00:00:00.000,6:18,40.674145,-73.93062,0,0,0,0,4067,-7393,0.3755868544600939
2021-06-16T00:00:00.000,19:34,40.689144,-73.99071,1,0,1,1,4068,-7399,0.17857142857142858
2022-09-22T00:00:00.000,0:00,40.697296,-73.92378,0,0,0,0,4069,-7392,0.3584905660377358
2021-06-18T00:00:00.000,16:11,40.63376,-73.963776,1,0,1,1,4063,-7396,0.34615384615384615
2021-06-16T00:00:00.000,11:40,40.815975,-73.91102,2,0,1,1,4081,-7391,0.47244094488188976
2021-06-18T00:00:00.000,15:15,40.68199,-73.788414,0,0,0,0,4068,-7378,0.3384615384615385
2021-06-16T00:00:00.000,13:00,40.694313,-73.80794,1,0,1,1,4069,-7380,0.38461538461538464
2021-06-16T00:00:00.000,13:27,40.82751,-73.92495,0,0,0,0,4082,-7392,0.3333333333333333
2021-06-16T00:00:00.000,17:54,40.74021,-73.71036,1,0,1,1,4074,-7371,0.38095238095238093
2021-06-12T00:00:00.000,3:20,40.682373,-73.96162,1,0,1,1,4068,-7396,0.42567567567567566
2021-06-11T00:00:00.000,12:15,40.83863,-73.93348,0,0,0,0,4083,-7393,0.3333333333333333
2021-06-16T00:00:00.000,17:14,40.681946,-73.904884,0,0,0,0,4068,-7390,0.4421052631578947
2021-06-17T00:00:00.000,10:00,40.732468,-73.953186,0,0,0,0,4073,-7395,0.30434782608695654
2021-06-18T00:00:00.000,8:35,40.88734,-73.824615,0,0,0,0,4088,-7382,0.2765957446808511
2021-06-17T00:00:00.000,19:00,40.674465,-73.97547,1,0,1,1,4067,-7397,0.2818181818181818
2021-06-17T00:00:00.000,19:03,40.826065,-73.88784,0,0,0,0,4082,-7388,0.27624309392265195
2022-09-21T00:00:00.000,17:24,40.78015,-73.84421,0,0,0,0,4078,-7384,0.23809523809523808
2021-06-16T00:00:00.000,0:20,40.66314,-73.88003,2,0,1,1,4066,-7388,0.37012987012987014
2021-06-18T00:00:00.000,16:50,40.6997,-73.94425,0,0,0,0,4069,-7394,0.417910447761194
2021-06-18T00:00:00.000,14:30,40.797916,-73.96385,0,0,0,0,4079,-7396,0.25
2021-06-12T00:00:00.000,0:26,40.861862,-73.91282,0,0,0,0,4086,-7391,0.38016528925619836
2021-06-17T00:00:00.000,10:53,40.712006,-73.919266,0,0,0,0,4071,-7391,0.1836734693877551
2022-09-23T00:00:00.000,7:00,40.82463,-73.85566,0,0,0,0,4082,-7385,0.27
2021-06-17T00:00:00.000,18:20,40.66213,-73.95458,2,0,1,1,4066,-7395,0.44375
2021-06-16T00:00:00.000,16:59,40.72032,-73.99404,0,0,0,0,4072,-7399,0.3829787234042553
2021-06-18T00:00:00.000,18:50,40.765957,-73.91551,0,0,0,0,4076,-7391,0.40476190476190477
2021-06-18T00:00:00.000,8:30,40.675667,-73.86436,1,0,1,1,4067,-7386,0.3431372549019608
2021-06-16T00:00:00.000,23:15,40.677483,-73.93033,1,0,1,1,4067,-7393,0.3755868544600939
2021-06-17T00:00:00.000,13:00,40.718826,-73.98424,0,0,0,0,4071,-7398,0.39568345323741005
2021-06-14T00:00:00.000,12:30,40.617554,-73.94206,0,0,0,0,4061,-7394,0.48484848484848486
2021-06-17T00:00:00.000,21:50,40.725582,-73.989876,0,0,0,0,4072,-7398,0.4342105263157895
2021-06-17T00:00:00.000,20:39,40.842625,-73.87818,1,0,1,1,4084,-7387,0.48333333333333334
2021-06-16T00:00:00.000,14:40,40.739494,-73.7928,0,0,0,0,4073,-7379,0.4
2021-06-18T00:00:00.000,21:49,40.607445,-73.99531,1,0,1,1,4060,-7399,0.31683168316831684
2021-06-17T00:00:00.000,10:51,40.816868,-73.92072,0,0,0,0,4081,-7392,0.4714285714285714
2021-06-16T00:00:00.000,22:07,40.70653,-73.94389,1,0,1,1,4070,-7394,0.3956043956043956
2021-06-10T00:00:00.000,18:50,40.878853,-73.87349,1,0,1,1,4087,-7387,0.297029702970297
2021-06-17T00:00:00.000,17:00,40.775246,-73.94763,1,0,1,1,4077,-7394,0.28
2021-06-17T00:00:00.000,19:42,40.714073,-73.95534,0,0,0,0,4071,-7395,0.36585365853658536
2021-06-13T00:00:00.000,7:40,40.844173,-73.91746,1,0,1,1,4084,-7391,0.32558139534883723
2021-06-16T00:00:00.000,19:00,40.69245,-73.811005,0,0,0,0,4069,-7381,0.3902439024390244
2021-06-18T00:00:00.000,13:00,40.688934,-73.905045,0,0,0,0,4068,-7390,0.4421052631578947
2021-06-16T00:00:00.000,6:38,40.80321,-73.91892,0,0,0,0,4080,-7391,0.38961038961038963
2021-06-16T00:00:00.000,0:15,40.81719,-73.93447,0,0,0,0,4081,-7393,0.32432432432432434
2021-06-18T00:00:00.000,20:00,40.608006,-73.99473,0,0,0,0,4060,-7399,0.31683168316831684
2021-06-13T00:00:00.000,0:00,40.50773,-74.230064,0,0,0,0,4050,-7423,0.4
2021-06-12T00:00:00.000,14:50,40.718815,-73.793274,0,0,0,0,4071,-7379,0.3888888888888889
2021-06-16T00:00:00.000,12:45,40.706142,-74.00603,1,0,1,1,4070,-7400,0.2542372881355932
2021-06-17T00:00:00.000,8:50,40.690796,-73.95637,0,0,0,0,4069,-7395,0.30952380952380953
2021-06-17T00:00:00.000,21:53,40.862602,-73.92028,1,0,1,1,4086,-7392,0.359375
2021-06-17T00:00:00.000,1:10,40.63532,-74.02324,1,0,1,1,4063,-7402,0.3877551020408163
2021-06-13T00:00:00.000,23:19,40.801186,-73.94768,0,0,0,0,4080,-7394,0.41116751269035534
2021-06-17T00:00:00.000,14:45,40.658264,-73.72862,0,0,0,0,4065,-7372,0.26666666666666666
2021-06-16T00:00:00.000,20:55,40.790417,-73.95184,0,0,0,0,4079,-7395,0.42
2021-06-17T00:00:00.000,6:20,40.819016,-73.84804,0,0,0,0,4081,-7384,0.3333333333333333
2021-06-10T00:00:00.000,11:30,40.733562,-73.79025,0,0,0,0,4073,-7379,0.4
2021-06-13T00:00:00.000,7:18,40.67295,-73.92517,3,0,1,1,4067,-7392,0.39655172413793105
2021-06-18T00:00:00.000,11:16,40.667522,-73.78063,0,0,0,0,4066,-7378,0.34615384615384615
2021-06-03T00:00:00.000,23:05,40.758972,-73.91901,1,0,1,1,4075,-7391,0.4777777777777778
2021-06-17T00:00:00.000,16:25,40.704964,-73.928116,0,0,0,0,4070,-7392,0.24305555555555555
2021-06-17T00:00:00.000,0:00,40.69297,-73.78024,0,0,0,0,4069,-7378,0.29310344827586204
2021-06-12T00:00:00.000,6:00,40.68157,-73.96452,0,0,0,0,4068,-7396,0.42567567567567566
2021-06-15T00:00:00.000,12:14,40.66839,-73.88032,0,0,0,0,4066,-7388,0.37012987012987014
2021-06-17T00:00:00.000,11:19,40.68489,-73.82148,3,0,1,1,4068,-7382,0.41975308641975306
2021-06-18T00:00:00.000,10:46,40.85901,-73.927635,0,0,0,0,4085,-7392,0.22
2021-06-17T00:00:00.000,11:50,40.742214,-73.86871,0,0,0,0,4074,-7386,0.3813559322033898
2021-06-16T00:00:00.000,19:48,40.734577,-74.010025,1,0,1,1,4073,-7401,0.42857142857142855
2021-06-18T00:00:00.000,4:50,40.85512,-73.872215,1,0,1,1,4085,-7387,0.375
2021-06-17T00:00:00.000,16:09,40.75399,-73.90031,1,0,1,1,4075,-7390,0.37254901960784315
2021-06-16T00:00:00.000,0:30,40.705227,-73.949844,0,0,0,0,4070,-7394,0.3956043956043956
2021-06-18T00:00:00.000,15:19,40.761585,-73.76086,0,0,0,0,4076,-7376,0.21739130434782608
2021-06-17T00:00:00.000,11:00,40.77532,-73.77521,0,0,0,0,4077,-7377,0.25
2022-09-23T00:00:00.000,9:18,40.699017,-73.80696,1,0,1,1,4069,-7380,0.38461538461538464
2021-06-16T00:00:00.000,16:11,40.636703,-73.99038,0,0,0,0,4063,-7399,0.47692307692307695
2021-06-17T00:00:00.000,7:00,40.83334,-73.89978,0,0,0,0,4083,-7389,0.3333333333333333
2021-06-17T00:00:00.000,5:20,40.750874,-73.862236,0,0,0,0,4075,-7386,0.33653846153846156
2021-06-18T00:00:00.000,22:22,40.74701,-73.977196,0,0,0,0,4074,-7397,0.4810810810810811
2021-06-14T00:00:00.000,19:30,40.686817,-73.97821,1,0,1,1,4068,-7397,0.3412322274881517
2021-06-16T00:00:00.000,14:30,40.817593,-73.95319,0,0,0,0,4081,-7395,0.3509933774834437
2021-06-17T00:00:00.000,20:05,40.67708,-73.79318,1,0,1,1,4067,-7379,0.4264705882352941
2021-06-17T00:00:00.000,21:08,40.666744,-73.91292,1,0,1,1,4066,-7391,0.3630952380952381
2021-06-18T00:00:00.000,16:30,40.683567,-73.94106,0,0,0,0,4068,-7394,0.4409448818897638
2021-06-16T00:00:00.000,9:28,40.74094,-73.91725,0,0,0,0,4074,-7391,0.38333333333333336
2021-06-16T00:00:00.000,22:40,40.817875,-73.89333,0,0,0,0,4081,-7389,0.31543624161073824
2021-06-16T00:00:00.000,21:30,40.73873,-73.81428,0,0,0,0,4073,-7381,0.3181818181818182
2021-06-17T00:00:00.000,16:45,40.57577,-74.16981,0,0,0,0,4057,-7416,0.36363636363636365
2021-06-14T00:00:00.000,15:30,40.677483,-73.93033,1,0,1,1,4067,-7393,0.3755868544600939
2021-06-16T00:00:00.000,18:37,40.70432,-73.89055,0,0,0,0,4070,-7389,0.2711864406779661
2021-06-18T00:00:00.000,19:36,40.590893,-73.80114,1,0,1,1,4059,-7380,0.5
2021-06-17T00:00:00.000,19:15,40.652462,-73.92285,1,0,1,1,4065,-7392,0.35555555555555557
2021-06-16T00:00:00.000,14:48,40.615837,-74.08473,7,0,1,1,4061,-7408,0.30612244897959184
2021-06-18T00:00:00.000,5:56,40.72656,-73.972046,0,0,0,0,4072,-7397,0.3283582089552239
2021-06-18T00:00:00.000,23:58,40.873695,-73.824394,1,0,1,1,4087,-7382,0.3333333333333333
2021-06-16T00:00:00.000,19:33,40.68067,-73.885826,2,0,1,1,4068,-7388,0.36538461538461536
2021-06-16T00:00:00.000,12:31,40.820747,-73.86766,0,0,0,0,4082,-7386,0.3493975903614458
2021-06-16T00:00:00.000,13:15,40.708942,-73.95942,1,0,1,1,4070,-7395,0.3475177304964539
2021-06-17T00:00:00.000,16:24,40.750248,-73.950516,0,0,0,0,4075,-7395,0.38095238095238093
2021-06-18T00:00:00.000,5:02,40.86679,-73.932495,0,0,0,0,4086,-7393,0.3333333333333333
2021-06-14T00:00:00.000,1:38,40.611313,-74.09844,1,0,1,1,4061,-7409,0.46153846153846156
2021-06-16T00:00:00.000,7:27,40.65622,-73.913155,1,0,1,1,4065,-7391,0.425
2021-05-12T00:00:00.000,18:00,40.693203,-73.953995,0,0,0,0,4069,-7395,0.30952380952380953
2021-06-18T00:00:00.000,20:18,40.86552,-73.88972,0,0,0,0,4086,-7388,0.23943661971830985
2021-06-16T00:00:00.000,14:00,40.632294,-73.96678,1,0,1,1,4063,-7396,0.34615384615384615
2021-06-17T00:00:00.000,12:40,40.850456,-73.899315,1,0,1,1,4085,-7389,0.3353658536585366
2021-06-12T00:00:00.000,16:20,40.877697,-73.86762,0,0,0,0,4087,-7386,0.3142857142857143
2021-06-18T00:00:00.000,19:00,40.76615,-73.919785,1,0,1,1,4076,-7391,0.40476190476190477
2022-09-23T00:00:00.000,23:26,40.711643,-73.94392,1,0,1,1,4071,-7394,0.3710691823899371
2021-06-17T00:00:00.000,15:22,40.691147,-73.90891,0,0,0,0,4069,-7390,0.29591836734693877
2021-06-15T00:00:00.000,17:15,40.657425,-73.99751,1,0,1,1,4065,-7399,0.4117647058823529
2023-01-11T00:00:00.000,3:23,40.881687,-73.90283,1,0,1,1,4088,-7390,0.2702702702702703
2021-06-16T00:00:00.000,8:40,40.691704,-73.94849,1,0,1,1,4069,-7394,0.417910447761194
2021-06-17T00:00:00.000,21:30,40.584923,-73.982,0,0,0,0,4058,-7398,0.4
2021-06-16T00:00:00.000,14:00,40.71699,-73.82402,1,0,1,1,4071,-7382,0.379746835443038
2021-06-18T00:00:00.000,10:10,40.619686,-74.03844,0,0,0,0,4061,-7403,0.2777777777777778
2021-06-17T00:00:00.000,23:59,40.8523,-73.91189,0,0,0,0,4085,-7391,0.373134328358209
2021-06-18T00:00:00.000,15:00,40.666893,-73.80546,0,0,0,0,4066,-7380,0.40789473684210525
2021-06-17T00:00:00.000,17:40,40.695957,-73.742744,0,0,0,0,4069,-7374,0.46774193548387094
2021-06-16T00:00:00.000,12:45,40.69936,-73.775024,0,0,0,0,4069,-7377,0.35135135135135137
2021-06-18T00:00:00.000,13:40,40.714928,-74.00795,1,0,1,1,4071,-7400,0.25517241379310346
2021-06-17T00:00:00.000,8:40,40.72495,-73.99492,1,0,1,1,4072,-7399,0.3829787234042553
2021-06-17T00:00:00.000,12:15,40.721462,-73.75013,0,0,0,0,4072,-7375,0.2727272727272727
2021-06-16T00:00:00.000,14:00,40.667885,-73.97413,0,0,0,0,4066,-7397,0.24390243902439024
2021-06-16T00:00:00.000,5:50,40.856045,-73.84395,0,0,0,0,4085,-7384,0.32432432432432434
2021-06-17T00:00:00.000,9:30,40.69775,-73.81393,2,0,1,1,4069,-7381,0.3902439024390244
2021-05-31T00:00:00.000,17:25,40.66172,-73.914536,3,0,1,1,4066,-7391,0.3630952380952381
2021-06-17T00:00:00.000,13:00,40.762287,-73.97027,0,0,0,0,4076,-7397,0.37
2021-06-18T00:00:00.000,0:46,40.684937,-73.91014,1,0,1,1,4068,-7391,0.344
2021-06-17T00:00:00.000,8:30,40.792725,-73.973206,0,0,0,0,4079,-7397,0.24210526315789474
2021-06-16T00:00:00.000,18:20,40.745983,-73.95301,0,0,0,0,4074,-7395,0.35185185185185186
2021-06-18T00:00:00.000,17:20,40.603188,-74.06724,0,0,0,0,4060,-7406,0.3076923076923077
2021-06-18T00:00:00.000,23:30,40.776897,-73.97547,1,0,1,1,4077,-7397,0.38235294117647056
2021-06-16T00:00:00.000,15:03,40.88273,-73.91606,0,0,0,0,4088,-7391,0.23076923076923078
2021-06-03T00:00:00.000,23:45,40.856358,-73.826515,0,0,0,0,4085,-7382,0.45714285714285713
2021-06-14T00:00:00.000,12:05,40.739166,-73.97997,1,0,1,1,4073,-7397,0.32558139534883723
2021-06-18T00:00:00.000,15:49,40.674934,-73.80186,0,0,0,0,4067,-7380,0.24615384615384617
2021-06-16T00:00:00.000,19:45,40.839294,-73.88418,1,0,1,1,4083,-7388,0.26717557251908397
2021-06-17T00:00:00.000,22:30,40.671566,-73.78466,1,0,1,1,4067,-7378,0.2
2021-06-18T00:00:00.000,13:45,40.661232,-73.87957,0,0,0,0,4066,-7387,0.38461538461538464
2021-05-27T00:00:00.000,15:52,40.70245,-73.92693,0,0,0,0,4070,-7392,0.24305555555555555
2021-06-17T00:00:00.000,23:11,40.700436,-73.81534,1,0,1,1,4070,-7381,0.3194444444444444
2021-06-16T00:00:00.000,16:43,40.76452,-73.98078,0,0,0,0,4076,-7398,0.3081761006289308
2021-06-17T00:00:00.000,20:45,40.86223,-73.91116,0,0,0,0,4086,-7391,0.38016528925619836
2021-06-16T00:00:00.000,20:00,40.611313,-74.09844,2,0,1,1,4061,-7409,0.46153846153846156
2021-06-17T00:00:00.000,18:00,40.833393,-73.89806,0,0,0,0,4083,-7389,0.3333333333333333
2021-06-16T00:00:00.000,10:00,40.643005,-74.00533,0,0,0,0,4064,-7400,0.36764705882352944
2021-06-17T00:00:00.000,6:30,40.837402,-73.84896,0,0,0,0,4083,-7384,0.22727272727272727
2021-06-17T00:00:00.000,19:21,40.743893,-73.9717,1,0,1,1,4074,-7397,0.4810810810810811
2021-06-18T00:00:00.000,14:15,40.68792,-73.98025,2,0,1,1,4068,-7398,0.3873239436619718
2021-06-17T00:00:00.000,9:40,40.679565,-73.93436,0,0,0,0,4067,-7393,0.3755868544600939
2021-06-18T00:00:00.000,11:47,0.0,0.0,0,0,0,0,0,0,0.40425531914893614
2021-06-16T00:00:00.000,22:25,40.88534,-73.895096,1,0,1,1,4088,-7389,0.4626865671641791
2021-06-10T00:00:00.000,15:55,40.825687,-73.86102,1,0,1,1,4082,-7386,0.3493975903614458
2021-06-16T00:00:00.000,11:59,40.667915,-73.95606,0,0,0,0,4066,-7395,0.44375
2021-06-17T00:00:00.000,7:00,40.762386,-73.911804,1,0,1,1,4076,-7391,0.40476190476190477
2021-06-17T00:00:00.000,23:28,40.594616,-73.99743,0,0,0,0,4059,-7399,0.3076923076923077
2021-06-17T00:00:00.000,23:10,40.759624,-73.970085,0,0,0,0,4075,-7397,0.375886524822695
2021-06-17T00:00:00.000,1:00,40.54814,-74.17559,0,0,0,0,4054,-7417,0.4444444444444444
2021-06-16T00:00:00.000,1:50,40.618526,-74.11819,0,0,0,0,4061,-7411,0.36
2021-06-17T00:00:00.000,17:00,40.669228,-73.9556,1,0,1,1,4066,-7395,0.44375
2021-06-16T00:00:00.000,20:12,40.83577,-73.88655,0,0,0,0,4083,-7388,0.26717557251908397
2021-06-16T00:00:00.000,16:23,40.631756,-73.989716,0,0,0,0,4063,-7398,0.4827586206896552
2021-06-17T00:00:00.000,9:30,40.72045,-73.95271,0,0,0,0,4072,-7395,0.22093023255813954
2021-06-18T00:00:00.000,22:54,40.659668,-73.99518,1,0,1,1,4065,-7399,0.4117647058823529
2021-06-12T00:00:00.000,3:58,40.71319,-73.91078,0,0,0,0,4071,-7391,0.1836734693877551
2021-06-15T00:00:00.000,11:29,40.751575,-73.982285,0,0,0,0,4075,-7398,0.3170731707317073
2021-06-17T00:00:00.000,10:50,40.854168,-73.93371,0,0,0,0,4085,-7393,0.36585365853658536
2021-06-17T00:00:00.000,0:58,40.678364,-73.90822,0,0,0,0,4067,-7390,0.3282442748091603
2021-06-16T00:00:00.000,17:25,40.697556,-73.852776,1,0,1,1,4069,-7385,0.34
2021-06-18T00:00:00.000,4:58,40.648922,-73.94938,0,0,0,0,4064,-7394,0.42342342342342343
2021-06-16T00:00:00.000,0:00,40.666393,-73.75177,0,0,0,0,4066,-7375,0.3
2021-06-18T00:00:00.000,17:42,40.683777,-73.76975,0,0,0,0,4068,-7376,0.35714285714285715
2021-06-14T00:00:00.000,9:30,40.734818,-73.98865,0,0,0,0,4073,-7398,0.36942675159235666
2021-06-18T00:00:00.000,22:30,40.75254,-73.85261,0,0,0,0,4075,-7385,0.3048780487804878
2021-06-18T00:00:00.000,9:20,40.6687,-73.9965,1,0,1,1,4066,-7399,0.40540540540540543
2021-06-17T00:00:00.000,19:55,40.669895,-73.909386,0,0,0,0,4066,-7390,0.2777777777777778
2021-06-18T00:00:00.000,11:30,40.665485,-73.75137,1,0,1,1,4066,-7375,0.3
2021-06-16T00:00:00.000,9:45,40.82924,-73.93484,2,0,1,1,4082,-7393,0.36645962732919257
2021-05-19T00:00:00.000,17:00,40.68039,-73.94956,1,0,1,1,4068,-7394,0.4409448818897638
2021-06-18T00:00:00.000,22:15,40.575512,-73.98241,4,0,1,1,4057,-7398,0.36904761904761907
2021-06-16T00:00:00.000,18:02,40.68502,-73.97123,0,0,0,0,4068,-7397,0.3412322274881517
2021-06-16T00:00:00.000,8:00,40.780537,-73.958084,0,0,0,0,4078,-7395,0.42168674698795183
2021-06-18T00:00:00.000,14:48,40.585197,-73.95289,0,0,0,0,4058,-7395,0.3465346534653465
2021-06-16T00:00:00.000,16:24,40.84675,-73.848724,1,0,1,1,4084,-7384,0.4222222222222222
2021-06-16T00:00:00.000,15:51,40.71546,-74.00594,0,0,0,0,4071,-7400,0.25517241379310346
2021-06-18T00:00:00.000,15:49,40.584003,-73.93588,0,0,0,0,4058,-7393,0.24324324324324326
2021-06-18T00:00:00.000,15:00,40.67695,-73.93675,0,0,0,0,4067,-7393,0.3755868544600939
2021-06-14T00:00:00.000,23:08,40.642548,-74.016655,0,0,0,0,4064,-7401,0.4295774647887324
2021-06-16T00:00:00.000,23:30,40.73295,-73.85217,0,0,0,0,4073,-7385,0.3619047619047619
2021-06-17T00:00:00.000,19:30,40.582195,-74.1103,0,0,0,0,4058,-7411,0.5
2021-06-17T00:00:00.000,12:30,40.782703,-73.97123,0,0,0,0,4078,-7397,0.3434343434343434
2021-06-12T00:00:00.000,6:30,40.85476,-73.86294,0,0,0,0,4085,-7386,0.33766233766233766
2021-06-17T00:00:00.000,20:54,40.841843,-73.94539,0,0,0,0,4084,-7394,0.17543859649122806
2021-06-17T00:00:00.000,14:00,40.6698,-73.89634,1,0,1,1,4066,-7389,0.3103448275862069
2021-06-17T00:00:00.000,19:40,40.687534,-73.9775,0,0,0,0,4068,-7397,0.3412322274881517
2021-06-16T00:00:00.000,16:40,40.591187,-73.940125,0,0,0,0,4059,-7394,0.275
2021-06-16T00:00:00.000,16:00,40.69577,-73.788246,0,0,0,0,4069,-7378,0.29310344827586204
2021-06-16T00:00:00.000,16:05,40.542423,-74.14592,3,0,1,1,4054,-7414,0.2631578947368421
2021-06-15T00:00:00.000,19:22,40.8485,-73.820496,0,0,0,0,4084,-7382,0.4
2021-06-17T00:00:00.000,9:50,0.0,0.0,0,0,0,0,0,0,0.40425531914893614
2021-06-17T00:00:00.000,0:07,40.689407,-73.913956,1,0,1,1,4068,-7391,0.344
2021-06-17T00:00:00.000,18:05,40.748222,-73.943886,0,0,0,0,4074,-7394,0.33962264150943394
2021-06-16T00:00:00.000,20:21,40.680542,-73.99466,0,0,0,0,4068,-7399,0.17857142857142858
2021-06-16T00:00:00.000,8:15,40.785343,-73.95764,1,0,1,1,4078,-7395,0.42168674698795183
2021-06-15T00:00:00.000,8:35,40.732403,-74.0102,1,0,1,1,4073,-7401,0.42857142857142855
2021-06-17T00:00:00.000,11:50,40.70753,-73.96443,0,0,0,0,4070,-7396,0.3431372549019608
2021-06-18T00:00:00.000,20:52,40.686104,-73.794586,0,0,0,0,4068,-7379,0.35
2021-06-17T00:00:00.000,23:25,40.761036,-73.98702,0,0,0,0,4076,-7398,0.3081761006289308
2021-06-17T00:00:00.000,18:22,40.693825,-73.93422,0,0,0,0,4069,-7393,0.3141025641025641
2021-06-16T00:00:00.000,14:00,40.847412,-73.93331,0,0,0,0,4084,-7393,0.32786885245901637
2021-06-16T00:00:00.000,18:07,40.77175,-73.94916,0,0,0,0,4077,-7394,0.28
2021-06-17T00:00:00.000,13:50,40.682983,-73.88157,0,0,0,0,4068,-7388,0.36538461538461536
2021-06-18T00:00:00.000,10:40,40.710533,-73.95514,0,0,0,0,4071,-7395,0.36585365853658536
2021-06-17T00:00:00.000,23:30,40.658413,-74.00357,1,0,1,1,4065,-7400,0.41509433962264153
2021-06-18T00:00:00.000,20:30,40.629795,-74.074715,0,0,0,0,4062,-7407,0.35714285714285715
2021-06-17T00:00:00.000,18:51,40.732838,-74.00213,0,0,0,0,4073,-7400,0.2403846153846154
2021-06-17T00:00:00.000,21:50,40.716385,-73.96143,0,0,0,0,4071,-7396,0.3218390804597701
2021-06-17T00:00:00.000,8:00,40.697582,-73.94965,0,0,0,0,4069,-7394,0.417910447761194
2021-06-17T00:00:00.000,14:45,40.73372,-73.766365,0,0,0,0,4073,-7376,0.2857142857142857
2021-06-18T00:00:00.000,8:00,40.71071,-73.793045,0,0,0,0,4071,-7379,0.3888888888888889
2021-06-16T00:00:00.000,11:43,40.852486,-73.927704,0,0,0,0,4085,-7392,0.22
2021-06-09T00:00:00.000,16:29,40.735462,-73.91749,0,0,0,0,4073,-7391,0.33962264150943394
2021-06-17T00:00:00.000,10:10,40.667564,-73.89478,0,0,0,0,4066,-7389,0.3103448275862069
2021-06-11T00:00:00.000,11:29,40.716484,-73.95704,1,0,1,1,4071,-7395,0.36585365853658536
2021-06-17T00:00:00.000,14:10,40.69822,-73.943954,1,0,1,1,4069,-7394,0.417910447761194
2021-06-18T00:00:00.000,23:25,40.730103,-73.98657,0,0,0,0,4073,-7398,0.36942675159235666
2021-06-17T00:00:00.000,17:30,40.641514,-73.91741,3,0,1,1,4064,-7391,0.39805825242718446
2021-06-16T00:00:00.000,18:50,40.65591,-73.89191,0,0,0,0,4065,-7389,0.34965034965034963
2021-06-17T00:00:00.000,15:30,40.755222,-73.96135,0,0,0,0,4075,-7396,0.4788732394366197
2021-06-10T00:00:00.000,15:30,40.730045,-73.802376,0,0,0,0,4073,-7380,0.34285714285714286
2021-06-16T00:00:00.000,8:43,40.83516,-73.94561,0,0,0,0,4083,-7394,0.38926174496644295
2021-06-18T00:00:00.000,12:45,40.818794,-73.92213,0,0,0,0,4081,-7392,0.4714285714285714
2021-06-16T00:00:00.000,9:30,40.632435,-73.88818,1,0,1,1,4063,-7388,0.3835616438356164
2021-06-16T00:00:00.000,23:00,40.8451,-73.91878,0,0,0,0,4084,-7391,0.32558139534883723
2021-06-18T00:00:00.000,17:26,40.868546,-73.88832,0,0,0,0,4086,-7388,0.23943661971830985
2021-06-17T00:00:00.000,15:01,40.700813,-73.95447,1,0,1,1,4070,-7395,0.3475177304964539
2021-06-14T00:00:00.000,18:00,40.757874,-73.91769,0,0,0,0,4075,-7391,0.4777777777777778
2021-06-17T00:00:00.000,19:26,40.67652,-73.73711,2,0,1,1,4067,-7373,0.46835443037974683
2021-06-18T00:00:00.000,5:30,40.830063,-73.844284,0,0,0,0,4083,-7384,0.22727272727272727
2021-06-18T00:00:00.000,16:25,40.689228,-73.9847,0,0,0,0,4068,-7398,0.3873239436619718
2021-06-18T00:00:00.000,14:30,40.667313,-73.73926,1,0,1,1,4066,-7373,0.44339622641509435
2021-06-16T00:00:00.000,12:30,40.646378,-73.97085,1,0,1,1,4064,-7397,0.4095238095238095
2021-06-18T00:00:00.000,12:17,40.827393,-73.85159,0,0,0,0,4082,-7385,0.27
2021-06-16T00:00:00.000,14:00,40.620502,-73.998604,0,0,0,0,4062,-7399,0.3835616438356164
2021-06-15T00:00:00.000,21:00,40.720898,-73.823456,0,0,0,0,4072,-7382,0.45454545454545453
2021-06-03T00:00:00.000,23:35,40.761272,-73.95571,0,0,0,0,4076,-7395,0.3696969696969697
2021-06-16T00:00:00.000,23:05,40.865257,-73.9096,2,0,1,1,4086,-7390,0.42748091603053434
2021-06-15T00:00:00.000,9:50,40.746906,-73.90161,0,0,0,0,4074,-7390,0.40625
2021-06-17T00:00:00.000,5:26,40.670074,-73.90818,0,0,0,0,4067,-7390,0.3282442748091603
2021-06-17T00:00:00.000,23:50,40.729553,-73.91188,1,0,1,1,4072,-7391,0.36
2021-06-16T00:00:00.000,21:16,40.848957,-73.86024,1,0,1,1,4084,-7386,0.375
2021-06-17T00:00:00.000,19:30,40.724693,-73.7541,0,0,0,0,4072,-7375,0.2727272727272727
2021-06-15T00:00:00.000,14:12,40.8398,-73.928665,0,0,0,0,4083,-7392,0.310126582278481
2021-06-16T00:00:00.000,18:00,40.713207,-73.97739,1,0,1,1,4071,-7397,0.41509433962264153
2021-06-17T00:00:00.000,13:32,40.835297,-73.91291,1,0,1,1,4083,-7391,0.33714285714285713
2021-06-18T00:00:00.000,4:10,40.631615,-74.016335,0,0,0,0,4063,-7401,0.37777777777777777
2021-06-14T00:00:00.000,20:50,40.613564,-74.07918,0,0,0,0,4061,-7407,0.2
2021-06-16T00:00:00.000,18:00,40.86661,-73.90121,1,0,1,1,4086,-7390,0.42748091603053434
2021-06-16T00:00:00.000,17:10,40.679276,-73.92906,0,0,0,0,4067,-7392,0.39655172413793105
2021-06-18T00:00:00.000,11:00,40.72499,-73.94945,0,0,0,0,4072,-7394,0.19801980198019803
2021-06-16T00:00:00.000,14:30,40.8218,-73.87664,1,0,1,1,4082,-7387,0.33544303797468356
2021-06-17T00:00:00.000,17:04,40.818638,-73.81003,0,0,0,0,4081,-7381,0.25
2021-06-11T00:00:00.000,10:45,40.6298,-73.91837,1,0,1,1,4062,-7391,0.3333333333333333
2021-06-18T00:00:00.000,15:32,40.67253,-73.89152,0,0,0,0,4067,-7389,0.33852140077821014
2021-06-18T00:00:00.000,17:50,40.73765,-73.90557,0,0,0,0,4073,-7390,0.42424242424242425
2021-06-17T00:00:00.000,10:48,40.8339,-73.883514,0,0,0,0,4083,-7388,0.26717557251908397
2021-06-18T00:00:00.000,18:55,40.844715,-73.91228,0,0,0,0,4084,-7391,0.32558139534883723
2021-06-17T00:00:00.000,15:00,40.678543,-73.949684,0,0,0,0,4067,-7394,0.34074074074074073
2021-06-16T00:00:00.000,18:30,40.763546,-73.88209,0,0,0,0,4076,-7388,0.43283582089552236
2021-06-16T00:00:00.000,15:18,40.70712,-73.94551,1,0,1,1,4070,-7394,0.3956043956043956
2021-06-07T00:00:00.000,9:50,40.58667,-73.966156,0,0,0,0,4058,-7396,0.37333333333333335
2021-06-17T00:00:00.000,22:55,40.754864,-73.85255,1,0,1,1,4075,-7385,0.3048780487804878
2021-06-18T00:00:00.000,20:30,40.83516,-73.94561,1,0,1,1,4083,-7394,0.38926174496644295
2021-06-14T00:00:00.000,16:16,40.66331,-73.92106,0,0,0,0,4066,-7392,0.355
2021-06-17T00:00:00.000,17:10,40.740856,-74.005165,1,0,1,1,4074,-7400,0.27710843373493976
2021-06-05T00:00:00.000,13:05,40.680088,-73.94398,1,0,1,1,4068,-7394,0.4409448818897638
2021-06-18T00:00:00.000,11:52,40.67227,-73.99935,0,0,0,0,4067,-7399,0.3258426966292135
2021-06-16T00:00:00.000,4:00,40.752975,-73.91024,1,0,1,1,4075,-7391,0.4777777777777778
2021-06-17T00:00:00.000,17:30,40.70307,-73.87864,3,0,1,1,4070,-7387,0.24324324324324326
2021-06-18T00:00:00.000,12:55,40.539177,-74.19543,1,0,1,1,4053,-7419,0.2857142857142857
2021-06-17T00:00:00.000,14:20,40.622643,-74.028435,0,0,0,0,4062,-7402,0.3625
2021-06-09T00:00:00.000,10:00,40.666443,-73.924255,0,0,0,0,4066,-7392,0.355
2021-06-17T00:00:00.000,22:45,40.615005,-73.980225,1,0,1,1,4061,-7398,0.3698630136986301
2021-06-16T00:00:00.000,9:10,40.838593,-73.83556,0,0,0,0,4083,-7383,0.36363636363636365
2021-06-17T00:00:00.000,17:24,40.678204,-73.72793,0,0,0,0,4067,-7372,0.3888888888888889
2021-06-16T00:00:00.000,11:00,40.68945,-73.85145,1,0,1,1,4068,-7385,0.43103448275862066
2021-06-17T00:00:00.000,19:35,40.613525,-74.11685,0,0,0,0,4061,-7411,0.36
2021-06-17T00:00:00.000,9:16,40.67543,-73.73389,1,0,1,1,4067,-7373,0.46835443037974683
2021-06-16T00:00:00.000,21:52,40.76161,-73.97076,2,0,1,1,4076,-7397,0.37
2021-06-18T00:00:00.000,8:24,40.761166,-73.82938,0,0,0,0,4076,-7382,0.2987012987012987
2021-06-16T00:00:00.000,6:00,40.730137,-73.92693,0,0,0,0,4073,-7392,0.4444444444444444
2021-06-17T00:00:00.000,17:20,40.764385,-73.96358,1,0,1,1,4076,-7396,0.3023255813953488
2021-06-16T00:00:00.000,23:40,40.74209,-73.984985,0,0,0,0,4074,-7398,0.40131578947368424
2021-06-16T00:00:00.000,12:13,40.868694,-73.90237,1,0,1,1,4086,-7390,0.42748091603053434
2021-06-17T00:00:00.000,0:10,40.710842,-73.95237,1,0,1,1,4071,-7395,0.36585365853658536
2021-06-17T00:00:00.000,0:00,40.84519,-73.9112,0,0,0,0,4084,-7391,0.32558139534883723
2021-06-16T00:00:00.000,15:15,40.851936,-73.91078,0,0,0,0,4085,-7391,0.373134328358209
2021-06-16T00:00:00.000,16:30,40.706593,-73.76161,0,0,0,0,4070,-7376,0.43902439024390244
2021-04-26T00:00:00.000,18:00,40.817738,-73.924164,0,0,0,0,4081,-7392,0.4714285714285714
2021-06-16T00:00:00.000,14:00,0.0,0.0,1,0,1,1,0,0,0.40425531914893614
2021-06-17T00:00:00.000,14:25,40.645794,-73.9602,1,0,1,1,4064,-7396,0.4714285714285714
2021-06-18T00:00:00.000,23:05,40.659336,-73.92726,0,0,0,0,4065,-7392,0.35555555555555557
2021-06-16T00:00:00.000,11:55,40.79525,-73.97321,0,0,0,0,4079,-7397,0.24210526315789474
2021-06-18T00:00:00.000,16:25,40.775623,-73.952484,0,0,0,0,4077,-7395,0.3384615384615385
2021-06-16T00:00:00.000,4:00,40.84497,-73.90247,2,0,1,1,4084,-7390,0.366120218579235
2021-06-16T00:00:00.000,9:34,40.752445,-73.96461,0,0,0,0,4075,-7396,0.4788732394366197
2021-06-18T00:00:00.000,12:45,40.624958,-74.145775,1,0,1,1,4062,-7414,0.20408163265306123
2021-06-18T00:00:00.000,11:52,40.68949,-73.92207,1,0,1,1,4068,-7392,0.2542372881355932
2021-06-16T00:00:00.000,10:00,40.863194,-73.91742,1,0,1,1,4086,-7391,0.38016528925619836
2021-06-16T00:00:00.000,17:00,40.727955,-73.733765,0,0,0,0,4072,-7373,0.4642857142857143
2021-06-16T00:00:00.000,17:00,40.67546,-73.73385,0,0,0,0,4067,-7373,0.46835443037974683
2021-06-16T00:00:00.000,15:10,40.81969,-73.90161,0,0,0,0,4081,-7390,0.3888888888888889
2021-06-16T00:00:00.000,20:36,40.831947,-73.91987,0,0,0,0,4083,-7391,0.33714285714285713
2022-09-20T00:00:00.000,13:30,40.81614,-73.894875,0,0,0,0,4081,-7389,0.31543624161073824
2021-06-15T00:00:00.000,14:20,40.543575,-74.17002,0,0,0,0,4054,-7417,0.4444444444444444
2021-06-16T00:00:00.000,16:15,40.82864,-73.85344,0,0,0,0,4082,-7385,0.27
2021-06-16T00:00:00.000,19:12,40.611427,-74.116844,1,0,1,1,4061,-7411,0.36
2021-06-18T00:00:00.000,11:08,40.60886,-73.965065,1,0,1,1,4060,-7396,0.5714285714285714
2021-06-17T00:00:00.000,22:25,40.783665,-73.80862,0,0,0,0,4078,-7380,0.30434782608695654
2021-06-17T00:00:00.000,13:52,40.79166,-73.96469,1,0,1,1,4079,-7396,0.25
2021-06-17T00:00:00.000,18:00,40.75158,-73.74572,0,0,0,0,4075,-7374,0.3333333333333333
2021-06-17T00:00:00.000,4:40,40.669018,-73.93502,0,0,0,0,4066,-7393,0.38578680203045684
2021-06-01T00:00:00.000,10:00,40.68879,-73.928276,0,0,0,0,4068,-7392,0.2542372881355932
2021-06-18T00:00:00.000,23:20,40.658577,-73.89063,0,0,0,0,4065,-7389,0.34965034965034963
2021-06-17T00:00:00.000,23:55,40.66669,-73.81173,0,0,0,0,4066,-7381,0.4716981132075472
2021-06-16T00:00:00.000,7:33,40.75457,-73.97169,0,0,0,0,4075,-7397,0.375886524822695
2021-06-17T00:00:00.000,18:00,40.675312,-73.777145,0,0,0,0,4067,-7377,0.32608695652173914
2021-06-16T00:00:00.000,17:00,40.757874,-73.788506,0,0,0,0,4075,-7378,0.18518518518518517
2021-06-15T00:00:00.000,14:30,40.679737,-73.76162,0,0,0,0,4067,-7376,0.23076923076923078
2021-06-17T00:00:00.000,7:13,40.833412,-73.85906,0,0,0,0,4083,-7385,0.30158730158730157
2021-06-18T00:00:00.000,7:22,40.83848,-73.900986,1,0,1,1,4083,-7390,0.3064516129032258
2021-06-16T00:00:00.000,11:00,40.726967,-73.89655,0,0,0,0,4072,-7389,0.41379310344827586
2021-06-17T00:00:00.000,13:40,40.70114,-73.73827,1,0,1,1,4070,-7373,0.52
2021-06-16T00:00:00.000,18:50,40.60929,-73.968765,0,0,0,0,4060,-7396,0.5714285714285714
2021-06-05T00:00:00.000,20:06,40.691563,-73.96953,1,0,1,1,4069,-7396,0.325
2021-06-17T00:00:00.000,23:00,40.618244,-74.0024,1,0,1,1,4061,-7400,0.3076923076923077
2021-06-17T00:00:00.000,14:47,40.826855,-73.922676,1,0,1,1,4082,-7392,0.3333333333333333
2021-06-17T00:00:00.000,18:45,40.502773,-74.25184,0,0,0,0,4050,-7425,0.0
2021-06-10T00:00:00.000,19:55,40.764305,-73.9688,1,0,1,1,4076,-7396,0.3023255813953488
2021-06-10T00:00:00.000,8:00,40.680607,-73.91953,0,0,0,0,4068,-7391,0.344
2021-06-17T00:00:00.000,16:03,40.841843,-73.94539,1,0,1,1,4084,-7394,0.17543859649122806
2021-06-16T00:00:00.000,9:58,40.81821,-73.96144,0,0,0,0,4081,-7396,0.2222222222222222
2021-06-15T00:00:00.000,16:07,40.75595,-73.99074,0,0,0,0,4075,-7399,0.2830188679245283
2021-06-18T00:00:00.000,21:40,40.640053,-74.08018,1,0,1,1,4064,-7408,0.2894736842105263
2021-06-16T00:00:00.000,18:33,40.829185,-73.928764,1,0,1,1,4082,-7392,0.3333333333333333
2021-06-18T00:00:00.000,23:24,40.57741,-73.96237,0,0,0,0,4057,-7396,0.3191489361702128
2021-06-17T00:00:00.000,13:42,40.66478,-73.88642,1,0,1,1,4066,-7388,0.37012987012987014
2021-06-17T00:00:00.000,6:05,40.8047,-73.91243,1,0,1,1,4080,-7391,0.38961038961038963
2021-06-16T00:00:00.000,12:00,40.69816,-73.92528,0,0,0,0,4069,-7392,0.3584905660377358
2021-06-16T00:00:00.000,9:10,40.673946,-73.87297,0,0,0,0,4067,-7387,0.30344827586206896
2021-06-18T00:00:00.000,17:12,40.575428,-73.977875,0,0,0,0,4057,-7397,0.2619047619047619
2021-06-17T00:00:00.000,9:00,40.852673,-73.919106,0,0,0,0,4085,-7391,0.373134328358209
2021-06-17T00:00:00.000,17:00,40.67428,-73.916695,0,0,0,0,4067,-7391,0.36597938144329895
2021-06-16T00:00:00.000,22:49,40.754375,-73.8234,1,0,1,1,4075,-7382,0.4915254237288136
2021-06-16T00:00:00.000,13:16,40.78126,-73.949265,0,0,0,0,4078,-7394,0.33513513513513515
2021-05-30T00:00:00.000,0:00,40.693874,-73.91777,0,0,0,0,4069,-7391,0.2709677419354839
2021-06-18T00:00:00.000,13:40,40.70321,-73.94626,0,0,0,0,4070,-7394,0.3956043956043956
2021-06-16T00:00:00.000,13:50,40.66175,-73.99562,0,0,0,0,4066,-7399,0.40540540540540543
2021-06-17T00:00:00.000,14:30,40.795532,-73.975845,0,0,0,0,4079,-7397,0.24210526315789474
2021-06-18T00:00:00.000,13:04,40.855133,-73.93688,0,0,0,0,4085,-7393,0.36585365853658536
2021-06-17T00:00:00.000,13:00,40.71142,-73.95313,0,0,0,0,4071,-7395,0.36585365853658536
2021-06-15T00:00:00.000,19:00,40.733555,-73.89499,0,0,0,0,4073,-7389,0.2857142857142857
2021-06-18T00:00:00.000,17:14,40.616913,-73.98187,0,0,0,0,4061,-7398,0.3698630136986301
2021-06-18T00:00:00.000,11:00,40.748386,-73.89897,0,0,0,0,4074,-7389,0.3203125
2021-06-17T00:00:00.000,17:30,40.70558,-73.739716,2,0,1,1,4070,-7373,0.52
2021-06-17T00:00:00.000,0:15,40.752262,-73.87719,0,0,0,0,4075,-7387,0.33884297520661155
2021-06-17T00:00:00.000,19:10,40.63787,-73.90963,1,0,1,1,4063,-7390,0.3561643835616438
2021-06-16T00:00:00.000,8:09,40.703156,-73.94731,0,0,0,0,4070,-7394,0.3956043956043956
2021-06-16T00:00:00.000,10:15,40.605305,-74.162224,0,0,0,0,4060,-7416,0.42857142857142855
2021-06-17T00:00:00.000,7:43,40.814304,-73.89653,0,0,0,0,4081,-7389,0.31543624161073824
2021-06-16T00:00:00.000,0:10,40.72515,-73.95261,0,0,0,0,4072,-7395,0.22093023255813954
2021-06-16T00:00:00.000,14:44,40.662804,-73.98834,0,0,0,0,4066,-7398,0.421875
2021-06-16T00:00:00.000,13:40,40.76849,-73.95157,0,0,0,0,4076,-7395,0.3696969696969697
2021-06-18T00:00:00.000,14:25,40.720726,-73.760185,0,0,0,0,4072,-7376,0.5
2021-06-18T00:00:00.000,6:15,40.828236,-73.88602,0,0,0,0,4082,-7388,0.27624309392265195
2021-06-16T00:00:00.000,16:19,40.760345,-73.92008,1,0,1,1,4076,-7392,0.42105263157894735
2021-06-17T00:00:00.000,10:45,40.694275,-73.99243,0,0,0,0,4069,-7399,0.29473684210526313
2021-06-15T00:00:00.000,19:00,40.761036,-73.98702,0,0,0,0,4076,-7398,0.3081761006289308
2021-06-17T00:00:00.000,11:10,40.64193,-73.95841,1,0,1,1,4064,-7395,0.4796747967479675
2021-06-17T00:00:00.000,21:53,40.834187,-73.909584,0,0,0,0,4083,-7390,0.3064516129032258
2021-06-16T00:00:00.000,17:36,40.648056,-73.89162,1,0,1,1,4064,-7389,0.43478260869565216
2021-06-18T00:00:00.000,8:10,40.602528,-74.015114,0,0,0,0,4060,-7401,0.30357142857142855
2021-06-16T00:00:00.000,17:15,40.703022,-73.83768,0,0,0,0,4070,-7383,0.3541666666666667
2021-06-17T00:00:00.000,7:54,40.84321,-73.85591,0,0,0,0,4084,-7385,0.32727272727272727
2021-06-17T00:00:00.000,0:40,40.67765,-73.949776,0,0,0,0,4067,-7394,0.34074074074074073
2021-06-17T00:00:00.000,20:00,40.623253,-74.08383,0,0,0,0,4062,-7408,0.2
2021-06-17T00:00:00.000,18:53,40.822002,-73.82015,1,0,1,1,4082,-7382,0.46153846153846156
2021-06-18T00:00:00.000,12:30,40.861347,-73.897736,0,0,0,0,4086,-7389,0.40606060606060607
2021-06-17T00:00:00.000,8:30,40.65806,-73.93497,0,0,0,0,4065,-7393,0.44366197183098594
2021-06-13T00:00:00.000,4:05,40.677338,-73.927536,0,0,0,0,4067,-7392,0.39655172413793105
2021-06-18T00:00:00.000,21:42,40.67693,-74.00211,0,0,0,0,4067,-7400,0.20967741935483872
2021-06-18T00:00:00.000,13:58,40.60457,-73.75355,0,0,0,0,4060,-7375,0.17117117117117117
2021-06-17T00:00:00.000,19:37,40.861877,-73.89316,0,0,0,0,4086,-7389,0.40606060606060607
2022-09-23T00:00:00.000,12:10,40.8604,-73.90585,0,0,0,0,4086,-7390,0.42748091603053434
2021-06-17T00:00:00.000,19:40,40.692936,-73.75774,0,0,0,0,4069,-7375,0.3584905660377358
2021-06-18T00:00:00.000,17:50,40.872066,-73.85525,0,0,0,0,4087,-7385,0.37681159420289856
2021-06-16T00:00:00.000,22:38,40.636627,-73.94226,1,0,1,1,4063,-7394,0.358974358974359
2021-06-18T00:00:00.000,23:30,40.821552,-73.90567,0,0,0,0,4082,-7390,0.3025210084033613
2021-06-17T00:00:00.000,15:40,40.69579,-73.93313,1,0,1,1,4069,-7393,0.3141025641025641
2021-06-14T00:00:00.000,11:30,40.67295,-73.92517,0,0,0,0,4067,-7392,0.39655172413793105
2021-03-25T00:00:00.000,17:00,40.68272,-73.96321,0,0,0,0,4068,-7396,0.42567567567567566
2021-06-18T00:00:00.000,4:35,40.72711,-73.94958,1,0,1,1,4072,-7394,0.19801980198019803
2021-06-17T00:00:00.000,23:00,40.702568,-73.95026,2,0,1,1,4070,-7395,0.3475177304964539
2021-06-18T00:00:00.000,21:20,40.621418,-73.92614,0,0,0,0,4062,-7392,0.3611111111111111
2021-06-17T00:00:00.000,20:00,40.682236,-73.913536,0,0,0,0,4068,-7391,0.344
2021-06-10T00:00:00.000,15:00,40.81455,-73.92917,1,0,1,1,4081,-7392,0.4714285714285714
2021-06-17T00:00:00.000,7:50,40.601,-73.979385,1,0,1,1,4060,-7397,0.3469387755102041
2021-06-18T00:00:00.000,20:30,40.6679,-73.84204,1,0,1,1,4066,-7384,0.5925925925925926
2021-06-18T00:00:00.000,8:40,40.742855,-73.942635,0,0,0,0,4074,-7394,0.33962264150943394
2021-06-16T00:00:00.000,21:00,40.61515,-74.00204,2,0,1,1,4061,-7400,0.3076923076923077
2021-06-18T00:00:00.000,15:11,40.685074,-73.9779,0,0,0,0,4068,-7397,0.3412322274881517
2021-06-13T00:00:00.000,2:15,40.688988,-73.84591,2,0,1,1,4068,-7384,0.3333333333333333
2021-06-14T00:00:00.000,11:13,40.86446,-73.91895,1,0,1,1,4086,-7391,0.38016528925619836
2021-06-18T00:00:00.000,11:55,40.673588,-73.73351,2,0,1,1,4067,-7373,0.46835443037974683
2021-06-15T00:00:00.000,0:20,40.620476,-73.96634,0,0,0,0,4062,-7396,0.375
2021-06-16T00:00:00.000,17:13,40.862755,-73.901085,0,0,0,0,4086,-7390,0.42748091603053434
2021-06-16T00:00:00.000,21:00,40.780148,-73.847855,1,0,1,1,4078,-7384,0.23809523809523808
2021-06-18T00:00:00.000,2:01,40.847412,-73.93331,2,0,1,1,4084,-7393,0.32786885245901637
2021-06-13T00:00:00.000,21:53,40.72291,-73.80468,1,0,1,1,4072,-7380,0.2727272727272727
2021-06-18T00:00:00.000,12:45,40.884014,-73.8791,0,0,0,0,4088,-7387,0.14583333333333334
2021-06-18T00:00:00.000,18:58,40.645134,-73.90232,0,0,0,0,4064,-7390,0.4017094017094017
2021-06-18T00:00:00.000,9:55,40.7791,-73.91799,0,0,0,0,4077,-7391,0.3157894736842105
2021-06-16T00:00:00.000,12:37,40.694378,-73.803764,0,0,0,0,4069,-7380,0.38461538461538464
2021-06-16T00:00:00.000,9:45,40.740173,-73.999435,0,0,0,0,4074,-7399,0.3333333333333333
2021-06-16T00:00:00.000,18:25,40.762917,-73.98566,0,0,0,0,4076,-7398,0.3081761006289308
2021-06-17T00:00:00.000,23:42,0.0,0.0,0,0,0,0,0,0,0.40425531914893614
2021-06-16T00:00:00.000,11:15,40.818905,-73.89022,0,0,0,0,4081,-7389,0.31543624161073824
2021-06-16T00:00:00.000,11:15,40.666138,-73.948074,1,0,1,1,4066,-7394,0.36792452830188677
2021-06-17T00:00:00.000,18:30,40.63225,-74.00577,0,0,0,0,4063,-7400,0.3068181818181818
2021-06-17T00:00:00.000,0:45,40.853477,-73.82622,1,0,1,1,4085,-7382,0.45714285714285713
2021-06-17T00:00:00.000,14:00,40.710876,-74.01439,0,0,0,0,4071,-7401,0.3181818181818182
2021-06-18T00:00:00.000,9:45,40.68059,-73.86618,0,0,0,0,4068,-7386,0.423728813559322
2021-06-17T00:00:00.000,20:46,40.847363,-73.8579,0,0,0,0,4084,-7385,0.32727272727272727
2021-06-18T00:00:00.000,22:20,40.744465,-73.77179,0,0,0,0,4074,-7377,0.36363636363636365
2021-06-06T00:00:00.000,18:50,40.714104,-73.949036,0,0,0,0,4071,-7394,0.3710691823899371
2021-06-18T00:00:00.000,1:15,40.751682,-73.836006,0,0,0,0,4075,-7383,0.37681159420289856
2021-06-18T00:00:00.000,0:00,40.61752,-74.01963,0,0,0,0,4061,-7401,0.2972972972972973
2021-06-16T00:00:00.000,17:30,40.615356,-73.976234,3,0,1,1,4061,-7397,0.421875
2021-06-16T00:00:00.000,21:36,40.59616,-73.96104,0,0,0,0,4059,-7396,0.38596491228070173
2021-06-16T00:00:00.000,23:30,40.752693,-73.97305,0,0,0,0,4075,-7397,0.375886524822695
2021-06-17T00:00:00.000,8:10,40.831493,-73.85444,0,0,0,0,4083,-7385,0.30158730158730157
2021-06-17T00:00:00.000,13:00,40.754105,-73.72321,1,0,1,1,4075,-7372,0.2857142857142857
2021-06-17T00:00:00.000,16:50,40.684254,-73.762405,0,0,0,0,4068,-7376,0.35714285714285715
2021-06-18T00:00:00.000,12:30,40.827656,-73.8861,0,0,0,0,4082,-7388,0.27624309392265195
2021-06-16T00:00:00.000,12:00,40.827755,-73.9117,0,0,0,0,4082,-7391,0.3355263157894737
2021-06-12T00:00:00.000,12:50,40.533253,-74.192474,0,0,0,0,4053,-7419,0.2857142857142857
2021-06-15T00:00:00.000,19:55,40.63237,-74.13017,0,0,0,0,4063,-7413,0.2903225806451613
2021-06-16T00:00:00.000,16:30,40.724262,-73.93745,1,0,1,1,4072,-7393,0.36507936507936506
2021-06-16T00:00:00.000,17:14,40.6338,-73.8897,0,0,0,0,4063,-7388,0.3835616438356164
2021-06-15T00:00:00.000,16:39,40.611313,-74.09844,1,0,1,1,4061,-7409,0.46153846153846156
2021-06-16T00:00:00.000,12:00,40.636425,-74.00501,1,0,1,1,4063,-7400,0.3068181818181818
2021-06-18T00:00:00.000,11:02,40.792244,-73.94419,1,0,1,1,4079,-7394,0.3523809523809524
2021-06-16T00:00:00.000,18:25,40.69596,-73.964096,0,0,0,0,4069,-7396,0.325
2021-06-18T00:00:00.000,2:10,40.699406,-73.95338,0,0,0,0,4069,-7395,0.30952380952380953
2021-06-16T00:00:00.000,3:20,40.76165,-73.8673,0,0,0,0,4076,-7386,0.40298507462686567
2021-06-17T00:00:00.000,7:20,40.663227,-73.93159,1,0,1,1,4066,-7393,0.38578680203045684
2021-06-16T00:00:00.000,12:30,40.729046,-74.01073,0,0,0,0,4072,-7401,0.4
2021-06-16T00:00:00.000,7:47,40.825813,-73.94229,0,0,0,0,4082,-7394,0.3812154696132597
2021-05-17T00:00:00.000,23:48,40.641987,-74.01724,0,0,0,0,4064,-7401,0.4295774647887324
2021-06-18T00:00:00.000,21:32,40.672394,-73.869255,1,0,1,1,4067,-7386,0.3431372549019608
2021-06-14T00:00:00.000,8:45,40.68199,-73.788414,0,0,0,0,4068,-7378,0.3384615384615385
2021-06-18T00:00:00.000,18:10,40.70636,-73.792534,1,0,1,1,4070,-7379,0.3978494623655914
2021-06-18T00:00:00.000,1:14,40.82781,-73.90885,0,0,0,0,4082,-7390,0.3025210084033613
2021-06-17T00:00:00.000,14:30,40.817863,-73.905014,1,0,1,1,4081,-7390,0.3888888888888889
2021-06-17T00:00:00.000,22:26,40.83711,-73.913734,0,0,0,0,4083,-7391,0.33714285714285713
2021-06-18T00:00:00.000,23:10,40.58683,-73.935455,0,0,0,0,4058,-7393,0.24324324324324326
2021-06-17T00:00:00.000,10:15,40.701157,-73.81619,0,0,0,0,4070,-7381,0.3194444444444444
2021-06-16T00:00:00.000,13:37,40.705185,-73.811714,0,0,0,0,4070,-7381,0.3194444444444444
2021-06-16T00:00:00.000,23:00,40.749844,-73.938995,0,0,0,0,4074,-7393,0.3333333333333333
2021-06-18T00:00:00.000,10:00,40.573708,-73.99072,0,0,0,0,4057,-7399,0.32558139534883723
2021-06-14T00:00:00.000,12:30,40.65823,-74.00035,1,0,1,1,4065,-7400,0.41509433962264153
2022-09-18T00:00:00.000,1:30,40.838844,-73.87817,0,0,0,0,4083,-7387,0.38414634146341464
2022-09-23T00:00:00.000,20:00,40.888454,-73.84197,0,0,0,0,4088,-7384,0.4153846153846154
2022-09-21T00:00:00.000,12:15,40.57557,-73.981224,0,0,0,0,4057,-7398,0.36904761904761907
2022-09-22T00:00:00.000,0:22,40.81748,-73.94211,0,0,0,0,4081,-7394,0.38
2022-09-21T00:00:00.000,1:35,40.801754,-73.93121,2,0,1,1,4080,-7393,0.36312849162011174
2022-07-03T00:00:00.000,12:23,40.624344,-73.96315,0,0,0,0,4062,-7396,0.375
2021-10-12T00:00:00.000,12:27,40.8617006,-73.8913807,1,0,1,1,4086,-7389,0.40606060606060607
2021-12-21T00:00:00.000,19:00,40.661385,-73.8841,3,0,1,1,4066,-7388,0.37012987012987014
2022-02-20T00:00:00.000,9:00,40.663017,-73.94003,1,0,1,1,4066,-7394,0.36792452830188677
2022-02-20T00:00:00.000,11:35,40.589066,-74.138626,2,0,1,1,4058,-7413,0.6363636363636364
2022-02-20T00:00:00.000,16:53,40.73053,-73.98859,0,0,0,0,4073,-7398,0.36942675159235666
2022-02-14T00:00:00.000,22:05,40.74189,-74.00471,0,0,0,0,4074,-7400,0.27710843373493976
2022-02-20T00:00:00.000,12:30,40.696014,-73.98414,0,0,0,0,4069,-7398,0.3229166666666667
2022-02-20T00:00:00.000,0:00,40.626663,-74.07565,0,0,0,0,4062,-7407,0.35714285714285715
2022-02-20T00:00:00.000,1:35,40.717426,-73.95561,0,0,0,0,4071,-7395,0.36585365853658536
2022-02-20T00:00:00.000,14:40,40.701767,-73.734344,1,0,1,1,4070,-7373,0.52
2022-02-20T00:00:00.000,1:35,40.785923,-73.955124,0,0,0,0,4078,-7395,0.42168674698795183
2022-02-17T00:00:00.000,13:20,40.88891,-73.877235,0,0,0,0,4088,-7387,0.14583333333333334
2022-02-19T00:00:00.000,12:10,40.70379,-73.98756,0,0,0,0,4070,-7398,0.21568627450980393
2022-02-20T00:00:00.000,0:01,40.85586,-73.89462,0,0,0,0,4085,-7389,0.3353658536585366
2022-02-20T00:00:00.000,22:14,40.78896,-73.97595,1,0,1,1,4078,-7397,0.3434343434343434
2022-02-20T00:00:00.000,15:10,40.677654,-73.82866,1,0,1,1,4067,-7382,0.4186046511627907
2022-02-20T00:00:00.000,0:00,40.87143,-73.88702,0,0,0,0,4087,-7388,0.3561643835616438
2022-02-20T00:00:00.000,2:00,40.765736,-73.762375,0,0,0,0,4076,-7376,0.21739130434782608
2022-02-20T00:00:00.000,8:00,40.616413,-74.103516,0,0,0,0,4061,-7410,0.6363636363636364
2022-02-14T00:00:00.000,5:30,40.71813,-74.00141,0,0,0,0,4071,-7400,0.25517241379310346
2022-02-20T00:00:00.000,1:33,40.70283,-73.809364,0,0,0,0,4070,-7380,0.3877551020408163
2022-02-14T00:00:00.000,0:00,40.73572,-73.93677,0,0,0,0,4073,-7393,0.38461538461538464
2022-02-20T00:00:00.000,16:45,40.66362,-73.930695,1,0,1,1,4066,-7393,0.38578680203045684
2022-02-20T00:00:00.000,17:17,40.58263,-73.95408,0,0,0,0,4058,-7395,0.3465346534653465
2022-02-17T00:00:00.000,17:00,40.67643,-73.89128,1,0,1,1,4067,-7389,0.33852140077821014
2022-02-20T00:00:00.000,0:00,40.658318,-73.90516,0,0,0,0,4065,-7390,0.375
2022-02-16T00:00:00.000,15:35,40.87515,-73.909096,0,0,0,0,4087,-7390,0.3184713375796178
2021-12-02T00:00:00.000,17:45,40.824562,-73.87259,1,0,1,1,4082,-7387,0.33544303797468356
2021-10-12T00:00:00.000,16:05,40.7205667,-73.8458956,0,0,0,0,4072,-7384,0.2711864406779661
2021-10-12T00:00:00.000,18:42,40.6689504,-73.9338885,2,0,1,1,4066,-7393,0.38578680203045684
2021-10-12T00:00:00.000,21:49,40.737222,-73.9813911,1,0,1,1,4073,-7398,0.36942675159235666
2021-10-12T00:00:00.000,23:15,40.6666971,-73.7671284,0,0,0,0,4066,-7376,0.30434782608695654
2021-12-11T00:00:00.000,14:26,40.76635,-73.873024,0,0,0,0,4076,-7387,0.48214285714285715
2021-10-12T00:00:00.000,19:14,40.7765594,-73.95055,0,0,0,0,4077,-7395,0.3384615384615385
2021-10-12T00:00:00.000,12:00,40.7149303,-73.9428822,1,0,1,1,4071,-7394,0.3710691823899371
2021-12-10T00:00:00.000,18:24,40.658264,-73.89133,0,0,0,0,4065,-7389,0.34965034965034963
2021-12-11T00:00:00.000,4:54,40.637863,-73.96841,0,0,0,0,4063,-7396,0.34615384615384615
2021-12-11T00:00:00.000,7:15,40.66309,-73.962395,1,0,1,1,4066,-7396,0.4074074074074074
2021-12-10T00:00:00.000,20:09,40.70904,-73.84146,1,0,1,1,4070,-7384,0.43333333333333335
2021-12-11T00:00:00.000,16:30,40.656765,-73.91815,0,0,0,0,4065,-7391,0.425
2021-12-11T00:00:00.000,9:50,40.874992,-73.81846,1,0,1,1,4087,-7381,0.5
2021-11-27T00:00:00.000,12:00,40.81979,-73.87995,2,0,1,1,4081,-7387,0.5
2021-12-08T00:00:00.000,9:00,40.67956,-73.8989,0,0,0,0,4067,-7389,0.33852140077821014
2021-12-09T00:00:00.000,18:45,40.8037,-73.93582,0,0,0,0,4080,-7393,0.36312849162011174
2021-12-11T00:00:00.000,12:35,40.588955,-74.167595,0,0,0,0,4058,-7416,0.3
2021-12-09T00:00:00.000,17:00,40.805096,-73.95488,1,0,1,1,4080,-7395,0.381294964028777
2021-12-11T00:00:00.000,20:00,40.741047,-73.91818,0,0,0,0,4074,-7391,0.38333333333333336
2021-12-11T00:00:00.000,5:25,40.64254,-73.87652,2,0,1,1,4064,-7387,0.4918032786885246
2021-12-11T00:00:00.000,4:10,40.763893,-73.915,0,0,0,0,4076,-7391,0.40476190476190477
2021-12-11T00:00:00.000,13:30,40.664722,-73.76907,1,0,1,1,4066,-7376,0.30434782608695654
2021-12-11T00:00:00.000,4:30,40.706142,-73.83177,1,0,1,1,4070,-7383,0.3541666666666667
2022-01-04T00:00:00.000,14:07,40.820282,-73.89212,0,0,0,0,4082,-7389,0.37423312883435583
2022-01-04T00:00:00.000,15:40,40.695004,-73.9525,1,0,1,1,4069,-7395,0.30952380952380953
2022-01-04T00:00:00.000,23:10,40.816032,-73.90809,0,0,0,0,4081,-7390,0.3888888888888889
2022-01-04T00:00:00.000,18:00,40.710785,-73.95995,1,0,1,1,4071,-7395,0.36585365853658536
2022-01-04T00:00:00.000,1:03,40.66653,-73.806274,1,0,1,1,4066,-7380,0.40789473684210525
2022-01-04T00:00:00.000,16:35,40.765057,-73.81293,0,0,0,0,4076,-7381,0.4716981132075472
2022-01-04T00:00:00.000,20:44,40.709415,-73.87022,0,0,0,0,4070,-7387,0.24324324324324326
2022-01-02T00:00:00.000,7:00,40.835808,-73.949455,1,0,1,1,4083,-7394,0.38926174496644295
2022-01-04T00:00:00.000,2:00,40.672234,-73.88471,0,0,0,0,4067,-7388,0.30434782608695654
2022-01-04T00:00:00.000,10:11,40.655678,-73.95909,0,0,0,0,4065,-7395,0.38686131386861317
2021-01-06T00:00:00.000,7:00,40.661934,-73.76048,0,0,0,0,4066,-7376,0.30434782608695654
2022-01-04T00:00:00.000,7:20,40.67936,-73.879745,0,0,0,0,4067,-7387,0.30344827586206896
2022-01-04T00:00:00.000,6:31,40.61516,-74.023964,0,0,0,0,4061,-7402,0.4090909090909091
2022-01-04T00:00:00.000,0:35,40.732563,-73.99159,0,0,0,0,4073,-7399,0.423728813559322
2022-01-04T00:00:00.000,10:30,40.659725,-73.95681,0,0,0,0,4065,-7395,0.38686131386861317
2022-01-01T00:00:00.000,18:54,40.721996,-73.9004,1,0,1,1,4072,-7390,0.2978723404255319
2022-01-04T00:00:00.000,15:00,40.826523,-73.93116,0,0,0,0,4082,-7393,0.36645962732919257
2022-01-04T00:00:00.000,12:15,40.761147,-73.97952,2,0,1,1,4076,-7397,0.37
2022-01-04T00:00:00.000,9:50,40.740276,-73.92782,0,0,0,0,4074,-7392,0.3709677419354839
2022-01-04T00:00:00.000,7:42,0.0,0.0,0,0,0,0,0,0,0.40425531914893614
2022-01-02T00:00:00.000,15:28,40.636566,-74.031586,0,0,0,0,4063,-7403,0.42424242424242425
2022-01-04T00:00:00.000,21:50,40.778603,-73.846115,0,0,0,0,4077,-7384,0.125
2022-01-04T00:00:00.000,8:31,40.698013,-73.90265,2,0,1,1,4069,-7390,0.29591836734693877
2022-01-04T00:00:00.000,9:05,40.65434,-73.94704,0,0,0,0,4065,-7394,0.43137254901960786
2022-01-04T00:00:00.000,18:30,40.705322,-74.00888,0,0,0,0,4070,-7400,0.2542372881355932
2022-01-04T00:00:00.000,7:15,40.74091,-73.83727,0,0,0,0,4074,-7383,0.4067796610169492
2022-01-01T00:00:00.000,17:26,40.713062,-73.90891,0,0,0,0,4071,-7390,0.4
2022-01-04T00:00:00.000,8:50,40.71697,-73.9608,0,0,0,0,4071,-7396,0.3218390804597701
2022-01-04T00:00:00.000,0:00,40.649975,-73.97772,0,0,0,0,4064,-7397,0.4095238095238095
2022-01-04T00:00:00.000,19:00,40.843956,-73.8978,1,0,1,1,4084,-7389,0.33766233766233766
2022-01-04T00:00:00.000,17:40,40.864235,-73.86452,0,0,0,0,4086,-7386,0.4642857142857143
2021-11-29T00:00:00.000,20:47,40.826275,-73.85971,1,0,1,1,4082,-7385,0.27
2022-01-04T00:00:00.000,6:13,40.730972,-73.92204,2,0,1,1,4073,-7392,0.4444444444444444
2022-01-04T00:00:00.000,15:05,40.750965,-73.94027,0,0,0,0,4075,-7394,0.41333333333333333
2021-12-26T00:00:00.000,13:15,40.81373,-73.9221,1,0,1,1,4081,-7392,0.4714285714285714
2022-01-04T00:00:00.000,13:37,40.660137,-73.983925,2,0,1,1,4066,-7398,0.421875
2022-01-01T00:00:00.000,7:22,40.845432,-73.93658,0,0,0,0,4084,-7393,0.32786885245901637
2022-01-01T00:00:00.000,18:46,40.877106,-73.90616,1,0,1,1,4087,-7390,0.3184713375796178
2021-01-05T00:00:00.000,13:56,40.743397,-73.9384,1,0,1,1,4074,-7393,0.3333333333333333
2022-01-04T00:00:00.000,19:00,40.674385,-73.88795,0,0,0,0,4067,-7388,0.30434782608695654
2022-01-04T00:00:00.000,5:18,40.70739,-73.95054,1,0,1,1,4070,-7395,0.3475177304964539
2022-01-04T00:00:00.000,0:00,40.82523,-73.94761,1,0,1,1,4082,-7394,0.3812154696132597
2022-01-04T00:00:00.000,12:48,40.672226,-73.94472,2,0,1,1,4067,-7394,0.34074074074074073
2022-01-04T00:00:00.000,10:30,40.655632,-73.95987,0,0,0,0,4065,-7395,0.38686131386861317
2022-01-04T00:00:00.000,11:40,40.61441,-73.941505,0,0,0,0,4061,-7394,0.48484848484848486
2022-01-04T00:00:00.000,19:00,40.804585,-73.91213,0,0,0,0,4080,-7391,0.38961038961038963
2022-01-04T00:00:00.000,10:40,40.80684,-73.9275,0,0,0,0,4080,-7392,0.3141025641025641
2021-12-31T00:00:00.000,17:00,40.838207,-73.93723,0,0,0,0,4083,-7393,0.3333333333333333
2022-01-04T00:00:00.000,15:00,40.76877,-73.82754,1,0,1,1,4076,-7382,0.2987012987012987
2022-01-04T00:00:00.000,4:00,40.843517,-73.83384,0,0,0,0,4084,-7383,0.4318181818181818
2022-01-04T00:00:00.000,21:35,40.6405,-73.88814,3,0,1,1,4064,-7388,0.3225806451612903
2021-10-13T00:00:00.000,10:00,40.8323449,-73.9044514,0,0,0,0,4083,-7390,0.3064516129032258
2022-01-04T00:00:00.000,3:15,40.862442,-73.89715,0,0,0,0,4086,-7389,0.40606060606060607
2022-01-04T00:00:00.000,17:40,40.820213,-73.90053,1,0,1,1,4082,-7390,0.3025210084033613
2022-01-04T00:00:00.000,21:22,40.754066,-73.915276,0,0,0,0,4075,-7391,0.4777777777777778
2022-01-04T00:00:00.000,11:10,40.737694,-73.85721,0,0,0,0,4073,-7385,0.3619047619047619
2022-09-21T00:00:00.000,12:00,40.770214,-73.90235,0,0,0,0,4077,-7390,0.3404255319148936
2022-01-04T00:00:00.000,2:45,40.873592,-73.88506,0,0,0,0,4087,-7388,0.3561643835616438
2022-01-04T00:00:00.000,5:06,40.7767,-73.93427,0,0,0,0,4077,-7393,0.20833333333333334
2022-01-02T00:00:00.000,20:55,40.700424,-73.9444,0,0,0,0,4070,-7394,0.3956043956043956
2022-01-04T00:00:00.000,13:00,40.60485,-74.02559,2,0,1,1,4060,-7402,0.42105263157894735
2022-01-04T00:00:00.000,8:51,40.66626,-73.95957,0,0,0,0,4066,-7395,0.44375
2022-01-04T00:00:00.000,14:39,40.610188,-73.939354,2,0,1,1,4061,-7393,0.34285714285714286
2022-01-04T00:00:00.000,7:00,40.680904,-73.86765,0,0,0,0,4068,-7386,0.423728813559322
2022-01-03T00:00:00.000,0:01,40.84552,-73.93469,0,0,0,0,4084,-7393,0.32786885245901637
2022-01-04T00:00:00.000,12:45,40.729515,-73.8715,3,0,1,1,4072,-7387,0.5714285714285714
2022-01-04T00:00:00.000,22:50,40.709896,-73.83941,0,0,0,0,4070,-7383,0.3541666666666667
2022-01-04T00:00:00.000,7:45,40.69678,-73.78375,0,0,0,0,4069,-7378,0.29310344827586204
2022-01-04T00:00:00.000,13:30,40.740894,-73.89961,0,0,0,0,4074,-7389,0.3203125
2022-01-04T00:00:00.000,18:14,40.737602,-73.79583,0,0,0,0,4073,-7379,0.4
2022-01-04T00:00:00.000,10:00,40.74163,-73.880714,0,0,0,0,4074,-7388,0.2978723404255319
2022-01-04T00:00:00.000,8:48,40.86314,-73.8636,1,0,1,1,4086,-7386,0.4642857142857143
2022-01-04T00:00:00.000,17:45,40.682343,-73.800835,0,0,0,0,4068,-7380,0.3829787234042553
2022-01-04T00:00:00.000,16:45,40.59285,-73.97381,1,0,1,1,4059,-7397,0.3191489361702128
2022-01-04T00:00:00.000,17:32,40.847775,-73.88916,0,0,0,0,4084,-7388,0.390625
2021-12-28T00:00:00.000,0:34,40.824425,-73.87271,2,0,1,1,4082,-7387,0.33544303797468356
2022-01-03T00:00:00.000,13:00,40.706512,-73.9309,0,0,0,0,4070,-7393,0.3300970873786408
2021-12-16T00:00:00.000,23:00,40.63326,-74.095184,0,0,0,0,4063,-7409,0.15384615384615385
2022-01-04T00:00:00.000,13:55,40.66479,-73.91532,2,0,1,1,4066,-7391,0.3630952380952381
2022-01-04T00:00:00.000,3:24,40.732513,-73.853645,0,0,0,0,4073,-7385,0.3619047619047619
2022-01-03T00:00:00.000,17:58,40.844154,-73.84591,0,0,0,0,4084,-7384,0.4222222222222222
2022-01-04T00:00:00.000,8:55,40.731426,-73.79867,0,0,0,0,4073,-7379,0.4
2022-01-04T00:00:00.000,5:30,40.80641,-73.94227,1,0,1,1,4080,-7394,0.41116751269035534
2021-12-31T00:00:00.000,14:50,40.718555,-73.91518,2,0,1,1,4071,-7391,0.1836734693877551
2022-01-04T00:00:00.000,9:34,40.696198,-73.98877,0,0,0,0,4069,-7398,0.3229166666666667
2022-01-04T00:00:00.000,16:00,40.69447,-73.78147,0,0,0,0,4069,-7378,0.29310344827586204
2022-01-04T00:00:00.000,8:00,40.863235,-73.92693,0,0,0,0,4086,-7392,0.359375
2022-01-04T00:00:00.000,14:50,40.630924,-74.07728,0,0,0,0,4063,-7407,0.4444444444444444
2022-01-04T00:00:00.000,10:04,40.594425,-73.995316,1,0,1,1,4059,-7399,0.3076923076923077
2022-01-04T00:00:00.000,13:00,40.6772,-73.92661,2,0,1,1,4067,-7392,0.39655172413793105
2022-01-04T00:00:00.000,17:44,40.76229,-73.974464,0,0,0,0,4076,-7397,0.37
2022-01-04T00:00:00.000,21:56,40.58406,-73.96901,0,0,0,0,4058,-7396,0.37333333333333335
2022-01-02T00:00:00.000,21:00,40.665474,-73.9,0,0,0,0,4066,-7390,0.2777777777777778
2022-01-04T00:00:00.000,21:09,40.82881,-73.90828,0,0,0,0,4082,-7390,0.3025210084033613
2021-12-23T00:00:00.000,17:40,40.853306,-73.89613,0,0,0,0,4085,-7389,0.3353658536585366
2022-01-04T00:00:00.000,8:50,40.764706,-73.811005,0,0,0,0,4076,-7381,0.4716981132075472
2022-01-04T00:00:00.000,14:45,40.90651,-73.84889,0,0,0,0,4090,-7384,0.28205128205128205
2022-01-04T00:00:00.000,17:01,40.749237,-73.77547,0,0,0,0,4074,-7377,0.36363636363636365
2022-01-04T00:00:00.000,19:30,40.842163,-73.88902,1,0,1,1,4084,-7388,0.390625
2022-01-04T00:00:00.000,8:20,40.766666,-73.9304,1,0,1,1,4076,-7393,0.44680851063829785
2022-01-04T00:00:00.000,16:15,40.712532,-74.007675,1,0,1,1,4071,-7400,0.25517241379310346
2021-12-18T00:00:00.000,10:27,40.888477,-73.841835,1,0,1,1,4088,-7384,0.4153846153846154
2022-01-04T00:00:00.000,16:35,40.84825,-73.90975,0,0,0,0,4084,-7390,0.366120218579235
2021-12-17T00:00:00.000,15:00,40.693394,-73.78894,0,0,0,0,4069,-7378,0.29310344827586204
2022-02-20T00:00:00.000,22:00,40.666306,-73.79171,0,0,0,0,4066,-7379,0.3870967741935484
2021-06-19T00:00:00.000,23:56,40.886,-73.86264,0,0,0,0,4088,-7386,0.23809523809523808
2022-01-04T00:00:00.000,5:03,40.80549,-73.91031,1,0,1,1,4080,-7391,0.38961038961038963
2022-01-02T00:00:00.000,19:00,40.67643,-73.89128,0,0,0,0,4067,-7389,0.33852140077821014
2021-12-23T00:00:00.000,0:00,40.680946,-73.79225,0,0,0,0,4068,-7379,0.35
2022-01-04T00:00:00.000,15:40,40.716278,-74.00454,0,0,0,0,4071,-7400,0.25517241379310346
2022-01-04T00:00:00.000,16:29,40.63923,-73.99756,0,0,0,0,4063,-7399,0.47692307692307695
2022-01-03T00:00:00.000,18:30,40.768887,-73.90691,1,0,1,1,4076,-7390,0.3055555555555556
2022-01-04T00:00:00.000,19:00,40.75744,-73.7735,0,0,0,0,4075,-7377,0.24
2021-12-31T00:00:00.000,10:00,40.83872,-73.91378,0,0,0,0,4083,-7391,0.33714285714285713
2022-01-04T00:00:00.000,4:30,40.636078,-74.019714,0,0,0,0,4063,-7401,0.37777777777777777
2022-01-04T00:00:00.000,13:00,40.579052,-73.98415,0,0,0,0,4057,-7398,0.36904761904761907
2022-01-04T00:00:00.000,16:10,40.62202,-73.98726,0,0,0,0,4062,-7398,0.38
2022-01-02T00:00:00.000,9:30,40.724136,-73.98191,0,0,0,0,4072,-7398,0.4342105263157895
2022-01-02T00:00:00.000,2:07,40.7338,-73.81481,0,0,0,0,4073,-7381,0.3181818181818182
2022-01-04T00:00:00.000,7:15,40.744667,-73.971146,0,0,0,0,4074,-7397,0.4810810810810811
2022-01-04T00:00:00.000,12:57,40.716682,-73.98244,1,0,1,1,4071,-7398,0.39568345323741005
2022-01-04T00:00:00.000,19:07,40.880405,-73.87873,0,0,0,0,4088,-7387,0.14583333333333334
2022-01-04T00:00:00.000,14:25,40.65393,-73.86744,1,0,1,1,4065,-7386,0.36619718309859156
2022-01-04T00:00:00.000,6:00,0.0,0.0,1,0,1,1,0,0,0.40425531914893614
2022-01-04T00:00:00.000,7:50,40.60915,-74.14987,2,0,1,1,4060,-7414,0.4074074074074074
2022-01-04T00:00:00.000,9:45,40.73916,-73.857956,0,0,0,0,4073,-7385,0.3619047619047619
2022-01-04T00:00:00.000,6:30,40.8205,-73.891075,0,0,0,0,4082,-7389,0.37423312883435583
2022-01-04T00:00:00.000,16:10,40.65768,-73.9503,0,0,0,0,4065,-7395,0.38686131386861317
2022-01-04T00:00:00.000,9:55,40.742935,-73.82773,0,0,0,0,4074,-7382,0.4057971014492754
2022-01-04T00:00:00.000,13:35,40.759617,-73.961975,0,0,0,0,4075,-7396,0.4788732394366197
2022-09-17T00:00:00.000,21:20,40.87647,-73.87058,0,0,0,0,4087,-7387,0.297029702970297
2022-01-04T00:00:00.000,13:20,40.68777,-73.98701,1,0,1,1,4068,-7398,0.3873239436619718
2022-01-04T00:00:00.000,16:45,40.576706,-73.972824,0,0,0,0,4057,-7397,0.2619047619047619
2022-01-04T00:00:00.000,15:38,40.699436,-73.91229,1,0,1,1,4069,-7391,0.2709677419354839
2022-01-04T00:00:00.000,14:06,40.739162,-73.78556,0,0,0,0,4073,-7378,0.391304347826087
2022-01-03T00:00:00.000,1:00,40.721626,-73.90312,0,0,0,0,4072,-7390,0.2978723404255319
2022-01-04T00:00:00.000,0:54,40.6483,-73.92807,0,0,0,0,4064,-7392,0.4077669902912621
2022-01-02T00:00:00.000,20:45,40.835484,-73.9494,0,0,0,0,4083,-7394,0.38926174496644295
2022-01-04T00:00:00.000,23:39,40.70591,-73.809105,0,0,0,0,4070,-7380,0.3877551020408163
2022-01-04T00:00:00.000,18:00,40.82311,-73.88076,0,0,0,0,4082,-7388,0.27624309392265195
2022-01-04T00:00:00.000,15:00,40.766285,-73.98186,0,0,0,0,4076,-7398,0.3081761006289308
2022-01-04T00:00:00.000,8:30,40.636784,-74.018974,1,0,1,1,4063,-7401,0.37777777777777777
2021-12-24T00:00:00.000,15:55,40.710316,-73.77173,0,0,0,0,4071,-7377,0.20967741935483872
2022-01-04T00:00:00.000,13:17,40.735596,-73.89901,0,0,0,0,4073,-7389,0.2857142857142857
2022-01-04T00:00:00.000,10:45,40.827316,-73.91035,0,0,0,0,4082,-7391,0.3355263157894737
2022-01-04T00:00:00.000,13:22,0.0,0.0,0,0,0,0,0,0,0.40425531914893614
2022-01-04T00:00:00.000,21:10,40.767494,-73.95933,1,0,1,1,4076,-7395,0.3696969696969697
2022-01-03T00:00:00.000,14:15,40.882538,-73.82697,0,0,0,0,4088,-7382,0.2765957446808511
2022-01-04T00:00:00.000,11:25,40.795895,-73.93253,0,0,0,0,4079,-7393,0.36585365853658536
2022-01-04T00:00:00.000,18:15,40.6104,-73.9586,0,0,0,0,4061,-7395,0.4461538461538462
2022-01-02T00:00:00.000,20:25,40.67597,-73.933235,0,0,0,0,4067,-7393,0.3755868544600939
2022-01-04T00:00:00.000,22:50,40.708675,-73.94454,0,0,0,0,4070,-7394,0.3956043956043956
2022-01-04T00:00:00.000,10:00,40.63758,-73.962654,0,0,0,0,4063,-7396,0.34615384615384615
2021-12-31T00:00:00.000,12:00,40.613777,-74.08359,0,0,0,0,4061,-7408,0.30612244897959184
2022-01-04T00:00:00.000,7:05,40.66709,-73.76376,0,0,0,0,4066,-7376,0.30434782608695654
2022-01-04T00:00:00.000,12:00,40.89718,-73.854195,0,0,0,0,4089,-7385,0.3813559322033898
2021-06-18T00:00:00.000,8:25,40.63272,-74.1617,0,0,0,0,4063,-7416,0.3333333333333333
2021-10-14T00:00:00.000,10:12,40.7388389,-73.9799517,0,0,0,0,4073,-7397,0.32558139534883723
2022-01-04T00:00:00.000,8:35,40.841076,-73.93977,2,0,1,1,4084,-7393,0.32786885245901637
2022-02-18T00:00:00.000,1:50,40.721474,-73.98383,1,0,1,1,4072,-7398,0.4342105263157895
2021-10-14T00:00:00.000,8:30,40.6212541,-74.0028565,1,0,1,1,4062,-7400,0.3150684931506849
2021-12-11T00:00:00.000,2:49,40.8733,-73.853645,0,0,0,0,4087,-7385,0.37681159420289856
2021-12-11T00:00:00.000,2:35,40.687557,-73.93896,1,0,1,1,4068,-7393,0.3619047619047619
2021-12-11T00:00:00.000,13:52,40.659023,-73.93118,0,0,0,0,4065,-7393,0.44366197183098594
2021-12-09T00:00:00.000,6:45,40.8311,-73.85716,1,0,1,1,4083,-7385,0.30158730158730157
2021-12-11T00:00:00.000,3:45,40.668987,-73.89514,0,0,0,0,4066,-7389,0.3103448275862069
2021-11-30T00:00:00.000,7:11,40.85206,-73.934784,2,0,1,1,4085,-7393,0.36585365853658536
2021-12-11T00:00:00.000,19:45,40.741234,-73.84573,0,0,0,0,4074,-7384,0.42857142857142855
2021-11-24T00:00:00.000,14:29,40.822075,-73.84711,0,0,0,0,4082,-7384,0.3835616438356164
2021-12-10T00:00:00.000,0:00,40.685696,-73.87161,0,0,0,0,4068,-7387,0.24719101123595505
2021-12-11T00:00:00.000,1:45,40.665855,-73.750046,1,0,1,1,4066,-7375,0.3
2021-12-09T00:00:00.000,10:45,40.654686,-73.87772,0,0,0,0,4065,-7387,0.2857142857142857
2021-12-11T00:00:00.000,21:14,40.59654,-73.93538,0,0,0,0,4059,-7393,0.47058823529411764
2021-12-11T00:00:00.000,0:00,40.753693,-73.89831,1,0,1,1,4075,-7389,0.4805194805194805
2021-12-11T00:00:00.000,5:00,40.664993,-73.80229,1,0,1,1,4066,-7380,0.40789473684210525
2021-12-11T00:00:00.000,0:00,40.711464,-73.945854,0,0,0,0,4071,-7394,0.3710691823899371
2021-12-11T00:00:00.000,17:54,40.734566,-73.72269,0,0,0,0,4073,-7372,0.3333333333333333
2021-12-11T00:00:00.000,23:35,40.854874,-73.916794,0,0,0,0,4085,-7391,0.373134328358209
2021-12-09T00:00:00.000,15:30,40.667114,-73.899734,1,0,1,1,4066,-7389,0.3103448275862069
2021-12-11T00:00:00.000,7:22,40.83062,-73.903145,0,0,0,0,4083,-7390,0.3064516129032258
2021-12-11T00:00:00.000,23:15,40.711033,-73.7281,0,0,0,0,4071,-7372,0.40425531914893614
2021-12-11T00:00:00.000,23:55,40.649868,-73.93409,0,0,0,0,4064,-7393,0.3333333333333333
2021-12-11T00:00:00.000,18:00,40.7422,-73.840965,0,0,0,0,4074,-7384,0.42857142857142855
2021-12-11T00:00:00.000,14:20,40.85882,-73.9368,1,0,1,1,4085,-7393,0.36585365853658536
2022-01-04T00:00:00.000,21:49,40.70412,-73.85405,0,0,0,0,4070,-7385,0.39436619718309857
2022-01-04T00:00:00.000,12:36,40.876476,-73.904495,1,0,1,1,4087,-7390,0.3184713375796178
2022-01-04T00:00:00.000,0:42,40.72083,-73.93814,1,1,2,1,4072,-7393,0.36507936507936506
2021-12-26T00:00:00.000,22:30,0.0,0.0,0,0,0,0,0,0,0.40425531914893614
2022-01-02T00:00:00.000,9:50,40.674,-73.960396,0,0,0,0,4067,-7396,0.3466666666666667
2022-01-04T00:00:00.000,22:30,40.74533,-73.99105,0,0,0,0,4074,-7399,0.3333333333333333
2022-01-03T00:00:00.000,7:10,40.839622,-73.870285,1,0,1,1,4083,-7387,0.38414634146341464
2022-01-04T00:00:00.000,15:47,40.62524,-74.00947,0,0,0,0,4062,-7400,0.3150684931506849
2022-01-01T00:00:00.000,13:00,40.836624,-73.92612,0,0,0,0,4083,-7392,0.310126582278481
2022-01-04T00:00:00.000,14:30,40.708755,-73.946815,0,0,0,0,4070,-7394,0.3956043956043956
2022-01-04T00:00:00.000,13:32,40.650017,-73.87057,1,0,1,1,4065,-7387,0.2857142857142857
2022-01-04T00:00:00.000,10:10,40.64632,-73.92981,1,0,1,1,4064,-7392,0.4077669902912621
2022-01-04T00:00:00.000,10:15,40.768177,-73.95692,0,0,0,0,4076,-7395,0.3696969696969697
2022-01-04T00:00:00.000,20:30,40.682568,-73.79266,1,0,1,1,4068,-7379,0.35
2022-01-04T00:00:00.000,17:02,40.669865,-73.95051,0,0,0,0,4066,-7395,0.44375
2022-01-04T00:00:00.000,21:20,40.73642,-73.88939,0,0,0,0,4073,-7388,0.2777777777777778
2022-01-04T00:00:00.000,19:21,40.58038,-73.967606,0,1,2,1,4058,-7396,0.37333333333333335
2022-01-04T00:00:00.000,8:30,40.858242,-73.88868,0,0,0,0,4085,-7388,0.3
2022-01-04T00:00:00.000,15:59,40.61462,-73.968666,4,0,1,1,4061,-7396,0.30666666666666664
2022-01-04T00:00:00.000,12:00,40.599525,-73.74708,0,0,0,0,4059,-7374,0.18181818181818182
2021-01-06T00:00:00.000,8:30,40.741547,-73.86755,0,0,0,0,4074,-7386,0.3813559322033898
2022-01-04T00:00:00.000,15:00,40.745125,-73.83143,1,0,1,1,4074,-7383,0.4067796610169492
2022-01-04T00:00:00.000,17:20,40.763428,-73.96522,1,0,1,1,4076,-7396,0.3023255813953488
2021-12-14T00:00:00.000,20:50,40.604397,-74.069,1,0,1,1,4060,-7406,0.3076923076923077
2022-01-04T00:00:00.000,19:40,40.755432,-73.815346,0,0,0,0,4075,-7381,0.35
2021-12-26T00:00:00.000,19:10,40.63823,-74.078316,0,0,0,0,4063,-7407,0.4444444444444444
2022-01-04T00:00:00.000,7:00,40.831024,-73.9027,0,0,0,0,4083,-7390,0.3064516129032258
2022-01-04T00:00:00.000,22:30,40.849182,-73.85386,0,0,0,0,4084,-7385,0.32727272727272727
2022-01-04T00:00:00.000,9:50,40.87932,-73.869804,1,0,1,1,4087,-7386,0.3142857142857143
2022-01-04T00:00:00.000,15:00,40.723183,-73.90706,0,0,0,0,4072,-7390,0.2978723404255319
2022-01-04T00:00:00.000,7:05,40.804066,-73.93117,0,0,0,0,4080,-7393,0.36312849162011174
2022-01-04T00:00:00.000,16:45,40.818375,-73.8908,1,0,1,1,4081,-7389,0.31543624161073824
2022-01-04T00:00:00.000,12:18,40.667744,-73.95902,0,0,0,0,4066,-7395,0.44375
2022-01-04T00:00:00.000,15:37,40.757797,-73.79123,0,0,0,0,4075,-7379,0.38461538461538464
2022-01-02T00:00:00.000,21:00,40.706917,-73.93972,1,0,1,1,4070,-7393,0.3300970873786408
2022-01-04T00:00:00.000,15:15,40.595203,-73.75603,0,0,0,0,4059,-7375,0.17777777777777778
2022-01-04T00:00:00.000,18:55,40.704308,-73.91924,0,0,0,0,4070,-7391,0.27450980392156865
2022-01-04T00:00:00.000,9:58,40.67924,-73.89889,0,0,0,0,4067,-7389,0.33852140077821014
2022-01-01T00:00:00.000,19:40,40.83512,-73.94552,0,0,0,0,4083,-7394,0.38926174496644295
2022-01-04T00:00:00.000,21:00,40.844864,-73.92256,0,0,0,0,4084,-7392,0.3181818181818182
2022-01-04T00:00:00.000,16:39,40.762676,-73.954346,1,0,1,1,4076,-7395,0.3696969696969697
2022-01-04T00:00:00.000,10:10,40.639824,-73.91432,0,0,0,0,4063,-7391,0.5
2022-01-02T00:00:00.000,4:45,40.72075,-73.98804,0,0,0,0,4072,-7398,0.4342105263157895
2022-01-04T00:00:00.000,5:50,40.72506,-73.75898,0,0,0,0,4072,-7375,0.2727272727272727
2022-01-01T00:00:00.000,5:53,40.69278,-73.902405,0,0,0,0,4069,-7390,0.29591836734693877
2022-01-04T00:00:00.000,22:40,40.735645,-73.853584,1,0,1,1,4073,-7385,0.3619047619047619
2022-01-04T00:00:00.000,14:35,40.769283,-73.82445,0,0,0,0,4076,-7382,0.2987012987012987
2021-11-02T00:00:00.000,9:00,40.800217,-73.94045,0,0,0,0,4080,-7394,0.41116751269035534
2022-01-04T00:00:00.000,18:35,40.68174,-73.95859,1,0,1,1,4068,-7395,0.38571428571428573
2022-01-04T00:00:00.000,8:30,40.56527,-74.134605,1,0,1,1,4056,-7413,0.46153846153846156
2022-01-04T00:00:00.000,9:15,40.76116,-73.93041,0,0,0,0,4076,-7393,0.44680851063829785
2022-01-04T00:00:00.000,8:07,40.66644,-73.95361,3,0,1,1,4066,-7395,0.44375
2021-06-10T00:00:00.000,6:00,40.698406,-73.80647,0,0,0,0,4069,-7380,0.38461538461538464
2022-01-04T00:00:00.000,17:30,40.660286,-73.74298,0,0,0,0,4066,-7374,0.3698630136986301
2022-01-02T00:00:00.000,4:30,40.759075,-73.86985,0,0,0,0,4075,-7386,0.33653846153846156
2021-12-29T00:00:00.000,19:51,40.717834,-73.77491,1,0,1,1,4071,-7377,0.20967741935483872
2022-01-04T00:00:00.000,0:00,40.66475,-73.89405,0,0,0,0,4066,-7389,0.3103448275862069
2022-01-04T00:00:00.000,16:46,40.73602,-73.98228,0,0,0,0,4073,-7398,0.36942675159235666
2022-01-04T00:00:00.000,15:54,40.60567,-74.030945,0,0,0,0,4060,-7403,0.3
2022-01-04T00:00:00.000,9:30,40.640736,-73.98344,0,0,0,0,4064,-7398,0.40425531914893614
2022-01-04T00:00:00.000,4:55,40.605568,-74.03118,0,0,0,0,4060,-7403,0.3
2021-12-31T00:00:00.000,14:10,40.86543,-73.86737,1,0,1,1,4086,-7386,0.4642857142857143
2022-01-04T00:00:00.000,20:24,40.670124,-73.95528,2,0,1,1,4067,-7395,0.3695652173913043
2022-01-04T00:00:00.000,6:15,40.879753,-73.85338,0,0,0,0,4087,-7385,0.37681159420289856
2022-01-04T00:00:00.000,14:32,40.76394,-73.828156,0,0,0,0,4076,-7382,0.2987012987012987
2022-01-03T00:00:00.000,17:15,40.693844,-73.90119,0,0,0,0,4069,-7390,0.29591836734693877
2021-12-31T00:00:00.000,18:25,40.721485,-73.86658,0,0,0,0,4072,-7386,0.42424242424242425
2022-01-04T00:00:00.000,3:25,40.888065,-73.88772,1,0,1,1,4088,-7388,0.42857142857142855
2022-01-04T00:00:00.000,18:30,40.6496,-73.88371,0,0,0,0,4064,-7388,0.3225806451612903
2022-01-04T00:00:00.000,19:35,40.765724,-73.89239,1,0,1,1,4076,-7389,0.35185185185185186
2022-01-03T00:00:00.000,8:30,40.585,-73.82622,0,0,0,0,4058,-7382,0.11764705882352941
2022-01-03T00:00:00.000,13:00,40.67443,-73.96694,0,0,0,0,4067,-7396,0.3466666666666667
2022-01-04T00:00:00.000,0:05,40.78729,-73.81345,1,0,1,1,4078,-7381,0.22580645161290322
2022-01-04T00:00:00.000,23:00,40.708237,-74.0047,0,0,0,0,4070,-7400,0.2542372881355932
2022-01-04T00:00:00.000,16:12,40.576504,-74.1037,0,0,0,0,4057,-7410,0.3877551020408163
2022-01-04T00:00:00.000,12:55,40.647602,-73.955734,1,0,1,1,4064,-7395,0.4796747967479675
2022-01-04T00:00:00.000,15:30,40.61152,-74.098625,1,0,1,1,4061,-7409,0.46153846153846156
2022-01-04T00:00:00.000,12:35,40.85579,-73.881,0,0,0,0,4085,-7388,0.3
2022-01-04T00:00:00.000,18:30,40.70377,-73.80522,0,0,0,0,4070,-7380,0.3877551020408163
2022-01-04T00:00:00.000,0:43,40.72536,-73.93971,1,0,1,1,4072,-7393,0.36507936507936506
2022-01-02T00:00:00.000,12:00,40.828114,-73.93107,0,0,0,0,4082,-7393,0.36645962732919257
2022-01-01T00:00:00.000,3:04,40.850475,-73.915436,1,0,1,1,4085,-7391,0.373134328358209
2022-01-04T00:00:00.000,23:00,40.763363,-73.95925,0,0,0,0,4076,-7395,0.3696969696969697
2022-01-04T00:00:00.000,17:20,40.670403,-73.85629,0,0,0,0,4067,-7385,0.26666666666666666
2022-01-03T00:00:00.000,17:25,40.62619,-74.11968,0,0,0,0,4062,-7411,0.5238095238095238
2022-01-04T00:00:00.000,4:00,40.618927,-74.16268,0,0,0,0,4061,-7416,0.2727272727272727
2022-01-04T00:00:00.000,11:50,40.639977,-73.92623,1,0,1,1,4063,-7392,0.4036697247706422
2022-01-04T00:00:00.000,16:10,40.715733,-73.96448,1,0,1,1,4071,-7396,0.3218390804597701
2021-12-28T00:00:00.000,15:05,40.839405,-73.858574,0,0,0,0,4083,-7385,0.30158730158730157
2022-01-04T00:00:00.000,17:00,40.80766,-73.94316,0,0,0,0,4080,-7394,0.41116751269035534
2022-01-04T00:00:00.000,23:20,40.644512,-73.963135,0,0,0,0,4064,-7396,0.4714285714285714
2022-01-03T00:00:00.000,18:15,40.841652,-73.94115,0,0,0,0,4084,-7394,0.17543859649122806
2021-12-31T00:00:00.000,10:03,40.83981,-73.91314,0,0,0,0,4083,-7391,0.33714285714285713
2022-01-04T00:00:00.000,22:05,40.72028,-73.963135,1,0,1,1,4072,-7396,0.3333333333333333
2022-02-17T00:00:00.000,23:00,40.8466,-73.88346,0,0,0,0,4084,-7388,0.390625
2022-02-20T00:00:00.000,17:25,40.674576,-73.84844,0,0,0,0,4067,-7384,0.28888888888888886
2022-02-16T00:00:00.000,11:00,40.642845,-73.97826,1,0,1,1,4064,-7397,0.4095238095238095
2022-02-20T00:00:00.000,11:05,40.651733,-73.93039,1,0,1,1,4065,-7393,0.44366197183098594
2022-02-20T00:00:00.000,18:15,40.71241,-73.83468,0,0,0,0,4071,-7383,0.37349397590361444
2022-02-20T00:00:00.000,19:40,40.755207,-73.86705,0,0,0,0,4075,-7386,0.33653846153846156
2022-02-20T00:00:00.000,23:00,40.6094,-74.09011,2,0,1,1,4060,-7409,0.36363636363636365
2021-03-13T00:00:00.000,22:18,40.83365,-73.845146,0,0,0,0,4083,-7384,0.22727272727272727
2021-06-14T00:00:00.000,17:40,40.659485,-73.918304,1,0,1,1,4065,-7391,0.425
2021-06-19T00:00:00.000,4:39,40.79653,-73.97597,0,0,0,0,4079,-7397,0.24210526315789474
2021-06-14T00:00:00.000,15:12,40.718678,-73.9405,0,0,0,0,4071,-7394,0.3710691823899371
2021-06-19T00:00:00.000,20:30,40.68651,-73.954544,0,0,0,0,4068,-7395,0.38571428571428573
2021-06-19T00:00:00.000,21:17,40.57548,-74.12265,1,0,1,1,4057,-7412,0.36363636363636365
2021-06-19T00:00:00.000,1:25,40.76548,-73.913704,1,0,1,1,4076,-7391,0.40476190476190477
2021-06-17T00:00:00.000,22:30,40.741665,-74.00114,0,0,0,0,4074,-7400,0.27710843373493976
2021-06-17T00:00:00.000,15:51,40.82146,-73.94461,0,0,0,0,4082,-7394,0.3812154696132597
2021-06-19T00:00:00.000,3:30,40.68922,-73.72908,1,0,1,1,4068,-7372,0.375
2021-06-19T00:00:00.000,21:27,40.6337,-73.96719,0,0,0,0,4063,-7396,0.34615384615384615
2021-06-18T00:00:00.000,12:35,40.5433,-74.16424,0,0,0,0,4054,-7416,0.42857142857142855
2021-06-19T00:00:00.000,10:00,40.671925,-73.904526,0,0,0,0,4067,-7390,0.3282442748091603
2021-06-19T00:00:00.000,20:24,40.828953,-73.837,0,0,0,0,4082,-7383,0.34210526315789475
2021-06-15T00:00:00.000,17:06,40.609463,-73.97419,1,0,1,1,4060,-7397,0.3469387755102041
2021-06-19T00:00:00.000,19:00,40.84137,-73.84996,0,0,0,0,4084,-7384,0.4222222222222222
2021-06-19T00:00:00.000,0:00,40.69285,-73.90355,0,0,0,0,4069,-7390,0.29591836734693877
2021-06-19T00:00:00.000,12:30,40.715954,-73.986725,0,0,0,0,4071,-7398,0.39568345323741005
2021-06-15T00:00:00.000,12:56,40.747234,-73.99337,0,0,0,0,4074,-7399,0.3333333333333333
2021-06-18T00:00:00.000,18:33,40.722584,-74.00636,0,0,0,0,4072,-7400,0.32926829268292684
2021-06-18T00:00:00.000,7:00,40.70847,-73.81969,0,0,0,0,4070,-7381,0.3194444444444444
2021-06-19T00:00:00.000,23:40,40.741234,-73.84573,0,0,0,0,4074,-7384,0.42857142857142855
2021-06-19T00:00:00.000,0:10,40.665176,-73.89122,0,0,0,0,4066,-7389,0.3103448275862069
2021-06-19T00:00:00.000,1:15,40.764053,-73.99225,0,0,0,0,4076,-7399,0.3275862068965517
2021-05-23T00:00:00.000,15:51,40.762806,-73.993164,0,0,0,0,4076,-7399,0.3275862068965517
2021-06-19T00:00:00.000,17:30,40.635853,-74.031876,0,0,0,0,4063,-7403,0.42424242424242425
2021-06-19T00:00:00.000,14:08,40.73986,-73.995026,0,0,0,0,4073,-7399,0.423728813559322
2021-06-19T00:00:00.000,18:56,40.717133,-74.00458,0,0,0,0,4071,-7400,0.25517241379310346
2021-06-19T00:00:00.000,9:30,40.89999,-73.85301,0,0,0,0,4089,-7385,0.3813559322033898
2021-06-19T00:00:00.000,23:00,40.77124,-73.84371,0,0,0,0,4077,-7384,0.125
2021-06-19T00:00:00.000,4:15,40.66929,-73.842445,0,0,0,0,4066,-7384,0.5925925925925926
2021-06-19T00:00:00.000,15:20,40.74539,-73.90559,0,0,0,0,4074,-7390,0.40625
2021-06-19T00:00:00.000,12:55,0.0,0.0,0,0,0,0,0,0,0.40425531914893614
2021-06-19T00:00:00.000,14:35,40.751816,-73.89606,1,0,1,1,4075,-7389,0.4805194805194805
2021-06-14T00:00:00.000,2:51,40.670147,-73.98549,0,0,0,0,4067,-7398,0.3655913978494624
2021-06-19T00:00:00.000,12:45,40.55554,-74.17562,1,0,1,1,4055,-7417,0.25
2021-06-19T00:00:00.000,16:30,40.700592,-73.85457,1,0,1,1,4070,-7385,0.39436619718309857
2021-06-19T00:00:00.000,14:00,40.787884,-73.84103,1,0,1,1,4078,-7384,0.23809523809523808
2021-06-16T00:00:00.000,9:45,40.740173,-73.999435,0,0,0,0,4074,-7399,0.3333333333333333
2021-06-19T00:00:00.000,17:50,40.667786,-73.88442,0,0,0,0,4066,-7388,0.37012987012987014
2021-06-19T00:00:00.000,2:55,40.58369,-73.94808,0,0,0,0,4058,-7394,0.40816326530612246
2021-06-19T00:00:00.000,2:04,40.68714,-73.80801,6,0,1,1,4068,-7380,0.3829787234042553
2021-06-19T00:00:00.000,14:40,40.741028,-73.87697,0,0,0,0,4074,-7387,0.25663716814159293
2021-06-19T00:00:00.000,0:32,40.67619,-73.9081,0,0,0,0,4067,-7390,0.3282442748091603
2021-06-19T00:00:00.000,22:00,40.660255,-73.95968,0,0,0,0,4066,-7395,0.44375
2021-06-18T00:00:00.000,11:30,40.570465,-74.10977,0,0,0,0,4057,-7410,0.3877551020408163
2021-06-19T00:00:00.000,13:00,40.82403,-73.94476,1,0,1,1,4082,-7394,0.3812154696132597
2021-06-19T00:00:00.000,1:00,40.59449,-73.77892,0,0,0,0,4059,-7377,0.2692307692307692
2021-06-19T00:00:00.000,0:35,40.631252,-74.126884,0,0,0,0,4063,-7412,0.36363636363636365
2021-06-19T00:00:00.000,13:00,40.702045,-73.9156,0,0,0,0,4070,-7391,0.27450980392156865
2021-06-19T00:00:00.000,15:30,40.766857,-73.76269,0,0,0,0,4076,-7376,0.21739130434782608
2021-06-19T00:00:00.000,22:08,40.711224,-73.92859,0,0,0,0,4071,-7392,0.2777777777777778
2021-06-18T00:00:00.000,13:38,40.79821,-73.93984,0,0,0,0,4079,-7393,0.36585365853658536
2021-06-18T00:00:00.000,16:30,40.725822,-73.79162,0,0,0,0,4072,-7379,0.3333333333333333
2021-06-19T00:00:00.000,23:30,40.68528,-73.87735,0,0,0,0,4068,-7387,0.24719101123595505
2021-06-11T00:00:00.000,5:45,40.75543,-73.87776,0,0,0,0,4075,-7387,0.33884297520661155
2021-06-19T00:00:00.000,10:30,40.623383,-74.02221,0,0,0,0,4062,-7402,0.3625
2021-06-17T00:00:00.000,15:15,40.738903,-73.98731,0,0,0,0,4073,-7398,0.36942675159235666
2021-06-19T00:00:00.000,11:35,40.659336,-73.92726,0,0,0,0,4065,-7392,0.35555555555555557
2021-06-16T00:00:00.000,9:10,40.80142,-73.93446,0,0,0,0,4080,-7393,0.36312849162011174
2021-06-19T00:00:00.000,16:00,40.684666,-73.96404,0,0,0,0,4068,-7396,0.42567567567567566
2021-06-19T00:00:00.000,16:40,40.82212,-73.911575,1,0,1,1,4082,-7391,0.3355263157894737
2021-06-19T00:00:00.000,16:44,40.66947,-74.00958,0,0,0,0,4066,-7400,0.14285714285714285
2021-06-18T00:00:00.000,9:53,40.761158,-73.99512,0,0,0,0,4076,-7399,0.3275862068965517
2021-06-19T00:00:00.000,15:00,40.80623,-73.91206,2,0,1,1,4080,-7391,0.38961038961038963
2021-06-18T00:00:00.000,15:14,40.82705,-73.87104,0,0,0,0,4082,-7387,0.33544303797468356
2021-06-19T00:00:00.000,17:38,40.681587,-73.91905,0,0,0,0,4068,-7391,0.344
2021-06-18T00:00:00.000,16:12,40.823566,-73.93768,0,0,0,0,4082,-7393,0.36645962732919257
2021-06-19T00:00:00.000,14:00,40.715954,-73.986725,1,0,1,1,4071,-7398,0.39568345323741005
2021-06-19T00:00:00.000,23:10,40.648254,-73.971405,1,0,1,1,4064,-7397,0.4095238095238095
2021-06-17T00:00:00.000,12:35,40.58153,-73.96195,0,0,0,0,4058,-7396,0.37333333333333335
2022-09-21T00:00:00.000,12:40,40.60855,-74.13216,0,0,0,0,4060,-7413,0.41935483870967744
2021-06-19T00:00:00.000,4:40,40.86268,-73.90905,1,0,1,1,4086,-7390,0.42748091603053434
2021-06-13T00:00:00.000,20:03,40.85394,-73.91468,2,0,1,1,4085,-7391,0.373134328358209
2021-06-19T00:00:00.000,17:28,40.81881,-73.92828,1,0,1,1,4081,-7392,0.4714285714285714
2021-06-19T00:00:00.000,5:55,40.83933,-73.89904,0,0,0,0,4083,-7389,0.3333333333333333
2021-06-19T00:00:00.000,16:43,40.676598,-73.93039,0,0,0,0,4067,-7393,0.3755868544600939
2021-06-19T00:00:00.000,10:52,40.657063,-73.90751,0,0,0,0,4065,-7390,0.375
2021-06-19T00:00:00.000,22:13,40.85482,-73.9112,1,0,1,1,4085,-7391,0.373134328358209
2021-06-19T00:00:00.000,2:20,40.755505,-73.96807,0,0,0,0,4075,-7396,0.4788732394366197
2021-06-18T00:00:00.000,17:40,40.684456,-73.85966,0,0,0,0,4068,-7385,0.43103448275862066
2021-06-17T00:00:00.000,14:12,40.69474,-73.93741,2,0,1,1,4069,-7393,0.3141025641025641
2021-06-19T00:00:00.000,2:55,40.653267,-73.93927,1,0,1,1,4065,-7393,0.44366197183098594
2021-06-19T00:00:00.000,15:40,40.768036,-73.905266,0,0,0,0,4076,-7390,0.3055555555555556
2021-06-18T00:00:00.000,19:00,40.680267,-73.93454,1,0,1,1,4068,-7393,0.3619047619047619
2021-06-17T00:00:00.000,15:20,40.823505,-73.94144,0,0,0,0,4082,-7394,0.3812154696132597
2021-06-19T00:00:00.000,2:58,40.701103,-73.92239,0,0,0,0,4070,-7392,0.24305555555555555
2021-06-16T00:00:00.000,8:22,40.74769,-74.00417,0,0,0,0,4074,-7400,0.27710843373493976
2021-06-19T00:00:00.000,14:45,40.66549,-73.75236,0,0,0,0,4066,-7375,0.3
2021-06-19T00:00:00.000,3:15,40.70983,-74.01468,0,0,0,0,4070,-7401,0.140625
2022-09-21T00:00:00.000,19:50,40.764126,-73.97104,0,0,0,0,4076,-7397,0.37
2021-06-17T00:00:00.000,7:20,40.706985,-73.83782,0,0,0,0,4070,-7383,0.3541666666666667
2021-06-19T00:00:00.000,22:45,40.67399,-73.73506,0,0,0,0,4067,-7373,0.46835443037974683
2021-06-19T00:00:00.000,17:55,40.596085,-73.76216,0,0,0,0,4059,-7376,0.23809523809523808
2021-06-16T00:00:00.000,17:34,40.726437,-74.00566,1,0,1,1,4072,-7400,0.32926829268292684
2021-06-19T00:00:00.000,13:12,40.853474,-73.906456,0,0,0,0,4085,-7390,0.42207792207792205
2021-06-17T00:00:00.000,16:00,40.667324,-73.852554,0,0,0,0,4066,-7385,0.3333333333333333
2021-06-19T00:00:00.000,6:29,40.678574,-73.916306,0,0,0,0,4067,-7391,0.36597938144329895
2021-06-18T00:00:00.000,17:20,40.705746,-73.8097,0,0,0,0,4070,-7380,0.3877551020408163
2021-06-19T00:00:00.000,17:30,40.663483,-73.9627,0,0,0,0,4066,-7396,0.4074074074074074
2021-06-17T00:00:00.000,15:10,40.75898,-73.99595,0,0,0,0,4075,-7399,0.2830188679245283
2021-06-18T00:00:00.000,16:30,40.563915,-74.11637,0,0,0,0,4056,-7411,0.3448275862068966
2021-06-19T00:00:00.000,2:07,40.807213,-73.92841,0,0,0,0,4080,-7392,0.3141025641025641
2021-06-19T00:00:00.000,12:20,40.62707,-74.01865,0,0,0,0,4062,-7401,0.3829787234042553
2021-06-19T00:00:00.000,22:00,40.90049,-73.84479,0,0,0,0,4090,-7384,0.28205128205128205
2021-06-19T00:00:00.000,23:00,40.71074,-73.94548,0,0,0,0,4071,-7394,0.3710691823899371
2021-06-19T00:00:00.000,11:40,40.68329,-73.81153,4,0,1,1,4068,-7381,0.4117647058823529
2021-06-19T00:00:00.000,14:43,40.829407,-73.87307,0,0,0,0,4082,-7387,0.33544303797468356
2021-06-19T00:00:00.000,7:05,40.7673,-73.794556,0,0,0,0,4076,-7379,0.2631578947368421
2021-06-19T00:00:00.000,16:10,40.677483,-73.93033,0,0,0,0,4067,-7393,0.3755868544600939
2021-06-19T00:00:00.000,12:51,40.67632,-74.01142,0,0,0,0,4067,-7401,0.32142857142857145
2021-06-19T00:00:00.000,3:50,40.85543,-73.855354,0,0,0,0,4085,-7385,0.3125
2021-06-19T00:00:00.000,22:30,40.833416,-73.90709,1,0,1,1,4083,-7390,0.3064516129032258
2021-06-13T00:00:00.000,10:25,40.5953,-74.1619,1,0,1,1,4059,-7416,0.29411764705882354
2021-06-19T00:00:00.000,16:36,40.63916,-74.0874,1,0,1,1,4063,-7408,0.2653061224489796
2021-06-19T00:00:00.000,13:32,40.765865,-73.95742,0,0,0,0,4076,-7395,0.3696969696969697
2021-06-15T00:00:00.000,19:20,40.664707,-73.92824,0,0,0,0,4066,-7392,0.355
2021-06-19T00:00:00.000,11:00,40.7135,-73.7518,0,0,0,0,4071,-7375,0.3269230769230769
2021-06-19T00:00:00.000,5:30,40.764297,-73.90304,0,0,0,0,4076,-7390,0.3055555555555556
2021-06-19T00:00:00.000,11:30,40.589493,-74.149734,1,0,1,1,4058,-7414,0.75
2021-06-19T00:00:00.000,21:21,40.640373,-73.89702,1,0,1,1,4064,-7389,0.43478260869565216
2021-06-17T00:00:00.000,10:50,40.750137,-73.8806,0,0,0,0,4075,-7388,0.3402061855670103
2021-06-12T00:00:00.000,19:40,40.84645,-73.91439,0,0,0,0,4084,-7391,0.32558139534883723
2021-06-18T00:00:00.000,2:15,40.69706,-73.91933,0,0,0,0,4069,-7391,0.2709677419354839
2021-06-19T00:00:00.000,10:40,40.72626,-73.95522,3,0,1,1,4072,-7395,0.22093023255813954
2021-06-19T00:00:00.000,6:27,40.67526,-73.88203,1,0,1,1,4067,-7388,0.30434782608695654
2021-06-19T00:00:00.000,4:37,40.832623,-73.92537,0,0,0,0,4083,-7392,0.310126582278481
2021-06-19T00:00:00.000,1:19,40.642303,-74.01324,1,0,1,1,4064,-7401,0.4295774647887324
2021-06-16T00:00:00.000,6:45,40.821117,-73.957466,2,0,1,1,4082,-7395,0.4117647058823529
2021-06-19T00:00:00.000,16:18,40.87137,-73.836586,0,0,0,0,4087,-7383,0.3333333333333333
2021-06-19T00:00:00.000,22:42,40.739506,-73.98476,0,0,0,0,4073,-7398,0.36942675159235666
2021-06-19T00:00:00.000,20:00,40.83196,-73.9439,0,0,0,0,4083,-7394,0.38926174496644295
2021-06-18T00:00:00.000,17:00,40.725975,-73.7575,0,0,0,0,4072,-7375,0.2727272727272727
2021-06-18T00:00:00.000,21:50,40.841087,-73.86447,0,0,0,0,4084,-7386,0.375
2021-06-19T00:00:00.000,18:45,40.72048,-73.98904,0,0,0,0,4072,-7398,0.4342105263157895
2021-06-18T00:00:00.000,7:35,40.624958,-74.145775,0,0,0,0,4062,-7414,0.20408163265306123
2021-06-18T00:00:00.000,23:17,40.72084,-74.00066,1,0,1,1,4072,-7400,0.32926829268292684
2021-06-19T00:00:00.000,16:15,40.646175,-73.920105,0,0,0,0,4064,-7392,0.4077669902912621
2021-06-19T00:00:00.000,23:10,40.677006,-73.81261,0,0,0,0,4067,-7381,0.4230769230769231
2021-06-19T00:00:00.000,12:30,40.744072,-73.86769,2,0,1,1,4074,-7386,0.3813559322033898
2021-06-19T00:00:00.000,18:00,40.7058,-73.94391,0,0,0,0,4070,-7394,0.3956043956043956
2021-06-19T00:00:00.000,17:30,40.598515,-74.00562,0,0,0,0,4059,-7400,0.2962962962962963
2021-06-19T00:00:00.000,7:00,40.620186,-73.92506,0,0,0,0,4062,-7392,0.3611111111111111
2021-06-19T00:00:00.000,13:20,40.68532,-73.98071,1,0,1,1,4068,-7398,0.3873239436619718
2021-06-19T00:00:00.000,3:32,40.840927,-73.912704,1,0,1,1,4084,-7391,0.32558139534883723
2021-06-19T00:00:00.000,12:10,40.747913,-73.86551,0,0,0,0,4074,-7386,0.3813559322033898
2021-06-19T00:00:00.000,16:03,40.80543,-73.92087,2,0,1,1,4080,-7392,0.3141025641025641
2021-06-19T00:00:00.000,18:40,40.76631,-73.77341,0,0,0,0,4076,-7377,0.20588235294117646
2021-06-19T00:00:00.000,17:00,40.87225,-73.919464,0,0,0,0,4087,-7391,0.25925925925925924
2021-06-19T00:00:00.000,16:17,40.69145,-73.81261,1,0,1,1,4069,-7381,0.3902439024390244
2021-06-18T00:00:00.000,0:20,40.81401,-73.94466,1,0,1,1,4081,-7394,0.38
2021-06-19T00:00:00.000,17:50,40.668377,-73.92012,0,0,0,0,4066,-7392,0.355
2021-06-14T00:00:00.000,10:54,40.75806,-73.99768,0,0,0,0,4075,-7399,0.2830188679245283
2021-06-19T00:00:00.000,0:10,40.755505,-73.96807,1,0,1,1,4075,-7396,0.4788732394366197
2021-06-18T00:00:00.000,19:08,40.82829,-73.87528,1,0,1,1,4082,-7387,0.33544303797468356
2021-06-16T00:00:00.000,0:50,40.7605,-73.95699,0,0,0,0,4076,-7395,0.3696969696969697
2021-06-19T00:00:00.000,18:50,40.639256,-73.968796,1,0,1,1,4063,-7396,0.34615384615384615
2021-06-16T00:00:00.000,7:53,40.677483,-73.93033,1,0,1,1,4067,-7393,0.3755868544600939
2021-06-17T00:00:00.000,18:00,40.89802,-73.86958,0,0,0,0,4089,-7386,0.28205128205128205
2021-06-19T00:00:00.000,14:00,40.684387,-74.00302,0,0,0,0,4068,-7400,0.3333333333333333
2021-06-19T00:00:00.000,16:32,40.64312,-73.90921,1,0,1,1,4064,-7390,0.4017094017094017
2021-06-19T00:00:00.000,11:27,40.842464,-73.86664,0,0,0,0,4084,-7386,0.375
2021-06-19T00:00:00.000,12:06,40.6491,-73.94649,0,0,0,0,4064,-7394,0.42342342342342343
2021-06-17T00:00:00.000,9:10,40.798393,-73.939,0,0,0,0,4079,-7393,0.36585365853658536
2021-06-19T00:00:00.000,18:28,40.757225,-73.96636,0,0,0,0,4075,-7396,0.4788732394366197
2021-06-19T00:00:00.000,4:50,40.889126,-73.843994,0,0,0,0,4088,-7384,0.4153846153846154
2021-06-18T00:00:00.000,14:30,40.60309,-73.99262,0,0,0,0,4060,-7399,0.31683168316831684
2021-06-19T00:00:00.000,20:10,40.761406,-73.80385,1,0,1,1,4076,-7380,0.4
2021-06-19T00:00:00.000,13:20,40.866383,-73.88515,0,0,0,0,4086,-7388,0.23943661971830985
2021-06-18T00:00:00.000,13:50,40.663483,-73.9627,0,0,0,0,4066,-7396,0.4074074074074074
2021-06-19T00:00:00.000,3:10,40.67667,-73.790665,2,0,1,1,4067,-7379,0.4264705882352941
2021-06-19T00:00:00.000,16:04,40.716385,-73.96143,0,0,0,0,4071,-7396,0.3218390804597701
2021-06-12T00:00:00.000,18:03,40.763485,-73.98895,1,0,1,1,4076,-7398,0.3081761006289308
2021-06-19T00:00:00.000,8:00,40.659264,-74.002396,0,0,0,0,4065,-7400,0.41509433962264153
2021-06-19T00:00:00.000,21:00,40.660503,-73.8306,0,0,0,0,4066,-7383,0.5
2021-06-19T00:00:00.000,11:50,40.773773,-73.824684,0,0,0,0,4077,-7382,0.4444444444444444
2021-06-19T00:00:00.000,15:44,40.757637,-73.96342,0,0,0,0,4075,-7396,0.4788732394366197
2021-06-18T00:00:00.000,16:51,40.80256,-73.943,1,0,1,1,4080,-7394,0.41116751269035534
2022-09-23T00:00:00.000,17:05,40.73718,-73.932014,0,0,0,0,4073,-7393,0.38461538461538464
2021-06-19T00:00:00.000,23:00,40.66386,-73.91092,0,0,0,0,4066,-7391,0.3630952380952381
2021-06-18T00:00:00.000,13:04,40.802498,-73.94092,0,0,0,0,4080,-7394,0.41116751269035534
2021-06-19T00:00:00.000,16:55,40.76736,-73.9371,0,0,0,0,4076,-7393,0.44680851063829785
2021-06-19T00:00:00.000,9:45,40.748436,-73.984566,1,0,1,1,4074,-7398,0.40131578947368424
2021-06-19T00:00:00.000,14:14,40.71142,-73.99608,0,0,0,0,4071,-7399,0.3263157894736842
2021-06-19T00:00:00.000,3:15,40.810993,-73.95429,0,0,0,0,4081,-7395,0.3509933774834437
2021-06-17T00:00:00.000,19:00,40.824196,-73.94224,0,0,0,0,4082,-7394,0.3812154696132597
2021-06-19T00:00:00.000,2:00,40.7571,-73.98246,0,0,0,0,4075,-7398,0.3170731707317073
2021-06-19T00:00:00.000,11:06,40.642776,-74.02003,0,0,0,0,4064,-7402,0.41379310344827586
2021-06-14T00:00:00.000,18:54,40.801575,-73.93438,0,0,0,0,4080,-7393,0.36312849162011174
2021-06-19T00:00:00.000,15:40,40.776104,-73.97975,0,0,0,0,4077,-7397,0.38235294117647056
2021-06-19T00:00:00.000,19:30,40.610523,-74.00806,0,0,0,0,4061,-7400,0.3076923076923077
2021-06-19T00:00:00.000,23:20,40.707264,-73.773476,0,0,0,0,4070,-7377,0.2413793103448276
2021-05-26T00:00:00.000,11:25,40.786358,-73.94419,1,0,1,1,4078,-7394,0.33513513513513515
2021-06-19T00:00:00.000,11:00,40.873676,-73.90815,0,0,0,0,4087,-7390,0.3184713375796178
2021-06-18T00:00:00.000,14:30,40.56763,-74.11263,1,0,1,1,4056,-7411,0.3448275862068966
2021-06-19T00:00:00.000,9:05,40.644722,-73.96122,1,0,1,1,4064,-7396,0.4714285714285714
2021-06-19T00:00:00.000,5:05,40.614925,-74.11699,1,0,1,1,4061,-7411,0.36
2022-09-22T00:00:00.000,19:10,40.631615,-74.016335,1,0,1,1,4063,-7401,0.37777777777777777
2021-06-19T00:00:00.000,10:00,40.663956,-73.95032,1,0,1,1,4066,-7395,0.44375
2021-06-19T00:00:00.000,1:58,40.65883,-73.91245,0,0,0,0,4065,-7391,0.425
2021-06-19T00:00:00.000,20:30,40.618916,-74.08369,0,0,0,0,4061,-7408,0.30612244897959184
2021-06-19T00:00:00.000,16:31,40.637455,-73.92886,1,0,1,1,4063,-7392,0.4036697247706422
2021-06-19T00:00:00.000,15:19,40.763454,-73.985275,0,0,0,0,4076,-7398,0.3081761006289308
2021-06-14T00:00:00.000,23:10,40.75649,-73.997765,0,0,0,0,4075,-7399,0.2830188679245283
2021-06-17T00:00:00.000,18:00,40.781143,-73.961754,0,0,0,0,4078,-7396,0.28125
2021-06-19T00:00:00.000,14:02,40.64124,-73.943726,2,0,1,1,4064,-7394,0.42342342342342343
2021-06-19T00:00:00.000,2:54,40.688553,-73.91245,1,0,1,1,4068,-7391,0.344
2021-06-15T00:00:00.000,19:42,40.743866,-73.99952,0,0,0,0,4074,-7399,0.3333333333333333
2021-06-17T00:00:00.000,15:40,40.620438,-74.1672,3,0,1,1,4062,-7416,0.24444444444444444
2021-06-19T00:00:00.000,15:47,40.625652,-74.02422,0,0,0,0,4062,-7402,0.3625
2021-06-19T00:00:00.000,11:53,40.69862,-73.940544,0,0,0,0,4069,-7394,0.417910447761194
2021-06-19T00:00:00.000,17:30,40.68251,-73.976326,0,0,0,0,4068,-7397,0.3412322274881517
2021-06-18T00:00:00.000,10:00,40.72081,-73.99076,0,0,0,0,4072,-7399,0.3829787234042553
2021-06-19T00:00:00.000,0:00,40.68191,-73.935974,0,0,0,0,4068,-7393,0.3619047619047619
2021-06-19T00:00:00.000,17:50,40.67983,-73.9583,3,0,1,1,4067,-7395,0.3695652173913043
2021-06-19T00:00:00.000,6:00,40.81846,-73.91489,0,0,0,0,4081,-7391,0.47244094488188976
2021-06-19T00:00:00.000,7:30,40.709755,-73.95707,0,0,0,0,4070,-7395,0.3475177304964539
2021-06-19T00:00:00.000,20:00,40.666416,-73.88297,0,0,0,0,4066,-7388,0.37012987012987014
2021-06-18T00:00:00.000,20:11,40.817173,-73.94606,1,0,1,1,4081,-7394,0.38
2021-06-18T00:00:00.000,13:20,40.754616,-73.997116,0,0,0,0,4075,-7399,0.2830188679245283
2021-06-19T00:00:00.000,5:12,40.880108,-73.86133,0,0,0,0,4088,-7386,0.23809523809523808
2021-06-19T00:00:00.000,19:37,40.776237,-73.95587,1,0,1,1,4077,-7395,0.3384615384615385
2021-06-19T00:00:00.000,0:30,40.841076,-73.93977,1,0,1,1,4084,-7393,0.32786885245901637
2021-06-18T00:00:00.000,15:00,40.68369,-73.85657,0,0,0,0,4068,-7385,0.43103448275862066
2021-06-19T00:00:00.000,7:28,40.672226,-73.94472,1,0,1,1,4067,-7394,0.34074074074074073
2021-06-19T00:00:00.000,1:30,40.846893,-73.92055,0,0,0,0,4084,-7392,0.3181818181818182
2021-06-13T00:00:00.000,4:56,40.873394,-73.90671,0,0,0,0,4087,-7390,0.3184713375796178
2021-06-19T00:00:00.000,18:52,40.80265,-73.91351,0,0,0,0,4080,-7391,0.38961038961038963
2021-06-19T00:00:00.000,20:40,40.668823,-73.97333,0,0,0,0,4066,-7397,0.24390243902439024
2021-06-19T00:00:00.000,17:57,40.69143,-73.78871,0,0,0,0,4069,-7378,0.29310344827586204
2021-06-18T00:00:00.000,18:37,40.82681,-73.85361,0,0,0,0,4082,-7385,0.27
2021-06-19T00:00:00.000,21:53,40.66059,-73.931335,0,0,0,0,4066,-7393,0.38578680203045684
2021-06-19T00:00:00.000,6:35,40.712227,-73.88436,0,0,0,0,4071,-7388,0.10344827586206896
2021-06-19T00:00:00.000,0:20,40.6131,-73.97858,0,0,0,0,4061,-7397,0.421875
2021-06-19T00:00:00.000,20:10,40.881264,-73.83875,0,0,0,0,4088,-7383,0.3448275862068966
2022-09-22T00:00:00.000,8:15,40.665565,-73.98932,1,0,1,1,4066,-7398,0.421875
2021-06-18T00:00:00.000,19:33,40.836555,-73.87135,0,0,0,0,4083,-7387,0.38414634146341464
2021-06-19T00:00:00.000,13:30,40.647068,-73.993935,0,0,0,0,4064,-7399,0.3442622950819672
2021-06-19T00:00:00.000,23:55,40.66727,-73.91975,0,0,0,0,4066,-7391,0.3630952380952381
2021-06-06T00:00:00.000,14:15,40.72548,-73.76559,1,0,1,1,4072,-7376,0.5
2021-06-19T00:00:00.000,10:03,40.641747,-74.013824,1,0,1,1,4064,-7401,0.4295774647887324
2022-09-22T00:00:00.000,14:50,40.75613,-73.81559,0,0,0,0,4075,-7381,0.35
2021-06-18T00:00:00.000,12:30,40.62929,-73.94611,4,0,1,1,4062,-7394,0.41379310344827586
2021-06-19T00:00:00.000,1:05,40.767612,-73.950005,3,0,1,1,4076,-7395,0.3696969696969697
2021-06-19T00:00:00.000,15:08,40.693405,-73.96629,0,0,0,0,4069,-7396,0.325
2021-06-19T00:00:00.000,18:00,40.646626,-73.90399,0,0,0,0,4064,-7390,0.4017094017094017
2021-06-19T00:00:00.000,3:35,40.778614,-73.83977,0,0,0,0,4077,-7383,0.25
2021-06-19T00:00:00.000,16:00,40.684258,-73.84604,1,0,1,1,4068,-7384,0.3333333333333333
2021-06-19T00:00:00.000,7:26,40.701763,-73.9276,0,0,0,0,4070,-7392,0.24305555555555555
2021-06-18T00:00:00.000,13:22,40.797943,-73.94003,1,0,1,1,4079,-7394,0.3523809523809524
2021-06-19T00:00:00.000,21:25,40.675495,-73.8997,3,0,1,1,4067,-7389,0.33852140077821014
2021-06-19T00:00:00.000,10:40,40.584522,-73.949,0,0,0,0,4058,-7394,0.40816326530612246
2021-06-18T00:00:00.000,19:00,40.73283,-73.79291,0,0,0,0,4073,-7379,0.4
2021-06-17T00:00:00.000,17:35,40.749054,-73.99576,0,0,0,0,4074,-7399,0.3333333333333333
2021-06-12T00:00:00.000,12:00,40.685184,-73.93551,0,0,0,0,4068,-7393,0.3619047619047619
2021-06-19T00:00:00.000,14:47,40.660656,-73.8809,0,0,0,0,4066,-7388,0.37012987012987014
2021-06-19T00:00:00.000,21:56,40.745174,-73.93726,0,0,0,0,4074,-7393,0.3333333333333333
2021-06-19T00:00:00.000,16:57,40.59892,-73.7637,0,0,0,0,4059,-7376,0.23809523809523808
2021-06-19T00:00:00.000,9:40,40.584137,-73.96386,0,0,0,0,4058,-7396,0.37333333333333335
2021-06-15T00:00:00.000,8:01,40.674946,-73.9194,0,0,0,0,4067,-7391,0.36597938144329895
2021-06-19T00:00:00.000,7:20,40.74914,-73.91561,0,0,0,0,4074,-7391,0.38333333333333336
2021-06-14T00:00:00.000,2:07,40.88809,-73.89254,0,0,0,0,4088,-7389,0.4626865671641791
2021-06-19T00:00:00.000,8:38,40.86155,-73.92472,1,0,1,1,4086,-7392,0.359375
2021-06-19T00:00:00.000,16:44,40.692165,-73.80638,0,0,0,0,4069,-7380,0.38461538461538464
2021-06-09T00:00:00.000,17:49,40.695908,-73.98322,1,0,1,1,4069,-7398,0.3229166666666667
2021-06-19T00:00:00.000,14:00,40.84698,-73.91065,0,0,0,0,4084,-7391,0.32558139534883723
2021-06-19T00:00:00.000,14:25,40.694546,-73.80212,1,0,1,1,4069,-7380,0.38461538461538464
2021-06-19T00:00:00.000,5:45,40.90022,-73.8535,0,0,0,0,4090,-7385,0.42105263157894735
2021-06-19T00:00:00.000,7:39,40.8499,-73.90919,3,0,1,1,4084,-7390,0.366120218579235
2021-06-19T00:00:00.000,23:00,40.76071,-73.79072,0,0,0,0,4076,-7379,0.2631578947368421
2021-06-16T00:00:00.000,22:50,40.766533,-73.9783,1,0,1,1,4076,-7397,0.37
2021-06-19T00:00:00.000,19:24,40.69835,-73.91103,0,0,0,0,4069,-7391,0.2709677419354839
2021-06-19T00:00:00.000,1:04,40.687492,-73.96262,0,0,0,0,4068,-7396,0.42567567567567566
2021-06-19T00:00:00.000,17:00,40.85162,-73.82653,1,0,1,1,4085,-7382,0.45714285714285713
2021-06-17T00:00:00.000,23:53,40.75742,-73.99993,0,0,0,0,4075,-7399,0.2830188679245283
2021-06-17T00:00:00.000,14:10,40.58789,-74.15319,1,0,1,1,4058,-7415,0.42857142857142855
2021-06-19T00:00:00.000,10:55,40.756058,-73.94283,0,0,0,0,4075,-7394,0.41333333333333333
2021-06-19T00:00:00.000,12:04,40.83639,-73.88485,0,0,0,0,4083,-7388,0.26717557251908397
2021-06-19T00:00:00.000,16:45,40.632088,-73.96891,0,0,0,0,4063,-7396,0.34615384615384615
2021-06-19T00:00:00.000,0:07,40.751602,-73.93384,0,0,0,0,4075,-7393,0.43478260869565216
2021-06-19T00:00:00.000,20:25,40.85208,-73.82685,0,0,0,0,4085,-7382,0.45714285714285713
2021-06-19T00:00:00.000,17:35,40.575924,-73.99114,0,0,0,0,4057,-7399,0.32558139534883723
2021-06-17T00:00:00.000,6:19,40.87898,-73.909035,1,0,1,1,4087,-7390,0.3184713375796178
2021-06-17T00:00:00.000,13:05,40.61898,-74.163895,0,0,0,0,4061,-7416,0.2727272727272727
2021-06-19T00:00:00.000,10:00,40.756096,-73.74655,0,0,0,0,4075,-7374,0.3333333333333333
2021-06-18T00:00:00.000,13:30,40.685093,-73.8596,0,0,0,0,4068,-7385,0.43103448275862066
2021-06-19T00:00:00.000,14:00,40.724236,-73.997795,0,0,0,0,4072,-7399,0.3829787234042553
2021-06-15T00:00:00.000,13:00,40.749146,-74.00368,0,0,0,0,4074,-7400,0.27710843373493976
2021-06-19T00:00:00.000,19:36,40.883476,-73.868256,9,0,1,1,4088,-7386,0.23809523809523808
2021-06-19T00:00:00.000,14:00,40.577168,-74.11804,0,0,0,0,4057,-7411,0.37142857142857144
2021-06-17T00:00:00.000,11:50,40.73549,-73.859634,0,0,0,0,4073,-7385,0.3619047619047619
2021-06-19T00:00:00.000,20:25,40.585163,-73.95641,0,0,0,0,4058,-7395,0.3465346534653465
2021-06-19T00:00:00.000,8:30,40.672638,-73.758575,0,0,0,0,4067,-7375,0.2608695652173913
2021-06-19T00:00:00.000,20:10,40.66687,-73.90814,0,0,0,0,4066,-7390,0.2777777777777778
2022-09-21T00:00:00.000,0:51,40.7566,-73.92072,0,0,0,0,4075,-7392,0.48148148148148145
2021-06-19T00:00:00.000,16:23,40.843204,-73.91196,0,0,0,0,4084,-7391,0.32558139534883723
2021-06-19T00:00:00.000,9:33,40.788692,-73.85061,0,0,0,0,4078,-7385,0.0
2021-06-19T00:00:00.000,5:40,40.64974,-73.998314,0,0,0,0,4064,-7399,0.3442622950819672
2021-06-19T00:00:00.000,5:40,40.650227,-73.946594,0,0,0,0,4065,-7394,0.43137254901960786
2021-05-29T00:00:00.000,0:39,40.72475,-73.773155,0,0,0,0,4072,-7377,0.375
2021-06-19T00:00:00.000,20:40,40.66157,-73.91548,0,0,0,0,4066,-7391,0.3630952380952381
2021-06-19T00:00:00.000,20:15,40.682747,-73.812355,0,0,0,0,4068,-7381,0.4117647058823529
2021-06-19T00:00:00.000,15:22,40.761036,-73.98702,0,0,0,0,4076,-7398,0.3081761006289308
2021-06-17T00:00:00.000,13:00,40.817844,-73.94185,0,0,0,0,4081,-7394,0.38
2021-06-19T00:00:00.000,23:00,40.81977,-73.93673,1,0,1,1,4081,-7393,0.32432432432432434
2021-06-19T00:00:00.000,18:55,40.59626,-73.76773,0,0,0,0,4059,-7376,0.23809523809523808
2021-06-19T00:00:00.000,5:44,40.830124,-73.86442,0,0,0,0,4083,-7386,0.24822695035460993
2021-06-19T00:00:00.000,23:45,40.76359,-73.98144,0,0,0,0,4076,-7398,0.3081761006289308
2021-06-19T00:00:00.000,19:47,40.56494,-74.15512,0,0,0,0,4056,-7415,0.2857142857142857
2021-06-19T00:00:00.000,0:48,40.79292,-73.94579,0,0,0,0,4079,-7394,0.3523809523809524
2021-06-19T00:00:00.000,17:15,40.579197,-73.98195,1,0,1,1,4057,-7398,0.36904761904761907
2021-06-19T00:00:00.000,4:29,40.79826,-73.92955,1,0,1,1,4079,-7392,0.4
2021-06-19T00:00:00.000,20:28,40.674812,-73.86363,0,0,0,0,4067,-7386,0.3431372549019608
2021-06-18T00:00:00.000,9:20,40.670986,-73.984795,0,0,0,0,4067,-7398,0.3655913978494624
2021-06-15T00:00:00.000,7:00,40.702953,-73.91706,0,0,0,0,4070,-7391,0.27450980392156865
2021-06-19T00:00:00.000,8:51,40.867504,-73.84618,0,0,0,0,4086,-7384,0.17857142857142858
2021-06-19T00:00:00.000,11:30,40.905876,-73.84994,1,0,1,1,4090,-7384,0.28205128205128205
2021-06-19T00:00:00.000,19:02,40.785625,-73.948204,1,0,1,1,4078,-7394,0.33513513513513515
2021-06-19T00:00:00.000,13:00,40.68603,-73.96643,0,0,0,0,4068,-7396,0.42567567567567566
2021-06-19T00:00:00.000,15:45,40.674797,-73.867,0,0,0,0,4067,-7386,0.3431372549019608
2021-06-19T00:00:00.000,1:40,40.760536,-73.95836,2,0,1,1,4076,-7395,0.3696969696969697
2021-06-19T00:00:00.000,18:50,40.679253,-73.81871,1,0,1,1,4067,-7381,0.4230769230769231
2021-06-19T00:00:00.000,6:20,40.69939,-73.91938,0,0,0,0,4069,-7391,0.2709677419354839
2021-06-19T00:00:00.000,2:15,40.836296,-73.87369,0,0,0,0,4083,-7387,0.38414634146341464
2021-06-18T00:00:00.000,15:57,40.67412,-73.972534,1,0,1,1,4067,-7397,0.2818181818181818
2021-06-19T00:00:00.000,15:56,40.59387,-73.9818,0,0,0,0,4059,-7398,0.34146341463414637
2021-06-19T00:00:00.000,14:00,40.844597,-73.94247,0,0,0,0,4084,-7394,0.17543859649122806
2021-06-14T00:00:00.000,2:00,40.755116,-74.00248,0,0,0,0,4075,-7400,0.3888888888888889
2021-06-18T00:00:00.000,14:55,40.749985,-74.00375,1,0,1,1,4074,-7400,0.27710843373493976
2021-06-19T00:00:00.000,5:04,40.723198,-73.73358,1,0,1,1,4072,-7373,0.4642857142857143
2021-06-19T00:00:00.000,13:30,40.848114,-73.901474,0,0,0,0,4084,-7390,0.366120218579235
2021-06-19T00:00:00.000,6:05,40.7265,-73.75571,0,0,0,0,4072,-7375,0.2727272727272727
2021-06-17T00:00:00.000,15:08,40.81207,-73.93603,1,0,1,1,4081,-7393,0.32432432432432434
2021-06-18T00:00:00.000,20:30,40.756527,-73.994026,0,0,0,0,4075,-7399,0.2830188679245283
2021-06-19T00:00:00.000,13:00,40.676224,-73.74357,0,0,0,0,4067,-7374,0.2619047619047619
2021-06-19T00:00:00.000,15:45,40.649982,-73.91183,0,0,0,0,4064,-7391,0.39805825242718446
2021-06-19T00:00:00.000,4:00,40.78029,-73.94386,0,0,0,0,4078,-7394,0.33513513513513515
2021-06-19T00:00:00.000,3:18,40.84503,-73.94508,0,0,0,0,4084,-7394,0.17543859649122806
2021-06-15T00:00:00.000,18:59,40.748596,-73.89532,0,0,0,0,4074,-7389,0.3203125
2021-06-17T00:00:00.000,18:01,40.85927,-73.90931,0,0,0,0,4085,-7390,0.42207792207792205
2021-06-19T00:00:00.000,14:59,40.68896,-73.93326,0,0,0,0,4068,-7393,0.3619047619047619
2021-06-19T00:00:00.000,1:00,40.642002,-73.898834,0,0,0,0,4064,-7389,0.43478260869565216
2021-06-19T00:00:00.000,0:00,40.851963,-73.83557,0,0,0,0,4085,-7383,0.25
2021-06-19T00:00:00.000,6:25,40.67578,-74.0014,0,0,0,0,4067,-7400,0.20967741935483872
2021-06-19T00:00:00.000,7:38,40.608307,-73.75517,0,0,0,0,4060,-7375,0.17117117117117117
2021-06-19T00:00:00.000,20:30,40.73955,-73.94531,1,0,1,1,4073,-7394,0.5
2021-06-19T00:00:00.000,20:00,40.67699,-73.74308,1,0,1,1,4067,-7374,0.2619047619047619
2021-06-19T00:00:00.000,1:00,40.583733,-73.91969,0,0,0,0,4058,-7391,0.3888888888888889
2021-06-11T00:00:00.000,15:34,40.90414,-73.905014,0,0,0,0,4090,-7390,0.11764705882352941
2021-06-19T00:00:00.000,0:12,40.66451,-73.91723,0,0,0,0,4066,-7391,0.3630952380952381
2021-06-18T00:00:00.000,18:47,40.83553,-73.86317,0,0,0,0,4083,-7386,0.24822695035460993
2021-06-12T00:00:00.000,1:08,40.607754,-74.13205,1,0,1,1,4060,-7413,0.41935483870967744
2021-06-18T00:00:00.000,15:50,40.61069,-74.1184,0,0,0,0,4061,-7411,0.36
2021-06-19T00:00:00.000,18:40,40.687508,-73.80666,4,0,1,1,4068,-7380,0.3829787234042553
2021-06-19T00:00:00.000,22:55,40.721474,-73.98764,0,0,0,0,4072,-7398,0.4342105263157895
2021-06-19T00:00:00.000,20:45,40.642384,-73.92539,1,0,1,1,4064,-7392,0.4077669902912621
2021-06-19T00:00:00.000,21:00,40.71512,-73.83224,1,0,1,1,4071,-7383,0.37349397590361444
2021-05-22T00:00:00.000,10:39,40.68783,-73.93004,0,0,0,0,4068,-7393,0.3619047619047619
2021-06-19T00:00:00.000,17:36,40.584343,-73.962,0,0,0,0,4058,-7396,0.37333333333333335
2021-06-19T00:00:00.000,8:49,40.84219,-73.89411,1,0,1,1,4084,-7389,0.33766233766233766
2021-06-19T00:00:00.000,10:46,40.6828,-73.90638,1,0,1,1,4068,-7390,0.4421052631578947
2021-06-19T00:00:00.000,9:50,40.628246,-74.16043,0,0,0,0,4062,-7416,0.24444444444444444
2021-06-19T00:00:00.000,8:30,40.82734,-73.89386,1,0,1,1,4082,-7389,0.37423312883435583
2022-09-22T00:00:00.000,15:40,40.700726,-73.94194,0,0,0,0,4070,-7394,0.3956043956043956
2022-09-22T00:00:00.000,4:45,40.556534,-74.12813,1,0,1,1,4055,-7412,0.75
2022-09-21T00:00:00.000,23:30,40.78297,-73.98591,1,0,1,1,4078,-7398,0.42105263157894735
2022-09-21T00:00:00.000,11:18,40.61405,-74.013916,1,0,1,1,4061,-7401,0.2972972972972973
2022-09-23T00:00:00.000,9:00,40.810886,-73.8817,0,0,0,0,4081,-7388,0.25471698113207547
2022-09-21T00:00:00.000,10:55,40.715065,-73.9462,0,0,0,0,4071,-7394,0.3710691823899371
2022-09-22T00:00:00.000,13:55,40.725098,-73.95157,1,0,1,1,4072,-7395,0.22093023255813954
2022-09-12T00:00:00.000,16:00,40.699375,-73.94711,0,0,0,0,4069,-7394,0.417910447761194
2022-09-22T00:00:00.000,1:00,40.76249,-73.839584,0,0,0,0,4076,-7383,0.33695652173913043
2022-09-20T00:00:00.000,8:40,40.635757,-73.99486,0,0,0,0,4063,-7399,0.47692307692307695
2022-09-23T00:00:00.000,5:00,40.700935,-73.751114,0,0,0,0,4070,-7375,0.4117647058823529
2022-09-22T00:00:00.000,23:30,40.838192,-73.91228,0,0,0,0,4083,-7391,0.33714285714285713
2022-09-19T00:00:00.000,8:56,40.684937,-73.91014,0,0,0,0,4068,-7391,0.344
2022-09-23T00:00:00.000,8:55,40.719025,-73.98978,0,0,0,0,4071,-7398,0.39568345323741005
2022-09-23T00:00:00.000,19:26,40.814266,-73.912964,0,0,0,0,4081,-7391,0.47244094488188976
2022-09-19T00:00:00.000,8:31,40.758137,-73.99787,1,0,1,1,4075,-7399,0.2830188679245283
2022-09-11T00:00:00.000,13:07,40.74715,-73.985504,0,0,0,0,4074,-7398,0.40131578947368424
2022-09-22T00:00:00.000,15:50,40.81801,-73.96149,0,0,0,0,4081,-7396,0.2222222222222222
2022-09-21T00:00:00.000,17:00,40.86804,-73.879105,0,0,0,0,4086,-7387,0.34545454545454546
2022-09-21T00:00:00.000,12:08,40.70579,-74.003876,1,0,1,1,4070,-7400,0.2542372881355932
2022-09-22T00:00:00.000,15:15,40.69108,-73.72911,1,0,1,1,4069,-7372,0.40425531914893614
2022-09-23T00:00:00.000,16:30,40.729607,-73.82489,0,0,0,0,4072,-7382,0.45454545454545453
2022-07-03T00:00:00.000,17:00,40.882687,-73.8574,0,0,0,0,4088,-7385,0.36619718309859156
2022-09-20T00:00:00.000,17:50,40.624493,-74.14034,0,0,0,0,4062,-7414,0.20408163265306123
2022-09-23T00:00:00.000,19:34,40.704525,-73.74891,1,0,1,1,4070,-7374,0.3333333333333333
2022-09-22T00:00:00.000,0:00,40.721172,-73.9557,0,0,0,0,4072,-7395,0.22093023255813954
2022-09-19T00:00:00.000,3:51,40.8068,-73.92157,1,0,1,1,4080,-7392,0.3141025641025641
2022-08-31T00:00:00.000,5:49,40.815662,-73.88702,0,0,0,0,4081,-7388,0.25471698113207547
2022-09-22T00:00:00.000,0:12,40.687046,-73.792114,1,0,1,1,4068,-7379,0.35
2022-09-16T00:00:00.000,14:46,40.661873,-73.93146,1,0,1,1,4066,-7393,0.38578680203045684
2022-09-15T00:00:00.000,17:43,40.882046,-73.86863,1,0,1,1,4088,-7386,0.23809523809523808
2022-09-22T00:00:00.000,19:00,40.71072,-73.834885,0,0,0,0,4071,-7383,0.37349397590361444
2022-01-05T00:00:00.000,6:15,40.57761,-74.11188,2,0,1,1,4057,-7411,0.37142857142857144
2022-09-21T00:00:00.000,8:00,40.758377,-73.994385,1,0,1,1,4075,-7399,0.2830188679245283
2022-09-21T00:00:00.000,13:40,40.69657,-73.95844,1,0,1,1,4069,-7395,0.30952380952380953
2022-09-17T00:00:00.000,20:53,40.80797,-73.94598,1,0,1,1,4080,-7394,0.41116751269035534
2022-09-21T00:00:00.000,8:38,40.743416,-73.95387,1,0,1,1,4074,-7395,0.35185185185185186
2022-09-22T00:00:00.000,9:39,40.6308,-74.00177,0,0,0,0,4063,-7400,0.3068181818181818
2022-09-21T00:00:00.000,11:04,40.620876,-73.96443,0,0,0,0,4062,-7396,0.375
2022-09-16T00:00:00.000,13:35,40.70589,-74.00719,0,0,0,0,4070,-7400,0.2542372881355932
2022-09-22T00:00:00.000,0:15,40.741364,-73.92096,1,0,1,1,4074,-7392,0.3709677419354839
2022-09-23T00:00:00.000,0:00,40.86038,-73.88889,0,0,0,0,4086,-7388,0.23943661971830985
2022-09-18T00:00:00.000,4:30,40.814438,-73.89308,1,0,1,1,4081,-7389,0.31543624161073824
2022-09-23T00:00:00.000,21:32,40.757885,-73.89894,0,0,0,0,4075,-7389,0.4805194805194805
2022-09-03T00:00:00.000,20:08,40.697838,-73.960075,2,0,1,1,4069,-7396,0.325
2022-09-15T00:00:00.000,4:20,40.759884,-73.9368,0,0,0,0,4075,-7393,0.43478260869565216
2022-09-17T00:00:00.000,1:50,40.715927,-73.957634,0,0,0,0,4071,-7395,0.36585365853658536
2022-09-21T00:00:00.000,6:47,40.862797,-73.865906,0,0,0,0,4086,-7386,0.4642857142857143
2022-09-18T00:00:00.000,22:00,40.612236,-73.96555,0,0,0,0,4061,-7396,0.30666666666666664
2022-09-22T00:00:00.000,20:55,40.750763,-73.97445,1,0,1,1,4075,-7397,0.375886524822695
2022-09-21T00:00:00.000,16:20,40.73698,-73.98085,0,0,0,0,4073,-7398,0.36942675159235666
2022-09-18T00:00:00.000,21:00,40.73207,-73.94462,1,0,1,1,4073,-7394,0.5
2022-09-23T00:00:00.000,13:17,40.614788,-73.94658,1,0,1,1,4061,-7394,0.48484848484848486
2022-09-22T00:00:00.000,6:50,40.67717,-73.87583,0,0,0,0,4067,-7387,0.30344827586206896
2022-09-22T00:00:00.000,11:00,40.735626,-73.73694,1,0,1,1,4073,-7373,0.3
2022-09-12T00:00:00.000,16:08,40.639297,-74.00559,0,0,0,0,4063,-7400,0.3068181818181818
2022-09-21T00:00:00.000,16:00,40.635296,-74.02918,0,0,0,0,4063,-7402,0.3877551020408163
2022-09-23T00:00:00.000,8:04,40.790253,-73.93685,1,0,1,1,4079,-7393,0.36585365853658536
2021-06-20T00:00:00.000,5:15,40.84106,-73.92851,1,0,1,1,4084,-7392,0.3181818181818182
2022-04-04T00:00:00.000,7:36,40.696033,-73.984535,0,0,0,0,4069,-7398,0.3229166666666667
2022-09-08T00:00:00.000,15:00,40.81865,-73.92729,1,0,1,1,4081,-7392,0.4714285714285714
2022-09-22T00:00:00.000,15:45,40.72389,-73.84655,1,0,1,1,4072,-7384,0.2711864406779661
2022-09-22T00:00:00.000,21:45,40.593716,-74.08479,2,0,1,1,4059,-7408,0.36363636363636365
2022-09-21T00:00:00.000,8:28,40.72568,-73.8904,0,0,0,0,4072,-7389,0.41379310344827586
2022-09-22T00:00:00.000,14:00,40.670536,-73.922424,0,0,0,0,4067,-7392,0.39655172413793105
2022-09-23T00:00:00.000,23:50,40.63082,-73.88636,1,0,1,1,4063,-7388,0.3835616438356164
2022-09-12T00:00:00.000,20:13,40.81228,-73.89628,0,0,0,0,4081,-7389,0.31543624161073824
2022-09-16T00:00:00.000,22:47,40.812393,-73.9032,2,0,1,1,4081,-7390,0.3888888888888889
2022-09-22T00:00:00.000,21:40,40.584873,-73.92705,0,0,0,0,4058,-7392,0.375
2022-09-23T00:00:00.000,7:02,40.69613,-73.987114,1,0,1,1,4069,-7398,0.3229166666666667
2022-09-09T00:00:00.000,22:49,40.592815,-73.90808,2,0,1,1,4059,-7390,0.23404255319148937
2022-09-22T00:00:00.000,3:46,40.642204,-74.01336,2,0,1,1,4064,-7401,0.4295774647887324
2022-09-22T00:00:00.000,20:50,40.714554,-73.83147,4,0,1,1,4071,-7383,0.37349397590361444
2022-09-23T00:00:00.000,20:10,40.527393,-74.220276,0,0,0,0,4052,-7422,0.125
2022-09-21T00:00:00.000,18:55,40.73675,-73.87768,2,0,1,1,4073,-7387,0.3140495867768595
2022-09-20T00:00:00.000,12:48,40.665,-73.92444,1,0,1,1,4066,-7392,0.355
2022-09-23T00:00:00.000,17:04,40.866066,-73.89851,0,0,0,0,4086,-7389,0.40606060606060607
2022-09-09T00:00:00.000,18:51,40.819965,-73.886955,0,0,0,0,4081,-7388,0.25471698113207547
2022-09-19T00:00:00.000,10:33,40.54886,-74.20017,1,0,1,1,4054,-7420,0.5555555555555556
2022-09-22T00:00:00.000,10:52,40.833916,-73.93136,0,0,0,0,4083,-7393,0.3333333333333333
2022-09-14T00:00:00.000,0:10,40.849285,-73.93894,0,0,0,0,4084,-7393,0.32786885245901637
2022-08-25T00:00:00.000,0:00,40.813095,-73.89827,0,0,0,0,4081,-7389,0.31543624161073824
2022-09-21T00:00:00.000,11:45,40.81839,-73.95632,0,0,0,0,4081,-7395,0.3509933774834437
2022-09-21T00:00:00.000,18:11,40.750168,-73.86066,0,0,0,0,4075,-7386,0.33653846153846156
2021-10-14T00:00:00.000,19:00,40.8690581,-73.8796321,0,0,0,0,4086,-7387,0.34545454545454546
2022-09-16T00:00:00.000,18:12,40.893627,-73.84585,0,0,0,0,4089,-7384,0.3333333333333333
2022-09-21T00:00:00.000,7:56,40.689598,-73.91025,0,0,0,0,4068,-7391,0.344
2022-09-21T00:00:00.000,23:20,40.61526,-74.16017,1,0,1,1,4061,-7416,0.2727272727272727
2022-09-23T00:00:00.000,8:15,0.0,0.0,0,0,0,0,0,0,0.40425531914893614
2022-09-21T00:00:00.000,14:00,40.707928,-73.78383,2,0,1,1,4070,-7378,0.34523809523809523
2022-09-16T00:00:00.000,12:53,40.881077,-73.84072,2,0,1,1,4088,-7384,0.4153846153846154
2022-09-22T00:00:00.000,12:34,40.740036,-73.85289,0,0,0,0,4074,-7385,0.35526315789473684
2022-09-15T00:00:00.000,20:00,40.663204,-73.923805,0,0,0,0,4066,-7392,0.355
2022-09-22T00:00:00.000,2:30,40.67134,-73.88195,0,0,0,0,4067,-7388,0.30434782608695654
2022-09-21T00:00:00.000,16:00,40.59423,-73.908325,1,0,1,1,4059,-7390,0.23404255319148937
2022-09-21T00:00:00.000,13:40,40.793385,-73.94693,1,0,1,1,4079,-7394,0.3523809523809524
2022-09-17T00:00:00.000,16:24,40.646717,-73.99789,1,0,1,1,4064,-7399,0.3442622950819672
2022-09-21T00:00:00.000,7:53,40.707478,-73.96076,0,0,0,0,4070,-7396,0.3431372549019608
2022-09-22T00:00:00.000,20:15,40.780174,-73.95932,3,0,1,1,4078,-7395,0.42168674698795183
2022-09-20T00:00:00.000,16:30,40.885616,-73.82883,1,0,1,1,4088,-7382,0.2765957446808511
2022-09-21T00:00:00.000,1:35,40.761383,-73.83885,1,0,1,1,4076,-7383,0.33695652173913043
2022-09-23T00:00:00.000,6:11,40.812862,-73.93458,1,0,1,1,4081,-7393,0.32432432432432434
2022-09-18T00:00:00.000,2:45,40.820503,-73.8881,0,0,0,0,4082,-7388,0.27624309392265195
2022-09-23T00:00:00.000,11:30,40.790253,-73.94564,0,0,0,0,4079,-7394,0.3523809523809524
2022-09-23T00:00:00.000,11:10,40.749825,-73.972206,1,0,1,1,4074,-7397,0.4810810810810811
2022-09-21T00:00:00.000,18:30,40.687977,-73.99974,0,0,0,0,4068,-7399,0.17857142857142858
2022-09-21T00:00:00.000,18:00,40.694576,-73.95615,0,0,0,0,4069,-7395,0.30952380952380953
2022-09-06T00:00:00.000,1:15,40.85638,-73.82631,2,0,1,1,4085,-7382,0.45714285714285713
2022-09-20T00:00:00.000,18:10,40.602673,-73.89933,1,0,1,1,4060,-7389,0.625
2022-04-04T00:00:00.000,15:20,40.683094,-73.80596,1,0,1,1,4068,-7380,0.3829787234042553
2022-09-09T00:00:00.000,3:24,40.814632,-73.89339,0,0,0,0,4081,-7389,0.31543624161073824
2022-09-09T00:00:00.000,11:15,40.89193,-73.848076,1,0,1,1,4089,-7384,0.3333333333333333
2022-09-20T00:00:00.000,16:13,40.810173,-73.95117,0,0,0,0,4081,-7395,0.3509933774834437
2022-09-09T00:00:00.000,13:40,40.737427,-73.883865,1,0,1,1,4073,-7388,0.2777777777777778
2022-09-23T00:00:00.000,14:43,40.61497,-73.92844,0,0,0,0,4061,-7392,0.2982456140350877
2022-09-21T00:00:00.000,15:10,40.599945,-73.90318,0,0,0,0,4059,-7390,0.23404255319148937
2022-09-21T00:00:00.000,14:25,40.686638,-73.93877,0,0,0,0,4068,-7393,0.3619047619047619
2022-09-23T00:00:00.000,14:25,40.586716,-73.911194,1,0,1,1,4058,-7391,0.3888888888888889
2022-09-23T00:00:00.000,10:35,40.694534,-73.74783,0,0,0,0,4069,-7374,0.46774193548387094
2022-09-16T00:00:00.000,16:03,40.89417,-73.856964,1,0,1,1,4089,-7385,0.3813559322033898
2022-09-15T00:00:00.000,16:56,40.768528,-73.9816,0,0,0,0,4076,-7398,0.3081761006289308
2022-09-17T00:00:00.000,23:10,40.683228,-73.907135,1,0,1,1,4068,-7390,0.4421052631578947
2022-09-10T00:00:00.000,4:30,40.609535,-73.75372,0,0,0,0,4060,-7375,0.17117117117117117
2022-06-04T00:00:00.000,14:15,40.68902,-73.92122,1,0,1,1,4068,-7392,0.2542372881355932
2022-09-21T00:00:00.000,17:35,40.643604,-73.94301,0,0,0,0,4064,-7394,0.42342342342342343
2022-09-23T00:00:00.000,8:10,40.813747,-73.858116,0,0,0,0,4081,-7385,0.30434782608695654
2022-09-20T00:00:00.000,12:38,40.751575,-73.85584,0,0,0,0,4075,-7385,0.3048780487804878
2022-09-23T00:00:00.000,14:12,40.722355,-73.99327,0,0,0,0,4072,-7399,0.3829787234042553
2022-09-17T00:00:00.000,13:00,40.802433,-73.946594,0,0,0,0,4080,-7394,0.41116751269035534
2022-09-21T00:00:00.000,10:15,40.801,-73.94621,0,0,0,0,4080,-7394,0.41116751269035534
2022-09-21T00:00:00.000,15:30,40.51159,-74.24934,0,0,0,0,4051,-7424,0.21428571428571427
2022-09-21T00:00:00.000,13:15,40.762764,-73.79706,1,0,1,1,4076,-7379,0.2631578947368421
2022-09-21T00:00:00.000,23:15,40.84126,-73.92805,0,0,0,0,4084,-7392,0.3181818181818182
2021-06-20T00:00:00.000,0:45,40.597057,-73.759254,0,0,0,0,4059,-7375,0.17777777777777778
2022-07-03T00:00:00.000,17:45,40.75578,-74.00199,0,0,0,0,4075,-7400,0.3888888888888889
2021-10-07T00:00:00.000,19:00,40.7376736,-74.0017682,1,0,1,1,4073,-7400,0.2403846153846154
2022-09-23T00:00:00.000,2:02,40.728474,-73.85174,0,0,0,0,4072,-7385,0.4418604651162791
2022-09-21T00:00:00.000,10:00,40.68871,-73.95499,0,0,0,0,4068,-7395,0.38571428571428573
2022-09-18T00:00:00.000,0:23,40.719864,-73.94486,0,0,0,0,4071,-7394,0.3710691823899371
2022-09-21T00:00:00.000,16:03,40.739822,-73.82243,1,0,1,1,4073,-7382,0.45454545454545453
2022-04-23T00:00:00.000,7:00,40.687103,-73.936455,0,0,0,0,4068,-7393,0.3619047619047619
2022-09-23T00:00:00.000,4:00,40.707657,-73.818794,0,0,0,0,4070,-7381,0.3194444444444444
2022-09-21T00:00:00.000,6:59,40.777264,-73.9642,1,0,1,1,4077,-7396,0.3695652173913043
2022-09-22T00:00:00.000,22:00,40.662575,-73.93448,0,0,0,0,4066,-7393,0.38578680203045684
2022-09-21T00:00:00.000,8:01,40.7426,-73.78752,1,0,1,1,4074,-7378,0.43478260869565216
2022-09-22T00:00:00.000,8:00,40.672348,-73.91409,2,0,1,1,4067,-7391,0.36597938144329895
2022-09-21T00:00:00.000,15:00,40.843822,-73.91038,1,0,1,1,4084,-7391,0.32558139534883723
2022-09-21T00:00:00.000,8:23,40.832897,-73.862274,0,0,0,0,4083,-7386,0.24822695035460993
2022-09-01T00:00:00.000,19:02,40.726322,-73.717224,0,0,0,0,4072,-7371,0.2857142857142857
2022-09-21T00:00:00.000,14:41,40.826923,-73.913635,0,0,0,0,4082,-7391,0.3355263157894737
2023-01-15T00:00:00.000,10:25,40.691235,-73.79401,0,0,0,0,4069,-7379,0.25925925925925924
2022-08-12T00:00:00.000,21:39,40.863113,-73.920616,1,0,1,1,4086,-7392,0.359375
2022-09-20T00:00:00.000,19:49,40.643246,-73.94877,1,0,1,1,4064,-7394,0.42342342342342343
2022-09-13T00:00:00.000,14:26,40.646515,-73.974655,0,0,0,0,4064,-7397,0.4095238095238095
2022-09-23T00:00:00.000,10:05,40.752403,-73.92442,1,0,1,1,4075,-7392,0.48148148148148145
2022-09-23T00:00:00.000,17:30,40.585342,-73.94157,0,0,0,0,4058,-7394,0.40816326530612246
2022-09-21T00:00:00.000,18:06,40.757362,-73.96068,1,0,1,1,4075,-7396,0.4788732394366197
2022-09-23T00:00:00.000,5:29,40.63851,-74.021225,1,0,1,1,4063,-7402,0.3877551020408163
2022-09-23T00:00:00.000,16:20,40.707596,-73.96187,1,0,1,1,4070,-7396,0.3431372549019608
2022-09-21T00:00:00.000,18:44,40.69412,-73.96017,0,0,0,0,4069,-7396,0.325
2022-09-23T00:00:00.000,12:00,40.78878,-73.955734,0,0,0,0,4078,-7395,0.42168674698795183
2022-09-21T00:00:00.000,6:55,40.723454,-73.86959,0,0,0,0,4072,-7386,0.42424242424242425
2022-09-21T00:00:00.000,11:00,40.69268,-73.93998,0,0,0,0,4069,-7393,0.3141025641025641
2022-09-22T00:00:00.000,15:40,40.67343,-73.98458,1,0,1,1,4067,-7398,0.3655913978494624
2022-09-09T00:00:00.000,3:00,40.684086,-73.929955,0,0,0,0,4068,-7392,0.2542372881355932
2022-09-22T00:00:00.000,10:15,40.70589,-74.00719,0,0,0,0,4070,-7400,0.2542372881355932
2022-06-04T00:00:00.000,10:00,40.677414,-73.93033,1,0,1,1,4067,-7393,0.3755868544600939
2022-09-15T00:00:00.000,18:30,40.718372,-73.96463,0,0,0,0,4071,-7396,0.3218390804597701
2022-09-23T00:00:00.000,9:49,40.60805,-74.15736,0,0,0,0,4060,-7415,0.3076923076923077
2022-09-23T00:00:00.000,17:38,40.756374,-73.98672,1,0,1,1,4075,-7398,0.3170731707317073
2022-09-22T00:00:00.000,17:45,40.626713,-74.16214,1,0,1,1,4062,-7416,0.24444444444444444
2022-09-22T00:00:00.000,20:05,40.857525,-73.8818,0,0,0,0,4085,-7388,0.3
2022-09-21T00:00:00.000,15:00,40.682804,-73.96367,1,0,1,1,4068,-7396,0.42567567567567566
2022-09-22T00:00:00.000,0:55,40.84016,-73.88347,0,0,0,0,4084,-7388,0.390625
2022-09-21T00:00:00.000,23:50,40.63693,-73.907295,0,0,0,0,4063,-7390,0.3561643835616438
2022-09-21T00:00:00.000,15:35,40.66279,-73.99887,1,0,1,1,4066,-7399,0.40540540540540543
2022-09-22T00:00:00.000,13:25,40.86551,-73.85962,0,0,0,0,4086,-7385,0.5
2022-09-21T00:00:00.000,2:40,40.74388,-73.98157,2,0,1,1,4074,-7398,0.40131578947368424
2022-09-19T00:00:00.000,8:19,40.682114,-73.95367,1,0,1,1,4068,-7395,0.38571428571428573
2022-09-11T00:00:00.000,22:01,40.822144,-73.887825,0,0,0,0,4082,-7388,0.27624309392265195
2022-09-21T00:00:00.000,22:17,40.663456,-73.929306,0,0,0,0,4066,-7392,0.355
2023-01-15T00:00:00.000,7:50,40.678005,-73.74945,0,0,0,0,4067,-7374,0.2619047619047619
2022-09-21T00:00:00.000,0:55,40.707954,-73.83715,0,0,0,0,4070,-7383,0.3541666666666667
2023-01-15T00:00:00.000,20:45,40.661953,-73.73235,0,0,0,0,4066,-7373,0.44339622641509435
2022-09-21T00:00:00.000,14:40,40.746998,-73.92173,1,0,1,1,4074,-7392,0.3709677419354839
2022-09-23T00:00:00.000,17:20,40.67066,-73.957985,1,0,1,1,4067,-7395,0.3695652173913043
2022-09-19T00:00:00.000,10:20,40.699192,-73.95519,0,0,0,0,4069,-7395,0.30952380952380953
2022-07-02T00:00:00.000,3:02,40.679897,-73.85043,0,0,0,0,4067,-7385,0.26666666666666666
2022-07-27T00:00:00.000,22:53,40.63477,-73.94494,0,0,0,0,4063,-7394,0.358974358974359
2022-09-23T00:00:00.000,1:05,40.89163,-73.85184,0,0,0,0,4089,-7385,0.3813559322033898
2022-09-21T00:00:00.000,9:20,40.853813,-73.90734,1,0,1,1,4085,-7390,0.42207792207792205
2022-09-23T00:00:00.000,14:00,40.75595,-73.99074,1,0,1,1,4075,-7399,0.2830188679245283
2022-09-09T00:00:00.000,11:58,40.718376,-73.97959,0,0,0,0,4071,-7397,0.41509433962264153
2022-09-21T00:00:00.000,15:45,40.857975,-73.909256,0,0,0,0,4085,-7390,0.42207792207792205
2022-09-22T00:00:00.000,16:25,40.74701,-73.977196,0,0,0,0,4074,-7397,0.4810810810810811
2022-09-14T00:00:00.000,3:40,40.636353,-73.99432,0,0,0,0,4063,-7399,0.47692307692307695
2022-09-22T00:00:00.000,8:40,40.77882,-73.953995,1,0,1,1,4077,-7395,0.3384615384615385
2022-09-13T00:00:00.000,18:20,40.6078,-73.81932,1,0,1,1,4060,-7381,0.5714285714285714
2022-09-21T00:00:00.000,9:00,40.67651,-73.73304,0,0,0,0,4067,-7373,0.46835443037974683
2022-09-02T00:00:00.000,0:30,40.623444,-74.14917,0,0,0,0,4062,-7414,0.20408163265306123
2022-09-19T00:00:00.000,16:33,40.627155,-73.96563,1,0,1,1,4062,-7396,0.375
2022-09-15T00:00:00.000,21:45,40.695705,-73.94637,0,0,0,0,4069,-7394,0.417910447761194
2022-09-21T00:00:00.000,21:20,40.696217,-73.7436,0,0,0,0,4069,-7374,0.46774193548387094
2022-09-21T00:00:00.000,20:14,40.570835,-74.16983,1,0,1,1,4057,-7416,0.36363636363636365
2022-09-23T00:00:00.000,17:25,40.614643,-73.936806,1,0,1,1,4061,-7393,0.34285714285714286
2022-09-20T00:00:00.000,4:40,40.874702,-73.85803,0,0,0,0,4087,-7385,0.37681159420289856
2022-09-13T00:00:00.000,18:15,40.648983,-73.94841,0,0,0,0,4064,-7394,0.42342342342342343
2022-02-24T00:00:00.000,9:30,0.0,0.0,1,0,1,1,0,0,0.40425531914893614
2022-03-28T00:00:00.000,19:58,40.678364,-73.77949,0,0,0,0,4067,-7377,0.32608695652173914
2022-03-29T00:00:00.000,9:45,40.755745,-73.83076,0,0,0,0,4075,-7383,0.37681159420289856
2022-04-01T00:00:00.000,14:38,40.686527,-73.83678,1,0,1,1,4068,-7383,0.45454545454545453
2022-03-27T00:00:00.000,17:35,40.812603,-73.887924,0,0,0,0,4081,-7388,0.25471698113207547
2022-04-04T00:00:00.000,0:00,40.633602,-74.01421,0,0,0,0,4063,-7401,0.37777777777777777
2022-04-02T00:00:00.000,5:10,40.683514,-73.97596,1,0,1,1,4068,-7397,0.3412322274881517
2022-04-04T00:00:00.000,11:12,40.850857,-73.90765,1,0,1,1,4085,-7390,0.42207792207792205
2022-04-04T00:00:00.000,8:25,40.646515,-73.958115,0,0,0,0,4064,-7395,0.4796747967479675
2022-04-01T00:00:00.000,13:39,40.776722,-73.979294,1,0,1,1,4077,-7397,0.38235294117647056
2022-04-04T00:00:00.000,0:20,40.704063,-73.85444,0,0,0,0,4070,-7385,0.39436619718309857
2022-04-04T00:00:00.000,15:34,40.713,-73.78237,0,0,0,0,4071,-7378,0.32653061224489793
2022-04-04T00:00:00.000,8:20,0.0,0.0,0,0,0,0,0,0,0.40425531914893614
2022-04-04T00:00:00.000,8:29,0.0,0.0,1,0,1,1,0,0,0.40425531914893614
2022-04-04T00:00:00.000,23:28,40.781456,-73.84142,0,0,0,0,4078,-7384,0.23809523809523808
2022-04-04T00:00:00.000,2:11,40.689243,-73.84501,0,0,0,0,4068,-7384,0.3333333333333333
2022-04-04T00:00:00.000,15:30,40.84543,-73.91399,0,0,0,0,4084,-7391,0.32558139534883723
2022-04-02T00:00:00.000,16:00,40.698753,-73.89726,1,0,1,1,4069,-7389,0.3709677419354839
2022-03-17T00:00:00.000,16:46,40.748245,-73.976295,1,0,1,1,4074,-7397,0.4810810810810811
2022-04-04T00:00:00.000,10:40,40.81259,-73.90251,0,0,0,0,4081,-7390,0.3888888888888889
2022-04-04T00:00:00.000,7:00,40.872494,-73.88147,0,0,0,0,4087,-7388,0.3561643835616438
2022-04-04T00:00:00.000,15:05,40.77452,-73.84824,1,0,1,1,4077,-7384,0.125
2022-04-04T00:00:00.000,19:12,40.83516,-73.93973,1,0,1,1,4083,-7393,0.3333333333333333
2022-04-04T00:00:00.000,12:05,40.66406,-73.89869,0,0,0,0,4066,-7389,0.3103448275862069
2022-04-04T00:00:00.000,18:20,40.850693,-73.85051,1,0,1,1,4085,-7385,0.3125
2022-04-04T00:00:00.000,17:31,40.731983,-73.91912,1,0,1,1,4073,-7391,0.33962264150943394
2022-04-04T00:00:00.000,16:30,40.703213,-73.90133,0,0,0,0,4070,-7390,0.37894736842105264
2022-04-04T00:00:00.000,9:38,40.628597,-73.9024,1,0,1,1,4062,-7390,0.3888888888888889
2022-04-04T00:00:00.000,12:00,40.89163,-73.85184,0,0,0,0,4089,-7385,0.3813559322033898
2022-04-04T00:00:00.000,10:38,40.853523,-73.90273,0,0,0,0,4085,-7390,0.42207792207792205
2022-02-11T00:00:00.000,0:32,40.668507,-73.92561,1,0,1,1,4066,-7392,0.355
2022-04-04T00:00:00.000,8:14,40.73091,-73.86084,1,0,1,1,4073,-7386,0.3464566929133858
2022-04-04T00:00:00.000,9:50,40.764473,-73.99522,0,0,0,0,4076,-7399,0.3275862068965517
2022-04-04T00:00:00.000,12:45,40.68603,-73.92967,0,0,0,0,4068,-7392,0.2542372881355932
2022-04-04T00:00:00.000,16:10,40.839676,-73.871216,1,0,1,1,4083,-7387,0.38414634146341464
2022-04-04T00:00:00.000,9:20,40.681946,-73.904884,0,0,0,0,4068,-7390,0.4421052631578947
2022-04-04T00:00:00.000,21:25,40.57475,-74.00174,1,0,1,1,4057,-7400,0.3157894736842105
2022-04-04T00:00:00.000,16:36,40.624817,-74.142845,0,0,0,0,4062,-7414,0.20408163265306123
2022-04-04T00:00:00.000,8:30,40.61018,-74.03548,0,0,0,0,4061,-7403,0.2777777777777778
2022-04-04T00:00:00.000,6:50,40.675755,-73.88738,0,0,0,0,4067,-7388,0.30434782608695654
2022-04-04T00:00:00.000,0:30,40.68077,-74.00369,0,0,0,0,4068,-7400,0.3333333333333333
2022-04-04T00:00:00.000,20:20,40.725876,-73.97754,1,0,1,1,4072,-7397,0.3283582089552239
2022-09-21T00:00:00.000,9:22,40.719177,-73.79223,1,0,1,1,4071,-7379,0.3888888888888889
2022-04-04T00:00:00.000,12:10,40.757797,-73.79494,0,0,0,0,4075,-7379,0.38461538461538464
2022-04-04T00:00:00.000,17:15,40.714382,-73.93345,0,0,0,0,4071,-7393,0.2711864406779661
2022-04-04T00:00:00.000,16:18,40.863632,-73.87168,0,0,0,0,4086,-7387,0.34545454545454546
2022-04-04T00:00:00.000,9:00,40.608353,-73.99078,0,0,0,0,4060,-7399,0.31683168316831684
2022-04-02T00:00:00.000,18:00,40.74063,-73.9789,0,0,0,0,4074,-7397,0.4810810810810811
2022-04-04T00:00:00.000,9:40,40.746845,-73.89144,1,0,1,1,4074,-7389,0.3203125
2022-04-04T00:00:00.000,20:15,40.6062,-74.01001,0,0,0,0,4060,-7401,0.30357142857142855
2022-04-01T00:00:00.000,8:59,40.740894,-73.89961,1,0,1,1,4074,-7389,0.3203125
2022-03-30T00:00:00.000,19:20,40.701054,-73.80888,1,0,1,1,4070,-7380,0.3877551020408163
2022-04-04T00:00:00.000,17:20,40.753994,-73.94244,1,0,1,1,4075,-7394,0.41333333333333333
2022-04-04T00:00:00.000,9:20,40.71878,-73.986206,0,0,0,0,4071,-7398,0.39568345323741005
2022-04-04T00:00:00.000,15:28,40.838196,-73.901184,0,0,0,0,4083,-7390,0.3064516129032258
2022-04-04T00:00:00.000,7:43,40.84271,-73.885666,1,0,1,1,4084,-7388,0.390625
2022-03-27T00:00:00.000,19:29,40.823032,-73.95738,2,0,1,1,4082,-7395,0.4117647058823529
2022-04-04T00:00:00.000,12:14,40.544144,-74.15364,1,0,1,1,4054,-7415,0.3125
2021-09-24T00:00:00.000,10:30,40.836502,-73.825165,0,0,0,0,4083,-7382,0.44680851063829785
2022-04-04T00:00:00.000,14:25,40.857975,-73.86249,1,0,1,1,4085,-7386,0.33766233766233766
2022-01-06T00:00:00.000,18:35,40.678364,-73.77949,1,0,1,1,4067,-7377,0.32608695652173914
2022-02-20T00:00:00.000,16:50,40.66709,-73.76376,0,0,0,0,4066,-7376,0.30434782608695654
2022-02-20T00:00:00.000,2:39,40.82256,-73.87101,0,0,0,0,4082,-7387,0.33544303797468356
2022-02-18T00:00:00.000,23:21,40.67883,-73.88816,0,0,0,0,4067,-7388,0.30434782608695654
2022-02-20T00:00:00.000,10:30,40.61498,-73.972015,0,0,0,0,4061,-7397,0.421875
2022-02-18T00:00:00.000,20:21,40.73914,-73.709,1,0,1,1,4073,-7370,0.23529411764705882
2022-02-20T00:00:00.000,0:15,0.0,0.0,0,0,0,0,0,0,0.40425531914893614
2022-02-18T00:00:00.000,9:24,40.61115,-73.95141,1,0,1,1,4061,-7395,0.4461538461538462
2022-02-18T00:00:00.000,21:30,40.881786,-73.84966,0,0,0,0,4088,-7384,0.4153846153846154
2022-02-20T00:00:00.000,21:30,40.82194,-73.90743,0,0,0,0,4082,-7390,0.3025210084033613
2022-02-20T00:00:00.000,9:43,40.727474,-73.7398,0,0,0,0,4072,-7373,0.4642857142857143
2022-02-20T00:00:00.000,13:33,40.74831,-73.70954,1,0,1,1,4074,-7370,0.375
2022-02-20T00:00:00.000,16:10,40.663544,-73.86949,0,0,0,0,4066,-7386,0.35
2022-02-15T00:00:00.000,18:25,40.88885,-73.85857,0,0,0,0,4088,-7385,0.36619718309859156
2022-02-20T00:00:00.000,20:15,40.739166,-73.76362,2,0,1,1,4073,-7376,0.2857142857142857
2022-02-20T00:00:00.000,14:28,40.74357,-73.83772,2,0,1,1,4074,-7383,0.4067796610169492
2022-02-16T00:00:00.000,6:50,40.835396,-73.92031,0,0,0,0,4083,-7392,0.310126582278481
2022-02-20T00:00:00.000,4:25,40.751453,-73.83228,0,0,0,0,4075,-7383,0.37681159420289856
2022-02-11T00:00:00.000,11:35,40.873283,-73.85555,0,0,0,0,4087,-7385,0.37681159420289856
2022-02-20T00:00:00.000,11:20,40.748913,-73.9374,0,0,0,0,4074,-7393,0.3333333333333333
2022-02-20T00:00:00.000,1:10,40.65613,-73.886894,1,0,1,1,4065,-7388,0.41509433962264153
2022-02-18T00:00:00.000,0:10,40.733326,-73.989426,0,0,0,0,4073,-7398,0.36942675159235666
2022-02-20T00:00:00.000,1:00,40.626255,-73.96256,0,0,0,0,4062,-7396,0.375
2022-02-20T00:00:00.000,15:42,40.678276,-73.91076,1,0,1,1,4067,-7391,0.36597938144329895
2022-02-20T00:00:00.000,18:39,40.608253,-73.897835,2,0,1,1,4060,-7389,0.625
2022-04-04T00:00:00.000,17:25,40.832016,-73.90882,1,0,1,1,4083,-7390,0.3064516129032258
2022-04-04T00:00:00.000,16:50,40.69608,-73.9694,0,0,0,0,4069,-7396,0.325
2021-06-16T00:00:00.000,2:35,40.829407,-73.88546,3,0,1,1,4082,-7388,0.27624309392265195
2021-06-18T00:00:00.000,13:34,40.69822,-73.943954,1,0,1,1,4069,-7394,0.417910447761194
2021-06-20T00:00:00.000,14:50,40.88756,-73.866394,1,0,1,1,4088,-7386,0.23809523809523808
2021-06-20T00:00:00.000,19:30,40.577244,-74.00004,2,0,1,1,4057,-7400,0.3157894736842105
2021-06-20T00:00:00.000,18:10,40.658703,-73.854904,1,0,1,1,4065,-7385,0.4
2021-06-16T00:00:00.000,18:00,40.754185,-73.87566,0,0,0,0,4075,-7387,0.33884297520661155
2021-06-17T00:00:00.000,13:57,40.75484,-73.98412,1,0,1,1,4075,-7398,0.3170731707317073
2021-06-20T00:00:00.000,4:00,40.866062,-73.92251,1,0,1,1,4086,-7392,0.359375
2021-06-20T00:00:00.000,3:35,40.75645,-73.97032,0,0,0,0,4075,-7397,0.375886524822695
2021-06-20T00:00:00.000,4:20,40.818752,-73.850105,0,0,0,0,4081,-7385,0.30434782608695654
2021-06-20T00:00:00.000,17:35,40.678173,-73.85749,0,0,0,0,4067,-7385,0.26666666666666666
2021-06-20T00:00:00.000,22:45,40.63447,-74.13001,0,0,0,0,4063,-7413,0.2903225806451613
2021-06-11T00:00:00.000,11:43,40.61815,-73.91689,1,0,1,1,4061,-7391,0.358974358974359
2021-06-18T00:00:00.000,19:35,40.767612,-73.950005,0,0,0,0,4076,-7395,0.3696969696969697
2021-06-20T00:00:00.000,3:00,40.69141,-73.72668,0,0,0,0,4069,-7372,0.40425531914893614
2021-06-20T00:00:00.000,15:04,40.7611,-73.93999,0,0,0,0,4076,-7393,0.44680851063829785
2021-06-20T00:00:00.000,18:00,40.736546,-73.98905,0,0,0,0,4073,-7398,0.36942675159235666
2021-06-08T00:00:00.000,10:20,40.80333,-73.94873,1,0,1,1,4080,-7394,0.41116751269035534
2021-06-20T00:00:00.000,1:30,40.843903,-73.9427,0,0,0,0,4084,-7394,0.17543859649122806
2021-06-20T00:00:00.000,11:08,40.602066,-73.75773,0,0,0,0,4060,-7375,0.17117117117117117
2021-06-20T00:00:00.000,13:30,40.67229,-73.79391,0,0,0,0,4067,-7379,0.4264705882352941
2021-06-20T00:00:00.000,2:21,40.756683,-73.85793,0,0,0,0,4075,-7385,0.3048780487804878
2021-06-20T00:00:00.000,23:00,40.88447,-73.83539,0,0,0,0,4088,-7383,0.3448275862068966
2021-06-20T00:00:00.000,16:54,40.678234,-73.89753,0,0,0,0,4067,-7389,0.33852140077821014
2021-06-20T00:00:00.000,19:22,40.648308,-74.01412,2,0,1,1,4064,-7401,0.4295774647887324
2021-06-20T00:00:00.000,13:45,40.61466,-74.034706,0,0,0,0,4061,-7403,0.2777777777777778
2021-06-19T00:00:00.000,17:43,40.755833,-73.86154,0,0,0,0,4075,-7386,0.33653846153846156
2021-06-17T00:00:00.000,0:00,40.685436,-73.79326,0,0,0,0,4068,-7379,0.35
2021-06-20T00:00:00.000,10:33,40.63195,-74.00248,0,0,0,0,4063,-7400,0.3068181818181818
2021-06-20T00:00:00.000,16:00,40.629272,-73.97308,0,0,0,0,4062,-7397,0.38666666666666666
2021-06-20T00:00:00.000,14:00,40.66262,-73.9084,0,0,0,0,4066,-7390,0.2777777777777778
2021-05-02T00:00:00.000,20:18,40.67841,-73.97911,1,0,1,1,4067,-7397,0.2818181818181818
2021-06-20T00:00:00.000,15:55,40.67202,-73.93362,0,0,0,0,4067,-7393,0.3755868544600939
2021-06-20T00:00:00.000,2:23,40.666187,-73.916664,1,0,1,1,4066,-7391,0.3630952380952381
2021-06-20T00:00:00.000,1:50,40.867474,-73.89741,1,0,1,1,4086,-7389,0.40606060606060607
2021-06-20T00:00:00.000,17:00,40.59568,-73.96099,1,0,1,1,4059,-7396,0.38596491228070173
2021-06-20T00:00:00.000,4:55,40.703163,-73.81662,0,0,0,0,4070,-7381,0.3194444444444444
2021-06-20T00:00:00.000,16:35,40.685356,-73.79723,1,0,1,1,4068,-7379,0.35
2021-06-20T00:00:00.000,9:30,40.81408,-73.90879,0,0,0,0,4081,-7390,0.3888888888888889
2021-06-20T00:00:00.000,1:31,40.67189,-73.895874,1,0,1,1,4067,-7389,0.33852140077821014
2021-06-20T00:00:00.000,13:30,40.616276,-73.93863,0,0,0,0,4061,-7393,0.34285714285714286
2022-04-04T00:00:00.000,15:30,40.67625,-73.88405,0,0,0,0,4067,-7388,0.30434782608695654
2021-06-20T00:00:00.000,10:00,40.633278,-73.983185,0,0,0,0,4063,-7398,0.4827586206896552
2021-06-20T00:00:00.000,10:54,40.604755,-73.76076,0,0,0,0,4060,-7376,0.19230769230769232
2021-06-19T00:00:00.000,20:02,40.863018,-73.917564,1,0,1,1,4086,-7391,0.38016528925619836
2021-06-20T00:00:00.000,14:20,40.754986,-73.74535,1,0,1,1,4075,-7374,0.3333333333333333
2021-06-17T00:00:00.000,12:00,40.63529,-74.00009,1,0,1,1,4063,-7400,0.3068181818181818
2021-06-20T00:00:00.000,15:00,40.663742,-73.8938,2,0,1,1,4066,-7389,0.3103448275862069
2021-06-19T00:00:00.000,13:50,40.691982,-73.735695,0,0,0,0,4069,-7373,0.36585365853658536
2021-06-20T00:00:00.000,2:55,40.66796,-73.77155,1,0,1,1,4066,-7377,0.37362637362637363
2021-06-20T00:00:00.000,23:22,40.586315,-73.80653,0,1,2,1,4058,-7380,0.4
2021-06-20T00:00:00.000,23:21,40.595886,-73.76386,0,0,0,0,4059,-7376,0.23809523809523808
2021-06-20T00:00:00.000,16:17,40.691536,-73.85419,4,0,1,1,4069,-7385,0.34
2021-06-19T00:00:00.000,22:50,40.63578,-73.97597,1,0,1,1,4063,-7397,0.36893203883495146
2021-06-20T00:00:00.000,18:58,40.720394,-73.75033,0,0,0,0,4072,-7375,0.2727272727272727
2021-05-26T00:00:00.000,14:09,40.678722,-73.952995,1,0,1,1,4067,-7395,0.3695652173913043
2021-06-20T00:00:00.000,18:30,40.666096,-73.81742,1,0,1,1,4066,-7381,0.4716981132075472
2021-06-20T00:00:00.000,2:45,40.831974,-73.9235,0,0,0,0,4083,-7392,0.310126582278481
2021-06-20T00:00:00.000,15:52,40.768467,-73.90607,1,0,1,1,4076,-7390,0.3055555555555556
2021-06-20T00:00:00.000,22:30,40.764866,-73.811966,2,0,1,1,4076,-7381,0.4716981132075472
2021-06-20T00:00:00.000,0:44,40.876976,-73.88966,1,0,1,1,4087,-7388,0.3561643835616438
2021-06-20T00:00:00.000,1:15,40.759197,-73.86596,0,0,0,0,4075,-7386,0.33653846153846156
2021-06-20T00:00:00.000,12:04,40.724895,-73.89215,0,0,0,0,4072,-7389,0.41379310344827586
2021-06-20T00:00:00.000,10:51,40.754826,-73.97569,0,0,0,0,4075,-7397,0.375886524822695
2021-06-14T00:00:00.000,3:35,40.780136,-73.988266,5,0,1,1,4078,-7398,0.42105263157894735
2021-06-20T00:00:00.000,11:40,40.72996,-73.9922,0,0,0,0,4072,-7399,0.3829787234042553
2022-04-04T00:00:00.000,17:30,40.69945,-73.822136,0,0,0,0,4069,-7382,0.37209302325581395
2021-06-20T00:00:00.000,14:30,40.578823,-73.98628,0,0,0,0,4057,-7398,0.36904761904761907
2022-04-04T00:00:00.000,0:55,40.8007,-73.96427,0,0,0,0,4080,-7396,0.31343283582089554
2021-06-19T00:00:00.000,22:50,40.826427,-73.950455,0,0,0,0,4082,-7395,0.4117647058823529
2021-06-20T00:00:00.000,1:40,40.67134,-73.73638,0,0,0,0,4067,-7373,0.46835443037974683
2021-06-20T00:00:00.000,23:20,40.720707,-73.981316,2,0,1,1,4072,-7398,0.4342105263157895
2021-06-20T00:00:00.000,11:57,40.807556,-73.919235,1,0,1,1,4080,-7391,0.38961038961038963
2021-06-20T00:00:00.000,0:30,40.667904,-73.883606,0,0,0,0,4066,-7388,0.37012987012987014
2021-06-20T00:00:00.000,23:00,40.66028,-73.92576,0,0,0,0,4066,-7392,0.355
2021-06-20T00:00:00.000,23:54,40.680374,-73.80445,0,0,0,0,4068,-7380,0.3829787234042553
2021-06-20T00:00:00.000,16:00,40.743366,-73.82765,0,0,0,0,4074,-7382,0.4057971014492754
2021-06-20T00:00:00.000,19:00,40.86147,-73.925,0,0,0,0,4086,-7392,0.359375
2021-06-20T00:00:00.000,2:27,40.71035,-73.93495,0,0,0,0,4071,-7393,0.2711864406779661
2021-06-20T00:00:00.000,18:20,40.73914,-73.98294,0,0,0,0,4073,-7398,0.36942675159235666
2021-06-20T00:00:00.000,18:43,40.7375,-73.93385,0,0,0,0,4073,-7393,0.38461538461538464
2021-06-20T00:00:00.000,5:37,40.77373,-73.96402,0,0,0,0,4077,-7396,0.3695652173913043
2021-06-03T00:00:00.000,8:22,40.893284,-73.84193,0,0,0,0,4089,-7384,0.3333333333333333
2021-06-20T00:00:00.000,18:05,40.59075,-74.08837,1,0,1,1,4059,-7408,0.36363636363636365
2021-06-20T00:00:00.000,2:35,40.76155,-73.99408,0,0,0,0,4076,-7399,0.3275862068965517
2021-06-20T00:00:00.000,15:51,40.862717,-73.9023,1,0,1,1,4086,-7390,0.42748091603053434
2021-06-20T00:00:00.000,21:55,40.759525,-73.883255,2,0,1,1,4075,-7388,0.3402061855670103
2021-06-18T00:00:00.000,0:02,40.67865,-73.791466,0,0,0,0,4067,-7379,0.4264705882352941
2021-05-06T00:00:00.000,13:55,40.67034,-73.98873,0,0,0,0,4067,-7398,0.3655913978494624
2021-06-20T00:00:00.000,0:20,40.732346,-73.98495,0,0,0,0,4073,-7398,0.36942675159235666
2021-06-20T00:00:00.000,17:40,40.722897,-73.91386,0,0,0,0,4072,-7391,0.36
2021-06-20T00:00:00.000,23:10,40.6068,-73.7648,1,0,1,1,4060,-7376,0.19230769230769232
2021-06-18T00:00:00.000,3:00,40.73989,-73.89391,0,0,0,0,4073,-7389,0.2857142857142857
2021-06-20T00:00:00.000,20:48,40.70823,-73.945076,0,0,0,0,4070,-7394,0.3956043956043956
2021-06-20T00:00:00.000,17:00,40.713497,-73.75714,0,0,0,0,4071,-7375,0.3269230769230769
2021-06-16T00:00:00.000,13:20,40.623177,-73.93748,0,0,0,0,4062,-7393,0.4444444444444444
2021-06-20T00:00:00.000,10:05,40.675053,-73.947235,0,0,0,0,4067,-7394,0.34074074074074073
2021-06-20T00:00:00.000,13:55,40.83917,-73.83629,4,0,1,1,4083,-7383,0.36363636363636365
2021-06-20T00:00:00.000,0:39,40.85535,-73.91836,2,0,1,1,4085,-7391,0.373134328358209
2021-06-20T00:00:00.000,11:20,40.787506,-73.9383,1,0,1,1,4078,-7393,0.4444444444444444
2021-06-20T00:00:00.000,21:45,40.726814,-73.83846,1,0,1,1,4072,-7383,0.4909090909090909
2021-06-17T00:00:00.000,12:45,40.723747,-74.00612,0,0,0,0,4072,-7400,0.32926829268292684
2021-06-19T00:00:00.000,1:00,40.749706,-73.99157,1,0,1,1,4074,-7399,0.3333333333333333
2021-06-20T00:00:00.000,14:00,40.70382,-73.814064,0,0,0,0,4070,-7381,0.3194444444444444
2021-06-20T00:00:00.000,3:46,40.896687,-73.84511,1,0,1,1,4089,-7384,0.3333333333333333
2021-06-20T00:00:00.000,10:10,40.757072,-73.96986,0,0,0,0,4075,-7396,0.4788732394366197
2021-06-18T00:00:00.000,13:43,40.767185,-73.88356,0,0,0,0,4076,-7388,0.43283582089552236
2021-06-20T00:00:00.000,4:55,40.76021,-73.86021,0,0,0,0,4076,-7386,0.40298507462686567
2022-04-04T00:00:00.000,10:15,40.725582,-74.004745,0,0,0,0,4072,-7400,0.32926829268292684
2021-06-20T00:00:00.000,9:30,40.761196,-73.99128,0,0,0,0,4076,-7399,0.3275862068965517
2021-06-20T00:00:00.000,18:40,40.596325,-73.76673,0,0,0,0,4059,-7376,0.23809523809523808
2021-06-20T00:00:00.000,1:08,40.65473,-73.90692,0,0,0,0,4065,-7390,0.375
2021-06-20T00:00:00.000,17:15,40.634354,-73.910675,0,0,0,0,4063,-7391,0.5
2021-06-20T00:00:00.000,2:08,40.889923,-73.85931,0,0,0,0,4088,-7385,0.36619718309859156
2021-06-20T00:00:00.000,15:40,40.836018,-73.85524,0,0,0,0,4083,-7385,0.30158730158730157
2021-06-20T00:00:00.000,20:00,40.614197,-73.947464,1,0,1,1,4061,-7394,0.48484848484848486
2021-06-20T00:00:00.000,15:08,40.583797,-73.9413,0,0,0,0,4058,-7394,0.40816326530612246
2021-06-15T00:00:00.000,20:59,40.74662,-73.89359,1,0,1,1,4074,-7389,0.3203125
2021-06-15T00:00:00.000,20:30,40.736546,-73.98905,0,0,0,0,4073,-7398,0.36942675159235666
2021-06-20T00:00:00.000,2:00,40.733944,-73.86492,0,0,0,0,4073,-7386,0.3464566929133858
2021-06-20T00:00:00.000,5:30,40.765114,-73.974945,0,0,0,0,4076,-7397,0.37
2021-06-20T00:00:00.000,12:45,40.74217,-73.79903,0,0,0,0,4074,-7379,0.1
2021-06-20T00:00:00.000,16:30,40.67069,-73.91703,0,0,0,0,4067,-7391,0.36597938144329895
2021-06-20T00:00:00.000,11:33,40.725945,-73.85977,0,0,0,0,4072,-7385,0.4418604651162791
2021-06-20T00:00:00.000,5:35,40.669098,-73.93666,1,0,1,1,4066,-7393,0.38578680203045684
2021-06-20T00:00:00.000,21:24,40.827595,-73.85004,0,0,0,0,4082,-7385,0.27
2021-06-20T00:00:00.000,3:27,40.83804,-73.94076,1,0,1,1,4083,-7394,0.38926174496644295
2021-06-20T00:00:00.000,16:20,40.819355,-73.91829,3,0,1,1,4081,-7391,0.47244094488188976
2021-06-20T00:00:00.000,14:00,40.64383,-74.011635,0,0,0,0,4064,-7401,0.4295774647887324
2021-06-20T00:00:00.000,17:45,40.575512,-73.98241,0,0,0,0,4057,-7398,0.36904761904761907
2021-06-20T00:00:00.000,16:40,40.78665,-73.8264,0,0,0,0,4078,-7382,0.3
2021-06-20T00:00:00.000,9:00,40.74598,-73.87698,0,0,0,0,4074,-7387,0.25663716814159293
2021-06-20T00:00:00.000,16:35,40.878643,-73.871605,0,0,0,0,4087,-7387,0.297029702970297
2021-06-06T00:00:00.000,11:10,40.754055,-73.99583,1,0,1,1,4075,-7399,0.2830188679245283
2020-06-21T00:00:00.000,9:30,40.67114,-73.76741,0,0,0,0,4067,-7376,0.23076923076923078
2021-06-20T00:00:00.000,21:42,40.656643,-73.91836,6,0,1,1,4065,-7391,0.425
2021-06-15T00:00:00.000,14:13,40.815697,-73.91678,1,0,1,1,4081,-7391,0.47244094488188976
2021-06-19T00:00:00.000,23:55,40.7104,-73.83974,3,0,1,1,4071,-7383,0.37349397590361444
2021-06-20T00:00:00.000,0:50,40.83076,-73.87586,0,0,0,0,4083,-7387,0.38414634146341464
2021-06-20T00:00:00.000,13:28,40.59143,-73.99037,0,0,0,0,4059,-7399,0.3076923076923077
2021-06-20T00:00:00.000,10:17,40.618706,-73.95378,0,0,0,0,4061,-7395,0.4461538461538462
2021-06-20T00:00:00.000,22:50,40.84664,-73.89606,0,0,0,0,4084,-7389,0.33766233766233766
2021-06-18T00:00:00.000,8:00,40.728127,-73.99366,0,0,0,0,4072,-7399,0.3829787234042553
2021-06-20T00:00:00.000,0:40,40.677834,-73.88509,0,0,0,0,4067,-7388,0.30434782608695654
2021-06-20T00:00:00.000,2:30,40.60174,-73.990395,0,0,0,0,4060,-7399,0.31683168316831684
2021-06-17T00:00:00.000,19:51,40.748352,-73.89174,0,0,0,0,4074,-7389,0.3203125
2022-03-29T00:00:00.000,0:48,40.65159,-73.98112,0,0,0,0,4065,-7398,0.2222222222222222
2021-06-20T00:00:00.000,3:20,40.70196,-73.944016,0,0,0,0,4070,-7394,0.3956043956043956
2021-06-20T00:00:00.000,11:11,40.84576,-73.89186,1,0,1,1,4084,-7389,0.33766233766233766
2021-06-20T00:00:00.000,6:15,40.711823,-73.83612,0,0,0,0,4071,-7383,0.37349397590361444
2021-06-20T00:00:00.000,1:15,40.690056,-73.799644,0,0,0,0,4069,-7379,0.25925925925925924
2021-06-20T00:00:00.000,4:36,40.69382,-73.72694,3,0,1,1,4069,-7372,0.40425531914893614
2021-06-20T00:00:00.000,2:15,40.67091,-73.89364,2,0,1,1,4067,-7389,0.33852140077821014
2021-06-18T00:00:00.000,0:32,40.755066,-73.8853,0,0,0,0,4075,-7388,0.3402061855670103
2021-06-18T00:00:00.000,17:30,40.711323,-73.95464,0,0,0,0,4071,-7395,0.36585365853658536
2021-06-20T00:00:00.000,14:54,40.68635,-73.96241,0,0,0,0,4068,-7396,0.42567567567567566
2021-06-20T00:00:00.000,0:01,40.682404,-73.75181,1,0,1,1,4068,-7375,0.3877551020408163
2021-06-20T00:00:00.000,19:47,40.83142,-73.91831,0,0,0,0,4083,-7391,0.33714285714285713
2021-06-18T00:00:00.000,17:30,40.80812,-73.96011,1,0,1,1,4080,-7396,0.31343283582089554
2021-06-20T00:00:00.000,16:00,40.644432,-73.9296,0,0,0,0,4064,-7392,0.4077669902912621
2021-06-17T00:00:00.000,9:35,40.68207,-73.97988,0,0,0,0,4068,-7397,0.3412322274881517
2021-06-20T00:00:00.000,0:05,40.669476,-73.919975,1,0,1,1,4066,-7391,0.3630952380952381
2021-06-20T00:00:00.000,19:19,40.7112,-73.94861,1,0,1,1,4071,-7394,0.3710691823899371
2021-06-20T00:00:00.000,5:37,40.838425,-73.941696,0,0,0,0,4083,-7394,0.38926174496644295
2021-06-20T00:00:00.000,4:15,40.904243,-73.852165,0,0,0,0,4090,-7385,0.42105263157894735
2021-06-15T00:00:00.000,12:51,40.82124,-73.90992,1,0,1,1,4082,-7390,0.3025210084033613
2021-06-20T00:00:00.000,22:30,40.75126,-73.94227,0,0,0,0,4075,-7394,0.41333333333333333
2021-06-20T00:00:00.000,14:08,40.672714,-73.89032,0,0,0,0,4067,-7389,0.33852140077821014
2021-06-20T00:00:00.000,19:21,40.75169,-73.88562,0,0,0,0,4075,-7388,0.3402061855670103
2021-06-14T00:00:00.000,21:25,40.859303,-73.89884,1,0,1,1,4085,-7389,0.3353658536585366
2021-06-20T00:00:00.000,23:01,40.69825,-73.92997,0,0,0,0,4069,-7392,0.3584905660377358
2021-06-20T00:00:00.000,16:40,40.584755,-73.94712,0,0,0,0,4058,-7394,0.40816326530612246
2021-06-20T00:00:00.000,15:09,40.701164,-73.75023,0,0,0,0,4070,-7375,0.4117647058823529
2021-06-20T00:00:00.000,16:10,40.640583,-73.91894,0,0,0,0,4064,-7391,0.39805825242718446
2021-06-20T00:00:00.000,19:28,40.83728,-73.85812,1,0,1,1,4083,-7385,0.30158730158730157
2021-06-20T00:00:00.000,19:13,40.718227,-73.950714,0,0,0,0,4071,-7395,0.36585365853658536
2021-06-20T00:00:00.000,0:17,40.76229,-73.986115,0,0,0,0,4076,-7398,0.3081761006289308
2021-06-19T00:00:00.000,15:30,40.84678,-73.85526,1,0,1,1,4084,-7385,0.32727272727272727
2021-06-20T00:00:00.000,21:43,40.790253,-73.94564,1,0,1,1,4079,-7394,0.3523809523809524
2021-06-19T00:00:00.000,1:30,40.707603,-74.00573,0,0,0,0,4070,-7400,0.2542372881355932
2021-06-20T00:00:00.000,6:45,40.74643,-73.80336,0,0,0,0,4074,-7380,0.35294117647058826
2021-06-20T00:00:00.000,1:45,40.69885,-73.95783,3,0,1,1,4069,-7395,0.30952380952380953
2021-06-19T00:00:00.000,11:34,40.850956,-73.8519,1,0,1,1,4085,-7385,0.3125
2021-06-18T00:00:00.000,17:10,40.61403,-73.974,3,0,1,1,4061,-7397,0.421875
2021-06-20T00:00:00.000,9:18,40.649277,-73.943474,0,0,0,0,4064,-7394,0.42342342342342343
2021-06-20T00:00:00.000,12:19,40.866726,-73.89799,1,0,1,1,4086,-7389,0.40606060606060607
2021-06-18T00:00:00.000,17:05,40.802753,-73.93358,0,0,0,0,4080,-7393,0.36312849162011174
2021-06-20T00:00:00.000,16:56,40.666077,-73.995224,0,0,0,0,4066,-7399,0.40540540540540543
2021-06-20T00:00:00.000,2:40,40.66496,-73.82226,0,0,0,0,4066,-7382,0.43103448275862066
2021-06-19T00:00:00.000,0:15,40.760704,-73.858246,0,0,0,0,4076,-7385,0.2727272727272727
2021-06-20T00:00:00.000,23:00,40.902485,-73.852516,2,0,1,1,4090,-7385,0.42105263157894735
2021-06-20T00:00:00.000,15:25,40.787025,-73.793,0,0,0,0,4078,-7379,0.42105263157894735
2021-06-20T00:00:00.000,17:15,40.72293,-73.847336,1,0,1,1,4072,-7384,0.2711864406779661
2021-06-20T00:00:00.000,13:30,40.885315,-73.82726,0,0,0,0,4088,-7382,0.2765957446808511
2021-06-16T00:00:00.000,19:10,40.835598,-73.9138,0,0,0,0,4083,-7391,0.33714285714285713
2021-06-18T00:00:00.000,19:30,40.75034,-73.983185,0,0,0,0,4075,-7398,0.3170731707317073
2021-06-20T00:00:00.000,17:45,40.844982,-73.92067,0,0,0,0,4084,-7392,0.3181818181818182
2021-06-20T00:00:00.000,20:00,40.665848,-73.74822,0,0,0,0,4066,-7374,0.3698630136986301
2021-06-20T00:00:00.000,15:05,40.603127,-73.95431,1,0,1,1,4060,-7395,0.4791666666666667
2021-06-12T00:00:00.000,20:15,40.748417,-73.87649,0,0,0,0,4074,-7387,0.25663716814159293
2021-06-20T00:00:00.000,15:07,40.85857,-73.88542,0,0,0,0,4085,-7388,0.3
2021-06-20T00:00:00.000,12:43,40.709476,-73.76393,1,0,1,1,4070,-7376,0.43902439024390244
2021-06-20T00:00:00.000,17:15,40.76552,-73.98004,1,0,1,1,4076,-7398,0.3081761006289308
2022-04-04T00:00:00.000,8:40,40.749283,-73.756645,0,0,0,0,4074,-7375,0.16666666666666666
2021-06-20T00:00:00.000,21:45,40.74331,-73.87451,0,0,0,0,4074,-7387,0.25663716814159293
2021-06-20T00:00:00.000,4:50,40.696663,-73.726906,2,0,1,1,4069,-7372,0.40425531914893614
2021-06-19T00:00:00.000,16:45,40.78775,-73.947464,0,0,0,0,4078,-7394,0.33513513513513515
2021-06-20T00:00:00.000,0:05,40.71616,-73.744774,0,0,0,0,4071,-7374,0.23404255319148937
2021-06-19T00:00:00.000,16:00,40.724236,-73.997795,0,0,0,0,4072,-7399,0.3829787234042553
2021-06-20T00:00:00.000,4:40,40.771286,-73.9467,0,0,0,0,4077,-7394,0.28
2021-06-20T00:00:00.000,21:18,40.68148,-73.87775,1,0,1,1,4068,-7387,0.24719101123595505
2021-06-20T00:00:00.000,12:00,40.83393,-73.860916,0,0,0,0,4083,-7386,0.24822695035460993
2021-06-20T00:00:00.000,12:07,40.629986,-73.97157,1,0,1,1,4062,-7397,0.38666666666666666
2021-06-20T00:00:00.000,7:58,40.785805,-73.94286,1,0,1,1,4078,-7394,0.33513513513513515
2021-06-20T00:00:00.000,2:25,40.801754,-73.93121,1,0,1,1,4080,-7393,0.36312849162011174
2021-06-20T00:00:00.000,14:42,40.76745,-73.78011,2,0,1,1,4076,-7378,0.4
2021-06-20T00:00:00.000,17:28,40.73185,-73.9596,0,0,0,0,4073,-7395,0.30434782608695654
2021-06-20T00:00:00.000,3:30,40.84724,-73.89088,0,0,0,0,4084,-7389,0.33766233766233766
2021-06-20T00:00:00.000,15:34,40.701992,-73.80996,1,0,1,1,4070,-7380,0.3877551020408163
2021-06-20T00:00:00.000,3:07,40.66883,-73.793655,0,0,0,0,4066,-7379,0.3870967741935484
2021-06-20T00:00:00.000,7:00,40.669724,-73.86097,0,0,0,0,4066,-7386,0.35
2021-06-20T00:00:00.000,14:50,40.904312,-73.85233,0,0,0,0,4090,-7385,0.42105263157894735
2021-06-15T00:00:00.000,8:00,40.853706,-73.871864,0,0,0,0,4085,-7387,0.375
2021-06-20T00:00:00.000,1:45,40.867012,-73.92312,0,0,0,0,4086,-7392,0.359375
2021-06-16T00:00:00.000,10:56,40.69968,-73.79864,1,0,1,1,4069,-7379,0.25925925925925924
2021-06-20T00:00:00.000,17:15,40.85219,-73.88201,1,0,1,1,4085,-7388,0.3
2021-06-20T00:00:00.000,15:39,40.743893,-73.9717,0,0,0,0,4074,-7397,0.4810810810810811
2021-06-05T00:00:00.000,2:00,40.753937,-73.8603,0,0,0,0,4075,-7386,0.33653846153846156
2021-06-15T00:00:00.000,14:45,40.666862,-73.77837,0,0,0,0,4066,-7377,0.37362637362637363
2021-05-31T00:00:00.000,10:00,40.82196,-73.944664,0,0,0,0,4082,-7394,0.3812154696132597
2021-06-20T00:00:00.000,18:16,40.69788,-73.971794,1,0,1,1,4069,-7397,0.3253012048192771
2021-06-20T00:00:00.000,6:00,40.87167,-73.8486,0,0,0,0,4087,-7384,0.47297297297297297
2021-06-20T00:00:00.000,5:30,40.69576,-73.788216,0,0,0,0,4069,-7378,0.29310344827586204
2021-06-20T00:00:00.000,15:10,40.67486,-73.9765,0,0,0,0,4067,-7397,0.2818181818181818
2021-06-20T00:00:00.000,19:15,40.688213,-73.919815,0,0,0,0,4068,-7391,0.344
2021-06-19T00:00:00.000,2:15,40.761375,-73.87978,1,0,1,1,4076,-7387,0.48214285714285715
2021-06-20T00:00:00.000,1:35,40.743576,-73.862,0,0,0,0,4074,-7386,0.3813559322033898
2021-06-20T00:00:00.000,17:00,40.70259,-73.95646,0,0,0,0,4070,-7395,0.3475177304964539
2021-06-18T00:00:00.000,23:46,40.738316,-73.98773,0,0,0,0,4073,-7398,0.36942675159235666
2021-06-20T00:00:00.000,12:40,40.60638,-73.754715,1,0,1,1,4060,-7375,0.17117117117117117
2021-06-20T00:00:00.000,1:45,40.835323,-73.9421,0,0,0,0,4083,-7394,0.38926174496644295
2021-06-20T00:00:00.000,18:25,40.70166,-73.961464,0,0,0,0,4070,-7396,0.3431372549019608
2021-06-19T00:00:00.000,23:30,40.821617,-73.91334,0,0,0,0,4082,-7391,0.3355263157894737
2021-06-20T00:00:00.000,23:52,40.85669,-73.864746,1,0,1,1,4085,-7386,0.33766233766233766
2021-06-20T00:00:00.000,2:30,40.64404,-73.877525,1,0,1,1,4064,-7387,0.4918032786885246
2022-04-04T00:00:00.000,18:09,40.698883,-73.90816,0,0,0,0,4069,-7390,0.29591836734693877
2021-06-18T00:00:00.000,13:15,40.722584,-74.00636,0,0,0,0,4072,-7400,0.32926829268292684
2021-06-20T00:00:00.000,14:35,40.86273,-73.90357,0,0,0,0,4086,-7390,0.42748091603053434
2021-06-20T00:00:00.000,15:15,40.66047,-73.998024,0,0,0,0,4066,-7399,0.40540540540540543
2021-06-20T00:00:00.000,2:30,40.60174,-73.990395,0,0,0,0,4060,-7399,0.31683168316831684
2021-06-20T00:00:00.000,2:46,40.83836,-73.91271,6,0,1,1,4083,-7391,0.33714285714285713
2021-06-20T00:00:00.000,12:00,40.67129,-73.838066,1,0,1,1,4067,-7383,0.48148148148148145
2021-06-19T00:00:00.000,9:35,40.63837,-73.97457,0,0,0,0,4063,-7397,0.36893203883495146
2021-06-20T00:00:00.000,2:00,40.65002,-73.91555,0,0,0,0,4065,-7391,0.425
2021-06-16T00:00:00.000,16:05,40.729534,-73.98389,1,0,1,1,4072,-7398,0.4342105263157895
2021-06-20T00:00:00.000,9:31,40.71782,-73.99516,1,0,1,1,4071,-7399,0.3263157894736842
2021-05-25T00:00:00.000,0:00,40.66954,-73.98941,0,0,0,0,4066,-7398,0.421875
2021-06-20T00:00:00.000,16:30,40.848328,-73.91842,0,0,0,0,4084,-7391,0.32558139534883723
2021-06-20T00:00:00.000,16:10,40.85914,-73.81824,3,0,1,1,4085,-7381,1.0
2021-06-20T00:00:00.000,17:37,40.753788,-73.744286,0,0,0,0,4075,-7374,0.3333333333333333
2021-06-20T00:00:00.000,5:00,40.678173,-73.85749,0,0,0,0,4067,-7385,0.26666666666666666
2021-06-20T00:00:00.000,16:56,40.8193,-73.84596,1,0,1,1,4081,-7384,0.3333333333333333
2021-06-20T00:00:00.000,22:00,40.582874,-73.98053,0,0,0,0,4058,-7398,0.4
2021-06-20T00:00:00.000,4:50,40.696663,-73.726906,2,0,1,1,4069,-7372,0.40425531914893614
2021-06-20T00:00:00.000,1:15,40.75967,-73.92725,0,0,0,0,4075,-7392,0.48148148148148145
2021-06-20T00:00:00.000,16:22,40.67898,-73.8763,0,0,0,0,4067,-7387,0.30344827586206896
2021-06-20T00:00:00.000,20:00,40.757668,-73.95915,0,0,0,0,4075,-7395,0.38095238095238093
2021-06-20T00:00:00.000,15:10,40.77012,-73.95741,0,0,0,0,4077,-7395,0.3384615384615385
2021-06-20T00:00:00.000,18:25,40.892513,-73.84543,1,0,1,1,4089,-7384,0.3333333333333333
2021-06-16T00:00:00.000,20:30,40.845642,-73.90211,0,0,0,0,4084,-7390,0.366120218579235
2021-06-18T00:00:00.000,9:22,40.738316,-73.98773,0,0,0,0,4073,-7398,0.36942675159235666
2021-06-20T00:00:00.000,10:09,40.666546,-73.78808,0,0,0,0,4066,-7378,0.34615384615384615
2021-06-17T00:00:00.000,18:21,40.721966,-74.00824,1,0,1,1,4072,-7400,0.32926829268292684
2022-04-04T00:00:00.000,0:40,40.756725,-73.96,1,0,1,1,4075,-7395,0.38095238095238093
2021-06-20T00:00:00.000,11:00,40.707027,-73.9236,0,0,0,0,4070,-7392,0.24305555555555555
2021-06-17T00:00:00.000,14:30,40.750412,-73.87308,0,0,0,0,4075,-7387,0.33884297520661155
2021-06-20T00:00:00.000,6:47,40.861347,-73.897736,1,0,1,1,4086,-7389,0.40606060606060607
2021-06-20T00:00:00.000,5:00,40.666233,-73.761,0,0,0,0,4066,-7376,0.30434782608695654
2021-06-13T00:00:00.000,0:27,40.808163,-73.92653,0,0,0,0,4080,-7392,0.3141025641025641
2021-06-20T00:00:00.000,13:11,40.61814,-73.954956,1,0,1,1,4061,-7395,0.4461538461538462
2021-06-20T00:00:00.000,11:00,40.83205,-73.88115,0,0,0,0,4083,-7388,0.26717557251908397
2021-06-20T00:00:00.000,14:00,40.719406,-73.74239,0,0,0,0,4071,-7374,0.23404255319148937
2021-06-20T00:00:00.000,4:08,40.59594,-73.75924,0,0,0,0,4059,-7375,0.17777777777777778
2021-06-20T00:00:00.000,15:59,40.705482,-73.92826,0,0,0,0,4070,-7392,0.24305555555555555
2021-06-20T00:00:00.000,16:30,40.724552,-73.72452,0,0,0,0,4072,-7372,0.3793103448275862
2021-06-20T00:00:00.000,15:15,40.70145,-73.989624,1,0,1,1,4070,-7398,0.21568627450980393
2021-06-20T00:00:00.000,18:15,40.704308,-73.91924,1,0,1,1,4070,-7391,0.27450980392156865
2021-06-18T00:00:00.000,19:00,40.88715,-73.86365,0,0,0,0,4088,-7386,0.23809523809523808
2021-06-18T00:00:00.000,14:34,40.867474,-73.89741,1,0,1,1,4086,-7389,0.40606060606060607
2021-06-17T00:00:00.000,7:30,40.753933,-73.86122,1,0,1,1,4075,-7386,0.33653846153846156
2021-06-20T00:00:00.000,21:28,40.585228,-73.94155,1,0,1,1,4058,-7394,0.40816326530612246
2021-06-19T00:00:00.000,21:46,40.826298,-73.94808,0,0,0,0,4082,-7394,0.3812154696132597
2021-06-20T00:00:00.000,1:05,40.591393,-73.907875,0,0,0,0,4059,-7390,0.23404255319148937
2021-06-19T00:00:00.000,12:00,40.706554,-73.95832,0,0,0,0,4070,-7395,0.3475177304964539
2021-06-20T00:00:00.000,0:55,40.845238,-73.900894,2,0,1,1,4084,-7390,0.366120218579235
2021-06-20T00:00:00.000,16:00,40.573708,-73.99072,0,0,0,0,4057,-7399,0.32558139534883723
2021-06-18T00:00:00.000,13:20,40.688953,-73.75985,0,0,0,0,4068,-7375,0.3877551020408163
2021-06-20T00:00:00.000,0:00,40.66852,-73.890175,0,0,0,0,4066,-7389,0.3103448275862069
2021-06-20T00:00:00.000,21:52,40.709476,-73.76393,1,0,1,1,4070,-7376,0.43902439024390244
2021-06-20T00:00:00.000,22:45,40.734314,-73.93803,0,0,0,0,4073,-7393,0.38461538461538464
2021-06-20T00:00:00.000,8:58,40.761276,-73.88074,0,0,0,0,4076,-7388,0.43283582089552236
2021-06-19T00:00:00.000,19:00,40.751614,-73.88641,0,0,0,0,4075,-7388,0.3402061855670103
2021-06-20T00:00:00.000,10:45,40.745754,-73.87285,0,0,0,0,4074,-7387,0.25663716814159293
2021-06-20T00:00:00.000,15:20,40.66478,-73.88642,0,0,0,0,4066,-7388,0.37012987012987014
2021-06-20T00:00:00.000,9:00,40.720234,-73.98448,0,0,0,0,4072,-7398,0.4342105263157895
2021-06-20T00:00:00.000,22:43,40.608654,-73.754,0,0,0,0,4060,-7375,0.17117117117117117
2021-06-20T00:00:00.000,20:03,40.573704,-74.10652,0,0,0,0,4057,-7410,0.3877551020408163
2021-06-20T00:00:00.000,20:39,40.88619,-73.857994,1,0,1,1,4088,-7385,0.36619718309859156
2021-06-20T00:00:00.000,14:57,40.67486,-73.9765,1,0,1,1,4067,-7397,0.2818181818181818
2021-06-13T00:00:00.000,3:26,40.627113,-73.932594,1,0,1,1,4062,-7393,0.4444444444444444
2021-06-20T00:00:00.000,2:45,40.685047,-73.954254,0,0,0,0,4068,-7395,0.38571428571428573
2021-06-20T00:00:00.000,21:34,40.837425,-73.90275,1,0,1,1,4083,-7390,0.3064516129032258
2021-06-19T00:00:00.000,19:45,40.75045,-73.9873,0,0,0,0,4075,-7398,0.3170731707317073
2021-06-20T00:00:00.000,13:03,40.727028,-74.007385,0,0,0,0,4072,-7400,0.32926829268292684
2021-06-20T00:00:00.000,14:00,40.645947,-73.9951,0,0,0,0,4064,-7399,0.3442622950819672
2021-06-20T00:00:00.000,15:14,40.83887,-73.87811,0,0,0,0,4083,-7387,0.38414634146341464
2021-06-15T00:00:00.000,14:00,40.73976,-73.86609,0,0,0,0,4073,-7386,0.3464566929133858
2021-06-20T00:00:00.000,22:39,40.68109,-73.90338,2,0,1,1,4068,-7390,0.4421052631578947
2021-06-20T00:00:00.000,9:07,40.763737,-73.97583,0,0,0,0,4076,-7397,0.37
2021-06-20T00:00:00.000,16:40,40.66614,-73.82326,0,0,0,0,4066,-7382,0.43103448275862066
2022-04-04T00:00:00.000,23:47,40.67811,-73.89762,0,0,0,0,4067,-7389,0.33852140077821014
2022-04-03T00:00:00.000,0:00,40.793777,-73.9459,0,0,0,0,4079,-7394,0.3523809523809524
2022-04-04T00:00:00.000,19:35,40.60678,-73.96579,1,0,1,1,4060,-7396,0.5714285714285714
2022-04-04T00:00:00.000,0:00,40.5916,-73.960686,1,0,1,1,4059,-7396,0.38596491228070173
2022-03-28T00:00:00.000,18:00,40.79428,-73.94902,1,0,1,1,4079,-7394,0.3523809523809524
2022-04-04T00:00:00.000,9:40,40.742283,-73.95181,0,0,0,0,4074,-7395,0.35185185185185186
2022-04-04T00:00:00.000,14:05,40.824135,-73.89296,1,0,1,1,4082,-7389,0.37423312883435583
2022-04-04T00:00:00.000,14:10,40.64713,-74.00463,0,0,0,0,4064,-7400,0.36764705882352944
2022-04-04T00:00:00.000,17:16,40.744465,-73.77179,0,0,0,0,4074,-7377,0.36363636363636365
2022-04-04T00:00:00.000,19:30,40.704697,-73.79681,0,0,0,0,4070,-7379,0.3978494623655914
2022-03-29T00:00:00.000,15:12,40.821224,-73.91719,0,0,0,0,4082,-7391,0.3355263157894737
2022-04-04T00:00:00.000,9:00,40.668724,-73.89953,0,0,0,0,4066,-7389,0.3103448275862069
2022-09-18T00:00:00.000,13:00,40.720154,-73.87531,2,0,1,1,4072,-7387,0.5714285714285714
2022-04-04T00:00:00.000,11:20,40.75807,-73.88204,1,0,1,1,4075,-7388,0.3402061855670103
2022-04-04T00:00:00.000,11:31,40.702515,-73.85449,0,0,0,0,4070,-7385,0.39436619718309857
2022-04-04T00:00:00.000,17:20,40.76525,-73.995094,0,0,0,0,4076,-7399,0.3275862068965517
2022-04-01T00:00:00.000,10:10,40.70332,-73.81794,0,0,0,0,4070,-7381,0.3194444444444444
2022-04-01T00:00:00.000,17:06,40.71346,-73.91522,1,0,1,1,4071,-7391,0.1836734693877551
2022-04-04T00:00:00.000,0:00,40.507736,-74.251305,0,0,0,0,4050,-7425,0.0
2022-04-04T00:00:00.000,16:10,40.68631,-73.97445,0,0,0,0,4068,-7397,0.3412322274881517
2022-04-04T00:00:00.000,12:00,40.75337,-73.974655,0,0,0,0,4075,-7397,0.375886524822695
2022-04-01T00:00:00.000,7:07,40.88619,-73.857994,2,0,1,1,4088,-7385,0.36619718309859156
2022-04-04T00:00:00.000,0:00,40.661385,-73.8841,1,0,1,1,4066,-7388,0.37012987012987014
2022-04-04T00:00:00.000,6:54,40.640163,-73.94553,0,0,0,0,4064,-7394,0.42342342342342343
2022-04-04T00:00:00.000,10:53,40.72778,-73.86518,0,0,0,0,4072,-7386,0.42424242424242425
2022-04-04T00:00:00.000,18:45,40.745106,-73.908646,0,0,0,0,4074,-7390,0.40625
2022-04-04T00:00:00.000,17:42,40.861828,-73.89286,0,0,0,0,4086,-7389,0.40606060606060607
2022-03-27T00:00:00.000,2:00,40.676937,-73.92183,1,0,1,1,4067,-7392,0.39655172413793105
2022-04-04T00:00:00.000,17:35,40.828915,-73.83841,0,0,0,0,4082,-7383,0.34210526315789475
2020-08-13T00:00:00.000,19:44,40.905018,-73.88631,0,0,0,0,4090,-7388,0.36363636363636365
2022-04-04T00:00:00.000,18:20,40.7064,-73.95036,0,0,0,0,4070,-7395,0.3475177304964539
2022-04-04T00:00:00.000,16:00,40.707863,-73.7953,0,0,0,0,4070,-7379,0.3978494623655914
2022-04-04T00:00:00.000,22:55,40.794735,-73.96988,0,0,0,0,4079,-7396,0.25
2022-04-04T00:00:00.000,13:00,40.851936,-73.91078,1,0,1,1,4085,-7391,0.373134328358209
2022-04-04T00:00:00.000,10:15,40.764153,-73.992195,0,0,0,0,4076,-7399,0.3275862068965517
2022-04-04T00:00:00.000,0:00,40.661125,-73.9507,1,0,1,1,4066,-7395,0.44375
2022-04-04T00:00:00.000,17:16,40.593685,-73.969894,1,0,1,1,4059,-7396,0.38596491228070173
2022-04-04T00:00:00.000,15:50,40.858162,-73.91699,0,0,0,0,4085,-7391,0.373134328358209
2022-04-04T00:00:00.000,12:00,40.698994,-73.96161,1,0,1,1,4069,-7396,0.325
2022-04-04T00:00:00.000,16:51,40.820435,-73.93623,0,0,0,0,4082,-7393,0.36645962732919257
2022-04-02T00:00:00.000,0:54,40.70253,-73.81404,1,0,1,1,4070,-7381,0.3194444444444444
2022-04-04T00:00:00.000,17:00,40.719616,-73.94065,0,0,0,0,4071,-7394,0.3710691823899371
2022-03-29T00:00:00.000,18:15,40.79423,-73.94695,4,0,1,1,4079,-7394,0.3523809523809524
2022-04-04T00:00:00.000,1:40,40.72903,-73.881775,1,0,1,1,4072,-7388,0.4
2022-04-04T00:00:00.000,13:00,40.665592,-73.88568,0,0,0,0,4066,-7388,0.37012987012987014
2022-03-25T00:00:00.000,18:00,40.842285,-73.89251,0,0,0,0,4084,-7389,0.33766233766233766
2022-04-04T00:00:00.000,16:30,40.771347,-73.92285,1,0,1,1,4077,-7392,0.3269230769230769
2022-04-04T00:00:00.000,10:30,40.80573,-73.93855,0,0,0,0,4080,-7393,0.36312849162011174
2022-04-04T00:00:00.000,7:50,40.873657,-73.87142,0,0,0,0,4087,-7387,0.297029702970297
2022-04-04T00:00:00.000,0:00,40.587444,-73.812164,0,0,0,0,4058,-7381,0.1875
2022-04-04T00:00:00.000,14:12,40.86794,-73.87221,3,0,1,1,4086,-7387,0.34545454545454546
2022-04-04T00:00:00.000,7:50,40.67066,-73.957985,0,0,0,0,4067,-7395,0.3695652173913043
2022-04-04T00:00:00.000,15:40,40.616848,-73.91169,0,0,0,0,4061,-7391,0.358974358974359
2022-04-04T00:00:00.000,2:23,40.657406,-73.74507,0,0,0,0,4065,-7374,0.4583333333333333
2022-04-04T00:00:00.000,15:11,40.681564,-73.96658,0,0,0,0,4068,-7396,0.42567567567567566
2022-04-04T00:00:00.000,6:47,40.817116,-73.88307,1,0,1,1,4081,-7388,0.25471698113207547
2022-04-04T00:00:00.000,11:10,40.7267,-73.731224,1,0,1,1,4072,-7373,0.4642857142857143
2022-04-04T00:00:00.000,7:20,40.83432,-73.850395,1,0,1,1,4083,-7385,0.30158730158730157
2022-04-04T00:00:00.000,16:59,40.749825,-73.972206,2,0,1,1,4074,-7397,0.4810810810810811
2022-04-04T00:00:00.000,8:18,40.71314,-73.78179,0,0,0,0,4071,-7378,0.32653061224489793
2022-04-04T00:00:00.000,3:00,40.67341,-73.86761,0,0,0,0,4067,-7386,0.3431372549019608
2022-04-04T00:00:00.000,14:00,40.581825,-73.96418,0,0,0,0,4058,-7396,0.37333333333333335
2022-04-04T00:00:00.000,17:30,40.768753,-73.813065,1,0,1,1,4076,-7381,0.4716981132075472
2022-04-04T00:00:00.000,22:29,40.651974,-73.86542,1,0,1,1,4065,-7386,0.36619718309859156
2022-04-04T00:00:00.000,14:34,40.8674,-73.89488,0,0,0,0,4086,-7389,0.40606060606060607
2022-04-02T00:00:00.000,7:46,40.67297,-73.96745,1,0,1,1,4067,-7396,0.3466666666666667
2022-04-04T00:00:00.000,3:20,40.81277,-73.88221,0,0,0,0,4081,-7388,0.25471698113207547
2022-04-04T00:00:00.000,20:30,40.63422,-74.01088,1,0,1,1,4063,-7401,0.37777777777777777
2022-04-04T00:00:00.000,2:02,40.63814,-73.89741,0,0,0,0,4063,-7389,0.41818181818181815
2021-06-21T00:00:00.000,2:35,40.604618,-74.07204,0,0,0,0,4060,-7407,0.25
2021-10-14T00:00:00.000,13:35,40.6390218,-74.022464,0,0,0,0,4063,-7402,0.3877551020408163
2022-04-04T00:00:00.000,15:55,40.72857,-73.85809,1,0,1,1,4072,-7385,0.4418604651162791
2022-04-04T00:00:00.000,19:00,40.655754,-73.92403,0,0,0,0,4065,-7392,0.35555555555555557
2022-04-04T00:00:00.000,16:11,40.715347,-73.74845,0,0,0,0,4071,-7374,0.23404255319148937
2022-04-02T00:00:00.000,13:28,40.90347,-73.88628,1,0,1,1,4090,-7388,0.36363636363636365
2022-04-04T00:00:00.000,12:00,40.80304,-73.868904,0,0,0,0,4080,-7386,0.0
2022-04-04T00:00:00.000,8:30,40.588596,-73.92321,0,0,0,0,4058,-7392,0.375
2022-04-04T00:00:00.000,19:40,40.704494,-73.81743,0,0,0,0,4070,-7381,0.3194444444444444
2022-04-04T00:00:00.000,17:00,40.71123,-73.85575,1,0,1,1,4071,-7385,0.4418604651162791
2022-04-04T00:00:00.000,19:13,40.774612,-73.92399,0,0,0,0,4077,-7392,0.3269230769230769
2022-04-04T00:00:00.000,16:00,40.690495,-73.868904,4,0,1,1,4069,-7386,0.21052631578947367
2022-04-01T00:00:00.000,16:49,40.700954,-73.825676,1,0,1,1,4070,-7382,0.4166666666666667
2022-04-02T00:00:00.000,17:40,40.871487,-73.869194,1,0,1,1,4087,-7386,0.3142857142857143
2022-04-04T00:00:00.000,12:00,40.68817,-73.998116,0,0,0,0,4068,-7399,0.17857142857142858
2022-04-02T00:00:00.000,15:20,40.71632,-73.99631,0,0,0,0,4071,-7399,0.3263157894736842
2022-04-04T00:00:00.000,15:57,40.806534,-73.90758,0,0,0,0,4080,-7390,0.36538461538461536
2022-04-02T00:00:00.000,17:11,40.64437,-73.93061,0,0,0,0,4064,-7393,0.3333333333333333
2022-04-04T00:00:00.000,14:15,40.636044,-73.890686,1,0,1,1,4063,-7389,0.41818181818181815
2022-04-04T00:00:00.000,22:09,40.61949,-73.94652,1,0,1,1,4061,-7394,0.48484848484848486
2022-03-27T00:00:00.000,11:50,40.802204,-73.967804,0,0,0,0,4080,-7396,0.31343283582089554
2022-03-28T00:00:00.000,11:15,40.72255,-74.00631,0,0,0,0,4072,-7400,0.32926829268292684
2022-04-04T00:00:00.000,7:05,40.85386,-73.85515,1,0,1,1,4085,-7385,0.3125
2022-04-04T00:00:00.000,13:25,40.847355,-73.93518,1,0,1,1,4084,-7393,0.32786885245901637
2022-04-03T00:00:00.000,4:29,40.72545,-73.837776,1,0,1,1,4072,-7383,0.4909090909090909
2022-04-04T00:00:00.000,17:04,40.77364,-73.95986,0,0,0,0,4077,-7395,0.3384615384615385
2022-04-04T00:00:00.000,13:00,40.749157,-73.9727,0,0,0,0,4074,-7397,0.4810810810810811
2021-10-14T00:00:00.000,19:19,40.7445322,-73.9888703,0,0,0,0,4074,-7398,0.40131578947368424
2022-04-04T00:00:00.000,17:14,40.650948,-73.94668,1,0,1,1,4065,-7394,0.43137254901960786
2022-04-04T00:00:00.000,17:00,40.672897,-73.90192,0,0,0,0,4067,-7390,0.3282442748091603
2022-04-04T00:00:00.000,0:00,40.781853,-73.82523,0,0,0,0,4078,-7382,0.3
2022-04-04T00:00:00.000,7:20,40.881073,-73.878494,0,0,0,0,4088,-7387,0.14583333333333334
2022-04-04T00:00:00.000,6:12,40.655216,-73.96194,0,0,0,0,4065,-7396,0.3939393939393939
2022-03-29T00:00:00.000,9:40,40.70198,-73.74105,1,0,1,1,4070,-7374,0.3333333333333333
2022-04-04T00:00:00.000,13:00,40.886383,-73.85597,0,0,0,0,4088,-7385,0.36619718309859156
2022-04-04T00:00:00.000,14:55,40.671112,-73.96008,0,0,0,0,4067,-7396,0.3466666666666667
2022-03-30T00:00:00.000,12:00,40.72225,-74.00592,1,0,1,1,4072,-7400,0.32926829268292684
2022-04-04T00:00:00.000,3:45,40.74623,-73.89037,1,0,1,1,4074,-7389,0.3203125
2022-04-03T00:00:00.000,19:00,40.67189,-73.895874,1,0,1,1,4067,-7389,0.33852140077821014
2022-03-29T00:00:00.000,1:05,40.80964,-73.947845,0,0,0,0,4080,-7394,0.41116751269035534
2022-04-04T00:00:00.000,21:20,40.668556,-73.84714,0,0,0,0,4066,-7384,0.5925925925925926
2022-04-04T00:00:00.000,1:19,40.768227,-73.929146,0,0,0,0,4076,-7392,0.42105263157894735
2022-04-04T00:00:00.000,9:20,40.879463,-73.85249,1,0,1,1,4087,-7385,0.37681159420289856
2022-04-04T00:00:00.000,0:34,40.60981,-73.92251,0,0,0,0,4060,-7392,0.3333333333333333
2022-09-23T00:00:00.000,7:30,40.710342,-73.79161,1,0,1,1,4071,-7379,0.3888888888888889
2022-03-30T00:00:00.000,16:58,40.846462,-73.893684,0,0,0,0,4084,-7389,0.33766233766233766
2022-04-04T00:00:00.000,23:13,40.716682,-73.98244,2,0,1,1,4071,-7398,0.39568345323741005
2022-04-04T00:00:00.000,13:56,40.696033,-73.984535,0,0,0,0,4069,-7398,0.3229166666666667
2022-04-04T00:00:00.000,15:01,40.633347,-73.99387,1,0,1,1,4063,-7399,0.47692307692307695
2022-04-04T00:00:00.000,16:30,40.580574,-73.95359,0,0,0,0,4058,-7395,0.3465346534653465
2022-04-04T00:00:00.000,12:25,40.6958,-73.96369,0,0,0,0,4069,-7396,0.325
2022-04-04T00:00:00.000,9:25,40.588867,-73.98826,0,0,0,0,4058,-7398,0.4
2022-04-04T00:00:00.000,10:30,40.729,-73.781845,0,0,0,0,4072,-7378,0.4
2022-04-04T00:00:00.000,17:10,40.657005,-73.87224,2,0,1,1,4065,-7387,0.2857142857142857
2022-04-04T00:00:00.000,4:15,40.666386,-73.80178,2,0,1,1,4066,-7380,0.40789473684210525
2022-04-04T00:00:00.000,17:00,40.85228,-73.87159,0,0,0,0,4085,-7387,0.375
2022-04-04T00:00:00.000,18:40,40.709297,-73.739395,0,0,0,0,4070,-7373,0.52
2022-04-04T00:00:00.000,13:09,40.638687,-74.032234,0,0,0,0,4063,-7403,0.42424242424242425
2022-04-04T00:00:00.000,19:25,40.753048,-73.89155,1,0,1,1,4075,-7389,0.4805194805194805
2022-04-04T00:00:00.000,9:35,40.822697,-73.886444,0,0,0,0,4082,-7388,0.27624309392265195
2022-04-04T00:00:00.000,8:58,0.0,0.0,1,0,1,1,0,0,0.40425531914893614
2022-04-04T00:00:00.000,14:05,40.87998,-73.876175,1,0,1,1,4087,-7387,0.297029702970297
2022-04-04T00:00:00.000,13:26,40.801125,-73.92988,0,0,0,0,4080,-7392,0.3141025641025641
2022-04-04T00:00:00.000,22:45,40.67562,-73.88826,0,0,0,0,4067,-7388,0.30434782608695654
2022-04-04T00:00:00.000,8:45,40.87918,-73.88208,0,0,0,0,4087,-7388,0.3561643835616438
2022-04-04T00:00:00.000,23:58,40.74198,-73.82475,1,0,1,1,4074,-7382,0.4057971014492754
2022-04-04T00:00:00.000,19:51,40.86877,-73.83174,1,0,1,1,4086,-7383,0.3448275862068966
2022-04-04T00:00:00.000,12:30,40.595932,-73.75963,2,0,1,1,4059,-7375,0.17777777777777778
2022-04-04T00:00:00.000,15:23,40.691433,-73.89063,0,0,0,0,4069,-7389,0.3709677419354839
2022-04-02T00:00:00.000,18:10,40.685276,-73.77241,0,0,0,0,4068,-7377,0.3673469387755102
2022-04-02T00:00:00.000,6:25,40.754528,-73.87737,0,0,0,0,4075,-7387,0.33884297520661155
2022-04-04T00:00:00.000,23:50,40.631138,-73.966484,0,0,0,0,4063,-7396,0.34615384615384615
2022-04-04T00:00:00.000,18:00,40.835705,-73.888756,0,0,0,0,4083,-7388,0.26717557251908397
2022-04-04T00:00:00.000,16:40,40.627674,-73.96092,0,0,0,0,4062,-7396,0.375
2022-03-27T00:00:00.000,11:56,40.798126,-73.94832,1,0,1,1,4079,-7394,0.3523809523809524
2022-04-04T00:00:00.000,12:30,40.716965,-73.954834,0,0,0,0,4071,-7395,0.36585365853658536
2022-04-04T00:00:00.000,17:15,40.87485,-73.86425,0,0,0,0,4087,-7386,0.3142857142857143
2022-04-04T00:00:00.000,13:21,40.57979,-74.1275,0,0,0,0,4057,-7412,0.36363636363636365
2022-03-24T00:00:00.000,11:00,40.67058,-73.93096,1,0,1,1,4067,-7393,0.3755868544600939
2022-04-04T00:00:00.000,15:00,40.681,-73.85472,0,0,0,0,4068,-7385,0.43103448275862066
2022-04-04T00:00:00.000,18:10,40.728596,-73.89086,0,0,0,0,4072,-7389,0.41379310344827586
2022-04-04T00:00:00.000,14:48,40.76718,-73.811646,1,0,1,1,4076,-7381,0.4716981132075472
2021-06-21T00:00:00.000,17:10,40.74424,-73.84717,0,0,0,0,4074,-7384,0.42857142857142855
2022-04-04T00:00:00.000,17:20,40.723625,-74.00479,0,0,0,0,4072,-7400,0.32926829268292684
2022-04-04T00:00:00.000,16:45,40.751957,-73.93475,0,0,0,0,4075,-7393,0.43478260869565216
2022-04-04T00:00:00.000,15:09,40.648182,-73.93001,0,0,0,0,4064,-7393,0.3333333333333333
2022-04-04T00:00:00.000,10:39,40.63747,-73.91918,2,0,1,1,4063,-7391,0.5
2022-04-04T00:00:00.000,5:28,40.643303,-73.9478,0,0,0,0,4064,-7394,0.42342342342342343
2022-04-04T00:00:00.000,8:04,40.666573,-73.811775,1,0,1,1,4066,-7381,0.4716981132075472
2022-04-04T00:00:00.000,8:15,40.84046,-73.88596,0,0,0,0,4084,-7388,0.390625
2022-04-04T00:00:00.000,18:29,40.77223,-73.829575,0,0,0,0,4077,-7382,0.4444444444444444
2023-01-06T00:00:00.000,6:20,40.884098,-73.90121,1,0,1,1,4088,-7390,0.2702702702702703
2022-04-02T00:00:00.000,23:29,40.694263,-73.95235,0,0,0,0,4069,-7395,0.30952380952380953
2022-04-01T00:00:00.000,3:40,40.70416,-73.85617,0,0,0,0,4070,-7385,0.39436619718309857
2022-04-01T00:00:00.000,15:09,40.83957,-73.88279,1,0,1,1,4083,-7388,0.26717557251908397
2022-04-02T00:00:00.000,17:37,40.744263,-73.876755,1,0,1,1,4074,-7387,0.25663716814159293
2022-04-04T00:00:00.000,20:20,40.63083,-73.90736,0,0,0,0,4063,-7390,0.3561643835616438
2022-03-23T00:00:00.000,12:31,40.728287,-73.84722,0,0,0,0,4072,-7384,0.2711864406779661
2022-04-04T00:00:00.000,23:40,40.645073,-73.97438,0,0,0,0,4064,-7397,0.4095238095238095
2022-04-04T00:00:00.000,14:57,40.75028,-73.98113,0,0,0,0,4075,-7398,0.3170731707317073
2022-04-04T00:00:00.000,9:37,40.659504,-73.76878,0,0,0,0,4065,-7376,0.35714285714285715
2022-03-06T00:00:00.000,0:15,40.812138,-73.96636,1,0,1,1,4081,-7396,0.2222222222222222
2022-04-04T00:00:00.000,8:00,40.586117,-73.93604,0,0,0,0,4058,-7393,0.24324324324324326
2022-04-04T00:00:00.000,16:20,40.665504,-73.75694,0,0,0,0,4066,-7375,0.3
2022-04-04T00:00:00.000,14:32,40.58489,-73.92885,0,0,0,0,4058,-7392,0.375
2022-04-04T00:00:00.000,12:50,40.69431,-73.93134,0,0,0,0,4069,-7393,0.3141025641025641
2022-04-04T00:00:00.000,2:22,40.73736,-73.99685,0,0,0,0,4073,-7399,0.423728813559322
2022-04-03T00:00:00.000,23:00,40.87139,-73.86427,0,0,0,0,4087,-7386,0.3142857142857143
2022-09-21T00:00:00.000,18:00,40.749866,-73.86273,1,0,1,1,4074,-7386,0.3813559322033898
2021-10-08T00:00:00.000,8:30,40.7909056,-73.9391302,1,0,1,1,4079,-7393,0.36585365853658536
2022-04-03T00:00:00.000,11:15,40.503876,-74.24901,0,0,0,0,4050,-7424,0.1
2022-04-04T00:00:00.000,17:45,40.71578,-73.94631,0,0,0,0,4071,-7394,0.3710691823899371
2022-03-30T00:00:00.000,10:45,40.703823,-73.8088,1,0,1,1,4070,-7380,0.3877551020408163
2022-04-04T00:00:00.000,9:30,40.802315,-73.95041,0,0,0,0,4080,-7395,0.381294964028777
2022-04-04T00:00:00.000,3:05,40.7712,-73.83345,0,0,0,0,4077,-7383,0.25
2022-04-04T00:00:00.000,16:40,40.834152,-73.90001,0,0,0,0,4083,-7390,0.3064516129032258
2022-04-04T00:00:00.000,15:27,40.671383,-73.97454,1,0,1,1,4067,-7397,0.2818181818181818
2022-03-29T00:00:00.000,22:05,40.74835,-73.967865,1,0,1,1,4074,-7396,0.7
2022-04-04T00:00:00.000,18:19,40.66858,-73.84223,0,0,0,0,4066,-7384,0.5925925925925926
2022-04-04T00:00:00.000,13:03,40.691536,-73.99912,1,0,1,1,4069,-7399,0.29473684210526313
2022-04-04T00:00:00.000,14:36,40.880547,-73.92234,0,0,0,0,4088,-7392,0.0
2022-04-04T00:00:00.000,11:45,40.68342,-73.97545,1,0,1,1,4068,-7397,0.3412322274881517
2022-04-04T00:00:00.000,14:23,40.829502,-73.87462,0,0,0,0,4082,-7387,0.33544303797468356
2022-04-04T00:00:00.000,8:23,40.778137,-73.95449,0,0,0,0,4077,-7395,0.3384615384615385
2022-04-04T00:00:00.000,5:55,40.769318,-73.8666,2,0,1,1,4076,-7386,0.40298507462686567
2022-04-04T00:00:00.000,11:10,40.803566,-73.96715,0,0,0,0,4080,-7396,0.31343283582089554
2022-09-22T00:00:00.000,16:30,40.764362,-73.96162,0,0,0,0,4076,-7396,0.3023255813953488
2022-04-04T00:00:00.000,20:45,40.60769,-74.08945,1,0,1,1,4060,-7408,0.3235294117647059
2022-04-04T00:00:00.000,14:50,40.63178,-73.945625,0,0,0,0,4063,-7394,0.358974358974359
2022-03-31T00:00:00.000,20:21,40.68185,-73.98004,1,0,1,1,4068,-7398,0.3873239436619718
2022-04-04T00:00:00.000,15:00,40.720978,-73.809074,1,0,1,1,4072,-7380,0.2727272727272727
2022-04-04T00:00:00.000,9:00,40.705185,-74.00638,0,0,0,0,4070,-7400,0.2542372881355932
2022-04-01T00:00:00.000,16:58,40.783974,-73.97031,1,0,1,1,4078,-7397,0.3434343434343434
2022-03-30T00:00:00.000,17:04,40.695995,-73.782776,1,0,1,1,4069,-7378,0.29310344827586204
2022-04-04T00:00:00.000,19:40,40.71997,-73.992905,1,0,1,1,4071,-7399,0.3263157894736842
2022-04-04T00:00:00.000,9:25,40.828392,-73.90851,0,0,0,0,4082,-7390,0.3025210084033613
2022-03-27T00:00:00.000,14:00,40.837673,-73.91922,1,0,1,1,4083,-7391,0.33714285714285713
2022-03-28T00:00:00.000,18:12,40.750206,-74.00234,0,0,0,0,4075,-7400,0.3888888888888889
2022-04-04T00:00:00.000,17:20,40.604782,-73.754005,0,0,0,0,4060,-7375,0.17117117117117117
2022-09-21T00:00:00.000,21:20,40.76093,-73.96914,0,0,0,0,4076,-7396,0.3023255813953488
2022-09-23T00:00:00.000,15:00,40.633217,-73.92941,0,0,0,0,4063,-7392,0.4036697247706422
2022-09-22T00:00:00.000,22:00,40.736145,-73.92651,0,0,0,0,4073,-7392,0.4444444444444444
2022-09-20T00:00:00.000,13:15,40.752335,-73.867966,1,0,1,1,4075,-7386,0.33653846153846156
2022-09-20T00:00:00.000,20:30,40.88561,-73.84837,0,0,0,0,4088,-7384,0.4153846153846154
2022-09-22T00:00:00.000,16:28,40.83283,-73.91129,0,0,0,0,4083,-7391,0.33714285714285713
2022-09-21T00:00:00.000,18:40,0.0,0.0,0,0,0,0,0,0,0.40425531914893614
2022-09-18T00:00:00.000,16:00,40.895374,-73.86356,0,0,0,0,4089,-7386,0.28205128205128205
2022-09-21T00:00:00.000,21:02,40.72857,-73.991135,1,0,1,1,4072,-7399,0.3829787234042553
2022-09-22T00:00:00.000,16:45,40.85482,-73.9112,0,0,0,0,4085,-7391,0.373134328358209
2022-09-23T00:00:00.000,0:45,40.775826,-73.991264,0,0,0,0,4077,-7399,0.4166666666666667
2022-08-18T00:00:00.000,20:45,40.840836,-73.87258,1,0,1,1,4084,-7387,0.48333333333333334
2022-09-21T00:00:00.000,7:30,40.822357,-73.911674,0,0,0,0,4082,-7391,0.3355263157894737
2022-09-23T00:00:00.000,16:47,40.756176,-73.80173,0,0,0,0,4075,-7380,0.36363636363636365
2022-09-21T00:00:00.000,0:00,40.6644,-73.993935,1,0,1,1,4066,-7399,0.40540540540540543
2022-09-22T00:00:00.000,1:20,40.64793,-73.84579,0,0,0,0,4064,-7384,0.0
2022-09-17T00:00:00.000,22:00,40.813652,-73.906975,0,0,0,0,4081,-7390,0.3888888888888889
2022-09-22T00:00:00.000,22:38,40.7879,-73.953674,1,0,1,1,4078,-7395,0.42168674698795183
2022-09-23T00:00:00.000,9:55,40.756237,-73.93336,1,0,1,1,4075,-7393,0.43478260869565216
2022-09-23T00:00:00.000,20:10,40.719864,-73.94486,2,0,1,1,4071,-7394,0.3710691823899371
2022-09-21T00:00:00.000,11:15,40.69513,-73.81231,0,0,0,0,4069,-7381,0.3902439024390244
2022-09-07T00:00:00.000,8:22,40.814934,-73.89765,1,0,1,1,4081,-7389,0.31543624161073824
2022-09-15T00:00:00.000,19:55,40.6972,-73.952934,0,0,0,0,4069,-7395,0.30952380952380953
2022-09-22T00:00:00.000,5:32,40.644295,-73.90139,0,0,0,0,4064,-7390,0.4017094017094017
2022-09-15T00:00:00.000,9:23,40.65605,-73.92361,0,0,0,0,4065,-7392,0.35555555555555557
2022-09-22T00:00:00.000,22:20,40.828236,-73.88602,0,0,0,0,4082,-7388,0.27624309392265195
2022-09-22T00:00:00.000,20:00,40.751575,-73.85584,0,0,0,0,4075,-7385,0.3048780487804878
2022-09-21T00:00:00.000,11:18,40.67251,-73.99905,0,0,0,0,4067,-7399,0.3258426966292135
2022-06-17T00:00:00.000,21:20,40.658577,-73.89063,0,0,0,0,4065,-7389,0.34965034965034963
2022-07-01T00:00:00.000,2:28,40.588978,-73.94943,0,0,0,0,4058,-7394,0.40816326530612246
2022-07-03T00:00:00.000,6:30,40.700565,-73.81087,0,0,0,0,4070,-7381,0.3194444444444444
2022-06-25T00:00:00.000,12:45,40.801155,-73.959656,0,0,0,0,4080,-7395,0.381294964028777
2022-07-03T00:00:00.000,16:15,40.874737,-73.855255,2,0,1,1,4087,-7385,0.37681159420289856
2022-07-01T00:00:00.000,18:50,40.68416,-73.96907,3,0,1,1,4068,-7396,0.42567567567567566
2022-07-03T00:00:00.000,8:00,40.842987,-73.900345,0,0,0,0,4084,-7390,0.366120218579235
2022-07-03T00:00:00.000,3:09,40.67619,-73.9081,0,0,0,0,4067,-7390,0.3282442748091603
2022-07-03T00:00:00.000,19:00,40.75843,-73.973076,2,0,1,1,4075,-7397,0.375886524822695
2022-07-01T00:00:00.000,23:00,40.661,-73.8979,0,0,0,0,4066,-7389,0.3103448275862069
2022-07-03T00:00:00.000,5:25,40.677883,-73.74561,0,0,0,0,4067,-7374,0.2619047619047619
2022-07-03T00:00:00.000,17:40,40.758762,-73.98745,0,0,0,0,4075,-7398,0.3170731707317073
2022-06-27T00:00:00.000,17:34,40.730003,-73.98354,1,0,1,1,4073,-7398,0.36942675159235666
2022-07-03T00:00:00.000,20:30,40.82657,-73.944824,0,0,0,0,4082,-7394,0.3812154696132597
2022-07-03T00:00:00.000,0:12,40.841274,-73.91762,1,0,1,1,4084,-7391,0.32558139534883723
2022-07-03T00:00:00.000,18:55,40.68512,-73.73222,0,0,0,0,4068,-7373,0.29411764705882354
2022-07-03T00:00:00.000,3:55,40.721523,-73.941795,0,0,0,0,4072,-7394,0.19801980198019803
2022-07-01T00:00:00.000,17:03,40.693314,-73.92496,4,0,1,1,4069,-7392,0.3584905660377358
2022-07-02T00:00:00.000,13:12,40.760704,-73.858246,4,0,1,1,4076,-7385,0.2727272727272727
2022-07-03T00:00:00.000,14:18,40.788982,-73.93039,0,0,0,0,4078,-7393,0.4444444444444444
2022-07-03T00:00:00.000,13:19,40.8442,-73.93566,1,0,1,1,4084,-7393,0.32786885245901637
2022-07-03T00:00:00.000,0:45,40.679535,-73.900475,0,0,0,0,4067,-7390,0.3282442748091603
2022-07-02T00:00:00.000,16:45,40.681442,-73.86962,0,0,0,0,4068,-7386,0.423728813559322
2022-07-03T00:00:00.000,6:10,40.870907,-73.90725,0,0,0,0,4087,-7390,0.3184713375796178
2022-07-03T00:00:00.000,13:35,40.68372,-73.78468,0,0,0,0,4068,-7378,0.3384615384615385
2022-06-27T00:00:00.000,10:37,40.766666,-73.95929,0,0,0,0,4076,-7395,0.3696969696969697
2022-07-03T00:00:00.000,5:00,40.71802,-73.815926,0,0,0,0,4071,-7381,0.3448275862068966
2022-07-03T00:00:00.000,11:19,40.706306,-73.919586,0,0,0,0,4070,-7391,0.27450980392156865
2022-06-03T00:00:00.000,15:56,40.590202,-73.95361,0,0,0,0,4059,-7395,0.3181818181818182
2022-07-03T00:00:00.000,14:52,40.76527,-73.95213,0,0,0,0,4076,-7395,0.3696969696969697
2022-07-01T00:00:00.000,19:32,40.853874,-73.94049,1,0,1,1,4085,-7394,0.2727272727272727
2022-06-15T00:00:00.000,13:45,40.83144,-73.93825,0,0,0,0,4083,-7393,0.3333333333333333
2022-07-02T00:00:00.000,20:25,40.75254,-73.85261,1,0,1,1,4075,-7385,0.3048780487804878
2022-07-03T00:00:00.000,12:56,40.642242,-73.910774,0,0,0,0,4064,-7391,0.39805825242718446
2022-07-03T00:00:00.000,7:50,40.68067,-73.75059,0,0,0,0,4068,-7375,0.3877551020408163
2022-07-03T00:00:00.000,3:15,40.86283,-73.89418,0,0,0,0,4086,-7389,0.40606060606060607
2022-07-01T00:00:00.000,18:45,40.647625,-73.97727,1,0,1,1,4064,-7397,0.4095238095238095
2022-07-02T00:00:00.000,11:29,40.693832,-73.909615,0,0,0,0,4069,-7390,0.29591836734693877
2022-07-03T00:00:00.000,0:45,40.67901,-73.881004,0,0,0,0,4067,-7388,0.30434782608695654
2022-07-03T00:00:00.000,1:10,40.84741,-73.93723,0,0,0,0,4084,-7393,0.32786885245901637
2022-07-03T00:00:00.000,18:40,40.697517,-73.75556,0,0,0,0,4069,-7375,0.3584905660377358
2022-06-26T00:00:00.000,17:17,40.57698,-73.981575,0,0,0,0,4057,-7398,0.36904761904761907
2022-07-01T00:00:00.000,23:40,40.59148,-73.98133,0,0,0,0,4059,-7398,0.34146341463414637
2022-06-13T00:00:00.000,14:00,40.688614,-73.999435,0,0,0,0,4068,-7399,0.17857142857142858
2022-04-05T00:00:00.000,6:00,40.74947,-73.7564,0,0,0,0,4074,-7375,0.16666666666666666
2022-06-30T00:00:00.000,13:29,40.849995,-73.93866,0,0,0,0,4084,-7393,0.32786885245901637
2022-07-02T00:00:00.000,15:25,40.625786,-73.89309,0,0,0,0,4062,-7389,0.3333333333333333
2022-07-03T00:00:00.000,0:06,40.679333,-73.818474,1,0,1,1,4067,-7381,0.4230769230769231
2022-07-03T00:00:00.000,0:07,40.82389,-73.87461,0,0,0,0,4082,-7387,0.33544303797468356
2022-06-27T00:00:00.000,7:20,40.746483,-73.708755,0,0,0,0,4074,-7370,0.375
2022-09-21T00:00:00.000,23:48,40.6481,-73.91474,2,0,1,1,4064,-7391,0.39805825242718446
2022-07-03T00:00:00.000,9:50,40.820435,-73.93623,0,0,0,0,4082,-7393,0.36645962732919257
2022-07-01T00:00:00.000,14:30,40.712,-73.82546,0,0,0,0,4071,-7382,0.379746835443038
2022-07-02T00:00:00.000,17:00,40.761868,-73.99869,0,0,0,0,4076,-7399,0.3275862068965517
2022-07-03T00:00:00.000,16:16,40.698544,-73.96236,2,0,1,1,4069,-7396,0.325
2022-06-12T00:00:00.000,0:27,40.89134,-73.85852,1,0,1,1,4089,-7385,0.3813559322033898
2022-07-03T00:00:00.000,23:40,40.68464,-73.87584,0,0,0,0,4068,-7387,0.24719101123595505
2022-07-01T00:00:00.000,11:00,40.750317,-73.99112,0,0,0,0,4075,-7399,0.2830188679245283
2022-07-03T00:00:00.000,7:46,40.73851,-73.8065,2,0,1,1,4073,-7380,0.34285714285714286
2022-07-03T00:00:00.000,11:50,40.591393,-73.907875,0,0,0,0,4059,-7390,0.23404255319148937
2022-06-28T00:00:00.000,21:00,40.80536,-73.88122,0,0,0,0,4080,-7388,0.15789473684210525
2022-07-03T00:00:00.000,0:40,40.729736,-73.833725,2,0,1,1,4072,-7383,0.4909090909090909
2022-07-03T00:00:00.000,6:15,40.71245,-73.91853,2,0,1,1,4071,-7391,0.1836734693877551
2021-06-21T00:00:00.000,1:45,40.830112,-73.850266,5,0,1,1,4083,-7385,0.30158730158730157
2021-06-20T00:00:00.000,17:30,40.655907,-73.92152,0,0,0,0,4065,-7392,0.35555555555555557
2021-06-21T00:00:00.000,22:00,40.743687,-73.90164,0,0,0,0,4074,-7390,0.40625
2021-06-21T00:00:00.000,12:30,40.834793,-73.942726,0,0,0,0,4083,-7394,0.38926174496644295
2021-06-19T00:00:00.000,9:00,40.837864,-73.9114,0,0,0,0,4083,-7391,0.33714285714285713
2021-06-21T00:00:00.000,12:50,40.678574,-74.00358,0,0,0,0,4067,-7400,0.20967741935483872
2022-07-03T00:00:00.000,14:15,40.75815,-73.8109,0,0,0,0,4075,-7381,0.35
2021-06-21T00:00:00.000,7:13,40.747627,-73.976746,0,0,0,0,4074,-7397,0.4810810810810811
2021-06-21T00:00:00.000,23:44,40.617397,-74.00879,0,0,0,0,4061,-7400,0.3076923076923077
2021-06-21T00:00:00.000,10:35,40.666214,-73.85116,0,0,0,0,4066,-7385,0.3333333333333333
2021-06-21T00:00:00.000,6:00,40.84181,-73.879425,0,0,0,0,4084,-7387,0.48333333333333334
2021-06-19T00:00:00.000,2:30,40.83584,-73.8364,0,0,0,0,4083,-7383,0.36363636363636365
2021-06-21T00:00:00.000,1:09,40.751442,-73.97606,0,0,0,0,4075,-7397,0.375886524822695
2021-06-21T00:00:00.000,15:40,40.60981,-73.92251,0,0,0,0,4060,-7392,0.3333333333333333
2021-06-21T00:00:00.000,9:40,40.746666,-73.8749,0,0,0,0,4074,-7387,0.25663716814159293
2021-06-21T00:00:00.000,7:30,40.61289,-74.082985,0,0,0,0,4061,-7408,0.30612244897959184
2021-06-21T00:00:00.000,14:00,40.850773,-73.93543,0,0,0,0,4085,-7393,0.36585365853658536
2021-06-21T00:00:00.000,0:08,40.80734,-73.91873,1,0,1,1,4080,-7391,0.38961038961038963
2021-06-21T00:00:00.000,14:25,0.0,0.0,0,0,0,0,0,0,0.40425531914893614
2021-06-21T00:00:00.000,5:50,40.813175,-73.94662,1,0,1,1,4081,-7394,0.38
2021-06-21T00:00:00.000,21:31,40.684258,-73.84604,2,0,1,1,4068,-7384,0.3333333333333333
2021-06-21T00:00:00.000,4:57,40.62139,-73.99555,0,0,0,0,4062,-7399,0.3835616438356164
2021-06-21T00:00:00.000,14:15,40.776016,-73.78441,0,0,0,0,4077,-7378,0.4444444444444444
2021-06-21T00:00:00.000,23:20,40.73695,-73.93131,0,0,0,0,4073,-7393,0.38461538461538464
2021-06-21T00:00:00.000,15:43,40.862747,-73.90494,1,0,1,1,4086,-7390,0.42748091603053434
2021-06-21T00:00:00.000,21:56,40.663998,-73.7318,0,0,0,0,4066,-7373,0.44339622641509435
2021-06-21T00:00:00.000,14:09,40.635757,-73.99486,1,0,1,1,4063,-7399,0.47692307692307695
2021-06-21T00:00:00.000,13:55,40.602722,-73.99515,0,0,0,0,4060,-7399,0.31683168316831684
2021-06-11T00:00:00.000,0:00,40.820984,-73.891624,1,0,1,1,4082,-7389,0.37423312883435583
2021-06-21T00:00:00.000,10:45,40.572422,-74.14111,0,0,0,0,4057,-7414,0.2857142857142857
2021-06-21T00:00:00.000,11:00,40.846565,-73.92589,0,0,0,0,4084,-7392,0.3181818181818182
2021-06-21T00:00:00.000,9:00,40.757423,-73.92247,1,0,1,1,4075,-7392,0.48148148148148145
2021-06-21T00:00:00.000,16:00,40.577366,-74.11145,0,0,0,0,4057,-7411,0.37142857142857144
2021-06-21T00:00:00.000,7:05,40.693127,-73.83134,0,0,0,0,4069,-7383,0.35555555555555557
2021-06-21T00:00:00.000,22:47,40.66563,-73.73921,1,0,1,1,4066,-7373,0.44339622641509435
2021-06-21T00:00:00.000,19:00,40.706787,-74.00512,0,0,0,0,4070,-7400,0.2542372881355932
2021-06-21T00:00:00.000,13:24,40.76872,-73.86822,1,0,1,1,4076,-7386,0.40298507462686567
2021-06-21T00:00:00.000,17:22,40.637413,-73.9991,1,0,1,1,4063,-7399,0.47692307692307695
2021-06-21T00:00:00.000,7:40,40.60518,-73.98018,0,0,0,0,4060,-7398,0.2711864406779661
2021-06-21T00:00:00.000,17:25,40.735306,-74.00037,0,0,0,0,4073,-7400,0.2403846153846154
2021-06-19T00:00:00.000,19:45,40.793896,-73.96786,0,0,0,0,4079,-7396,0.25
2021-06-21T00:00:00.000,21:28,40.601204,-74.06509,3,0,1,1,4060,-7406,0.3076923076923077
2021-06-20T00:00:00.000,19:14,40.829224,-73.826225,0,0,0,0,4082,-7382,0.46153846153846156
2021-06-20T00:00:00.000,8:30,40.821255,-73.89167,0,0,0,0,4082,-7389,0.37423312883435583
2021-06-21T00:00:00.000,11:45,40.83045,-73.8509,2,0,1,1,4083,-7385,0.30158730158730157
2021-06-21T00:00:00.000,21:55,40.61424,-73.98824,1,0,1,1,4061,-7398,0.3698630136986301
2021-06-20T00:00:00.000,0:31,40.607876,-73.92554,0,0,0,0,4060,-7392,0.3333333333333333
2021-06-21T00:00:00.000,9:00,40.716694,-73.76059,0,0,0,0,4071,-7376,0.37142857142857144
2021-06-18T00:00:00.000,14:00,40.63472,-74.10894,1,0,1,1,4063,-7410,0.4117647058823529
2021-06-21T00:00:00.000,21:30,40.663227,-73.93159,0,0,0,0,4066,-7393,0.38578680203045684
2021-06-21T00:00:00.000,20:22,40.76635,-73.95103,0,0,0,0,4076,-7395,0.3696969696969697
2021-06-21T00:00:00.000,16:00,40.575512,-73.98241,0,0,0,0,4057,-7398,0.36904761904761907
2021-06-18T00:00:00.000,11:44,40.757156,-73.928185,0,0,0,0,4075,-7392,0.48148148148148145
2021-06-21T00:00:00.000,1:52,40.59034,-73.972084,0,0,0,0,4059,-7397,0.3191489361702128
2021-06-07T00:00:00.000,16:34,40.9075,-73.89774,0,0,0,0,4090,-7389,0.2727272727272727
2021-06-21T00:00:00.000,14:30,40.742786,-73.88264,1,0,1,1,4074,-7388,0.2978723404255319
2021-06-21T00:00:00.000,19:15,40.76465,-73.823494,0,0,0,0,4076,-7382,0.2987012987012987
2021-06-21T00:00:00.000,10:56,40.666294,-73.79899,0,0,0,0,4066,-7379,0.3870967741935484
2021-06-21T00:00:00.000,9:08,40.718887,-73.8416,1,0,1,1,4071,-7384,0.4
2021-06-21T00:00:00.000,19:20,40.55848,-74.121605,1,0,1,1,4055,-7412,0.75
2021-06-20T00:00:00.000,9:30,40.628937,-74.117645,0,0,0,0,4062,-7411,0.5238095238095238
2021-06-21T00:00:00.000,7:00,40.680305,-73.844536,0,0,0,0,4068,-7384,0.3333333333333333
2021-06-21T00:00:00.000,10:40,40.83932,-73.91503,0,0,0,0,4083,-7391,0.33714285714285713
2021-06-21T00:00:00.000,21:31,40.61664,-73.918915,0,0,0,0,4061,-7391,0.358974358974359
2021-06-21T00:00:00.000,15:00,40.874184,-73.86577,0,0,0,0,4087,-7386,0.3142857142857143
2021-06-21T00:00:00.000,16:38,40.741337,-73.85933,0,0,0,0,4074,-7385,0.35526315789473684
2021-06-18T00:00:00.000,18:56,40.8827,-73.892845,0,0,0,0,4088,-7389,0.4626865671641791
2021-06-21T00:00:00.000,2:00,40.88078,-73.88347,1,0,1,1,4088,-7388,0.42857142857142855
2021-06-21T00:00:00.000,17:40,40.611073,-74.00896,0,0,0,0,4061,-7400,0.3076923076923077
2021-06-15T00:00:00.000,15:30,40.589367,-73.98093,0,0,0,0,4058,-7398,0.4
2021-06-14T00:00:00.000,4:23,40.623764,-73.92425,1,0,1,1,4062,-7392,0.3611111111111111
2021-06-21T00:00:00.000,17:20,40.644985,-74.01769,1,0,1,1,4064,-7401,0.4295774647887324
2021-06-21T00:00:00.000,4:12,40.742607,-73.893776,0,0,0,0,4074,-7389,0.3203125
2021-06-20T00:00:00.000,8:50,40.667473,-73.79388,0,0,0,0,4066,-7379,0.3870967741935484
2021-06-21T00:00:00.000,0:00,40.618652,-73.9317,0,0,0,0,4061,-7393,0.34285714285714286
2021-06-21T00:00:00.000,1:50,40.744637,-73.857285,0,0,0,0,4074,-7385,0.35526315789473684
2021-06-18T00:00:00.000,9:09,40.81401,-73.94466,0,0,0,0,4081,-7394,0.38
2021-06-21T00:00:00.000,12:16,40.641003,-73.90817,0,0,0,0,4064,-7390,0.4017094017094017
2021-05-26T00:00:00.000,18:55,40.71507,-74.01227,0,0,0,0,4071,-7401,0.3181818181818182
2021-06-19T00:00:00.000,3:10,40.637466,-74.12461,3,0,1,1,4063,-7412,0.36363636363636365
2021-06-21T00:00:00.000,13:38,40.670628,-73.84742,1,0,1,1,4067,-7384,0.28888888888888886
2021-06-21T00:00:00.000,11:00,40.61254,-74.03309,0,0,0,0,4061,-7403,0.2777777777777778
2021-06-08T00:00:00.000,3:00,40.844448,-73.82846,0,0,0,0,4084,-7382,0.4
2022-07-02T00:00:00.000,22:50,40.82156,-73.95836,2,0,1,1,4082,-7395,0.4117647058823529
2021-06-21T00:00:00.000,10:50,40.777332,-73.922745,0,0,0,0,4077,-7392,0.3269230769230769
2021-06-21T00:00:00.000,12:20,40.844177,-73.90292,0,0,0,0,4084,-7390,0.366120218579235
2021-06-21T00:00:00.000,16:35,40.64028,-73.94363,0,0,0,0,4064,-7394,0.42342342342342343
2021-06-14T00:00:00.000,11:30,40.645676,-73.92007,0,0,0,0,4064,-7392,0.4077669902912621
2021-06-21T00:00:00.000,21:00,40.665257,-73.739555,0,0,0,0,4066,-7373,0.44339622641509435
2021-05-24T00:00:00.000,0:00,40.72634,-73.76508,1,0,1,1,4072,-7376,0.5
2021-06-21T00:00:00.000,17:20,40.745922,-73.97011,1,0,1,1,4074,-7397,0.4810810810810811
2021-06-21T00:00:00.000,12:30,0.0,0.0,0,0,0,0,0,0,0.40425531914893614
2021-06-21T00:00:00.000,3:40,40.82804,-73.94251,0,0,0,0,4082,-7394,0.3812154696132597
2021-06-21T00:00:00.000,22:55,40.646557,-73.92593,0,0,0,0,4064,-7392,0.4077669902912621
2021-06-21T00:00:00.000,13:17,40.717865,-74.00565,0,0,0,0,4071,-7400,0.25517241379310346
2021-06-21T00:00:00.000,6:50,40.706306,-73.919586,0,0,0,0,4070,-7391,0.27450980392156865
2021-06-19T00:00:00.000,18:25,40.87397,-73.906494,0,0,0,0,4087,-7390,0.3184713375796178
2021-06-21T00:00:00.000,0:44,40.75982,-73.9139,1,0,1,1,4075,-7391,0.4777777777777778
2021-06-19T00:00:00.000,17:20,40.726234,-73.78877,0,0,0,0,4072,-7378,0.4
2021-06-21T00:00:00.000,17:00,40.763245,-73.75806,1,0,1,1,4076,-7375,0.3409090909090909
2021-06-21T00:00:00.000,10:35,40.816032,-73.90809,0,0,0,0,4081,-7390,0.3888888888888889
2021-06-16T00:00:00.000,12:50,40.81533,-73.88767,1,0,1,1,4081,-7388,0.25471698113207547
2021-06-17T00:00:00.000,16:45,40.815845,-73.89544,0,0,0,0,4081,-7389,0.31543624161073824
2021-06-21T00:00:00.000,20:15,40.85429,-73.90027,1,0,1,1,4085,-7390,0.42207792207792205
2021-05-21T00:00:00.000,18:00,40.825382,-73.926186,1,0,1,1,4082,-7392,0.3333333333333333
2021-06-21T00:00:00.000,19:24,40.75758,-73.85841,1,0,1,1,4075,-7385,0.3048780487804878
2021-06-21T00:00:00.000,4:17,40.69169,-73.83898,0,0,0,0,4069,-7383,0.35555555555555557
2021-06-21T00:00:00.000,0:08,40.636993,-73.97619,0,0,0,0,4063,-7397,0.36893203883495146
2021-06-21T00:00:00.000,0:39,40.65605,-73.92361,0,0,0,0,4065,-7392,0.35555555555555557
2021-06-21T00:00:00.000,7:50,40.651863,-73.86536,1,0,1,1,4065,-7386,0.36619718309859156
2021-06-21T00:00:00.000,16:00,40.834114,-73.86327,1,0,1,1,4083,-7386,0.24822695035460993
2021-06-21T00:00:00.000,20:42,40.87028,-73.878395,1,0,1,1,4087,-7387,0.297029702970297
2021-06-21T00:00:00.000,8:18,40.722324,-74.01178,2,0,1,1,4072,-7401,0.4
2021-06-18T00:00:00.000,14:49,40.828125,-73.84105,0,0,0,0,4082,-7384,0.3835616438356164
2021-06-21T00:00:00.000,0:20,40.699013,-73.79573,2,0,1,1,4069,-7379,0.25925925925925924
2021-06-19T00:00:00.000,6:10,40.6972,-73.952934,1,0,1,1,4069,-7395,0.30952380952380953
2025-04-03T00:00:00.000,10:22,40.780064,-73.947044,0,0,0,0,4078,-7394,0.33513513513513515
2021-06-21T00:00:00.000,18:00,40.818336,-73.907005,1,0,1,1,4081,-7390,0.3888888888888889
2021-06-21T00:00:00.000,12:44,40.606384,-74.00121,0,0,0,0,4060,-7400,0.24074074074074073
2021-06-21T00:00:00.000,9:10,40.607147,-74.01157,0,0,0,0,4060,-7401,0.30357142857142855
2021-06-21T00:00:00.000,0:00,40.66479,-73.91532,0,0,0,0,4066,-7391,0.3630952380952381
2021-06-21T00:00:00.000,8:00,40.841526,-73.84189,0,0,0,0,4084,-7384,0.4222222222222222
2021-06-21T00:00:00.000,21:53,40.83163,-73.92252,0,0,0,0,4083,-7392,0.310126582278481
2021-06-21T00:00:00.000,18:07,40.754875,-73.96853,1,0,1,1,4075,-7396,0.4788732394366197
2021-06-21T00:00:00.000,11:35,40.616352,-73.98245,0,0,0,0,4061,-7398,0.3698630136986301
2021-06-21T00:00:00.000,17:27,40.68297,-73.97667,1,0,1,1,4068,-7397,0.3412322274881517
2021-06-19T00:00:00.000,3:49,40.892223,-73.88464,0,0,0,0,4089,-7388,0.5
2021-06-21T00:00:00.000,0:04,40.6334,-74.02699,0,0,0,0,4063,-7402,0.3877551020408163
2021-06-19T00:00:00.000,23:00,40.82309,-73.956345,1,0,1,1,4082,-7395,0.4117647058823529
2021-06-19T00:00:00.000,15:35,40.579975,-73.97464,0,0,0,0,4057,-7397,0.2619047619047619
2021-06-20T00:00:00.000,22:00,40.76268,-73.77052,1,0,1,1,4076,-7377,0.20588235294117646
2021-06-15T00:00:00.000,14:25,40.649982,-73.91183,2,0,1,1,4064,-7391,0.39805825242718446
2021-06-21T00:00:00.000,16:00,40.647243,-74.00633,0,0,0,0,4064,-7400,0.36764705882352944
2021-06-21T00:00:00.000,13:28,40.696564,-73.79125,0,0,0,0,4069,-7379,0.25925925925925924
2021-06-21T00:00:00.000,11:50,40.681606,-73.85536,2,0,1,1,4068,-7385,0.43103448275862066
2021-06-21T00:00:00.000,1:30,40.74967,-73.98158,5,0,1,1,4074,-7398,0.40131578947368424
2021-06-23T00:00:00.000,6:20,40.737797,-73.8507,2,0,1,1,4073,-7385,0.3619047619047619
2022-07-03T00:00:00.000,22:40,40.6697,-73.87494,0,0,0,0,4066,-7387,0.38461538461538464
2021-06-19T00:00:00.000,12:45,40.726376,-73.76624,3,0,1,1,4072,-7376,0.5
2021-06-21T00:00:00.000,17:10,40.72393,-73.99113,0,0,0,0,4072,-7399,0.3829787234042553
2021-06-21T00:00:00.000,14:02,40.711246,-73.947975,1,0,1,1,4071,-7394,0.3710691823899371
2021-06-21T00:00:00.000,15:18,40.856503,-73.93277,1,0,1,1,4085,-7393,0.36585365853658536
2021-06-21T00:00:00.000,18:50,40.689144,-73.99071,0,0,0,0,4068,-7399,0.17857142857142858
2021-06-21T00:00:00.000,17:15,40.722584,-74.00636,1,0,1,1,4072,-7400,0.32926829268292684
2021-06-19T00:00:00.000,10:40,40.64519,-73.948,1,0,1,1,4064,-7394,0.42342342342342343
2021-06-21T00:00:00.000,0:41,40.696983,-73.935234,0,0,0,0,4069,-7393,0.3141025641025641
2021-06-21T00:00:00.000,16:39,40.685276,-73.77241,1,0,1,1,4068,-7377,0.3673469387755102
2021-06-21T00:00:00.000,18:00,40.591103,-73.97173,0,0,0,0,4059,-7397,0.3191489361702128
2021-06-19T00:00:00.000,11:00,40.68218,-73.94659,0,0,0,0,4068,-7394,0.4409448818897638
2021-06-21T00:00:00.000,7:36,40.853813,-73.90734,1,0,1,1,4085,-7390,0.42207792207792205
2021-06-21T00:00:00.000,11:15,40.790752,-73.98137,0,0,0,0,4079,-7398,0.75
2021-06-19T00:00:00.000,22:01,40.79599,-73.96896,1,0,1,1,4079,-7396,0.25
2021-06-21T00:00:00.000,21:57,40.613453,-73.82044,1,0,1,1,4061,-7382,0.8
2021-06-21T00:00:00.000,16:10,40.608215,-73.99809,2,0,1,1,4060,-7399,0.31683168316831684
2021-06-21T00:00:00.000,16:20,40.765297,-73.83967,1,0,1,1,4076,-7383,0.33695652173913043
2021-06-02T00:00:00.000,7:14,40.81802,-73.88881,0,0,0,0,4081,-7388,0.25471698113207547
2021-06-21T00:00:00.000,20:00,40.70317,-73.754105,0,0,0,0,4070,-7375,0.4117647058823529
2021-06-21T00:00:00.000,11:00,40.755234,-73.941246,0,0,0,0,4075,-7394,0.41333333333333333
2021-06-21T00:00:00.000,8:28,40.68623,-73.91786,0,0,0,0,4068,-7391,0.344
2021-06-21T00:00:00.000,17:45,40.691715,-73.73483,0,0,0,0,4069,-7373,0.36585365853658536
2021-06-21T00:00:00.000,0:27,40.833202,-73.86762,0,0,0,0,4083,-7386,0.24822695035460993
2021-06-21T00:00:00.000,13:51,40.687637,-73.97077,0,0,0,0,4068,-7397,0.3412322274881517
2021-06-21T00:00:00.000,11:50,40.76256,-73.967026,0,0,0,0,4076,-7396,0.3023255813953488
2021-06-21T00:00:00.000,13:20,40.792545,-73.94104,0,0,0,0,4079,-7394,0.3523809523809524
2021-06-21T00:00:00.000,15:10,40.653717,-73.93188,0,0,0,0,4065,-7393,0.44366197183098594
2021-06-21T00:00:00.000,18:21,40.893425,-73.88347,2,0,1,1,4089,-7388,0.5
2022-07-03T00:00:00.000,23:46,40.653454,-73.88466,2,0,1,1,4065,-7388,0.41509433962264153
2021-06-21T00:00:00.000,6:30,40.704876,-73.93209,1,0,1,1,4070,-7393,0.3300970873786408
2021-06-21T00:00:00.000,17:15,40.641933,-73.97245,0,0,0,0,4064,-7397,0.4095238095238095
2021-06-21T00:00:00.000,15:00,40.67948,-73.93291,0,0,0,0,4067,-7393,0.3755868544600939
2021-06-21T00:00:00.000,13:51,40.718727,-74.00028,0,0,0,0,4071,-7400,0.25517241379310346
2021-06-18T00:00:00.000,18:36,40.614594,-74.08212,0,0,0,0,4061,-7408,0.30612244897959184
2022-06-25T00:00:00.000,21:10,40.685738,-73.96532,0,0,0,0,4068,-7396,0.42567567567567566
2021-06-21T00:00:00.000,16:11,40.712208,-73.98072,1,0,1,1,4071,-7398,0.39568345323741005
2021-06-20T00:00:00.000,21:10,40.67655,-73.91484,0,0,0,0,4067,-7391,0.36597938144329895
2021-06-21T00:00:00.000,16:33,40.712578,-73.777534,0,0,0,0,4071,-7377,0.20967741935483872
2021-06-21T00:00:00.000,2:45,40.844105,-73.898,1,0,1,1,4084,-7389,0.33766233766233766
2021-06-18T00:00:00.000,13:07,40.626778,-74.16309,0,0,0,0,4062,-7416,0.24444444444444444
2021-06-16T00:00:00.000,13:00,40.825573,-73.918465,0,0,0,0,4082,-7391,0.3355263157894737
2021-06-21T00:00:00.000,9:00,40.602135,-74.114876,0,0,0,0,4060,-7411,0.35714285714285715
2021-06-21T00:00:00.000,18:58,40.807808,-73.92384,2,0,1,1,4080,-7392,0.3141025641025641
2021-06-20T00:00:00.000,18:45,40.636806,-73.939186,0,0,0,0,4063,-7393,0.46153846153846156
2021-06-18T00:00:00.000,12:55,40.753876,-73.96809,1,0,1,1,4075,-7396,0.4788732394366197
2021-06-21T00:00:00.000,13:30,40.580658,-73.985664,0,0,0,0,4058,-7398,0.4
2021-06-21T00:00:00.000,16:00,40.674,-73.982285,0,0,0,0,4067,-7398,0.3655913978494624
2021-06-21T00:00:00.000,10:00,40.675297,-74.009926,0,0,0,0,4067,-7400,0.20967741935483872
2021-06-21T00:00:00.000,13:30,40.825165,-73.87742,0,0,0,0,4082,-7387,0.33544303797468356
2021-06-04T00:00:00.000,20:40,40.69632,-73.960625,0,0,0,0,4069,-7396,0.325
2021-06-21T00:00:00.000,0:00,40.882427,-73.8237,2,0,1,1,4088,-7382,0.2765957446808511
2021-06-21T00:00:00.000,15:55,40.66606,-73.95863,0,0,0,0,4066,-7395,0.44375
2021-06-13T00:00:00.000,9:20,40.87802,-73.90241,0,0,0,0,4087,-7390,0.3184713375796178
2021-05-07T00:00:00.000,20:46,40.766994,-73.904144,0,0,0,0,4076,-7390,0.3055555555555556
2021-06-21T00:00:00.000,3:10,40.78168,-73.84777,1,0,1,1,4078,-7384,0.23809523809523808
2021-05-29T00:00:00.000,19:10,40.721233,-74.002525,0,0,0,0,4072,-7400,0.32926829268292684
2021-06-21T00:00:00.000,20:55,40.608536,-73.94541,3,0,1,1,4060,-7394,0.5217391304347826
2021-06-19T00:00:00.000,21:40,40.702744,-73.80592,1,0,1,1,4070,-7380,0.3877551020408163
2021-06-19T00:00:00.000,22:24,40.63173,-74.1249,0,0,0,0,4063,-7412,0.36363636363636365
2021-06-21T00:00:00.000,6:00,40.90348,-73.85035,2,0,1,1,4090,-7385,0.42105263157894735
2021-06-20T00:00:00.000,6:10,40.651108,-73.94283,1,0,1,1,4065,-7394,0.43137254901960786
2021-06-19T00:00:00.000,11:50,40.8779,-73.91094,0,0,0,0,4087,-7391,0.25925925925925924
2021-06-21T00:00:00.000,1:11,40.8304,-73.90616,0,0,0,0,4083,-7390,0.3064516129032258
2021-06-21T00:00:00.000,19:25,40.634792,-73.896965,1,0,1,1,4063,-7389,0.41818181818181815
2021-06-21T00:00:00.000,6:25,40.66659,-73.87132,0,0,0,0,4066,-7387,0.38461538461538464
2022-07-03T00:00:00.000,3:30,40.666416,-73.738495,0,0,0,0,4066,-7373,0.44339622641509435
2021-06-21T00:00:00.000,10:20,40.635494,-74.00957,1,0,1,1,4063,-7400,0.3068181818181818
2021-06-21T00:00:00.000,10:00,40.83134,-73.85092,1,0,1,1,4083,-7385,0.30158730158730157
2021-06-21T00:00:00.000,4:35,40.759346,-73.91981,0,0,0,0,4075,-7391,0.4777777777777778
2021-06-21T00:00:00.000,14:00,40.585976,-73.98799,2,0,1,1,4058,-7398,0.4
2021-06-21T00:00:00.000,21:15,40.69067,-73.73134,0,0,0,0,4069,-7373,0.36585365853658536
2021-06-21T00:00:00.000,22:10,40.735424,-73.84466,0,0,0,0,4073,-7384,0.2682926829268293
2021-06-15T00:00:00.000,6:00,40.741455,-73.84258,1,0,1,1,4074,-7384,0.42857142857142855
2021-06-21T00:00:00.000,5:00,40.66552,-73.74467,0,0,0,0,4066,-7374,0.3698630136986301
2021-06-21T00:00:00.000,17:30,40.763626,-73.88116,0,0,0,0,4076,-7388,0.43283582089552236
2021-06-21T00:00:00.000,14:15,40.66838,-73.94108,0,0,0,0,4066,-7394,0.36792452830188677
2021-05-23T00:00:00.000,15:20,40.75777,-73.854164,0,0,0,0,4075,-7385,0.3048780487804878
2021-06-21T00:00:00.000,11:10,40.716484,-73.95704,0,0,0,0,4071,-7395,0.36585365853658536
2021-06-21T00:00:00.000,21:00,0.0,0.0,0,0,0,0,0,0,0.40425531914893614
2021-06-21T00:00:00.000,21:49,40.67354,-73.78021,0,0,0,0,4067,-7378,0.2
2021-06-21T00:00:00.000,15:17,40.81056,-73.92627,0,0,0,0,4081,-7392,0.4714285714285714
2021-06-19T00:00:00.000,14:00,40.647114,-73.94338,0,0,0,0,4064,-7394,0.42342342342342343
2021-06-21T00:00:00.000,11:43,40.644215,-73.94308,1,0,1,1,4064,-7394,0.42342342342342343
2021-06-21T00:00:00.000,11:30,40.755505,-73.96807,0,0,0,0,4075,-7396,0.4788732394366197
2021-06-21T00:00:00.000,19:00,40.69169,-73.83898,0,0,0,0,4069,-7383,0.35555555555555557
2021-06-21T00:00:00.000,19:30,40.717995,-73.96094,1,0,1,1,4071,-7396,0.3218390804597701
2021-06-21T00:00:00.000,21:45,40.741524,-73.78456,1,0,1,1,4074,-7378,0.43478260869565216
2021-06-21T00:00:00.000,10:08,40.668854,-73.89863,0,0,0,0,4066,-7389,0.3103448275862069
2021-06-21T00:00:00.000,16:25,40.734974,-73.97987,0,0,0,0,4073,-7397,0.32558139534883723
2021-06-21T00:00:00.000,12:50,40.72106,-73.74026,1,0,1,1,4072,-7374,0.44
2021-06-21T00:00:00.000,16:14,40.71343,-73.780594,1,0,1,1,4071,-7378,0.32653061224489793
2021-06-21T00:00:00.000,5:07,40.85053,-73.905136,0,0,0,0,4085,-7390,0.42207792207792205
2021-06-21T00:00:00.000,20:06,40.68373,-73.75127,1,0,1,1,4068,-7375,0.3877551020408163
2021-06-21T00:00:00.000,9:55,40.703613,-73.749565,1,0,1,1,4070,-7374,0.3333333333333333
2021-06-18T00:00:00.000,6:00,0.0,0.0,0,0,0,0,0,0,0.40425531914893614
2021-06-21T00:00:00.000,16:50,40.7487,-73.89617,1,0,1,1,4074,-7389,0.3203125
2021-06-21T00:00:00.000,16:35,40.79653,-73.97597,0,0,0,0,4079,-7397,0.24210526315789474
2021-06-11T00:00:00.000,12:50,40.709476,-73.76393,4,0,1,1,4070,-7376,0.43902439024390244
2021-06-17T00:00:00.000,6:13,40.672447,-73.910484,0,0,0,0,4067,-7391,0.36597938144329895
2021-06-21T00:00:00.000,21:56,40.674465,-73.84942,2,0,1,1,4067,-7384,0.28888888888888886
2021-06-21T00:00:00.000,20:10,40.837654,-73.89997,0,0,0,0,4083,-7389,0.3333333333333333
2021-06-20T00:00:00.000,3:00,40.69718,-73.84628,0,0,0,0,4069,-7384,0.26666666666666666
2021-05-30T00:00:00.000,23:40,40.76728,-73.99211,0,0,0,0,4076,-7399,0.3275862068965517
2021-06-21T00:00:00.000,18:00,40.67968,-73.97826,2,0,1,1,4067,-7397,0.2818181818181818
2021-06-19T00:00:00.000,8:56,40.844917,-73.926384,0,0,0,0,4084,-7392,0.3181818181818182
2021-06-21T00:00:00.000,15:15,40.57333,-74.117836,0,0,0,0,4057,-7411,0.37142857142857144
2021-06-21T00:00:00.000,3:50,40.651733,-73.93039,1,0,1,1,4065,-7393,0.44366197183098594
2021-06-21T00:00:00.000,13:30,40.862114,-73.91331,1,0,1,1,4086,-7391,0.38016528925619836
2021-06-21T00:00:00.000,18:30,40.700737,-73.99499,1,0,1,1,4070,-7399,0.21052631578947367
2021-06-21T00:00:00.000,8:00,40.749004,-73.73079,0,0,0,0,4074,-7373,0.4
2021-06-21T00:00:00.000,12:25,40.646057,-73.98006,1,0,1,1,4064,-7398,0.40425531914893614
2021-06-21T00:00:00.000,1:30,40.660107,-73.924324,0,0,0,0,4066,-7392,0.355
2021-06-21T00:00:00.000,15:00,40.793186,-73.94057,0,0,0,0,4079,-7394,0.3523809523809524
2021-06-21T00:00:00.000,12:00,40.683582,-73.922844,0,0,0,0,4068,-7392,0.2542372881355932
2021-06-21T00:00:00.000,15:24,40.843212,-73.83894,0,0,0,0,4084,-7383,0.4318181818181818
2021-06-21T00:00:00.000,11:45,40.687008,-73.82219,0,0,0,0,4068,-7382,0.41975308641975306
2021-06-21T00:00:00.000,6:54,40.752895,-73.98925,0,0,0,0,4075,-7398,0.3170731707317073
2021-06-21T00:00:00.000,22:03,40.74211,-73.78325,0,0,0,0,4074,-7378,0.43478260869565216
2021-06-19T00:00:00.000,3:25,40.54783,-74.13952,3,0,1,1,4054,-7413,0.5
2021-06-21T00:00:00.000,17:31,40.596184,-74.00053,2,0,1,1,4059,-7400,0.2962962962962963
2021-05-16T00:00:00.000,15:00,40.894222,-73.89651,0,0,0,0,4089,-7389,0.5555555555555556
2021-06-21T00:00:00.000,16:55,40.83801,-73.87329,0,0,0,0,4083,-7387,0.38414634146341464
2021-06-20T00:00:00.000,20:30,40.57281,-73.99916,0,0,0,0,4057,-7399,0.32558139534883723
2021-06-21T00:00:00.000,6:31,40.858753,-73.93161,0,0,0,0,4085,-7393,0.36585365853658536
2021-06-21T00:00:00.000,5:45,40.780693,-73.80671,0,0,0,0,4078,-7380,0.30434782608695654
2021-06-17T00:00:00.000,12:58,40.76326,-73.9747,1,0,1,1,4076,-7397,0.37
2021-06-21T00:00:00.000,7:40,40.818592,-73.90003,1,0,1,1,4081,-7390,0.3888888888888889
2021-06-21T00:00:00.000,10:20,40.758427,-73.99264,0,0,0,0,4075,-7399,0.2830188679245283
2021-06-21T00:00:00.000,6:00,40.644215,-73.94306,0,0,0,0,4064,-7394,0.42342342342342343
2021-06-21T00:00:00.000,9:30,40.712948,-73.85467,0,0,0,0,4071,-7385,0.4418604651162791
2021-06-21T00:00:00.000,9:18,40.586105,-74.09109,0,0,0,0,4058,-7409,0.15625
2021-06-21T00:00:00.000,15:15,40.58588,-73.912704,0,0,0,0,4058,-7391,0.3888888888888889
2021-06-21T00:00:00.000,18:30,40.773067,-73.93393,1,0,1,1,4077,-7393,0.20833333333333334
2021-06-21T00:00:00.000,22:00,40.691456,-73.73092,0,0,0,0,4069,-7373,0.36585365853658536
2021-06-21T00:00:00.000,12:10,40.714016,-73.7389,0,0,0,0,4071,-7373,0.25
2021-06-21T00:00:00.000,17:05,40.551598,-74.14901,0,0,0,0,4055,-7414,0.4444444444444444
2021-06-21T00:00:00.000,23:30,40.76329,-73.87705,2,0,1,1,4076,-7387,0.48214285714285715
2021-06-21T00:00:00.000,8:53,40.636982,-74.004425,0,0,0,0,4063,-7400,0.3068181818181818
2021-06-17T00:00:00.000,18:45,40.809692,-73.94213,0,0,0,0,4080,-7394,0.41116751269035534
2021-06-15T00:00:00.000,15:53,40.76155,-73.96659,0,0,0,0,4076,-7396,0.3023255813953488
2021-06-14T00:00:00.000,13:30,40.68871,-73.95499,1,0,1,1,4068,-7395,0.38571428571428573
2021-06-21T00:00:00.000,14:50,40.68052,-73.97352,0,0,0,0,4068,-7397,0.3412322274881517
2021-06-10T00:00:00.000,17:00,40.757378,-73.93884,0,0,0,0,4075,-7393,0.43478260869565216
2021-06-17T00:00:00.000,14:50,40.88424,-73.89767,0,0,0,0,4088,-7389,0.4626865671641791
2021-06-21T00:00:00.000,0:50,40.710262,-73.95802,1,0,1,1,4071,-7395,0.36585365853658536
2021-06-18T00:00:00.000,12:45,40.75169,-73.88562,3,0,1,1,4075,-7388,0.3402061855670103
2021-06-21T00:00:00.000,0:00,40.7642,-73.9829,0,0,0,0,4076,-7398,0.3081761006289308
2021-06-21T00:00:00.000,4:16,40.8166,-73.942764,2,0,1,1,4081,-7394,0.38
2021-06-21T00:00:00.000,21:22,40.662712,-73.99568,0,0,0,0,4066,-7399,0.40540540540540543
2021-06-19T00:00:00.000,10:20,40.72291,-73.80468,1,0,1,1,4072,-7380,0.2727272727272727
2021-06-21T00:00:00.000,10:00,40.821396,-73.92095,0,0,0,0,4082,-7392,0.3333333333333333
2021-06-02T00:00:00.000,10:38,40.819397,-73.901436,0,0,0,0,4081,-7390,0.3888888888888889
2021-06-21T00:00:00.000,12:15,40.672073,-73.91135,0,0,0,0,4067,-7391,0.36597938144329895
2021-06-21T00:00:00.000,4:00,40.629368,-74.00876,0,0,0,0,4062,-7400,0.3150684931506849
2021-06-21T00:00:00.000,11:00,40.784904,-73.970566,0,0,0,0,4078,-7397,0.3434343434343434
2021-06-21T00:00:00.000,22:30,40.693787,-73.81173,0,0,0,0,4069,-7381,0.3902439024390244
2021-06-21T00:00:00.000,16:47,40.766235,-73.95633,1,0,1,1,4076,-7395,0.3696969696969697
2021-06-21T00:00:00.000,20:15,40.67826,-73.897934,0,0,0,0,4067,-7389,0.33852140077821014
2021-06-21T00:00:00.000,22:00,40.772846,-73.95996,0,0,0,0,4077,-7395,0.3384615384615385
2021-06-21T00:00:00.000,2:20,40.819717,-73.94048,1,0,1,1,4081,-7394,0.38
2021-06-21T00:00:00.000,16:44,40.68708,-73.913895,0,0,0,0,4068,-7391,0.344
2021-06-21T00:00:00.000,15:55,40.87662,-73.91056,1,0,1,1,4087,-7391,0.25925925925925924
2021-06-18T00:00:00.000,14:55,40.753338,-73.92028,1,0,1,1,4075,-7392,0.48148148148148145
2021-06-19T00:00:00.000,1:05,40.695824,-73.8211,0,0,0,0,4069,-7382,0.37209302325581395
2021-06-15T00:00:00.000,17:20,40.68115,-74.00458,0,0,0,0,4068,-7400,0.3333333333333333
2021-06-21T00:00:00.000,15:35,40.895992,-73.86634,1,0,1,1,4089,-7386,0.28205128205128205
2021-06-21T00:00:00.000,4:00,40.755764,-73.834595,0,0,0,0,4075,-7383,0.37681159420289856
2021-06-16T00:00:00.000,17:05,40.65855,-73.76616,1,0,1,1,4065,-7376,0.35714285714285715
2021-06-18T00:00:00.000,7:50,40.846592,-73.881065,1,0,1,1,4084,-7388,0.390625
2021-06-20T00:00:00.000,7:00,40.612244,-74.10627,0,0,0,0,4061,-7410,0.6363636363636364
2021-06-19T00:00:00.000,0:50,40.869045,-73.90299,0,0,0,0,4086,-7390,0.42748091603053434
2021-06-21T00:00:00.000,7:50,40.596325,-73.76673,0,0,0,0,4059,-7376,0.23809523809523808
2022-06-25T00:00:00.000,5:50,40.63082,-73.88636,0,0,0,0,4063,-7388,0.3835616438356164
2022-07-03T00:00:00.000,0:00,40.68735,-73.973175,0,0,0,0,4068,-7397,0.3412322274881517
2022-09-22T00:00:00.000,10:10,40.823254,-73.93892,0,0,0,0,4082,-7393,0.36645962732919257
2022-07-01T00:00:00.000,15:35,40.76099,-73.99077,2,0,1,1,4076,-7399,0.3275862068965517
2022-07-03T00:00:00.000,0:00,40.85192,-73.89694,1,0,1,1,4085,-7389,0.3353658536585366
2022-07-02T00:00:00.000,19:25,40.8612,-73.93497,2,0,1,1,4086,-7393,0.3333333333333333
2022-07-03T00:00:00.000,14:20,40.825798,-73.88972,0,0,0,0,4082,-7388,0.27624309392265195
2022-07-02T00:00:00.000,3:00,40.66852,-73.890175,0,0,0,0,4066,-7389,0.3103448275862069
2022-07-03T00:00:00.000,12:00,40.678425,-73.92744,0,0,0,0,4067,-7392,0.39655172413793105
2022-07-03T00:00:00.000,14:00,40.71982,-73.94863,0,0,0,0,4071,-7394,0.3710691823899371
2022-06-26T00:00:00.000,15:22,40.830242,-73.9497,2,0,1,1,4083,-7394,0.38926174496644295
2022-07-03T00:00:00.000,19:00,40.659706,-73.743546,1,0,1,1,4065,-7374,0.4583333333333333
2022-07-01T00:00:00.000,18:10,40.66645,-73.89642,0,0,0,0,4066,-7389,0.3103448275862069
2022-07-03T00:00:00.000,4:38,40.69457,-73.78871,0,0,0,0,4069,-7378,0.29310344827586204
2022-07-01T00:00:00.000,21:00,40.705425,-73.78258,0,0,0,0,4070,-7378,0.34523809523809523
2022-07-03T00:00:00.000,4:29,40.643158,-73.91796,0,0,0,0,4064,-7391,0.39805825242718446
2022-06-25T00:00:00.000,21:50,40.756985,-73.987144,0,0,0,0,4075,-7398,0.3170731707317073
2022-06-30T00:00:00.000,2:10,40.757732,-73.99686,0,0,0,0,4075,-7399,0.2830188679245283
2022-07-03T00:00:00.000,19:35,40.68039,-73.974625,0,0,0,0,4068,-7397,0.3412322274881517
2022-07-03T00:00:00.000,1:54,40.852325,-73.86379,0,0,0,0,4085,-7386,0.33766233766233766
2022-06-18T00:00:00.000,6:29,40.680367,-73.92226,1,0,1,1,4068,-7392,0.2542372881355932
2022-07-02T00:00:00.000,12:30,40.68319,-73.814644,0,0,0,0,4068,-7381,0.4117647058823529
2022-07-01T00:00:00.000,22:28,40.647163,-74.08811,4,0,1,1,4064,-7408,0.2894736842105263
2022-07-03T00:00:00.000,3:14,40.750977,-73.934746,1,0,1,1,4075,-7393,0.43478260869565216
2022-07-03T00:00:00.000,21:04,40.862717,-73.9023,1,0,1,1,4086,-7390,0.42748091603053434
2022-07-01T00:00:00.000,19:50,40.66893,-73.8665,0,0,0,0,4066,-7386,0.35
2022-06-20T00:00:00.000,18:30,40.59213,-73.788956,0,0,0,0,4059,-7378,0.14705882352941177
2022-06-19T00:00:00.000,18:00,40.826427,-73.950455,1,0,1,1,4082,-7395,0.4117647058823529
2022-07-03T00:00:00.000,8:17,40.70153,-73.92314,0,0,0,0,4070,-7392,0.24305555555555555
2022-07-01T00:00:00.000,22:00,40.64384,-74.08308,0,0,0,0,4064,-7408,0.2894736842105263
2022-07-03T00:00:00.000,12:00,40.731205,-73.76454,0,0,0,0,4073,-7376,0.2857142857142857
2022-07-01T00:00:00.000,13:10,40.67864,-73.97352,0,0,0,0,4067,-7397,0.2818181818181818
2022-07-01T00:00:00.000,19:15,40.749687,-73.99344,0,0,0,0,4074,-7399,0.3333333333333333
2022-07-03T00:00:00.000,15:00,40.82226,-73.84564,0,0,0,0,4082,-7384,0.3835616438356164
2022-06-19T00:00:00.000,0:05,40.582687,-73.98627,0,0,0,0,4058,-7398,0.4
2022-07-03T00:00:00.000,13:29,40.893856,-73.896065,2,0,1,1,4089,-7389,0.5555555555555556
2022-01-07T00:00:00.000,16:35,40.745968,-73.9923,0,0,0,0,4074,-7399,0.3333333333333333
2021-03-27T00:00:00.000,21:12,40.888596,-73.89068,0,1,2,1,4088,-7389,0.4626865671641791
2021-05-27T00:00:00.000,17:48,40.609642,-74.014946,1,0,1,1,4060,-7401,0.30357142857142855
2021-10-26T00:00:00.000,21:31,40.769394,-73.90998,2,0,1,1,4076,-7390,0.3055555555555556
2021-11-11T00:00:00.000,13:40,40.722916,-73.73151,0,0,0,0,4072,-7373,0.4642857142857143
2021-12-17T00:00:00.000,13:34,40.667477,-73.95623,2,0,1,1,4066,-7395,0.44375
2021-12-16T00:00:00.000,23:33,40.84954,-73.93641,1,0,1,1,4084,-7393,0.32786885245901637
2021-12-27T00:00:00.000,8:27,40.783897,-73.97407,0,0,0,0,4078,-7397,0.3434343434343434
2021-12-31T00:00:00.000,16:30,40.667915,-73.77523,0,0,0,0,4066,-7377,0.37362637362637363
2022-01-01T00:00:00.000,4:35,40.775707,-73.84633,0,0,0,0,4077,-7384,0.125
2022-01-02T00:00:00.000,4:25,40.69875,-73.9834,0,0,0,0,4069,-7398,0.3229166666666667
2022-01-07T00:00:00.000,3:09,40.600735,-73.98218,0,0,0,0,4060,-7398,0.2711864406779661
2016-06-02T00:00:00.000,7:28,40.633427,-73.95298,1,0,1,1,4063,-7395,0.48484848484848486
2022-01-07T00:00:00.000,13:50,40.602192,-73.75523,0,0,0,0,4060,-7375,0.17117117117117117
2022-01-04T00:00:00.000,7:00,40.77074,-73.99455,0,0,0,0,4077,-7399,0.4166666666666667
2022-01-07T00:00:00.000,10:44,40.592735,-73.76405,0,0,0,0,4059,-7376,0.23809523809523808
2022-06-29T00:00:00.000,11:28,40.591537,-73.78959,0,0,0,0,4059,-7378,0.14705882352941177
2022-02-20T00:00:00.000,15:50,40.817593,-73.816376,1,0,1,1,4081,-7381,0.25
2022-02-19T00:00:00.000,16:28,40.89029,-73.85782,1,0,1,1,4089,-7385,0.3813559322033898
2022-02-20T00:00:00.000,15:21,40.86789,-73.88279,0,0,0,0,4086,-7388,0.23943661971830985
2022-02-19T00:00:00.000,23:35,40.7828,-73.947685,0,0,0,0,4078,-7394,0.33513513513513515
2022-07-03T00:00:00.000,6:35,40.736668,-73.90279,1,0,1,1,4073,-7390,0.42424242424242425
2022-06-30T00:00:00.000,10:25,40.58464,-73.96017,0,0,0,0,4058,-7396,0.37333333333333335
2022-07-03T00:00:00.000,15:17,40.620247,-74.13793,1,0,1,1,4062,-7413,0.4074074074074074
2022-06-28T00:00:00.000,12:45,40.848625,-73.92753,0,0,0,0,4084,-7392,0.3181818181818182
2022-07-03T00:00:00.000,5:00,40.619217,-74.160355,0,0,0,0,4061,-7416,0.2727272727272727
2022-01-07T00:00:00.000,14:44,40.843822,-73.9275,0,0,0,0,4084,-7392,0.3181818181818182
2022-01-05T00:00:00.000,16:45,40.754505,-73.965706,0,0,0,0,4075,-7396,0.4788732394366197
2022-01-06T00:00:00.000,23:19,40.58381,-73.96938,0,0,0,0,4058,-7396,0.37333333333333335
2022-01-06T00:00:00.000,16:14,40.72714,-73.792305,0,0,0,0,4072,-7379,0.3333333333333333
2022-01-05T00:00:00.000,15:24,40.865475,-73.85774,1,0,1,1,4086,-7385,0.5
2022-01-05T00:00:00.000,14:30,40.657497,-73.83947,0,0,0,0,4065,-7383,0.38095238095238093
2021-12-30T00:00:00.000,9:00,40.765015,-73.98484,0,0,0,0,4076,-7398,0.3081761006289308
2022-01-07T00:00:00.000,7:10,40.802086,-73.93701,0,0,0,0,4080,-7393,0.36312849162011174
2022-01-07T00:00:00.000,8:00,40.847355,-73.93518,1,0,1,1,4084,-7393,0.32786885245901637
2022-01-05T00:00:00.000,20:18,40.70568,-73.77114,0,0,0,0,4070,-7377,0.2413793103448276
2022-01-06T00:00:00.000,19:15,40.67819,-73.80144,0,0,0,0,4067,-7380,0.24615384615384617
2022-01-06T00:00:00.000,8:00,40.711422,-73.95954,0,0,0,0,4071,-7395,0.36585365853658536
2022-01-05T00:00:00.000,0:20,40.703632,-73.85587,0,0,0,0,4070,-7385,0.39436619718309857
2022-01-06T00:00:00.000,13:00,40.738228,-73.98782,0,0,0,0,4073,-7398,0.36942675159235666
2022-01-02T00:00:00.000,15:27,40.68178,-73.98192,0,0,0,0,4068,-7398,0.3873239436619718
2022-01-05T00:00:00.000,5:46,40.86287,-73.934784,0,0,0,0,4086,-7393,0.3333333333333333
2022-01-07T00:00:00.000,16:31,40.781406,-73.778175,1,0,1,1,4078,-7377,0.5384615384615384
2022-01-04T00:00:00.000,4:25,40.689445,-73.95513,0,0,0,0,4068,-7395,0.38571428571428573
2022-01-06T00:00:00.000,7:00,40.665863,-73.86478,0,0,0,0,4066,-7386,0.35
2022-01-05T00:00:00.000,16:04,40.603245,-73.95214,2,0,1,1,4060,-7395,0.4791666666666667
2022-01-06T00:00:00.000,9:17,40.617252,-74.00703,0,0,0,0,4061,-7400,0.3076923076923077
2022-01-05T00:00:00.000,13:32,40.785805,-73.942856,0,0,0,0,4078,-7394,0.33513513513513515
2022-01-06T00:00:00.000,9:00,40.760254,-73.88717,0,0,0,0,4076,-7388,0.43283582089552236
2022-01-05T00:00:00.000,23:40,40.542427,-74.14591,0,0,0,0,4054,-7414,0.2631578947368421
2022-01-05T00:00:00.000,10:15,40.853462,-73.88939,0,0,0,0,4085,-7388,0.3
2022-01-07T00:00:00.000,6:00,40.816868,-73.91639,1,0,1,1,4081,-7391,0.47244094488188976
2022-01-05T00:00:00.000,0:15,40.703632,-73.85587,2,0,1,1,4070,-7385,0.39436619718309857
2022-01-07T00:00:00.000,13:53,40.845024,-73.92632,1,0,1,1,4084,-7392,0.3181818181818182
2022-01-05T00:00:00.000,17:14,40.76432,-73.9772,0,0,0,0,4076,-7397,0.37
2022-01-05T00:00:00.000,8:50,40.62305,-74.02114,0,0,0,0,4062,-7402,0.3625
2022-01-07T00:00:00.000,14:12,40.636024,-73.89506,3,0,1,1,4063,-7389,0.41818181818181815
2022-01-04T00:00:00.000,0:45,40.69365,-73.98333,0,0,0,0,4069,-7398,0.3229166666666667
2022-01-05T00:00:00.000,14:30,40.77242,-73.97873,0,0,0,0,4077,-7397,0.38235294117647056
2022-01-05T00:00:00.000,7:43,40.841133,-73.924,0,0,0,0,4084,-7392,0.3181818181818182
2022-01-07T00:00:00.000,6:15,40.733116,-73.87058,0,0,0,0,4073,-7387,0.3140495867768595
2022-01-07T00:00:00.000,23:45,40.758846,-73.996056,0,0,0,0,4075,-7399,0.2830188679245283
2022-01-06T00:00:00.000,1:42,40.63082,-73.88636,0,0,0,0,4063,-7388,0.3835616438356164
2022-01-04T00:00:00.000,17:45,40.65768,-73.925415,1,0,1,1,4065,-7392,0.35555555555555557
2022-01-05T00:00:00.000,5:55,40.828842,-73.84035,1,0,1,1,4082,-7384,0.3835616438356164
2022-01-01T00:00:00.000,17:58,40.710243,-73.9584,2,0,1,1,4071,-7395,0.36585365853658536
2022-01-05T00:00:00.000,6:00,40.88599,-73.82792,0,0,0,0,4088,-7382,0.2765957446808511
2021-12-17T00:00:00.000,16:00,40.601707,-74.08025,3,0,1,1,4060,-7408,0.3235294117647059
2022-01-07T00:00:00.000,12:09,40.83575,-73.90218,0,0,0,0,4083,-7390,0.3064516129032258
2022-01-06T00:00:00.000,8:10,40.673298,-74.00835,0,0,0,0,4067,-7400,0.20967741935483872
2022-01-01T00:00:00.000,20:26,40.68603,-73.93268,0,0,0,0,4068,-7393,0.3619047619047619
2022-01-04T00:00:00.000,23:55,40.76169,-73.89689,0,0,0,0,4076,-7389,0.35185185185185186
2022-01-07T00:00:00.000,17:24,40.77369,-73.741875,0,0,0,0,4077,-7374,0.16666666666666666
2022-01-06T00:00:00.000,16:00,40.848778,-73.8579,0,0,0,0,4084,-7385,0.32727272727272727
2022-01-07T00:00:00.000,6:15,40.764988,-73.82067,0,0,0,0,4076,-7382,0.2987012987012987
2022-01-01T00:00:00.000,21:09,40.67715,-73.92559,0,0,0,0,4067,-7392,0.39655172413793105
2022-01-06T00:00:00.000,7:45,40.595203,-73.75603,0,0,0,0,4059,-7375,0.17777777777777778
2021-12-11T00:00:00.000,2:00,40.68037,-73.98654,0,0,0,0,4068,-7398,0.3873239436619718
2022-01-05T00:00:00.000,15:00,40.863163,-73.8942,0,0,0,0,4086,-7389,0.40606060606060607
2022-01-06T00:00:00.000,14:10,40.685463,-73.9506,0,0,0,0,4068,-7395,0.38571428571428573
2022-01-06T00:00:00.000,1:07,40.743294,-73.97989,1,0,1,1,4074,-7397,0.4810810810810811
2022-01-05T00:00:00.000,9:42,40.722576,-73.94049,0,0,0,0,4072,-7394,0.19801980198019803
2022-01-06T00:00:00.000,15:20,40.89588,-73.85715,0,0,0,0,4089,-7385,0.3813559322033898
2022-01-07T00:00:00.000,3:59,40.669865,-73.95051,0,0,0,0,4066,-7395,0.44375
2022-01-05T00:00:00.000,8:48,40.67794,-73.8023,1,0,1,1,4067,-7380,0.24615384615384617
2022-01-06T00:00:00.000,16:09,0.0,0.0,1,0,1,1,0,0,0.40425531914893614
2022-01-06T00:00:00.000,10:00,40.730373,-73.73761,0,0,0,0,4073,-7373,0.3
2022-01-07T00:00:00.000,7:51,40.625683,-73.93344,0,0,0,0,4062,-7393,0.4444444444444444
2022-01-06T00:00:00.000,18:58,40.60205,-74.01334,0,0,0,0,4060,-7401,0.30357142857142855
2022-01-07T00:00:00.000,16:41,40.74128,-73.90257,1,0,1,1,4074,-7390,0.40625
2022-01-05T00:00:00.000,8:00,40.77417,-73.82934,0,0,0,0,4077,-7382,0.4444444444444444
2022-01-05T00:00:00.000,9:45,40.698566,-73.769585,0,0,0,0,4069,-7376,0.3392857142857143
2021-01-08T00:00:00.000,19:18,40.587402,-73.991615,2,0,1,1,4058,-7399,0.23076923076923078
2022-01-06T00:00:00.000,23:00,40.840836,-73.87258,0,0,0,0,4084,-7387,0.48333333333333334
2022-01-05T00:00:00.000,15:45,40.689102,-73.94507,0,0,0,0,4068,-7394,0.4409448818897638
2021-12-16T00:00:00.000,15:55,40.679337,-73.94405,0,0,0,0,4067,-7394,0.34074074074074073
2022-01-05T00:00:00.000,5:30,40.735504,-73.95264,0,0,0,0,4073,-7395,0.30434782608695654
2022-01-06T00:00:00.000,13:45,40.762276,-73.926056,0,0,0,0,4076,-7392,0.42105263157894735
2022-01-06T00:00:00.000,17:18,40.898895,-73.85392,0,0,0,0,4089,-7385,0.3813559322033898
2022-01-07T00:00:00.000,0:30,40.87626,-73.90395,0,0,0,0,4087,-7390,0.3184713375796178
2022-01-05T00:00:00.000,6:37,40.62826,-73.99915,0,0,0,0,4062,-7399,0.3835616438356164
2022-01-07T00:00:00.000,0:10,40.733524,-73.989876,0,0,0,0,4073,-7398,0.36942675159235666
2021-12-27T00:00:00.000,17:45,40.73482,-73.86686,0,0,0,0,4073,-7386,0.3464566929133858
2022-01-07T00:00:00.000,3:14,40.640472,-74.09521,1,0,1,1,4064,-7409,0.3333333333333333
2022-01-02T00:00:00.000,19:00,40.832916,-73.92939,0,0,0,0,4083,-7392,0.310126582278481
2022-01-05T00:00:00.000,11:29,40.739388,-73.87121,0,0,0,0,4073,-7387,0.3140495867768595
2021-12-06T00:00:00.000,14:20,40.73083,-73.94443,0,0,0,0,4073,-7394,0.5
2022-01-06T00:00:00.000,22:50,40.814972,-73.883446,1,0,1,1,4081,-7388,0.25471698113207547
2022-01-06T00:00:00.000,0:00,40.742252,-73.97769,0,0,0,0,4074,-7397,0.4810810810810811
2022-01-05T00:00:00.000,16:37,40.789528,-73.820435,2,0,1,1,4078,-7382,0.3
2021-12-16T00:00:00.000,16:30,40.676468,-73.91301,0,0,0,0,4067,-7391,0.36597938144329895
2022-01-05T00:00:00.000,16:51,40.846783,-73.907394,1,0,1,1,4084,-7390,0.366120218579235
2022-01-07T00:00:00.000,15:30,40.730587,-73.97425,0,0,0,0,4073,-7397,0.32558139534883723
2022-01-04T00:00:00.000,17:30,40.656044,-73.90724,0,0,0,0,4065,-7390,0.375
2022-01-05T00:00:00.000,13:48,40.876194,-73.88704,0,0,0,0,4087,-7388,0.3561643835616438
2022-01-05T00:00:00.000,9:05,40.598553,-73.997345,1,0,1,1,4059,-7399,0.3076923076923077
2022-01-02T00:00:00.000,13:00,40.692875,-73.83219,1,0,1,1,4069,-7383,0.35555555555555557
2022-01-05T00:00:00.000,8:10,40.693005,-73.789856,0,0,0,0,4069,-7378,0.29310344827586204
2022-01-05T00:00:00.000,12:08,40.868687,-73.92344,1,0,1,1,4086,-7392,0.359375
2021-12-23T00:00:00.000,14:36,40.739388,-73.87121,1,0,1,1,4073,-7387,0.3140495867768595
2021-09-05T00:00:00.000,5:00,40.83389,-73.85466,1,0,1,1,4083,-7385,0.30158730158730157
2022-01-07T00:00:00.000,18:47,40.683216,-73.96377,1,0,1,1,4068,-7396,0.42567567567567566
2022-01-05T00:00:00.000,7:10,40.642242,-74.0752,0,0,0,0,4064,-7407,0.2222222222222222
2022-01-07T00:00:00.000,6:10,40.825935,-73.85913,0,0,0,0,4082,-7385,0.27
2022-01-07T00:00:00.000,8:17,40.84843,-73.91299,0,0,0,0,4084,-7391,0.32558139534883723
2022-01-05T00:00:00.000,6:00,40.88599,-73.82792,2,0,1,1,4088,-7382,0.2765957446808511
2022-01-05T00:00:00.000,17:50,40.687016,-73.77487,2,0,1,1,4068,-7377,0.3673469387755102
2022-01-05T00:00:00.000,17:45,40.57161,-74.09418,0,0,0,0,4057,-7409,0.1111111111111111
2022-01-06T00:00:00.000,22:00,40.676113,-73.84883,4,0,1,1,4067,-7384,0.28888888888888886
2022-01-06T00:00:00.000,13:30,40.64177,-74.024574,0,0,0,0,4064,-7402,0.41379310344827586
2022-01-07T00:00:00.000,7:55,40.726177,-73.8981,0,0,0,0,4072,-7389,0.41379310344827586
2022-01-07T00:00:00.000,23:41,40.665974,-73.74061,0,0,0,0,4066,-7374,0.3698630136986301
2022-01-05T00:00:00.000,16:00,40.658577,-73.89063,0,0,0,0,4065,-7389,0.34965034965034963
2022-01-05T00:00:00.000,21:20,40.843464,-73.83683,1,0,1,1,4084,-7383,0.4318181818181818
2022-01-06T00:00:00.000,16:43,40.617672,-73.99542,0,0,0,0,4061,-7399,0.29411764705882354
2022-01-07T00:00:00.000,16:45,40.68159,-74.007935,0,0,0,0,4068,-7400,0.3333333333333333
2022-01-07T00:00:00.000,2:30,40.667522,-73.78063,0,0,0,0,4066,-7378,0.34615384615384615
2022-01-07T00:00:00.000,14:00,40.755116,-74.00248,0,0,0,0,4075,-7400,0.3888888888888889
2022-01-07T00:00:00.000,4:00,40.834187,-73.909584,0,0,0,0,4083,-7390,0.3064516129032258
2022-01-06T00:00:00.000,16:15,40.609653,-73.91145,0,0,0,0,4060,-7391,0.25
2022-01-06T00:00:00.000,19:51,40.575428,-73.977875,0,0,0,0,4057,-7397,0.2619047619047619
2022-01-06T00:00:00.000,19:39,40.668865,-73.781944,0,0,0,0,4066,-7378,0.34615384615384615
2022-01-05T00:00:00.000,7:45,40.62444,-73.9304,1,0,1,1,4062,-7393,0.4444444444444444
2022-01-06T00:00:00.000,13:55,40.61833,-74.01667,0,0,0,0,4061,-7401,0.2972972972972973
2022-01-05T00:00:00.000,8:00,40.745796,-73.88385,1,0,1,1,4074,-7388,0.2978723404255319
2022-01-07T00:00:00.000,2:20,40.755875,-73.882454,1,0,1,1,4075,-7388,0.3402061855670103
2022-01-07T00:00:00.000,4:34,40.736877,-74.00554,0,0,0,0,4073,-7400,0.2403846153846154
2022-01-05T00:00:00.000,17:40,40.67948,-73.93291,0,0,0,0,4067,-7393,0.3755868544600939
2022-01-06T00:00:00.000,13:43,40.731438,-73.866,1,0,1,1,4073,-7386,0.3464566929133858
2022-01-07T00:00:00.000,10:40,40.776535,-73.840805,0,0,0,0,4077,-7384,0.125
2022-01-06T00:00:00.000,17:16,40.651253,-73.94964,0,0,0,0,4065,-7394,0.43137254901960786
2022-01-06T00:00:00.000,7:10,40.781277,-73.80325,1,0,1,1,4078,-7380,0.30434782608695654
2022-01-07T00:00:00.000,0:00,40.733955,-73.92172,0,0,0,0,4073,-7392,0.4444444444444444
2021-12-28T00:00:00.000,18:59,40.794178,-73.94487,0,0,0,0,4079,-7394,0.3523809523809524
2022-01-04T00:00:00.000,8:09,40.873222,-73.80849,0,0,0,0,4087,-7380,0.0
2022-01-05T00:00:00.000,6:00,40.898273,-73.867325,0,0,0,0,4089,-7386,0.28205128205128205
2022-01-02T00:00:00.000,18:58,40.67308,-73.91124,0,0,0,0,4067,-7391,0.36597938144329895
2022-01-07T00:00:00.000,7:30,40.80243,-73.91507,0,0,0,0,4080,-7391,0.38961038961038963
2022-01-04T00:00:00.000,20:34,40.806828,-73.88448,0,0,0,0,4080,-7388,0.15789473684210525
2022-01-06T00:00:00.000,9:50,40.71343,-73.780594,0,0,0,0,4071,-7378,0.32653061224489793
2022-01-06T00:00:00.000,14:36,40.85381,-73.91386,0,0,0,0,4085,-7391,0.373134328358209
2022-01-05T00:00:00.000,18:00,40.710827,-73.79413,0,0,0,0,4071,-7379,0.3888888888888889
2021-01-07T00:00:00.000,20:10,40.74052,-73.70259,0,0,0,0,4074,-7370,0.375
2022-01-05T00:00:00.000,5:46,40.86287,-73.934784,0,0,0,0,4086,-7393,0.3333333333333333
2022-01-05T00:00:00.000,21:15,40.70719,-73.81873,0,0,0,0,4070,-7381,0.3194444444444444
2022-01-06T00:00:00.000,22:34,40.70667,-73.9424,1,0,1,1,4070,-7394,0.3956043956043956
2022-01-05T00:00:00.000,20:15,40.781387,-73.95213,0,0,0,0,4078,-7395,0.42168674698795183
2022-01-06T00:00:00.000,16:45,40.545753,-74.151634,0,0,0,0,4054,-7415,0.3125
2022-01-07T00:00:00.000,6:30,40.698193,-73.98558,0,0,0,0,4069,-7398,0.3229166666666667
2022-01-05T00:00:00.000,0:50,40.75332,-73.74477,1,0,1,1,4075,-7374,0.3333333333333333
2022-01-05T00:00:00.000,18:07,40.741344,-73.95459,1,0,1,1,4074,-7395,0.35185185185185186
2021-12-28T00:00:00.000,18:05,40.689022,-73.92611,0,0,0,0,4068,-7392,0.2542372881355932
2022-01-04T00:00:00.000,22:50,40.59587,-73.963715,0,0,0,0,4059,-7396,0.38596491228070173
2021-12-31T00:00:00.000,19:47,40.680477,-73.7921,1,0,1,1,4068,-7379,0.35
2022-01-05T00:00:00.000,18:32,40.886044,-73.85756,0,0,0,0,4088,-7385,0.36619718309859156
2022-01-06T00:00:00.000,10:21,40.893623,-73.85525,0,0,0,0,4089,-7385,0.3813559322033898
2022-01-06T00:00:00.000,9:00,40.675014,-73.7528,2,0,1,1,4067,-7375,0.2608695652173913
2022-01-04T00:00:00.000,9:00,40.753994,-73.94244,0,0,0,0,4075,-7394,0.41333333333333333
2022-01-06T00:00:00.000,2:40,40.709183,-73.956825,0,0,0,0,4070,-7395,0.3475177304964539
2022-01-07T00:00:00.000,3:00,40.674805,-73.81085,0,0,0,0,4067,-7381,0.4230769230769231
2022-01-05T00:00:00.000,0:14,40.703632,-73.85587,3,0,1,1,4070,-7385,0.39436619718309857
2022-01-06T00:00:00.000,17:00,40.665703,-73.94256,1,0,1,1,4066,-7394,0.36792452830188677
2022-01-05T00:00:00.000,6:00,40.88599,-73.82792,0,0,0,0,4088,-7382,0.2765957446808511
2022-01-05T00:00:00.000,12:00,40.58618,-74.08989,0,0,0,0,4058,-7408,0.1111111111111111
2022-01-05T00:00:00.000,18:30,40.773335,-73.95506,1,0,1,1,4077,-7395,0.3384615384615385
2022-01-05T00:00:00.000,21:13,40.68096,-73.93765,1,0,1,1,4068,-7393,0.3619047619047619
2022-01-07T00:00:00.000,12:11,40.694836,-73.98393,0,0,0,0,4069,-7398,0.3229166666666667
2021-12-31T00:00:00.000,18:32,40.825817,-73.95302,0,0,0,0,4082,-7395,0.4117647058823529
2022-01-06T00:00:00.000,14:50,40.743332,-73.85496,0,0,0,0,4074,-7385,0.35526315789473684
2022-01-06T00:00:00.000,11:30,40.878937,-73.82677,0,0,0,0,4087,-7382,0.3333333333333333
2022-01-06T00:00:00.000,11:54,40.807842,-73.955574,0,0,0,0,4080,-7395,0.381294964028777
2022-01-06T00:00:00.000,10:05,40.856606,-73.86835,0,0,0,0,4085,-7386,0.33766233766233766
2022-01-07T00:00:00.000,4:00,40.598934,-74.06377,0,0,0,0,4059,-7406,0.29411764705882354
2022-01-05T00:00:00.000,17:37,40.62392,-73.9216,0,0,0,0,4062,-7392,0.3611111111111111
2022-01-05T00:00:00.000,13:30,40.776188,-73.90596,0,0,0,0,4077,-7390,0.3404255319148936
2022-01-05T00:00:00.000,19:46,40.6163,-74.01762,0,0,0,0,4061,-7401,0.2972972972972973
2022-01-05T00:00:00.000,14:00,40.684383,-73.823265,0,0,0,0,4068,-7382,0.41975308641975306
2022-01-05T00:00:00.000,6:30,40.9046,-73.852936,2,0,1,1,4090,-7385,0.42105263157894735
2022-01-07T00:00:00.000,8:35,40.821754,-73.86021,0,0,0,0,4082,-7386,0.3493975903614458
2022-01-07T00:00:00.000,19:15,40.869423,-73.825745,1,0,1,1,4086,-7382,0.3611111111111111
2022-01-06T00:00:00.000,16:53,40.741188,-73.709755,1,0,1,1,4074,-7370,0.375
2022-01-06T00:00:00.000,9:50,40.72297,-73.84448,0,0,0,0,4072,-7384,0.2711864406779661
2022-01-03T00:00:00.000,11:45,40.65476,-74.00724,0,0,0,0,4065,-7400,0.41509433962264153
2022-01-05T00:00:00.000,7:50,40.75076,-73.757835,2,0,1,1,4075,-7375,0.3333333333333333
2022-01-05T00:00:00.000,11:16,40.74053,-73.9819,0,0,0,0,4074,-7398,0.40131578947368424
2022-01-05T00:00:00.000,21:45,40.652878,-73.93053,0,0,0,0,4065,-7393,0.44366197183098594
2022-01-05T00:00:00.000,5:05,40.6421,-74.087685,0,0,0,0,4064,-7408,0.2894736842105263
2022-01-07T00:00:00.000,18:25,40.598244,-73.98264,0,0,0,0,4059,-7398,0.34146341463414637
2022-01-07T00:00:00.000,5:45,40.711075,-73.77601,0,0,0,0,4071,-7377,0.20967741935483872
2022-01-06T00:00:00.000,6:30,40.71431,-73.90801,0,0,0,0,4071,-7390,0.4
2022-01-05T00:00:00.000,14:04,40.649025,-73.89635,1,0,1,1,4064,-7389,0.43478260869565216
2022-01-07T00:00:00.000,19:15,40.70437,-73.83283,0,0,0,0,4070,-7383,0.3541666666666667
2022-01-05T00:00:00.000,10:15,40.551815,-74.217354,0,0,0,0,4055,-7421,0.16666666666666666
2022-01-06T00:00:00.000,12:02,40.700726,-73.94194,1,0,1,1,4070,-7394,0.3956043956043956
2022-01-06T00:00:00.000,23:00,40.587013,-74.159454,0,0,0,0,4058,-7415,0.42857142857142855
2022-01-06T00:00:00.000,8:00,40.677868,-73.90332,0,0,0,0,4067,-7390,0.3282442748091603
2022-01-06T00:00:00.000,12:54,40.751602,-73.93384,0,0,0,0,4075,-7393,0.43478260869565216
2022-01-05T00:00:00.000,7:12,40.908146,-73.901855,0,0,0,0,4090,-7390,0.11764705882352941
2022-01-05T00:00:00.000,21:48,40.7538,-73.90213,0,0,0,0,4075,-7390,0.37254901960784315
2022-01-05T00:00:00.000,17:50,40.67809,-73.8842,1,0,1,1,4067,-7388,0.30434782608695654
2022-01-07T00:00:00.000,15:00,40.67153,-73.82639,0,0,0,0,4067,-7382,0.4186046511627907
2022-01-05T00:00:00.000,6:02,40.860283,-73.9364,1,0,1,1,4086,-7393,0.3333333333333333
2022-01-07T00:00:00.000,16:00,40.563145,-74.10787,1,0,1,1,4056,-7410,0.4
2022-01-04T00:00:00.000,14:45,40.628803,-73.97404,1,0,1,1,4062,-7397,0.38666666666666666
2021-12-15T00:00:00.000,9:00,40.68121,-73.773,0,0,0,0,4068,-7377,0.3673469387755102
2022-01-07T00:00:00.000,0:08,40.64528,-74.01969,0,0,0,0,4064,-7401,0.4295774647887324
2022-01-06T00:00:00.000,12:45,40.71122,-73.72827,2,0,1,1,4071,-7372,0.40425531914893614
2022-01-07T00:00:00.000,7:11,40.73025,-73.89706,0,0,0,0,4073,-7389,0.2857142857142857
2022-01-05T00:00:00.000,14:33,40.87829,-73.87006,1,0,1,1,4087,-7387,0.297029702970297
2022-01-07T00:00:00.000,0:33,40.837315,-73.92331,1,0,1,1,4083,-7392,0.310126582278481
2022-01-05T00:00:00.000,18:56,40.69613,-73.987114,0,0,0,0,4069,-7398,0.3229166666666667
2022-01-02T00:00:00.000,3:45,40.862213,-73.9297,2,0,1,1,4086,-7392,0.359375
2022-01-05T00:00:00.000,19:00,40.602303,-73.989815,0,0,0,0,4060,-7398,0.2711864406779661
2022-01-07T00:00:00.000,4:45,40.696686,-73.9378,0,0,0,0,4069,-7393,0.3141025641025641
2022-01-07T00:00:00.000,17:00,40.606445,-74.08735,1,0,1,1,4060,-7408,0.3235294117647059
2021-01-08T00:00:00.000,20:59,40.62131,-73.9845,0,0,0,0,4062,-7398,0.38
2022-01-07T00:00:00.000,20:35,40.82439,-73.902405,0,0,0,0,4082,-7390,0.3025210084033613
2022-01-07T00:00:00.000,21:20,40.88668,-73.85433,0,0,0,0,4088,-7385,0.36619718309859156
2022-01-07T00:00:00.000,18:15,40.762108,-73.90652,0,0,0,0,4076,-7390,0.3055555555555556
2022-01-07T00:00:00.000,9:07,40.681038,-74.00187,0,0,0,0,4068,-7400,0.3333333333333333
2022-01-06T00:00:00.000,14:00,40.822857,-73.909325,0,0,0,0,4082,-7390,0.3025210084033613
2022-01-06T00:00:00.000,16:23,40.73849,-73.7253,0,0,0,0,4073,-7372,0.3333333333333333
2022-01-07T00:00:00.000,4:03,40.77303,-73.97829,0,0,0,0,4077,-7397,0.38235294117647056
2022-01-05T00:00:00.000,16:30,40.60768,-73.75206,0,0,0,0,4060,-7375,0.17117117117117117
2022-01-05T00:00:00.000,14:00,40.64872,-73.96491,0,0,0,0,4064,-7396,0.4714285714285714
2022-01-07T00:00:00.000,20:00,40.60599,-74.103455,0,0,0,0,4060,-7410,0.3333333333333333
2022-01-06T00:00:00.000,21:25,40.667522,-73.78063,2,0,1,1,4066,-7378,0.34615384615384615
2022-01-07T00:00:00.000,12:25,40.660313,-73.902504,0,0,0,0,4066,-7390,0.2777777777777778
2022-01-06T00:00:00.000,7:25,40.694496,-73.91482,0,0,0,0,4069,-7391,0.2709677419354839
2022-01-05T00:00:00.000,12:22,40.843174,-73.91196,0,0,0,0,4084,-7391,0.32558139534883723
2022-01-07T00:00:00.000,20:00,40.766342,-73.819466,0,0,0,0,4076,-7381,0.4716981132075472
2022-01-05T00:00:00.000,15:22,40.683582,-73.953964,1,0,1,1,4068,-7395,0.38571428571428573
2022-01-05T00:00:00.000,6:24,40.843464,-73.83683,0,0,0,0,4084,-7383,0.4318181818181818
2022-01-05T00:00:00.000,9:45,40.897144,-73.88029,0,0,0,0,4089,-7388,0.5
2022-01-07T00:00:00.000,15:10,40.804993,-73.911354,0,0,0,0,4080,-7391,0.38961038961038963
2022-01-05T00:00:00.000,13:30,40.68885,-73.84133,0,0,0,0,4068,-7384,0.3333333333333333
2022-01-07T00:00:00.000,8:35,40.836796,-73.91949,0,0,0,0,4083,-7391,0.33714285714285713
2021-06-17T00:00:00.000,8:26,40.74658,-73.99756,0,1,2,1,4074,-7399,0.3333333333333333
2021-06-21T00:00:00.000,14:15,40.72118,-73.95866,2,0,1,1,4072,-7395,0.22093023255813954
2021-06-22T00:00:00.000,10:32,40.64697,-73.9135,1,0,1,1,4064,-7391,0.39805825242718446
2021-06-22T00:00:00.000,0:00,40.872143,-73.818695,0,0,0,0,4087,-7381,0.5
2021-06-22T00:00:00.000,15:59,40.861862,-73.91282,1,0,1,1,4086,-7391,0.38016528925619836
2021-06-22T00:00:00.000,12:31,40.715744,-73.95881,0,0,0,0,4071,-7395,0.36585365853658536
2021-06-19T00:00:00.000,23:00,40.805725,-73.95442,0,0,0,0,4080,-7395,0.381294964028777
2021-06-13T00:00:00.000,13:29,40.771084,-73.908226,1,0,1,1,4077,-7390,0.3404255319148936
2021-06-22T00:00:00.000,2:55,40.828545,-73.8919,0,0,0,0,4082,-7389,0.37423312883435583
2021-06-22T00:00:00.000,22:00,40.64556,-73.931694,1,0,1,1,4064,-7393,0.3333333333333333
2021-06-22T00:00:00.000,16:44,40.61132,-74.114716,0,0,0,0,4061,-7411,0.36
2021-06-22T00:00:00.000,19:00,40.803474,-73.91954,0,0,0,0,4080,-7391,0.38961038961038963
2021-06-15T00:00:00.000,18:15,40.651325,-73.95692,0,0,0,0,4065,-7395,0.38686131386861317
2021-06-21T00:00:00.000,14:20,40.72713,-73.81248,1,0,1,1,4072,-7381,0.2926829268292683
2021-06-22T00:00:00.000,5:26,40.66615,-73.80575,0,0,0,0,4066,-7380,0.40789473684210525
2021-06-22T00:00:00.000,10:20,40.859745,-73.8958,1,0,1,1,4085,-7389,0.3353658536585366
2021-06-10T00:00:00.000,16:30,40.80047,-73.95777,1,0,1,1,4080,-7395,0.381294964028777
2021-06-16T00:00:00.000,8:00,40.75274,-73.94206,0,0,0,0,4075,-7394,0.41333333333333333
2021-06-19T00:00:00.000,12:27,40.698185,-73.9374,1,0,1,1,4069,-7393,0.3141025641025641
2021-06-22T00:00:00.000,7:40,40.863,-73.893005,0,0,0,0,4086,-7389,0.40606060606060607
2021-06-22T00:00:00.000,8:15,40.71197,-73.96104,0,0,0,0,4071,-7396,0.3218390804597701
2021-06-22T00:00:00.000,19:00,40.885433,-73.82924,1,0,1,1,4088,-7382,0.2765957446808511
2021-06-22T00:00:00.000,17:50,40.67864,-73.97352,0,0,0,0,4067,-7397,0.2818181818181818
2021-06-22T00:00:00.000,16:46,40.740326,-73.97312,1,0,1,1,4074,-7397,0.4810810810810811
2021-06-22T00:00:00.000,4:40,40.763687,-73.81444,0,0,0,0,4076,-7381,0.4716981132075472
2021-06-21T00:00:00.000,8:59,40.664192,-73.87759,2,0,1,1,4066,-7387,0.38461538461538464
2021-06-16T00:00:00.000,13:44,40.882835,-73.888016,1,0,1,1,4088,-7388,0.42857142857142855
2021-06-22T00:00:00.000,22:00,40.72899,-74.00345,0,0,0,0,4072,-7400,0.32926829268292684
2021-06-22T00:00:00.000,16:00,40.570465,-74.10977,0,0,0,0,4057,-7410,0.3877551020408163
2021-06-22T00:00:00.000,11:00,40.635895,-74.01631,0,0,0,0,4063,-7401,0.37777777777777777
2021-06-13T00:00:00.000,11:50,40.80086,-73.95291,0,0,0,0,4080,-7395,0.381294964028777
2021-06-22T00:00:00.000,14:00,40.69802,-73.97499,1,0,1,1,4069,-7397,0.3253012048192771
2021-06-22T00:00:00.000,23:53,40.777504,-73.954956,3,0,1,1,4077,-7395,0.3384615384615385
2021-06-22T00:00:00.000,22:05,40.821198,-73.86595,0,0,0,0,4082,-7386,0.3493975903614458
2021-06-22T00:00:00.000,19:55,40.63787,-73.90963,1,0,1,1,4063,-7390,0.3561643835616438
2021-06-22T00:00:00.000,16:47,40.650528,-73.95583,1,0,1,1,4065,-7395,0.38686131386861317
2021-06-21T00:00:00.000,17:50,40.830154,-73.93964,0,0,0,0,4083,-7393,0.3333333333333333
2021-06-22T00:00:00.000,12:30,40.714485,-73.77619,1,0,1,1,4071,-7377,0.20967741935483872
2021-06-22T00:00:00.000,16:59,40.592514,-73.95231,0,0,0,0,4059,-7395,0.3181818181818182
2021-06-20T00:00:00.000,3:00,40.716293,-73.99632,0,0,0,0,4071,-7399,0.3263157894736842
2021-06-20T00:00:00.000,15:20,40.706448,-74.01277,0,0,0,0,4070,-7401,0.140625
2021-06-22T00:00:00.000,22:20,40.758972,-73.91901,1,0,1,1,4075,-7391,0.4777777777777778
2021-06-21T00:00:00.000,13:50,40.679073,-73.92527,1,0,1,1,4067,-7392,0.39655172413793105
2021-06-06T00:00:00.000,21:18,40.633865,-73.919815,0,0,0,0,4063,-7391,0.5
2021-06-22T00:00:00.000,14:05,40.645504,-73.955086,1,0,1,1,4064,-7395,0.4796747967479675
2021-06-22T00:00:00.000,17:48,40.728065,-73.99896,3,0,1,1,4072,-7399,0.3829787234042553
2021-06-22T00:00:00.000,14:30,40.68017,-73.93151,0,0,0,0,4068,-7393,0.3619047619047619
2021-06-22T00:00:00.000,17:29,40.80084,-73.94906,0,0,0,0,4080,-7394,0.41116751269035534
2021-06-22T00:00:00.000,7:13,40.885952,-73.8279,0,0,0,0,4088,-7382,0.2765957446808511
2021-06-17T00:00:00.000,22:30,40.754066,-73.915276,0,0,0,0,4075,-7391,0.4777777777777778
2021-06-22T00:00:00.000,21:31,40.68947,-73.96911,0,0,0,0,4068,-7396,0.42567567567567566
2021-06-22T00:00:00.000,22:05,40.677513,-73.85726,0,0,0,0,4067,-7385,0.26666666666666666
2021-06-21T00:00:00.000,10:53,40.671627,-73.96263,1,0,1,1,4067,-7396,0.3466666666666667
2021-06-19T00:00:00.000,1:05,40.861107,-73.89028,0,0,0,0,4086,-7389,0.40606060606060607
2021-06-17T00:00:00.000,16:30,40.79926,-73.95244,0,0,0,0,4079,-7395,0.42
2021-06-22T00:00:00.000,7:50,40.732826,-73.88381,0,0,0,0,4073,-7388,0.2777777777777778
2021-06-21T00:00:00.000,1:30,40.667847,-73.99404,0,0,0,0,4066,-7399,0.40540540540540543
2021-06-22T00:00:00.000,7:00,40.85352,-73.85272,0,0,0,0,4085,-7385,0.3125
2021-06-22T00:00:00.000,3:22,40.64366,-73.90067,0,0,0,0,4064,-7390,0.4017094017094017
2021-06-22T00:00:00.000,8:30,40.840664,-73.88152,0,0,0,0,4084,-7388,0.390625
2021-06-12T00:00:00.000,13:23,40.744152,-73.71742,0,0,0,0,4074,-7371,0.38095238095238093
2021-06-22T00:00:00.000,15:27,40.652855,-73.945915,1,0,1,1,4065,-7394,0.43137254901960786
2021-06-20T00:00:00.000,22:15,40.525745,-74.22751,0,0,0,0,4052,-7422,0.125
2021-06-11T00:00:00.000,5:40,40.81894,-73.886986,0,0,0,0,4081,-7388,0.25471698113207547
2021-06-22T00:00:00.000,19:35,40.629467,-74.112434,1,0,1,1,4062,-7411,0.5238095238095238
2021-06-22T00:00:00.000,20:00,40.789017,-73.81865,1,0,1,1,4078,-7381,0.22580645161290322
2021-06-22T00:00:00.000,19:10,40.57655,-73.966385,1,0,1,1,4057,-7396,0.3191489361702128
2021-06-15T00:00:00.000,14:15,0.0,0.0,1,0,1,1,0,0,0.40425531914893614
2021-06-22T00:00:00.000,2:27,40.837654,-73.89997,1,0,1,1,4083,-7389,0.3333333333333333
2021-06-15T00:00:00.000,11:21,40.561077,-74.16984,1,0,1,1,4056,-7416,0.35
2021-06-16T00:00:00.000,18:40,40.82386,-73.89824,1,0,1,1,4082,-7389,0.37423312883435583
2021-06-22T00:00:00.000,19:21,40.61834,-74.03018,1,0,1,1,4061,-7403,0.2777777777777778
2021-06-22T00:00:00.000,10:00,40.597572,-73.93844,0,0,0,0,4059,-7393,0.47058823529411764
2021-06-19T00:00:00.000,13:00,40.714314,-73.77688,0,0,0,0,4071,-7377,0.20967741935483872
2021-06-12T00:00:00.000,20:50,40.70543,-73.9181,0,0,0,0,4070,-7391,0.27450980392156865
2021-06-20T00:00:00.000,10:32,40.50773,-74.230064,1,0,1,1,4050,-7423,0.4
2021-06-22T00:00:00.000,4:27,40.66795,-73.876076,0,0,0,0,4066,-7387,0.38461538461538464
2021-06-10T00:00:00.000,18:00,40.801205,-73.95256,0,0,0,0,4080,-7395,0.381294964028777
2021-06-22T00:00:00.000,8:21,40.64664,-73.9246,2,0,1,1,4064,-7392,0.4077669902912621
2021-06-22T00:00:00.000,16:51,40.803677,-73.92209,3,0,1,1,4080,-7392,0.3141025641025641
2021-06-20T00:00:00.000,19:00,40.751034,-73.87053,0,0,0,0,4075,-7387,0.33884297520661155
2021-06-22T00:00:00.000,21:10,40.66876,-73.75669,0,0,0,0,4066,-7375,0.3
2021-06-22T00:00:00.000,17:04,40.7025,-73.91633,2,0,1,1,4070,-7391,0.27450980392156865
2021-06-22T00:00:00.000,15:44,40.685654,-73.828636,1,0,1,1,4068,-7382,0.41975308641975306
2021-06-22T00:00:00.000,10:05,40.68096,-73.93765,0,0,0,0,4068,-7393,0.3619047619047619
2021-06-22T00:00:00.000,5:00,40.66149,-73.95182,0,0,0,0,4066,-7395,0.44375
2021-06-22T00:00:00.000,14:35,40.81119,-73.95044,0,0,0,0,4081,-7395,0.3509933774834437
2021-06-22T00:00:00.000,12:31,40.893715,-73.85842,1,0,1,1,4089,-7385,0.3813559322033898
2021-06-22T00:00:00.000,13:25,40.81179,-73.93625,0,0,0,0,4081,-7393,0.32432432432432434
2021-06-22T00:00:00.000,11:00,40.82256,-73.88755,0,0,0,0,4082,-7388,0.27624309392265195
2021-06-22T00:00:00.000,11:00,40.74906,-73.89083,0,0,0,0,4074,-7389,0.3203125
2021-06-22T00:00:00.000,15:00,40.564384,-74.13186,0,0,0,0,4056,-7413,0.46153846153846156
2021-06-16T00:00:00.000,14:20,40.754604,-73.89453,1,0,1,1,4075,-7389,0.4805194805194805
2021-06-16T00:00:00.000,17:10,40.71582,-73.81759,4,0,1,1,4071,-7381,0.3448275862068966
2021-06-22T00:00:00.000,10:00,40.59287,-73.99607,0,0,0,0,4059,-7399,0.3076923076923077
2021-06-22T00:00:00.000,13:45,40.832386,-73.86457,1,0,1,1,4083,-7386,0.24822695035460993
2021-06-22T00:00:00.000,11:06,40.62095,-73.9555,0,0,0,0,4062,-7395,0.4444444444444444
2021-06-22T00:00:00.000,17:30,40.689373,-73.7937,0,0,0,0,4068,-7379,0.35
2021-06-21T00:00:00.000,16:45,40.50877,-74.222626,1,0,1,1,4050,-7422,1.0
2021-06-07T00:00:00.000,22:10,40.802467,-73.958694,0,0,0,0,4080,-7395,0.381294964028777
2022-01-06T00:00:00.000,7:00,40.673782,-73.87405,1,0,1,1,4067,-7387,0.30344827586206896
2021-06-22T00:00:00.000,11:40,40.666233,-73.761,0,0,0,0,4066,-7376,0.30434782608695654
2021-06-22T00:00:00.000,14:30,40.86558,-73.89888,0,0,0,0,4086,-7389,0.40606060606060607
2021-06-20T00:00:00.000,1:10,40.767242,-73.986206,0,0,0,0,4076,-7398,0.3081761006289308
2021-06-21T00:00:00.000,10:26,40.66173,-73.96078,1,0,1,1,4066,-7396,0.4074074074074074
2021-06-20T00:00:00.000,20:35,40.692123,-73.75541,0,0,0,0,4069,-7375,0.3584905660377358
2021-06-20T00:00:00.000,18:47,40.6802,-73.953285,1,0,1,1,4068,-7395,0.38571428571428573
2021-06-21T00:00:00.000,11:00,40.73272,-74.00462,0,0,0,0,4073,-7400,0.2403846153846154
2021-06-22T00:00:00.000,22:00,40.712414,-73.76262,0,0,0,0,4071,-7376,0.37142857142857144
2021-06-21T00:00:00.000,16:00,40.833477,-73.94348,0,0,0,0,4083,-7394,0.38926174496644295
2021-06-22T00:00:00.000,17:19,40.752434,-73.74126,1,0,1,1,4075,-7374,0.3333333333333333
2021-06-22T00:00:00.000,15:00,40.61054,-74.103455,1,0,1,1,4061,-7410,0.6363636363636364
2021-06-22T00:00:00.000,18:30,40.902836,-73.85329,1,0,1,1,4090,-7385,0.42105263157894735
2021-06-22T00:00:00.000,15:30,40.76975,-73.96061,1,0,1,1,4076,-7396,0.3023255813953488
2021-06-22T00:00:00.000,13:20,40.726814,-73.95355,0,0,0,0,4072,-7395,0.22093023255813954
2021-06-17T00:00:00.000,15:55,40.800552,-73.958206,1,0,1,1,4080,-7395,0.381294964028777
2021-06-22T00:00:00.000,9:45,40.59011,-73.97422,0,0,0,0,4059,-7397,0.3191489361702128
2021-06-21T00:00:00.000,0:00,40.695705,-73.94637,1,0,1,1,4069,-7394,0.417910447761194
2021-06-22T00:00:00.000,16:52,40.617462,-74.01039,1,0,1,1,4061,-7401,0.2972972972972973
2021-06-21T00:00:00.000,4:55,40.76296,-73.884834,0,0,0,0,4076,-7388,0.43283582089552236
2021-06-20T00:00:00.000,3:10,40.841293,-73.8828,1,0,1,1,4084,-7388,0.390625
2021-06-22T00:00:00.000,0:00,40.724285,-73.9756,2,0,1,1,4072,-7397,0.3283582089552239
2021-06-22T00:00:00.000,23:00,40.772507,-73.809944,0,0,0,0,4077,-7380,0.25
2021-06-22T00:00:00.000,19:30,40.57987,-73.95667,0,0,0,0,4057,-7395,0.47368421052631576
2021-06-22T00:00:00.000,3:45,40.708595,-73.7969,0,0,0,0,4070,-7379,0.3978494623655914
2021-06-22T00:00:00.000,6:30,40.67807,-73.94139,0,0,0,0,4067,-7394,0.34074074074074073
2021-06-22T00:00:00.000,17:05,40.625343,-74.03617,1,0,1,1,4062,-7403,0.15
2021-06-22T00:00:00.000,12:15,40.57587,-73.95948,1,0,1,1,4057,-7395,0.47368421052631576
2021-06-21T00:00:00.000,7:05,40.765224,-73.92275,1,0,1,1,4076,-7392,0.42105263157894735
2021-06-22T00:00:00.000,14:30,40.733536,-73.87035,2,0,1,1,4073,-7387,0.3140495867768595
2021-06-08T00:00:00.000,14:16,40.80014,-73.95319,1,0,1,1,4080,-7395,0.381294964028777
2021-06-22T00:00:00.000,0:30,40.807213,-73.92841,0,0,0,0,4080,-7392,0.3141025641025641
2021-06-22T00:00:00.000,21:45,40.87965,-73.84236,0,0,0,0,4087,-7384,0.47297297297297297
2021-06-19T00:00:00.000,19:10,40.587315,-74.15494,0,0,0,0,4058,-7415,0.42857142857142855
2021-06-22T00:00:00.000,18:59,40.75455,-73.96252,2,0,1,1,4075,-7396,0.4788732394366197
2021-06-21T00:00:00.000,15:01,40.706554,-73.95832,1,0,1,1,4070,-7395,0.3475177304964539
2021-06-22T00:00:00.000,17:02,40.681126,-73.96446,0,0,0,0,4068,-7396,0.42567567567567566
2021-06-22T00:00:00.000,0:30,40.54638,-74.14727,0,0,0,0,4054,-7414,0.2631578947368421
2021-06-22T00:00:00.000,14:47,40.62893,-73.971375,0,0,0,0,4062,-7397,0.38666666666666666
2021-06-22T00:00:00.000,17:00,40.604046,-73.756996,1,0,1,1,4060,-7375,0.17117117117117117
2021-06-21T00:00:00.000,5:50,40.889217,-73.866875,1,0,1,1,4088,-7386,0.23809523809523808
2021-06-22T00:00:00.000,19:50,40.58729,-73.81317,0,0,0,0,4058,-7381,0.1875
2021-06-14T00:00:00.000,5:30,40.676792,-73.737946,1,0,1,1,4067,-7373,0.46835443037974683
2021-06-22T00:00:00.000,13:19,40.665474,-73.74751,0,0,0,0,4066,-7374,0.3698630136986301
2021-06-22T00:00:00.000,17:15,40.70854,-73.927414,0,0,0,0,4070,-7392,0.24305555555555555
2021-06-16T00:00:00.000,17:00,40.748245,-73.976295,1,0,1,1,4074,-7397,0.4810810810810811
2021-06-22T00:00:00.000,12:00,40.66544,-73.83519,0,0,0,0,4066,-7383,0.5
2021-06-22T00:00:00.000,19:39,40.635426,-73.92474,0,0,0,0,4063,-7392,0.4036697247706422
2021-06-22T00:00:00.000,16:29,40.60166,-73.94214,1,0,1,1,4060,-7394,0.5217391304347826
2021-06-08T00:00:00.000,16:10,40.78917,-73.95275,1,0,1,1,4078,-7395,0.42168674698795183
2021-06-22T00:00:00.000,9:30,40.6009,-73.937546,0,0,0,0,4060,-7393,0.4117647058823529
2021-06-22T00:00:00.000,11:20,40.791855,-73.850746,1,0,1,1,4079,-7385,1.0
2021-06-22T00:00:00.000,22:35,40.82319,-73.889496,2,0,1,1,4082,-7388,0.27624309392265195
2021-06-12T00:00:00.000,21:36,40.614803,-73.94458,2,0,1,1,4061,-7394,0.48484848484848486
2021-06-22T00:00:00.000,14:32,40.65152,-73.909454,2,0,1,1,4065,-7390,0.375
2021-06-22T00:00:00.000,18:47,40.634506,-73.949455,0,0,0,0,4063,-7394,0.358974358974359
2021-06-21T00:00:00.000,11:35,40.71766,-73.99223,1,0,1,1,4071,-7399,0.3263157894736842
2021-06-22T00:00:00.000,15:30,40.80602,-73.954216,1,0,1,1,4080,-7395,0.381294964028777
2021-06-22T00:00:00.000,12:15,40.878643,-73.871605,0,0,0,0,4087,-7387,0.297029702970297
2021-06-22T00:00:00.000,17:20,40.709007,-73.75686,1,0,1,1,4070,-7375,0.4117647058823529
2021-06-22T00:00:00.000,0:30,40.7847,-73.83854,0,0,0,0,4078,-7383,0.2727272727272727
2021-06-22T00:00:00.000,11:20,40.70022,-73.96219,1,0,1,1,4070,-7396,0.3431372549019608
2021-06-08T00:00:00.000,15:00,40.62738,-74.08085,0,0,0,0,4062,-7408,0.2
2021-06-22T00:00:00.000,16:41,40.83995,-73.87682,0,0,0,0,4083,-7387,0.38414634146341464
2021-06-22T00:00:00.000,13:15,40.70569,-73.806145,1,0,1,1,4070,-7380,0.3877551020408163
2020-06-23T00:00:00.000,17:44,40.74206,-73.82453,0,0,0,0,4074,-7382,0.4057971014492754
2021-06-17T00:00:00.000,17:28,40.7563,-73.92007,1,0,1,1,4075,-7392,0.48148148148148145
2021-06-22T00:00:00.000,19:58,40.74515,-73.71922,0,0,0,0,4074,-7371,0.38095238095238093
2021-06-22T00:00:00.000,6:31,40.810734,-73.88838,0,0,0,0,4081,-7388,0.25471698113207547
2021-06-22T00:00:00.000,7:40,40.683453,-73.9883,2,0,1,1,4068,-7398,0.3873239436619718
2021-06-22T00:00:00.000,13:00,40.780224,-73.80255,1,0,1,1,4078,-7380,0.30434782608695654
2021-06-22T00:00:00.000,6:20,40.806164,-73.909134,2,0,1,1,4080,-7390,0.36538461538461536
2021-06-21T00:00:00.000,17:05,40.771515,-73.93128,0,0,0,0,4077,-7393,0.20833333333333334
2021-06-21T00:00:00.000,0:00,40.71234,-73.788605,1,0,1,1,4071,-7378,0.32653061224489793
2021-06-22T00:00:00.000,23:22,40.63029,-73.974335,0,0,0,0,4063,-7397,0.36893203883495146
2021-06-15T00:00:00.000,13:30,40.552135,-74.2121,0,0,0,0,4055,-7421,0.16666666666666666
2021-06-22T00:00:00.000,14:31,40.634617,-74.02353,0,0,0,0,4063,-7402,0.3877551020408163
2021-06-09T00:00:00.000,0:01,40.79867,-73.95347,1,0,1,1,4079,-7395,0.42
2021-06-21T00:00:00.000,21:15,40.73305,-74.01014,0,0,0,0,4073,-7401,0.42857142857142855
2021-06-22T00:00:00.000,15:00,40.57437,-74.10584,1,0,1,1,4057,-7410,0.3877551020408163
2021-06-22T00:00:00.000,16:25,40.867878,-73.893005,1,0,1,1,4086,-7389,0.40606060606060607
2021-06-22T00:00:00.000,16:44,40.65764,-73.94162,0,0,0,0,4065,-7394,0.43137254901960786
2021-06-22T00:00:00.000,17:55,40.801754,-73.93121,1,0,1,1,4080,-7393,0.36312849162011174
2021-06-21T00:00:00.000,18:40,40.701332,-73.92684,1,0,1,1,4070,-7392,0.24305555555555555
2021-05-29T00:00:00.000,16:39,40.668518,-73.96196,0,0,0,0,4066,-7396,0.4074074074074074
2021-06-22T00:00:00.000,22:20,40.879383,-73.86007,0,0,0,0,4087,-7386,0.3142857142857143
2021-06-21T00:00:00.000,6:20,40.843735,-73.895905,2,0,1,1,4084,-7389,0.33766233766233766
2021-06-22T00:00:00.000,14:25,40.673008,-73.78809,0,0,0,0,4067,-7378,0.2
2021-06-22T00:00:00.000,17:30,40.83801,-73.87329,1,0,1,1,4083,-7387,0.38414634146341464
2021-06-10T00:00:00.000,15:30,40.807102,-73.95381,0,0,0,0,4080,-7395,0.381294964028777
2021-06-21T00:00:00.000,10:37,40.801384,-73.95388,0,0,0,0,4080,-7395,0.381294964028777
2021-06-22T00:00:00.000,15:15,40.81838,-73.94699,2,0,1,1,4081,-7394,0.38
2021-06-19T00:00:00.000,0:00,40.841293,-73.8828,1,0,1,1,4084,-7388,0.390625
2022-07-03T00:00:00.000,13:08,40.895374,-73.86356,1,0,1,1,4089,-7386,0.28205128205128205
2022-07-03T00:00:00.000,3:45,40.736828,-73.98418,0,0,0,0,4073,-7398,0.36942675159235666
2021-06-22T00:00:00.000,15:20,40.76552,-73.98004,0,0,0,0,4076,-7398,0.3081761006289308
2021-06-21T00:00:00.000,15:08,40.66677,-73.98831,1,0,1,1,4066,-7398,0.421875
2021-06-21T00:00:00.000,6:52,40.65738,-73.945984,1,0,1,1,4065,-7394,0.43137254901960786
2021-06-22T00:00:00.000,14:40,40.68324,-73.9439,0,0,0,0,4068,-7394,0.4409448818897638
2021-06-21T00:00:00.000,10:38,40.682915,-73.94674,2,0,1,1,4068,-7394,0.4409448818897638
2021-06-22T00:00:00.000,19:50,40.686375,-73.94931,0,0,0,0,4068,-7394,0.4409448818897638
2021-06-22T00:00:00.000,0:00,40.81361,-73.913345,0,0,0,0,4081,-7391,0.47244094488188976
2021-06-13T00:00:00.000,21:00,40.76948,-73.931046,0,0,0,0,4076,-7393,0.44680851063829785
2021-06-11T00:00:00.000,12:15,40.801403,-73.95814,0,0,0,0,4080,-7395,0.381294964028777
2021-06-22T00:00:00.000,15:20,40.65612,-73.9386,0,0,0,0,4065,-7393,0.44366197183098594
2021-06-22T00:00:00.000,11:00,40.696053,-73.978935,0,0,0,0,4069,-7397,0.3253012048192771
2021-06-22T00:00:00.000,15:25,40.871315,-73.860374,1,0,1,1,4087,-7386,0.3142857142857143
2021-06-22T00:00:00.000,17:00,40.637756,-74.00721,0,0,0,0,4063,-7400,0.3068181818181818
2021-06-18T00:00:00.000,20:00,40.800392,-73.95461,0,0,0,0,4080,-7395,0.381294964028777
2021-06-22T00:00:00.000,15:00,40.62615,-74.15741,0,0,0,0,4062,-7415,0.37037037037037035
2021-06-22T00:00:00.000,18:00,40.72584,-74.00757,0,0,0,0,4072,-7400,0.32926829268292684
2021-06-22T00:00:00.000,7:30,40.57741,-73.96237,0,0,0,0,4057,-7396,0.3191489361702128
2021-06-13T00:00:00.000,17:30,40.69406,-73.74953,0,0,0,0,4069,-7374,0.46774193548387094
2021-06-22T00:00:00.000,0:01,40.84377,-73.88956,0,0,0,0,4084,-7388,0.390625
2021-06-22T00:00:00.000,12:59,40.70612,-73.799835,0,0,0,0,4070,-7379,0.3978494623655914
2021-06-22T00:00:00.000,15:20,40.666077,-73.995224,0,0,0,0,4066,-7399,0.40540540540540543
2021-06-21T00:00:00.000,17:14,40.745724,-73.97813,1,0,1,1,4074,-7397,0.4810810810810811
2021-06-22T00:00:00.000,8:45,40.671463,-73.97881,0,0,0,0,4067,-7397,0.2818181818181818
2021-06-17T00:00:00.000,14:43,40.709095,-73.99622,0,0,0,0,4070,-7399,0.21052631578947367
2021-06-22T00:00:00.000,5:12,40.776062,-73.90876,0,0,0,0,4077,-7390,0.3404255319148936
2021-06-22T00:00:00.000,14:50,40.59752,-73.941345,0,0,0,0,4059,-7394,0.275
2021-06-22T00:00:00.000,23:06,40.71665,-73.94474,0,0,0,0,4071,-7394,0.3710691823899371
2021-06-14T00:00:00.000,7:15,40.707233,-73.7865,0,0,0,0,4070,-7378,0.34523809523809523
2021-06-22T00:00:00.000,14:25,40.6411,-73.90463,1,0,1,1,4064,-7390,0.4017094017094017
2021-06-22T00:00:00.000,17:30,40.5595,-74.1667,0,0,0,0,4055,-7416,0.5416666666666666
2021-06-22T00:00:00.000,17:17,40.748363,-73.98041,1,0,1,1,4074,-7398,0.40131578947368424
2021-06-22T00:00:00.000,16:50,40.681,-73.97443,0,0,0,0,4068,-7397,0.3412322274881517
2021-06-22T00:00:00.000,19:22,40.679832,-73.8516,0,0,0,0,4067,-7385,0.26666666666666666
2021-06-22T00:00:00.000,11:40,40.837124,-73.909645,1,0,1,1,4083,-7390,0.3064516129032258
2021-06-21T00:00:00.000,8:45,40.69822,-73.984955,0,0,0,0,4069,-7398,0.3229166666666667
2021-06-22T00:00:00.000,9:43,40.62143,-74.02299,0,0,0,0,4062,-7402,0.3625
2021-06-22T00:00:00.000,7:50,40.58902,-74.13867,1,0,1,1,4058,-7413,0.6363636363636364
2021-06-21T00:00:00.000,1:30,40.608505,-74.133125,0,0,0,0,4060,-7413,0.41935483870967744
2021-06-22T00:00:00.000,11:30,40.668102,-73.980576,1,0,1,1,4066,-7398,0.421875
2021-06-22T00:00:00.000,9:00,40.765686,-73.82913,0,0,0,0,4076,-7382,0.2987012987012987
2021-06-22T00:00:00.000,12:00,40.62025,-74.03237,0,0,0,0,4062,-7403,0.15
2021-06-22T00:00:00.000,13:00,40.621162,-74.037895,0,0,0,0,4062,-7403,0.15
2021-06-21T00:00:00.000,14:16,40.6323,-74.077126,4,0,1,1,4063,-7407,0.4444444444444444
2021-06-22T00:00:00.000,8:40,40.755486,-73.82472,0,0,0,0,4075,-7382,0.4915254237288136
2021-06-19T00:00:00.000,19:00,40.80066,-73.9544,0,0,0,0,4080,-7395,0.381294964028777
2021-06-21T00:00:00.000,18:01,40.76862,-73.911156,1,0,1,1,4076,-7391,0.40476190476190477
2021-06-22T00:00:00.000,13:55,40.717648,-73.98868,0,0,0,0,4071,-7398,0.39568345323741005
2021-06-22T00:00:00.000,19:58,40.69787,-73.743034,1,0,1,1,4069,-7374,0.46774193548387094
2021-06-22T00:00:00.000,15:15,40.62435,-74.13927,0,0,0,0,4062,-7413,0.4074074074074074
2021-06-06T00:00:00.000,23:15,40.642586,-73.998604,0,0,0,0,4064,-7399,0.3442622950819672
2021-06-22T00:00:00.000,22:25,40.678173,-73.85749,0,0,0,0,4067,-7385,0.26666666666666666
2021-06-21T00:00:00.000,16:10,40.74425,-73.7334,0,0,0,0,4074,-7373,0.4
2021-06-22T00:00:00.000,14:10,40.56169,-74.124626,0,0,0,0,4056,-7412,0.2222222222222222
2021-06-20T00:00:00.000,8:52,40.771667,-73.9867,0,0,0,0,4077,-7398,0.38028169014084506
2021-06-22T00:00:00.000,10:40,40.68753,-73.78495,3,0,1,1,4068,-7378,0.3384615384615385
2021-06-16T00:00:00.000,1:33,40.802532,-73.95303,2,0,1,1,4080,-7395,0.381294964028777
2021-06-22T00:00:00.000,15:00,40.750942,-74.00598,0,0,0,0,4075,-7400,0.3888888888888889
2021-06-22T00:00:00.000,6:25,40.746002,-73.99427,1,0,1,1,4074,-7399,0.3333333333333333
2021-06-22T00:00:00.000,15:25,40.80543,-73.92087,0,0,0,0,4080,-7392,0.3141025641025641
2021-06-22T00:00:00.000,12:30,40.75896,-73.82985,1,0,1,1,4075,-7382,0.4915254237288136
2021-06-22T00:00:00.000,17:00,40.883575,-73.86281,0,0,0,0,4088,-7386,0.23809523809523808
2021-06-22T00:00:00.000,12:29,40.878643,-73.871605,0,0,0,0,4087,-7387,0.297029702970297
2021-06-22T00:00:00.000,7:00,40.707752,-74.01171,0,0,0,0,4070,-7401,0.140625
2021-06-22T00:00:00.000,14:14,40.622574,-74.03142,2,0,1,1,4062,-7403,0.15
2021-06-22T00:00:00.000,13:13,40.859303,-73.89884,0,0,0,0,4085,-7389,0.3353658536585366
2021-06-22T00:00:00.000,15:45,40.63021,-73.93294,0,0,0,0,4063,-7393,0.46153846153846156
2022-01-07T00:00:00.000,11:40,40.65354,-73.91019,0,0,0,0,4065,-7391,0.425
2021-06-09T00:00:00.000,19:45,40.80322,-73.95253,0,0,0,0,4080,-7395,0.381294964028777
2022-01-06T00:00:00.000,20:40,40.7161,-73.79646,0,0,0,0,4071,-7379,0.3888888888888889
2021-06-22T00:00:00.000,19:49,40.63459,-73.93825,1,0,1,1,4063,-7393,0.46153846153846156
2021-06-22T00:00:00.000,16:48,40.708694,-73.92071,1,0,1,1,4070,-7392,0.24305555555555555
2021-06-22T00:00:00.000,12:09,40.690975,-73.753815,0,0,0,0,4069,-7375,0.3584905660377358
2021-06-22T00:00:00.000,10:00,40.769096,-73.92472,1,0,1,1,4076,-7392,0.42105263157894735
2021-06-22T00:00:00.000,7:00,40.69051,-73.97872,0,0,0,0,4069,-7397,0.3253012048192771
2021-06-22T00:00:00.000,18:37,40.638268,-74.0788,0,0,0,0,4063,-7407,0.4444444444444444
2021-06-22T00:00:00.000,14:50,40.79147,-73.97411,0,0,0,0,4079,-7397,0.24210526315789474
2021-06-22T00:00:00.000,16:20,40.734604,-73.70828,0,0,0,0,4073,-7370,0.23529411764705882
2021-06-22T00:00:00.000,13:30,40.867958,-73.887695,1,0,1,1,4086,-7388,0.23943661971830985
2021-06-22T00:00:00.000,11:30,40.66484,-73.82229,2,0,1,1,4066,-7382,0.43103448275862066
2021-06-22T00:00:00.000,15:30,40.737156,-73.87941,1,0,1,1,4073,-7387,0.3140495867768595
2021-06-20T00:00:00.000,8:20,40.83696,-73.93818,0,0,0,0,4083,-7393,0.3333333333333333
2021-06-22T00:00:00.000,11:10,40.830563,-73.92727,1,0,1,1,4083,-7392,0.310126582278481
2021-06-22T00:00:00.000,8:05,40.865997,-73.89981,0,0,0,0,4086,-7389,0.40606060606060607
2021-06-16T00:00:00.000,9:00,40.78031,-73.98569,1,0,1,1,4078,-7398,0.42105263157894735
2021-06-22T00:00:00.000,12:34,40.69764,-73.92932,1,0,1,1,4069,-7392,0.3584905660377358
2021-06-19T00:00:00.000,19:35,40.722584,-74.00636,0,0,0,0,4072,-7400,0.32926829268292684
2021-06-22T00:00:00.000,9:50,40.744167,-73.889015,1,0,1,1,4074,-7388,0.2978723404255319
2021-03-27T00:00:00.000,2:00,40.754055,-73.99583,0,0,0,0,4075,-7399,0.2830188679245283
2021-06-18T00:00:00.000,15:00,40.804333,-73.95305,0,0,0,0,4080,-7395,0.381294964028777
2021-06-22T00:00:00.000,0:05,40.666138,-73.82422,0,0,0,0,4066,-7382,0.43103448275862066
2021-06-21T00:00:00.000,12:05,40.82319,-73.889496,0,0,0,0,4082,-7388,0.27624309392265195
2021-06-22T00:00:00.000,13:00,40.830048,-73.86983,0,0,0,0,4083,-7386,0.24822695035460993
2021-06-21T00:00:00.000,4:55,40.7084,-73.89801,0,0,0,0,4070,-7389,0.2711864406779661
2021-06-22T00:00:00.000,16:05,40.691826,-73.930824,2,0,1,1,4069,-7393,0.3141025641025641
2021-06-19T00:00:00.000,0:00,40.688995,-73.78581,1,0,1,1,4068,-7378,0.3384615384615385
2021-06-22T00:00:00.000,18:55,40.58466,-73.95086,0,0,0,0,4058,-7395,0.3465346534653465
2021-06-22T00:00:00.000,9:50,40.721504,-73.93844,0,0,0,0,4072,-7393,0.36507936507936506
2021-06-22T00:00:00.000,10:20,40.76588,-73.99464,0,0,0,0,4076,-7399,0.3275862068965517
2021-06-22T00:00:00.000,16:10,40.711117,-73.77603,0,0,0,0,4071,-7377,0.20967741935483872
2021-06-22T00:00:00.000,9:50,40.744453,-73.92983,3,0,1,1,4074,-7392,0.3709677419354839
2021-06-22T00:00:00.000,16:58,40.665825,-73.957466,1,0,1,1,4066,-7395,0.44375
2021-06-20T00:00:00.000,2:30,40.71957,-73.75394,0,0,0,0,4071,-7375,0.3269230769230769
2021-06-22T00:00:00.000,3:15,40.804066,-73.93117,1,0,1,1,4080,-7393,0.36312849162011174
2021-06-22T00:00:00.000,10:00,40.650288,-73.9978,0,0,0,0,4065,-7399,0.4117647058823529
2021-06-22T00:00:00.000,11:50,40.765545,-73.95471,0,0,0,0,4076,-7395,0.3696969696969697
2021-06-21T00:00:00.000,18:40,40.713642,-73.80694,1,0,1,1,4071,-7380,0.42105263157894735
2021-06-22T00:00:00.000,9:30,40.73195,-73.863434,0,0,0,0,4073,-7386,0.3464566929133858
2021-06-22T00:00:00.000,10:30,40.767494,-73.95933,0,0,0,0,4076,-7395,0.3696969696969697
2021-06-17T00:00:00.000,21:12,40.802917,-73.94969,0,0,0,0,4080,-7394,0.41116751269035534
2021-06-21T00:00:00.000,5:25,40.509205,-74.24639,0,0,0,0,4050,-7424,0.1
2021-02-22T00:00:00.000,15:38,40.667477,-73.95623,1,0,1,1,4066,-7395,0.44375
2021-06-18T00:00:00.000,14:16,40.59605,-74.14188,0,0,0,0,4059,-7414,0.6666666666666666
2021-06-22T00:00:00.000,11:19,40.70628,-74.01789,0,0,0,0,4070,-7401,0.140625
2021-06-22T00:00:00.000,22:50,40.698807,-73.91837,0,0,0,0,4069,-7391,0.2709677419354839
2021-06-22T00:00:00.000,23:00,40.79278,-73.94754,0,0,0,0,4079,-7394,0.3523809523809524
2021-06-21T00:00:00.000,14:30,40.843822,-73.892494,0,0,0,0,4084,-7389,0.33766233766233766
2021-06-21T00:00:00.000,2:00,40.822163,-73.94242,0,0,0,0,4082,-7394,0.3812154696132597
2021-06-18T00:00:00.000,15:00,40.51583,-74.233536,0,0,0,0,4051,-7423,0.0625
2021-06-22T00:00:00.000,16:35,40.7246,-73.93959,0,0,0,0,4072,-7393,0.36507936507936506
2022-01-02T00:00:00.000,11:44,40.785492,-73.984116,1,0,1,1,4078,-7398,0.42105263157894735
2022-01-05T00:00:00.000,22:23,40.641808,-73.99429,1,0,1,1,4064,-7399,0.3442622950819672
2022-01-07T00:00:00.000,8:17,40.746037,-73.71854,0,0,0,0,4074,-7371,0.38095238095238093
2022-01-07T00:00:00.000,19:49,40.68794,-73.789635,0,0,0,0,4068,-7378,0.3384615384615385
2022-01-06T00:00:00.000,15:20,40.686085,-73.982666,0,0,0,0,4068,-7398,0.3873239436619718
2022-01-07T00:00:00.000,15:00,40.855675,-73.85549,0,0,0,0,4085,-7385,0.3125
2022-01-05T00:00:00.000,7:20,40.63359,-74.15812,0,0,0,0,4063,-7415,0.3333333333333333
2022-01-06T00:00:00.000,16:13,40.857784,-73.83081,0,0,0,0,4085,-7383,0.25
2022-01-07T00:00:00.000,8:30,40.77526,-73.819664,0,0,0,0,4077,-7381,0.3157894736842105
2022-01-06T00:00:00.000,12:02,40.741478,-73.99147,0,0,0,0,4074,-7399,0.3333333333333333
2022-01-05T00:00:00.000,22:15,40.74206,-73.82453,1,0,1,1,4074,-7382,0.4057971014492754
2022-01-04T00:00:00.000,23:19,40.680267,-73.9747,0,0,0,0,4068,-7397,0.3412322274881517
2022-01-07T00:00:00.000,15:13,40.598553,-73.997345,1,0,1,1,4059,-7399,0.3076923076923077
2022-01-06T00:00:00.000,2:40,40.69789,-73.899376,1,0,1,1,4069,-7389,0.3709677419354839
2022-01-07T00:00:00.000,6:50,40.867767,-73.92593,0,0,0,0,4086,-7392,0.359375
2022-01-06T00:00:00.000,16:30,40.599922,-73.93985,0,0,0,0,4059,-7393,0.47058823529411764
2022-01-06T00:00:00.000,12:37,40.865364,-73.92439,1,0,1,1,4086,-7392,0.359375
2022-01-03T00:00:00.000,12:00,40.654984,-74.00711,0,0,0,0,4065,-7400,0.41509433962264153
2022-01-06T00:00:00.000,16:15,40.727287,-74.00064,0,0,0,0,4072,-7400,0.32926829268292684
2022-01-02T00:00:00.000,19:50,40.69603,-73.943535,0,0,0,0,4069,-7394,0.417910447761194
2022-01-01T00:00:00.000,17:30,40.838947,-73.916435,0,0,0,0,4083,-7391,0.33714285714285713
2022-01-06T00:00:00.000,8:15,40.82066,-73.887825,0,0,0,0,4082,-7388,0.27624309392265195
2022-01-05T00:00:00.000,15:30,40.676743,-73.93316,0,0,0,0,4067,-7393,0.3755868544600939
2022-01-05T00:00:00.000,11:15,40.689224,-73.99894,1,0,1,1,4068,-7399,0.17857142857142858
2022-01-05T00:00:00.000,14:00,40.744625,-73.88122,0,0,0,0,4074,-7388,0.2978723404255319
2022-01-07T00:00:00.000,7:00,40.70967,-73.77404,0,0,0,0,4070,-7377,0.2413793103448276
2022-01-06T00:00:00.000,15:00,40.582977,-73.98042,1,0,1,1,4058,-7398,0.4
2022-01-07T00:00:00.000,4:35,40.640263,-74.08799,0,0,0,0,4064,-7408,0.2894736842105263
2022-01-07T00:00:00.000,17:40,40.718555,-73.988205,0,0,0,0,4071,-7398,0.39568345323741005
2021-12-09T00:00:00.000,22:15,40.731018,-73.985916,1,0,1,1,4073,-7398,0.36942675159235666
2022-01-06T00:00:00.000,18:10,40.814934,-73.91496,1,0,1,1,4081,-7391,0.47244094488188976
2022-01-07T00:00:00.000,7:20,40.789253,-73.85182,0,0,0,0,4078,-7385,0.0
2022-01-05T00:00:00.000,12:50,40.83406,-73.944885,1,0,1,1,4083,-7394,0.38926174496644295
2022-01-06T00:00:00.000,9:00,40.631542,-74.14891,0,0,0,0,4063,-7414,0.5769230769230769
2022-01-05T00:00:00.000,9:05,40.702374,-73.87544,1,0,1,1,4070,-7387,0.24324324324324326
2022-01-06T00:00:00.000,21:55,40.624073,-73.94928,1,0,1,1,4062,-7394,0.41379310344827586
2022-01-05T00:00:00.000,12:05,40.838844,-73.87817,0,0,0,0,4083,-7387,0.38414634146341464
2022-01-07T00:00:00.000,11:20,40.752064,-73.97351,0,0,0,0,4075,-7397,0.375886524822695
2022-01-07T00:00:00.000,20:10,40.897144,-73.88029,1,0,1,1,4089,-7388,0.5
2022-01-06T00:00:00.000,17:00,40.734375,-73.87342,1,0,1,1,4073,-7387,0.3140495867768595
2022-01-05T00:00:00.000,12:00,40.720074,-73.988365,1,0,1,1,4072,-7398,0.4342105263157895
2022-01-05T00:00:00.000,10:33,40.650482,-74.01168,0,0,0,0,4065,-7401,0.43478260869565216
2022-01-05T00:00:00.000,12:00,40.72028,-73.86548,1,0,1,1,4072,-7386,0.42424242424242425
2022-01-06T00:00:00.000,2:34,40.86065,-73.91966,0,0,0,0,4086,-7391,0.38016528925619836
2022-01-06T00:00:00.000,13:50,40.70479,-73.961876,1,0,1,1,4070,-7396,0.3431372549019608
2022-01-05T00:00:00.000,20:11,40.686398,-73.84719,0,0,0,0,4068,-7384,0.3333333333333333
2022-01-06T00:00:00.000,14:50,40.58124,-74.09845,0,0,0,0,4058,-7409,0.15625
2022-01-05T00:00:00.000,6:10,40.5119,-74.24963,0,0,0,0,4051,-7424,0.21428571428571427
2022-01-06T00:00:00.000,20:10,40.755833,-73.92816,1,0,1,1,4075,-7392,0.48148148148148145
2022-01-01T00:00:00.000,10:57,40.681644,-73.91205,0,0,0,0,4068,-7391,0.344
2022-01-07T00:00:00.000,8:50,40.690266,-73.74287,3,0,1,1,4069,-7374,0.46774193548387094
2022-01-05T00:00:00.000,23:50,40.891838,-73.86275,0,0,0,0,4089,-7386,0.28205128205128205
2021-12-28T00:00:00.000,1:54,40.68577,-73.920616,0,0,0,0,4068,-7392,0.2542372881355932
2022-01-04T00:00:00.000,11:45,40.670887,-73.76078,0,0,0,0,4067,-7376,0.23076923076923078
2021-12-31T00:00:00.000,9:00,40.769684,-73.82165,0,0,0,0,4076,-7382,0.2987012987012987
2022-01-07T00:00:00.000,12:18,40.640697,-73.975685,0,0,0,0,4064,-7397,0.4095238095238095
2022-01-07T00:00:00.000,11:00,40.74355,-73.958405,0,0,0,0,4074,-7395,0.35185185185185186
2022-01-06T00:00:00.000,19:18,40.73503,-73.97974,0,0,0,0,4073,-7397,0.32558139534883723
2021-01-07T00:00:00.000,15:25,40.753925,-73.99761,0,0,0,0,4075,-7399,0.2830188679245283
2022-01-06T00:00:00.000,14:50,40.827675,-73.8409,0,0,0,0,4082,-7384,0.3835616438356164
2021-12-24T00:00:00.000,19:05,40.725773,-73.9948,0,0,0,0,4072,-7399,0.3829787234042553
2022-01-07T00:00:00.000,22:00,40.850643,-73.93737,0,0,0,0,4085,-7393,0.36585365853658536
2022-01-07T00:00:00.000,17:30,40.88619,-73.857994,1,0,1,1,4088,-7385,0.36619718309859156
2022-01-07T00:00:00.000,1:20,40.766155,-73.89226,0,0,0,0,4076,-7389,0.35185185185185186
2022-01-07T00:00:00.000,16:00,40.704876,-73.95571,1,0,1,1,4070,-7395,0.3475177304964539
2022-01-07T00:00:00.000,15:00,40.838192,-73.91228,0,0,0,0,4083,-7391,0.33714285714285713
2022-01-06T00:00:00.000,15:42,40.709007,-73.832634,0,0,0,0,4070,-7383,0.3541666666666667
2022-01-05T00:00:00.000,18:50,40.666294,-73.89445,2,0,1,1,4066,-7389,0.3103448275862069
2022-01-05T00:00:00.000,7:00,40.690453,-73.91176,0,0,0,0,4069,-7391,0.2709677419354839
2022-01-05T00:00:00.000,10:50,40.688786,-73.98358,1,0,1,1,4068,-7398,0.3873239436619718
2022-01-05T00:00:00.000,17:22,40.646664,-74.088936,0,0,0,0,4064,-7408,0.2894736842105263
2022-01-07T00:00:00.000,5:10,40.739586,-73.8737,0,0,0,0,4073,-7387,0.3140495867768595
2022-07-01T00:00:00.000,14:00,40.637638,-74.16127,1,0,1,1,4063,-7416,0.3333333333333333
2022-01-05T00:00:00.000,20:35,40.823135,-73.88225,0,0,0,0,4082,-7388,0.27624309392265195
2022-01-04T00:00:00.000,16:35,40.600838,-73.98125,0,0,0,0,4060,-7398,0.2711864406779661
2022-01-05T00:00:00.000,7:00,40.89276,-73.85256,0,0,0,0,4089,-7385,0.3813559322033898
2022-01-07T00:00:00.000,8:04,40.78459,-73.94198,0,0,0,0,4078,-7394,0.33513513513513515
2022-01-06T00:00:00.000,10:35,40.710705,-73.76346,1,0,1,1,4071,-7376,0.37142857142857144
2022-01-05T00:00:00.000,16:30,40.707264,-73.90792,0,0,0,0,4070,-7390,0.37894736842105264
2022-01-06T00:00:00.000,16:50,40.691914,-73.88363,0,0,0,0,4069,-7388,0.4375
2022-01-05T00:00:00.000,8:07,40.812737,-73.93762,1,0,1,1,4081,-7393,0.32432432432432434
2022-01-06T00:00:00.000,17:00,40.630886,-73.92219,0,0,0,0,4063,-7392,0.4036697247706422
2022-01-06T00:00:00.000,12:00,40.818913,-73.893555,0,0,0,0,4081,-7389,0.31543624161073824
2022-01-06T00:00:00.000,19:55,40.65661,-73.93091,0,0,0,0,4065,-7393,0.44366197183098594
2022-01-07T00:00:00.000,10:40,40.624653,-73.99933,1,0,1,1,4062,-7399,0.3835616438356164
2021-12-25T00:00:00.000,14:37,40.652294,-73.95625,0,0,0,0,4065,-7395,0.38686131386861317
2022-01-05T00:00:00.000,16:53,40.86815,-73.88437,1,0,1,1,4086,-7388,0.23943661971830985
2022-01-07T00:00:00.000,21:27,40.707294,-73.85064,0,0,0,0,4070,-7385,0.39436619718309857
2022-01-07T00:00:00.000,8:57,40.668507,-73.92561,0,0,0,0,4066,-7392,0.355
2022-01-05T00:00:00.000,5:45,40.614246,-74.15379,0,0,0,0,4061,-7415,0.3333333333333333
2022-01-03T00:00:00.000,14:00,40.694214,-73.95932,0,0,0,0,4069,-7395,0.30952380952380953
2022-01-05T00:00:00.000,10:45,40.811092,-73.89335,0,0,0,0,4081,-7389,0.31543624161073824
2022-01-05T00:00:00.000,6:30,40.883648,-73.8952,0,0,0,0,4088,-7389,0.4626865671641791
2022-01-05T00:00:00.000,12:34,40.788795,-73.93755,0,0,0,0,4078,-7393,0.4444444444444444
2022-01-06T00:00:00.000,9:45,40.84089,-73.89817,0,0,0,0,4084,-7389,0.33766233766233766
2022-01-05T00:00:00.000,18:04,40.63524,-73.967636,0,0,0,0,4063,-7396,0.34615384615384615
2022-01-05T00:00:00.000,22:15,40.596054,-73.99725,0,0,0,0,4059,-7399,0.3076923076923077
2022-01-07T00:00:00.000,19:00,40.87146,-73.86827,0,0,0,0,4087,-7386,0.3142857142857143
2022-01-07T00:00:00.000,17:10,40.63323,-73.964806,1,0,1,1,4063,-7396,0.34615384615384615
2022-01-06T00:00:00.000,18:40,40.864655,-73.813866,0,0,0,0,4086,-7381,0.5
2022-01-05T00:00:00.000,7:10,40.9049,-73.849144,0,0,0,0,4090,-7384,0.28205128205128205
2022-01-05T00:00:00.000,15:21,40.822235,-73.88746,0,0,0,0,4082,-7388,0.27624309392265195
2022-01-06T00:00:00.000,13:00,40.842976,-73.844826,0,0,0,0,4084,-7384,0.4222222222222222
2022-01-06T00:00:00.000,12:13,40.570465,-74.10977,1,0,1,1,4057,-7410,0.3877551020408163
2022-01-07T00:00:00.000,23:30,40.591446,-74.145454,1,0,1,1,4059,-7414,0.6666666666666666
2022-01-05T00:00:00.000,9:55,40.655037,-73.935585,1,0,1,1,4065,-7393,0.44366197183098594
2022-01-07T00:00:00.000,0:00,40.65741,-73.72839,0,0,0,0,4065,-7372,0.26666666666666666
2022-01-07T00:00:00.000,7:09,40.586308,-73.96943,0,0,0,0,4058,-7396,0.37333333333333335
2022-01-05T00:00:00.000,18:28,40.789783,-73.81419,0,0,0,0,4078,-7381,0.22580645161290322
2022-01-07T00:00:00.000,16:00,40.62359,-74.025055,1,0,1,1,4062,-7402,0.3625
2022-01-06T00:00:00.000,16:29,40.638866,-73.886314,1,0,1,1,4063,-7388,0.3835616438356164
2022-01-06T00:00:00.000,18:30,40.607838,-74.0872,0,0,0,0,4060,-7408,0.3235294117647059
2022-01-05T00:00:00.000,0:20,40.896614,-73.860954,0,0,0,0,4089,-7386,0.28205128205128205
2022-01-07T00:00:00.000,7:30,40.63456,-73.96909,1,0,1,1,4063,-7396,0.34615384615384615
2021-12-31T00:00:00.000,0:20,40.69733,-73.76202,1,0,1,1,4069,-7376,0.3392857142857143
2022-01-05T00:00:00.000,15:56,40.83341,-73.91301,0,0,0,0,4083,-7391,0.33714285714285713
2022-01-05T00:00:00.000,17:20,40.648907,-74.01514,0,0,0,0,4064,-7401,0.4295774647887324
2021-12-31T00:00:00.000,9:29,40.88263,-73.839516,1,0,1,1,4088,-7383,0.3448275862068966
2022-01-01T00:00:00.000,22:31,40.78809,-73.98271,1,0,1,1,4078,-7398,0.42105263157894735
2022-01-05T00:00:00.000,8:08,40.551292,-74.150375,0,0,0,0,4055,-7415,0.3
2022-01-07T00:00:00.000,7:46,40.830967,-73.86185,0,0,0,0,4083,-7386,0.24822695035460993
2022-01-06T00:00:00.000,12:24,40.7118,-73.94224,0,0,0,0,4071,-7394,0.3710691823899371
2022-01-06T00:00:00.000,10:15,40.703674,-73.79087,0,0,0,0,4070,-7379,0.3978494623655914
2022-01-07T00:00:00.000,15:30,40.626537,-74.12921,1,0,1,1,4062,-7412,0.21739130434782608
2022-01-06T00:00:00.000,23:55,40.755253,-73.89874,0,0,0,0,4075,-7389,0.4805194805194805
2022-01-07T00:00:00.000,1:00,40.75919,-73.80981,0,0,0,0,4075,-7380,0.36363636363636365
2022-01-05T00:00:00.000,19:21,40.68397,-73.944046,0,0,0,0,4068,-7394,0.4409448818897638
2022-01-06T00:00:00.000,4:30,40.579052,-73.98415,1,0,1,1,4057,-7398,0.36904761904761907
2022-01-05T00:00:00.000,18:27,40.750202,-73.870056,1,0,1,1,4075,-7387,0.33884297520661155
2022-01-06T00:00:00.000,7:40,40.746548,-73.86491,1,0,1,1,4074,-7386,0.3813559322033898
2022-01-05T00:00:00.000,0:53,40.873787,-73.905266,0,0,0,0,4087,-7390,0.3184713375796178
2022-01-06T00:00:00.000,10:35,40.681137,-73.95567,1,0,1,1,4068,-7395,0.38571428571428573
2022-01-05T00:00:00.000,6:50,40.66313,-73.86028,1,0,1,1,4066,-7386,0.35
2022-01-05T00:00:00.000,23:16,40.74045,-73.844376,0,0,0,0,4074,-7384,0.42857142857142855
2021-12-20T00:00:00.000,20:19,40.636147,-73.99097,1,0,1,1,4063,-7399,0.47692307692307695
2022-01-06T00:00:00.000,17:00,40.699787,-73.813644,0,0,0,0,4069,-7381,0.3902439024390244
2022-01-06T00:00:00.000,9:15,40.583683,-74.10792,1,0,1,1,4058,-7410,0.3076923076923077
2022-01-07T00:00:00.000,7:00,40.709373,-73.81014,0,0,0,0,4070,-7381,0.3194444444444444
2022-07-03T00:00:00.000,17:01,40.776657,-73.827415,2,0,1,1,4077,-7382,0.4444444444444444
2021-12-27T00:00:00.000,6:08,40.706085,-73.8085,0,0,0,0,4070,-7380,0.3877551020408163
2022-01-07T00:00:00.000,12:05,40.62475,-74.01358,0,0,0,0,4062,-7401,0.3829787234042553
2022-01-05T00:00:00.000,17:30,40.706345,-73.957375,0,0,0,0,4070,-7395,0.3475177304964539
2022-01-06T00:00:00.000,11:00,40.71438,-73.90111,0,0,0,0,4071,-7390,0.4
2022-01-07T00:00:00.000,22:05,40.85154,-73.918335,0,0,0,0,4085,-7391,0.373134328358209
2022-01-05T00:00:00.000,7:27,40.57125,-74.1199,0,0,0,0,4057,-7411,0.37142857142857144
2022-01-04T00:00:00.000,11:05,40.7533,-73.91476,0,0,0,0,4075,-7391,0.4777777777777778
2022-01-07T00:00:00.000,6:45,40.7111,-73.776,0,0,0,0,4071,-7377,0.20967741935483872
2022-01-07T00:00:00.000,6:45,40.825935,-73.85913,0,0,0,0,4082,-7385,0.27
2022-01-03T00:00:00.000,14:00,40.679367,-73.931335,0,0,0,0,4067,-7393,0.3755868544600939
2022-01-05T00:00:00.000,11:20,40.699047,-73.95649,0,0,0,0,4069,-7395,0.30952380952380953
2022-01-05T00:00:00.000,18:45,40.712463,-73.99241,1,0,1,1,4071,-7399,0.3263157894736842
2022-01-05T00:00:00.000,22:35,40.627243,-74.02357,3,0,1,1,4062,-7402,0.3625
2022-01-05T00:00:00.000,15:00,40.825577,-73.918465,1,0,1,1,4082,-7391,0.3355263157894737
2022-01-06T00:00:00.000,23:40,40.71393,-73.732315,0,0,0,0,4071,-7373,0.25
2022-01-06T00:00:00.000,16:21,40.809105,-73.9229,0,0,0,0,4080,-7392,0.3141025641025641
2022-01-06T00:00:00.000,8:06,40.6709,-73.95319,0,0,0,0,4067,-7395,0.3695652173913043
2022-01-06T00:00:00.000,0:50,40.657173,-73.921074,0,0,0,0,4065,-7392,0.35555555555555557
2022-01-06T00:00:00.000,10:05,40.770805,-73.735405,0,0,0,0,4077,-7373,0.2857142857142857
2022-01-07T00:00:00.000,12:45,40.8396,-73.929474,0,0,0,0,4083,-7392,0.310126582278481
2022-01-07T00:00:00.000,22:00,40.55243,-74.1437,0,0,0,0,4055,-7414,0.4444444444444444
2022-01-06T00:00:00.000,14:10,40.66827,-73.90263,1,0,1,1,4066,-7390,0.2777777777777778
2022-07-02T00:00:00.000,9:35,40.807636,-73.921524,0,0,0,0,4080,-7392,0.3141025641025641
2022-01-07T00:00:00.000,0:05,40.836437,-73.88498,0,0,0,0,4083,-7388,0.26717557251908397
2022-01-07T00:00:00.000,11:25,40.693413,-73.940125,2,0,1,1,4069,-7394,0.417910447761194
2022-01-05T00:00:00.000,16:00,40.66496,-73.82226,0,0,0,0,4066,-7382,0.43103448275862066
2022-01-07T00:00:00.000,22:29,40.64964,-73.93768,0,0,0,0,4064,-7393,0.3333333333333333
2022-01-07T00:00:00.000,4:00,40.58635,-73.89665,0,0,0,0,4058,-7389,0.5714285714285714
2022-01-05T00:00:00.000,6:08,40.875122,-73.905174,1,0,1,1,4087,-7390,0.3184713375796178
2022-01-05T00:00:00.000,15:11,40.674313,-73.95009,1,0,1,1,4067,-7395,0.3695652173913043
2022-01-05T00:00:00.000,18:52,40.724335,-73.72464,0,0,0,0,4072,-7372,0.3793103448275862
2022-01-06T00:00:00.000,1:11,40.832626,-73.925385,1,0,1,1,4083,-7392,0.310126582278481
2022-01-05T00:00:00.000,6:22,40.860283,-73.9364,0,0,0,0,4086,-7393,0.3333333333333333
2022-01-07T00:00:00.000,19:55,40.903122,-73.888084,0,0,0,0,4090,-7388,0.36363636363636365
2022-01-06T00:00:00.000,7:45,40.64419,-73.93349,1,0,1,1,4064,-7393,0.3333333333333333
2022-01-05T00:00:00.000,16:15,40.633858,-74.12596,1,0,1,1,4063,-7412,0.36363636363636365
2021-12-22T00:00:00.000,11:44,40.61313,-73.94625,1,0,1,1,4061,-7394,0.48484848484848486
2022-01-05T00:00:00.000,11:55,40.757534,-73.86658,0,0,0,0,4075,-7386,0.33653846153846156
2022-01-06T00:00:00.000,17:00,40.740894,-73.89961,1,0,1,1,4074,-7389,0.3203125
2022-01-06T00:00:00.000,18:35,40.661427,-73.99333,1,0,1,1,4066,-7399,0.40540540540540543
2022-01-07T00:00:00.000,20:43,40.83872,-73.91378,1,0,1,1,4083,-7391,0.33714285714285713
2022-01-05T00:00:00.000,6:20,40.683514,-73.97596,0,0,0,0,4068,-7397,0.3412322274881517
2022-01-05T00:00:00.000,15:01,40.82482,-73.86865,1,0,1,1,4082,-7386,0.3493975903614458
2022-01-05T00:00:00.000,11:50,40.77402,-73.95457,0,0,0,0,4077,-7395,0.3384615384615385
2022-01-05T00:00:00.000,18:24,40.643326,-73.9998,1,0,1,1,4064,-7399,0.3442622950819672
2022-01-05T00:00:00.000,5:48,40.56345,-74.169754,1,0,1,1,4056,-7416,0.35
2022-01-07T00:00:00.000,10:47,40.627464,-73.89956,0,0,0,0,4062,-7389,0.3333333333333333
2022-01-06T00:00:00.000,18:00,40.76623,-73.915306,0,0,0,0,4076,-7391,0.40476190476190477
2022-01-06T00:00:00.000,12:30,40.596756,-73.93342,1,0,1,1,4059,-7393,0.47058823529411764
2022-01-05T00:00:00.000,19:51,40.908222,-73.89803,0,0,0,0,4090,-7389,0.2727272727272727
2022-01-07T00:00:00.000,18:15,40.63147,-73.91955,2,0,1,1,4063,-7391,0.5
2022-01-06T00:00:00.000,15:00,40.67551,-73.910324,0,0,0,0,4067,-7391,0.36597938144329895
2021-12-12T00:00:00.000,11:40,40.677414,-73.93033,0,0,0,0,4067,-7393,0.3755868544600939
2022-01-05T00:00:00.000,13:10,40.86235,-73.89997,0,0,0,0,4086,-7389,0.40606060606060607
2022-01-07T00:00:00.000,17:21,40.76923,-73.91033,0,0,0,0,4076,-7391,0.40476190476190477
2022-01-06T00:00:00.000,2:45,40.660027,-73.96061,4,0,1,1,4066,-7396,0.4074074074074074
2022-01-07T00:00:00.000,14:56,40.639984,-73.94842,1,0,1,1,4063,-7394,0.358974358974359
2022-01-07T00:00:00.000,7:03,40.71108,-73.775986,0,0,0,0,4071,-7377,0.20967741935483872
2022-01-07T00:00:00.000,5:15,40.66856,-73.75672,0,0,0,0,4066,-7375,0.3
2022-01-05T00:00:00.000,18:22,40.74016,-73.89525,0,0,0,0,4074,-7389,0.3203125
2021-06-23T00:00:00.000,21:00,40.87015,-73.84562,0,0,0,0,4087,-7384,0.47297297297297297
2022-01-06T00:00:00.000,16:50,40.606457,-73.76098,0,0,0,0,4060,-7376,0.19230769230769232
2022-01-06T00:00:00.000,14:20,40.76394,-73.828156,0,0,0,0,4076,-7382,0.2987012987012987
2022-01-05T00:00:00.000,0:11,40.636074,-73.951096,0,0,0,0,4063,-7395,0.48484848484848486
2021-12-29T00:00:00.000,19:26,40.6871,-73.920845,0,0,0,0,4068,-7392,0.2542372881355932
2022-01-06T00:00:00.000,18:00,40.722897,-73.91386,0,0,0,0,4072,-7391,0.36
2022-01-04T00:00:00.000,13:30,40.687992,-73.98962,0,0,0,0,4068,-7398,0.3873239436619718
2022-01-06T00:00:00.000,8:40,40.69349,-73.97917,0,0,0,0,4069,-7397,0.3253012048192771
2022-01-05T00:00:00.000,19:00,40.698452,-73.730316,0,0,0,0,4069,-7373,0.36585365853658536
2022-01-04T00:00:00.000,21:10,40.575573,-73.99432,1,0,1,1,4057,-7399,0.32558139534883723
2022-01-05T00:00:00.000,21:14,40.670326,-73.87796,0,0,0,0,4067,-7387,0.30344827586206896
2022-01-05T00:00:00.000,11:01,40.689243,-73.98873,1,0,1,1,4068,-7398,0.3873239436619718
2022-01-07T00:00:00.000,17:25,40.74592,-73.986404,0,0,0,0,4074,-7398,0.40131578947368424
2022-01-04T00:00:00.000,14:40,40.701164,-73.75023,0,0,0,0,4070,-7375,0.4117647058823529
2022-01-07T00:00:00.000,11:30,40.668484,-73.92532,0,0,0,0,4066,-7392,0.355
2021-12-27T00:00:00.000,15:00,40.585342,-73.94157,0,0,0,0,4058,-7394,0.40816326530612246
2022-01-06T00:00:00.000,16:25,40.797718,-73.94938,0,0,0,0,4079,-7394,0.3523809523809524
2022-01-06T00:00:00.000,20:30,40.70874,-73.830635,0,0,0,0,4070,-7383,0.3541666666666667
2021-01-06T00:00:00.000,12:45,40.727287,-74.00064,1,0,1,1,4072,-7400,0.32926829268292684
2022-01-06T00:00:00.000,9:23,40.72218,-73.938736,0,0,0,0,4072,-7393,0.36507936507936506
2022-01-06T00:00:00.000,19:55,40.63937,-73.9948,1,0,1,1,4063,-7399,0.47692307692307695
2022-01-01T00:00:00.000,6:25,40.689774,-73.922585,0,0,0,0,4068,-7392,0.2542372881355932
2022-01-04T00:00:00.000,15:25,40.819317,-73.93032,0,0,0,0,4081,-7393,0.32432432432432434
2022-01-07T00:00:00.000,13:40,40.79348,-73.96686,0,0,0,0,4079,-7396,0.25
2022-01-06T00:00:00.000,14:07,40.717834,-73.95773,1,0,1,1,4071,-7395,0.36585365853658536
2022-01-06T00:00:00.000,15:00,40.69677,-73.93701,0,0,0,0,4069,-7393,0.3141025641025641
2022-01-06T00:00:00.000,16:40,40.629036,-74.01164,0,0,0,0,4062,-7401,0.3829787234042553
2022-01-05T00:00:00.000,8:30,40.887547,-73.81512,0,0,0,0,4088,-7381,0.4444444444444444
2022-01-05T00:00:00.000,17:40,40.642685,-73.99122,1,0,1,1,4064,-7399,0.3442622950819672
2022-01-07T00:00:00.000,7:01,40.84088,-73.83938,1,0,1,1,4084,-7383,0.4318181818181818
2022-01-06T00:00:00.000,11:20,40.830143,-73.92858,1,0,1,1,4083,-7392,0.310126582278481
2022-01-01T00:00:00.000,13:45,40.69268,-73.93998,1,0,1,1,4069,-7393,0.3141025641025641
2022-01-07T00:00:00.000,9:16,40.764263,-73.77134,0,0,0,0,4076,-7377,0.20588235294117646
2022-01-05T00:00:00.000,8:14,40.60242,-74.13329,0,0,0,0,4060,-7413,0.41935483870967744
2021-12-16T00:00:00.000,16:49,40.819057,-73.92923,1,0,1,1,4081,-7392,0.4714285714285714
2022-01-07T00:00:00.000,11:30,40.828945,-73.90503,1,0,1,1,4082,-7390,0.3025210084033613
2022-01-07T00:00:00.000,17:25,40.74464,-73.83355,1,0,1,1,4074,-7383,0.4067796610169492
2022-01-05T00:00:00.000,5:05,40.701847,-73.85727,2,0,1,1,4070,-7385,0.39436619718309857
2022-01-05T00:00:00.000,14:00,40.854443,-73.86482,1,0,1,1,4085,-7386,0.33766233766233766
2022-01-05T00:00:00.000,9:31,40.58466,-73.95086,0,0,0,0,4058,-7395,0.3465346534653465
2022-01-06T00:00:00.000,16:34,40.87167,-73.8486,0,0,0,0,4087,-7384,0.47297297297297297
2022-01-07T00:00:00.000,23:58,40.73828,-73.80296,1,0,1,1,4073,-7380,0.34285714285714286
2022-01-04T00:00:00.000,17:42,40.592484,-73.99494,2,0,1,1,4059,-7399,0.3076923076923077
2022-01-07T00:00:00.000,7:00,40.706753,-73.91437,0,0,0,0,4070,-7391,0.27450980392156865
2022-01-05T00:00:00.000,6:00,40.88599,-73.82792,0,0,0,0,4088,-7382,0.2765957446808511
2022-01-06T00:00:00.000,20:40,40.595203,-73.75603,0,0,0,0,4059,-7375,0.17777777777777778
2022-01-05T00:00:00.000,7:07,40.86505,-73.83001,1,0,1,1,4086,-7383,0.3448275862068966
2022-01-07T00:00:00.000,17:55,40.634533,-74.0867,1,0,1,1,4063,-7408,0.2653061224489796
2022-01-07T00:00:00.000,4:19,40.83313,-73.8715,0,0,0,0,4083,-7387,0.38414634146341464
2022-01-06T00:00:00.000,7:50,40.73133,-73.70805,2,0,1,1,4073,-7370,0.23529411764705882
2022-01-04T00:00:00.000,13:26,40.669273,-73.922554,0,0,0,0,4066,-7392,0.355
2022-01-07T00:00:00.000,5:50,40.75998,-73.72388,0,0,0,0,4075,-7372,0.2857142857142857
2022-01-05T00:00:00.000,13:55,40.656185,-73.95121,0,0,0,0,4065,-7395,0.38686131386861317
2022-01-07T00:00:00.000,8:40,40.792534,-73.827255,0,0,0,0,4079,-7382,0.2
2022-01-07T00:00:00.000,15:44,40.806065,-73.90905,1,0,1,1,4080,-7390,0.36538461538461536
2022-01-07T00:00:00.000,20:40,40.731415,-73.91723,0,0,0,0,4073,-7391,0.33962264150943394
2022-01-06T00:00:00.000,21:05,40.819054,-73.90994,2,0,1,1,4081,-7390,0.3888888888888889
2021-12-31T00:00:00.000,18:15,40.679653,-73.77724,0,0,0,0,4067,-7377,0.32608695652173914
2022-01-05T00:00:00.000,11:06,40.742123,-73.99097,0,0,0,0,4074,-7399,0.3333333333333333
2022-01-05T00:00:00.000,23:38,40.683647,-73.94688,1,0,1,1,4068,-7394,0.4409448818897638
2022-01-05T00:00:00.000,6:55,40.74959,-74.00279,0,0,0,0,4074,-7400,0.27710843373493976
2022-01-05T00:00:00.000,22:19,40.863647,-73.8918,1,0,1,1,4086,-7389,0.40606060606060607
2022-01-05T00:00:00.000,20:43,40.797916,-73.96385,0,0,0,0,4079,-7396,0.25
2022-01-05T00:00:00.000,0:00,40.804905,-73.91883,3,0,1,1,4080,-7391,0.38961038961038963
2022-01-01T00:00:00.000,1:39,40.750687,-73.752235,0,0,0,0,4075,-7375,0.3333333333333333
2022-01-05T00:00:00.000,8:15,40.806408,-73.94016,2,0,1,1,4080,-7394,0.41116751269035534
2022-01-06T00:00:00.000,13:30,40.726524,-73.99585,1,0,1,1,4072,-7399,0.3829787234042553
2022-01-07T00:00:00.000,1:00,40.75513,-73.96525,0,0,0,0,4075,-7396,0.4788732394366197
2022-01-06T00:00:00.000,23:00,40.87413,-73.83796,1,0,1,1,4087,-7383,0.3333333333333333
2021-12-31T00:00:00.000,3:40,40.67878,-73.91986,0,0,0,0,4067,-7391,0.36597938144329895
2022-01-05T00:00:00.000,6:25,40.839622,-73.870285,0,0,0,0,4083,-7387,0.38414634146341464
2022-01-07T00:00:00.000,4:16,40.704308,-73.91924,0,0,0,0,4070,-7391,0.27450980392156865
2022-01-07T00:00:00.000,14:50,40.681656,-73.76238,0,0,0,0,4068,-7376,0.35714285714285715
2022-01-05T00:00:00.000,13:58,40.651363,-73.96345,0,0,0,0,4065,-7396,0.3939393939393939
2022-01-01T00:00:00.000,2:05,40.696735,-73.93481,0,0,0,0,4069,-7393,0.3141025641025641
2021-11-23T00:00:00.000,8:35,40.692184,-73.93136,0,0,0,0,4069,-7393,0.3141025641025641
2022-01-05T00:00:00.000,8:10,40.77926,-73.81932,0,0,0,0,4077,-7381,0.3157894736842105
2022-01-02T00:00:00.000,12:27,40.643574,-73.97166,1,0,1,1,4064,-7397,0.4095238095238095
2022-01-06T00:00:00.000,14:22,40.69535,-73.91632,1,0,1,1,4069,-7391,0.2709677419354839
2022-01-07T00:00:00.000,8:50,40.640263,-74.08799,0,0,0,0,4064,-7408,0.2894736842105263
2022-01-06T00:00:00.000,22:20,40.616184,-73.9713,0,0,0,0,4061,-7397,0.421875
2022-01-07T00:00:00.000,15:10,40.73664,-73.86584,1,0,1,1,4073,-7386,0.3464566929133858
2022-01-05T00:00:00.000,19:25,40.585026,-73.958275,0,0,0,0,4058,-7395,0.3465346534653465
2022-01-05T00:00:00.000,18:05,40.654133,-73.91234,0,0,0,0,4065,-7391,0.425
2022-01-05T00:00:00.000,6:20,40.73796,-73.93588,0,0,0,0,4073,-7393,0.38461538461538464
2022-01-07T00:00:00.000,10:30,40.673805,-73.83739,0,0,0,0,4067,-7383,0.48148148148148145
2022-01-05T00:00:00.000,8:00,40.520916,-74.235115,1,0,1,1,4052,-7423,0.3333333333333333
2022-01-05T00:00:00.000,6:20,40.62707,-74.01865,1,0,1,1,4062,-7401,0.3829787234042553
2022-01-07T00:00:00.000,11:00,40.555454,-74.16389,1,0,1,1,4055,-7416,0.5416666666666666
2022-01-06T00:00:00.000,18:01,40.86242,-73.89405,0,0,0,0,4086,-7389,0.40606060606060607
2022-01-07T00:00:00.000,14:40,40.846565,-73.92589,0,0,0,0,4084,-7392,0.3181818181818182
2021-12-29T00:00:00.000,13:00,40.79241,-73.94405,0,0,0,0,4079,-7394,0.3523809523809524
2022-01-05T00:00:00.000,0:06,40.64076,-73.930214,0,0,0,0,4064,-7393,0.3333333333333333
2022-01-07T00:00:00.000,14:14,40.83381,-73.918396,0,0,0,0,4083,-7391,0.33714285714285713
2022-01-05T00:00:00.000,18:34,40.680187,-73.967964,0,0,0,0,4068,-7396,0.42567567567567566
2021-12-21T00:00:00.000,7:30,40.6827,-73.929016,0,0,0,0,4068,-7392,0.2542372881355932
2022-01-05T00:00:00.000,11:00,40.721504,-73.93844,0,0,0,0,4072,-7393,0.36507936507936506
2022-01-07T00:00:00.000,16:53,40.691433,-73.89063,2,0,1,1,4069,-7389,0.3709677419354839
2022-01-05T00:00:00.000,10:50,40.70082,-73.958984,0,0,0,0,4070,-7395,0.3475177304964539
2022-01-06T00:00:00.000,20:36,40.830154,-73.93964,1,0,1,1,4083,-7393,0.3333333333333333
2022-01-06T00:00:00.000,7:30,40.855667,-73.89968,0,0,0,0,4085,-7389,0.3353658536585366
2022-01-05T00:00:00.000,18:25,40.620865,-73.935,0,0,0,0,4062,-7393,0.4444444444444444
2021-10-14T00:00:00.000,16:02,40.7079009,-73.8488839,1,0,1,1,4070,-7384,0.43333333333333335
2022-01-07T00:00:00.000,6:36,40.754055,-73.99583,0,0,0,0,4075,-7399,0.2830188679245283
2022-01-01T00:00:00.000,19:30,40.69369,-73.93121,1,0,1,1,4069,-7393,0.3141025641025641
2022-01-05T00:00:00.000,19:40,40.836502,-73.825165,1,0,1,1,4083,-7382,0.44680851063829785
2021-10-14T00:00:00.000,13:00,40.8408464,-73.8725723,3,0,1,1,4084,-7387,0.48333333333333334
2022-01-02T00:00:00.000,14:57,40.88661,-73.90704,0,0,0,0,4088,-7390,0.2702702702702703
2021-10-13T00:00:00.000,14:26,40.8583759,-73.896364,0,0,0,0,4085,-7389,0.3353658536585366
2021-10-14T00:00:00.000,10:30,40.6601705,-73.7738971,0,0,0,0,4066,-7377,0.37362637362637363
2021-10-15T00:00:00.000,17:53,40.7166831,-73.9824286,0,0,0,0,4071,-7398,0.39568345323741005
2021-10-14T00:00:00.000,15:30,40.9022935,-73.9068383,0,0,0,0,4090,-7390,0.11764705882352941
2021-10-14T00:00:00.000,14:00,40.7041807,-73.8948076,0,0,0,0,4070,-7389,0.2711864406779661
2021-10-15T00:00:00.000,16:00,40.7224015,-73.9916483,1,0,1,1,4072,-7399,0.3829787234042553
2021-12-11T00:00:00.000,14:00,40.6839,-73.96699,2,0,1,1,4068,-7396,0.42567567567567566
2021-12-11T00:00:00.000,18:30,40.665257,-73.735344,0,0,0,0,4066,-7373,0.44339622641509435
2021-12-11T00:00:00.000,16:15,40.864655,-73.813866,3,0,1,1,4086,-7381,0.5
2021-12-11T00:00:00.000,2:15,40.60481,-74.023964,2,0,1,1,4060,-7402,0.42105263157894735
2021-12-10T00:00:00.000,15:41,40.82153,-73.87863,1,0,1,1,4082,-7387,0.33544303797468356
2021-12-11T00:00:00.000,12:30,40.673485,-73.97296,0,0,0,0,4067,-7397,0.2818181818181818
2021-12-11T00:00:00.000,23:10,40.56152,-74.17186,1,0,1,1,4056,-7417,0.5
2021-12-11T00:00:00.000,20:10,40.715954,-73.986725,1,0,1,1,4071,-7398,0.39568345323741005
2022-01-06T00:00:00.000,8:40,40.645164,-73.898346,0,0,0,0,4064,-7389,0.43478260869565216
2022-01-01T00:00:00.000,21:10,40.67887,-73.92165,2,0,1,1,4067,-7392,0.39655172413793105
2022-01-05T00:00:00.000,16:43,40.70776,-73.897575,0,0,0,0,4070,-7389,0.2711864406779661
2022-01-05T00:00:00.000,21:00,40.588753,-73.97394,0,0,0,0,4058,-7397,0.2727272727272727
2021-11-07T00:00:00.000,3:00,40.682194,-73.92261,0,0,0,0,4068,-7392,0.2542372881355932
2021-12-29T00:00:00.000,17:53,40.772797,-73.9822,1,0,1,1,4077,-7398,0.38028169014084506
2022-01-06T00:00:00.000,15:50,40.770313,-73.87603,1,0,1,1,4077,-7387,0.35714285714285715
2022-01-05T00:00:00.000,19:40,40.817574,-73.90359,0,0,0,0,4081,-7390,0.3888888888888889
2022-01-07T00:00:00.000,7:00,40.70902,-73.81011,0,0,0,0,4070,-7381,0.3194444444444444
2022-01-06T00:00:00.000,18:00,40.61269,-73.982666,1,0,1,1,4061,-7398,0.3698630136986301
2022-01-07T00:00:00.000,21:50,40.692165,-73.80638,0,0,0,0,4069,-7380,0.38461538461538464
2022-01-05T00:00:00.000,5:46,40.78031,-73.98569,0,0,0,0,4078,-7398,0.42105263157894735
2022-01-06T00:00:00.000,18:49,40.684082,-73.90864,1,0,1,1,4068,-7390,0.4421052631578947
2022-01-05T00:00:00.000,13:00,40.83369,-73.91386,0,0,0,0,4083,-7391,0.33714285714285713
2022-01-05T00:00:00.000,11:25,40.691017,-73.954475,0,0,0,0,4069,-7395,0.30952380952380953
2022-01-06T00:00:00.000,23:40,40.66747,-73.9396,1,0,1,1,4066,-7393,0.38578680203045684
2022-01-05T00:00:00.000,7:49,40.70554,-73.78867,1,0,1,1,4070,-7378,0.34523809523809523
2022-01-06T00:00:00.000,13:13,40.767967,-73.96822,0,0,0,0,4076,-7396,0.3023255813953488
2022-01-05T00:00:00.000,18:40,40.82851,-73.88012,0,0,0,0,4082,-7388,0.27624309392265195
2022-01-04T00:00:00.000,5:40,40.67398,-73.911156,1,0,1,1,4067,-7391,0.36597938144329895
2022-01-07T00:00:00.000,6:00,40.748512,-73.875565,0,0,0,0,4074,-7387,0.25663716814159293
2022-01-07T00:00:00.000,14:55,40.772327,-73.94531,0,0,0,0,4077,-7394,0.28
2022-01-06T00:00:00.000,7:15,40.582874,-73.98053,0,0,0,0,4058,-7398,0.4
2022-01-05T00:00:00.000,6:15,40.873283,-73.870384,0,0,0,0,4087,-7387,0.297029702970297
2022-01-05T00:00:00.000,23:20,40.74045,-73.844376,1,0,1,1,4074,-7384,0.42857142857142855
2022-01-07T00:00:00.000,10:57,40.67472,-73.91058,0,0,0,0,4067,-7391,0.36597938144329895
2022-01-05T00:00:00.000,13:35,40.649918,-74.01226,0,0,0,0,4064,-7401,0.4295774647887324
2022-01-05T00:00:00.000,1:32,40.67743,-73.87591,0,0,0,0,4067,-7387,0.30344827586206896
2022-01-06T00:00:00.000,0:50,40.679363,-73.7973,0,0,0,0,4067,-7379,0.4264705882352941
2022-01-07T00:00:00.000,16:40,40.77461,-73.94809,0,0,0,0,4077,-7394,0.28
2022-01-07T00:00:00.000,14:50,40.66602,-73.92947,0,0,0,0,4066,-7392,0.355
2022-01-05T00:00:00.000,6:17,40.87847,-73.90363,2,0,1,1,4087,-7390,0.3184713375796178
2022-01-05T00:00:00.000,5:33,40.69078,-73.72728,0,0,0,0,4069,-7372,0.40425531914893614
2022-01-05T00:00:00.000,19:58,40.730442,-73.91367,0,0,0,0,4073,-7391,0.33962264150943394
2022-01-04T00:00:00.000,15:00,40.77444,-73.92232,0,0,0,0,4077,-7392,0.3269230769230769
2021-12-31T00:00:00.000,17:50,40.845886,-73.83044,0,0,0,0,4084,-7383,0.4318181818181818
2022-01-05T00:00:00.000,19:39,40.809628,-73.890045,3,0,1,1,4080,-7389,0.5
2022-01-05T00:00:00.000,7:00,40.89,-73.849106,1,0,1,1,4089,-7384,0.3333333333333333
2022-01-07T00:00:00.000,13:01,40.653828,-74.01116,1,0,1,1,4065,-7401,0.43478260869565216
2022-01-06T00:00:00.000,6:00,40.70933,-73.92249,0,0,0,0,4070,-7392,0.24305555555555555
2022-01-06T00:00:00.000,18:08,40.565884,-74.1089,1,0,1,1,4056,-7410,0.4
2022-01-03T00:00:00.000,5:45,40.787685,-73.97502,0,0,0,0,4078,-7397,0.3434343434343434
2022-01-05T00:00:00.000,2:56,40.67034,-73.942116,1,0,1,1,4067,-7394,0.34074074074074073
2022-01-06T00:00:00.000,16:00,40.673485,-73.97296,0,0,0,0,4067,-7397,0.2818181818181818
2022-01-06T00:00:00.000,22:37,40.601517,-73.8203,1,0,1,1,4060,-7382,0.75
2022-01-06T00:00:00.000,17:50,40.766777,-73.98091,0,0,0,0,4076,-7398,0.3081761006289308
2022-01-07T00:00:00.000,4:20,40.70982,-73.9402,0,0,0,0,4070,-7394,0.3956043956043956
2022-01-04T00:00:00.000,18:00,40.620968,-74.12374,0,0,0,0,4062,-7412,0.21739130434782608
2022-01-07T00:00:00.000,8:00,40.76217,-73.7568,0,0,0,0,4076,-7375,0.3409090909090909
2022-01-06T00:00:00.000,15:00,40.718967,-73.96104,0,0,0,0,4071,-7396,0.3218390804597701
2022-01-05T00:00:00.000,16:37,40.789528,-73.820435,0,0,0,0,4078,-7382,0.3
2022-01-05T00:00:00.000,8:45,40.76745,-73.78011,2,0,1,1,4076,-7378,0.4
2022-01-05T00:00:00.000,0:00,40.90304,-73.849556,0,0,0,0,4090,-7384,0.28205128205128205
2022-01-06T00:00:00.000,16:50,40.625294,-74.0285,0,0,0,0,4062,-7402,0.3625
2022-01-06T00:00:00.000,17:34,40.809933,-73.85332,1,0,1,1,4080,-7385,0.125
2022-01-05T00:00:00.000,16:24,40.71599,-73.87209,1,0,1,1,4071,-7387,0.5652173913043478
2022-01-07T00:00:00.000,6:58,40.71085,-73.901276,0,0,0,0,4071,-7390,0.4
2022-01-05T00:00:00.000,9:00,40.830936,-73.91241,0,0,0,0,4083,-7391,0.33714285714285713
2022-01-04T00:00:00.000,12:44,40.660797,-73.87183,2,0,1,1,4066,-7387,0.38461538461538464
2022-01-07T00:00:00.000,22:00,40.85154,-73.918335,0,0,0,0,4085,-7391,0.373134328358209
2022-01-01T00:00:00.000,22:58,40.724804,-73.82983,1,0,1,1,4072,-7382,0.45454545454545453
2022-01-07T00:00:00.000,13:30,40.623985,-73.92034,0,0,0,0,4062,-7392,0.3611111111111111
2022-01-05T00:00:00.000,11:24,40.729996,-73.91187,1,0,1,1,4072,-7391,0.36
2022-01-05T00:00:00.000,21:00,40.670326,-73.88878,1,0,1,1,4067,-7388,0.30434782608695654
2022-01-06T00:00:00.000,7:04,40.674137,-73.83903,2,0,1,1,4067,-7383,0.48148148148148145
2022-01-05T00:00:00.000,20:18,40.73973,-73.81762,0,0,0,0,4073,-7381,0.3181818181818182
2022-01-05T00:00:00.000,9:14,40.688904,-73.980934,0,0,0,0,4068,-7398,0.3873239436619718
2022-01-05T00:00:00.000,14:20,40.64531,-73.94608,0,0,0,0,4064,-7394,0.42342342342342343
2022-01-05T00:00:00.000,7:50,40.678318,-73.94693,0,0,0,0,4067,-7394,0.34074074074074073
2022-01-05T00:00:00.000,21:44,40.644623,-73.90709,2,0,1,1,4064,-7390,0.4017094017094017
2022-01-05T00:00:00.000,18:54,40.63917,-73.91604,1,0,1,1,4063,-7391,0.5
2022-01-05T00:00:00.000,0:07,40.877304,-73.90062,0,0,0,0,4087,-7390,0.3184713375796178
2022-01-07T00:00:00.000,8:55,40.702873,-73.817055,1,0,1,1,4070,-7381,0.3194444444444444
2022-01-06T00:00:00.000,0:00,40.818348,-73.92951,0,0,0,0,4081,-7392,0.4714285714285714
2022-01-07T00:00:00.000,12:50,40.87724,-73.88658,0,0,0,0,4087,-7388,0.3561643835616438
2022-01-07T00:00:00.000,7:15,40.64513,-73.948975,0,0,0,0,4064,-7394,0.42342342342342343
2022-01-07T00:00:00.000,23:51,40.71459,-73.757935,0,0,0,0,4071,-7375,0.3269230769230769
2021-12-30T00:00:00.000,16:57,40.63515,-73.948906,0,0,0,0,4063,-7394,0.358974358974359
2022-01-07T00:00:00.000,5:05,40.70558,-73.739716,0,0,0,0,4070,-7373,0.52
2022-01-07T00:00:00.000,6:03,40.68573,-74.002365,0,0,0,0,4068,-7400,0.3333333333333333
2022-01-05T00:00:00.000,6:10,40.63311,-73.97217,1,0,1,1,4063,-7397,0.36893203883495146
2022-01-06T00:00:00.000,11:30,40.73225,-73.92452,0,0,0,0,4073,-7392,0.4444444444444444
2021-10-16T00:00:00.000,1:40,40.7400388,-73.9790656,0,0,0,0,4074,-7397,0.4810810810810811
2022-01-06T00:00:00.000,18:00,40.550766,-74.15017,1,0,1,1,4055,-7415,0.3
2022-01-05T00:00:00.000,4:30,40.730442,-73.91367,0,0,0,0,4073,-7391,0.33962264150943394
2022-01-05T00:00:00.000,5:50,40.846264,-73.920586,1,0,1,1,4084,-7392,0.3181818181818182
2022-01-05T00:00:00.000,5:53,40.704594,-73.90826,0,0,0,0,4070,-7390,0.37894736842105264
2022-01-06T00:00:00.000,0:00,40.740982,-73.946304,0,0,0,0,4074,-7394,0.33962264150943394
2022-01-07T00:00:00.000,7:25,40.75019,-73.80821,0,0,0,0,4075,-7380,0.36363636363636365
2021-12-03T00:00:00.000,15:02,40.867012,-73.92312,0,0,0,0,4086,-7392,0.359375
2022-01-06T00:00:00.000,14:30,40.81165,-73.92104,0,0,0,0,4081,-7392,0.4714285714285714
2022-01-07T00:00:00.000,7:06,40.70559,-73.85824,0,0,0,0,4070,-7385,0.39436619718309857
2022-01-05T00:00:00.000,17:55,40.66352,-73.73135,1,0,1,1,4066,-7373,0.44339622641509435
2022-01-06T00:00:00.000,12:44,40.62425,-73.99404,0,0,0,0,4062,-7399,0.3835616438356164
2022-01-07T00:00:00.000,19:00,40.73802,-73.93824,0,0,0,0,4073,-7393,0.38461538461538464
2021-12-20T00:00:00.000,23:25,40.691277,-73.746254,0,0,0,0,4069,-7374,0.46774193548387094
2022-01-05T00:00:00.000,18:16,40.75495,-73.990265,0,0,0,0,4075,-7399,0.2830188679245283
2022-01-07T00:00:00.000,14:30,40.75999,-73.72371,0,0,0,0,4075,-7372,0.2857142857142857
2022-01-06T00:00:00.000,14:04,40.675266,-73.90415,0,0,0,0,4067,-7390,0.3282442748091603
2022-01-07T00:00:00.000,19:45,40.600834,-74.09622,0,0,0,0,4060,-7409,0.36363636363636365
2021-12-27T00:00:00.000,15:09,40.669735,-73.93104,0,0,0,0,4066,-7393,0.38578680203045684
2022-01-07T00:00:00.000,7:11,40.63997,-74.13185,0,0,0,0,4063,-7413,0.2903225806451613
2022-01-05T00:00:00.000,13:40,40.826744,-73.880646,0,0,0,0,4082,-7388,0.27624309392265195
2022-01-07T00:00:00.000,21:10,40.729664,-73.85028,0,0,0,0,4072,-7385,0.4418604651162791
2021-12-02T00:00:00.000,17:15,40.70253,-73.8143,1,0,1,1,4070,-7381,0.3194444444444444
2022-01-07T00:00:00.000,1:16,40.839237,-73.94688,2,0,1,1,4083,-7394,0.38926174496644295
2022-01-07T00:00:00.000,22:25,40.68382,-73.80673,1,0,1,1,4068,-7380,0.3829787234042553
2022-01-07T00:00:00.000,21:43,40.857277,-73.888466,0,0,0,0,4085,-7388,0.3
2022-01-06T00:00:00.000,2:20,40.66925,-73.93944,1,0,1,1,4066,-7393,0.38578680203045684
2022-01-06T00:00:00.000,23:35,40.68789,-73.90724,1,0,1,1,4068,-7390,0.4421052631578947
2022-01-07T00:00:00.000,8:30,40.604637,-73.97614,0,0,0,0,4060,-7397,0.3469387755102041
2022-01-07T00:00:00.000,7:15,40.698193,-73.98558,0,0,0,0,4069,-7398,0.3229166666666667
2022-01-05T00:00:00.000,5:00,40.65219,-73.9102,1,0,1,1,4065,-7391,0.425
2022-01-05T00:00:00.000,16:38,40.67975,-73.92866,0,0,0,0,4067,-7392,0.39655172413793105
2021-01-06T00:00:00.000,18:04,40.709095,-73.99622,0,0,0,0,4070,-7399,0.21052631578947367
2022-01-06T00:00:00.000,16:00,40.6709,-73.95319,0,0,0,0,4067,-7395,0.3695652173913043
2022-01-05T00:00:00.000,8:00,40.716877,-73.810905,0,0,0,0,4071,-7381,0.3448275862068966
2022-01-05T00:00:00.000,12:26,40.71517,-73.77339,0,0,0,0,4071,-7377,0.20967741935483872
2022-01-05T00:00:00.000,6:55,40.635685,-74.012955,0,0,0,0,4063,-7401,0.37777777777777777
2022-01-05T00:00:00.000,7:08,40.68071,-73.89566,1,0,1,1,4068,-7389,0.5
2022-07-03T00:00:00.000,14:47,40.852673,-73.919106,3,0,1,1,4085,-7391,0.373134328358209
2022-01-05T00:00:00.000,15:00,40.711067,-73.78159,1,0,1,1,4071,-7378,0.32653061224489793
2022-01-05T00:00:00.000,7:05,40.900986,-73.867836,1,0,1,1,4090,-7386,0.5
2022-01-05T00:00:00.000,19:17,40.841255,-73.9378,2,0,1,1,4084,-7393,0.32786885245901637
2022-01-05T00:00:00.000,11:55,40.759438,-73.91309,1,0,1,1,4075,-7391,0.4777777777777778
2022-01-07T00:00:00.000,15:55,40.710773,-73.89962,2,0,1,1,4071,-7389,0.38095238095238093
2022-01-07T00:00:00.000,10:25,40.683685,-73.98892,0,0,0,0,4068,-7398,0.3873239436619718
2022-01-02T00:00:00.000,14:10,40.8843,-73.90332,0,0,0,0,4088,-7390,0.2702702702702703
2022-01-07T00:00:00.000,6:30,40.709373,-73.81014,0,0,0,0,4070,-7381,0.3194444444444444
2022-01-07T00:00:00.000,9:00,40.745403,-73.855484,0,0,0,0,4074,-7385,0.35526315789473684
2022-01-05T00:00:00.000,20:06,40.68221,-73.958694,0,0,0,0,4068,-7395,0.38571428571428573
2022-01-05T00:00:00.000,14:00,40.625973,-73.97624,0,0,0,0,4062,-7397,0.38666666666666666
2022-01-06T00:00:00.000,18:10,40.81626,-73.91421,1,0,1,1,4081,-7391,0.47244094488188976
2022-01-05T00:00:00.000,15:58,40.714573,-73.960236,0,0,0,0,4071,-7396,0.3218390804597701
2022-01-07T00:00:00.000,5:20,40.683342,-73.80433,0,0,0,0,4068,-7380,0.3829787234042553
2022-01-07T00:00:00.000,15:45,40.847363,-73.8579,0,0,0,0,4084,-7385,0.32727272727272727
2021-12-16T00:00:00.000,20:24,40.700054,-73.92459,1,0,1,1,4070,-7392,0.24305555555555555
2022-01-05T00:00:00.000,15:10,40.85278,-73.853294,0,0,0,0,4085,-7385,0.3125
2022-01-06T00:00:00.000,17:30,40.679363,-73.7973,0,0,0,0,4067,-7379,0.4264705882352941
2022-01-07T00:00:00.000,7:15,40.8639,-73.83385,1,0,1,1,4086,-7383,0.3448275862068966
2022-01-05T00:00:00.000,15:20,40.764267,-73.722946,0,0,0,0,4076,-7372,0.3333333333333333
2022-01-06T00:00:00.000,17:00,40.723343,-73.73166,0,0,0,0,4072,-7373,0.4642857142857143
2022-01-06T00:00:00.000,17:00,40.804714,-73.95826,2,0,1,1,4080,-7395,0.381294964028777
2022-01-07T00:00:00.000,15:58,40.839348,-73.84362,0,0,0,0,4083,-7384,0.22727272727272727
2022-01-06T00:00:00.000,9:45,40.651604,-74.01051,0,0,0,0,4065,-7401,0.43478260869565216
2022-01-06T00:00:00.000,20:15,40.73378,-73.98065,1,0,1,1,4073,-7398,0.36942675159235666
2022-01-07T00:00:00.000,9:00,40.85611,-73.93141,0,0,0,0,4085,-7393,0.36585365853658536
2022-01-06T00:00:00.000,4:40,40.75326,-74.00383,0,0,0,0,4075,-7400,0.3888888888888889
2022-01-07T00:00:00.000,3:00,40.808437,-73.904724,0,0,0,0,4080,-7390,0.36538461538461536
2022-01-05T00:00:00.000,14:14,40.658234,-73.9321,1,0,1,1,4065,-7393,0.44366197183098594
2022-01-07T00:00:00.000,17:15,40.610447,-73.98497,0,0,0,0,4061,-7398,0.3698630136986301
2022-01-04T00:00:00.000,16:38,40.68942,-73.92197,0,0,0,0,4068,-7392,0.2542372881355932
2022-01-05T00:00:00.000,14:05,40.78163,-73.917534,0,0,0,0,4078,-7391,0.2777777777777778
2022-01-07T00:00:00.000,7:54,40.677357,-73.843925,0,0,0,0,4067,-7384,0.28888888888888886
2022-01-06T00:00:00.000,13:28,40.67416,-73.94732,1,0,1,1,4067,-7394,0.34074074074074073
2022-01-06T00:00:00.000,10:17,40.699177,-73.9605,0,0,0,0,4069,-7396,0.325
2022-01-05T00:00:00.000,23:50,40.666836,-73.7664,1,0,1,1,4066,-7376,0.30434782608695654
2022-02-20T00:00:00.000,6:00,40.744965,-73.87833,0,0,0,0,4074,-7387,0.25663716814159293
2022-02-20T00:00:00.000,16:00,40.626846,-74.142006,0,0,0,0,4062,-7414,0.20408163265306123
2022-02-20T00:00:00.000,3:53,40.733032,-73.98445,1,0,1,1,4073,-7398,0.36942675159235666
2022-07-01T00:00:00.000,23:00,40.645107,-73.97989,1,0,1,1,4064,-7397,0.4095238095238095
2022-07-03T00:00:00.000,0:34,40.67903,-73.9246,0,0,0,0,4067,-7392,0.39655172413793105
2022-06-27T00:00:00.000,14:50,40.726246,-73.89481,2,0,1,1,4072,-7389,0.41379310344827586
2022-07-03T00:00:00.000,2:20,40.858147,-73.927986,0,0,0,0,4085,-7392,0.22
2022-07-01T00:00:00.000,14:30,40.65256,-73.876686,0,0,0,0,4065,-7387,0.2857142857142857
2022-06-30T00:00:00.000,14:35,40.757828,-73.99308,1,0,1,1,4075,-7399,0.2830188679245283
2022-07-03T00:00:00.000,17:31,40.744724,-73.881134,0,0,0,0,4074,-7388,0.2978723404255319
2022-07-03T00:00:00.000,19:00,40.758484,-73.82005,1,0,1,1,4075,-7382,0.4915254237288136
2022-07-02T00:00:00.000,0:05,40.69336,-73.85295,0,0,0,0,4069,-7385,0.34
2022-07-03T00:00:00.000,19:00,40.70333,-73.906136,0,0,0,0,4070,-7390,0.37894736842105264
2022-07-03T00:00:00.000,19:30,40.559486,-74.12246,1,0,1,1,4055,-7412,0.75
2022-06-30T00:00:00.000,15:40,40.822258,-73.95616,0,0,0,0,4082,-7395,0.4117647058823529
2022-07-03T00:00:00.000,18:30,40.698696,-73.93477,1,0,1,1,4069,-7393,0.3141025641025641
2022-07-03T00:00:00.000,8:30,40.75434,-73.93602,0,0,0,0,4075,-7393,0.43478260869565216
2022-07-02T00:00:00.000,1:12,40.767765,-73.86499,1,0,1,1,4076,-7386,0.40298507462686567
2022-07-01T00:00:00.000,14:30,40.668682,-73.86814,0,0,0,0,4066,-7386,0.35
2022-07-03T00:00:00.000,12:00,40.706306,-73.919586,0,0,0,0,4070,-7391,0.27450980392156865
2022-06-27T00:00:00.000,13:30,40.711548,-73.82657,0,0,0,0,4071,-7382,0.379746835443038
2022-07-03T00:00:00.000,16:30,40.614006,-73.820915,1,0,1,1,4061,-7382,0.8
2022-07-02T00:00:00.000,18:30,40.765064,-73.882355,0,0,0,0,4076,-7388,0.43283582089552236
2022-07-03T00:00:00.000,11:20,40.66012,-73.95058,0,0,0,0,4066,-7395,0.44375
2022-07-03T00:00:00.000,18:40,40.63268,-74.02664,1,0,1,1,4063,-7402,0.3877551020408163
2022-07-01T00:00:00.000,22:26,40.666878,-73.89847,1,0,1,1,4066,-7389,0.3103448275862069
2022-06-03T00:00:00.000,10:45,40.663708,-73.88474,0,0,0,0,4066,-7388,0.37012987012987014
2022-07-03T00:00:00.000,0:40,40.7606,-73.964325,0,0,0,0,4076,-7396,0.3023255813953488
2022-04-01T00:00:00.000,21:32,40.679787,-73.93844,0,0,0,0,4067,-7393,0.3755868544600939
2021-10-15T00:00:00.000,12:50,40.8742312,-73.8764997,0,0,0,0,4087,-7387,0.297029702970297
2022-07-01T00:00:00.000,12:15,40.630894,-73.992836,1,0,1,1,4063,-7399,0.47692307692307695
2022-07-02T00:00:00.000,1:20,40.82778,-73.9512,0,0,0,0,4082,-7395,0.4117647058823529
2022-06-23T00:00:00.000,18:00,40.575775,-73.961945,0,0,0,0,4057,-7396,0.3191489361702128
2022-07-03T00:00:00.000,0:00,40.737194,-73.97447,1,0,1,1,4073,-7397,0.32558139534883723
2022-07-03T00:00:00.000,6:20,40.681274,-73.81162,1,0,1,1,4068,-7381,0.4117647058823529
2022-07-03T00:00:00.000,8:00,40.616035,-74.163925,0,0,0,0,4061,-7416,0.2727272727272727
2022-07-02T00:00:00.000,7:30,40.682774,-73.84324,0,0,0,0,4068,-7384,0.3333333333333333
2022-07-03T00:00:00.000,22:30,40.866802,-73.88444,0,0,0,0,4086,-7388,0.23943661971830985
2022-07-03T00:00:00.000,14:00,40.83509,-73.945854,0,0,0,0,4083,-7394,0.38926174496644295
2022-07-03T00:00:00.000,15:40,40.60547,-73.96074,0,0,0,0,4060,-7396,0.5714285714285714
2022-07-03T00:00:00.000,21:40,40.8399,-73.87562,0,0,0,0,4083,-7387,0.38414634146341464
2022-06-26T00:00:00.000,12:40,40.8188,-73.956024,3,0,1,1,4081,-7395,0.3509933774834437
2022-06-28T00:00:00.000,10:00,40.753407,-73.89349,0,0,0,0,4075,-7389,0.4805194805194805
2022-06-26T00:00:00.000,19:33,40.856712,-73.93264,1,0,1,1,4085,-7393,0.36585365853658536
2022-07-03T00:00:00.000,6:21,40.67229,-73.913124,1,0,1,1,4067,-7391,0.36597938144329895
2022-06-29T00:00:00.000,20:37,40.817966,-73.89451,0,0,0,0,4081,-7389,0.31543624161073824
2022-06-23T00:00:00.000,14:21,40.74188,-73.85989,1,0,1,1,4074,-7385,0.35526315789473684
2022-07-03T00:00:00.000,4:30,40.814632,-73.9442,1,0,1,1,4081,-7394,0.38
2022-06-22T00:00:00.000,0:00,40.6924,-73.92719,1,0,1,1,4069,-7392,0.3584905660377358
2022-07-03T00:00:00.000,15:35,40.69782,-73.927826,4,0,1,1,4069,-7392,0.3584905660377358
2022-07-03T00:00:00.000,5:24,40.744263,-73.876755,0,0,0,0,4074,-7387,0.25663716814159293
2022-06-28T00:00:00.000,4:02,40.63357,-73.978745,0,0,0,0,4063,-7397,0.36893203883495146
2022-07-03T00:00:00.000,20:30,40.856537,-73.87257,1,0,1,1,4085,-7387,0.375
2022-07-03T00:00:00.000,22:18,40.64213,-73.92936,0,0,0,0,4064,-7392,0.4077669902912621
2022-09-21T00:00:00.000,17:53,40.77622,-73.97596,0,0,0,0,4077,-7397,0.38235294117647056
2022-07-03T00:00:00.000,7:30,40.67148,-73.898674,2,0,1,1,4067,-7389,0.33852140077821014
2022-07-02T00:00:00.000,1:49,40.763588,-73.97142,0,0,0,0,4076,-7397,0.37
2022-07-02T00:00:00.000,22:30,40.849285,-73.93894,1,0,1,1,4084,-7393,0.32786885245901637
2022-07-03T00:00:00.000,21:00,40.745422,-73.990974,0,0,0,0,4074,-7399,0.3333333333333333
2022-07-03T00:00:00.000,15:35,40.625786,-73.89309,0,0,0,0,4062,-7389,0.3333333333333333
2022-07-03T00:00:00.000,4:25,40.67007,-73.74631,0,0,0,0,4067,-7374,0.2619047619047619
2022-07-03T00:00:00.000,18:00,40.62417,-73.97048,0,0,0,0,4062,-7397,0.38666666666666666
2022-07-02T00:00:00.000,21:45,40.68902,-73.98617,1,0,1,1,4068,-7398,0.3873239436619718
2022-06-26T00:00:00.000,13:30,40.79944,-73.95531,1,0,1,1,4079,-7395,0.42
2022-06-28T00:00:00.000,2:50,40.58872,-73.99234,2,0,1,1,4058,-7399,0.23076923076923078
2022-06-29T00:00:00.000,9:00,40.69793,-73.91028,0,0,0,0,4069,-7391,0.2709677419354839
2022-06-26T00:00:00.000,13:45,40.588047,-73.81221,0,0,0,0,4058,-7381,0.1875
2022-07-03T00:00:00.000,20:34,40.679535,-73.900475,0,0,0,0,4067,-7390,0.3282442748091603
2022-06-27T00:00:00.000,8:10,40.757847,-73.991234,0,0,0,0,4075,-7399,0.2830188679245283
2022-07-02T00:00:00.000,4:30,40.668118,-73.89292,1,0,1,1,4066,-7389,0.3103448275862069
2022-06-29T00:00:00.000,21:20,40.609337,-73.81908,0,0,0,0,4060,-7381,0.5714285714285714
2022-07-03T00:00:00.000,2:19,40.612545,-73.97928,1,0,1,1,4061,-7397,0.421875
2022-06-28T00:00:00.000,5:55,40.81766,-73.93076,0,0,0,0,4081,-7393,0.32432432432432434
2022-06-24T00:00:00.000,17:20,40.844788,-73.93705,0,0,0,0,4084,-7393,0.32786885245901637
2022-07-03T00:00:00.000,3:42,40.74855,-73.89582,0,0,0,0,4074,-7389,0.3203125
2022-07-02T00:00:00.000,11:30,40.75767,-73.99483,1,0,1,1,4075,-7399,0.2830188679245283
2022-07-03T00:00:00.000,14:20,40.700478,-73.92534,0,0,0,0,4070,-7392,0.24305555555555555
2022-06-28T00:00:00.000,16:45,40.757732,-73.99686,0,0,0,0,4075,-7399,0.2830188679245283
2022-09-15T00:00:00.000,0:52,40.804886,-73.96248,0,0,0,0,4080,-7396,0.31343283582089554
2022-07-01T00:00:00.000,15:50,40.74855,-73.89582,1,0,1,1,4074,-7389,0.3203125
2022-07-03T00:00:00.000,23:20,40.663105,-73.90518,0,0,0,0,4066,-7390,0.2777777777777778
2022-07-03T00:00:00.000,12:25,40.61111,-73.9526,1,0,1,1,4061,-7395,0.4461538461538462
2022-07-03T00:00:00.000,22:36,40.646885,-73.94916,0,0,0,0,4064,-7394,0.42342342342342343
2021-10-16T00:00:00.000,17:41,40.8345141,-73.9177042,1,0,1,1,4083,-7391,0.33714285714285713
2021-10-14T00:00:00.000,7:09,40.7439732,-73.8850947,1,0,1,1,4074,-7388,0.2978723404255319
2021-10-16T00:00:00.000,2:30,40.6916212,-73.7833297,1,0,1,1,4069,-7378,0.29310344827586204
2021-12-08T00:00:00.000,7:00,40.677166,-73.87775,1,0,1,1,4067,-7387,0.30344827586206896
2021-12-11T00:00:00.000,20:20,40.60023,-73.9956,0,0,0,0,4060,-7399,0.31683168316831684
2021-12-11T00:00:00.000,16:00,40.739895,-73.89391,0,0,0,0,4073,-7389,0.2857142857142857
2021-12-11T00:00:00.000,13:10,40.73817,-73.71352,0,0,0,0,4073,-7371,0.2857142857142857
2021-12-10T00:00:00.000,17:15,40.876377,-73.84601,0,0,0,0,4087,-7384,0.47297297297297297
2021-12-11T00:00:00.000,12:39,40.595985,-73.763,0,0,0,0,4059,-7376,0.23809523809523808
2021-12-03T00:00:00.000,14:13,40.625866,-74.00747,0,0,0,0,4062,-7400,0.3150684931506849
2021-12-11T00:00:00.000,2:22,40.74855,-73.89582,0,0,0,0,4074,-7389,0.3203125
2021-12-11T00:00:00.000,22:14,40.681713,-73.96732,0,0,0,0,4068,-7396,0.42567567567567566
2021-12-02T00:00:00.000,10:50,40.679203,-73.9072,0,0,0,0,4067,-7390,0.3282442748091603
2021-12-11T00:00:00.000,22:45,40.7163,-74.01097,0,0,0,0,4071,-7401,0.3181818181818182
2021-12-11T00:00:00.000,4:44,40.659473,-74.00244,0,0,0,0,4065,-7400,0.41509433962264153
2021-12-11T00:00:00.000,7:00,40.758537,-73.97721,0,0,0,0,4075,-7397,0.375886524822695
2021-12-11T00:00:00.000,5:00,40.790745,-73.947365,0,0,0,0,4079,-7394,0.3523809523809524
2021-12-11T00:00:00.000,1:00,40.87519,-73.8596,0,0,0,0,4087,-7385,0.37681159420289856
2021-12-09T00:00:00.000,19:04,40.60714,-73.9978,1,0,1,1,4060,-7399,0.31683168316831684
2021-12-11T00:00:00.000,4:11,40.86369,-73.91707,1,0,1,1,4086,-7391,0.38016528925619836
2022-07-02T00:00:00.000,18:35,40.70153,-73.82341,1,0,1,1,4070,-7382,0.4166666666666667
2022-07-03T00:00:00.000,5:15,40.77904,-73.9435,0,0,0,0,4077,-7394,0.28
2022-07-03T00:00:00.000,2:02,40.761223,-73.9238,1,0,1,1,4076,-7392,0.42105263157894735
2022-07-01T00:00:00.000,17:30,40.674923,-73.870834,0,0,0,0,4067,-7387,0.30344827586206896
2022-07-03T00:00:00.000,2:30,40.637627,-73.903076,0,0,0,0,4063,-7390,0.3561643835616438
2022-07-03T00:00:00.000,19:40,40.617004,-73.96912,1,0,1,1,4061,-7396,0.30666666666666664
2022-07-03T00:00:00.000,8:15,40.780704,-73.980125,0,0,0,0,4078,-7398,0.42105263157894735
2022-07-03T00:00:00.000,11:32,40.59291,-74.185104,0,0,0,0,4059,-7418,0.5
2022-07-02T00:00:00.000,14:00,40.582977,-73.98042,2,0,1,1,4058,-7398,0.4
2022-07-03T00:00:00.000,5:23,40.682587,-73.886314,1,0,1,1,4068,-7388,0.36538461538461536
2022-07-03T00:00:00.000,16:35,40.77656,-73.95271,0,0,0,0,4077,-7395,0.3384615384615385
2022-07-03T00:00:00.000,0:54,40.690662,-73.81033,1,0,1,1,4069,-7381,0.3902439024390244
2022-06-25T00:00:00.000,18:00,40.631233,-74.02073,0,0,0,0,4063,-7402,0.3877551020408163
2022-06-30T00:00:00.000,18:15,40.762177,-73.89227,0,0,0,0,4076,-7389,0.35185185185185186
2022-06-24T00:00:00.000,5:20,40.755165,-73.8891,0,0,0,0,4075,-7388,0.3402061855670103
2022-07-03T00:00:00.000,0:00,40.66135,-73.96122,1,0,1,1,4066,-7396,0.4074074074074074
2022-06-19T00:00:00.000,21:30,40.77706,-73.957855,0,0,0,0,4077,-7395,0.3384615384615385
2022-07-03T00:00:00.000,14:30,40.638447,-73.95117,1,0,1,1,4063,-7395,0.48484848484848486
2022-03-13T00:00:00.000,5:00,40.695377,-73.94921,0,0,0,0,4069,-7394,0.417910447761194
2022-04-04T00:00:00.000,8:00,40.82186,-73.88834,0,0,0,0,4082,-7388,0.27624309392265195
2022-04-05T00:00:00.000,17:20,40.76363,-73.9533,0,0,0,0,4076,-7395,0.3696969696969697
2022-04-05T00:00:00.000,14:00,40.702744,-74.01221,0,0,0,0,4070,-7401,0.140625
2022-04-05T00:00:00.000,13:45,40.60638,-73.754715,0,0,0,0,4060,-7375,0.17117117117117117
2022-03-31T00:00:00.000,13:20,40.636562,-73.94323,1,0,1,1,4063,-7394,0.358974358974359
2022-04-04T00:00:00.000,8:50,40.87437,-73.85698,0,0,0,0,4087,-7385,0.37681159420289856
2022-04-05T00:00:00.000,0:05,40.65626,-73.89574,2,0,1,1,4065,-7389,0.34965034965034963
2022-04-05T00:00:00.000,6:35,40.73594,-73.85887,0,0,0,0,4073,-7385,0.3619047619047619
2021-10-16T00:00:00.000,5:00,40.8880975,-73.8925325,2,0,1,1,4088,-7389,0.4626865671641791
2022-04-05T00:00:00.000,13:30,40.8278,-73.95322,2,0,1,1,4082,-7395,0.4117647058823529
2022-04-05T00:00:00.000,14:37,40.739426,-73.93464,0,0,0,0,4073,-7393,0.38461538461538464
2022-04-01T00:00:00.000,19:07,40.692604,-73.92751,1,0,1,1,4069,-7392,0.3584905660377358
2022-04-05T00:00:00.000,7:20,40.629353,-73.884766,0,0,0,0,4062,-7388,0.5714285714285714
2022-04-05T00:00:00.000,0:14,40.740112,-73.98222,0,0,0,0,4074,-7398,0.40131578947368424
2022-04-05T00:00:00.000,8:58,40.719204,-73.99037,1,0,1,1,4071,-7399,0.3263157894736842
2022-04-05T00:00:00.000,23:15,40.861637,-73.82433,1,0,1,1,4086,-7382,0.3611111111111111
2022-03-29T00:00:00.000,9:21,40.787224,-73.95417,1,0,1,1,4078,-7395,0.42168674698795183
2022-04-05T00:00:00.000,16:00,40.724686,-73.81067,0,0,0,0,4072,-7381,0.2926829268292683
2022-04-05T00:00:00.000,21:39,40.660217,-73.89675,2,0,1,1,4066,-7389,0.3103448275862069
2022-04-02T00:00:00.000,7:50,40.678776,-73.90447,0,0,0,0,4067,-7390,0.3282442748091603
2022-04-05T00:00:00.000,16:27,40.891567,-73.83101,0,0,0,0,4089,-7383,0.0
2022-04-05T00:00:00.000,11:40,40.646378,-73.97085,0,0,0,0,4064,-7397,0.4095238095238095
2022-04-05T00:00:00.000,14:15,40.676,-73.90485,0,0,0,0,4067,-7390,0.3282442748091603
2022-04-05T00:00:00.000,7:25,40.662132,-73.98723,1,0,1,1,4066,-7398,0.421875
2022-04-05T00:00:00.000,11:17,40.813255,-73.89804,0,0,0,0,4081,-7389,0.31543624161073824
2022-04-05T00:00:00.000,7:52,40.75895,-73.83192,1,0,1,1,4075,-7383,0.37681159420289856
2022-04-05T00:00:00.000,7:35,40.668224,-73.953445,0,0,0,0,4066,-7395,0.44375
2022-04-05T00:00:00.000,12:00,40.75394,-73.86891,0,0,0,0,4075,-7386,0.33653846153846156
2022-04-05T00:00:00.000,14:16,40.61659,-74.0059,0,0,0,0,4061,-7400,0.3076923076923077
2022-04-05T00:00:00.000,16:03,40.839565,-73.865524,0,0,0,0,4083,-7386,0.24822695035460993
2022-03-28T00:00:00.000,15:04,40.65849,-73.90982,0,0,0,0,4065,-7390,0.375
2022-04-05T00:00:00.000,19:26,40.749615,-73.76853,0,0,0,0,4074,-7376,0.3333333333333333
2022-04-03T00:00:00.000,14:25,40.670868,-73.9198,0,0,0,0,4067,-7391,0.36597938144329895
2021-06-05T00:00:00.000,0:00,40.660656,-73.93033,0,0,0,0,4066,-7393,0.38578680203045684
2022-04-05T00:00:00.000,9:20,40.777874,-73.95175,0,0,0,0,4077,-7395,0.3384615384615385
2022-04-05T00:00:00.000,16:15,40.73842,-73.8989,3,0,1,1,4073,-7389,0.2857142857142857
2022-04-05T00:00:00.000,17:15,40.734097,-73.886894,0,0,0,0,4073,-7388,0.2777777777777778
2022-04-05T00:00:00.000,21:50,40.67624,-73.866104,1,0,1,1,4067,-7386,0.3431372549019608
2022-04-05T00:00:00.000,20:22,40.602276,-73.93566,0,0,0,0,4060,-7393,0.4117647058823529
2022-04-05T00:00:00.000,11:45,40.737682,-73.85206,1,0,1,1,4073,-7385,0.3619047619047619
2022-04-05T00:00:00.000,17:24,40.700462,-73.83593,2,0,1,1,4070,-7383,0.3541666666666667
2022-04-03T00:00:00.000,0:45,40.74694,-73.89051,0,0,0,0,4074,-7389,0.3203125
2022-04-05T00:00:00.000,13:20,40.67816,-73.897484,0,0,0,0,4067,-7389,0.33852140077821014
2022-04-05T00:00:00.000,11:00,40.689106,-73.92539,0,0,0,0,4068,-7392,0.2542372881355932
2022-04-05T00:00:00.000,14:30,40.732613,-73.95804,0,0,0,0,4073,-7395,0.30434782608695654
2022-03-23T00:00:00.000,6:00,40.66224,-73.9186,0,0,0,0,4066,-7391,0.3630952380952381
2022-04-02T00:00:00.000,9:30,40.71786,-73.948326,1,0,1,1,4071,-7394,0.3710691823899371
2022-04-03T00:00:00.000,0:15,40.592484,-73.99494,0,0,0,0,4059,-7399,0.3076923076923077
2022-04-05T00:00:00.000,12:30,40.61364,-74.08482,0,0,0,0,4061,-7408,0.30612244897959184
2022-04-04T00:00:00.000,13:48,40.830334,-73.91895,0,0,0,0,4083,-7391,0.33714285714285713
2022-04-05T00:00:00.000,22:20,40.66771,-73.80912,0,0,0,0,4066,-7380,0.40789473684210525
2022-04-05T00:00:00.000,15:55,40.70253,-73.8143,0,0,0,0,4070,-7381,0.3194444444444444
2022-06-26T00:00:00.000,18:55,40.581604,-73.83077,1,0,1,1,4058,-7383,0.38461538461538464
2022-04-05T00:00:00.000,16:37,40.69835,-73.91103,0,0,0,0,4069,-7391,0.2709677419354839
2022-04-05T00:00:00.000,21:10,40.696667,-73.92824,0,0,0,0,4069,-7392,0.3584905660377358
2022-04-02T00:00:00.000,13:41,40.8375,-73.91061,1,0,1,1,4083,-7391,0.33714285714285713
2022-04-05T00:00:00.000,4:05,40.70753,-73.96443,1,0,1,1,4070,-7396,0.3431372549019608
2022-04-01T00:00:00.000,6:25,40.76118,-73.95791,0,0,0,0,4076,-7395,0.3696969696969697
2022-04-05T00:00:00.000,7:09,40.576042,-73.99008,0,0,0,0,4057,-7399,0.32558139534883723
2021-06-25T00:00:00.000,19:38,40.65117,-73.9419,1,0,1,1,4065,-7394,0.43137254901960786
2022-04-01T00:00:00.000,22:48,40.706596,-73.908585,1,0,1,1,4070,-7390,0.37894736842105264
2022-04-05T00:00:00.000,9:10,40.63574,-73.90853,0,0,0,0,4063,-7390,0.3561643835616438
2022-04-05T00:00:00.000,20:30,40.71649,-73.98854,1,0,1,1,4071,-7398,0.39568345323741005
2022-04-05T00:00:00.000,15:00,40.70858,-73.7979,0,0,0,0,4070,-7379,0.3978494623655914
2022-04-05T00:00:00.000,17:05,40.71574,-73.83673,0,0,0,0,4071,-7383,0.37349397590361444
2022-04-05T00:00:00.000,10:57,40.666096,-73.85197,1,0,1,1,4066,-7385,0.3333333333333333
2022-03-10T00:00:00.000,15:48,40.669003,-73.91839,0,0,0,0,4066,-7391,0.3630952380952381
2022-03-31T00:00:00.000,18:10,40.741135,-73.8986,1,0,1,1,4074,-7389,0.3203125
2022-04-05T00:00:00.000,15:03,40.601048,-73.951744,0,0,0,0,4060,-7395,0.4791666666666667
2022-04-04T00:00:00.000,21:40,40.568695,-74.13621,0,0,0,0,4056,-7413,0.46153846153846156
2022-04-05T00:00:00.000,8:47,40.675625,-73.89879,1,0,1,1,4067,-7389,0.33852140077821014
2022-04-05T00:00:00.000,13:33,40.758007,-73.96625,1,0,1,1,4075,-7396,0.4788732394366197
2022-04-05T00:00:00.000,11:25,40.84024,-73.900764,0,0,0,0,4084,-7390,0.366120218579235
2022-04-05T00:00:00.000,11:44,40.691048,-73.966415,0,0,0,0,4069,-7396,0.325
2022-04-02T00:00:00.000,7:31,40.712204,-73.88638,0,0,0,0,4071,-7388,0.10344827586206896
2022-04-05T00:00:00.000,13:00,40.665257,-73.739555,0,0,0,0,4066,-7373,0.44339622641509435
2022-04-05T00:00:00.000,17:48,40.642292,-73.90449,0,0,0,0,4064,-7390,0.4017094017094017
2022-04-05T00:00:00.000,18:00,40.61372,-73.96208,0,0,0,0,4061,-7396,0.30666666666666664
2022-04-05T00:00:00.000,9:00,40.757374,-73.7475,0,0,0,0,4075,-7374,0.3333333333333333
2022-04-05T00:00:00.000,11:35,40.737114,-73.87922,0,0,0,0,4073,-7387,0.3140495867768595
2022-04-05T00:00:00.000,7:40,40.650517,-73.92359,1,0,1,1,4065,-7392,0.35555555555555557
2022-04-01T00:00:00.000,16:30,40.660328,-73.91126,0,0,0,0,4066,-7391,0.3630952380952381
2022-04-05T00:00:00.000,18:30,40.742485,-73.95668,0,0,0,0,4074,-7395,0.35185185185185186
2022-04-05T00:00:00.000,14:00,40.711834,-73.949814,1,0,1,1,4071,-7394,0.3710691823899371
2022-04-05T00:00:00.000,21:50,40.868095,-73.90027,1,0,1,1,4086,-7390,0.42748091603053434
2022-04-05T00:00:00.000,15:00,40.666008,-73.87132,0,0,0,0,4066,-7387,0.38461538461538464
2022-04-05T00:00:00.000,3:50,40.663155,-73.897514,0,0,0,0,4066,-7389,0.3103448275862069
2022-03-18T00:00:00.000,18:30,40.67131,-73.91309,0,0,0,0,4067,-7391,0.36597938144329895
2022-04-02T00:00:00.000,21:00,40.64544,-73.999214,1,0,1,1,4064,-7399,0.3442622950819672
2022-04-05T00:00:00.000,16:30,40.68488,-73.92311,0,0,0,0,4068,-7392,0.2542372881355932
2022-04-05T00:00:00.000,19:35,40.736046,-73.92673,0,0,0,0,4073,-7392,0.4444444444444444
2022-04-05T00:00:00.000,15:45,40.733963,-73.988785,0,0,0,0,4073,-7398,0.36942675159235666
2022-04-05T00:00:00.000,20:35,40.651157,-73.918144,1,0,1,1,4065,-7391,0.425
2022-04-05T00:00:00.000,15:15,40.826836,-73.92263,0,0,0,0,4082,-7392,0.3333333333333333
2022-04-05T00:00:00.000,18:27,40.7488,-73.96986,1,0,1,1,4074,-7396,0.7
2022-04-04T00:00:00.000,8:00,40.665348,-73.922325,1,0,1,1,4066,-7392,0.355
2022-03-31T00:00:00.000,9:00,40.68603,-73.93268,1,0,1,1,4068,-7393,0.3619047619047619
2022-04-05T00:00:00.000,20:50,40.821358,-73.889114,0,0,0,0,4082,-7388,0.27624309392265195
2022-03-20T00:00:00.000,2:19,40.813606,-73.94868,0,0,0,0,4081,-7394,0.38
2022-04-05T00:00:00.000,11:20,40.66537,-73.73254,1,0,1,1,4066,-7373,0.44339622641509435
2022-04-05T00:00:00.000,7:40,40.846443,-73.826004,1,0,1,1,4084,-7382,0.4
2022-04-05T00:00:00.000,7:33,40.677414,-73.93033,1,0,1,1,4067,-7393,0.3755868544600939
2022-04-05T00:00:00.000,19:09,40.65029,-73.97872,1,0,1,1,4065,-7397,0.4074074074074074
2022-04-05T00:00:00.000,7:30,40.588116,-73.97261,0,0,0,0,4058,-7397,0.2727272727272727
2022-04-05T00:00:00.000,21:47,40.831924,-73.85104,0,0,0,0,4083,-7385,0.30158730158730157
2022-04-03T00:00:00.000,11:02,40.823624,-73.92308,0,0,0,0,4082,-7392,0.3333333333333333
2022-04-05T00:00:00.000,14:07,40.60821,-73.76554,0,0,0,0,4060,-7376,0.19230769230769232
2022-03-18T00:00:00.000,23:20,40.843777,-73.90947,0,0,0,0,4084,-7390,0.366120218579235
2022-04-05T00:00:00.000,7:25,40.696823,-73.91487,0,0,0,0,4069,-7391,0.2709677419354839
2022-04-05T00:00:00.000,16:40,40.652767,-73.95606,1,0,1,1,4065,-7395,0.38686131386861317
2022-04-05T00:00:00.000,9:55,40.663292,-73.92543,1,0,1,1,4066,-7392,0.355
2021-12-18T00:00:00.000,20:22,40.71747,-73.80021,0,0,0,0,4071,-7380,0.42105263157894735
2021-12-28T00:00:00.000,1:24,40.801125,-73.92988,1,0,1,1,4080,-7392,0.3141025641025641
2022-01-07T00:00:00.000,17:00,40.847546,-73.86724,1,0,1,1,4084,-7386,0.375
2022-01-07T00:00:00.000,19:38,40.834164,-73.922226,1,0,1,1,4083,-7392,0.310126582278481
2021-01-07T00:00:00.000,10:01,40.811398,-73.90777,0,0,0,0,4081,-7390,0.3888888888888889
2021-12-31T00:00:00.000,16:30,40.71818,-73.780334,1,0,1,1,4071,-7378,0.32653061224489793
2022-01-07T00:00:00.000,9:45,40.777523,-73.90899,0,0,0,0,4077,-7390,0.3404255319148936
2022-01-06T00:00:00.000,6:30,40.81782,-73.88816,0,0,0,0,4081,-7388,0.25471698113207547
2020-01-10T00:00:00.000,0:00,40.804707,-73.91914,0,0,0,0,4080,-7391,0.38961038961038963
2022-01-03T00:00:00.000,3:24,40.75892,-73.92566,2,0,1,1,4075,-7392,0.48148148148148145
2021-12-12T00:00:00.000,18:13,40.80897,-73.94833,1,0,1,1,4080,-7394,0.41116751269035534
2022-02-20T00:00:00.000,0:26,40.69882,-73.7908,0,0,0,0,4069,-7379,0.25925925925925924
2022-02-20T00:00:00.000,20:00,40.76471,-73.830696,0,0,0,0,4076,-7383,0.33695652173913043
2022-02-20T00:00:00.000,1:40,40.704067,-73.93861,0,0,0,0,4070,-7393,0.3300970873786408
2022-02-20T00:00:00.000,20:10,40.882893,-73.89464,1,0,1,1,4088,-7389,0.4626865671641791
2022-02-20T00:00:00.000,22:00,40.70047,-73.75289,0,0,0,0,4070,-7375,0.4117647058823529
2022-02-20T00:00:00.000,18:15,40.692482,-73.9203,1,0,1,1,4069,-7392,0.3584905660377358
2022-02-20T00:00:00.000,21:45,40.77056,-73.91751,0,0,0,0,4077,-7391,0.3157894736842105
2021-02-19T00:00:00.000,14:15,40.724285,-73.9756,0,0,0,0,4072,-7397,0.3283582089552239
2022-02-19T00:00:00.000,10:06,40.86955,-73.88175,0,0,0,0,4086,-7388,0.23943661971830985
2022-02-20T00:00:00.000,23:30,40.816025,-73.93947,1,0,1,1,4081,-7393,0.32432432432432434
2022-02-19T00:00:00.000,17:27,40.749546,-73.99875,0,0,0,0,4074,-7399,0.3333333333333333
2022-02-12T00:00:00.000,20:30,40.755806,-73.99809,0,0,0,0,4075,-7399,0.2830188679245283
2022-02-20T00:00:00.000,20:50,40.61269,-73.982666,1,0,1,1,4061,-7398,0.3698630136986301
2022-02-20T00:00:00.000,14:20,40.64106,-73.972275,1,0,1,1,4064,-7397,0.4095238095238095
2022-02-20T00:00:00.000,7:35,40.698566,-73.769585,0,0,0,0,4069,-7376,0.3392857142857143
2022-02-20T00:00:00.000,8:00,40.641468,-73.95938,1,0,1,1,4064,-7395,0.4796747967479675
2022-01-08T00:00:00.000,9:08,40.617813,-74.00644,0,0,0,0,4061,-7400,0.3076923076923077
2022-01-08T00:00:00.000,19:45,40.60792,-73.970695,0,0,0,0,4060,-7397,0.3469387755102041
2022-01-08T00:00:00.000,15:56,40.804417,-73.955376,0,0,0,0,4080,-7395,0.381294964028777
2022-01-08T00:00:00.000,18:26,40.65452,-73.882225,1,0,1,1,4065,-7388,0.41509433962264153
2022-01-08T00:00:00.000,1:50,40.718292,-73.98248,0,0,0,0,4071,-7398,0.39568345323741005
2022-01-08T00:00:00.000,10:30,40.73285,-73.956726,0,0,0,0,4073,-7395,0.30434782608695654
2022-01-04T00:00:00.000,15:30,40.584904,-73.95831,1,0,1,1,4058,-7395,0.3465346534653465
2022-01-08T00:00:00.000,9:16,40.61135,-74.09847,0,0,0,0,4061,-7409,0.46153846153846156
2022-01-07T00:00:00.000,0:45,40.67362,-73.884224,0,0,0,0,4067,-7388,0.30434782608695654
2022-01-08T00:00:00.000,6:30,40.60707,-74.09241,0,0,0,0,4060,-7409,0.36363636363636365
2022-01-08T00:00:00.000,2:41,40.896687,-73.84511,0,0,0,0,4089,-7384,0.3333333333333333
2022-01-08T00:00:00.000,10:15,40.74779,-73.94985,0,0,0,0,4074,-7394,0.33962264150943394
2022-01-08T00:00:00.000,2:50,40.73775,-73.768394,0,0,0,0,4073,-7376,0.2857142857142857
2022-01-08T00:00:00.000,5:55,40.698586,-73.814186,0,0,0,0,4069,-7381,0.3902439024390244
2022-01-08T00:00:00.000,9:10,40.727207,-73.90742,0,0,0,0,4072,-7390,0.2978723404255319
2022-01-08T00:00:00.000,17:00,40.86315,-73.90907,0,0,0,0,4086,-7390,0.42748091603053434
2022-01-08T00:00:00.000,11:45,40.694714,-73.93122,0,0,0,0,4069,-7393,0.3141025641025641
2022-01-08T00:00:00.000,15:40,40.64875,-74.02088,0,0,0,0,4064,-7402,0.41379310344827586
2022-01-08T00:00:00.000,12:18,40.836544,-73.87365,1,0,1,1,4083,-7387,0.38414634146341464
2022-01-08T00:00:00.000,18:35,40.69599,-73.98322,1,0,1,1,4069,-7398,0.3229166666666667
2022-01-08T00:00:00.000,0:07,40.881668,-73.87534,0,0,0,0,4088,-7387,0.14583333333333334
2022-01-06T00:00:00.000,19:10,40.609505,-74.181885,0,0,0,0,4060,-7418,0.4
2022-01-08T00:00:00.000,14:00,40.626568,-73.970924,0,0,0,0,4062,-7397,0.38666666666666666
2022-01-08T00:00:00.000,20:35,40.71206,-73.94737,0,0,0,0,4071,-7394,0.3710691823899371
2022-01-08T00:00:00.000,22:46,40.797306,-73.93446,1,0,1,1,4079,-7393,0.36585365853658536
2022-01-01T00:00:00.000,7:23,40.62368,-73.99772,0,0,0,0,4062,-7399,0.3835616438356164
2022-01-07T00:00:00.000,10:23,40.8076,-73.93719,0,0,0,0,4080,-7393,0.36312849162011174
2022-01-08T00:00:00.000,17:25,40.78322,-73.84586,0,0,0,0,4078,-7384,0.23809523809523808
2022-01-08T00:00:00.000,13:14,40.75855,-73.82964,0,0,0,0,4075,-7382,0.4915254237288136
2022-01-08T00:00:00.000,19:00,40.668694,-73.90856,0,0,0,0,4066,-7390,0.2777777777777778
2022-01-05T00:00:00.000,18:30,40.609463,-73.97419,0,0,0,0,4060,-7397,0.3469387755102041
2022-01-08T00:00:00.000,16:00,40.65452,-73.882225,0,0,0,0,4065,-7388,0.41509433962264153
2022-01-08T00:00:00.000,6:08,40.73951,-73.98475,0,0,0,0,4073,-7398,0.36942675159235666
2022-01-08T00:00:00.000,9:45,40.741688,-73.872086,0,0,0,0,4074,-7387,0.25663716814159293
2022-01-08T00:00:00.000,16:00,40.673107,-73.99959,0,0,0,0,4067,-7399,0.3258426966292135
2022-01-06T00:00:00.000,11:20,40.679077,-73.86323,0,0,0,0,4067,-7386,0.3431372549019608
2022-01-05T00:00:00.000,12:30,40.86592,-73.89106,0,0,0,0,4086,-7389,0.40606060606060607
2022-01-08T00:00:00.000,7:20,40.674057,-73.89886,0,0,0,0,4067,-7389,0.33852140077821014
2022-04-05T00:00:00.000,14:35,40.67563,-73.90151,1,0,1,1,4067,-7390,0.3282442748091603
2022-01-08T00:00:00.000,23:10,40.71143,-73.72845,1,0,1,1,4071,-7372,0.40425531914893614
2022-01-08T00:00:00.000,13:04,40.655037,-73.935585,1,0,1,1,4065,-7393,0.44366197183098594
2022-01-08T00:00:00.000,1:41,40.837124,-73.909645,0,0,0,0,4083,-7390,0.3064516129032258
2022-01-08T00:00:00.000,14:00,40.73978,-73.97951,1,0,1,1,4073,-7397,0.32558139534883723
2022-01-04T00:00:00.000,12:04,40.68419,-73.8703,0,0,0,0,4068,-7387,0.24719101123595505
2022-01-08T00:00:00.000,22:00,40.719948,-73.94326,0,0,0,0,4071,-7394,0.3710691823899371
2022-01-08T00:00:00.000,12:48,40.712532,-74.007675,1,0,1,1,4071,-7400,0.25517241379310346
2022-01-08T00:00:00.000,22:07,40.701916,-73.72712,1,0,1,1,4070,-7372,0.4
2022-01-08T00:00:00.000,16:00,40.87135,-73.8385,0,0,0,0,4087,-7383,0.3333333333333333
2022-01-07T00:00:00.000,19:10,40.711845,-73.859764,0,0,0,0,4071,-7385,0.4418604651162791
2022-01-08T00:00:00.000,0:55,40.69297,-73.81538,0,0,0,0,4069,-7381,0.3902439024390244
2022-01-08T00:00:00.000,21:00,40.607235,-73.99194,1,0,1,1,4060,-7399,0.31683168316831684
2022-01-06T00:00:00.000,18:16,40.83411,-73.86336,1,0,1,1,4083,-7386,0.24822695035460993
2022-01-08T00:00:00.000,17:30,40.652767,-73.8863,1,0,1,1,4065,-7388,0.41509433962264153
2022-01-08T00:00:00.000,4:15,40.728947,-73.92793,0,0,0,0,4072,-7392,0.4
2022-01-08T00:00:00.000,21:00,40.71025,-73.799866,2,0,1,1,4071,-7379,0.3888888888888889
2022-01-08T00:00:00.000,11:40,40.78794,-73.84289,0,0,0,0,4078,-7384,0.23809523809523808
2022-01-08T00:00:00.000,17:25,40.6462,-73.93175,0,0,0,0,4064,-7393,0.3333333333333333
2022-01-07T00:00:00.000,6:30,40.837162,-73.8509,0,0,0,0,4083,-7385,0.30158730158730157
2022-01-07T00:00:00.000,17:00,40.66219,-73.8923,0,0,0,0,4066,-7389,0.3103448275862069
2022-01-08T00:00:00.000,17:58,40.749157,-73.86943,2,0,1,1,4074,-7386,0.3813559322033898
2022-01-07T00:00:00.000,4:06,40.824535,-73.876335,1,0,1,1,4082,-7387,0.33544303797468356
2022-01-08T00:00:00.000,9:03,40.614002,-73.98636,0,0,0,0,4061,-7398,0.3698630136986301
2022-01-08T00:00:00.000,13:00,40.88265,-73.889496,0,0,0,0,4088,-7388,0.42857142857142855
2022-01-08T00:00:00.000,14:55,40.58945,-73.960526,1,0,1,1,4058,-7396,0.37333333333333335
2022-01-07T00:00:00.000,9:30,40.721054,-73.8552,1,0,1,1,4072,-7385,0.4418604651162791
2022-01-08T00:00:00.000,18:09,40.54585,-74.164604,1,0,1,1,4054,-7416,0.42857142857142855
2022-01-08T00:00:00.000,13:05,40.834167,-73.92779,0,0,0,0,4083,-7392,0.310126582278481
2022-01-07T00:00:00.000,10:33,40.652767,-73.8863,0,0,0,0,4065,-7388,0.41509433962264153
2022-01-07T00:00:00.000,12:30,40.814026,-73.88959,0,0,0,0,4081,-7388,0.25471698113207547
2022-01-08T00:00:00.000,12:30,40.753075,-73.92139,0,0,0,0,4075,-7392,0.48148148148148145
2022-01-08T00:00:00.000,13:17,40.80465,-73.922264,0,0,0,0,4080,-7392,0.3141025641025641
2022-01-06T00:00:00.000,4:00,40.666134,-73.88492,0,0,0,0,4066,-7388,0.37012987012987014
2022-01-07T00:00:00.000,7:05,40.645397,-73.91893,0,0,0,0,4064,-7391,0.39805825242718446
2022-01-08T00:00:00.000,11:06,40.75539,-73.969765,0,0,0,0,4075,-7396,0.4788732394366197
2022-01-08T00:00:00.000,23:45,40.7488,-73.96986,2,0,1,1,4074,-7396,0.7
2022-01-07T00:00:00.000,21:20,40.586918,-73.96387,0,0,0,0,4058,-7396,0.37333333333333335
2022-01-08T00:00:00.000,10:20,40.820137,-73.89029,0,0,0,0,4082,-7389,0.37423312883435583
2022-01-08T00:00:00.000,23:30,40.640068,-73.986885,1,0,1,1,4064,-7398,0.40425531914893614
2022-03-29T00:00:00.000,14:35,40.77373,-73.96402,0,0,0,0,4077,-7396,0.3695652173913043
2022-01-05T00:00:00.000,11:28,40.677155,-73.86887,1,0,1,1,4067,-7386,0.3431372549019608
2022-01-08T00:00:00.000,7:00,40.742096,-73.86748,1,0,1,1,4074,-7386,0.3813559322033898
2022-01-08T00:00:00.000,20:11,40.798374,-73.941025,0,0,0,0,4079,-7394,0.3523809523809524
2022-01-07T00:00:00.000,19:45,40.675735,-73.89686,0,0,0,0,4067,-7389,0.33852140077821014
2022-01-08T00:00:00.000,14:00,40.749367,-73.984695,3,0,1,1,4074,-7398,0.40131578947368424
2022-04-05T00:00:00.000,15:15,40.742874,-73.933945,0,0,0,0,4074,-7393,0.3333333333333333
2022-01-08T00:00:00.000,5:18,40.81005,-73.88724,1,1,2,1,4081,-7388,0.25471698113207547
2022-01-08T00:00:00.000,11:00,40.65201,-74.0101,0,0,0,0,4065,-7401,0.43478260869565216
2022-01-08T00:00:00.000,21:24,40.703823,-73.8088,0,0,0,0,4070,-7380,0.3877551020408163
2022-01-08T00:00:00.000,0:00,40.660175,-73.9282,0,0,0,0,4066,-7392,0.355
2022-01-08T00:00:00.000,15:40,40.64875,-74.02088,0,0,0,0,4064,-7402,0.41379310344827586
2022-01-08T00:00:00.000,6:00,40.67576,-73.896645,1,0,1,1,4067,-7389,0.33852140077821014
2022-01-08T00:00:00.000,12:50,40.68039,-73.94956,1,0,1,1,4068,-7394,0.4409448818897638
2022-01-07T00:00:00.000,8:00,40.799816,-73.956184,3,0,1,1,4079,-7395,0.42
2022-01-08T00:00:00.000,2:25,40.69195,-73.97897,0,0,0,0,4069,-7397,0.3253012048192771
2022-01-06T00:00:00.000,18:40,40.674786,-73.8762,1,0,1,1,4067,-7387,0.30344827586206896
2022-01-03T00:00:00.000,11:00,40.733433,-73.86418,0,0,0,0,4073,-7386,0.3464566929133858
2022-01-08T00:00:00.000,0:00,40.719025,-73.98978,0,0,0,0,4071,-7398,0.39568345323741005
2022-01-08T00:00:00.000,19:35,40.69351,-73.73087,0,0,0,0,4069,-7373,0.36585365853658536
2022-01-08T00:00:00.000,12:25,40.865364,-73.85139,2,0,1,1,4086,-7385,0.5
2022-01-08T00:00:00.000,16:39,40.760166,-73.83262,0,0,0,0,4076,-7383,0.33695652173913043
2021-12-25T00:00:00.000,3:16,40.737682,-73.85206,3,0,1,1,4073,-7385,0.3619047619047619
2022-01-08T00:00:00.000,8:45,40.771347,-73.92285,0,0,0,0,4077,-7392,0.3269230769230769
2022-01-06T00:00:00.000,21:00,40.74524,-73.90037,0,0,0,0,4074,-7390,0.40625
2022-01-08T00:00:00.000,0:40,40.712727,-73.72899,0,0,0,0,4071,-7372,0.40425531914893614
2022-01-08T00:00:00.000,16:25,40.881992,-73.87718,0,0,0,0,4088,-7387,0.14583333333333334
2021-10-16T00:00:00.000,11:06,40.748302,-73.9783384,1,0,1,1,4074,-7397,0.4810810810810811
2021-10-16T00:00:00.000,0:15,40.8006946,-73.9411094,1,0,1,1,4080,-7394,0.41116751269035534
2021-12-11T00:00:00.000,20:44,40.759106,-73.834145,1,0,1,1,4075,-7383,0.37681159420289856
2021-12-11T00:00:00.000,18:30,40.597267,-73.998665,0,0,0,0,4059,-7399,0.3076923076923077
2021-12-04T00:00:00.000,15:43,40.64455,-73.879944,1,0,1,1,4064,-7387,0.4918032786885246
2021-12-11T00:00:00.000,14:23,40.688995,-73.78581,0,0,0,0,4068,-7378,0.3384615384615385
2021-12-11T00:00:00.000,3:10,40.753036,-73.94062,0,0,0,0,4075,-7394,0.41333333333333333
2021-12-10T00:00:00.000,13:00,40.70647,-73.787605,0,0,0,0,4070,-7378,0.34523809523809523
2021-12-09T00:00:00.000,4:00,40.677868,-73.876945,0,0,0,0,4067,-7387,0.30344827586206896
2021-12-11T00:00:00.000,6:00,40.65023,-73.964226,0,0,0,0,4065,-7396,0.3939393939393939
2021-12-11T00:00:00.000,21:11,40.649277,-73.94361,1,0,1,1,4064,-7394,0.42342342342342343
2021-12-11T00:00:00.000,16:05,40.871563,-73.82481,1,0,1,1,4087,-7382,0.3333333333333333
2021-12-11T00:00:00.000,8:05,40.649986,-73.93215,2,0,1,1,4064,-7393,0.3333333333333333
2021-12-08T00:00:00.000,16:40,40.83863,-73.84938,0,0,0,0,4083,-7384,0.22727272727272727
2021-12-11T00:00:00.000,11:44,40.840836,-73.87258,0,0,0,0,4084,-7387,0.48333333333333334
2021-12-11T00:00:00.000,0:15,40.83761,-73.88106,2,0,1,1,4083,-7388,0.26717557251908397
2021-12-11T00:00:00.000,21:19,40.70489,-73.94617,0,0,0,0,4070,-7394,0.3956043956043956
2021-12-11T00:00:00.000,17:48,40.83472,-73.89846,0,0,0,0,4083,-7389,0.3333333333333333
2021-12-27T00:00:00.000,12:15,40.673107,-73.99959,0,0,0,0,4067,-7399,0.3258426966292135
2022-01-08T00:00:00.000,0:00,40.80641,-73.94227,0,0,0,0,4080,-7394,0.41116751269035534
2020-12-01T00:00:00.000,8:45,40.655094,-73.934654,1,0,1,1,4065,-7393,0.44366197183098594
2021-06-16T00:00:00.000,10:30,40.67398,-73.899315,0,0,0,0,4067,-7389,0.33852140077821014
2021-06-16T00:00:00.000,15:14,40.6643,-73.92918,2,0,1,1,4066,-7392,0.355
2021-06-19T00:00:00.000,20:00,40.683235,-73.86108,1,0,1,1,4068,-7386,0.423728813559322
2021-06-19T00:00:00.000,12:37,40.592205,-73.93551,3,0,1,1,4059,-7393,0.47058823529411764
2022-01-08T00:00:00.000,17:47,40.783566,-73.77733,0,0,0,0,4078,-7377,0.5384615384615384
2021-06-25T00:00:00.000,5:41,40.692234,-73.987305,0,0,0,0,4069,-7398,0.3229166666666667
2021-06-06T00:00:00.000,2:50,40.902157,-73.847626,1,0,1,1,4090,-7384,0.28205128205128205
2021-06-25T00:00:00.000,22:15,40.64215,-74.11504,0,0,0,0,4064,-7411,0.42857142857142855
2021-06-25T00:00:00.000,23:13,40.74998,-73.9054,1,0,1,1,4074,-7390,0.40625
2021-06-24T00:00:00.000,18:45,40.84543,-73.91399,0,0,0,0,4084,-7391,0.32558139534883723
2021-06-19T00:00:00.000,16:18,40.680187,-73.755486,1,0,1,1,4068,-7375,0.3877551020408163
2021-06-23T00:00:00.000,15:30,40.717186,-74.0129,1,0,1,1,4071,-7401,0.3181818181818182
2021-06-24T00:00:00.000,13:45,40.635506,-73.913284,3,0,1,1,4063,-7391,0.5
2021-06-23T00:00:00.000,14:20,40.85185,-73.902725,0,0,0,0,4085,-7390,0.42207792207792205
2021-06-17T00:00:00.000,15:15,40.671337,-73.9448,1,0,1,1,4067,-7394,0.34074074074074073
2021-06-23T00:00:00.000,13:30,40.813374,-73.956276,1,0,1,1,4081,-7395,0.3509933774834437
2021-06-24T00:00:00.000,12:08,40.605988,-73.75864,0,0,0,0,4060,-7375,0.17117117117117117
2021-06-25T00:00:00.000,7:25,40.72878,-73.926155,0,0,0,0,4072,-7392,0.4
2021-06-24T00:00:00.000,17:40,40.70792,-73.784225,0,0,0,0,4070,-7378,0.34523809523809523
2021-06-22T00:00:00.000,13:00,40.73648,-73.874275,1,0,1,1,4073,-7387,0.3140495867768595
2021-06-25T00:00:00.000,0:56,40.758297,-73.80429,0,0,0,0,4075,-7380,0.36363636363636365
2021-06-25T00:00:00.000,19:58,40.702103,-73.788605,0,0,0,0,4070,-7378,0.34523809523809523
2021-06-22T00:00:00.000,0:00,40.823833,-73.87807,1,0,1,1,4082,-7387,0.33544303797468356
2021-06-22T00:00:00.000,16:37,40.717827,-73.8724,0,0,0,0,4071,-7387,0.5652173913043478
2021-06-23T00:00:00.000,0:56,40.66929,-73.842445,0,0,0,0,4066,-7384,0.5925925925925926
2021-06-25T00:00:00.000,11:12,40.722576,-73.94049,0,0,0,0,4072,-7394,0.19801980198019803
2021-06-20T00:00:00.000,19:09,40.82942,-73.91226,1,0,1,1,4082,-7391,0.3355263157894737
2021-06-24T00:00:00.000,16:38,40.645374,-74.004745,1,0,1,1,4064,-7400,0.36764705882352944
2021-06-23T00:00:00.000,23:25,40.62578,-74.02416,2,0,1,1,4062,-7402,0.3625
2021-06-24T00:00:00.000,22:10,40.629208,-73.90126,1,0,1,1,4062,-7390,0.3888888888888889
2021-06-19T00:00:00.000,17:49,40.71112,-73.79742,0,0,0,0,4071,-7379,0.3888888888888889
2021-06-25T00:00:00.000,15:23,40.832367,-73.82971,1,0,1,1,4083,-7382,0.44680851063829785
2021-06-24T00:00:00.000,7:55,40.755928,-73.91928,1,0,1,1,4075,-7391,0.4777777777777778
2021-06-23T00:00:00.000,15:00,40.766815,-73.83038,0,0,0,0,4076,-7383,0.33695652173913043
2021-06-21T00:00:00.000,12:45,40.673714,-73.892456,1,0,1,1,4067,-7389,0.33852140077821014
2021-06-24T00:00:00.000,23:38,40.642017,-73.96266,0,0,0,0,4064,-7396,0.4714285714285714
2021-06-25T00:00:00.000,23:45,0.0,0.0,1,0,1,1,0,0,0.40425531914893614
2021-06-23T00:00:00.000,14:15,40.86284,-73.8468,0,0,0,0,4086,-7384,0.17857142857142858
2021-06-24T00:00:00.000,8:50,40.72085,-74.00394,1,0,1,1,4072,-7400,0.32926829268292684
2021-06-24T00:00:00.000,19:05,40.651764,-73.94854,4,0,1,1,4065,-7394,0.43137254901960786
2021-06-23T00:00:00.000,17:00,40.712406,-73.966,1,0,1,1,4071,-7396,0.3218390804597701
2021-06-23T00:00:00.000,16:51,40.734856,-73.93849,0,0,0,0,4073,-7393,0.38461538461538464
2021-06-25T00:00:00.000,17:16,40.817593,-73.945145,0,0,0,0,4081,-7394,0.38
2021-06-24T00:00:00.000,21:35,40.770424,-73.964325,0,0,0,0,4077,-7396,0.3695652173913043
2021-06-24T00:00:00.000,20:45,40.655457,-73.92883,1,0,1,1,4065,-7392,0.35555555555555557
2021-06-23T00:00:00.000,0:30,40.716175,-73.949715,1,0,1,1,4071,-7394,0.3710691823899371
2021-06-24T00:00:00.000,8:30,40.642303,-74.01324,0,0,0,0,4064,-7401,0.4295774647887324
2021-06-24T00:00:00.000,7:00,40.67256,-73.840256,0,0,0,0,4067,-7384,0.28888888888888886
2021-06-23T00:00:00.000,18:00,40.700016,-73.80129,0,0,0,0,4070,-7380,0.3877551020408163
2021-06-24T00:00:00.000,14:15,40.510056,-74.247826,0,0,0,0,4051,-7424,0.21428571428571427
2021-06-23T00:00:00.000,14:30,40.687103,-73.89251,1,0,1,1,4068,-7389,0.5
2021-06-23T00:00:00.000,16:00,40.67591,-73.89492,0,0,0,0,4067,-7389,0.33852140077821014
2021-06-25T00:00:00.000,15:00,40.71042,-73.85964,0,0,0,0,4071,-7385,0.4418604651162791
2021-06-24T00:00:00.000,17:30,40.668648,-73.92835,0,0,0,0,4066,-7392,0.355
2021-06-21T00:00:00.000,14:13,40.75337,-73.974655,0,0,0,0,4075,-7397,0.375886524822695
2021-06-24T00:00:00.000,13:26,40.72084,-74.00066,1,0,1,1,4072,-7400,0.32926829268292684
2021-06-24T00:00:00.000,23:20,40.666294,-73.89445,1,0,1,1,4066,-7389,0.3103448275862069
2021-06-25T00:00:00.000,12:40,40.669476,-73.919975,0,0,0,0,4066,-7391,0.3630952380952381
2021-06-23T00:00:00.000,9:30,40.743767,-73.83748,0,0,0,0,4074,-7383,0.4067796610169492
2021-06-15T00:00:00.000,16:30,40.683422,-73.77942,0,0,0,0,4068,-7377,0.3673469387755102
2021-06-23T00:00:00.000,14:34,40.64457,-73.94502,0,0,0,0,4064,-7394,0.42342342342342343
2021-06-24T00:00:00.000,17:24,40.851963,-73.83557,1,0,1,1,4085,-7383,0.25
2021-06-23T00:00:00.000,13:39,40.679176,-73.98184,0,0,0,0,4067,-7398,0.3655913978494624
2021-06-23T00:00:00.000,18:10,40.86264,-73.88226,1,0,1,1,4086,-7388,0.23943661971830985
2021-06-10T00:00:00.000,15:30,40.6742,-73.99984,1,0,1,1,4067,-7399,0.3258426966292135
2021-06-24T00:00:00.000,12:33,40.75149,-73.93862,0,0,0,0,4075,-7393,0.43478260869565216
2021-06-23T00:00:00.000,18:50,40.75845,-73.89348,5,0,1,1,4075,-7389,0.4805194805194805
2021-06-19T00:00:00.000,22:00,40.619442,-73.96923,1,0,1,1,4061,-7396,0.30666666666666664
2021-06-15T00:00:00.000,19:39,40.81881,-73.92828,5,0,1,1,4081,-7392,0.4714285714285714
2021-06-23T00:00:00.000,18:27,40.829914,-73.89361,0,0,0,0,4082,-7389,0.37423312883435583
2021-06-24T00:00:00.000,16:44,40.803894,-73.95821,3,0,1,1,4080,-7395,0.381294964028777
2021-06-21T00:00:00.000,15:50,40.692623,-73.93398,1,0,1,1,4069,-7393,0.3141025641025641
2021-06-25T00:00:00.000,6:30,40.607033,-73.76075,0,0,0,0,4060,-7376,0.19230769230769232
2021-06-23T00:00:00.000,8:20,40.70154,-73.93837,0,0,0,0,4070,-7393,0.3300970873786408
2021-06-25T00:00:00.000,19:00,40.654434,-73.92139,1,0,1,1,4065,-7392,0.35555555555555557
2021-06-24T00:00:00.000,13:30,40.651226,-73.97891,0,0,0,0,4065,-7397,0.4074074074074074
2021-06-21T00:00:00.000,6:40,40.753986,-73.80769,0,0,0,0,4075,-7380,0.36363636363636365
2021-06-23T00:00:00.000,8:20,40.69451,-73.930885,1,0,1,1,4069,-7393,0.3141025641025641
2021-06-24T00:00:00.000,21:25,40.796,-73.93542,0,0,0,0,4079,-7393,0.36585365853658536
2021-06-23T00:00:00.000,20:40,40.74403,-73.85869,1,0,1,1,4074,-7385,0.35526315789473684
2021-06-23T00:00:00.000,10:15,40.80556,-73.94495,0,0,0,0,4080,-7394,0.41116751269035534
2021-06-24T00:00:00.000,16:15,40.815094,-73.81155,0,0,0,0,4081,-7381,0.25
2021-06-23T00:00:00.000,9:00,40.79611,-73.96145,0,0,0,0,4079,-7396,0.25
2021-06-24T00:00:00.000,18:20,40.578312,-73.96808,1,0,1,1,4057,-7396,0.3191489361702128
2021-05-27T00:00:00.000,17:49,40.727192,-73.89328,1,0,1,1,4072,-7389,0.41379310344827586
2021-06-22T00:00:00.000,14:00,40.677513,-73.95913,0,0,0,0,4067,-7395,0.3695652173913043
2021-06-24T00:00:00.000,11:55,40.834415,-73.92854,0,0,0,0,4083,-7392,0.310126582278481
2021-06-23T00:00:00.000,13:00,40.70927,-74.016495,0,0,0,0,4070,-7401,0.140625
2021-06-25T00:00:00.000,2:00,40.724228,-74.00423,0,0,0,0,4072,-7400,0.32926829268292684
2021-06-24T00:00:00.000,21:23,40.87916,-73.86856,1,0,1,1,4087,-7386,0.3142857142857143
2021-06-25T00:00:00.000,1:11,40.864872,-73.90253,3,0,1,1,4086,-7390,0.42748091603053434
2021-06-24T00:00:00.000,2:38,40.720318,-74.012184,0,0,0,0,4072,-7401,0.4
2021-06-24T00:00:00.000,19:00,40.806835,-73.924355,0,0,0,0,4080,-7392,0.3141025641025641
2021-06-23T00:00:00.000,22:35,40.670135,-73.858055,0,0,0,0,4067,-7385,0.26666666666666666
2021-06-25T00:00:00.000,6:51,40.82815,-73.93491,0,0,0,0,4082,-7393,0.36645962732919257
2021-06-23T00:00:00.000,10:52,40.79216,-73.9777,1,0,1,1,4079,-7397,0.24210526315789474
2021-06-23T00:00:00.000,2:20,40.705494,-73.776535,0,0,0,0,4070,-7377,0.2413793103448276
2021-06-25T00:00:00.000,8:00,40.660347,-73.767975,1,0,1,1,4066,-7376,0.30434782608695654
2021-06-24T00:00:00.000,21:05,40.69999,-73.788666,0,0,0,0,4069,-7378,0.29310344827586204
2021-06-18T00:00:00.000,20:10,40.67774,-73.79755,0,0,0,0,4067,-7379,0.4264705882352941
2021-06-23T00:00:00.000,10:50,40.673626,-73.76384,0,0,0,0,4067,-7376,0.23076923076923078
2021-06-25T00:00:00.000,18:00,40.65526,-73.93192,0,0,0,0,4065,-7393,0.44366197183098594
2021-06-23T00:00:00.000,7:25,40.753284,-73.90691,0,0,0,0,4075,-7390,0.37254901960784315
2021-06-24T00:00:00.000,17:30,40.655037,-73.88797,0,0,0,0,4065,-7388,0.41509433962264153
2021-06-23T00:00:00.000,21:55,40.637447,-74.01997,1,0,1,1,4063,-7401,0.37777777777777777
2021-06-24T00:00:00.000,10:00,40.655106,-73.955246,0,0,0,0,4065,-7395,0.38686131386861317
2021-06-25T00:00:00.000,15:20,40.583023,-73.95736,0,0,0,0,4058,-7395,0.3465346534653465
2021-06-20T00:00:00.000,23:35,40.722095,-73.77772,5,0,1,1,4072,-7377,0.375
2021-06-18T00:00:00.000,10:00,40.675354,-73.952774,0,2,2,1,4067,-7395,0.3695652173913043
2021-06-23T00:00:00.000,19:37,40.80476,-73.92417,0,0,0,0,4080,-7392,0.3141025641025641
2021-06-22T00:00:00.000,13:50,40.665474,-73.9,0,0,0,0,4066,-7390,0.2777777777777778
2021-06-25T00:00:00.000,16:13,40.826275,-73.85971,0,0,0,0,4082,-7385,0.27
2021-04-22T00:00:00.000,14:16,40.720497,-73.9959,1,0,1,1,4072,-7399,0.3829787234042553
2021-06-04T00:00:00.000,18:40,40.72547,-73.72039,0,0,0,0,4072,-7372,0.3793103448275862
2021-06-25T00:00:00.000,23:36,40.809284,-73.92927,0,0,0,0,4080,-7392,0.3141025641025641
2021-06-25T00:00:00.000,18:00,40.767647,-73.92078,1,0,1,1,4076,-7392,0.42105263157894735
2021-06-24T00:00:00.000,5:26,40.7553,-73.87009,1,0,1,1,4075,-7387,0.33884297520661155
2021-06-24T00:00:00.000,12:00,40.81963,-73.946075,0,0,0,0,4081,-7394,0.38
2021-06-19T00:00:00.000,6:35,40.72671,-73.889305,1,0,1,1,4072,-7388,0.4
2021-06-16T00:00:00.000,17:55,40.715706,-73.81023,0,0,0,0,4071,-7381,0.3448275862068966
2021-06-24T00:00:00.000,10:49,40.645134,-73.90232,0,0,0,0,4064,-7390,0.4017094017094017
2021-06-21T00:00:00.000,16:44,40.67879,-73.920395,2,0,1,1,4067,-7392,0.39655172413793105
2021-06-25T00:00:00.000,10:30,40.685524,-73.74998,0,0,0,0,4068,-7374,0.29411764705882354
2021-06-25T00:00:00.000,10:29,40.764683,-73.758606,0,0,0,0,4076,-7375,0.3409090909090909
2021-06-23T00:00:00.000,15:28,40.751976,-73.93197,1,0,1,1,4075,-7393,0.43478260869565216
2021-06-25T00:00:00.000,14:25,40.742455,-73.86424,0,0,0,0,4074,-7386,0.3813559322033898
2021-06-25T00:00:00.000,5:30,40.674377,-73.8669,0,0,0,0,4067,-7386,0.3431372549019608
2021-06-25T00:00:00.000,19:00,40.688377,-73.733536,0,0,0,0,4068,-7373,0.29411764705882354
2021-06-24T00:00:00.000,9:00,40.673065,-73.95586,0,0,0,0,4067,-7395,0.3695652173913043
2021-06-23T00:00:00.000,13:46,40.812744,-73.937645,0,0,0,0,4081,-7393,0.32432432432432434
2021-06-24T00:00:00.000,23:04,40.844604,-73.90348,0,0,0,0,4084,-7390,0.366120218579235
2021-06-24T00:00:00.000,3:10,40.676495,-73.913704,1,0,1,1,4067,-7391,0.36597938144329895
2021-06-23T00:00:00.000,10:00,40.76298,-73.735725,0,0,0,0,4076,-7373,0.42857142857142855
2021-06-25T00:00:00.000,17:25,40.69401,-73.9611,1,0,1,1,4069,-7396,0.325
2021-06-23T00:00:00.000,11:30,40.761173,-73.95789,0,0,0,0,4076,-7395,0.3696969696969697
2021-06-25T00:00:00.000,3:16,40.60459,-74.02212,1,0,1,1,4060,-7402,0.42105263157894735
2021-06-24T00:00:00.000,21:46,40.639305,-73.96213,1,0,1,1,4063,-7396,0.34615384615384615
2021-06-24T00:00:00.000,9:30,40.889343,-73.83422,0,0,0,0,4088,-7383,0.3448275862068966
2021-06-17T00:00:00.000,10:00,40.82499,-73.91662,0,0,0,0,4082,-7391,0.3355263157894737
2021-06-24T00:00:00.000,19:25,40.81462,-73.908585,0,0,0,0,4081,-7390,0.3888888888888889
2021-06-24T00:00:00.000,8:25,40.69149,-73.92557,1,0,1,1,4069,-7392,0.3584905660377358
2021-06-24T00:00:00.000,13:40,40.742443,-73.93023,0,0,0,0,4074,-7393,0.3333333333333333
2021-06-23T00:00:00.000,11:58,40.72227,-73.9411,0,0,0,0,4072,-7394,0.19801980198019803
2021-06-20T00:00:00.000,14:00,40.68149,-73.87972,1,0,1,1,4068,-7387,0.24719101123595505
2021-06-23T00:00:00.000,14:24,40.65823,-74.00035,1,0,1,1,4065,-7400,0.41509433962264153
2021-06-24T00:00:00.000,15:20,40.758644,-73.981346,0,0,0,0,4075,-7398,0.3170731707317073
2021-06-23T00:00:00.000,1:40,40.825165,-73.86699,1,0,1,1,4082,-7386,0.3493975903614458
2021-06-23T00:00:00.000,17:38,40.613792,-74.0667,0,0,0,0,4061,-7406,0.2
2021-06-23T00:00:00.000,12:00,40.73191,-73.87124,0,0,0,0,4073,-7387,0.3140495867768595
2021-06-24T00:00:00.000,11:15,40.70089,-73.94221,0,0,0,0,4070,-7394,0.3956043956043956
2021-06-23T00:00:00.000,20:00,40.629322,-73.902596,0,0,0,0,4062,-7390,0.3888888888888889
2021-06-11T00:00:00.000,22:00,40.727978,-73.871025,1,0,1,1,4072,-7387,0.5714285714285714
2021-06-21T00:00:00.000,14:45,40.69223,-73.76027,1,0,1,1,4069,-7376,0.3392857142857143
2021-06-23T00:00:00.000,17:25,40.77224,-73.92744,0,0,0,0,4077,-7392,0.3269230769230769
2021-06-25T00:00:00.000,12:26,40.84068,-73.89828,0,0,0,0,4084,-7389,0.33766233766233766
2021-06-21T00:00:00.000,2:00,40.578117,-73.992645,0,0,0,0,4057,-7399,0.32558139534883723
2021-06-23T00:00:00.000,15:24,40.759724,-73.92061,3,0,1,1,4075,-7392,0.48148148148148145
2021-06-20T00:00:00.000,14:00,40.68257,-73.870865,0,0,0,0,4068,-7387,0.24719101123595505
2021-06-22T00:00:00.000,23:45,40.65768,-73.887794,0,0,0,0,4065,-7388,0.41509433962264153
2021-06-25T00:00:00.000,1:30,40.813255,-73.93028,0,0,0,0,4081,-7393,0.32432432432432434
2022-07-03T00:00:00.000,10:00,40.617413,-74.15609,1,0,1,1,4061,-7415,0.3333333333333333
2021-06-22T00:00:00.000,2:59,40.728092,-73.78064,0,0,0,0,4072,-7378,0.4
2021-06-22T00:00:00.000,21:30,40.734478,-73.8917,0,0,0,0,4073,-7389,0.2857142857142857
2021-06-25T00:00:00.000,22:00,40.743427,-73.775475,1,0,1,1,4074,-7377,0.36363636363636365
2021-06-23T00:00:00.000,11:30,40.846474,-73.86559,0,0,0,0,4084,-7386,0.375
2021-06-25T00:00:00.000,9:50,40.828407,-73.84392,0,0,0,0,4082,-7384,0.3835616438356164
2021-06-23T00:00:00.000,15:50,40.658672,-73.90019,0,0,0,0,4065,-7390,0.375
2021-06-24T00:00:00.000,2:30,40.82247,-73.91677,0,0,0,0,4082,-7391,0.3355263157894737
2021-06-23T00:00:00.000,18:24,40.68838,-73.80559,1,0,1,1,4068,-7380,0.3829787234042553
2021-06-23T00:00:00.000,9:15,40.84854,-73.93753,0,0,0,0,4084,-7393,0.32786885245901637
2021-06-15T00:00:00.000,20:55,40.83566,-73.840034,1,0,1,1,4083,-7384,0.22727272727272727
2021-06-25T00:00:00.000,12:09,40.72935,-73.910194,1,0,1,1,4072,-7391,0.36
2021-06-16T00:00:00.000,10:00,40.718445,-73.808624,3,0,1,1,4071,-7380,0.42105263157894735
2021-06-25T00:00:00.000,8:30,40.675045,-73.892235,0,0,0,0,4067,-7389,0.33852140077821014
2021-06-07T00:00:00.000,23:18,40.69165,-73.779205,0,0,0,0,4069,-7377,0.35135135135135137
2021-06-16T00:00:00.000,7:08,40.670734,-73.93373,0,0,0,0,4067,-7393,0.3755868544600939
2021-06-23T00:00:00.000,7:54,40.679184,-73.941284,0,0,0,0,4067,-7394,0.34074074074074073
2021-06-23T00:00:00.000,17:00,40.640774,-74.02917,0,0,0,0,4064,-7402,0.41379310344827586
2021-06-24T00:00:00.000,22:21,40.63418,-73.89792,2,0,1,1,4063,-7389,0.41818181818181815
2021-06-25T00:00:00.000,17:35,40.663567,-73.734474,0,0,0,0,4066,-7373,0.44339622641509435
2021-06-25T00:00:00.000,17:29,40.760822,-73.99832,0,0,0,0,4076,-7399,0.3275862068965517
2021-06-25T00:00:00.000,1:25,40.63529,-73.958206,1,0,1,1,4063,-7395,0.48484848484848486
2021-06-23T00:00:00.000,17:20,40.706573,-73.922874,0,0,0,0,4070,-7392,0.24305555555555555
2021-06-24T00:00:00.000,16:12,40.741234,-73.84573,0,0,0,0,4074,-7384,0.42857142857142855
2021-06-24T00:00:00.000,20:53,40.817875,-73.89333,0,0,0,0,4081,-7389,0.31543624161073824
2021-06-24T00:00:00.000,16:00,40.65603,-73.84974,1,0,1,1,4065,-7384,0.5
2021-06-23T00:00:00.000,13:10,40.784103,-73.84854,0,0,0,0,4078,-7384,0.23809523809523808
2021-06-22T00:00:00.000,14:30,40.665535,-73.93699,0,0,0,0,4066,-7393,0.38578680203045684
2021-06-21T00:00:00.000,10:00,40.70008,-73.89951,4,0,1,1,4070,-7389,0.2711864406779661
2021-06-25T00:00:00.000,23:15,40.761272,-73.95571,0,0,0,0,4076,-7395,0.3696969696969697
2021-06-25T00:00:00.000,9:40,40.634827,-73.9344,1,0,1,1,4063,-7393,0.46153846153846156
2021-06-24T00:00:00.000,10:00,40.717754,-73.75815,1,0,1,1,4071,-7375,0.3269230769230769
2021-06-24T00:00:00.000,23:23,40.668568,-73.944046,1,0,1,1,4066,-7394,0.36792452830188677
2021-06-18T00:00:00.000,15:20,40.6974,-73.80952,0,0,0,0,4069,-7380,0.38461538461538464
2021-06-23T00:00:00.000,17:30,40.667473,-73.90796,1,0,1,1,4066,-7390,0.2777777777777778
2021-06-22T00:00:00.000,17:20,40.85458,-73.9162,1,0,1,1,4085,-7391,0.373134328358209
2022-01-08T00:00:00.000,15:55,40.76027,-73.83049,1,0,1,1,4076,-7383,0.33695652173913043
2021-06-25T00:00:00.000,22:00,40.82406,-73.92815,1,0,1,1,4082,-7392,0.3333333333333333
2021-06-23T00:00:00.000,21:30,40.74673,-73.853226,0,0,0,0,4074,-7385,0.35526315789473684
2021-06-24T00:00:00.000,0:56,40.814487,-73.95547,1,0,1,1,4081,-7395,0.3509933774834437
2021-06-23T00:00:00.000,23:47,40.68657,-73.83794,0,0,0,0,4068,-7383,0.45454545454545453
2021-06-25T00:00:00.000,18:49,40.84267,-73.8543,1,0,1,1,4084,-7385,0.32727272727272727
2021-06-24T00:00:00.000,17:50,40.82572,-73.92716,0,0,0,0,4082,-7392,0.3333333333333333
2021-06-25T00:00:00.000,11:01,40.810352,-73.9457,3,0,1,1,4081,-7394,0.38
2021-06-23T00:00:00.000,14:05,40.723835,-73.97357,0,0,0,0,4072,-7397,0.3283582089552239
2021-06-24T00:00:00.000,16:49,40.74119,-73.79279,0,0,0,0,4074,-7379,0.1
2021-06-21T00:00:00.000,11:00,40.781113,-73.953415,0,0,0,0,4078,-7395,0.42168674698795183
2021-06-23T00:00:00.000,2:58,40.63761,-73.96754,0,0,0,0,4063,-7396,0.34615384615384615
2021-06-24T00:00:00.000,23:00,40.71232,-73.73202,0,0,0,0,4071,-7373,0.25
2021-06-19T00:00:00.000,13:30,40.879414,-73.833565,0,0,0,0,4087,-7383,0.3333333333333333
2021-06-24T00:00:00.000,18:44,40.73832,-73.70374,4,0,1,1,4073,-7370,0.23529411764705882
2021-06-24T00:00:00.000,23:15,40.824352,-73.82022,2,0,1,1,4082,-7382,0.46153846153846156
2021-06-24T00:00:00.000,12:30,40.762966,-73.973976,0,0,0,0,4076,-7397,0.37
2021-06-23T00:00:00.000,11:05,40.793716,-73.80704,1,0,1,1,4079,-7380,0.2
2021-06-23T00:00:00.000,15:43,40.56111,-74.16194,1,0,1,1,4056,-7416,0.35
2021-06-24T00:00:00.000,13:35,40.719624,-74.00864,0,0,0,0,4071,-7400,0.25517241379310346
2021-06-24T00:00:00.000,17:26,40.86268,-73.90905,0,0,0,0,4086,-7390,0.42748091603053434
2021-06-24T00:00:00.000,10:00,40.642864,-74.01266,0,0,0,0,4064,-7401,0.4295774647887324
2021-06-23T00:00:00.000,12:10,40.86226,-73.89589,1,0,1,1,4086,-7389,0.40606060606060607
2021-06-23T00:00:00.000,4:30,40.6893,-73.943405,0,0,0,0,4068,-7394,0.4409448818897638
2021-06-25T00:00:00.000,8:20,40.7267,-73.90034,0,0,0,0,4072,-7390,0.2978723404255319
2021-06-24T00:00:00.000,18:10,40.707016,-73.79826,0,0,0,0,4070,-7379,0.3978494623655914
2021-06-23T00:00:00.000,10:49,40.770153,-73.81313,1,0,1,1,4077,-7381,0.3157894736842105
2021-06-23T00:00:00.000,15:00,40.60242,-73.99459,0,0,0,0,4060,-7399,0.31683168316831684
2021-06-23T00:00:00.000,8:50,40.702976,-73.85876,0,0,0,0,4070,-7385,0.39436619718309857
2021-06-23T00:00:00.000,18:00,40.660656,-73.885796,1,0,1,1,4066,-7388,0.37012987012987014
2021-06-25T00:00:00.000,23:30,40.557735,-74.1807,0,0,0,0,4055,-7418,0.4
2021-06-24T00:00:00.000,14:15,40.84935,-73.8712,0,0,0,0,4084,-7387,0.48333333333333334
2021-06-25T00:00:00.000,11:30,40.781506,-73.816956,0,0,0,0,4078,-7381,0.22580645161290322
2021-06-24T00:00:00.000,21:30,40.709087,-74.00781,0,0,0,0,4070,-7400,0.2542372881355932
2021-06-25T00:00:00.000,15:30,40.750256,-73.938644,0,0,0,0,4075,-7393,0.43478260869565216
2021-06-24T00:00:00.000,8:30,40.75325,-73.9123,0,0,0,0,4075,-7391,0.4777777777777778
2021-06-23T00:00:00.000,17:55,40.69811,-73.91713,0,0,0,0,4069,-7391,0.2709677419354839
2021-06-24T00:00:00.000,10:30,40.59366,-73.98469,0,0,0,0,4059,-7398,0.34146341463414637
2021-06-24T00:00:00.000,16:42,40.666008,-73.789536,1,0,1,1,4066,-7378,0.34615384615384615
2021-06-25T00:00:00.000,13:25,40.645462,-73.974266,0,0,0,0,4064,-7397,0.4095238095238095
2021-06-23T00:00:00.000,5:59,40.730537,-73.8013,0,0,0,0,4073,-7380,0.34285714285714286
2021-06-24T00:00:00.000,16:25,40.567642,-74.10421,0,0,0,0,4056,-7410,0.4
2021-06-24T00:00:00.000,20:58,40.86268,-73.90905,0,0,0,0,4086,-7390,0.42748091603053434
2021-06-25T00:00:00.000,12:40,40.777653,-73.81143,1,0,1,1,4077,-7381,0.3157894736842105
2021-06-23T00:00:00.000,15:10,40.731575,-73.92484,0,0,0,0,4073,-7392,0.4444444444444444
2021-06-24T00:00:00.000,14:10,40.654137,-73.91234,0,0,0,0,4065,-7391,0.425
2021-06-25T00:00:00.000,7:44,40.757374,-73.90369,0,0,0,0,4075,-7390,0.37254901960784315
2021-06-24T00:00:00.000,15:45,40.78176,-73.944145,0,0,0,0,4078,-7394,0.33513513513513515
2021-06-25T00:00:00.000,14:10,40.64445,-74.07683,0,0,0,0,4064,-7407,0.2222222222222222
2021-06-25T00:00:00.000,1:27,40.841843,-73.94539,0,0,0,0,4084,-7394,0.17543859649122806
2021-06-22T00:00:00.000,7:28,40.884968,-73.830345,0,0,0,0,4088,-7383,0.3448275862068966
2021-06-18T00:00:00.000,22:40,40.726524,-73.99585,0,0,0,0,4072,-7399,0.3829787234042553
2021-06-24T00:00:00.000,22:18,40.640556,-73.999756,0,0,0,0,4064,-7399,0.3442622950819672
2021-06-25T00:00:00.000,17:57,40.62048,-73.91736,1,0,1,1,4062,-7391,0.3333333333333333
2021-06-24T00:00:00.000,9:13,40.78274,-73.94755,0,0,0,0,4078,-7394,0.33513513513513515
2021-06-23T00:00:00.000,14:15,40.630302,-74.08141,1,0,1,1,4063,-7408,0.2653061224489796
2021-06-22T00:00:00.000,9:00,40.681625,-73.912346,0,0,0,0,4068,-7391,0.344
2021-06-16T00:00:00.000,12:00,40.70963,-73.814545,0,0,0,0,4070,-7381,0.3194444444444444
2021-06-23T00:00:00.000,8:00,40.728806,-73.84033,0,0,0,0,4072,-7384,0.2711864406779661
2021-06-23T00:00:00.000,12:06,40.617924,-73.93174,0,0,0,0,4061,-7393,0.34285714285714286
2021-06-24T00:00:00.000,10:20,40.66838,-73.885475,0,0,0,0,4066,-7388,0.37012987012987014
2021-06-23T00:00:00.000,20:30,40.64301,-73.96382,0,0,0,0,4064,-7396,0.4714285714285714
2021-06-24T00:00:00.000,23:58,40.626568,-73.970924,0,0,0,0,4062,-7397,0.38666666666666666
2021-06-21T00:00:00.000,18:30,40.658577,-73.89063,0,0,0,0,4065,-7389,0.34965034965034963
2021-06-23T00:00:00.000,8:40,40.801754,-73.93121,1,0,1,1,4080,-7393,0.36312849162011174
2021-06-24T00:00:00.000,17:00,40.716698,-73.95134,0,0,0,0,4071,-7395,0.36585365853658536
2021-06-25T00:00:00.000,8:40,40.713436,-73.76119,1,0,1,1,4071,-7376,0.37142857142857144
2021-06-23T00:00:00.000,19:00,40.75977,-73.91378,0,0,0,0,4075,-7391,0.4777777777777778
2021-06-22T00:00:00.000,19:20,40.608543,-74.08886,0,0,0,0,4060,-7408,0.3235294117647059
2021-06-25T00:00:00.000,20:50,40.610077,-74.00732,1,0,1,1,4061,-7400,0.3076923076923077
2021-06-25T00:00:00.000,23:33,40.6707,-73.77366,2,0,1,1,4067,-7377,0.32608695652173914
2021-06-21T00:00:00.000,13:16,40.763897,-73.95323,0,0,0,0,4076,-7395,0.3696969696969697
2021-06-25T00:00:00.000,0:50,40.724968,-73.840355,0,0,0,0,4072,-7384,0.2711864406779661
2021-06-25T00:00:00.000,18:15,40.58036,-73.96761,0,0,0,0,4058,-7396,0.37333333333333335
2021-06-23T00:00:00.000,13:15,40.70789,-73.84652,0,0,0,0,4070,-7384,0.43333333333333335
2021-06-23T00:00:00.000,13:52,40.68097,-73.98364,0,0,0,0,4068,-7398,0.3873239436619718
2021-06-24T00:00:00.000,0:20,40.7684,-73.99093,0,0,0,0,4076,-7399,0.3275862068965517
2021-06-25T00:00:00.000,20:32,40.64412,-73.98907,0,0,0,0,4064,-7398,0.40425531914893614
2021-06-25T00:00:00.000,14:30,40.59565,-73.908165,1,0,1,1,4059,-7390,0.23404255319148937
2021-06-23T00:00:00.000,14:25,40.553314,-74.1634,1,0,1,1,4055,-7416,0.5416666666666666
2021-06-24T00:00:00.000,0:54,40.682228,-73.814156,0,0,0,0,4068,-7381,0.4117647058823529
2021-06-24T00:00:00.000,17:46,40.666935,-73.77734,1,0,1,1,4066,-7377,0.37362637362637363
2021-06-19T00:00:00.000,16:15,40.667465,-73.77176,0,0,0,0,4066,-7377,0.37362637362637363
2021-06-24T00:00:00.000,15:07,40.816864,-73.882744,0,0,0,0,4081,-7388,0.25471698113207547
2021-06-24T00:00:00.000,6:40,40.66077,-73.89231,0,0,0,0,4066,-7389,0.3103448275862069
2021-06-25T00:00:00.000,10:40,40.816284,-73.8453,0,0,0,0,4081,-7384,0.3333333333333333
2021-06-24T00:00:00.000,15:19,40.62111,-74.00565,0,0,0,0,4062,-7400,0.3150684931506849
2021-06-23T00:00:00.000,13:20,40.66437,-73.769875,0,0,0,0,4066,-7376,0.30434782608695654
2021-06-25T00:00:00.000,21:35,40.832767,-73.82932,1,0,1,1,4083,-7382,0.44680851063829785
2021-06-06T00:00:00.000,19:00,40.88302,-73.85325,1,0,1,1,4088,-7385,0.36619718309859156
2021-06-24T00:00:00.000,16:00,40.658417,-73.90978,0,0,0,0,4065,-7390,0.375
2021-06-24T00:00:00.000,13:27,40.824184,-73.937225,0,0,0,0,4082,-7393,0.36645962732919257
2021-06-24T00:00:00.000,4:14,40.867393,-73.89487,0,0,0,0,4086,-7389,0.40606060606060607
2021-06-24T00:00:00.000,16:45,40.698414,-73.984,0,0,0,0,4069,-7398,0.3229166666666667
2021-06-25T00:00:00.000,13:05,40.648533,-74.01752,0,0,0,0,4064,-7401,0.4295774647887324
2021-06-21T00:00:00.000,19:35,40.66127,-73.896065,0,0,0,0,4066,-7389,0.3103448275862069
2021-06-24T00:00:00.000,19:19,40.69822,-73.943954,1,0,1,1,4069,-7394,0.417910447761194
2021-06-13T00:00:00.000,20:05,40.903763,-73.84325,0,0,0,0,4090,-7384,0.28205128205128205
2021-06-20T00:00:00.000,13:50,40.739964,-73.70071,0,0,0,0,4073,-7370,0.23529411764705882
2021-06-25T00:00:00.000,6:39,40.713795,-74.008835,0,0,0,0,4071,-7400,0.25517241379310346
2021-06-25T00:00:00.000,10:10,40.738796,-73.97716,0,0,0,0,4073,-7397,0.32558139534883723
2021-06-25T00:00:00.000,13:00,40.70359,-74.01254,0,0,0,0,4070,-7401,0.140625
2021-06-25T00:00:00.000,14:55,40.662743,-73.981735,1,0,1,1,4066,-7398,0.421875
2021-06-25T00:00:00.000,19:00,40.676132,-73.81924,1,0,1,1,4067,-7381,0.4230769230769231
2021-06-23T00:00:00.000,6:40,40.744465,-73.77179,0,0,0,0,4074,-7377,0.36363636363636365
2021-06-24T00:00:00.000,17:15,40.760773,-73.984474,1,0,1,1,4076,-7398,0.3081761006289308
2021-06-18T00:00:00.000,23:35,40.84211,-73.82557,0,0,0,0,4084,-7382,0.4
2021-06-25T00:00:00.000,0:10,40.747814,-73.9405,0,0,0,0,4074,-7394,0.33962264150943394
2021-06-24T00:00:00.000,17:00,40.667236,-73.770004,0,0,0,0,4066,-7377,0.37362637362637363
2021-06-25T00:00:00.000,15:05,40.67298,-73.88852,0,0,0,0,4067,-7388,0.30434782608695654
2021-06-17T00:00:00.000,14:30,40.81457,-73.931,0,0,0,0,4081,-7393,0.32432432432432434
2021-06-24T00:00:00.000,23:53,40.6599,-73.916046,1,0,1,1,4065,-7391,0.425
2021-06-24T00:00:00.000,13:20,40.804993,-73.911354,0,0,0,0,4080,-7391,0.38961038961038963
2021-06-25T00:00:00.000,10:22,40.85569,-73.881035,1,0,1,1,4085,-7388,0.3
2021-06-22T00:00:00.000,11:24,40.681686,-73.92469,0,0,0,0,4068,-7392,0.2542372881355932
2021-06-25T00:00:00.000,19:15,40.7315,-73.872086,0,0,0,0,4073,-7387,0.3140495867768595
2021-06-25T00:00:00.000,0:10,40.649277,-73.94361,0,0,0,0,4064,-7394,0.42342342342342343
2021-06-21T00:00:00.000,18:51,40.8178,-73.9456,0,0,0,0,4081,-7394,0.38
2021-06-24T00:00:00.000,16:20,40.832695,-73.94972,0,0,0,0,4083,-7394,0.38926174496644295
2021-06-23T00:00:00.000,13:40,40.88839,-73.84666,1,0,1,1,4088,-7384,0.4153846153846154
2021-06-23T00:00:00.000,13:12,40.607628,-73.9639,3,0,1,1,4060,-7396,0.5714285714285714
2021-06-24T00:00:00.000,14:50,40.699596,-73.7632,1,0,1,1,4069,-7376,0.3392857142857143
2021-06-23T00:00:00.000,8:00,40.805767,-73.88515,0,0,0,0,4080,-7388,0.15789473684210525
2021-06-09T00:00:00.000,10:14,40.71523,-73.822945,0,0,0,0,4071,-7382,0.379746835443038
2021-06-23T00:00:00.000,22:30,40.72088,-73.98797,0,0,0,0,4072,-7398,0.4342105263157895
2021-06-23T00:00:00.000,22:31,40.68341,-73.87304,1,0,1,1,4068,-7387,0.24719101123595505
2021-06-23T00:00:00.000,14:12,40.6634,-73.97785,0,0,0,0,4066,-7397,0.24390243902439024
2021-06-02T00:00:00.000,20:17,40.6784,-73.91308,0,0,0,0,4067,-7391,0.36597938144329895
2021-06-16T00:00:00.000,19:20,40.710777,-73.86502,2,0,1,1,4071,-7386,0.5625
2021-06-25T00:00:00.000,7:00,40.58209,-73.955185,1,0,1,1,4058,-7395,0.3465346534653465
2021-06-23T00:00:00.000,20:20,40.83511,-73.91945,0,0,0,0,4083,-7391,0.33714285714285713
2021-06-18T00:00:00.000,19:40,40.70509,-74.016464,1,0,1,1,4070,-7401,0.140625
2021-06-25T00:00:00.000,16:10,40.829155,-73.93728,2,0,1,1,4082,-7393,0.36645962732919257
2021-06-22T00:00:00.000,14:05,40.86258,-73.925385,0,0,0,0,4086,-7392,0.359375
2021-06-23T00:00:00.000,19:00,40.809677,-73.92021,0,0,0,0,4080,-7392,0.3141025641025641
2021-06-25T00:00:00.000,1:00,40.71655,-73.94569,0,0,0,0,4071,-7394,0.3710691823899371
2021-06-24T00:00:00.000,17:50,40.76657,-73.888466,1,0,1,1,4076,-7388,0.43283582089552236
2021-06-24T00:00:00.000,19:16,40.73028,-73.84824,0,0,0,0,4073,-7384,0.2682926829268293
2021-06-23T00:00:00.000,16:30,40.87307,-73.84424,2,0,1,1,4087,-7384,0.47297297297297297
2021-06-25T00:00:00.000,14:35,40.805042,-73.936935,0,0,0,0,4080,-7393,0.36312849162011174
2021-06-24T00:00:00.000,1:05,40.75232,-73.85959,0,0,0,0,4075,-7385,0.3048780487804878
2021-06-24T00:00:00.000,18:20,40.580727,-74.0991,1,0,1,1,4058,-7409,0.15625
2022-01-08T00:00:00.000,16:30,40.74271,-73.99297,0,0,0,0,4074,-7399,0.3333333333333333
2021-06-24T00:00:00.000,17:24,40.547794,-74.2171,2,0,1,1,4054,-7421,0.4
2021-06-23T00:00:00.000,16:45,40.719448,-73.91193,0,0,0,0,4071,-7391,0.1836734693877551
2021-06-23T00:00:00.000,18:00,40.682373,-73.96162,1,0,1,1,4068,-7396,0.42567567567567566
2021-06-17T00:00:00.000,13:58,40.845104,-73.91494,0,0,0,0,4084,-7391,0.32558139534883723
2021-06-14T00:00:00.000,14:34,40.726986,-73.985756,0,0,0,0,4072,-7398,0.4342105263157895
2021-06-24T00:00:00.000,5:52,40.8575,-73.849365,1,0,1,1,4085,-7384,0.32432432432432434
2021-06-20T00:00:00.000,1:35,40.825176,-73.83526,0,0,0,0,4082,-7383,0.34210526315789475
2021-06-18T00:00:00.000,12:50,40.63981,-74.00761,1,0,1,1,4063,-7400,0.3068181818181818
2021-06-25T00:00:00.000,10:00,40.74662,-73.89359,1,0,1,1,4074,-7389,0.3203125
2021-06-13T00:00:00.000,2:18,40.812386,-73.90329,0,0,0,0,4081,-7390,0.3888888888888889
2021-06-19T00:00:00.000,3:40,40.63082,-73.88636,1,0,1,1,4063,-7388,0.3835616438356164
2021-06-25T00:00:00.000,14:45,40.872585,-73.88128,1,0,1,1,4087,-7388,0.3561643835616438
2021-06-24T00:00:00.000,22:40,40.784348,-73.84487,0,0,0,0,4078,-7384,0.23809523809523808
2021-06-25T00:00:00.000,22:50,40.665257,-73.735344,0,0,0,0,4066,-7373,0.44339622641509435
2021-06-25T00:00:00.000,14:40,40.797813,-73.971344,0,0,0,0,4079,-7397,0.24210526315789474
2022-01-08T00:00:00.000,9:30,40.895725,-73.87482,0,0,0,0,4089,-7387,0.2
2021-06-23T00:00:00.000,11:20,40.68176,-73.88322,0,0,0,0,4068,-7388,0.36538461538461536
2021-05-26T00:00:00.000,14:57,40.647644,-73.91924,0,0,0,0,4064,-7391,0.39805825242718446
2021-06-23T00:00:00.000,14:40,40.731983,-73.91912,2,0,1,1,4073,-7391,0.33962264150943394
2021-06-24T00:00:00.000,8:07,40.728653,-73.895584,1,0,1,1,4072,-7389,0.41379310344827586
2021-06-21T00:00:00.000,16:25,40.74783,-73.88208,1,0,1,1,4074,-7388,0.2978723404255319
2021-06-23T00:00:00.000,22:00,40.674587,-73.85931,0,0,0,0,4067,-7385,0.26666666666666666
2021-06-16T00:00:00.000,14:15,40.700607,-73.89692,1,0,1,1,4070,-7389,0.2711864406779661
2021-06-21T00:00:00.000,14:00,40.655853,-73.910126,0,0,0,0,4065,-7391,0.425
2021-06-23T00:00:00.000,13:53,40.799843,-73.94668,1,0,1,1,4079,-7394,0.3523809523809524
2021-06-25T00:00:00.000,10:00,40.76641,-73.95868,0,0,0,0,4076,-7395,0.3696969696969697
2021-06-25T00:00:00.000,13:25,40.88671,-73.81529,3,0,1,1,4088,-7381,0.4444444444444444
2021-06-25T00:00:00.000,20:00,40.809574,-73.91806,0,0,0,0,4080,-7391,0.38961038961038963
2021-06-25T00:00:00.000,21:45,40.8229,-73.919075,0,0,0,0,4082,-7391,0.3355263157894737
2021-06-15T00:00:00.000,5:37,40.789577,-73.78414,0,0,0,0,4078,-7378,0.4375
2021-06-24T00:00:00.000,13:45,40.777847,-73.81383,1,0,1,1,4077,-7381,0.3157894736842105
2021-06-24T00:00:00.000,9:30,40.856213,-73.861015,0,0,0,0,4085,-7386,0.33766233766233766
2021-06-25T00:00:00.000,12:42,40.861874,-73.89194,0,0,0,0,4086,-7389,0.40606060606060607
2021-06-25T00:00:00.000,22:32,40.861107,-73.89028,1,0,1,1,4086,-7389,0.40606060606060607
2021-06-24T00:00:00.000,8:26,40.54326,-74.19731,0,0,0,0,4054,-7419,0.3333333333333333
2021-06-25T00:00:00.000,12:30,40.637474,-74.11322,0,0,0,0,4063,-7411,0.20689655172413793
2021-06-24T00:00:00.000,16:00,40.652527,-73.94297,0,0,0,0,4065,-7394,0.43137254901960786
2021-06-23T00:00:00.000,12:09,40.60874,-73.74764,0,0,0,0,4060,-7374,0.15789473684210525
2021-06-23T00:00:00.000,18:10,40.595203,-73.75603,2,0,1,1,4059,-7375,0.17777777777777778
2021-06-25T00:00:00.000,21:03,40.58084,-73.938995,0,0,0,0,4058,-7393,0.24324324324324326
2021-06-24T00:00:00.000,9:37,40.65753,-73.89797,0,0,0,0,4065,-7389,0.34965034965034963
2021-06-23T00:00:00.000,7:48,40.641186,-74.02094,0,0,0,0,4064,-7402,0.41379310344827586
2021-05-25T00:00:00.000,11:30,40.58848,-73.991875,0,0,0,0,4058,-7399,0.23076923076923078
2021-06-20T00:00:00.000,21:30,40.73945,-73.79078,0,0,0,0,4073,-7379,0.4
2021-06-17T00:00:00.000,7:20,40.84487,-73.92068,0,0,0,0,4084,-7392,0.3181818181818182
2021-06-14T00:00:00.000,8:20,40.70458,-73.896,0,0,0,0,4070,-7389,0.2711864406779661
2021-06-23T00:00:00.000,22:00,40.695232,-73.859856,0,0,0,0,4069,-7385,0.34
2021-06-23T00:00:00.000,20:15,40.70509,-73.7907,0,0,0,0,4070,-7379,0.3978494623655914
2021-06-24T00:00:00.000,0:30,40.755753,-73.883514,0,0,0,0,4075,-7388,0.3402061855670103
2021-06-15T00:00:00.000,17:58,40.814102,-73.940865,0,0,0,0,4081,-7394,0.38
2021-06-24T00:00:00.000,0:00,40.759,-73.97054,0,0,0,0,4075,-7397,0.375886524822695
2021-06-24T00:00:00.000,4:30,40.876976,-73.88966,0,0,0,0,4087,-7388,0.3561643835616438
2021-06-24T00:00:00.000,17:50,40.748344,-73.75872,0,0,0,0,4074,-7375,0.16666666666666666
2021-06-20T00:00:00.000,2:20,40.705765,-73.896576,3,0,1,1,4070,-7389,0.2711864406779661
2021-06-24T00:00:00.000,22:51,40.682373,-73.96162,1,0,1,1,4068,-7396,0.42567567567567566
2021-06-21T00:00:00.000,14:40,40.661873,-73.96158,0,0,0,0,4066,-7396,0.4074074074074074
2021-06-25T00:00:00.000,23:00,40.75514,-73.92213,0,0,0,0,4075,-7392,0.48148148148148145
2021-06-23T00:00:00.000,17:26,40.536625,-74.15462,0,0,0,0,4053,-7415,0.2222222222222222
2021-06-23T00:00:00.000,20:47,40.691456,-73.98735,1,0,1,1,4069,-7398,0.3229166666666667
2021-06-24T00:00:00.000,10:30,40.758537,-73.97721,0,0,0,0,4075,-7397,0.375886524822695
2021-05-21T00:00:00.000,17:40,40.714417,-73.9011,1,0,1,1,4071,-7390,0.4
2021-06-20T00:00:00.000,7:14,40.649582,-73.73702,1,0,1,1,4064,-7373,1.0
2021-06-21T00:00:00.000,11:50,40.683094,-73.80576,0,0,0,0,4068,-7380,0.3829787234042553
2021-06-24T00:00:00.000,0:00,40.643787,-73.969795,0,0,0,0,4064,-7396,0.4714285714285714
2021-06-24T00:00:00.000,20:00,40.736893,-73.86494,1,0,1,1,4073,-7386,0.3464566929133858
2021-06-25T00:00:00.000,15:21,40.666153,-73.89542,0,0,0,0,4066,-7389,0.3103448275862069
2021-06-25T00:00:00.000,22:30,40.68733,-73.98183,2,0,1,1,4068,-7398,0.3873239436619718
2021-06-23T00:00:00.000,21:27,40.742737,-73.812965,1,0,1,1,4074,-7381,0.46153846153846156
2021-06-25T00:00:00.000,23:53,40.740017,-73.84565,0,0,0,0,4074,-7384,0.42857142857142855
2021-06-25T00:00:00.000,22:44,40.684,-73.95031,1,0,1,1,4068,-7395,0.38571428571428573
2022-01-08T00:00:00.000,17:22,40.71617,-73.882385,0,0,0,0,4071,-7388,0.10344827586206896
2021-06-22T00:00:00.000,8:45,40.672607,-73.89992,0,0,0,0,4067,-7389,0.33852140077821014
2021-06-24T00:00:00.000,11:30,40.676647,-73.91647,2,0,1,1,4067,-7391,0.36597938144329895
2021-06-23T00:00:00.000,14:58,40.647495,-73.93286,1,0,1,1,4064,-7393,0.3333333333333333
2021-06-24T00:00:00.000,15:00,40.888252,-73.83129,0,0,0,0,4088,-7383,0.3448275862068966
2021-06-22T00:00:00.000,16:30,40.705467,-73.90974,0,0,0,0,4070,-7390,0.37894736842105264
2021-06-25T00:00:00.000,12:18,40.629776,-73.994,1,0,1,1,4062,-7399,0.3835616438356164
2021-06-24T00:00:00.000,9:48,40.718987,-73.94635,0,0,0,0,4071,-7394,0.3710691823899371
2021-06-24T00:00:00.000,23:24,40.843903,-73.927284,0,0,0,0,4084,-7392,0.3181818181818182
2021-06-24T00:00:00.000,1:10,40.671474,-73.93088,0,0,0,0,4067,-7393,0.3755868544600939
2021-06-24T00:00:00.000,10:00,40.83281,-73.88525,0,0,0,0,4083,-7388,0.26717557251908397
2021-06-22T00:00:00.000,20:00,40.71839,-73.90417,3,0,1,1,4071,-7390,0.4
2021-06-25T00:00:00.000,9:34,40.603394,-73.74586,0,0,0,0,4060,-7374,0.15789473684210525
2021-06-25T00:00:00.000,8:46,40.767612,-73.950005,0,0,0,0,4076,-7395,0.3696969696969697
2021-06-25T00:00:00.000,14:49,40.628983,-74.00033,0,0,0,0,4062,-7400,0.3150684931506849
2021-06-24T00:00:00.000,5:30,40.768547,-73.90464,0,0,0,0,4076,-7390,0.3055555555555556
2021-06-23T00:00:00.000,0:00,40.81666,-73.888,1,0,1,1,4081,-7388,0.25471698113207547
2021-06-23T00:00:00.000,13:29,40.595726,-74.08326,0,0,0,0,4059,-7408,0.36363636363636365
2021-06-23T00:00:00.000,14:45,40.582287,-74.16907,0,0,0,0,4058,-7416,0.3
2021-06-24T00:00:00.000,10:15,40.69802,-73.97499,0,0,0,0,4069,-7397,0.3253012048192771
2021-06-23T00:00:00.000,10:00,40.761204,-73.75539,0,0,0,0,4076,-7375,0.3409090909090909
2021-06-25T00:00:00.000,18:35,40.881542,-73.838036,0,0,0,0,4088,-7383,0.3448275862068966
2021-06-24T00:00:00.000,21:15,40.752064,-73.97351,1,0,1,1,4075,-7397,0.375886524822695
2021-06-24T00:00:00.000,16:56,40.67461,-73.80428,1,0,1,1,4067,-7380,0.24615384615384617
2021-06-23T00:00:00.000,18:03,40.76031,-73.774315,1,0,1,1,4076,-7377,0.20588235294117646
2021-06-25T00:00:00.000,7:10,40.667664,-73.873695,0,0,0,0,4066,-7387,0.38461538461538464
2021-06-24T00:00:00.000,0:00,40.81079,-73.88744,0,0,0,0,4081,-7388,0.25471698113207547
2021-06-24T00:00:00.000,16:30,40.727947,-73.93999,0,0,0,0,4072,-7393,0.36507936507936506
2021-06-23T00:00:00.000,12:39,40.617672,-73.99542,0,0,0,0,4061,-7399,0.29411764705882354
2021-06-23T00:00:00.000,15:56,40.67432,-73.89708,0,0,0,0,4067,-7389,0.33852140077821014
2021-06-23T00:00:00.000,17:31,40.702,-73.93205,1,0,1,1,4070,-7393,0.3300970873786408
2021-06-22T00:00:00.000,2:50,40.74318,-73.8355,0,0,0,0,4074,-7383,0.4067796610169492
2021-06-24T00:00:00.000,23:30,40.604927,-74.02372,0,0,0,0,4060,-7402,0.42105263157894735
2021-06-23T00:00:00.000,12:30,40.66803,-73.87285,0,0,0,0,4066,-7387,0.38461538461538464
2021-06-21T00:00:00.000,23:04,40.67086,-73.87424,0,0,0,0,4067,-7387,0.30344827586206896
2021-06-18T00:00:00.000,19:20,40.638313,-74.00663,2,0,1,1,4063,-7400,0.3068181818181818
2021-06-22T00:00:00.000,1:13,40.67492,-73.87528,1,0,1,1,4067,-7387,0.30344827586206896
2021-06-23T00:00:00.000,14:50,40.633713,-74.01143,0,0,0,0,4063,-7401,0.37777777777777777
2021-06-21T00:00:00.000,18:00,40.819523,-73.809074,0,0,0,0,4081,-7380,0.1111111111111111
2021-06-23T00:00:00.000,16:10,40.679276,-73.92906,1,0,1,1,4067,-7392,0.39655172413793105
2021-06-24T00:00:00.000,11:11,40.825424,-73.923485,1,0,1,1,4082,-7392,0.3333333333333333
2021-06-09T00:00:00.000,8:00,40.808163,-73.92653,0,0,0,0,4080,-7392,0.3141025641025641
2021-06-24T00:00:00.000,5:45,40.841904,-73.86972,0,0,0,0,4084,-7386,0.375
2021-06-24T00:00:00.000,10:30,40.867794,-73.929985,0,0,0,0,4086,-7392,0.359375
2021-06-25T00:00:00.000,19:43,40.644974,-73.92099,0,0,0,0,4064,-7392,0.4077669902912621
2021-06-23T00:00:00.000,7:47,40.82815,-73.93491,0,0,0,0,4082,-7393,0.36645962732919257
2021-06-23T00:00:00.000,7:00,40.762905,-73.753975,0,0,0,0,4076,-7375,0.3409090909090909
2021-06-25T00:00:00.000,0:35,40.6745,-73.9537,0,0,0,0,4067,-7395,0.3695652173913043
2021-06-25T00:00:00.000,12:00,0.0,0.0,0,0,0,0,0,0,0.40425531914893614
2021-06-23T00:00:00.000,0:00,40.71469,-73.942696,0,0,0,0,4071,-7394,0.3710691823899371
2021-06-25T00:00:00.000,23:00,40.762394,-73.97861,0,0,0,0,4076,-7397,0.37
2021-06-24T00:00:00.000,22:40,40.87002,-73.86337,0,0,0,0,4087,-7386,0.3142857142857143
2021-06-24T00:00:00.000,22:45,40.63743,-73.979485,0,0,0,0,4063,-7397,0.36893203883495146
2021-06-25T00:00:00.000,14:30,40.672882,-73.89808,0,0,0,0,4067,-7389,0.33852140077821014
2021-06-25T00:00:00.000,16:00,40.66653,-73.806274,1,0,1,1,4066,-7380,0.40789473684210525
2021-06-25T00:00:00.000,15:07,40.66937,-73.89523,2,0,1,1,4066,-7389,0.3103448275862069
2021-06-24T00:00:00.000,17:28,40.87314,-73.90572,3,0,1,1,4087,-7390,0.3184713375796178
2021-06-25T00:00:00.000,7:10,40.693935,-73.80026,0,0,0,0,4069,-7380,0.38461538461538464
2021-06-23T00:00:00.000,14:40,40.639404,-73.92588,0,0,0,0,4063,-7392,0.4036697247706422
2021-06-23T00:00:00.000,0:28,40.60058,-73.99161,0,0,0,0,4060,-7399,0.31683168316831684
2021-06-24T00:00:00.000,22:00,40.682243,-73.82222,1,0,1,1,4068,-7382,0.41975308641975306
2021-06-24T00:00:00.000,11:30,40.76781,-73.96202,0,0,0,0,4076,-7396,0.3023255813953488
2021-06-25T00:00:00.000,17:33,40.66546,-73.76389,0,0,0,0,4066,-7376,0.30434782608695654
2021-06-23T00:00:00.000,15:00,40.611423,-74.085655,2,0,1,1,4061,-7408,0.30612244897959184
2021-06-23T00:00:00.000,8:30,40.709225,-73.843155,1,0,1,1,4070,-7384,0.43333333333333335
2021-06-23T00:00:00.000,23:00,40.835598,-73.9138,3,0,1,1,4083,-7391,0.33714285714285713
2021-06-25T00:00:00.000,21:00,40.880062,-73.871,0,0,0,0,4088,-7387,0.14583333333333334
2021-06-23T00:00:00.000,13:00,40.702843,-73.80836,1,0,1,1,4070,-7380,0.3877551020408163
2021-06-23T00:00:00.000,11:52,40.75624,-73.87887,2,0,1,1,4075,-7387,0.33884297520661155
2021-06-19T00:00:00.000,21:00,40.671062,-73.87624,0,0,0,0,4067,-7387,0.30344827586206896
2021-06-18T00:00:00.000,8:54,40.703342,-73.855385,0,0,0,0,4070,-7385,0.39436619718309857
2021-06-23T00:00:00.000,14:30,40.6927,-73.78735,0,0,0,0,4069,-7378,0.29310344827586204
2021-06-25T00:00:00.000,1:29,40.68064,-73.89672,0,0,0,0,4068,-7389,0.5
2021-06-24T00:00:00.000,5:00,40.772655,-73.95556,0,0,0,0,4077,-7395,0.3384615384615385
2022-01-08T00:00:00.000,19:50,40.690838,-73.822876,0,0,0,0,4069,-7382,0.37209302325581395
2021-06-25T00:00:00.000,16:29,40.582874,-73.98053,1,0,1,1,4058,-7398,0.4
2021-06-24T00:00:00.000,14:35,40.65801,-73.92078,0,0,0,0,4065,-7392,0.35555555555555557
2021-06-25T00:00:00.000,9:30,40.701576,-74.01215,0,0,0,0,4070,-7401,0.140625
2021-06-23T00:00:00.000,16:00,40.697872,-73.802376,3,0,1,1,4069,-7380,0.38461538461538464
2021-06-23T00:00:00.000,10:30,40.574905,-74.121735,1,0,1,1,4057,-7412,0.36363636363636365
2021-06-24T00:00:00.000,10:31,40.737797,-73.8507,0,0,0,0,4073,-7385,0.3619047619047619
2021-06-23T00:00:00.000,19:40,40.644863,-73.91113,1,0,1,1,4064,-7391,0.39805825242718446
2021-06-25T00:00:00.000,16:20,40.71274,-73.73884,0,0,0,0,4071,-7373,0.25
2021-06-25T00:00:00.000,22:00,40.770054,-73.914406,0,0,0,0,4077,-7391,0.3157894736842105
2021-06-23T00:00:00.000,14:00,40.74156,-73.88065,1,0,1,1,4074,-7388,0.2978723404255319
2021-06-25T00:00:00.000,16:21,40.754414,-73.87854,1,0,1,1,4075,-7387,0.33884297520661155
2021-06-25T00:00:00.000,3:25,40.69423,-73.93311,0,0,0,0,4069,-7393,0.3141025641025641
2021-06-17T00:00:00.000,16:45,40.70918,-73.81916,0,0,0,0,4070,-7381,0.3194444444444444
2021-06-25T00:00:00.000,16:15,40.826855,-73.922676,0,0,0,0,4082,-7392,0.3333333333333333
2021-06-23T00:00:00.000,8:15,40.65067,-73.95248,0,0,0,0,4065,-7395,0.38686131386861317
2021-06-23T00:00:00.000,19:26,40.76275,-73.99692,0,0,0,0,4076,-7399,0.3275862068965517
2021-06-25T00:00:00.000,15:05,40.74084,-73.72681,2,0,1,1,4074,-7372,0.375
2021-06-24T00:00:00.000,20:40,40.632603,-73.96617,1,0,1,1,4063,-7396,0.34615384615384615
2021-06-25T00:00:00.000,23:04,40.84766,-73.83151,1,0,1,1,4084,-7383,0.4318181818181818
2021-06-25T00:00:00.000,18:22,40.68267,-73.966736,1,0,1,1,4068,-7396,0.42567567567567566
2021-06-23T00:00:00.000,15:06,40.881264,-73.83875,0,0,0,0,4088,-7383,0.3448275862068966
2021-06-25T00:00:00.000,3:30,40.74312,-73.867485,0,0,0,0,4074,-7386,0.3813559322033898
2021-06-24T00:00:00.000,16:00,40.685318,-73.958305,1,0,1,1,4068,-7395,0.38571428571428573
2021-06-25T00:00:00.000,13:30,40.699844,-73.76111,3,0,1,1,4069,-7376,0.3392857142857143
2021-06-24T00:00:00.000,13:15,40.70297,-73.94333,0,0,0,0,4070,-7394,0.3956043956043956
2021-06-24T00:00:00.000,22:40,40.665257,-73.735344,0,0,0,0,4066,-7373,0.44339622641509435
2021-06-25T00:00:00.000,13:00,40.58382,-73.970856,0,0,0,0,4058,-7397,0.2727272727272727
2021-06-23T00:00:00.000,14:19,40.840874,-73.91979,0,0,0,0,4084,-7391,0.32558139534883723
2021-06-23T00:00:00.000,11:35,40.714027,-73.73824,1,0,1,1,4071,-7373,0.25
2021-06-22T00:00:00.000,10:00,40.734196,-73.78355,0,0,0,0,4073,-7378,0.391304347826087
2022-01-08T00:00:00.000,10:35,40.59651,-73.98423,0,0,0,0,4059,-7398,0.34146341463414637
2021-06-24T00:00:00.000,8:30,40.75533,-73.83432,0,0,0,0,4075,-7383,0.37681159420289856
2021-06-20T00:00:00.000,21:30,40.72417,-73.7742,0,0,0,0,4072,-7377,0.375
2021-06-25T00:00:00.000,7:50,40.717014,-73.82971,1,0,1,1,4071,-7382,0.379746835443038
2021-06-23T00:00:00.000,13:59,40.611637,-73.91287,0,0,0,0,4061,-7391,0.358974358974359
2021-06-24T00:00:00.000,6:40,40.67818,-73.870705,0,0,0,0,4067,-7387,0.30344827586206896
2021-06-24T00:00:00.000,19:00,40.75826,-73.76829,0,0,0,0,4075,-7376,0.4
2021-06-24T00:00:00.000,23:35,40.787174,-73.81349,0,0,0,0,4078,-7381,0.22580645161290322
2021-06-24T00:00:00.000,18:00,40.821167,-73.91356,2,0,1,1,4082,-7391,0.3355263157894737
2021-06-25T00:00:00.000,14:00,40.696175,-73.98036,0,0,0,0,4069,-7398,0.3229166666666667
2021-06-23T00:00:00.000,8:15,40.65576,-74.008354,0,0,0,0,4065,-7400,0.41509433962264153
2021-06-25T00:00:00.000,18:50,40.8617,-73.89139,0,0,0,0,4086,-7389,0.40606060606060607
2021-06-24T00:00:00.000,19:11,40.596607,-73.99453,0,0,0,0,4059,-7399,0.3076923076923077
2021-06-23T00:00:00.000,17:20,40.701122,-73.942604,1,0,1,1,4070,-7394,0.3956043956043956
2021-06-25T00:00:00.000,20:15,40.841133,-73.924,0,0,0,0,4084,-7392,0.3181818181818182
2021-06-24T00:00:00.000,19:45,40.773785,-73.95825,0,0,0,0,4077,-7395,0.3384615384615385
2021-06-24T00:00:00.000,10:45,40.68049,-73.774704,1,0,1,1,4068,-7377,0.3673469387755102
2021-06-25T00:00:00.000,10:45,40.663292,-73.874756,2,0,1,1,4066,-7387,0.38461538461538464
2021-06-18T00:00:00.000,22:28,40.714676,-73.88506,2,0,1,1,4071,-7388,0.10344827586206896
2021-06-19T00:00:00.000,10:00,40.88449,-73.84913,0,0,0,0,4088,-7384,0.4153846153846154
2021-06-24T00:00:00.000,21:42,40.83605,-73.85513,0,0,0,0,4083,-7385,0.30158730158730157
2021-06-24T00:00:00.000,7:50,40.64431,-73.98796,1,0,1,1,4064,-7398,0.40425531914893614
2021-06-24T00:00:00.000,14:28,40.84148,-73.88853,3,0,1,1,4084,-7388,0.390625
2021-06-21T00:00:00.000,21:03,40.663284,-73.96096,1,0,1,1,4066,-7396,0.4074074074074074
2021-06-25T00:00:00.000,20:15,40.57776,-73.83606,0,0,0,0,4057,-7383,0.25
2021-06-19T00:00:00.000,4:30,40.817116,-73.94801,0,0,0,0,4081,-7394,0.38
2021-06-24T00:00:00.000,11:36,40.674435,-73.919464,1,0,1,1,4067,-7391,0.36597938144329895
2021-06-23T00:00:00.000,19:00,40.84543,-73.91399,0,0,0,0,4084,-7391,0.32558139534883723
2021-06-17T00:00:00.000,5:20,40.8313,-73.92657,0,0,0,0,4083,-7392,0.310126582278481
2021-06-25T00:00:00.000,14:00,40.765182,-73.81414,1,0,1,1,4076,-7381,0.4716981132075472
2021-06-14T00:00:00.000,0:49,40.68986,-73.95147,2,0,1,1,4068,-7395,0.38571428571428573
2021-06-23T00:00:00.000,17:37,40.728855,-73.92782,1,0,1,1,4072,-7392,0.4
2021-06-23T00:00:00.000,21:46,40.830112,-73.850266,1,0,1,1,4083,-7385,0.30158730158730157
2021-06-23T00:00:00.000,23:05,40.69613,-73.987114,0,0,0,0,4069,-7398,0.3229166666666667
2021-06-23T00:00:00.000,20:20,40.66564,-73.89228,0,0,0,0,4066,-7389,0.3103448275862069
2021-06-24T00:00:00.000,1:00,40.683186,-73.784035,0,0,0,0,4068,-7378,0.3384615384615385
2021-06-25T00:00:00.000,10:20,40.768047,-73.91382,0,0,0,0,4076,-7391,0.40476190476190477
2021-06-24T00:00:00.000,17:35,40.6545,-73.9445,1,0,1,1,4065,-7394,0.43137254901960786
2021-06-18T00:00:00.000,18:17,40.722042,-73.91329,0,0,0,0,4072,-7391,0.36
2021-06-23T00:00:00.000,18:18,40.58466,-73.95086,0,0,0,0,4058,-7395,0.3465346534653465
2021-06-19T00:00:00.000,19:17,40.839676,-73.871216,0,1,2,1,4083,-7387,0.38414634146341464
2021-06-21T00:00:00.000,20:50,40.849525,-73.939926,0,0,0,0,4084,-7393,0.32786885245901637
2021-06-25T00:00:00.000,21:50,40.806076,-73.92564,1,0,1,1,4080,-7392,0.3141025641025641
2021-06-23T00:00:00.000,18:35,40.67545,-73.73852,0,0,0,0,4067,-7373,0.46835443037974683
2021-06-24T00:00:00.000,16:20,40.742508,-73.91788,1,0,1,1,4074,-7391,0.38333333333333336
2021-06-24T00:00:00.000,20:50,40.815018,-73.95648,0,0,0,0,4081,-7395,0.3509933774834437
2021-06-23T00:00:00.000,19:40,40.881554,-73.85903,0,0,0,0,4088,-7385,0.36619718309859156
2021-06-21T00:00:00.000,19:50,40.84554,-73.93278,0,0,0,0,4084,-7393,0.32786885245901637
2021-04-06T00:00:00.000,2:58,40.71184,-73.905594,0,0,0,0,4071,-7390,0.4
2021-06-22T00:00:00.000,20:44,40.65942,-73.761116,1,0,1,1,4065,-7376,0.35714285714285715
2021-06-25T00:00:00.000,16:29,40.647766,-73.95816,1,0,1,1,4064,-7395,0.4796747967479675
2021-06-22T00:00:00.000,22:00,40.701046,-73.89153,1,0,1,1,4070,-7389,0.2711864406779661
2021-06-24T00:00:00.000,16:00,40.681503,-73.974236,1,0,1,1,4068,-7397,0.3412322274881517
2021-06-23T00:00:00.000,0:20,40.71585,-73.81183,0,0,0,0,4071,-7381,0.3448275862068966
2021-06-23T00:00:00.000,21:20,40.711823,-73.83612,1,0,1,1,4071,-7383,0.37349397590361444
2021-06-24T00:00:00.000,5:30,40.682037,-74.00232,0,0,0,0,4068,-7400,0.3333333333333333
2022-07-12T00:00:00.000,17:45,40.709362,-73.9943,0,0,0,0,4070,-7399,0.21052631578947367
2021-06-23T00:00:00.000,15:00,40.713463,-73.89872,0,0,0,0,4071,-7389,0.38095238095238093
2021-06-18T00:00:00.000,10:45,40.61351,-74.12722,0,0,0,0,4061,-7412,0.25
2021-06-25T00:00:00.000,16:39,40.821415,-73.88933,0,0,0,0,4082,-7388,0.27624309392265195
2021-06-22T00:00:00.000,9:25,40.689144,-73.99071,0,0,0,0,4068,-7399,0.17857142857142858
2021-06-19T00:00:00.000,5:10,40.818558,-73.92732,2,0,1,1,4081,-7392,0.4714285714285714
2021-06-24T00:00:00.000,17:00,40.734135,-73.86918,0,0,0,0,4073,-7386,0.3464566929133858
2021-06-25T00:00:00.000,13:30,40.701458,-73.80414,0,0,0,0,4070,-7380,0.3877551020408163
2021-06-24T00:00:00.000,4:58,40.68064,-73.95338,0,0,0,0,4068,-7395,0.38571428571428573
2021-06-25T00:00:00.000,5:30,40.81573,-73.86262,0,0,0,0,4081,-7386,0.23333333333333334
2021-06-25T00:00:00.000,23:59,40.748108,-73.947365,4,0,1,1,4074,-7394,0.33962264150943394
2021-04-29T00:00:00.000,20:45,40.80992,-73.90722,0,0,0,0,4080,-7390,0.36538461538461536
2021-06-24T00:00:00.000,20:30,40.68034,-73.80787,0,0,0,0,4068,-7380,0.3829787234042553
2021-06-24T00:00:00.000,6:06,40.668377,-73.92012,1,0,1,1,4066,-7392,0.355
2021-06-23T00:00:00.000,20:25,40.637077,-73.92638,0,0,0,0,4063,-7392,0.4036697247706422
2021-06-24T00:00:00.000,9:00,40.69802,-73.97499,0,0,0,0,4069,-7397,0.3253012048192771
2021-06-18T00:00:00.000,14:40,40.709682,-73.89891,0,0,0,0,4070,-7389,0.2711864406779661
2021-06-23T00:00:00.000,16:06,40.80118,-73.93975,1,0,1,1,4080,-7393,0.36312849162011174
2021-06-25T00:00:00.000,19:35,40.74238,-73.88189,1,0,1,1,4074,-7388,0.2978723404255319
2021-06-24T00:00:00.000,8:00,40.74766,-73.88257,0,0,0,0,4074,-7388,0.2978723404255319
2021-06-22T00:00:00.000,12:02,40.665245,-73.87513,0,0,0,0,4066,-7387,0.38461538461538464
2021-06-23T00:00:00.000,19:21,40.669113,-73.95336,0,0,0,0,4066,-7395,0.44375
2021-06-23T00:00:00.000,6:35,40.79591,-73.93738,0,0,0,0,4079,-7393,0.36585365853658536
2021-06-23T00:00:00.000,2:17,40.735313,-73.994125,1,0,1,1,4073,-7399,0.423728813559322
2021-06-25T00:00:00.000,16:05,40.66563,-73.91361,0,0,0,0,4066,-7391,0.3630952380952381
2021-06-24T00:00:00.000,22:00,40.82256,-73.87101,0,0,0,0,4082,-7387,0.33544303797468356
2022-01-08T00:00:00.000,2:05,40.628147,-73.92013,0,0,0,0,4062,-7392,0.3611111111111111
2021-06-24T00:00:00.000,13:30,40.68816,-73.848854,0,0,0,0,4068,-7384,0.3333333333333333
2021-06-24T00:00:00.000,19:30,40.554893,-74.139,1,0,1,1,4055,-7413,0.2777777777777778
2021-06-23T00:00:00.000,8:30,40.673588,-73.73351,1,0,1,1,4067,-7373,0.46835443037974683
2021-06-23T00:00:00.000,14:30,40.87066,-73.85643,0,0,0,0,4087,-7385,0.37681159420289856
2021-06-23T00:00:00.000,23:17,40.700516,-73.89799,1,0,1,1,4070,-7389,0.2711864406779661
2024-10-09T00:00:00.000,9:58,40.73937,-73.79189,0,0,0,0,4073,-7379,0.4
2021-06-23T00:00:00.000,14:39,40.566383,-74.101555,1,0,1,1,4056,-7410,0.4
2021-06-25T00:00:00.000,8:43,40.852955,-73.84316,1,0,1,1,4085,-7384,0.32432432432432434
2021-06-25T00:00:00.000,12:30,40.701588,-73.7544,1,0,1,1,4070,-7375,0.4117647058823529
2021-06-24T00:00:00.000,14:35,40.658524,-73.92136,0,0,0,0,4065,-7392,0.35555555555555557
2021-06-25T00:00:00.000,13:00,40.71315,-73.910225,0,0,0,0,4071,-7391,0.1836734693877551
2021-06-25T00:00:00.000,9:47,40.716015,-74.00883,1,0,1,1,4071,-7400,0.25517241379310346
2021-06-22T00:00:00.000,0:00,40.66878,-73.88215,0,0,0,0,4066,-7388,0.37012987012987014
2021-06-23T00:00:00.000,17:05,0.0,0.0,1,0,1,1,0,0,0.40425531914893614
2021-06-24T00:00:00.000,10:55,40.84206,-73.823425,1,0,1,1,4084,-7382,0.4
2021-06-25T00:00:00.000,1:00,40.713287,-73.87163,0,0,0,0,4071,-7387,0.5652173913043478
2021-06-24T00:00:00.000,10:59,40.756485,-73.94005,0,0,0,0,4075,-7394,0.41333333333333333
2021-06-25T00:00:00.000,18:39,40.646255,-73.908905,1,0,1,1,4064,-7390,0.4017094017094017
2021-06-25T00:00:00.000,8:09,40.739674,-73.934586,1,0,1,1,4073,-7393,0.38461538461538464
2021-10-17T00:00:00.000,0:50,40.7582225,-73.9198072,0,0,0,0,4075,-7391,0.4777777777777778
2021-06-22T00:00:00.000,14:30,40.677227,-73.97842,0,0,0,0,4067,-7397,0.2818181818181818
2021-06-22T00:00:00.000,14:11,40.720715,-73.80319,2,0,1,1,4072,-7380,0.2727272727272727
2021-06-24T00:00:00.000,17:23,40.72293,-73.847336,0,0,0,0,4072,-7384,0.2711864406779661
2021-06-24T00:00:00.000,14:00,40.755505,-73.96807,0,0,0,0,4075,-7396,0.4788732394366197
2021-06-24T00:00:00.000,16:33,40.800663,-73.946465,1,0,1,1,4080,-7394,0.41116751269035534
2021-06-24T00:00:00.000,0:00,40.820297,-73.90411,0,0,0,0,4082,-7390,0.3025210084033613
2021-06-24T00:00:00.000,19:40,40.61364,-74.08482,0,0,0,0,4061,-7408,0.30612244897959184
2021-06-24T00:00:00.000,8:50,40.82839,-73.895065,1,0,1,1,4082,-7389,0.37423312883435583
2021-06-25T00:00:00.000,12:07,40.61146,-73.92437,0,0,0,0,4061,-7392,0.2982456140350877
2021-06-24T00:00:00.000,14:50,40.75895,-73.83192,0,0,0,0,4075,-7383,0.37681159420289856
2021-06-13T00:00:00.000,22:57,40.64491,-73.92192,0,0,0,0,4064,-7392,0.4077669902912621
2021-06-24T00:00:00.000,10:50,40.610653,-73.95355,1,0,1,1,4061,-7395,0.4461538461538462
2021-06-23T00:00:00.000,19:09,40.723648,-73.99103,3,0,1,1,4072,-7399,0.3829787234042553
2021-06-12T00:00:00.000,8:20,40.70918,-73.81916,0,0,0,0,4070,-7381,0.3194444444444444
2021-06-25T00:00:00.000,14:10,40.722214,-73.83892,0,0,0,0,4072,-7383,0.4909090909090909
2022-01-08T00:00:00.000,10:00,40.83539,-73.887825,0,0,0,0,4083,-7388,0.26717557251908397
2021-06-15T00:00:00.000,17:00,40.737553,-73.85089,0,0,0,0,4073,-7385,0.3619047619047619
2021-06-25T00:00:00.000,8:19,40.880657,-73.877625,0,0,0,0,4088,-7387,0.14583333333333334
2021-06-25T00:00:00.000,14:00,40.8352,-73.86599,0,0,0,0,4083,-7386,0.24822695035460993
2021-06-24T00:00:00.000,11:45,40.764603,-73.960266,0,0,0,0,4076,-7396,0.3023255813953488
2021-06-23T00:00:00.000,18:37,40.844875,-73.8678,1,0,1,1,4084,-7386,0.375
2021-06-23T00:00:00.000,2:48,40.69627,-73.90956,0,0,0,0,4069,-7390,0.29591836734693877
2021-06-24T00:00:00.000,15:30,40.830986,-73.91139,1,0,1,1,4083,-7391,0.33714285714285713
2021-06-23T00:00:00.000,17:30,40.800964,-73.971016,0,0,0,0,4080,-7397,0.375
2021-06-25T00:00:00.000,17:59,40.670864,-73.80753,0,0,0,0,4067,-7380,0.24615384615384617
2022-07-10T00:00:00.000,10:10,40.67066,-73.957985,1,0,1,1,4067,-7395,0.3695652173913043
2021-06-23T00:00:00.000,2:30,40.67816,-73.897484,0,0,0,0,4067,-7389,0.33852140077821014
2021-06-25T00:00:00.000,20:22,40.607082,-73.94607,0,0,0,0,4060,-7394,0.5217391304347826
2021-06-20T00:00:00.000,22:30,40.66647,-73.882515,1,0,1,1,4066,-7388,0.37012987012987014
2021-06-25T00:00:00.000,13:38,40.677017,-73.92182,0,0,0,0,4067,-7392,0.39655172413793105
2021-06-25T00:00:00.000,16:00,40.843616,-73.87182,4,0,1,1,4084,-7387,0.48333333333333334
2021-06-23T00:00:00.000,17:15,40.783398,-73.80459,0,0,0,0,4078,-7380,0.30434782608695654
2021-06-25T00:00:00.000,11:30,40.862534,-73.89708,3,0,1,1,4086,-7389,0.40606060606060607
2021-06-24T00:00:00.000,13:39,40.882217,-73.88046,0,0,0,0,4088,-7388,0.42857142857142855
2021-06-23T00:00:00.000,11:45,40.578823,-73.98628,1,0,1,1,4057,-7398,0.36904761904761907
2021-06-25T00:00:00.000,18:11,40.657246,-73.90062,4,0,1,1,4065,-7390,0.375
2021-06-25T00:00:00.000,20:00,40.74962,-73.86665,1,0,1,1,4074,-7386,0.3813559322033898
2021-06-24T00:00:00.000,7:50,40.69328,-73.9043,0,0,0,0,4069,-7390,0.29591836734693877
2021-06-25T00:00:00.000,17:30,40.584366,-73.9271,0,0,0,0,4058,-7392,0.375
2021-06-24T00:00:00.000,21:45,40.892475,-73.8545,0,0,0,0,4089,-7385,0.3813559322033898
2021-06-24T00:00:00.000,18:00,40.5232,-74.234886,0,0,0,0,4052,-7423,0.3333333333333333
2021-06-25T00:00:00.000,17:13,40.846725,-73.93563,0,0,0,0,4084,-7393,0.32786885245901637
2021-06-24T00:00:00.000,17:32,40.80582,-73.90926,1,0,1,1,4080,-7390,0.36538461538461536
2021-06-25T00:00:00.000,8:10,40.838688,-73.93779,0,0,0,0,4083,-7393,0.3333333333333333
2021-06-24T00:00:00.000,22:21,40.840496,-73.94599,0,0,0,0,4084,-7394,0.17543859649122806
2021-06-24T00:00:00.000,0:30,40.734756,-73.99279,0,0,0,0,4073,-7399,0.423728813559322
2021-06-24T00:00:00.000,8:20,40.592987,-73.78905,0,0,0,0,4059,-7378,0.14705882352941177
2021-06-23T00:00:00.000,14:47,40.696575,-73.77619,0,0,0,0,4069,-7377,0.35135135135135137
2021-06-23T00:00:00.000,19:30,40.76502,-73.9174,0,0,0,0,4076,-7391,0.40476190476190477
2021-06-23T00:00:00.000,14:10,40.886955,-73.86298,1,0,1,1,4088,-7386,0.23809523809523808
2021-06-25T00:00:00.000,23:30,40.753788,-73.744286,3,0,1,1,4075,-7374,0.3333333333333333
2021-06-24T00:00:00.000,8:37,40.78961,-73.97362,0,0,0,0,4078,-7397,0.3434343434343434
2021-06-22T00:00:00.000,3:00,40.765995,-73.90886,0,0,0,0,4076,-7390,0.3055555555555556
2021-06-24T00:00:00.000,6:00,40.74181,-73.91993,1,0,1,1,4074,-7391,0.38333333333333336
2021-06-23T00:00:00.000,6:25,40.730198,-73.954254,1,0,1,1,4073,-7395,0.30434782608695654
2021-01-16T00:00:00.000,13:16,40.672577,-73.88481,0,0,0,0,4067,-7388,0.30434782608695654
2021-06-22T00:00:00.000,5:50,40.675735,-73.89686,0,0,0,0,4067,-7389,0.33852140077821014
2021-06-23T00:00:00.000,12:44,40.719757,-73.809685,0,0,0,0,4071,-7380,0.42105263157894735
2021-06-23T00:00:00.000,22:45,40.655754,-73.94442,0,0,0,0,4065,-7394,0.43137254901960786
2021-06-18T00:00:00.000,1:20,40.677048,-73.9387,1,0,1,1,4067,-7393,0.3755868544600939
2021-06-25T00:00:00.000,5:00,40.651264,-74.003914,0,0,0,0,4065,-7400,0.41509433962264153
2021-06-24T00:00:00.000,0:41,40.755657,-73.884445,1,0,1,1,4075,-7388,0.3402061855670103
2021-06-24T00:00:00.000,22:45,40.629295,-74.151596,0,0,0,0,4062,-7415,0.37037037037037035
2021-06-23T00:00:00.000,23:20,40.826427,-73.950455,1,0,1,1,4082,-7395,0.4117647058823529
2021-06-25T00:00:00.000,12:55,40.657463,-73.89851,0,0,0,0,4065,-7389,0.34965034965034963
2021-06-20T00:00:00.000,23:10,40.674145,-73.93062,3,0,1,1,4067,-7393,0.3755868544600939
2021-06-24T00:00:00.000,11:30,40.641182,-73.9712,4,0,1,1,4064,-7397,0.4095238095238095
2021-06-23T00:00:00.000,23:20,40.84519,-73.9112,1,0,1,1,4084,-7391,0.32558139534883723
2021-06-25T00:00:00.000,11:30,40.665558,-73.72985,1,0,1,1,4066,-7372,0.6190476190476191
2021-06-25T00:00:00.000,13:10,40.64412,-73.98907,0,0,0,0,4064,-7398,0.40425531914893614
2021-06-23T00:00:00.000,11:48,40.832333,-73.884735,0,0,0,0,4083,-7388,0.26717557251908397
2021-06-21T00:00:00.000,20:14,40.749172,-73.967026,1,0,1,1,4074,-7396,0.7
2021-06-25T00:00:00.000,0:35,40.744465,-73.77179,0,0,0,0,4074,-7377,0.36363636363636365
2021-06-25T00:00:00.000,11:00,40.815697,-73.91678,0,0,0,0,4081,-7391,0.47244094488188976
2021-06-23T00:00:00.000,10:25,40.692455,-73.76814,0,0,0,0,4069,-7376,0.3392857142857143
2021-06-25T00:00:00.000,18:23,40.695026,-73.75643,0,0,0,0,4069,-7375,0.3584905660377358
2021-06-23T00:00:00.000,17:33,40.84701,-73.89602,0,0,0,0,4084,-7389,0.33766233766233766
2021-06-25T00:00:00.000,14:30,40.668808,-73.86728,0,0,0,0,4066,-7386,0.35
2021-06-25T00:00:00.000,14:25,40.665627,-73.909706,0,0,0,0,4066,-7390,0.2777777777777778
2021-06-23T00:00:00.000,8:00,40.589012,-73.788246,0,0,0,0,4058,-7378,0.0
2021-06-25T00:00:00.000,15:32,40.649242,-73.9443,0,0,0,0,4064,-7394,0.42342342342342343
2021-06-23T00:00:00.000,15:12,40.697243,-73.813324,1,0,1,1,4069,-7381,0.3902439024390244
2021-06-23T00:00:00.000,0:48,40.689297,-73.93033,0,0,0,0,4068,-7393,0.3619047619047619
2021-06-24T00:00:00.000,6:30,40.847794,-73.82671,1,0,1,1,4084,-7382,0.4
2021-06-24T00:00:00.000,22:07,40.84539,-73.88108,0,0,0,0,4084,-7388,0.390625
2021-06-02T00:00:00.000,3:45,40.665257,-73.739555,0,0,0,0,4066,-7373,0.44339622641509435
2021-06-21T00:00:00.000,9:30,40.67086,-73.87424,0,0,0,0,4067,-7387,0.30344827586206896
2021-06-24T00:00:00.000,20:05,40.664146,-73.88186,0,0,0,0,4066,-7388,0.37012987012987014
2021-06-24T00:00:00.000,18:05,40.675735,-73.89686,0,0,0,0,4067,-7389,0.33852140077821014
2021-06-25T00:00:00.000,19:20,40.794735,-73.96988,0,0,0,0,4079,-7396,0.25
2021-06-23T00:00:00.000,15:52,40.663483,-73.9627,0,0,0,0,4066,-7396,0.4074074074074074
2021-06-25T00:00:00.000,10:25,40.721004,-74.001656,0,0,0,0,4072,-7400,0.32926829268292684
2021-06-23T00:00:00.000,0:47,40.78291,-73.98578,1,0,1,1,4078,-7398,0.42105263157894735
2021-06-25T00:00:00.000,16:37,40.888577,-73.82814,0,0,0,0,4088,-7382,0.2765957446808511
2021-06-21T00:00:00.000,18:35,40.6715,-73.91505,1,0,1,1,4067,-7391,0.36597938144329895
2021-06-25T00:00:00.000,0:00,40.873825,-73.86263,0,0,0,0,4087,-7386,0.3142857142857143
2021-06-24T00:00:00.000,16:00,40.671967,-73.96395,3,0,1,1,4067,-7396,0.3466666666666667
2021-06-24T00:00:00.000,19:40,40.637108,-74.02711,0,0,0,0,4063,-7402,0.3877551020408163
2021-06-25T00:00:00.000,8:00,40.60718,-74.10145,0,0,0,0,4060,-7410,0.3333333333333333
2021-06-23T00:00:00.000,21:24,40.711853,-73.77123,0,0,0,0,4071,-7377,0.20967741935483872
2021-06-24T00:00:00.000,23:00,40.721035,-73.98874,0,0,0,0,4072,-7398,0.4342105263157895
2021-06-23T00:00:00.000,13:48,40.710938,-73.92671,0,0,0,0,4071,-7392,0.2777777777777778
2021-06-22T00:00:00.000,22:00,40.672855,-73.87131,0,0,0,0,4067,-7387,0.30344827586206896
2021-06-21T00:00:00.000,0:12,40.70401,-73.88184,0,0,0,0,4070,-7388,0.3448275862068966
2021-06-24T00:00:00.000,1:25,40.77323,-73.76513,0,0,0,0,4077,-7376,0.125
2021-06-18T00:00:00.000,12:15,40.63082,-73.88636,0,0,0,0,4063,-7388,0.3835616438356164
2021-06-25T00:00:00.000,0:00,40.86879,-73.83168,0,0,0,0,4086,-7383,0.3448275862068966
2021-06-21T00:00:00.000,9:12,40.820305,-73.89083,0,0,0,0,4082,-7389,0.37423312883435583
2021-06-25T00:00:00.000,19:18,40.741493,-73.87503,1,0,1,1,4074,-7387,0.25663716814159293
2021-06-21T00:00:00.000,10:09,40.65114,-73.89,0,0,0,0,4065,-7389,0.34965034965034963
2021-06-24T00:00:00.000,18:52,40.665257,-73.735344,2,0,1,1,4066,-7373,0.44339622641509435
2021-06-18T00:00:00.000,2:30,40.682583,-73.788864,0,0,0,0,4068,-7378,0.3384615384615385
2021-06-22T00:00:00.000,9:30,40.746902,-73.871956,0,0,0,0,4074,-7387,0.25663716814159293
2021-06-23T00:00:00.000,10:00,40.706573,-73.95907,0,0,0,0,4070,-7395,0.3475177304964539
2021-06-23T00:00:00.000,22:30,40.729584,-73.92257,2,0,1,1,4072,-7392,0.4
2021-06-15T00:00:00.000,14:44,40.66696,-73.77078,1,0,1,1,4066,-7377,0.37362637362637363
2021-06-21T00:00:00.000,22:11,40.741394,-73.82303,1,0,1,1,4074,-7382,0.4057971014492754
2021-06-21T00:00:00.000,3:00,40.678722,-73.952995,0,0,0,0,4067,-7395,0.3695652173913043
2021-06-25T00:00:00.000,10:00,40.823624,-73.92308,0,0,0,0,4082,-7392,0.3333333333333333
2021-06-22T00:00:00.000,16:00,40.677864,-73.872574,0,0,0,0,4067,-7387,0.30344827586206896
2021-06-25T00:00:00.000,17:12,40.81888,-73.916504,3,0,1,1,4081,-7391,0.47244094488188976
2021-06-23T00:00:00.000,17:00,40.84603,-73.93034,0,0,0,0,4084,-7393,0.32786885245901637
2021-06-25T00:00:00.000,11:45,40.637756,-74.00721,1,0,1,1,4063,-7400,0.3068181818181818
2021-06-25T00:00:00.000,0:00,40.84503,-73.94508,1,0,1,1,4084,-7394,0.17543859649122806
2021-06-24T00:00:00.000,20:25,40.81612,-73.926636,0,0,0,0,4081,-7392,0.4714285714285714
2021-06-24T00:00:00.000,14:16,40.884388,-73.833145,0,0,0,0,4088,-7383,0.3448275862068966
2021-06-23T00:00:00.000,17:44,40.82463,-73.91059,1,0,1,1,4082,-7391,0.3355263157894737
2021-06-23T00:00:00.000,0:00,40.645664,-74.00974,0,0,0,0,4064,-7400,0.36764705882352944
2021-06-24T00:00:00.000,12:02,40.8236,-73.9497,0,0,0,0,4082,-7394,0.3812154696132597
2021-06-15T00:00:00.000,17:50,40.742485,-73.95668,0,0,0,0,4074,-7395,0.35185185185185186
2021-06-23T00:00:00.000,13:00,40.6315,-74.08775,2,0,1,1,4063,-7408,0.2653061224489796
2021-06-23T00:00:00.000,19:45,40.76712,-73.99173,0,0,0,0,4076,-7399,0.3275862068965517
2021-06-25T00:00:00.000,18:50,40.852066,-73.868614,1,0,1,1,4085,-7386,0.33766233766233766
2021-06-24T00:00:00.000,21:25,40.83302,-73.862724,1,0,1,1,4083,-7386,0.24822695035460993
2021-06-23T00:00:00.000,17:50,40.66684,-73.78941,0,0,0,0,4066,-7378,0.34615384615384615
2021-06-23T00:00:00.000,18:55,40.82261,-73.88711,1,0,1,1,4082,-7388,0.27624309392265195
2021-06-23T00:00:00.000,13:54,40.674145,-74.00601,0,0,0,0,4067,-7400,0.20967741935483872
2021-06-24T00:00:00.000,17:10,40.666084,-73.95366,0,0,0,0,4066,-7395,0.44375
2021-06-25T00:00:00.000,7:30,40.726337,-73.93181,0,0,0,0,4072,-7393,0.36507936507936506
2021-06-24T00:00:00.000,9:08,40.79725,-73.96805,0,0,0,0,4079,-7396,0.25
2021-06-23T00:00:00.000,19:30,40.68175,-73.96748,2,0,1,1,4068,-7396,0.42567567567567566
2021-06-25T00:00:00.000,19:00,40.653862,-73.91828,0,0,0,0,4065,-7391,0.425
2021-06-23T00:00:00.000,2:18,40.819042,-73.93075,0,0,0,0,4081,-7393,0.32432432432432434
2021-06-25T00:00:00.000,16:45,40.578312,-73.96808,0,0,0,0,4057,-7396,0.3191489361702128
2021-06-24T00:00:00.000,14:45,40.580772,-73.96556,1,0,1,1,4058,-7396,0.37333333333333335
2021-06-23T00:00:00.000,12:00,40.819046,-73.944695,0,0,0,0,4081,-7394,0.38
2021-06-25T00:00:00.000,21:55,40.815304,-73.94371,1,0,1,1,4081,-7394,0.38
2021-06-23T00:00:00.000,9:09,40.673393,-73.79048,1,0,1,1,4067,-7379,0.4264705882352941
2021-06-23T00:00:00.000,22:09,40.641422,-73.94086,1,0,1,1,4064,-7394,0.42342342342342343
2021-06-24T00:00:00.000,14:07,40.667835,-73.89484,0,0,0,0,4066,-7389,0.3103448275862069
2021-06-23T00:00:00.000,14:15,40.59622,-73.78465,0,0,0,0,4059,-7378,0.14705882352941177
2021-06-23T00:00:00.000,17:41,40.6228,-74.02836,0,0,0,0,4062,-7402,0.3625
2021-06-25T00:00:00.000,23:50,40.712276,-73.72867,3,0,1,1,4071,-7372,0.40425531914893614
2021-06-22T00:00:00.000,22:25,40.72839,-73.83302,0,0,0,0,4072,-7383,0.4909090909090909
2021-06-24T00:00:00.000,11:00,40.649326,-74.01882,0,0,0,0,4064,-7401,0.4295774647887324
2021-06-23T00:00:00.000,18:20,40.693638,-73.80464,1,0,1,1,4069,-7380,0.38461538461538464
2021-06-25T00:00:00.000,1:19,40.622005,-74.00108,0,0,0,0,4062,-7400,0.3150684931506849
2021-06-25T00:00:00.000,16:15,40.686085,-73.982666,2,0,1,1,4068,-7398,0.3873239436619718
2021-06-23T00:00:00.000,18:54,40.81218,-73.9011,1,0,1,1,4081,-7390,0.3888888888888889
2021-06-18T00:00:00.000,13:17,40.648354,-73.91001,0,0,0,0,4064,-7391,0.39805825242718446
2021-06-23T00:00:00.000,16:50,40.691433,-73.89063,0,0,0,0,4069,-7389,0.3709677419354839
2021-06-24T00:00:00.000,21:50,40.823956,-73.877144,1,0,1,1,4082,-7387,0.33544303797468356
2021-06-24T00:00:00.000,23:00,40.611126,-73.96259,0,0,0,0,4061,-7396,0.30666666666666664
2021-06-23T00:00:00.000,2:50,40.66434,-73.93155,0,0,0,0,4066,-7393,0.38578680203045684
2021-06-25T00:00:00.000,6:50,40.84133,-73.87635,1,0,1,1,4084,-7387,0.48333333333333334
2021-06-23T00:00:00.000,22:50,40.745502,-73.888374,1,0,1,1,4074,-7388,0.2978723404255319
2021-06-23T00:00:00.000,6:45,40.64908,-73.90549,0,0,0,0,4064,-7390,0.4017094017094017
2021-06-25T00:00:00.000,9:22,40.817677,-73.89543,0,0,0,0,4081,-7389,0.31543624161073824
2021-06-24T00:00:00.000,15:05,40.83761,-73.88106,0,0,0,0,4083,-7388,0.26717557251908397
2022-01-08T00:00:00.000,11:30,40.81722,-73.91924,1,0,1,1,4081,-7391,0.47244094488188976
2021-06-25T00:00:00.000,6:15,40.639744,-73.92984,0,0,0,0,4063,-7392,0.4036697247706422
2021-06-23T00:00:00.000,16:41,40.70982,-73.9402,3,0,1,1,4070,-7394,0.3956043956043956
2021-06-25T00:00:00.000,12:27,40.768436,-73.91996,0,0,0,0,4076,-7391,0.40476190476190477
2021-06-24T00:00:00.000,18:30,40.8677,-73.8852,0,0,0,0,4086,-7388,0.23943661971830985
2021-06-23T00:00:00.000,23:19,40.628975,-74.18495,0,0,0,0,4062,-7418,0.0
2021-06-23T00:00:00.000,14:00,40.687523,-73.95476,0,0,0,0,4068,-7395,0.38571428571428573
2021-06-24T00:00:00.000,3:30,40.817863,-73.83852,0,0,0,0,4081,-7383,0.14285714285714285
2021-06-21T00:00:00.000,9:50,40.713135,-73.87528,0,0,0,0,4071,-7387,0.5652173913043478
2021-06-08T00:00:00.000,22:00,40.72547,-73.98396,0,0,0,0,4072,-7398,0.4342105263157895
2021-06-23T00:00:00.000,12:35,40.672195,-73.902664,1,0,1,1,4067,-7390,0.3282442748091603
2021-06-24T00:00:00.000,7:30,40.80761,-73.91341,0,0,0,0,4080,-7391,0.38961038961038963
2021-06-24T00:00:00.000,18:46,40.611767,-73.97638,1,0,1,1,4061,-7397,0.421875
2021-06-23T00:00:00.000,7:00,40.63082,-73.88636,0,0,0,0,4063,-7388,0.3835616438356164
2021-06-23T00:00:00.000,15:05,40.837177,-73.90799,4,0,1,1,4083,-7390,0.3064516129032258
2021-06-23T00:00:00.000,15:25,40.58179,-74.11128,2,0,1,1,4058,-7411,0.5
2021-06-13T00:00:00.000,2:25,40.677624,-73.93308,2,0,1,1,4067,-7393,0.3755868544600939
2021-06-21T00:00:00.000,19:25,40.688786,-73.93323,0,0,0,0,4068,-7393,0.3619047619047619
2021-06-24T00:00:00.000,3:50,40.770054,-73.914406,0,0,0,0,4077,-7391,0.3157894736842105
2021-06-25T00:00:00.000,3:55,40.676853,-73.91877,0,0,0,0,4067,-7391,0.36597938144329895
2021-06-24T00:00:00.000,4:40,40.62998,-74.08033,0,0,0,0,4062,-7408,0.2
2021-06-23T00:00:00.000,16:59,40.70068,-73.93849,2,0,1,1,4070,-7393,0.3300970873786408
2021-06-23T00:00:00.000,9:40,40.827656,-73.8861,0,0,0,0,4082,-7388,0.27624309392265195
2021-06-23T00:00:00.000,15:30,40.69165,-73.779205,0,0,0,0,4069,-7377,0.35135135135135137
2021-06-23T00:00:00.000,13:02,40.82842,-73.86068,0,0,0,0,4082,-7386,0.3493975903614458
2021-06-25T00:00:00.000,3:39,40.807034,-73.939705,1,0,1,1,4080,-7393,0.36312849162011174
2021-06-18T00:00:00.000,14:26,40.67268,-73.953026,2,0,1,1,4067,-7395,0.3695652173913043
2021-06-24T00:00:00.000,11:40,40.632572,-74.02361,1,0,1,1,4063,-7402,0.3877551020408163
2022-01-08T00:00:00.000,12:24,40.865402,-73.85414,0,0,0,0,4086,-7385,0.5
2021-06-23T00:00:00.000,8:20,40.82815,-73.93491,0,0,0,0,4082,-7393,0.36645962732919257
2021-06-24T00:00:00.000,13:45,40.83267,-73.92687,0,0,0,0,4083,-7392,0.310126582278481
2021-06-12T00:00:00.000,23:30,40.75253,-73.94384,0,0,0,0,4075,-7394,0.41333333333333333
2021-06-25T00:00:00.000,18:35,40.66719,-73.919716,1,0,1,1,4066,-7391,0.3630952380952381
2021-06-23T00:00:00.000,20:10,40.669098,-73.93666,1,0,1,1,4066,-7393,0.38578680203045684
2021-06-23T00:00:00.000,20:47,40.658783,-73.91283,0,0,0,0,4065,-7391,0.425
2021-06-20T00:00:00.000,12:00,40.72085,-73.7778,0,0,0,0,4072,-7377,0.375
2021-06-22T00:00:00.000,16:50,40.70145,-73.989624,1,0,1,1,4070,-7398,0.21568627450980393
2021-06-23T00:00:00.000,9:00,40.65478,-73.889984,2,0,1,1,4065,-7388,0.41509433962264153
2021-06-24T00:00:00.000,10:38,40.777504,-73.954956,1,0,1,1,4077,-7395,0.3384615384615385
2021-06-24T00:00:00.000,11:23,40.608593,-74.00486,0,0,0,0,4060,-7400,0.24074074074074073
2021-06-23T00:00:00.000,16:39,40.81667,-73.91997,0,0,0,0,4081,-7391,0.47244094488188976
2021-06-23T00:00:00.000,9:05,40.808273,-73.92095,0,0,0,0,4080,-7392,0.3141025641025641
2021-06-24T00:00:00.000,19:45,40.56854,-74.11431,0,0,0,0,4056,-7411,0.3448275862068966
2021-06-24T00:00:00.000,16:04,40.75904,-73.77423,0,0,0,0,4075,-7377,0.24
2021-06-23T00:00:00.000,4:40,40.68174,-73.95859,0,0,0,0,4068,-7395,0.38571428571428573
2021-06-25T00:00:00.000,4:53,40.867676,-73.88625,0,0,0,0,4086,-7388,0.23943661971830985
2021-06-23T00:00:00.000,12:50,40.82113,-73.92565,0,0,0,0,4082,-7392,0.3333333333333333
2021-06-03T00:00:00.000,15:45,40.694813,-73.73522,0,0,0,0,4069,-7373,0.36585365853658536
2021-06-25T00:00:00.000,16:13,40.763893,-73.915,0,0,0,0,4076,-7391,0.40476190476190477
2021-06-24T00:00:00.000,17:52,40.58369,-73.94808,0,0,0,0,4058,-7394,0.40816326530612246
2021-06-24T00:00:00.000,20:36,40.63329,-73.91214,3,0,1,1,4063,-7391,0.5
2021-06-24T00:00:00.000,21:35,40.667576,-73.93125,0,0,0,0,4066,-7393,0.38578680203045684
2021-06-23T00:00:00.000,12:30,40.84869,-73.90329,0,0,0,0,4084,-7390,0.366120218579235
2021-06-23T00:00:00.000,14:50,40.830135,-73.891884,1,0,1,1,4083,-7389,0.3333333333333333
2021-06-24T00:00:00.000,10:00,40.644768,-73.971886,0,0,0,0,4064,-7397,0.4095238095238095
2021-06-23T00:00:00.000,23:15,40.833412,-73.85906,0,0,0,0,4083,-7385,0.30158730158730157
2021-06-25T00:00:00.000,10:40,40.824757,-73.94052,0,0,0,0,4082,-7394,0.3812154696132597
2021-06-23T00:00:00.000,22:18,40.88492,-73.84883,1,0,1,1,4088,-7384,0.4153846153846154
2021-06-24T00:00:00.000,13:30,40.841278,-73.86359,0,0,0,0,4084,-7386,0.375
2021-06-24T00:00:00.000,19:57,40.648643,-73.96075,1,0,1,1,4064,-7396,0.4714285714285714
2022-01-08T00:00:00.000,21:00,40.667416,-73.87671,0,0,0,0,4066,-7387,0.38461538461538464
2021-06-21T00:00:00.000,10:10,40.78168,-73.84777,0,0,0,0,4078,-7384,0.23809523809523808
2021-06-25T00:00:00.000,14:18,40.847355,-73.93518,2,0,1,1,4084,-7393,0.32786885245901637
2021-06-25T00:00:00.000,12:08,40.65777,-73.93962,1,0,1,1,4065,-7393,0.44366197183098594
2021-06-24T00:00:00.000,17:25,40.786083,-73.796455,1,0,1,1,4078,-7379,0.42105263157894735
2021-06-25T00:00:00.000,2:52,40.803944,-73.91068,0,0,0,0,4080,-7391,0.38961038961038963
2021-06-24T00:00:00.000,10:22,40.66365,-73.922966,3,0,1,1,4066,-7392,0.355
2021-06-23T00:00:00.000,12:20,40.774654,-73.9541,0,0,0,0,4077,-7395,0.3384615384615385
2021-06-24T00:00:00.000,12:30,40.773964,-73.9228,0,0,0,0,4077,-7392,0.3269230769230769
2021-06-25T00:00:00.000,22:30,40.72861,-73.88721,0,0,0,0,4072,-7388,0.4
2021-06-23T00:00:00.000,18:00,40.843063,-73.90954,0,0,0,0,4084,-7390,0.366120218579235
2021-06-24T00:00:00.000,0:00,40.720707,-73.981316,1,0,1,1,4072,-7398,0.4342105263157895
2021-06-25T00:00:00.000,7:45,40.715157,-74.00212,0,0,0,0,4071,-7400,0.25517241379310346
2021-06-25T00:00:00.000,15:50,40.635887,-73.87999,2,0,1,1,4063,-7387,0.375
2021-06-24T00:00:00.000,0:00,40.651157,-73.918144,1,0,1,1,4065,-7391,0.425
2021-06-25T00:00:00.000,18:30,40.854305,-73.88732,0,0,0,0,4085,-7388,0.3
2021-06-25T00:00:00.000,6:30,40.55403,-74.14052,0,0,0,0,4055,-7414,0.4444444444444444
2021-06-24T00:00:00.000,0:14,40.73351,-73.95719,1,0,1,1,4073,-7395,0.30434782608695654
2021-06-25T00:00:00.000,11:00,40.668613,-73.86857,0,0,0,0,4066,-7386,0.35
2021-06-25T00:00:00.000,9:50,40.865387,-73.893456,1,0,1,1,4086,-7389,0.40606060606060607
2021-06-24T00:00:00.000,1:45,40.863163,-73.91988,0,0,0,0,4086,-7391,0.38016528925619836
2021-06-24T00:00:00.000,21:35,40.654533,-73.860916,1,0,1,1,4065,-7386,0.36619718309859156
2021-06-25T00:00:00.000,7:15,40.761448,-73.80288,1,0,1,1,4076,-7380,0.4
2021-06-25T00:00:00.000,0:55,40.70145,-73.989624,0,0,0,0,4070,-7398,0.21568627450980393
2021-06-25T00:00:00.000,12:25,40.80476,-73.93716,0,0,0,0,4080,-7393,0.36312849162011174
2021-06-16T00:00:00.000,16:33,40.80297,-73.96387,1,0,1,1,4080,-7396,0.31343283582089554
2021-06-25T00:00:00.000,6:40,40.77656,-73.95271,1,0,1,1,4077,-7395,0.3384615384615385
2021-06-24T00:00:00.000,8:14,40.665512,-73.926384,0,0,0,0,4066,-7392,0.355
2021-06-24T00:00:00.000,12:34,40.638103,-74.00326,0,0,0,0,4063,-7400,0.3068181818181818
2021-06-23T00:00:00.000,3:45,40.595932,-73.75963,0,0,0,0,4059,-7375,0.17777777777777778
2021-06-23T00:00:00.000,15:00,40.831684,-73.85562,0,0,0,0,4083,-7385,0.30158730158730157
2021-06-23T00:00:00.000,8:00,40.7666,-73.89117,0,0,0,0,4076,-7389,0.35185185185185186
2021-06-23T00:00:00.000,17:10,40.767582,-73.91201,1,0,1,1,4076,-7391,0.40476190476190477
2021-06-23T00:00:00.000,7:30,40.66555,-73.77889,0,0,0,0,4066,-7377,0.37362637362637363
2021-06-25T00:00:00.000,16:00,40.668987,-73.915436,0,0,0,0,4066,-7391,0.3630952380952381
2022-01-08T00:00:00.000,17:30,40.648243,-74.014114,0,0,0,0,4064,-7401,0.4295774647887324
2021-05-19T00:00:00.000,16:58,40.83867,-73.906456,0,0,0,0,4083,-7390,0.3064516129032258
2021-06-23T00:00:00.000,17:20,40.75831,-73.96294,0,0,0,0,4075,-7396,0.4788732394366197
2021-06-25T00:00:00.000,21:20,40.59592,-73.941025,0,0,0,0,4059,-7394,0.275
2021-06-23T00:00:00.000,11:00,40.53448,-74.198586,0,0,0,0,4053,-7419,0.2857142857142857
2021-06-24T00:00:00.000,16:00,40.65766,-73.83371,1,0,1,1,4065,-7383,0.38095238095238093
2021-06-25T00:00:00.000,16:45,40.824383,-73.82396,0,0,0,0,4082,-7382,0.46153846153846156
2021-06-22T00:00:00.000,12:40,40.66278,-73.88086,0,0,0,0,4066,-7388,0.37012987012987014
2021-06-11T00:00:00.000,16:10,40.678276,-73.910805,0,0,0,0,4067,-7391,0.36597938144329895
2021-06-25T00:00:00.000,9:38,40.84474,-73.922585,0,0,0,0,4084,-7392,0.3181818181818182
2021-06-24T00:00:00.000,21:15,40.72921,-73.781166,1,0,1,1,4072,-7378,0.4
2021-06-25T00:00:00.000,21:00,40.722916,-73.73151,1,0,1,1,4072,-7373,0.4642857142857143
2023-01-13T00:00:00.000,9:00,40.698246,-73.92997,0,0,0,0,4069,-7392,0.3584905660377358
2021-06-23T00:00:00.000,19:00,40.81505,-73.92427,0,0,0,0,4081,-7392,0.4714285714285714
2021-06-24T00:00:00.000,19:08,40.71958,-73.83978,0,0,0,0,4071,-7383,0.37349397590361444
2021-06-24T00:00:00.000,16:10,40.657867,-73.938156,0,0,0,0,4065,-7393,0.44366197183098594
2021-06-25T00:00:00.000,2:14,40.811638,-73.9316,0,0,0,0,4081,-7393,0.32432432432432434
2021-06-25T00:00:00.000,21:00,40.75705,-73.91283,0,0,0,0,4075,-7391,0.4777777777777778
2021-06-24T00:00:00.000,11:00,40.63739,-74.14823,2,0,1,1,4063,-7414,0.5769230769230769
2021-06-23T00:00:00.000,11:30,40.844246,-73.93372,0,0,0,0,4084,-7393,0.32786885245901637
2021-06-24T00:00:00.000,14:42,40.83553,-73.86317,1,0,1,1,4083,-7386,0.24822695035460993
2021-06-14T00:00:00.000,5:30,40.727432,-73.90713,1,0,1,1,4072,-7390,0.2978723404255319
2021-06-19T00:00:00.000,22:54,40.735394,-73.77983,0,0,0,0,4073,-7377,0.5789473684210527
2021-06-23T00:00:00.000,20:32,40.75669,-73.808266,0,0,0,0,4075,-7380,0.36363636363636365
2021-06-18T00:00:00.000,14:44,40.691433,-73.89063,0,0,0,0,4069,-7389,0.3709677419354839
2021-06-06T00:00:00.000,11:04,40.667236,-73.770004,1,0,1,1,4066,-7377,0.37362637362637363
2021-06-23T00:00:00.000,20:10,40.66514,-73.92459,1,0,1,1,4066,-7392,0.355
2021-06-25T00:00:00.000,0:35,40.766895,-73.95668,0,0,0,0,4076,-7395,0.3696969696969697
2021-06-21T00:00:00.000,5:00,40.67253,-73.77119,0,0,0,0,4067,-7377,0.32608695652173914
2021-06-24T00:00:00.000,12:00,40.704544,-73.727234,0,0,0,0,4070,-7372,0.4
2021-06-24T00:00:00.000,0:00,40.709003,-73.92234,0,0,0,0,4070,-7392,0.24305555555555555
2021-06-24T00:00:00.000,8:48,40.6665,-73.9962,0,0,0,0,4066,-7399,0.40540540540540543
2021-06-21T00:00:00.000,14:30,40.68423,-73.870125,0,0,0,0,4068,-7387,0.24719101123595505
2021-06-25T00:00:00.000,15:40,40.6722,-73.734604,2,0,1,1,4067,-7373,0.46835443037974683
2021-06-24T00:00:00.000,14:50,40.827904,-73.91218,0,0,0,0,4082,-7391,0.3355263157894737
2021-06-25T00:00:00.000,12:10,40.62679,-73.92576,0,0,0,0,4062,-7392,0.3611111111111111
2021-06-25T00:00:00.000,14:29,40.68999,-73.78327,1,0,1,1,4068,-7378,0.3384615384615385
2021-06-24T00:00:00.000,15:32,40.65616,-73.76736,0,0,0,0,4065,-7376,0.35714285714285715
2021-06-23T00:00:00.000,17:45,40.6853,-73.871506,0,0,0,0,4068,-7387,0.24719101123595505
2021-06-25T00:00:00.000,10:50,40.704952,-74.00906,0,0,0,0,4070,-7400,0.2542372881355932
2021-06-24T00:00:00.000,16:42,40.63837,-73.92402,0,0,0,0,4063,-7392,0.4036697247706422
2021-06-24T00:00:00.000,10:15,40.712532,-73.8154,2,0,1,1,4071,-7381,0.3448275862068966
2021-06-13T00:00:00.000,12:15,40.727432,-73.90713,1,0,1,1,4072,-7390,0.2978723404255319
2021-06-24T00:00:00.000,10:00,40.630264,-73.901146,1,0,1,1,4063,-7390,0.3561643835616438
2021-06-24T00:00:00.000,23:48,40.869846,-73.8446,0,0,0,0,4086,-7384,0.17857142857142858
2021-06-23T00:00:00.000,14:44,40.80321,-73.918106,0,0,0,0,4080,-7391,0.38961038961038963
2022-01-08T00:00:00.000,16:00,40.830536,-73.91948,0,0,0,0,4083,-7391,0.33714285714285713
2022-01-05T00:00:00.000,14:00,40.738304,-73.94018,0,0,0,0,4073,-7394,0.5
2022-01-07T00:00:00.000,20:40,40.8724,-73.88981,1,0,1,1,4087,-7388,0.3561643835616438
2022-01-08T00:00:00.000,8:40,40.70233,-73.87604,0,0,0,0,4070,-7387,0.24324324324324326
2022-01-07T00:00:00.000,10:30,40.68016,-73.893196,0,0,0,0,4068,-7389,0.5
2022-01-08T00:00:00.000,12:15,40.644604,-73.91996,1,0,1,1,4064,-7391,0.39805825242718446
2022-01-07T00:00:00.000,15:44,40.676636,-73.88144,0,0,0,0,4067,-7388,0.30434782608695654
2022-01-08T00:00:00.000,19:44,40.654797,-73.93943,0,0,0,0,4065,-7393,0.44366197183098594
2022-01-08T00:00:00.000,11:30,40.592815,-73.90808,0,0,0,0,4059,-7390,0.23404255319148937
2022-01-08T00:00:00.000,20:45,40.694305,-73.973145,0,0,0,0,4069,-7397,0.3253012048192771
2022-01-08T00:00:00.000,16:40,40.86258,-73.925385,0,0,0,0,4086,-7392,0.359375
2021-12-30T00:00:00.000,12:36,40.67221,-73.92802,0,0,0,0,4067,-7392,0.39655172413793105
2022-01-08T00:00:00.000,20:25,40.75296,-73.873535,0,0,0,0,4075,-7387,0.33884297520661155
2022-01-08T00:00:00.000,19:18,40.769737,-73.96271,1,0,1,1,4076,-7396,0.3023255813953488
2022-01-06T00:00:00.000,11:01,40.67386,-73.88259,2,0,1,1,4067,-7388,0.30434782608695654
2022-01-08T00:00:00.000,12:00,40.674477,-73.904205,0,0,0,0,4067,-7390,0.3282442748091603
2022-01-08T00:00:00.000,7:00,40.65222,-73.95787,0,0,0,0,4065,-7395,0.38686131386861317
2021-12-19T00:00:00.000,15:09,40.694065,-73.80142,1,0,1,1,4069,-7380,0.38461538461538464
2022-01-08T00:00:00.000,16:00,40.743057,-73.87769,0,0,0,0,4074,-7387,0.25663716814159293
2022-01-07T00:00:00.000,4:30,40.745197,-73.900406,0,0,0,0,4074,-7390,0.40625
2022-01-07T00:00:00.000,12:30,40.814026,-73.88959,0,0,0,0,4081,-7388,0.25471698113207547
2022-01-08T00:00:00.000,10:25,40.62445,-73.968025,0,0,0,0,4062,-7396,0.375
2022-01-08T00:00:00.000,20:04,40.743473,-73.97677,0,0,0,0,4074,-7397,0.4810810810810811
2022-01-07T00:00:00.000,6:10,40.671047,-73.892715,0,0,0,0,4067,-7389,0.33852140077821014
2022-01-08T00:00:00.000,16:05,40.676815,-73.82338,1,0,1,1,4067,-7382,0.4186046511627907
2022-01-07T00:00:00.000,6:20,40.67949,-73.87927,0,0,0,0,4067,-7387,0.30344827586206896
2022-01-08T00:00:00.000,1:49,40.749317,-73.8852,0,0,0,0,4074,-7388,0.2978723404255319
2022-01-05T00:00:00.000,11:00,40.636692,-74.085884,4,0,1,1,4063,-7408,0.2653061224489796
2022-01-08T00:00:00.000,15:47,40.74901,-73.83465,0,0,0,0,4074,-7383,0.4067796610169492
2022-01-08T00:00:00.000,14:35,40.862778,-73.906166,0,0,0,0,4086,-7390,0.42748091603053434
2022-01-08T00:00:00.000,22:00,40.66343,-73.74079,1,0,1,1,4066,-7374,0.3698630136986301
2022-01-08T00:00:00.000,6:25,40.822163,-73.842445,0,0,0,0,4082,-7384,0.3835616438356164
2022-01-04T00:00:00.000,9:05,40.853806,-73.855286,1,0,1,1,4085,-7385,0.3125
2022-01-08T00:00:00.000,2:30,40.67058,-73.93096,0,0,0,0,4067,-7393,0.3755868544600939
2022-01-08T00:00:00.000,21:03,40.712086,-73.731026,0,0,0,0,4071,-7373,0.25
2022-01-08T00:00:00.000,8:25,40.70636,-73.95192,1,0,1,1,4070,-7395,0.3475177304964539
2022-01-08T00:00:00.000,20:00,40.804066,-73.93117,0,0,0,0,4080,-7393,0.36312849162011174
2022-01-08T00:00:00.000,19:40,40.844177,-73.89744,1,0,1,1,4084,-7389,0.33766233766233766
2022-01-08T00:00:00.000,22:02,40.69596,-73.964096,0,0,0,0,4069,-7396,0.325
2022-01-08T00:00:00.000,8:40,40.607765,-73.98255,0,0,0,0,4060,-7398,0.2711864406779661
2022-01-08T00:00:00.000,10:00,40.839447,-73.88384,0,0,0,0,4083,-7388,0.26717557251908397
2022-01-08T00:00:00.000,23:00,40.72125,-73.99224,0,0,0,0,4072,-7399,0.3829787234042553
2022-01-08T00:00:00.000,21:50,40.605335,-73.91355,0,0,0,0,4060,-7391,0.25
2022-01-08T00:00:00.000,9:10,40.64507,-73.95803,0,0,0,0,4064,-7395,0.4796747967479675
2021-12-23T00:00:00.000,11:00,40.71048,-73.9655,0,0,0,0,4071,-7396,0.3218390804597701
2022-01-06T00:00:00.000,14:40,40.677155,-73.88773,0,0,0,0,4067,-7388,0.30434782608695654
2022-01-08T00:00:00.000,8:30,40.83836,-73.92493,0,0,0,0,4083,-7392,0.310126582278481
2022-01-08T00:00:00.000,14:30,40.691093,-73.72683,0,0,0,0,4069,-7372,0.40425531914893614
2022-01-08T00:00:00.000,16:22,40.704346,-73.940956,1,0,1,1,4070,-7394,0.3956043956043956
2022-01-08T00:00:00.000,17:00,40.75727,-73.74765,0,0,0,0,4075,-7374,0.3333333333333333
2021-12-30T00:00:00.000,3:34,40.647114,-73.94338,1,0,1,1,4064,-7394,0.42342342342342343
2022-01-08T00:00:00.000,11:20,40.769543,-73.98961,0,0,0,0,4076,-7398,0.3081761006289308
2022-01-08T00:00:00.000,9:00,40.604637,-73.97614,0,0,0,0,4060,-7397,0.3469387755102041
2022-01-07T00:00:00.000,18:43,40.875225,-73.873535,0,0,0,0,4087,-7387,0.297029702970297
2022-01-08T00:00:00.000,22:00,40.743664,-73.856064,2,0,1,1,4074,-7385,0.35526315789473684
2022-01-08T00:00:00.000,17:00,40.72878,-73.926155,4,0,1,1,4072,-7392,0.4
2022-01-07T00:00:00.000,9:00,40.72812,-73.819435,0,0,0,0,4072,-7381,0.2926829268292683
2022-01-07T00:00:00.000,21:35,40.67134,-73.89959,0,0,0,0,4067,-7389,0.33852140077821014
2022-01-08T00:00:00.000,23:15,40.848118,-73.93089,0,0,0,0,4084,-7393,0.32786885245901637
2022-01-08T00:00:00.000,2:49,40.837864,-73.9114,2,0,1,1,4083,-7391,0.33714285714285713
2021-12-31T00:00:00.000,11:30,40.719845,-73.94726,0,0,0,0,4071,-7394,0.3710691823899371
2022-01-06T00:00:00.000,16:15,40.662766,-73.89353,0,0,0,0,4066,-7389,0.3103448275862069
2022-01-08T00:00:00.000,12:40,40.769363,-73.87538,2,0,1,1,4076,-7387,0.48214285714285715
2022-01-08T00:00:00.000,3:40,40.68372,-73.96491,0,0,0,0,4068,-7396,0.42567567567567566
2024-09-29T00:00:00.000,8:00,40.739933,-73.84579,1,0,1,1,4073,-7384,0.2682926829268293
2022-01-08T00:00:00.000,12:15,40.66641,-73.78467,1,0,1,1,4066,-7378,0.34615384615384615
2022-01-05T00:00:00.000,12:35,40.59039,-73.99155,0,0,0,0,4059,-7399,0.3076923076923077
2022-01-08T00:00:00.000,4:53,40.662846,-73.94284,0,0,0,0,4066,-7394,0.36792452830188677
2022-01-08T00:00:00.000,4:05,40.61456,-74.156555,0,0,0,0,4061,-7415,0.3333333333333333
2022-01-08T00:00:00.000,1:30,40.639057,-74.08325,0,0,0,0,4063,-7408,0.2653061224489796
2022-01-07T00:00:00.000,15:30,40.877827,-73.879585,0,0,0,0,4087,-7387,0.297029702970297
2022-01-08T00:00:00.000,19:00,40.596172,-73.96658,0,0,0,0,4059,-7396,0.38596491228070173
2022-01-08T00:00:00.000,1:30,40.774113,-73.98863,0,0,0,0,4077,-7398,0.38028169014084506
2022-01-08T00:00:00.000,11:32,40.60226,-74.003075,0,0,0,0,4060,-7400,0.24074074074074073
2022-01-08T00:00:00.000,15:00,40.648182,-73.93001,0,0,0,0,4064,-7393,0.3333333333333333
2022-01-08T00:00:00.000,19:20,40.696033,-73.984535,1,0,1,1,4069,-7398,0.3229166666666667
2022-01-08T00:00:00.000,11:45,40.711037,-73.814445,0,0,0,0,4071,-7381,0.3448275862068966
2021-12-10T00:00:00.000,14:30,40.678787,-73.89613,1,0,1,1,4067,-7389,0.33852140077821014
2022-01-03T00:00:00.000,17:55,40.76155,-73.96659,0,0,0,0,4076,-7396,0.3023255813953488
2021-10-17T00:00:00.000,19:30,40.7219605,-73.9869544,0,0,0,0,4072,-7398,0.4342105263157895
2022-01-07T00:00:00.000,1:55,40.668667,-73.868324,1,0,1,1,4066,-7386,0.35
2022-01-08T00:00:00.000,13:07,40.611263,-74.007645,0,0,0,0,4061,-7400,0.3076923076923077
2022-01-06T00:00:00.000,21:33,40.678844,-73.86609,0,0,0,0,4067,-7386,0.3431372549019608
2022-01-08T00:00:00.000,15:42,40.59623,-73.74645,0,0,0,0,4059,-7374,0.18181818181818182
2022-01-08T00:00:00.000,21:54,40.86229,-73.83104,0,0,0,0,4086,-7383,0.3448275862068966
2021-12-17T00:00:00.000,20:51,40.72145,-73.84399,0,0,0,0,4072,-7384,0.2711864406779661
2022-01-05T00:00:00.000,16:35,40.66552,-73.74467,0,0,0,0,4066,-7374,0.3698630136986301
2022-01-08T00:00:00.000,7:15,40.832573,-73.91052,0,0,0,0,4083,-7391,0.33714285714285713
2022-01-08T00:00:00.000,18:07,40.664963,-73.98982,1,0,1,1,4066,-7398,0.421875
2022-01-07T00:00:00.000,14:27,40.806187,-73.940315,0,0,0,0,4080,-7394,0.41116751269035534
2022-01-03T00:00:00.000,21:38,40.632435,-73.88818,3,0,1,1,4063,-7388,0.3835616438356164
2022-01-08T00:00:00.000,12:25,40.736156,-73.71371,0,0,0,0,4073,-7371,0.2857142857142857
2022-01-08T00:00:00.000,8:00,40.666145,-73.759125,0,0,0,0,4066,-7375,0.3
2021-10-02T00:00:00.000,19:45,40.588593,-73.985695,0,0,0,0,4058,-7398,0.4
2022-01-08T00:00:00.000,14:00,40.67268,-73.953026,0,0,0,0,4067,-7395,0.3695652173913043
2022-01-08T00:00:00.000,4:55,40.68815,-73.84884,0,0,0,0,4068,-7384,0.3333333333333333
2022-01-08T00:00:00.000,23:39,40.78922,-73.83909,2,0,1,1,4078,-7383,0.2727272727272727
2022-01-08T00:00:00.000,10:41,40.761856,-73.96343,0,0,0,0,4076,-7396,0.3023255813953488
2022-01-08T00:00:00.000,14:43,40.659336,-73.92726,4,0,1,1,4065,-7392,0.35555555555555557
2022-01-07T00:00:00.000,17:45,40.55924,-74.171684,1,0,1,1,4055,-7417,0.25
2022-01-08T00:00:00.000,5:00,40.826622,-73.930984,0,0,0,0,4082,-7393,0.36645962732919257
2022-01-08T00:00:00.000,3:16,40.720238,-73.94441,1,0,1,1,4072,-7394,0.19801980198019803
2022-01-08T00:00:00.000,9:00,40.791733,-73.81017,0,0,0,0,4079,-7381,0.2
2021-12-21T00:00:00.000,16:07,40.672363,-73.9308,1,0,1,1,4067,-7393,0.3755868544600939
2022-02-19T00:00:00.000,14:15,40.74464,-73.83355,0,0,0,0,4074,-7383,0.4067796610169492
2021-10-17T00:00:00.000,16:34,40.8410655,-73.8412578,1,0,1,1,4084,-7384,0.4222222222222222
2022-01-08T00:00:00.000,12:25,40.83029,-73.850655,1,0,1,1,4083,-7385,0.30158730158730157
2022-01-08T00:00:00.000,4:10,40.70695,-73.83785,0,0,0,0,4070,-7383,0.3541666666666667
2022-01-08T00:00:00.000,15:00,40.72394,-73.77845,1,0,1,1,4072,-7377,0.375
2022-01-06T00:00:00.000,14:00,40.664497,-73.8778,0,0,0,0,4066,-7387,0.38461538461538464
2022-01-08T00:00:00.000,17:53,40.72425,-74.002205,1,0,1,1,4072,-7400,0.32926829268292684
2022-01-08T00:00:00.000,20:00,40.74664,-73.891396,1,0,1,1,4074,-7389,0.3203125
2022-01-07T00:00:00.000,21:45,40.67046,-73.88788,1,0,1,1,4067,-7388,0.30434782608695654
2022-01-08T00:00:00.000,13:30,40.699715,-73.96182,0,0,0,0,4069,-7396,0.325
2022-01-08T00:00:00.000,18:50,40.73485,-73.87956,1,0,1,1,4073,-7387,0.3140495867768595
2022-01-07T00:00:00.000,22:45,40.64542,-73.90266,1,0,1,1,4064,-7390,0.4017094017094017
2022-01-07T00:00:00.000,2:42,40.67189,-73.895874,1,0,1,1,4067,-7389,0.33852140077821014
2022-01-08T00:00:00.000,13:08,40.676144,-73.893074,0,0,0,0,4067,-7389,0.33852140077821014
2022-01-08T00:00:00.000,0:28,40.668293,-73.97924,0,0,0,0,4066,-7397,0.24390243902439024
2022-02-20T00:00:00.000,19:04,40.753788,-73.744286,0,0,0,0,4075,-7374,0.3333333333333333
2022-02-20T00:00:00.000,14:12,40.62625,-73.95163,0,0,0,0,4062,-7395,0.4444444444444444
2022-02-20T00:00:00.000,1:00,40.69205,-73.982544,0,0,0,0,4069,-7398,0.3229166666666667
2022-02-17T00:00:00.000,15:00,40.722496,-73.940414,1,0,1,1,4072,-7394,0.19801980198019803
2022-02-20T00:00:00.000,18:00,40.836937,-73.927124,0,0,0,0,4083,-7392,0.310126582278481
2022-02-20T00:00:00.000,6:06,40.651688,-73.9314,0,0,0,0,4065,-7393,0.44366197183098594
2022-02-19T00:00:00.000,19:00,40.847713,-73.89182,0,0,0,0,4084,-7389,0.33766233766233766
2022-02-20T00:00:00.000,18:00,40.69821,-73.92406,1,0,1,1,4069,-7392,0.3584905660377358
2022-02-20T00:00:00.000,5:26,40.542576,-74.16726,0,0,0,0,4054,-7416,0.42857142857142855
2022-01-19T00:00:00.000,22:57,40.74371,-73.97332,1,0,1,1,4074,-7397,0.4810810810810811
2022-02-11T00:00:00.000,6:07,40.696133,-73.90225,0,0,0,0,4069,-7390,0.29591836734693877
2021-10-17T00:00:00.000,0:17,40.6071903,-74.1624214,2,0,1,1,4060,-7416,0.42857142857142855
2022-04-05T00:00:00.000,20:00,40.82406,-73.8998,0,0,0,0,4082,-7389,0.37423312883435583
2022-04-05T00:00:00.000,15:35,40.7493,-73.949425,0,0,0,0,4074,-7394,0.33962264150943394
2022-03-26T00:00:00.000,16:00,40.76055,-73.869064,0,0,0,0,4076,-7386,0.40298507462686567
2022-04-05T00:00:00.000,7:52,40.769062,-73.96112,0,0,0,0,4076,-7396,0.3023255813953488
2022-04-05T00:00:00.000,15:50,40.654686,-73.87772,0,0,0,0,4065,-7387,0.2857142857142857
2022-04-03T00:00:00.000,1:13,40.67392,-73.91012,0,0,0,0,4067,-7391,0.36597938144329895
2022-04-04T00:00:00.000,16:40,40.660675,-73.91527,2,0,1,1,4066,-7391,0.3630952380952381
2022-04-05T00:00:00.000,12:03,40.688305,-73.75607,0,0,0,0,4068,-7375,0.3877551020408163
2022-04-05T00:00:00.000,3:58,40.81339,-73.95627,1,0,1,1,4081,-7395,0.3509933774834437
2022-04-05T00:00:00.000,0:00,40.651863,-73.86536,1,0,1,1,4065,-7386,0.36619718309859156
2022-04-05T00:00:00.000,17:41,40.819057,-73.92923,0,0,0,0,4081,-7392,0.4714285714285714
2022-03-25T00:00:00.000,20:00,40.720917,-73.902916,0,0,0,0,4072,-7390,0.2978723404255319
2022-04-05T00:00:00.000,10:00,40.648586,-73.979355,0,0,0,0,4064,-7397,0.4095238095238095
2022-04-05T00:00:00.000,8:45,40.817596,-73.95319,1,0,1,1,4081,-7395,0.3509933774834437
2022-04-05T00:00:00.000,10:54,40.579376,-73.96311,0,0,0,0,4057,-7396,0.3191489361702128
2022-04-05T00:00:00.000,6:57,40.568707,-74.11793,0,0,0,0,4056,-7411,0.3448275862068966
2022-04-05T00:00:00.000,14:20,40.75122,-73.70266,0,0,0,0,4075,-7370,0.4166666666666667
2022-04-04T00:00:00.000,12:45,40.831944,-73.91987,0,0,0,0,4083,-7391,0.33714285714285713
2022-04-03T00:00:00.000,5:37,40.831978,-73.93515,0,0,0,0,4083,-7393,0.3333333333333333
2022-04-05T00:00:00.000,21:24,40.667362,-73.84419,0,0,0,0,4066,-7384,0.5925925925925926
2022-04-05T00:00:00.000,6:00,40.701572,-73.9313,0,0,0,0,4070,-7393,0.3300970873786408
2022-03-27T00:00:00.000,2:00,40.71891,-73.89228,0,0,0,0,4071,-7389,0.38095238095238093
2022-03-30T00:00:00.000,10:46,40.794807,-73.94441,0,0,0,0,4079,-7394,0.3523809523809524
2022-04-05T00:00:00.000,18:00,40.794613,-73.9321,0,0,0,0,4079,-7393,0.36585365853658536
2022-04-05T00:00:00.000,21:04,40.84771,-73.93798,1,0,1,1,4084,-7393,0.32786885245901637
2022-01-09T00:00:00.000,4:45,40.757908,-73.9893,0,0,0,0,4075,-7398,0.3170731707317073
2022-04-05T00:00:00.000,6:30,40.726357,-73.76388,0,0,0,0,4072,-7376,0.5
2022-04-05T00:00:00.000,12:50,40.887444,-73.907166,0,0,0,0,4088,-7390,0.2702702702702703
2022-04-05T00:00:00.000,8:20,40.786358,-73.794685,0,0,0,0,4078,-7379,0.42105263157894735
2022-04-05T00:00:00.000,8:10,40.72293,-73.847336,0,0,0,0,4072,-7384,0.2711864406779661
2022-04-01T00:00:00.000,16:55,40.84443,-73.83059,3,0,1,1,4084,-7383,0.4318181818181818
2022-04-05T00:00:00.000,8:30,40.818798,-73.89213,0,0,0,0,4081,-7389,0.31543624161073824
2022-04-05T00:00:00.000,23:18,40.706,-73.95698,1,0,1,1,4070,-7395,0.3475177304964539
2022-04-04T00:00:00.000,20:10,40.835968,-73.87,0,0,0,0,4083,-7387,0.38414634146341464
2022-04-05T00:00:00.000,9:14,40.817795,-73.89319,0,0,0,0,4081,-7389,0.31543624161073824
2022-04-05T00:00:00.000,13:00,40.76591,-73.96341,0,0,0,0,4076,-7396,0.3023255813953488
2022-03-28T00:00:00.000,18:50,40.888382,-73.90875,1,0,1,1,4088,-7390,0.2702702702702703
2022-04-05T00:00:00.000,16:20,40.73794,-73.866394,0,0,0,0,4073,-7386,0.3464566929133858
2022-04-05T00:00:00.000,19:20,40.679554,-73.751,2,0,1,1,4067,-7375,0.2608695652173913
2022-04-05T00:00:00.000,12:00,40.758904,-73.9012,0,0,0,0,4075,-7390,0.37254901960784315
2022-04-05T00:00:00.000,8:30,40.666443,-73.90026,0,0,0,0,4066,-7390,0.2777777777777778
2022-04-05T00:00:00.000,8:00,40.65474,-73.90693,0,0,0,0,4065,-7390,0.375
2022-04-05T00:00:00.000,23:18,40.807255,-73.92721,0,0,0,0,4080,-7392,0.3141025641025641
2022-04-05T00:00:00.000,23:25,40.841187,-73.93215,0,0,0,0,4084,-7393,0.32786885245901637
2022-03-30T00:00:00.000,18:44,40.82054,-73.930786,0,0,0,0,4082,-7393,0.36645962732919257
2022-04-05T00:00:00.000,21:04,40.698254,-73.90878,1,0,1,1,4069,-7390,0.29591836734693877
2022-04-01T00:00:00.000,15:05,40.828915,-73.83841,0,0,0,0,4082,-7383,0.34210526315789475
2022-04-05T00:00:00.000,7:55,40.645256,-73.94682,1,0,1,1,4064,-7394,0.42342342342342343
2022-04-02T00:00:00.000,6:25,40.700657,-73.757965,0,0,0,0,4070,-7375,0.4117647058823529
2022-03-27T00:00:00.000,17:20,40.763763,-73.93098,0,0,0,0,4076,-7393,0.44680851063829785
2022-04-05T00:00:00.000,23:50,40.5385,-74.19778,0,0,0,0,4053,-7419,0.2857142857142857
2022-04-05T00:00:00.000,22:18,40.87829,-73.87006,1,0,1,1,4087,-7387,0.297029702970297
2022-04-05T00:00:00.000,5:37,40.72773,-73.90674,0,0,0,0,4072,-7390,0.2978723404255319
2022-04-05T00:00:00.000,18:30,40.766697,-73.99462,0,0,0,0,4076,-7399,0.3275862068965517
2022-04-05T00:00:00.000,18:40,40.585693,-73.968254,1,0,1,1,4058,-7396,0.37333333333333335
2022-04-05T00:00:00.000,13:25,40.833015,-73.86371,0,0,0,0,4083,-7386,0.24822695035460993
2022-04-05T00:00:00.000,7:45,40.80487,-73.93859,0,0,0,0,4080,-7393,0.36312849162011174
2022-04-05T00:00:00.000,5:33,40.64829,-73.944496,0,0,0,0,4064,-7394,0.42342342342342343
2022-02-22T00:00:00.000,18:53,40.665627,-73.909706,0,0,0,0,4066,-7390,0.2777777777777778
2022-04-05T00:00:00.000,11:37,40.609142,-74.11835,0,0,0,0,4060,-7411,0.35714285714285715
2022-04-05T00:00:00.000,17:00,40.697777,-73.745865,1,0,1,1,4069,-7374,0.46774193548387094
2022-04-05T00:00:00.000,14:44,40.678722,-73.952995,1,0,1,1,4067,-7395,0.3695652173913043
2022-04-05T00:00:00.000,7:57,40.703045,-73.92985,0,0,0,0,4070,-7392,0.24305555555555555
2022-04-05T00:00:00.000,15:40,40.658882,-73.89738,0,0,0,0,4065,-7389,0.34965034965034963
2022-04-05T00:00:00.000,8:30,40.7677,-73.981964,0,0,0,0,4076,-7398,0.3081761006289308
2022-04-03T00:00:00.000,15:00,40.66563,-73.73921,0,0,0,0,4066,-7373,0.44339622641509435
2022-04-05T00:00:00.000,16:53,40.7826,-73.79446,0,0,0,0,4078,-7379,0.42105263157894735
2022-04-05T00:00:00.000,16:19,40.661175,-73.9886,0,0,0,0,4066,-7398,0.421875
2022-04-04T00:00:00.000,7:50,40.67265,-73.91963,0,0,0,0,4067,-7391,0.36597938144329895
2022-04-02T00:00:00.000,20:32,40.823566,-73.93768,0,0,0,0,4082,-7393,0.36645962732919257
2022-04-03T00:00:00.000,9:15,40.76164,-73.86723,1,0,1,1,4076,-7386,0.40298507462686567
2022-04-05T00:00:00.000,8:42,40.674744,-73.76368,1,0,1,1,4067,-7376,0.23076923076923078
2022-04-05T00:00:00.000,10:40,40.652767,-73.8863,0,0,0,0,4065,-7388,0.41509433962264153
2022-04-05T00:00:00.000,21:00,40.67624,-73.866104,0,0,0,0,4067,-7386,0.3431372549019608
2022-04-05T00:00:00.000,7:40,40.68425,-73.86257,0,0,0,0,4068,-7386,0.423728813559322
2022-04-05T00:00:00.000,19:51,40.627426,-74.0309,0,0,0,0,4062,-7403,0.15
2022-03-04T00:00:00.000,20:30,40.818947,-73.95221,0,0,0,0,4081,-7395,0.3509933774834437
2022-04-05T00:00:00.000,20:27,40.8332,-73.81702,0,0,0,0,4083,-7381,0.2
2022-04-05T00:00:00.000,15:08,40.69595,-73.86237,2,0,1,1,4069,-7386,0.21052631578947367
2022-04-05T00:00:00.000,21:40,40.718555,-73.988205,2,0,1,1,4071,-7398,0.39568345323741005
2022-04-05T00:00:00.000,9:27,40.710587,-73.95511,1,0,1,1,4071,-7395,0.36585365853658536
2022-04-05T00:00:00.000,16:25,40.63611,-74.07591,0,0,0,0,4063,-7407,0.4444444444444444
2022-04-02T00:00:00.000,10:53,40.708595,-73.87326,0,0,0,0,4070,-7387,0.24324324324324326
2022-04-05T00:00:00.000,1:07,40.6827,-73.929016,0,0,0,0,4068,-7392,0.2542372881355932
2022-04-05T00:00:00.000,10:30,40.81813,-73.89101,0,0,0,0,4081,-7389,0.31543624161073824
2022-04-05T00:00:00.000,1:50,40.667118,-73.88889,1,0,1,1,4066,-7388,0.37012987012987014
2022-04-05T00:00:00.000,15:15,40.707275,-73.79265,0,0,0,0,4070,-7379,0.3978494623655914
2022-04-05T00:00:00.000,7:55,40.825287,-73.90493,1,0,1,1,4082,-7390,0.3025210084033613
2022-03-21T00:00:00.000,17:17,40.676342,-73.910934,1,0,1,1,4067,-7391,0.36597938144329895
2022-04-05T00:00:00.000,12:56,40.703247,-73.90844,1,0,1,1,4070,-7390,0.37894736842105264
2022-04-05T00:00:00.000,15:12,40.84571,-73.88941,0,0,0,0,4084,-7388,0.390625
2022-03-23T00:00:00.000,10:45,40.81106,-73.95119,1,0,1,1,4081,-7395,0.3509933774834437
2022-04-05T00:00:00.000,13:20,40.7366,-73.98185,0,0,0,0,4073,-7398,0.36942675159235666
2022-04-05T00:00:00.000,10:45,40.87321,-73.85339,0,0,0,0,4087,-7385,0.37681159420289856
2022-04-05T00:00:00.000,7:15,40.847286,-73.861145,0,0,0,0,4084,-7386,0.375
2022-04-05T00:00:00.000,18:17,40.579357,-73.98046,1,0,1,1,4057,-7398,0.36904761904761907
2022-04-05T00:00:00.000,7:15,40.65477,-74.00708,0,0,0,0,4065,-7400,0.41509433962264153
2022-04-05T00:00:00.000,11:40,40.717663,-73.98556,0,0,0,0,4071,-7398,0.39568345323741005
2022-04-04T00:00:00.000,13:30,40.71018,-73.86103,0,0,0,0,4071,-7386,0.5625
2022-04-02T00:00:00.000,20:36,40.688164,-73.9331,1,0,1,1,4068,-7393,0.3619047619047619
2022-04-05T00:00:00.000,17:05,40.65545,-73.863335,0,0,0,0,4065,-7386,0.36619718309859156
2022-04-05T00:00:00.000,14:34,40.722225,-73.904495,1,0,1,1,4072,-7390,0.2978723404255319
2022-03-31T00:00:00.000,17:50,40.63557,-74.000595,0,0,0,0,4063,-7400,0.3068181818181818
2022-04-05T00:00:00.000,13:00,40.743793,-73.88603,0,0,0,0,4074,-7388,0.2978723404255319
2022-04-05T00:00:00.000,6:30,40.72604,-73.71829,1,0,1,1,4072,-7371,0.2857142857142857
2022-04-05T00:00:00.000,11:40,40.664898,-73.88131,0,0,0,0,4066,-7388,0.37012987012987014
2022-04-05T00:00:00.000,4:55,40.74198,-73.82475,0,0,0,0,4074,-7382,0.4057971014492754
2022-03-27T00:00:00.000,2:30,40.722942,-73.90357,0,0,0,0,4072,-7390,0.2978723404255319
2022-03-03T00:00:00.000,18:50,40.66785,-73.92103,0,0,0,0,4066,-7392,0.355
2022-04-05T00:00:00.000,9:29,40.773335,-73.95506,0,0,0,0,4077,-7395,0.3384615384615385
2022-04-03T00:00:00.000,10:30,40.71837,-73.84057,1,0,1,1,4071,-7384,0.4
2022-04-05T00:00:00.000,17:53,40.862766,-73.843445,0,0,0,0,4086,-7384,0.17857142857142858
2022-03-28T00:00:00.000,18:10,40.709682,-73.89891,1,0,1,1,4070,-7389,0.2711864406779661
2022-03-29T00:00:00.000,12:21,40.827812,-73.925934,0,0,0,0,4082,-7392,0.3333333333333333
2022-04-05T00:00:00.000,0:04,40.640278,-73.91102,0,0,0,0,4064,-7391,0.39805825242718446
2022-04-05T00:00:00.000,10:00,40.82373,-73.85867,0,0,0,0,4082,-7385,0.27
2022-04-05T00:00:00.000,16:07,40.67045,-73.793335,3,0,1,1,4067,-7379,0.4264705882352941
2022-03-29T00:00:00.000,17:20,40.836403,-73.875595,0,0,0,0,4083,-7387,0.38414634146341464
2022-04-05T00:00:00.000,21:00,40.704494,-73.81743,0,0,0,0,4070,-7381,0.3194444444444444
2022-03-21T00:00:00.000,15:25,40.668575,-73.913376,0,0,0,0,4066,-7391,0.3630952380952381
2022-04-05T00:00:00.000,9:20,40.73686,-73.85579,0,0,0,0,4073,-7385,0.3619047619047619
2022-04-05T00:00:00.000,7:00,40.68949,-73.92207,0,0,0,0,4068,-7392,0.2542372881355932
2022-04-05T00:00:00.000,10:49,40.740425,-73.89671,0,0,0,0,4074,-7389,0.3203125
2022-04-05T00:00:00.000,5:15,40.662006,-73.7546,0,0,0,0,4066,-7375,0.3
2022-07-03T00:00:00.000,22:15,40.764847,-73.77336,0,0,0,0,4076,-7377,0.20588235294117646
2022-03-26T00:00:00.000,9:45,40.65769,-73.90769,0,0,0,0,4065,-7390,0.375
2022-04-05T00:00:00.000,18:28,40.769222,-73.967316,0,0,0,0,4076,-7396,0.3023255813953488
2021-10-12T00:00:00.000,13:10,40.75855,-73.82964,0,0,0,0,4075,-7382,0.4915254237288136
2016-06-06T00:00:00.000,14:56,40.6581825,-73.9246436,0,0,0,0,4065,-7392,0.35555555555555557
2016-09-26T00:00:00.000,16:58,40.6582119,-73.9304718,0,0,0,0,4065,-7393,0.44366197183098594
2022-04-05T00:00:00.000,18:05,40.712727,-73.72899,0,0,0,0,4071,-7372,0.40425531914893614
2022-03-05T00:00:00.000,17:35,40.66157,-73.91548,0,0,0,0,4066,-7391,0.3630952380952381
2022-04-05T00:00:00.000,18:00,40.704067,-73.93861,0,0,0,0,4070,-7393,0.3300970873786408
2022-04-05T00:00:00.000,15:00,40.86764,-73.89237,0,0,0,0,4086,-7389,0.40606060606060607
2022-04-05T00:00:00.000,23:46,40.583534,-73.984184,0,0,0,0,4058,-7398,0.4
2022-04-05T00:00:00.000,15:00,40.644638,-73.92644,2,0,1,1,4064,-7392,0.4077669902912621
2022-04-04T00:00:00.000,21:10,40.896114,-73.89677,1,0,1,1,4089,-7389,0.5555555555555556
2022-04-05T00:00:00.000,23:40,40.87218,-73.86823,0,0,0,0,4087,-7386,0.3142857142857143
2022-04-05T00:00:00.000,16:30,40.714252,-73.947235,0,0,0,0,4071,-7394,0.3710691823899371
2022-06-29T00:00:00.000,16:35,40.850227,-73.93982,0,0,0,0,4085,-7393,0.36585365853658536
2022-07-03T00:00:00.000,20:16,40.69288,-73.85453,2,0,1,1,4069,-7385,0.34
2022-07-03T00:00:00.000,14:35,40.629646,-74.010704,0,0,0,0,4062,-7401,0.3829787234042553
2022-07-03T00:00:00.000,7:05,40.670647,-73.83527,0,0,0,0,4067,-7383,0.48148148148148145
2022-07-03T00:00:00.000,3:00,40.8603,-73.86368,0,0,0,0,4086,-7386,0.4642857142857143
2022-07-03T00:00:00.000,13:00,40.643005,-73.95263,0,0,0,0,4064,-7395,0.4796747967479675
2022-07-03T00:00:00.000,3:15,40.819588,-73.9105,0,0,0,0,4081,-7391,0.47244094488188976
2022-06-30T00:00:00.000,23:10,40.80647,-73.94644,0,0,0,0,4080,-7394,0.41116751269035534
2022-06-28T00:00:00.000,15:11,40.808952,-73.88792,0,0,0,0,4080,-7388,0.15789473684210525
2022-07-03T00:00:00.000,16:52,40.856388,-73.90177,1,0,1,1,4085,-7390,0.42207792207792205
2022-07-03T00:00:00.000,0:25,40.7243,-73.84517,0,0,0,0,4072,-7384,0.2711864406779661
2022-07-03T00:00:00.000,18:00,40.672882,-73.89808,1,0,1,1,4067,-7389,0.33852140077821014
2022-07-03T00:00:00.000,14:00,40.73149,-73.84215,0,0,0,0,4073,-7384,0.2682926829268293
2022-07-01T00:00:00.000,19:30,40.763844,-73.769455,0,0,0,0,4076,-7376,0.21739130434782608
2022-06-25T00:00:00.000,22:45,40.828728,-73.95221,1,0,1,1,4082,-7395,0.4117647058823529
2022-07-02T00:00:00.000,19:45,40.75092,-73.86224,1,0,1,1,4075,-7386,0.33653846153846156
2022-07-03T00:00:00.000,21:58,40.72381,-73.76636,0,0,0,0,4072,-7376,0.5
2022-07-03T00:00:00.000,14:29,40.66381,-73.91117,0,0,0,0,4066,-7391,0.3630952380952381
2022-06-26T00:00:00.000,19:20,40.8668,-73.92374,0,0,0,0,4086,-7392,0.359375
2022-06-28T00:00:00.000,23:17,40.722572,-73.8628,0,0,0,0,4072,-7386,0.42424242424242425
2022-07-03T00:00:00.000,3:35,40.668648,-73.92835,0,0,0,0,4066,-7392,0.355
2022-07-03T00:00:00.000,2:30,40.6992,-73.92309,0,0,0,0,4069,-7392,0.3584905660377358
2022-07-03T00:00:00.000,3:37,40.740173,-73.926926,0,0,0,0,4074,-7392,0.3709677419354839
2022-07-03T00:00:00.000,4:45,40.67628,-73.892166,0,0,0,0,4067,-7389,0.33852140077821014
2022-07-03T00:00:00.000,11:58,40.85476,-73.888245,0,0,0,0,4085,-7388,0.3
2022-07-03T00:00:00.000,21:50,40.748985,-73.979965,0,0,0,0,4074,-7397,0.4810810810810811
2022-06-23T00:00:00.000,16:10,40.694107,-73.93128,0,0,0,0,4069,-7393,0.3141025641025641
2022-06-11T00:00:00.000,18:44,40.63285,-73.89119,0,0,0,0,4063,-7389,0.41818181818181815
2022-07-03T00:00:00.000,8:00,40.82312,-73.9505,0,0,0,0,4082,-7395,0.4117647058823529
2022-06-25T00:00:00.000,15:09,40.770294,-73.98769,0,0,0,0,4077,-7398,0.38028169014084506
2022-07-03T00:00:00.000,12:56,40.810207,-73.93951,1,0,1,1,4081,-7393,0.32432432432432434
2022-07-03T00:00:00.000,4:30,40.86114,-73.91894,1,0,1,1,4086,-7391,0.38016528925619836
2022-07-02T00:00:00.000,9:48,40.680664,-73.902626,0,0,0,0,4068,-7390,0.4421052631578947
2022-07-03T00:00:00.000,19:15,40.588,-73.80729,2,0,1,1,4058,-7380,0.4
2022-06-30T00:00:00.000,21:00,40.67811,-73.89762,1,0,1,1,4067,-7389,0.33852140077821014
2022-07-03T00:00:00.000,18:10,40.67801,-73.94138,1,0,1,1,4067,-7394,0.34074074074074073
2022-07-02T00:00:00.000,14:30,40.580975,-74.00402,0,0,0,0,4058,-7400,0.0
2022-07-03T00:00:00.000,15:20,40.68771,-73.832565,1,0,1,1,4068,-7383,0.45454545454545453
2022-07-03T00:00:00.000,13:45,40.667053,-73.93212,0,0,0,0,4066,-7393,0.38578680203045684
2022-07-03T00:00:00.000,4:00,40.712055,-73.800964,0,0,0,0,4071,-7380,0.42105263157894735
2022-06-27T00:00:00.000,11:00,40.75639,-73.859726,0,0,0,0,4075,-7385,0.3048780487804878
2022-01-03T00:00:00.000,18:10,40.64433,-73.919914,1,0,1,1,4064,-7391,0.39805825242718446
2022-07-02T00:00:00.000,2:50,40.75169,-73.88562,0,0,0,0,4075,-7388,0.3402061855670103
2022-07-03T00:00:00.000,13:44,40.73897,-73.919556,0,0,0,0,4073,-7391,0.33962264150943394
2022-06-29T00:00:00.000,13:45,40.765675,-73.97624,0,0,0,0,4076,-7397,0.37
2022-07-03T00:00:00.000,21:38,40.68429,-73.8744,0,0,0,0,4068,-7387,0.24719101123595505
2022-07-03T00:00:00.000,5:40,40.865795,-73.920006,1,0,1,1,4086,-7392,0.359375
2022-07-03T00:00:00.000,13:20,40.8381,-73.85929,0,0,0,0,4083,-7385,0.30158730158730157
2022-06-04T00:00:00.000,13:25,40.750053,-73.88133,0,0,0,0,4075,-7388,0.3402061855670103
2021-06-03T00:00:00.000,20:50,40.60009,-73.96591,0,0,0,0,4060,-7396,0.5714285714285714
2021-06-25T00:00:00.000,14:10,40.685192,-73.977036,0,0,0,0,4068,-7397,0.3412322274881517
2021-06-25T00:00:00.000,6:30,40.678097,-74.00235,0,0,0,0,4067,-7400,0.20967741935483872
2021-06-26T00:00:00.000,4:13,40.889866,-73.862724,0,0,0,0,4088,-7386,0.23809523809523808
2021-06-26T00:00:00.000,17:54,40.83369,-73.91386,0,0,0,0,4083,-7391,0.33714285714285713
2021-06-18T00:00:00.000,11:30,40.710716,-73.95359,0,0,0,0,4071,-7395,0.36585365853658536
2021-06-26T00:00:00.000,1:15,40.72293,-73.98865,1,0,1,1,4072,-7398,0.4342105263157895
2021-06-26T00:00:00.000,1:20,40.789055,-73.94861,0,0,0,0,4078,-7394,0.33513513513513515
2021-06-25T00:00:00.000,21:58,40.76039,-73.98938,1,0,1,1,4076,-7398,0.3081761006289308
2021-06-26T00:00:00.000,0:30,40.73361,-73.92385,2,0,1,1,4073,-7392,0.4444444444444444
2021-06-26T00:00:00.000,2:10,40.61848,-73.96107,0,0,0,0,4061,-7396,0.30666666666666664
2021-06-26T00:00:00.000,17:00,40.707973,-73.950645,0,0,0,0,4070,-7395,0.3475177304964539
2021-06-26T00:00:00.000,13:00,40.747536,-73.884865,0,0,0,0,4074,-7388,0.2978723404255319
2021-06-26T00:00:00.000,13:15,40.681988,-73.76634,0,0,0,0,4068,-7376,0.35714285714285715
2021-06-26T00:00:00.000,3:30,40.7615,-73.997826,0,0,0,0,4076,-7399,0.3275862068965517
2021-06-25T00:00:00.000,16:10,40.704483,-73.81419,0,0,0,0,4070,-7381,0.3194444444444444
2021-06-26T00:00:00.000,3:20,40.713135,-74.00407,1,0,1,1,4071,-7400,0.25517241379310346
2021-06-26T00:00:00.000,16:15,40.68061,-73.90814,1,0,1,1,4068,-7390,0.4421052631578947
2021-06-25T00:00:00.000,11:13,40.807095,-73.945984,1,0,1,1,4080,-7394,0.41116751269035534
2021-06-19T00:00:00.000,15:45,40.73403,-73.723656,2,0,1,1,4073,-7372,0.3333333333333333
2021-06-24T00:00:00.000,10:00,40.882767,-73.88864,0,0,0,0,4088,-7388,0.42857142857142855
2021-06-26T00:00:00.000,18:10,40.587383,-73.95422,1,0,1,1,4058,-7395,0.3465346534653465
2021-06-26T00:00:00.000,10:10,40.69821,-73.737526,0,0,0,0,4069,-7373,0.36585365853658536
2021-06-26T00:00:00.000,16:34,40.758255,-73.7772,0,0,0,0,4075,-7377,0.24
2021-06-26T00:00:00.000,10:25,40.618595,-74.035995,1,0,1,1,4061,-7403,0.2777777777777778
2021-06-23T00:00:00.000,22:00,40.70577,-73.9368,0,0,0,0,4070,-7393,0.3300970873786408
2021-06-26T00:00:00.000,18:15,40.658836,-73.92046,0,0,0,0,4065,-7392,0.35555555555555557
2021-06-26T00:00:00.000,20:00,40.828075,-73.840065,0,0,0,0,4082,-7384,0.3835616438356164
2021-06-26T00:00:00.000,14:30,40.68811,-73.819336,0,0,0,0,4068,-7381,0.4117647058823529
2021-06-26T00:00:00.000,11:25,40.7483,-73.73825,1,0,1,1,4074,-7373,0.4
2021-06-25T00:00:00.000,16:00,40.820297,-73.854645,0,0,0,0,4082,-7385,0.27
2022-06-30T00:00:00.000,9:00,40.62051,-73.92511,0,0,0,0,4062,-7392,0.3611111111111111
2021-06-26T00:00:00.000,0:12,40.754387,-73.89653,1,0,1,1,4075,-7389,0.4805194805194805
2021-06-26T00:00:00.000,13:58,40.739567,-73.75771,0,0,0,0,4073,-7375,0.125
2021-06-26T00:00:00.000,21:45,40.795437,-73.943954,1,0,1,1,4079,-7394,0.3523809523809524
2021-06-26T00:00:00.000,10:10,40.76155,-73.96659,0,0,0,0,4076,-7396,0.3023255813953488
2021-06-26T00:00:00.000,0:00,40.86261,-73.82679,3,0,1,1,4086,-7382,0.3611111111111111
2021-06-26T00:00:00.000,20:42,40.863113,-73.920616,0,0,0,0,4086,-7392,0.359375
2021-06-26T00:00:00.000,15:26,40.76282,-73.92029,0,0,0,0,4076,-7392,0.42105263157894735
2021-06-26T00:00:00.000,9:00,40.678345,-73.94623,0,0,0,0,4067,-7394,0.34074074074074073
2021-06-25T00:00:00.000,10:45,40.70113,-73.96087,0,0,0,0,4070,-7396,0.3431372549019608
2021-06-24T00:00:00.000,0:00,40.701397,-73.95808,0,0,0,0,4070,-7395,0.3475177304964539
2021-06-26T00:00:00.000,14:42,40.81789,-73.93999,0,0,0,0,4081,-7393,0.32432432432432434
2021-06-26T00:00:00.000,22:43,40.699883,-73.90831,0,0,0,0,4069,-7390,0.29591836734693877
2021-06-26T00:00:00.000,19:10,40.842987,-73.900345,1,0,1,1,4084,-7390,0.366120218579235
2021-06-26T00:00:00.000,11:45,40.55542,-74.182976,1,0,1,1,4055,-7418,0.4
2021-06-26T00:00:00.000,17:05,40.64546,-74.00638,1,0,1,1,4064,-7400,0.36764705882352944
2021-06-26T00:00:00.000,16:53,40.820515,-73.930695,0,0,0,0,4082,-7393,0.36645962732919257
2021-06-25T00:00:00.000,2:00,40.687283,-73.827415,0,0,0,0,4068,-7382,0.41975308641975306
2021-06-26T00:00:00.000,20:09,40.711838,-73.917496,0,0,0,0,4071,-7391,0.1836734693877551
2021-06-22T00:00:00.000,10:15,40.76636,-73.97789,0,0,0,0,4076,-7397,0.37
2021-06-26T00:00:00.000,22:45,40.669415,-73.88231,0,0,0,0,4066,-7388,0.37012987012987014
2021-06-26T00:00:00.000,15:05,40.75776,-73.7834,0,0,0,0,4075,-7378,0.18518518518518517
2021-06-24T00:00:00.000,9:25,40.667095,-73.92276,0,0,0,0,4066,-7392,0.355
2021-06-26T00:00:00.000,22:00,40.687992,-73.98962,0,0,0,0,4068,-7398,0.3873239436619718
2021-06-25T00:00:00.000,22:25,40.860264,-73.90164,0,0,0,0,4086,-7390,0.42748091603053434
2021-06-26T00:00:00.000,2:30,40.72445,-74.00404,0,0,0,0,4072,-7400,0.32926829268292684
2021-06-26T00:00:00.000,5:05,40.76571,-73.991035,0,0,0,0,4076,-7399,0.3275862068965517
2022-07-03T00:00:00.000,0:54,40.78503,-73.94058,1,0,1,1,4078,-7394,0.33513513513513515
2021-06-26T00:00:00.000,21:40,40.710815,-73.98326,0,0,0,0,4071,-7398,0.39568345323741005
2021-06-04T00:00:00.000,19:50,40.745796,-73.88385,1,0,1,1,4074,-7388,0.2978723404255319
2021-06-19T00:00:00.000,16:11,40.61074,-74.09583,1,0,1,1,4061,-7409,0.46153846153846156
2021-06-21T00:00:00.000,12:15,40.795147,-73.94523,0,0,0,0,4079,-7394,0.3523809523809524
2021-06-26T00:00:00.000,16:20,40.579975,-73.97464,0,0,0,0,4057,-7397,0.2619047619047619
2021-06-26T00:00:00.000,23:15,40.827206,-73.94246,1,0,1,1,4082,-7394,0.3812154696132597
2021-06-26T00:00:00.000,17:11,40.65473,-73.90692,1,0,1,1,4065,-7390,0.375
2021-06-26T00:00:00.000,8:37,40.652187,-73.95847,0,0,0,0,4065,-7395,0.38686131386861317
2021-06-24T00:00:00.000,17:08,40.70082,-73.957466,0,0,0,0,4070,-7395,0.3475177304964539
2021-06-26T00:00:00.000,11:34,40.72325,-73.733315,0,0,0,0,4072,-7373,0.4642857142857143
2021-06-26T00:00:00.000,17:40,40.85477,-73.90299,0,0,0,0,4085,-7390,0.42207792207792205
2021-06-26T00:00:00.000,12:51,40.69832,-73.962265,1,0,1,1,4069,-7396,0.325
2021-06-26T00:00:00.000,17:41,40.719395,-74.00189,1,0,1,1,4071,-7400,0.25517241379310346
2021-06-26T00:00:00.000,20:00,40.685184,-73.920456,0,0,0,0,4068,-7392,0.2542372881355932
2021-06-26T00:00:00.000,9:00,40.905975,-73.85034,0,0,0,0,4090,-7385,0.42105263157894735
2021-06-26T00:00:00.000,19:31,40.710365,-73.90493,1,0,1,1,4071,-7390,0.4
2021-06-26T00:00:00.000,0:49,40.692425,-73.96075,1,0,1,1,4069,-7396,0.325
2021-06-24T00:00:00.000,17:21,40.743427,-73.99613,0,0,0,0,4074,-7399,0.3333333333333333
2021-06-26T00:00:00.000,0:40,40.670624,-73.895546,0,0,0,0,4067,-7389,0.33852140077821014
2021-06-26T00:00:00.000,8:25,40.848637,-73.91169,1,0,1,1,4084,-7391,0.32558139534883723
2021-06-26T00:00:00.000,5:00,40.71146,-73.79647,0,0,0,0,4071,-7379,0.3888888888888889
2021-06-26T00:00:00.000,22:47,40.649895,-73.90762,1,0,1,1,4064,-7390,0.4017094017094017
2021-06-26T00:00:00.000,15:50,40.758167,-73.91857,0,0,0,0,4075,-7391,0.4777777777777778
2021-06-25T00:00:00.000,7:30,40.718643,-73.76625,0,0,0,0,4071,-7376,0.37142857142857144
2021-06-26T00:00:00.000,19:20,40.688232,-73.933105,1,0,1,1,4068,-7393,0.3619047619047619
2021-06-24T00:00:00.000,18:06,40.86369,-73.91707,1,0,1,1,4086,-7391,0.38016528925619836
2021-06-24T00:00:00.000,19:20,40.797478,-73.9488,1,0,1,1,4079,-7394,0.3523809523809524
2021-06-26T00:00:00.000,7:45,40.727676,-73.98182,0,0,0,0,4072,-7398,0.4342105263157895
2021-06-26T00:00:00.000,1:00,40.833466,-73.85057,0,0,0,0,4083,-7385,0.30158730158730157
2021-06-24T00:00:00.000,15:50,40.876316,-73.90165,0,0,0,0,4087,-7390,0.3184713375796178
2021-06-26T00:00:00.000,20:18,40.83945,-73.88393,0,0,0,0,4083,-7388,0.26717557251908397
2021-06-26T00:00:00.000,2:10,40.75892,-73.97426,0,0,0,0,4075,-7397,0.375886524822695
2021-06-21T00:00:00.000,20:57,40.69168,-73.99965,0,0,0,0,4069,-7399,0.29473684210526313
2021-06-26T00:00:00.000,3:40,40.861217,-73.90437,1,0,1,1,4086,-7390,0.42748091603053434
2021-06-14T00:00:00.000,10:10,40.6849,-73.97961,0,0,0,0,4068,-7397,0.3412322274881517
2021-06-24T00:00:00.000,5:18,40.714935,-73.81636,1,0,1,1,4071,-7381,0.3448275862068966
2021-06-25T00:00:00.000,19:30,40.850018,-73.9107,0,0,0,0,4085,-7391,0.373134328358209
2021-06-26T00:00:00.000,14:10,40.617764,-73.95003,2,0,1,1,4061,-7395,0.4461538461538462
2021-12-30T00:00:00.000,8:00,40.700123,-73.91632,0,0,0,0,4070,-7391,0.27450980392156865
2021-06-26T00:00:00.000,14:15,40.71453,-73.9444,0,0,0,0,4071,-7394,0.3710691823899371
2021-06-26T00:00:00.000,14:45,40.853943,-73.858665,0,0,0,0,4085,-7385,0.3125
2021-06-26T00:00:00.000,17:00,40.757507,-73.88193,1,0,1,1,4075,-7388,0.3402061855670103
2021-06-26T00:00:00.000,7:00,40.68275,-73.922,0,0,0,0,4068,-7392,0.2542372881355932
2021-06-26T00:00:00.000,14:10,40.743942,-73.983635,1,0,1,1,4074,-7398,0.40131578947368424
2021-06-26T00:00:00.000,21:30,40.834705,-73.88936,0,0,0,0,4083,-7388,0.26717557251908397
2021-06-26T00:00:00.000,18:35,40.812664,-73.906334,0,0,0,0,4081,-7390,0.3888888888888889
2021-06-24T00:00:00.000,20:57,40.8617,-73.89139,0,0,0,0,4086,-7389,0.40606060606060607
2021-06-26T00:00:00.000,8:20,40.616047,-74.025734,0,0,0,0,4061,-7402,0.4090909090909091
2021-06-26T00:00:00.000,9:39,40.670555,-73.85634,1,0,1,1,4067,-7385,0.26666666666666666
2021-06-26T00:00:00.000,5:40,40.60461,-73.99826,0,0,0,0,4060,-7399,0.31683168316831684
2021-06-26T00:00:00.000,0:00,40.65121,-73.95893,1,0,1,1,4065,-7395,0.38686131386861317
2021-06-25T00:00:00.000,15:35,40.810726,-73.92465,0,0,0,0,4081,-7392,0.4714285714285714
2021-06-21T00:00:00.000,14:15,40.792244,-73.94419,1,0,1,1,4079,-7394,0.3523809523809524
2021-06-26T00:00:00.000,16:10,40.68821,-73.96583,1,0,1,1,4068,-7396,0.42567567567567566
2021-06-26T00:00:00.000,6:10,40.678394,-73.94692,0,0,0,0,4067,-7394,0.34074074074074073
2021-06-21T00:00:00.000,10:54,40.644753,-73.92493,0,0,0,0,4064,-7392,0.4077669902912621
2021-06-25T00:00:00.000,14:15,40.696384,-73.86017,0,0,0,0,4069,-7386,0.21052631578947367
2021-06-26T00:00:00.000,8:10,40.85407,-73.89932,0,0,0,0,4085,-7389,0.3353658536585366
2021-06-21T00:00:00.000,14:00,40.862614,-73.928604,0,0,0,0,4086,-7392,0.359375
2021-06-18T00:00:00.000,15:00,40.675385,-73.95337,0,0,0,0,4067,-7395,0.3695652173913043
2021-06-26T00:00:00.000,9:04,40.702145,-73.89672,0,0,0,0,4070,-7389,0.2711864406779661
2021-06-26T00:00:00.000,10:15,40.765114,-73.98503,0,0,0,0,4076,-7398,0.3081761006289308
2021-06-26T00:00:00.000,13:15,40.757732,-73.99686,0,0,0,0,4075,-7399,0.2830188679245283
2021-06-26T00:00:00.000,15:17,40.697052,-73.75734,1,0,1,1,4069,-7375,0.3584905660377358
2021-06-25T00:00:00.000,12:04,40.710716,-73.95359,1,0,1,1,4071,-7395,0.36585365853658536
2021-06-26T00:00:00.000,1:13,40.848446,-73.9393,0,0,0,0,4084,-7393,0.32786885245901637
2021-06-26T00:00:00.000,23:37,40.616985,-74.01716,0,0,0,0,4061,-7401,0.2972972972972973
2021-06-22T00:00:00.000,10:30,40.636448,-73.94513,0,0,0,0,4063,-7394,0.358974358974359
2021-06-25T00:00:00.000,12:45,40.79292,-73.94579,0,0,0,0,4079,-7394,0.3523809523809524
2021-06-26T00:00:00.000,5:10,40.72032,-73.99404,1,0,1,1,4072,-7399,0.3829787234042553
2021-06-25T00:00:00.000,18:45,40.763485,-73.98895,1,0,1,1,4076,-7398,0.3081761006289308
2021-06-24T00:00:00.000,10:15,40.70166,-73.961464,0,0,0,0,4070,-7396,0.3431372549019608
2022-07-01T00:00:00.000,16:27,40.652287,-73.887405,0,0,0,0,4065,-7388,0.41509433962264153
2021-06-26T00:00:00.000,19:28,40.868336,-73.90127,4,0,1,1,4086,-7390,0.42748091603053434
2021-06-26T00:00:00.000,14:20,40.834507,-73.91772,0,0,0,0,4083,-7391,0.33714285714285713
2021-06-26T00:00:00.000,19:15,40.661278,-73.9536,0,0,0,0,4066,-7395,0.44375
2021-06-26T00:00:00.000,9:00,40.666546,-73.78808,2,0,1,1,4066,-7378,0.34615384615384615
2021-06-26T00:00:00.000,5:15,40.68489,-73.82148,1,0,1,1,4068,-7382,0.41975308641975306
2021-06-25T00:00:00.000,15:40,40.868885,-73.91569,0,0,0,0,4086,-7391,0.38016528925619836
2021-06-26T00:00:00.000,0:00,40.694107,-73.96703,0,0,0,0,4069,-7396,0.325
2021-06-26T00:00:00.000,18:18,40.640728,-73.90521,1,0,1,1,4064,-7390,0.4017094017094017
2021-06-26T00:00:00.000,23:14,40.676342,-73.910934,1,0,1,1,4067,-7391,0.36597938144329895
2021-06-24T00:00:00.000,16:21,40.707333,-73.94321,0,0,0,0,4070,-7394,0.3956043956043956
2021-06-20T00:00:00.000,12:45,40.743717,-74.00417,0,0,0,0,4074,-7400,0.27710843373493976
2021-06-24T00:00:00.000,20:40,40.824043,-73.93884,0,0,0,0,4082,-7393,0.36645962732919257
2021-06-26T00:00:00.000,2:10,40.72387,-73.75541,2,0,1,1,4072,-7375,0.2727272727272727
2021-06-26T00:00:00.000,10:51,40.850857,-73.90765,1,0,1,1,4085,-7390,0.42207792207792205
2021-06-16T00:00:00.000,11:15,40.79292,-73.94579,0,0,0,0,4079,-7394,0.3523809523809524
2021-06-26T00:00:00.000,2:37,40.725975,-73.7575,1,0,1,1,4072,-7375,0.2727272727272727
2021-06-23T00:00:00.000,10:00,40.704132,-73.815895,0,0,0,0,4070,-7381,0.3194444444444444
2021-06-26T00:00:00.000,14:10,40.864002,-73.834045,0,0,0,0,4086,-7383,0.3448275862068966
2021-06-26T00:00:00.000,14:45,40.639366,-73.9113,2,0,1,1,4063,-7391,0.5
2021-06-26T00:00:00.000,22:35,40.71256,-73.732994,0,0,0,0,4071,-7373,0.25
2021-06-26T00:00:00.000,3:17,40.84768,-73.91237,1,0,1,1,4084,-7391,0.32558139534883723
2021-06-26T00:00:00.000,12:42,40.63778,-74.01794,1,0,1,1,4063,-7401,0.37777777777777777
2021-06-26T00:00:00.000,16:52,40.591393,-73.907875,0,0,0,0,4059,-7390,0.23404255319148937
2021-06-25T00:00:00.000,16:36,40.861942,-73.89373,0,0,0,0,4086,-7389,0.40606060606060607
2021-06-23T00:00:00.000,0:00,40.716526,-73.82308,0,0,0,0,4071,-7382,0.379746835443038
2021-06-26T00:00:00.000,2:45,40.62764,-73.89022,0,0,0,0,4062,-7389,0.3333333333333333
2021-06-26T00:00:00.000,14:27,40.722466,-73.73692,1,0,1,1,4072,-7373,0.4642857142857143
2021-06-26T00:00:00.000,17:11,40.879215,-73.885284,0,0,0,0,4087,-7388,0.3561643835616438
2021-06-26T00:00:00.000,6:30,40.641567,-73.91895,0,0,0,0,4064,-7391,0.39805825242718446
2021-06-26T00:00:00.000,17:00,40.642384,-73.92539,1,0,1,1,4064,-7392,0.4077669902912621
2021-06-23T00:00:00.000,21:00,40.85814,-73.895744,0,0,0,0,4085,-7389,0.3353658536585366
2021-06-06T00:00:00.000,14:30,40.670326,-73.79244,0,0,0,0,4067,-7379,0.4264705882352941
2021-06-26T00:00:00.000,17:20,40.614063,-74.01393,0,0,0,0,4061,-7401,0.2972972972972973
2021-06-26T00:00:00.000,4:50,40.833702,-73.870674,0,0,0,0,4083,-7387,0.38414634146341464
2021-06-17T00:00:00.000,13:03,40.879063,-73.90913,1,0,1,1,4087,-7390,0.3184713375796178
2021-06-26T00:00:00.000,0:57,40.596977,-73.97324,0,0,0,0,4059,-7397,0.3191489361702128
2021-06-25T00:00:00.000,19:35,40.84543,-73.91399,0,0,0,0,4084,-7391,0.32558139534883723
2021-06-26T00:00:00.000,14:05,40.692703,-73.75857,0,0,0,0,4069,-7375,0.3584905660377358
2021-06-26T00:00:00.000,8:26,40.74223,-73.95885,0,0,0,0,4074,-7395,0.35185185185185186
2022-04-06T00:00:00.000,13:20,40.78214,-73.824844,0,0,0,0,4078,-7382,0.3
2021-06-26T00:00:00.000,0:02,40.663124,-73.96244,0,0,0,0,4066,-7396,0.4074074074074074
2021-06-26T00:00:00.000,18:58,40.67663,-73.77774,0,0,0,0,4067,-7377,0.32608695652173914
2021-06-26T00:00:00.000,8:40,40.71146,-73.79647,0,0,0,0,4071,-7379,0.3888888888888889
2021-06-26T00:00:00.000,18:10,40.75968,-73.864075,0,0,0,0,4075,-7386,0.33653846153846156
2021-06-26T00:00:00.000,3:01,40.789677,-73.85167,0,0,0,0,4078,-7385,0.0
2021-06-25T00:00:00.000,14:34,40.53734,-74.21195,0,0,0,0,4053,-7421,0.0
2021-06-26T00:00:00.000,8:28,40.872143,-73.818695,1,0,1,1,4087,-7381,0.5
2021-06-26T00:00:00.000,19:50,40.62226,-73.96084,0,0,0,0,4062,-7396,0.375
2021-06-26T00:00:00.000,9:40,40.684227,-73.93531,0,0,0,0,4068,-7393,0.3619047619047619
2021-06-26T00:00:00.000,19:30,40.748363,-73.98041,0,0,0,0,4074,-7398,0.40131578947368424
2021-06-26T00:00:00.000,23:00,40.747906,-73.863235,0,0,0,0,4074,-7386,0.3813559322033898
2021-06-26T00:00:00.000,12:00,40.76844,-73.927155,1,0,1,1,4076,-7392,0.42105263157894735
2021-06-26T00:00:00.000,0:00,40.756245,-73.97758,0,0,0,0,4075,-7397,0.375886524822695
2021-06-23T00:00:00.000,16:35,40.875427,-73.906166,1,0,1,1,4087,-7390,0.3184713375796178
2021-06-26T00:00:00.000,22:00,40.76802,-73.826225,0,0,0,0,4076,-7382,0.2987012987012987
2021-06-26T00:00:00.000,23:00,40.763344,-73.75791,2,0,1,1,4076,-7375,0.3409090909090909
2021-06-26T00:00:00.000,0:45,40.82077,-73.95459,0,0,0,0,4082,-7395,0.4117647058823529
2021-06-26T00:00:00.000,14:17,40.621483,-73.9252,2,0,1,1,4062,-7392,0.3611111111111111
2021-06-26T00:00:00.000,17:50,40.72176,-73.76001,1,0,1,1,4072,-7376,0.5
2021-06-26T00:00:00.000,12:40,40.71793,-73.881256,0,0,0,0,4071,-7388,0.10344827586206896
2021-06-26T00:00:00.000,10:00,40.64254,-73.87652,6,0,1,1,4064,-7387,0.4918032786885246
2021-06-24T00:00:00.000,8:30,40.713547,-73.79548,0,0,0,0,4071,-7379,0.3888888888888889
2021-06-26T00:00:00.000,16:48,40.73074,-73.71305,1,0,1,1,4073,-7371,0.2857142857142857
2021-06-26T00:00:00.000,22:39,40.84497,-73.90247,0,0,0,0,4084,-7390,0.366120218579235
2021-06-26T00:00:00.000,0:00,40.705482,-73.92826,0,0,0,0,4070,-7392,0.24305555555555555
2021-06-24T00:00:00.000,13:00,40.865547,-73.92728,0,0,0,0,4086,-7392,0.359375
2021-06-26T00:00:00.000,22:14,40.862747,-73.90494,1,0,1,1,4086,-7390,0.42748091603053434
2021-06-26T00:00:00.000,0:30,40.59359,-73.79726,0,0,0,0,4059,-7379,0.2692307692307692
2021-06-26T00:00:00.000,0:05,40.88942,-73.844894,0,0,0,0,4088,-7384,0.4153846153846154
2021-06-26T00:00:00.000,17:30,40.66214,-73.98224,0,0,0,0,4066,-7398,0.421875
2021-06-26T00:00:00.000,21:00,40.633114,-73.94928,0,0,0,0,4063,-7394,0.358974358974359
2021-06-23T00:00:00.000,9:15,40.75578,-74.00199,1,0,1,1,4075,-7400,0.3888888888888889
2021-06-25T00:00:00.000,20:50,40.80729,-73.91268,0,0,0,0,4080,-7391,0.38961038961038963
2021-06-26T00:00:00.000,20:00,40.636364,-73.93747,0,0,0,0,4063,-7393,0.46153846153846156
2021-06-26T00:00:00.000,14:42,40.841824,-73.843735,0,0,0,0,4084,-7384,0.4222222222222222
2021-06-26T00:00:00.000,6:30,40.75832,-73.92506,0,0,0,0,4075,-7392,0.48148148148148145
2021-06-26T00:00:00.000,18:00,40.755665,-73.795204,0,0,0,0,4075,-7379,0.38461538461538464
2021-06-26T00:00:00.000,13:15,40.66514,-73.90236,0,0,0,0,4066,-7390,0.2777777777777778
2021-06-26T00:00:00.000,4:00,40.845467,-73.92813,2,0,1,1,4084,-7392,0.3181818181818182
2021-06-25T00:00:00.000,10:00,40.72143,-73.99362,0,0,0,0,4072,-7399,0.3829787234042553
2021-06-26T00:00:00.000,13:41,40.87125,-73.85662,0,0,0,0,4087,-7385,0.37681159420289856
2021-06-21T00:00:00.000,11:35,40.78713,-73.945015,0,0,0,0,4078,-7394,0.33513513513513515
2021-06-25T00:00:00.000,23:00,40.76737,-73.98445,0,0,0,0,4076,-7398,0.3081761006289308
2022-06-28T00:00:00.000,13:05,40.771023,-73.95365,0,0,0,0,4077,-7395,0.3384615384615385
2021-06-25T00:00:00.000,17:50,40.850822,-73.90147,0,0,0,0,4085,-7390,0.42207792207792205
2021-06-26T00:00:00.000,21:08,40.767284,-73.81301,0,0,0,0,4076,-7381,0.4716981132075472
2021-06-26T00:00:00.000,1:30,40.70213,-73.80445,1,0,1,1,4070,-7380,0.3877551020408163
2021-06-26T00:00:00.000,13:30,40.804695,-73.92239,0,0,0,0,4080,-7392,0.3141025641025641
2021-06-26T00:00:00.000,19:00,40.625652,-73.930534,1,0,1,1,4062,-7393,0.4444444444444444
2021-06-25T00:00:00.000,15:08,40.676594,-73.91555,0,0,0,0,4067,-7391,0.36597938144329895
2021-06-25T00:00:00.000,13:50,40.79157,-73.94469,0,0,0,0,4079,-7394,0.3523809523809524
2021-06-26T00:00:00.000,0:36,40.618824,-74.15786,2,0,1,1,4061,-7415,0.3333333333333333
2021-06-26T00:00:00.000,15:25,40.751976,-73.93197,1,0,1,1,4075,-7393,0.43478260869565216
2021-06-24T00:00:00.000,16:49,40.675552,-73.839714,0,0,0,0,4067,-7383,0.48148148148148145
2021-06-26T00:00:00.000,13:00,40.775642,-73.960526,0,0,0,0,4077,-7396,0.3695652173913043
2022-06-30T00:00:00.000,12:17,40.75142,-73.987656,0,0,0,0,4075,-7398,0.3170731707317073
2021-06-26T00:00:00.000,9:49,40.809692,-73.94409,1,0,1,1,4080,-7394,0.41116751269035534
2022-06-20T00:00:00.000,14:12,40.711433,-73.78768,0,0,0,0,4071,-7378,0.32653061224489793
2021-06-26T00:00:00.000,2:06,40.659264,-74.002396,3,0,1,1,4065,-7400,0.41509433962264153
2021-06-26T00:00:00.000,15:05,40.828533,-73.90693,0,0,0,0,4082,-7390,0.3025210084033613
2021-06-23T00:00:00.000,6:55,40.730053,-73.79353,4,0,1,1,4073,-7379,0.4
2021-06-26T00:00:00.000,10:30,40.631798,-73.901596,1,0,1,1,4063,-7390,0.3561643835616438
2021-06-26T00:00:00.000,23:26,40.880135,-73.903946,1,0,1,1,4088,-7390,0.2702702702702703
2021-06-26T00:00:00.000,16:50,40.667313,-73.73926,3,0,1,1,4066,-7373,0.44339622641509435
2021-06-26T00:00:00.000,3:00,40.818558,-73.92732,0,0,0,0,4081,-7392,0.4714285714285714
2021-06-24T00:00:00.000,15:44,40.68816,-73.848854,0,0,0,0,4068,-7384,0.3333333333333333
2021-06-25T00:00:00.000,20:23,40.716824,-73.82019,0,0,0,0,4071,-7382,0.379746835443038
2021-06-26T00:00:00.000,10:51,40.746902,-73.834694,0,0,0,0,4074,-7383,0.4067796610169492
2021-06-26T00:00:00.000,15:30,40.80119,-73.93003,1,0,1,1,4080,-7393,0.36312849162011174
2021-06-26T00:00:00.000,23:15,40.84372,-73.81508,0,0,0,0,4084,-7381,0.4
2021-06-25T00:00:00.000,19:20,40.75652,-73.821434,0,0,0,0,4075,-7382,0.4915254237288136
2021-06-26T00:00:00.000,10:27,40.751713,-73.97266,1,0,1,1,4075,-7397,0.375886524822695
2021-06-26T00:00:00.000,21:20,40.586296,-74.162994,1,0,1,1,4058,-7416,0.3
2021-06-26T00:00:00.000,18:40,40.719112,-73.9792,1,0,1,1,4071,-7397,0.41509433962264153
2021-06-26T00:00:00.000,12:30,40.663456,-73.91598,0,0,0,0,4066,-7391,0.3630952380952381
2021-06-22T00:00:00.000,13:00,40.710785,-73.95995,0,0,0,0,4071,-7395,0.36585365853658536
2021-06-26T00:00:00.000,13:30,40.737194,-73.98328,0,0,0,0,4073,-7398,0.36942675159235666
2021-06-25T00:00:00.000,12:20,40.695908,-73.98322,0,0,0,0,4069,-7398,0.3229166666666667
2021-06-26T00:00:00.000,23:30,40.54315,-74.17378,0,0,0,0,4054,-7417,0.4444444444444444
2021-06-26T00:00:00.000,1:22,40.68405,-73.97746,1,0,1,1,4068,-7397,0.3412322274881517
2021-06-26T00:00:00.000,18:30,40.748295,-73.91019,0,0,0,0,4074,-7391,0.38333333333333336
2021-06-26T00:00:00.000,12:00,40.844013,-73.8619,0,0,0,0,4084,-7386,0.375
2021-06-26T00:00:00.000,7:45,40.744644,-73.77041,2,0,1,1,4074,-7377,0.36363636363636365
2021-06-24T00:00:00.000,19:21,40.811844,-73.92572,0,0,0,0,4081,-7392,0.4714285714285714
2021-06-26T00:00:00.000,14:25,40.81417,-73.93431,0,0,0,0,4081,-7393,0.32432432432432434
2021-06-25T00:00:00.000,13:00,40.68293,-74.005684,0,0,0,0,4068,-7400,0.3333333333333333
2021-06-26T00:00:00.000,11:40,40.64364,-73.95462,1,0,1,1,4064,-7395,0.4796747967479675
2021-06-26T00:00:00.000,16:25,40.58369,-73.94808,1,0,1,1,4058,-7394,0.40816326530612246
2021-06-26T00:00:00.000,4:47,40.763416,-73.97906,0,0,0,0,4076,-7397,0.37
2021-06-26T00:00:00.000,18:50,40.87647,-73.87579,0,0,0,0,4087,-7387,0.297029702970297
2021-06-26T00:00:00.000,19:40,40.730015,-73.82348,0,0,0,0,4073,-7382,0.45454545454545453
2021-06-25T00:00:00.000,16:50,40.760468,-73.73256,1,0,1,1,4076,-7373,0.42857142857142855
2022-07-03T00:00:00.000,18:20,40.6952,-73.92844,1,0,1,1,4069,-7392,0.3584905660377358
2021-06-24T00:00:00.000,12:45,40.724693,-73.76481,1,0,1,1,4072,-7376,0.5
2021-06-26T00:00:00.000,13:45,40.631397,-73.90369,0,0,0,0,4063,-7390,0.3561643835616438
2021-06-26T00:00:00.000,23:29,40.858994,-73.90573,0,0,0,0,4085,-7390,0.42207792207792205
2021-06-26T00:00:00.000,17:24,40.65482,-73.91843,0,0,0,0,4065,-7391,0.425
2021-06-24T00:00:00.000,13:30,40.711903,-73.94902,0,0,0,0,4071,-7394,0.3710691823899371
2021-06-27T00:00:00.000,13:24,40.639496,-74.010086,0,0,0,0,4063,-7401,0.37777777777777777
2021-06-26T00:00:00.000,21:26,40.87356,-73.81853,0,0,0,0,4087,-7381,0.5
2021-06-26T00:00:00.000,17:49,40.85223,-73.87141,1,0,1,1,4085,-7387,0.375
2021-06-26T00:00:00.000,13:30,40.692356,-73.94282,1,0,1,1,4069,-7394,0.417910447761194
2021-06-26T00:00:00.000,17:15,40.74925,-73.858025,0,0,0,0,4074,-7385,0.35526315789473684
2021-06-26T00:00:00.000,1:15,40.88117,-73.86303,0,0,0,0,4088,-7386,0.23809523809523808
2021-06-26T00:00:00.000,11:12,40.75766,-73.77989,0,0,0,0,4075,-7377,0.24
2021-06-26T00:00:00.000,7:00,40.724403,-74.00408,0,0,0,0,4072,-7400,0.32926829268292684
2021-06-26T00:00:00.000,18:00,40.74578,-73.99185,0,0,0,0,4074,-7399,0.3333333333333333
2021-06-26T00:00:00.000,21:30,40.683582,-73.953964,0,0,0,0,4068,-7395,0.38571428571428573
2021-06-26T00:00:00.000,16:00,40.75548,-73.74173,0,0,0,0,4075,-7374,0.3333333333333333
2021-06-26T00:00:00.000,0:10,40.762184,-73.993614,0,0,0,0,4076,-7399,0.3275862068965517
2021-06-24T00:00:00.000,12:53,40.80202,-73.94969,1,0,1,1,4080,-7394,0.41116751269035534
2022-06-30T00:00:00.000,18:20,40.863235,-73.92693,1,0,1,1,4086,-7392,0.359375
2021-06-26T00:00:00.000,3:00,40.880527,-73.901794,0,0,0,0,4088,-7390,0.2702702702702703
2021-06-25T00:00:00.000,5:30,40.71445,-73.9306,0,0,0,0,4071,-7393,0.2711864406779661
2021-06-26T00:00:00.000,2:28,40.68111,-73.761185,0,0,0,0,4068,-7376,0.35714285714285715
2022-07-03T00:00:00.000,14:57,40.83202,-73.87323,0,1,2,1,4083,-7387,0.38414634146341464
2021-06-24T00:00:00.000,10:35,40.88243,-73.902306,0,0,0,0,4088,-7390,0.2702702702702703
2021-06-26T00:00:00.000,18:51,40.812008,-73.951515,0,0,0,0,4081,-7395,0.3509933774834437
2021-06-23T00:00:00.000,19:45,40.72531,-73.802574,0,0,0,0,4072,-7380,0.2727272727272727
2021-06-26T00:00:00.000,2:00,40.67058,-73.93096,3,0,1,1,4067,-7393,0.3755868544600939
2021-06-26T00:00:00.000,16:00,40.63082,-73.88636,0,0,0,0,4063,-7388,0.3835616438356164
2021-06-26T00:00:00.000,17:21,40.70197,-73.8019,1,0,1,1,4070,-7380,0.3877551020408163
2021-06-26T00:00:00.000,15:15,40.754025,-73.882256,1,0,1,1,4075,-7388,0.3402061855670103
2021-06-26T00:00:00.000,13:30,40.722553,-74.00141,0,0,0,0,4072,-7400,0.32926829268292684
2021-06-26T00:00:00.000,14:00,40.76259,-73.80464,0,0,0,0,4076,-7380,0.4
2021-06-26T00:00:00.000,15:08,40.841496,-73.92486,1,0,1,1,4084,-7392,0.3181818181818182
2021-06-26T00:00:00.000,6:59,40.868847,-73.8233,0,0,0,0,4086,-7382,0.3611111111111111
2021-06-26T00:00:00.000,8:52,40.84301,-73.86573,0,0,0,0,4084,-7386,0.375
2021-06-21T00:00:00.000,0:00,40.88939,-73.89839,0,0,0,0,4088,-7389,0.4626865671641791
2021-04-13T00:00:00.000,13:50,40.766018,-73.98121,0,0,0,0,4076,-7398,0.3081761006289308
2021-06-24T00:00:00.000,15:50,40.72848,-73.80523,0,0,0,0,4072,-7380,0.2727272727272727
2021-06-26T00:00:00.000,23:58,40.582382,-73.9837,0,0,0,0,4058,-7398,0.4
2021-06-23T00:00:00.000,14:29,40.809574,-73.91806,1,0,1,1,4080,-7391,0.38961038961038963
2021-06-26T00:00:00.000,0:00,40.69365,-73.98333,0,0,0,0,4069,-7398,0.3229166666666667
2021-06-21T00:00:00.000,11:00,40.690563,-73.94536,0,0,0,0,4069,-7394,0.417910447761194
2021-06-26T00:00:00.000,15:00,40.881504,-73.83234,0,0,0,0,4088,-7383,0.3448275862068966
2021-06-26T00:00:00.000,15:05,40.874683,-73.840195,2,0,1,1,4087,-7384,0.47297297297297297
2021-06-25T00:00:00.000,13:30,40.703762,-73.94262,0,0,0,0,4070,-7394,0.3956043956043956
2021-06-25T00:00:00.000,19:12,40.84919,-73.91729,0,0,0,0,4084,-7391,0.32558139534883723
2021-06-24T00:00:00.000,15:30,40.699715,-73.96182,0,0,0,0,4069,-7396,0.325
2021-06-26T00:00:00.000,10:08,40.751835,-73.82427,1,0,1,1,4075,-7382,0.4915254237288136
2021-06-26T00:00:00.000,14:20,40.817173,-73.94606,0,0,0,0,4081,-7394,0.38
2021-06-26T00:00:00.000,10:00,40.64254,-73.87652,0,0,0,0,4064,-7387,0.4918032786885246
2021-06-24T00:00:00.000,17:17,40.850494,-73.91546,1,0,1,1,4085,-7391,0.373134328358209
2021-06-22T00:00:00.000,19:00,40.760925,-73.96705,0,0,0,0,4076,-7396,0.3023255813953488
2021-06-26T00:00:00.000,8:30,40.884693,-73.83592,2,0,1,1,4088,-7383,0.3448275862068966
2021-06-26T00:00:00.000,10:01,40.65432,-73.91788,0,0,0,0,4065,-7391,0.425
2021-06-26T00:00:00.000,21:05,40.680687,-73.84459,2,0,1,1,4068,-7384,0.3333333333333333
2021-06-26T00:00:00.000,14:00,40.852978,-73.888916,0,0,0,0,4085,-7388,0.3
2021-06-26T00:00:00.000,15:50,40.833076,-73.89731,0,0,0,0,4083,-7389,0.3333333333333333
2021-06-26T00:00:00.000,21:45,40.72247,-73.987144,0,0,0,0,4072,-7398,0.4342105263157895
2021-06-26T00:00:00.000,20:50,40.87167,-73.897804,0,0,0,0,4087,-7389,0.3333333333333333
2021-06-26T00:00:00.000,9:30,40.60529,-73.953766,0,0,0,0,4060,-7395,0.4791666666666667
2021-06-26T00:00:00.000,5:00,40.65298,-73.95811,0,0,0,0,4065,-7395,0.38686131386861317
2021-06-26T00:00:00.000,9:00,40.77211,-73.93013,0,0,0,0,4077,-7393,0.20833333333333334
2021-06-21T00:00:00.000,10:00,40.790894,-73.945175,0,0,0,0,4079,-7394,0.3523809523809524
2021-06-26T00:00:00.000,1:20,40.621624,-73.92301,0,0,0,0,4062,-7392,0.3611111111111111
2021-06-21T00:00:00.000,14:18,40.651325,-73.93906,2,0,1,1,4065,-7393,0.44366197183098594
2021-06-26T00:00:00.000,0:15,40.76023,-73.961525,0,0,0,0,4076,-7396,0.3023255813953488
2021-06-26T00:00:00.000,2:00,40.845222,-73.86613,0,0,0,0,4084,-7386,0.375
2021-06-25T00:00:00.000,18:24,40.717014,-73.7994,5,0,1,1,4071,-7379,0.3888888888888889
2021-06-25T00:00:00.000,10:59,40.76951,-73.988266,1,0,1,1,4076,-7398,0.3081761006289308
2021-06-23T00:00:00.000,11:12,40.764057,-73.97738,0,0,0,0,4076,-7397,0.37
2021-06-24T00:00:00.000,19:00,40.678818,-74.00948,0,0,0,0,4067,-7400,0.20967741935483872
2021-06-26T00:00:00.000,2:00,40.75843,-73.973076,1,0,1,1,4075,-7397,0.375886524822695
2021-06-26T00:00:00.000,20:49,40.860287,-73.90494,0,0,0,0,4086,-7390,0.42748091603053434
2022-06-29T00:00:00.000,15:02,40.70519,-73.91478,0,0,0,0,4070,-7391,0.27450980392156865
2022-07-01T00:00:00.000,14:00,40.637638,-74.16127,0,0,0,0,4063,-7416,0.3333333333333333
2022-07-03T00:00:00.000,18:30,40.672062,-73.925255,0,0,0,0,4067,-7392,0.39655172413793105
2022-07-03T00:00:00.000,11:00,40.622635,-74.03729,1,0,1,1,4062,-7403,0.15
2022-07-01T00:00:00.000,14:10,40.825756,-73.95094,0,0,0,0,4082,-7395,0.4117647058823529
2022-07-02T00:00:00.000,9:22,40.85238,-73.9315,1,0,1,1,4085,-7393,0.36585365853658536
2023-01-15T00:00:00.000,16:00,40.759922,-73.859276,1,0,1,1,4075,-7385,0.3048780487804878
2022-07-03T00:00:00.000,20:35,40.69336,-73.97585,1,0,1,1,4069,-7397,0.3253012048192771
2022-06-27T00:00:00.000,1:06,40.86739,-73.91679,2,0,1,1,4086,-7391,0.38016528925619836
2022-07-01T00:00:00.000,17:12,40.760117,-73.98484,1,0,1,1,4076,-7398,0.3081761006289308
2022-07-03T00:00:00.000,14:53,40.62973,-73.922226,1,0,1,1,4062,-7392,0.3611111111111111
2022-06-30T00:00:00.000,12:11,40.681145,-73.84013,0,0,0,0,4068,-7384,0.3333333333333333
2022-06-25T00:00:00.000,13:00,40.58699,-73.8098,0,0,0,0,4058,-7380,0.4
2022-07-03T00:00:00.000,20:27,40.700245,-73.92089,0,0,0,0,4070,-7392,0.24305555555555555
2022-07-03T00:00:00.000,1:50,40.822308,-73.93859,1,0,1,1,4082,-7393,0.36645962732919257
2022-06-26T00:00:00.000,23:31,40.6845,-73.88194,0,0,0,0,4068,-7388,0.36538461538461536
2022-07-03T00:00:00.000,16:32,40.792686,-73.93941,0,0,0,0,4079,-7393,0.36585365853658536
2022-07-03T00:00:00.000,13:40,40.64037,-73.93887,0,0,0,0,4064,-7393,0.3333333333333333
2022-07-12T00:00:00.000,11:00,40.846138,-73.93424,3,0,1,1,4084,-7393,0.32786885245901637
2022-07-12T00:00:00.000,2:00,40.549232,-74.15342,0,0,0,0,4054,-7415,0.3125
2022-07-12T00:00:00.000,15:00,40.831768,-73.86671,2,0,1,1,4083,-7386,0.24822695035460993
2022-07-06T00:00:00.000,10:25,40.668648,-73.92835,1,0,1,1,4066,-7392,0.355
2022-07-12T00:00:00.000,18:53,40.6305,-73.96631,0,0,0,0,4063,-7396,0.34615384615384615
2022-09-22T00:00:00.000,18:09,40.760365,-73.97377,1,0,1,1,4076,-7397,0.37
2022-09-19T00:00:00.000,14:50,40.813095,-73.89827,0,0,0,0,4081,-7389,0.31543624161073824
2022-09-18T00:00:00.000,3:43,40.636284,-73.98364,1,0,1,1,4063,-7398,0.4827586206896552
2022-09-21T00:00:00.000,10:00,40.809402,-73.94531,0,0,0,0,4080,-7394,0.41116751269035534
2022-09-19T00:00:00.000,7:30,40.57253,-74.14024,0,0,0,0,4057,-7414,0.2857142857142857
2022-09-23T00:00:00.000,19:28,40.785866,-73.950935,0,0,0,0,4078,-7395,0.42168674698795183
2022-09-21T00:00:00.000,8:25,40.752403,-73.92442,0,0,0,0,4075,-7392,0.48148148148148145
2021-10-17T00:00:00.000,0:00,40.7549943,-73.7453486,0,0,0,0,4075,-7374,0.3333333333333333
2022-01-07T00:00:00.000,9:00,40.657,-73.91403,1,0,1,1,4065,-7391,0.425
2022-01-07T00:00:00.000,14:53,40.725193,-73.98705,0,0,0,0,4072,-7398,0.4342105263157895
2022-01-06T00:00:00.000,21:33,40.715847,-73.994934,0,0,0,0,4071,-7399,0.3263157894736842
2022-01-05T00:00:00.000,23:50,40.797447,-73.94671,0,0,0,0,4079,-7394,0.3523809523809524
2021-12-31T00:00:00.000,19:45,40.59938,-73.99773,0,0,0,0,4059,-7399,0.3076923076923077
2022-09-22T00:00:00.000,3:05,40.732243,-73.87013,0,0,0,0,4073,-7387,0.3140495867768595
2022-01-07T00:00:00.000,4:11,40.610508,-74.09576,0,0,0,0,4061,-7409,0.46153846153846156
2022-01-09T00:00:00.000,11:00,40.64295,-73.977325,0,0,0,0,4064,-7397,0.4095238095238095
2021-01-11T00:00:00.000,18:45,40.80522,-73.93214,0,0,0,0,4080,-7393,0.36312849162011174
2021-12-19T00:00:00.000,2:11,40.807228,-73.92723,0,0,0,0,4080,-7392,0.3141025641025641
2022-01-09T00:00:00.000,13:30,40.724422,-74.00892,0,0,0,0,4072,-7400,0.32926829268292684
2022-01-07T00:00:00.000,12:00,40.682655,-73.842186,0,0,0,0,4068,-7384,0.3333333333333333
2022-01-08T00:00:00.000,11:15,40.644913,-73.97443,0,0,0,0,4064,-7397,0.4095238095238095
2022-01-11T00:00:00.000,13:00,40.716278,-73.80313,1,0,1,1,4071,-7380,0.42105263157894735
2022-02-20T00:00:00.000,18:00,40.720413,-73.76095,1,0,1,1,4072,-7376,0.5
2022-02-20T00:00:00.000,14:25,40.609043,-73.95099,1,0,1,1,4060,-7395,0.4791666666666667
2022-02-20T00:00:00.000,17:57,40.709606,-73.82873,0,0,0,0,4070,-7382,0.4166666666666667
2022-02-18T00:00:00.000,8:15,40.74601,-74.00224,0,0,0,0,4074,-7400,0.27710843373493976
2022-02-20T00:00:00.000,19:25,40.65264,-73.949776,1,0,1,1,4065,-7394,0.43137254901960786
2022-02-20T00:00:00.000,21:16,40.61242,-74.09936,0,0,0,0,4061,-7409,0.46153846153846156
2022-02-11T00:00:00.000,16:30,40.870766,-73.90046,0,0,0,0,4087,-7390,0.3184713375796178
2022-02-20T00:00:00.000,1:10,40.785805,-73.942856,0,0,0,0,4078,-7394,0.33513513513513515
2022-02-18T00:00:00.000,17:10,40.59065,-73.96931,1,0,1,1,4059,-7396,0.38596491228070173
2022-02-16T00:00:00.000,12:54,40.741394,-73.82303,0,0,0,0,4074,-7382,0.4057971014492754
2022-02-20T00:00:00.000,3:02,40.773808,-73.8929,0,0,0,0,4077,-7389,0.35
2022-09-23T00:00:00.000,12:14,40.69169,-73.90585,0,0,0,0,4069,-7390,0.29591836734693877
2022-01-09T00:00:00.000,10:15,40.64503,-73.90756,0,0,0,0,4064,-7390,0.4017094017094017
2022-01-09T00:00:00.000,14:45,40.59829,-74.000046,0,0,0,0,4059,-7400,0.2962962962962963
2022-01-08T00:00:00.000,14:49,40.508144,-74.24998,0,0,0,0,4050,-7424,0.1
2022-01-07T00:00:00.000,16:35,40.87829,-73.87006,2,0,1,1,4087,-7387,0.297029702970297
2022-01-09T00:00:00.000,0:20,40.69845,-73.98572,0,0,0,0,4069,-7398,0.3229166666666667
2022-01-09T00:00:00.000,19:27,40.63882,-73.95405,1,0,1,1,4063,-7395,0.48484848484848486
2021-12-30T00:00:00.000,22:46,40.82265,-73.95131,0,0,0,0,4082,-7395,0.4117647058823529
2022-01-09T00:00:00.000,13:10,40.716427,-73.840775,0,0,0,0,4071,-7384,0.4
2022-01-07T00:00:00.000,13:00,40.726387,-73.727486,0,0,0,0,4072,-7372,0.3793103448275862
2022-01-09T00:00:00.000,3:45,40.652084,-73.96439,0,0,0,0,4065,-7396,0.3939393939393939
2022-01-09T00:00:00.000,19:50,40.822697,-73.87001,0,0,0,0,4082,-7387,0.33544303797468356
2022-01-07T00:00:00.000,15:07,40.546017,-74.18312,0,0,0,0,4054,-7418,0.1875
2022-01-06T00:00:00.000,21:35,40.756996,-73.88657,0,0,0,0,4075,-7388,0.3402061855670103
2022-01-09T00:00:00.000,5:05,40.7847,-73.83854,0,0,0,0,4078,-7383,0.2727272727272727
2022-01-09T00:00:00.000,20:19,40.67896,-73.877235,1,0,1,1,4067,-7387,0.30344827586206896
2022-01-09T00:00:00.000,21:39,40.71638,-73.89751,0,0,0,0,4071,-7389,0.38095238095238093
2022-01-03T00:00:00.000,18:00,40.69165,-73.779205,0,0,0,0,4069,-7377,0.35135135135135137
2022-01-08T00:00:00.000,18:30,40.668446,-73.77193,0,0,0,0,4066,-7377,0.37362637362637363
2022-01-09T00:00:00.000,17:55,40.595596,-74.063126,1,0,1,1,4059,-7406,0.29411764705882354
2022-01-09T00:00:00.000,11:35,40.635365,-73.92571,1,0,1,1,4063,-7392,0.4036697247706422
2022-01-09T00:00:00.000,15:00,40.694363,-73.958,1,0,1,1,4069,-7395,0.30952380952380953
2022-01-09T00:00:00.000,8:30,40.608776,-74.09113,0,0,0,0,4060,-7409,0.36363636363636365
2022-01-08T00:00:00.000,23:00,40.634125,-74.12232,0,0,0,0,4063,-7412,0.36363636363636365
2022-01-09T00:00:00.000,18:29,40.709515,-73.96701,1,0,1,1,4070,-7396,0.3431372549019608
2022-01-09T00:00:00.000,10:00,40.7462,-73.71354,1,0,1,1,4074,-7371,0.38095238095238093
2022-01-09T00:00:00.000,5:20,40.68525,-73.77383,0,0,0,0,4068,-7377,0.3673469387755102
2022-01-09T00:00:00.000,21:15,40.66188,-73.94557,1,0,1,1,4066,-7394,0.36792452830188677
2022-01-09T00:00:00.000,9:21,40.66183,-73.92094,1,0,1,1,4066,-7392,0.355
2022-01-09T00:00:00.000,23:30,40.757923,-73.85842,0,0,0,0,4075,-7385,0.3048780487804878
2022-01-09T00:00:00.000,16:17,40.70752,-73.806435,0,0,0,0,4070,-7380,0.3877551020408163
2022-01-09T00:00:00.000,18:15,40.78744,-73.94478,1,0,1,1,4078,-7394,0.33513513513513515
2022-01-09T00:00:00.000,8:18,40.65505,-73.95631,1,0,1,1,4065,-7395,0.38686131386861317
2022-01-09T00:00:00.000,11:30,40.703777,-73.89638,0,0,0,0,4070,-7389,0.2711864406779661
2022-01-09T00:00:00.000,11:21,40.829002,-73.91557,0,0,0,0,4082,-7391,0.3355263157894737
2024-11-09T00:00:00.000,23:00,40.71036,-73.72998,0,0,0,0,4071,-7372,0.40425531914893614
2022-01-09T00:00:00.000,18:51,40.660656,-73.885796,0,0,0,0,4066,-7388,0.37012987012987014
2022-01-08T00:00:00.000,0:00,40.697407,-73.93601,0,0,0,0,4069,-7393,0.3141025641025641
2022-01-09T00:00:00.000,17:55,40.790554,-73.82255,0,0,0,0,4079,-7382,0.2
2022-01-09T00:00:00.000,22:29,40.666397,-73.91185,0,0,0,0,4066,-7391,0.3630952380952381
2022-01-09T00:00:00.000,18:20,40.87844,-73.84411,1,0,1,1,4087,-7384,0.47297297297297297
2022-01-09T00:00:00.000,14:35,40.746693,-73.87676,0,0,0,0,4074,-7387,0.25663716814159293
2022-01-07T00:00:00.000,14:17,40.624165,-73.917755,0,0,0,0,4062,-7391,0.3333333333333333
2022-01-09T00:00:00.000,0:00,40.653976,-73.952835,0,0,0,0,4065,-7395,0.38686131386861317
2021-12-28T00:00:00.000,7:00,40.815594,-73.80814,0,0,0,0,4081,-7380,0.1111111111111111
2022-01-06T00:00:00.000,7:04,40.50234,-74.24078,0,0,0,0,4050,-7424,0.1
2022-01-06T00:00:00.000,21:57,40.64939,-73.975296,0,0,0,0,4064,-7397,0.4095238095238095
2022-01-09T00:00:00.000,23:05,40.739902,-73.972855,0,0,0,0,4073,-7397,0.32558139534883723
2022-01-09T00:00:00.000,16:00,40.884857,-73.87848,0,0,0,0,4088,-7387,0.14583333333333334
2022-01-09T00:00:00.000,13:50,40.61977,-73.966194,0,0,0,0,4061,-7396,0.30666666666666664
2022-01-09T00:00:00.000,22:47,40.6427,-73.87661,1,0,1,1,4064,-7387,0.4918032786885246
2022-01-09T00:00:00.000,7:20,40.58466,-73.95086,0,0,0,0,4058,-7395,0.3465346534653465
2022-01-07T00:00:00.000,22:22,40.70183,-73.91933,1,0,1,1,4070,-7391,0.27450980392156865
2022-01-09T00:00:00.000,12:08,40.8076,-73.93719,1,0,1,1,4080,-7393,0.36312849162011174
2022-01-09T00:00:00.000,20:22,40.650112,-73.9607,1,0,1,1,4065,-7396,0.3939393939393939
2022-01-09T00:00:00.000,17:30,40.80383,-73.94211,0,0,0,0,4080,-7394,0.41116751269035534
2022-01-09T00:00:00.000,4:18,40.716713,-73.82782,0,0,0,0,4071,-7382,0.379746835443038
2021-12-23T00:00:00.000,18:24,40.78542,-73.98399,0,0,0,0,4078,-7398,0.42105263157894735
2022-01-09T00:00:00.000,3:10,40.749607,-73.89687,0,0,0,0,4074,-7389,0.3203125
2021-12-21T00:00:00.000,16:20,40.6468,-73.88496,0,0,0,0,4064,-7388,0.3225806451612903
2022-01-09T00:00:00.000,5:30,40.715958,-73.74565,0,0,0,0,4071,-7374,0.23404255319148937
2022-01-05T00:00:00.000,18:07,40.757755,-73.862816,1,0,1,1,4075,-7386,0.33653846153846156
2022-01-09T00:00:00.000,18:00,40.87601,-73.86214,1,0,1,1,4087,-7386,0.3142857142857143
2022-01-09T00:00:00.000,4:35,40.74623,-73.89737,0,0,0,0,4074,-7389,0.3203125
2022-01-08T00:00:00.000,14:10,40.52128,-74.23946,0,0,0,0,4052,-7423,0.3333333333333333
2022-01-09T00:00:00.000,6:30,40.716923,-73.98322,0,0,0,0,4071,-7398,0.39568345323741005
2022-01-09T00:00:00.000,3:01,40.836555,-73.87135,0,0,0,0,4083,-7387,0.38414634146341464
2022-01-09T00:00:00.000,15:53,40.62318,-73.98611,2,0,1,1,4062,-7398,0.38
2022-01-09T00:00:00.000,17:00,40.760612,-73.872894,0,0,0,0,4076,-7387,0.48214285714285715
2022-01-07T00:00:00.000,21:55,40.697998,-73.92606,0,0,0,0,4069,-7392,0.3584905660377358
2022-01-09T00:00:00.000,19:02,40.611084,-73.99832,0,0,0,0,4061,-7399,0.29411764705882354
2022-01-08T00:00:00.000,12:14,40.87689,-73.8468,0,0,0,0,4087,-7384,0.47297297297297297
2022-01-09T00:00:00.000,1:20,40.744698,-73.87234,0,0,0,0,4074,-7387,0.25663716814159293
2022-01-09T00:00:00.000,11:30,40.60802,-74.14818,0,0,0,0,4060,-7414,0.4074074074074074
2022-01-09T00:00:00.000,22:05,40.686817,-73.97821,1,0,1,1,4068,-7397,0.3412322274881517
2022-01-09T00:00:00.000,20:00,40.676968,-73.83527,0,0,0,0,4067,-7383,0.48148148148148145
2022-01-08T00:00:00.000,6:50,40.793816,-73.94012,2,0,1,1,4079,-7394,0.3523809523809524
2022-01-09T00:00:00.000,12:50,40.66895,-73.9339,0,0,0,0,4066,-7393,0.38578680203045684
2022-01-01T00:00:00.000,20:15,40.8617,-73.89139,1,0,1,1,4086,-7389,0.40606060606060607
2022-01-09T00:00:00.000,7:41,40.86159,-73.91295,1,0,1,1,4086,-7391,0.38016528925619836
2022-01-09T00:00:00.000,6:45,40.84224,-73.917694,0,0,0,0,4084,-7391,0.32558139534883723
2021-12-24T00:00:00.000,14:10,40.815823,-73.82272,0,0,0,0,4081,-7382,0.07142857142857142
2022-01-09T00:00:00.000,12:50,40.724625,-73.880035,1,0,1,1,4072,-7388,0.4
2022-01-07T00:00:00.000,9:00,40.652752,-73.93049,0,0,0,0,4065,-7393,0.44366197183098594
2022-01-09T00:00:00.000,23:32,40.625786,-74.15491,0,0,0,0,4062,-7415,0.37037037037037035
2022-01-09T00:00:00.000,17:20,40.609646,-73.9829,0,0,0,0,4060,-7398,0.2711864406779661
2022-01-08T00:00:00.000,13:34,40.6828,-73.90638,1,0,1,1,4068,-7390,0.4421052631578947
2022-01-09T00:00:00.000,10:45,40.71493,-73.79316,0,0,0,0,4071,-7379,0.3888888888888889
2022-01-09T00:00:00.000,9:28,40.619972,-73.99157,0,0,0,0,4061,-7399,0.29411764705882354
2022-01-09T00:00:00.000,18:51,40.676548,-73.76838,1,0,1,1,4067,-7376,0.23076923076923078
2022-01-09T00:00:00.000,11:30,40.636242,-74.01237,0,0,0,0,4063,-7401,0.37777777777777777
2022-01-01T00:00:00.000,9:10,40.825817,-73.95302,0,0,0,0,4082,-7395,0.4117647058823529
2022-01-09T00:00:00.000,22:05,40.668667,-73.868324,1,0,1,1,4066,-7386,0.35
2022-01-09T00:00:00.000,13:55,40.715237,-74.01339,1,0,1,1,4071,-7401,0.3181818181818182
2022-01-08T00:00:00.000,8:29,40.613014,-74.079926,0,0,0,0,4061,-7407,0.2
2022-01-09T00:00:00.000,17:43,40.725937,-73.8165,1,0,1,1,4072,-7381,0.2926829268292683
2022-01-09T00:00:00.000,15:03,40.69793,-73.91028,0,0,0,0,4069,-7391,0.2709677419354839
2022-01-09T00:00:00.000,14:31,40.661983,-73.90198,0,0,0,0,4066,-7390,0.2777777777777778
2021-12-13T00:00:00.000,8:15,40.586514,-73.96033,1,0,1,1,4058,-7396,0.37333333333333335
2022-01-06T00:00:00.000,15:57,40.553516,-74.20152,0,0,0,0,4055,-7420,0.2
2022-01-09T00:00:00.000,23:25,40.828407,-73.93125,0,0,0,0,4082,-7393,0.36645962732919257
2022-01-09T00:00:00.000,11:00,40.836624,-73.92612,0,0,0,0,4083,-7392,0.310126582278481
2022-01-09T00:00:00.000,20:15,40.66718,-73.95076,1,0,1,1,4066,-7395,0.44375
2022-01-09T00:00:00.000,9:30,40.86309,-73.88946,1,0,1,1,4086,-7388,0.23943661971830985
2022-01-09T00:00:00.000,20:30,40.61088,-73.95415,1,0,1,1,4061,-7395,0.4461538461538462
2022-01-09T00:00:00.000,22:01,40.792435,-73.934265,1,0,1,1,4079,-7393,0.36585365853658536
2022-01-05T00:00:00.000,18:10,40.59068,-73.78878,0,0,0,0,4059,-7378,0.14705882352941177
2021-06-27T00:00:00.000,14:42,40.59727,-73.99868,1,0,1,1,4059,-7399,0.3076923076923077
2021-12-11T00:00:00.000,17:19,40.80614,-73.925804,0,0,0,0,4080,-7392,0.3141025641025641
2021-12-11T00:00:00.000,14:36,40.719513,-73.9634,0,0,0,0,4071,-7396,0.3218390804597701
2021-12-11T00:00:00.000,7:30,40.697315,-73.932274,0,0,0,0,4069,-7393,0.3141025641025641
2021-12-11T00:00:00.000,2:45,40.76364,-73.97556,0,0,0,0,4076,-7397,0.37
2021-12-11T00:00:00.000,17:06,40.64366,-73.90067,0,0,0,0,4064,-7390,0.4017094017094017
2021-10-09T00:00:00.000,21:37,40.842503,-73.92797,3,0,1,1,4084,-7392,0.3181818181818182
2021-12-11T00:00:00.000,3:45,40.624603,-74.079605,0,0,0,0,4062,-7407,0.35714285714285715
2021-12-11T00:00:00.000,15:38,40.606525,-74.01582,1,0,1,1,4060,-7401,0.30357142857142855
2021-12-08T00:00:00.000,5:55,40.68045,-73.87586,1,0,1,1,4068,-7387,0.24719101123595505
2021-12-03T00:00:00.000,12:30,40.68419,-73.91612,0,0,0,0,4068,-7391,0.344
2021-10-05T00:00:00.000,17:35,40.6728794,-73.9717506,0,0,0,0,4067,-7397,0.2818181818181818
2021-12-08T00:00:00.000,7:26,40.67276,-73.88998,1,0,1,1,4067,-7388,0.30434782608695654
2021-10-06T00:00:00.000,16:13,40.6301229,-73.9711255,0,0,0,0,4063,-7397,0.36893203883495146
2021-11-29T00:00:00.000,6:40,40.82677,-73.856155,1,0,1,1,4082,-7385,0.27
2021-12-11T00:00:00.000,19:25,40.67046,-73.87704,1,0,1,1,4067,-7387,0.30344827586206896
2021-10-17T00:00:00.000,15:00,40.608317,-74.1313086,0,0,0,0,4060,-7413,0.41935483870967744
2021-10-17T00:00:00.000,14:30,40.873122,-73.8613216,0,0,0,0,4087,-7386,0.3142857142857143
2021-10-17T00:00:00.000,22:20,40.6626823,-73.8500771,4,0,1,1,4066,-7385,0.3333333333333333
2021-12-11T00:00:00.000,14:00,40.677868,-73.90332,0,0,0,0,4067,-7390,0.3282442748091603
2021-12-08T00:00:00.000,0:00,40.6701,-73.85829,0,0,0,0,4067,-7385,0.26666666666666666
2021-12-11T00:00:00.000,0:50,40.8283,-73.87624,0,0,0,0,4082,-7387,0.33544303797468356
2021-12-11T00:00:00.000,17:53,40.62405,-73.999954,1,0,1,1,4062,-7399,0.3835616438356164
2021-12-07T00:00:00.000,19:00,40.713768,-73.74759,0,0,0,0,4071,-7374,0.23404255319148937
2021-12-09T00:00:00.000,15:00,40.678246,-73.88361,0,0,0,0,4067,-7388,0.30434782608695654
2021-12-11T00:00:00.000,7:19,40.69819,-73.96191,0,0,0,0,4069,-7396,0.325
2021-12-11T00:00:00.000,8:45,40.708298,-73.93254,0,0,0,0,4070,-7393,0.3300970873786408
2021-12-14T00:00:00.000,5:50,40.812218,-73.899254,1,0,1,1,4081,-7389,0.31543624161073824
2022-01-09T00:00:00.000,18:15,40.830227,-73.898575,1,0,1,1,4083,-7389,0.3333333333333333
2022-01-07T00:00:00.000,3:10,40.518528,-74.23077,0,0,0,0,4051,-7423,0.0625
2022-01-09T00:00:00.000,3:45,40.61651,-74.02666,1,0,1,1,4061,-7402,0.4090909090909091
2022-01-04T00:00:00.000,22:15,40.558887,-74.1977,1,0,1,1,4055,-7419,0.36363636363636365
2022-01-04T00:00:00.000,15:43,40.75348,-73.980896,0,0,0,0,4075,-7398,0.3170731707317073
2022-01-09T00:00:00.000,9:00,40.75451,-73.827156,0,0,0,0,4075,-7382,0.4915254237288136
2022-01-09T00:00:00.000,8:40,40.89466,-73.86137,1,0,1,1,4089,-7386,0.28205128205128205
2022-01-09T00:00:00.000,18:45,40.684647,-73.8687,1,0,1,1,4068,-7386,0.423728813559322
2022-01-07T00:00:00.000,22:45,40.661,-73.768074,1,0,1,1,4066,-7376,0.30434782608695654
2022-01-09T00:00:00.000,19:45,40.713085,-73.94415,1,0,1,1,4071,-7394,0.3710691823899371
2022-01-09T00:00:00.000,1:10,40.852425,-73.86873,1,0,1,1,4085,-7386,0.33766233766233766
2022-01-09T00:00:00.000,20:33,40.824066,-73.908714,0,0,0,0,4082,-7390,0.3025210084033613
2022-01-07T00:00:00.000,3:30,40.885643,-73.89945,0,0,0,0,4088,-7389,0.4626865671641791
2022-01-09T00:00:00.000,7:50,40.763893,-73.915,0,0,0,0,4076,-7391,0.40476190476190477
2022-01-09T00:00:00.000,5:53,40.68201,-73.88424,0,0,0,0,4068,-7388,0.36538461538461536
2022-01-04T00:00:00.000,13:40,40.645947,-73.9951,1,0,1,1,4064,-7399,0.3442622950819672
2022-01-09T00:00:00.000,19:03,40.78519,-73.94934,1,0,1,1,4078,-7394,0.33513513513513515
2022-01-09T00:00:00.000,8:00,40.574093,-74.1192,1,0,1,1,4057,-7411,0.37142857142857144
2022-09-18T00:00:00.000,18:54,40.724285,-73.9756,1,0,1,1,4072,-7397,0.3283582089552239
2022-01-09T00:00:00.000,20:25,40.629986,-73.97157,0,0,0,0,4062,-7397,0.38666666666666666
2022-01-09T00:00:00.000,18:00,40.82282,-73.8691,0,0,0,0,4082,-7386,0.3493975903614458
2022-01-05T00:00:00.000,5:50,40.520916,-74.235115,1,0,1,1,4052,-7423,0.3333333333333333
2022-01-06T00:00:00.000,20:20,40.807,-73.88343,0,0,0,0,4080,-7388,0.15789473684210525
2022-01-09T00:00:00.000,11:22,40.892754,-73.85774,1,0,1,1,4089,-7385,0.3813559322033898
2022-01-09T00:00:00.000,23:00,40.66612,-73.82225,1,0,1,1,4066,-7382,0.43103448275862066
2022-01-09T00:00:00.000,0:34,40.70313,-73.816795,0,0,0,0,4070,-7381,0.3194444444444444
2022-01-09T00:00:00.000,11:39,40.646633,-74.00872,0,0,0,0,4064,-7400,0.36764705882352944
2022-01-09T00:00:00.000,5:38,40.67856,-73.889015,1,0,1,1,4067,-7388,0.30434782608695654
2022-01-09T00:00:00.000,2:50,40.670025,-73.73269,0,0,0,0,4067,-7373,0.46835443037974683
2022-01-07T00:00:00.000,16:40,40.66696,-73.77078,0,0,0,0,4066,-7377,0.37362637362637363
2022-01-08T00:00:00.000,19:40,40.88118,-73.904106,0,0,0,0,4088,-7390,0.2702702702702703
2022-01-09T00:00:00.000,16:42,40.634438,-73.97241,0,0,0,0,4063,-7397,0.36893203883495146
2022-01-09T00:00:00.000,14:44,40.855286,-73.89809,0,0,0,0,4085,-7389,0.3353658536585366
2022-01-09T00:00:00.000,10:53,40.69537,-73.76326,0,0,0,0,4069,-7376,0.3392857142857143
2022-01-09T00:00:00.000,21:00,40.664604,-73.97685,1,0,1,1,4066,-7397,0.24390243902439024
2022-01-09T00:00:00.000,18:15,40.732452,-73.98732,0,0,0,0,4073,-7398,0.36942675159235666
2022-01-08T00:00:00.000,0:00,40.83312,-73.81796,0,0,0,0,4083,-7381,0.2
2022-01-09T00:00:00.000,5:00,40.81867,-73.89191,0,0,0,0,4081,-7389,0.31543624161073824
2022-01-09T00:00:00.000,1:15,40.648323,-74.015686,0,0,0,0,4064,-7401,0.4295774647887324
2022-01-07T00:00:00.000,6:35,40.536915,-74.22502,2,0,1,1,4053,-7422,0.2
2022-01-09T00:00:00.000,11:40,40.624912,-74.146706,1,0,1,1,4062,-7414,0.20408163265306123
2022-01-05T00:00:00.000,6:15,40.54909,-74.22084,0,0,0,0,4054,-7422,0.2222222222222222
2022-01-09T00:00:00.000,14:50,40.740078,-73.89969,0,0,0,0,4074,-7389,0.3203125
2022-01-09T00:00:00.000,17:20,40.655785,-73.86289,1,0,1,1,4065,-7386,0.36619718309859156
2022-01-09T00:00:00.000,17:25,40.8262,-73.821686,1,0,1,1,4082,-7382,0.46153846153846156
2022-01-09T00:00:00.000,16:00,40.760944,-73.9163,0,0,0,0,4076,-7391,0.40476190476190477
2022-01-08T00:00:00.000,17:05,40.589928,-73.804596,0,0,0,0,4058,-7380,0.4
2022-01-09T00:00:00.000,15:45,40.53171,-74.202896,1,0,1,1,4053,-7420,0.5555555555555556
2022-01-09T00:00:00.000,10:55,40.709957,-73.80541,0,0,0,0,4070,-7380,0.3877551020408163
2022-01-06T00:00:00.000,13:00,40.84711,-73.85848,0,0,0,0,4084,-7385,0.32727272727272727
2022-01-09T00:00:00.000,20:35,40.65374,-73.93162,1,0,1,1,4065,-7393,0.44366197183098594
2022-01-09T00:00:00.000,13:36,40.763885,-73.72671,0,0,0,0,4076,-7372,0.3333333333333333
2022-01-08T00:00:00.000,8:45,40.693874,-73.91777,0,0,0,0,4069,-7391,0.2709677419354839
2022-01-09T00:00:00.000,15:00,40.719303,-73.96281,0,0,0,0,4071,-7396,0.3218390804597701
2022-01-09T00:00:00.000,21:35,40.69285,-73.90355,1,0,1,1,4069,-7390,0.29591836734693877
2022-01-09T00:00:00.000,4:12,40.619263,-74.020905,0,0,0,0,4061,-7402,0.4090909090909091
2021-07-25T00:00:00.000,19:49,40.81942,-73.88392,0,0,0,0,4081,-7388,0.25471698113207547
2022-01-09T00:00:00.000,17:00,40.688763,-73.80833,3,0,1,1,4068,-7380,0.3829787234042553
2022-01-04T00:00:00.000,9:30,40.614906,-73.91329,0,0,0,0,4061,-7391,0.358974358974359
2022-01-09T00:00:00.000,1:10,40.76816,-73.90544,0,0,0,0,4076,-7390,0.3055555555555556
2022-01-07T00:00:00.000,17:27,40.63346,-74.076546,1,0,1,1,4063,-7407,0.4444444444444444
2022-01-05T00:00:00.000,9:40,40.537014,-74.192314,1,0,1,1,4053,-7419,0.2857142857142857
2022-09-21T00:00:00.000,12:50,40.7669,-73.98331,0,0,0,0,4076,-7398,0.3081761006289308
2022-01-07T00:00:00.000,8:00,40.59648,-73.79652,0,0,0,0,4059,-7379,0.2692307692307692
2022-01-09T00:00:00.000,4:15,40.670483,-73.89652,0,0,0,0,4067,-7389,0.33852140077821014
2022-01-09T00:00:00.000,13:20,40.662132,-73.98723,0,0,0,0,4066,-7398,0.421875
2022-01-09T00:00:00.000,23:32,40.626293,-74.01572,0,0,0,0,4062,-7401,0.3829787234042553
2022-01-09T00:00:00.000,13:45,40.60667,-73.972595,0,0,0,0,4060,-7397,0.3469387755102041
2022-01-09T00:00:00.000,23:06,40.800602,-73.97426,1,0,1,1,4080,-7397,0.375
2022-01-09T00:00:00.000,15:30,40.81719,-73.93446,0,0,0,0,4081,-7393,0.32432432432432434
2022-01-08T00:00:00.000,4:20,40.652565,-73.74656,0,0,0,0,4065,-7374,0.4583333333333333
2022-01-09T00:00:00.000,21:00,40.764267,-73.722946,0,0,0,0,4076,-7372,0.3333333333333333
2022-01-09T00:00:00.000,17:30,40.781574,-73.9136,1,0,1,1,4078,-7391,0.2777777777777778
2022-01-08T00:00:00.000,6:25,40.828743,-73.83578,0,0,0,0,4082,-7383,0.34210526315789475
2021-06-27T00:00:00.000,16:54,40.819042,-73.93075,0,0,0,0,4081,-7393,0.32432432432432434
2021-10-18T00:00:00.000,21:30,40.7374934,-73.9350798,0,0,0,0,4073,-7393,0.38461538461538464
2022-01-08T00:00:00.000,23:30,40.874966,-73.90345,0,0,0,0,4087,-7390,0.3184713375796178
2022-01-09T00:00:00.000,10:00,40.660736,-73.910385,0,0,0,0,4066,-7391,0.3630952380952381
2022-01-09T00:00:00.000,23:30,40.698647,-73.98346,0,0,0,0,4069,-7398,0.3229166666666667
2022-01-09T00:00:00.000,6:17,40.896496,-73.84983,1,0,1,1,4089,-7384,0.3333333333333333
2022-01-09T00:00:00.000,21:00,40.743343,-73.97203,2,0,1,1,4074,-7397,0.4810810810810811
2022-01-09T00:00:00.000,1:10,40.695206,-73.84271,1,0,1,1,4069,-7384,0.26666666666666666
2022-01-09T00:00:00.000,4:05,40.687546,-73.8208,1,0,1,1,4068,-7382,0.41975308641975306
2022-01-08T00:00:00.000,10:00,40.668507,-73.779625,1,0,1,1,4066,-7377,0.37362637362637363
2022-01-09T00:00:00.000,12:30,40.660797,-73.87183,0,0,0,0,4066,-7387,0.38461538461538464
2022-01-09T00:00:00.000,11:31,40.505013,-74.24074,0,0,0,0,4050,-7424,0.1
2022-01-02T00:00:00.000,0:47,40.670994,-73.95496,2,0,1,1,4067,-7395,0.3695652173913043
2022-01-09T00:00:00.000,16:52,40.86292,-73.85204,0,0,0,0,4086,-7385,0.5
2022-01-09T00:00:00.000,18:04,40.636406,-73.9703,1,0,1,1,4063,-7397,0.36893203883495146
2022-01-03T00:00:00.000,15:25,40.5199,-74.209114,0,0,0,0,4051,-7420,0.5
2022-01-08T00:00:00.000,14:15,40.624493,-74.03538,0,0,0,0,4062,-7403,0.15
2022-01-09T00:00:00.000,14:02,40.605244,-73.75508,0,0,0,0,4060,-7375,0.17117117117117117
2022-01-09T00:00:00.000,15:20,40.663605,-73.934395,1,0,1,1,4066,-7393,0.38578680203045684
2022-01-09T00:00:00.000,16:49,40.669098,-73.93666,1,0,1,1,4066,-7393,0.38578680203045684
2022-01-09T00:00:00.000,22:40,40.612415,-74.07365,0,0,0,0,4061,-7407,0.2
2022-01-08T00:00:00.000,1:15,40.691017,-73.77464,0,0,0,0,4069,-7377,0.35135135135135137
2022-01-09T00:00:00.000,0:30,40.750717,-73.85877,0,0,0,0,4075,-7385,0.3048780487804878
2022-01-09T00:00:00.000,10:29,40.716805,-73.852234,1,0,1,1,4071,-7385,0.4418604651162791
2022-01-03T00:00:00.000,16:00,40.76008,-73.87004,0,0,0,0,4076,-7387,0.48214285714285715
2022-01-09T00:00:00.000,22:45,40.641445,-73.90987,0,0,0,0,4064,-7390,0.4017094017094017
2022-01-09T00:00:00.000,13:59,40.612316,-73.9404,0,0,0,0,4061,-7394,0.48484848484848486
2021-10-18T00:00:00.000,17:00,40.6376843,-73.963594,0,0,0,0,4063,-7396,0.34615384615384615
2022-01-09T00:00:00.000,2:27,40.67614,-73.907166,0,0,0,0,4067,-7390,0.3282442748091603
2022-01-09T00:00:00.000,2:40,40.76155,-73.96659,0,0,0,0,4076,-7396,0.3023255813953488
2022-01-09T00:00:00.000,16:55,40.78717,-73.79295,2,0,1,1,4078,-7379,0.42105263157894735
2022-01-03T00:00:00.000,22:06,40.79055,-73.94828,1,0,1,1,4079,-7394,0.3523809523809524
2022-01-07T00:00:00.000,10:28,40.50648,-74.23706,0,0,0,0,4050,-7423,0.4
2022-01-05T00:00:00.000,8:00,40.54909,-74.22084,1,0,1,1,4054,-7422,0.2222222222222222
2022-01-05T00:00:00.000,19:47,40.643013,-73.95236,0,0,0,0,4064,-7395,0.4796747967479675
2022-01-09T00:00:00.000,19:34,40.81417,-73.93431,0,0,0,0,4081,-7393,0.32432432432432434
2022-01-09T00:00:00.000,19:00,40.63063,-74.00923,0,0,0,0,4063,-7400,0.3068181818181818
2022-01-09T00:00:00.000,3:53,40.84519,-73.900734,0,0,0,0,4084,-7390,0.366120218579235
2022-01-04T00:00:00.000,14:20,40.73873,-73.7573,0,0,0,0,4073,-7375,0.125
2022-01-09T00:00:00.000,12:00,40.679737,-73.878395,0,0,0,0,4067,-7387,0.30344827586206896
2022-01-09T00:00:00.000,3:50,40.877625,-73.84669,0,0,0,0,4087,-7384,0.47297297297297297
2022-01-09T00:00:00.000,20:17,40.756264,-73.823524,1,0,1,1,4075,-7382,0.4915254237288136
2022-01-06T00:00:00.000,18:14,40.79157,-73.94469,0,0,0,0,4079,-7394,0.3523809523809524
2022-01-09T00:00:00.000,8:20,40.87802,-73.90241,1,0,1,1,4087,-7390,0.3184713375796178
2022-01-09T00:00:00.000,8:24,40.58974,-73.814835,0,0,0,0,4058,-7381,0.1875
2022-01-09T00:00:00.000,20:30,40.830544,-73.9011,0,0,0,0,4083,-7390,0.3064516129032258
2022-01-09T00:00:00.000,9:37,40.63247,-73.941826,0,0,0,0,4063,-7394,0.358974358974359
2022-01-06T00:00:00.000,15:25,40.674145,-73.72924,0,0,0,0,4067,-7372,0.3888888888888889
2022-01-09T00:00:00.000,15:30,40.784534,-73.9736,0,0,0,0,4078,-7397,0.3434343434343434
2022-01-09T00:00:00.000,4:15,40.62749,-73.93239,2,0,1,1,4062,-7393,0.4444444444444444
2022-01-09T00:00:00.000,11:25,40.665245,-73.87513,0,0,0,0,4066,-7387,0.38461538461538464
2022-01-09T00:00:00.000,11:10,40.726147,-73.95216,0,0,0,0,4072,-7395,0.22093023255813954
2022-01-09T00:00:00.000,0:30,40.709633,-73.767815,0,0,0,0,4070,-7376,0.43902439024390244
2022-01-08T00:00:00.000,21:50,40.757824,-73.86101,1,0,1,1,4075,-7386,0.33653846153846156
2022-01-09T00:00:00.000,10:15,40.836937,-73.927124,0,0,0,0,4083,-7392,0.310126582278481
2022-01-09T00:00:00.000,1:35,40.739162,-73.9412,2,0,1,1,4073,-7394,0.5
2022-01-09T00:00:00.000,4:23,40.710094,-73.93722,3,0,1,1,4071,-7393,0.2711864406779661
2022-01-09T00:00:00.000,10:00,40.652565,-73.74656,0,0,0,0,4065,-7374,0.4583333333333333
2021-12-28T00:00:00.000,1:10,40.6525,-73.924644,0,0,0,0,4065,-7392,0.35555555555555557
2022-01-06T00:00:00.000,23:15,40.65686,-73.92703,0,0,0,0,4065,-7392,0.35555555555555557
2022-01-09T00:00:00.000,17:35,40.66612,-73.82225,0,0,0,0,4066,-7382,0.43103448275862066
2022-01-09T00:00:00.000,17:30,40.69637,-73.837906,1,0,1,1,4069,-7383,0.35555555555555557
2022-01-08T00:00:00.000,1:04,40.828518,-73.84119,1,0,1,1,4082,-7384,0.3835616438356164
2022-01-09T00:00:00.000,19:10,40.840645,-73.84205,1,0,1,1,4084,-7384,0.4222222222222222
2022-01-09T00:00:00.000,20:30,40.687416,-73.95972,3,0,1,1,4068,-7395,0.38571428571428573
2021-01-11T00:00:00.000,12:07,40.63165,-74.08762,1,0,1,1,4063,-7408,0.2653061224489796
2022-01-09T00:00:00.000,13:58,40.703403,-73.917786,0,0,0,0,4070,-7391,0.27450980392156865
2022-01-09T00:00:00.000,13:00,40.74946,-73.87667,0,0,0,0,4074,-7387,0.25663716814159293
2022-01-09T00:00:00.000,5:33,40.807453,-73.90919,2,0,1,1,4080,-7390,0.36538461538461536
2022-01-06T00:00:00.000,10:00,40.62964,-73.94224,0,0,0,0,4062,-7394,0.41379310344827586
2022-01-07T00:00:00.000,23:45,40.696667,-73.92824,0,0,0,0,4069,-7392,0.3584905660377358
2022-01-10T00:00:00.000,16:13,40.832535,-73.85797,0,0,0,0,4083,-7385,0.30158730158730157
2022-02-20T00:00:00.000,1:09,40.76874,-73.90881,1,0,1,1,4076,-7390,0.3055555555555556
2022-02-20T00:00:00.000,3:35,40.744625,-73.98525,1,0,1,1,4074,-7398,0.40131578947368424
2022-02-20T00:00:00.000,12:20,40.72565,-73.93205,2,0,1,1,4072,-7393,0.36507936507936506
2021-09-28T00:00:00.000,17:30,40.713577,-73.77971,0,0,0,0,4071,-7377,0.20967741935483872
2022-02-09T00:00:00.000,8:30,40.823315,-73.94901,0,0,0,0,4082,-7394,0.3812154696132597
2022-02-20T00:00:00.000,20:48,40.821636,-73.93909,0,0,0,0,4082,-7393,0.36645962732919257
2022-09-22T00:00:00.000,17:25,40.648182,-73.93001,1,0,1,1,4064,-7393,0.3333333333333333
2021-10-18T00:00:00.000,15:50,40.8690581,-73.8796321,0,0,0,0,4086,-7387,0.34545454545454546
2021-05-14T00:00:00.000,11:56,40.751083,-73.9079,5,0,1,1,4075,-7390,0.37254901960784315
2021-06-18T00:00:00.000,15:11,40.73968,-73.857315,1,0,1,1,4073,-7385,0.3619047619047619
2021-06-23T00:00:00.000,23:50,40.68676,-73.78449,1,0,1,1,4068,-7378,0.3384615384615385
2021-06-27T00:00:00.000,10:10,40.85403,-73.89334,0,0,0,0,4085,-7389,0.3353658536585366
2021-06-21T00:00:00.000,9:15,40.7578,-73.87916,0,0,0,0,4075,-7387,0.33884297520661155
2021-06-24T00:00:00.000,2:24,40.83611,-73.92238,0,0,0,0,4083,-7392,0.310126582278481
2021-06-09T00:00:00.000,15:24,40.665737,-73.75194,0,0,0,0,4066,-7375,0.3
2022-09-22T00:00:00.000,10:15,40.726444,-73.76579,0,0,0,0,4072,-7376,0.5
2021-06-23T00:00:00.000,12:21,40.720245,-73.9444,2,0,1,1,4072,-7394,0.19801980198019803
2021-06-16T00:00:00.000,18:15,40.752644,-74.00428,1,0,1,1,4075,-7400,0.3888888888888889
2021-06-23T00:00:00.000,6:25,40.700565,-73.76411,1,0,1,1,4070,-7376,0.43902439024390244
2021-06-18T00:00:00.000,14:08,40.65942,-73.761116,1,0,1,1,4065,-7376,0.35714285714285715
2021-06-23T00:00:00.000,13:02,40.748333,-73.87735,1,0,1,1,4074,-7387,0.25663716814159293
2022-09-13T00:00:00.000,18:36,40.87932,-73.869804,0,0,0,0,4087,-7386,0.3142857142857143
2022-09-23T00:00:00.000,15:17,40.697296,-73.92378,2,0,1,1,4069,-7392,0.3584905660377358
2022-09-21T00:00:00.000,19:50,40.773052,-73.96241,1,0,1,1,4077,-7396,0.3695652173913043
2022-09-23T00:00:00.000,17:08,40.828922,-73.9504,0,0,0,0,4082,-7395,0.4117647058823529
2022-09-23T00:00:00.000,17:00,40.842026,-73.88539,2,0,1,1,4084,-7388,0.390625
2022-09-17T00:00:00.000,13:00,40.513462,-74.23747,0,0,0,0,4051,-7423,0.0625
2022-09-21T00:00:00.000,14:24,40.638336,-74.02792,0,0,0,0,4063,-7402,0.3877551020408163
2022-09-22T00:00:00.000,22:36,40.674458,-73.7795,2,0,1,1,4067,-7377,0.32608695652173914
2022-09-22T00:00:00.000,16:51,0.0,0.0,1,0,1,1,0,0,0.40425531914893614
2022-09-21T00:00:00.000,14:55,0.0,0.0,0,0,0,0,0,0,0.40425531914893614
2022-09-23T00:00:00.000,7:35,40.817116,-73.88307,0,0,0,0,4081,-7388,0.25471698113207547
2022-09-21T00:00:00.000,3:18,40.897545,-73.846405,0,0,0,0,4089,-7384,0.3333333333333333
2021-10-18T00:00:00.000,13:53,40.6289654,-73.9451246,0,0,0,0,4062,-7394,0.41379310344827586
2021-06-27T00:00:00.000,18:14,40.83569,-73.86857,0,0,0,0,4083,-7386,0.24822695035460993
2021-06-26T00:00:00.000,5:45,40.605957,-74.00639,0,0,0,0,4060,-7400,0.24074074074074073
2021-06-27T00:00:00.000,3:40,40.835716,-73.89205,0,0,0,0,4083,-7389,0.3333333333333333
2021-06-26T00:00:00.000,16:00,40.597595,-74.07143,1,0,1,1,4059,-7407,0.23076923076923078
2021-06-27T00:00:00.000,22:30,40.76665,-73.87791,0,0,0,0,4076,-7387,0.48214285714285715
2021-06-27T00:00:00.000,5:59,40.667156,-73.95356,0,0,0,0,4066,-7395,0.44375
2021-06-24T00:00:00.000,16:30,40.700672,-73.92164,0,0,0,0,4070,-7392,0.24305555555555555
2021-06-27T00:00:00.000,0:52,40.627827,-73.89021,0,0,0,0,4062,-7389,0.3333333333333333
2021-06-27T00:00:00.000,20:30,40.643703,-74.00648,0,0,0,0,4064,-7400,0.36764705882352944
2021-06-19T00:00:00.000,20:00,40.54387,-74.14445,1,0,1,1,4054,-7414,0.2631578947368421
2021-06-27T00:00:00.000,11:00,40.594444,-73.98602,0,0,0,0,4059,-7398,0.34146341463414637
2021-06-26T00:00:00.000,18:20,40.67425,-73.88885,0,0,0,0,4067,-7388,0.30434782608695654
2021-06-26T00:00:00.000,6:30,40.835297,-73.91291,1,0,1,1,4083,-7391,0.33714285714285713
2021-06-25T00:00:00.000,7:00,40.739418,-74.00387,0,0,0,0,4073,-7400,0.2403846153846154
2021-06-27T00:00:00.000,0:40,40.849403,-73.871445,0,0,0,0,4084,-7387,0.48333333333333334
2021-06-27T00:00:00.000,20:30,40.825428,-73.93631,0,0,0,0,4082,-7393,0.36645962732919257
2021-06-24T00:00:00.000,17:15,40.701103,-73.92239,0,0,0,0,4070,-7392,0.24305555555555555
2021-06-26T00:00:00.000,22:40,40.733986,-73.95226,0,0,0,0,4073,-7395,0.30434782608695654
2021-06-27T00:00:00.000,15:00,40.825912,-73.83647,2,0,1,1,4082,-7383,0.34210526315789475
2021-06-25T00:00:00.000,21:00,40.61625,-74.12904,0,0,0,0,4061,-7412,0.25
2021-06-27T00:00:00.000,6:08,40.6062,-74.01001,0,0,0,0,4060,-7401,0.30357142857142855
2021-06-26T00:00:00.000,20:05,40.83874,-73.913765,1,0,1,1,4083,-7391,0.33714285714285713
2021-06-25T00:00:00.000,10:00,40.823624,-73.92308,0,0,0,0,4082,-7392,0.3333333333333333
2021-06-27T00:00:00.000,0:26,40.65661,-73.93091,0,0,0,0,4065,-7393,0.44366197183098594
2021-06-27T00:00:00.000,20:35,40.673477,-73.791504,0,0,0,0,4067,-7379,0.4264705882352941
2021-06-14T00:00:00.000,21:23,40.694115,-73.79214,1,0,1,1,4069,-7379,0.25925925925925924
2021-06-27T00:00:00.000,22:27,40.754616,-73.997116,0,0,0,0,4075,-7399,0.2830188679245283
2021-06-27T00:00:00.000,17:07,40.805737,-73.94065,1,0,1,1,4080,-7394,0.41116751269035534
2021-06-27T00:00:00.000,21:58,40.63868,-73.91682,0,0,0,0,4063,-7391,0.5
2021-06-27T00:00:00.000,5:15,40.66584,-73.75551,0,0,0,0,4066,-7375,0.3
2021-06-27T00:00:00.000,13:36,40.671505,-73.90734,0,0,0,0,4067,-7390,0.3282442748091603
2021-06-26T00:00:00.000,10:54,40.619404,-74.02538,1,0,1,1,4061,-7402,0.4090909090909091
2021-06-27T00:00:00.000,0:50,40.736187,-74.00833,1,0,1,1,4073,-7400,0.2403846153846154
2021-06-27T00:00:00.000,14:40,40.615055,-74.07036,0,0,0,0,4061,-7407,0.2
2021-06-27T00:00:00.000,4:10,40.713985,-73.73812,0,0,0,0,4071,-7373,0.25
2021-06-27T00:00:00.000,4:29,40.666668,-73.92372,2,0,1,1,4066,-7392,0.355
2021-06-26T00:00:00.000,9:30,40.697727,-73.92454,1,0,1,1,4069,-7392,0.3584905660377358
2021-06-27T00:00:00.000,6:22,40.65745,-73.920166,0,0,0,0,4065,-7392,0.35555555555555557
2021-06-27T00:00:00.000,0:00,40.627827,-73.89021,0,0,0,0,4062,-7389,0.3333333333333333
2021-06-27T00:00:00.000,21:12,40.617382,-73.943474,0,0,0,0,4061,-7394,0.48484848484848486
2021-06-24T00:00:00.000,19:25,40.688847,-73.92119,0,0,0,0,4068,-7392,0.2542372881355932
2021-06-27T00:00:00.000,13:30,40.7466,-73.76503,0,0,0,0,4074,-7376,0.3333333333333333
2021-06-27T00:00:00.000,0:00,40.590595,-74.15175,0,0,0,0,4059,-7415,0.5
2021-06-25T00:00:00.000,15:50,40.57755,-74.12726,0,0,0,0,4057,-7412,0.36363636363636365
2021-06-14T00:00:00.000,12:20,40.816864,-73.882744,0,0,0,0,4081,-7388,0.25471698113207547
2021-06-27T00:00:00.000,16:00,40.59038,-74.19295,0,0,0,0,4059,-7419,0.0
2021-06-27T00:00:00.000,17:09,40.85132,-73.90842,1,0,1,1,4085,-7390,0.42207792207792205
2021-06-27T00:00:00.000,19:00,40.716206,-73.9661,1,0,1,1,4071,-7396,0.3218390804597701
2021-06-27T00:00:00.000,10:00,40.813267,-73.862015,0,0,0,0,4081,-7386,0.23333333333333334
2021-06-27T00:00:00.000,17:49,40.524612,-74.230446,0,0,0,0,4052,-7423,0.3333333333333333
2021-06-27T00:00:00.000,9:30,40.720222,-73.98644,1,0,1,1,4072,-7398,0.4342105263157895
2021-06-27T00:00:00.000,21:45,40.7042,-73.88288,1,0,1,1,4070,-7388,0.3448275862068966
2021-06-27T00:00:00.000,0:00,40.82811,-73.93806,1,0,1,1,4082,-7393,0.36645962732919257
2021-06-26T00:00:00.000,16:46,40.67956,-73.8989,0,0,0,0,4067,-7389,0.33852140077821014
2021-06-27T00:00:00.000,14:14,40.579826,-73.97622,0,0,0,0,4057,-7397,0.2619047619047619
2021-06-27T00:00:00.000,0:20,40.716244,-73.88149,0,0,0,0,4071,-7388,0.10344827586206896
2021-06-23T00:00:00.000,13:30,40.666145,-73.759125,0,0,0,0,4066,-7375,0.3
2021-06-27T00:00:00.000,19:10,40.669098,-73.93666,3,0,1,1,4066,-7393,0.38578680203045684
2021-06-26T00:00:00.000,10:46,40.6915,-73.90956,0,0,0,0,4069,-7390,0.29591836734693877
2021-06-27T00:00:00.000,3:20,40.889885,-73.82009,0,0,0,0,4088,-7382,0.2765957446808511
2021-06-26T00:00:00.000,5:28,40.657555,-73.894196,0,0,0,0,4065,-7389,0.34965034965034963
2021-06-27T00:00:00.000,2:00,40.74693,-73.84866,0,0,0,0,4074,-7384,0.42857142857142855
2021-06-27T00:00:00.000,17:38,40.716312,-73.81938,0,0,0,0,4071,-7381,0.3448275862068966
2021-06-27T00:00:00.000,16:40,40.713295,-73.883514,0,0,0,0,4071,-7388,0.10344827586206896
2021-06-25T00:00:00.000,14:38,40.683502,-73.91152,1,0,1,1,4068,-7391,0.344
2021-06-27T00:00:00.000,17:38,40.838196,-73.901184,0,0,0,0,4083,-7390,0.3064516129032258
2021-06-18T00:00:00.000,1:05,40.718456,-73.99482,1,0,1,1,4071,-7399,0.3263157894736842
2021-06-27T00:00:00.000,22:19,40.880947,-73.85456,3,0,1,1,4088,-7385,0.36619718309859156
2021-06-27T00:00:00.000,14:57,40.58999,-74.1005,0,0,0,0,4058,-7410,0.3076923076923077
2021-06-27T00:00:00.000,19:29,40.68865,-73.96197,1,0,1,1,4068,-7396,0.42567567567567566
2021-06-26T00:00:00.000,13:09,40.54881,-74.154335,1,0,1,1,4054,-7415,0.3125
2021-06-27T00:00:00.000,3:50,40.80832,-73.936676,0,0,0,0,4080,-7393,0.36312849162011174
2021-06-27T00:00:00.000,11:07,40.67671,-73.97711,0,0,0,0,4067,-7397,0.2818181818181818
2021-06-27T00:00:00.000,14:00,40.767982,-73.82685,1,0,1,1,4076,-7382,0.2987012987012987
2021-06-27T00:00:00.000,0:01,40.675495,-73.8997,3,0,1,1,4067,-7389,0.33852140077821014
2022-09-19T00:00:00.000,17:25,40.677353,-73.78096,0,0,0,0,4067,-7378,0.2
2021-06-27T00:00:00.000,0:00,40.607082,-73.94607,0,0,0,0,4060,-7394,0.5217391304347826
2021-06-27T00:00:00.000,17:05,40.656708,-74.00537,2,0,1,1,4065,-7400,0.41509433962264153
2021-06-27T00:00:00.000,12:40,40.580658,-73.985664,0,0,0,0,4058,-7398,0.4
2021-06-27T00:00:00.000,21:45,40.73447,-73.86316,0,0,0,0,4073,-7386,0.3464566929133858
2021-06-25T00:00:00.000,11:42,40.69987,-73.94043,3,0,1,1,4069,-7394,0.417910447761194
2021-06-27T00:00:00.000,20:20,40.703545,-73.92234,0,0,0,0,4070,-7392,0.24305555555555555
2021-06-17T00:00:00.000,4:50,40.66343,-73.74079,0,0,0,0,4066,-7374,0.3698630136986301
2021-06-27T00:00:00.000,18:37,40.66626,-73.95957,0,0,0,0,4066,-7395,0.44375
2021-06-26T00:00:00.000,12:00,40.66531,-73.890305,1,0,1,1,4066,-7389,0.3103448275862069
2021-06-27T00:00:00.000,14:44,40.59727,-73.99868,2,0,1,1,4059,-7399,0.3076923076923077
2021-06-25T00:00:00.000,17:20,40.718185,-73.958305,0,0,0,0,4071,-7395,0.36585365853658536
2021-06-22T00:00:00.000,10:01,40.696983,-73.935234,0,0,0,0,4069,-7393,0.3141025641025641
2021-06-27T00:00:00.000,6:36,40.863785,-73.90028,1,0,1,1,4086,-7390,0.42748091603053434
2021-06-25T00:00:00.000,2:16,40.69731,-73.932274,0,0,0,0,4069,-7393,0.3141025641025641
2021-06-27T00:00:00.000,0:00,40.742943,-73.91685,3,0,1,1,4074,-7391,0.38333333333333336
2021-06-20T00:00:00.000,23:16,40.83543,-73.92341,0,0,0,0,4083,-7392,0.310126582278481
2021-06-27T00:00:00.000,18:00,40.57663,-74.00556,0,0,0,0,4057,-7400,0.3157894736842105
2021-06-24T00:00:00.000,17:20,40.70864,-74.00734,0,0,0,0,4070,-7400,0.2542372881355932
2021-06-27T00:00:00.000,16:03,40.8721,-73.849884,1,0,1,1,4087,-7384,0.47297297297297297
2021-06-27T00:00:00.000,12:30,40.66973,-73.91049,1,0,1,1,4066,-7391,0.3630952380952381
2022-09-21T00:00:00.000,16:03,40.685276,-73.77241,1,0,1,1,4068,-7377,0.3673469387755102
2021-06-26T00:00:00.000,22:31,40.67748,-73.88643,0,0,0,0,4067,-7388,0.30434782608695654
2021-06-27T00:00:00.000,12:18,40.75022,-73.979065,0,0,0,0,4075,-7397,0.375886524822695
2021-06-27T00:00:00.000,16:00,40.837654,-73.89997,3,0,1,1,4083,-7389,0.3333333333333333
2021-06-22T00:00:00.000,17:30,40.75613,-73.862274,0,0,0,0,4075,-7386,0.33653846153846156
2021-06-26T00:00:00.000,1:03,40.738552,-73.99969,1,0,1,1,4073,-7399,0.423728813559322
2021-06-26T00:00:00.000,1:00,40.54421,-74.141045,0,0,0,0,4054,-7414,0.2631578947368421
2021-06-27T00:00:00.000,11:20,40.761505,-73.827065,1,0,1,1,4076,-7382,0.2987012987012987
2021-06-27T00:00:00.000,19:50,40.85396,-73.90944,0,0,0,0,4085,-7390,0.42207792207792205
2021-06-27T00:00:00.000,4:41,40.62621,-73.927666,0,0,0,0,4062,-7392,0.3611111111111111
2021-06-27T00:00:00.000,2:30,40.75002,-73.858406,1,0,1,1,4075,-7385,0.3048780487804878
2021-06-27T00:00:00.000,4:18,40.7024,-73.9605,1,0,1,1,4070,-7396,0.3431372549019608
2021-06-27T00:00:00.000,11:49,40.82949,-73.87326,0,0,0,0,4082,-7387,0.33544303797468356
2021-06-27T00:00:00.000,16:52,40.679653,-73.77724,1,0,1,1,4067,-7377,0.32608695652173914
2021-06-27T00:00:00.000,22:30,40.740757,-73.89028,0,0,0,0,4074,-7389,0.3203125
2021-06-27T00:00:00.000,9:45,40.5832,-73.97304,0,0,0,0,4058,-7397,0.2727272727272727
2021-06-27T00:00:00.000,21:30,40.682,-73.96867,0,0,0,0,4068,-7396,0.42567567567567566
2021-06-26T00:00:00.000,22:00,40.67624,-73.866104,0,0,0,0,4067,-7386,0.3431372549019608
2021-06-25T00:00:00.000,13:41,40.693142,-73.922,0,0,0,0,4069,-7392,0.3584905660377358
2021-06-27T00:00:00.000,17:15,40.6229,-74.14943,0,0,0,0,4062,-7414,0.20408163265306123
2021-06-26T00:00:00.000,16:22,40.809196,-73.8929,1,0,1,1,4080,-7389,0.5
2021-06-27T00:00:00.000,9:11,40.703163,-73.81662,1,0,1,1,4070,-7381,0.3194444444444444
2021-06-27T00:00:00.000,9:15,40.725937,-74.01103,0,0,0,0,4072,-7401,0.4
2021-06-27T00:00:00.000,3:20,40.74929,-73.88517,0,0,0,0,4074,-7388,0.2978723404255319
2021-06-23T00:00:00.000,8:59,40.710163,-74.00426,0,0,0,0,4071,-7400,0.25517241379310346
2021-06-20T00:00:00.000,15:35,40.625267,-74.00226,0,0,0,0,4062,-7400,0.3150684931506849
2021-06-26T00:00:00.000,1:09,40.68081,-73.8849,3,0,1,1,4068,-7388,0.36538461538461536
2021-06-26T00:00:00.000,22:40,40.700962,-73.73244,1,0,1,1,4070,-7373,0.52
2021-06-27T00:00:00.000,18:43,40.852673,-73.919106,0,0,0,0,4085,-7391,0.373134328358209
2021-06-27T00:00:00.000,0:20,40.604294,-73.973206,0,0,0,0,4060,-7397,0.3469387755102041
2021-06-27T00:00:00.000,0:54,40.705227,-73.949844,1,0,1,1,4070,-7394,0.3956043956043956
2021-06-26T00:00:00.000,21:05,40.702614,-73.96058,1,0,1,1,4070,-7396,0.3431372549019608
2021-06-27T00:00:00.000,15:10,40.651344,-73.947716,0,0,0,0,4065,-7394,0.43137254901960786
2021-05-06T00:00:00.000,16:30,40.82406,-73.8998,1,0,1,1,4082,-7389,0.37423312883435583
2022-07-04T00:00:00.000,6:30,40.622772,-74.16503,0,0,0,0,4062,-7416,0.24444444444444444
2021-06-27T00:00:00.000,0:30,40.607655,-73.99867,0,0,0,0,4060,-7399,0.31683168316831684
2021-06-27T00:00:00.000,8:50,40.680733,-73.97451,1,0,1,1,4068,-7397,0.3412322274881517
2021-06-27T00:00:00.000,22:32,40.83801,-73.87329,0,0,0,0,4083,-7387,0.38414634146341464
2021-06-27T00:00:00.000,13:40,40.767467,-73.88187,1,0,1,1,4076,-7388,0.43283582089552236
2021-06-25T00:00:00.000,21:40,40.70281,-73.9254,2,0,1,1,4070,-7392,0.24305555555555555
2021-06-27T00:00:00.000,21:50,40.76285,-73.967735,1,0,1,1,4076,-7396,0.3023255813953488
2021-06-26T00:00:00.000,9:26,40.66008,-73.885345,0,0,0,0,4066,-7388,0.37012987012987014
2021-06-27T00:00:00.000,0:00,40.69775,-73.81393,0,0,0,0,4069,-7381,0.3902439024390244
2021-06-27T00:00:00.000,18:45,40.71881,-73.83266,1,0,1,1,4071,-7383,0.37349397590361444
2021-06-27T00:00:00.000,7:45,40.72218,-73.99092,1,0,1,1,4072,-7399,0.3829787234042553
2021-06-27T00:00:00.000,2:22,40.676952,-73.888596,0,0,0,0,4067,-7388,0.30434782608695654
2021-06-27T00:00:00.000,1:10,40.72607,-74.00991,1,0,1,1,4072,-7400,0.32926829268292684
2021-06-21T00:00:00.000,0:00,40.668434,-73.80062,0,0,0,0,4066,-7380,0.40789473684210525
2021-06-27T00:00:00.000,20:08,40.89256,-73.85978,0,0,0,0,4089,-7385,0.3813559322033898
2021-06-27T00:00:00.000,5:25,40.678364,-73.77949,0,0,0,0,4067,-7377,0.32608695652173914
2021-06-27T00:00:00.000,6:40,40.84353,-73.89401,0,0,0,0,4084,-7389,0.33766233766233766
2021-06-27T00:00:00.000,16:40,40.834423,-73.879265,2,0,1,1,4083,-7387,0.38414634146341464
2021-06-27T00:00:00.000,13:52,40.68502,-73.938446,0,0,0,0,4068,-7393,0.3619047619047619
2021-06-27T00:00:00.000,14:23,40.770348,-73.92371,1,0,1,1,4077,-7392,0.3269230769230769
2021-06-27T00:00:00.000,13:35,40.643784,-73.90218,0,0,0,0,4064,-7390,0.4017094017094017
2021-06-27T00:00:00.000,9:20,40.63841,-74.13588,0,0,0,0,4063,-7413,0.2903225806451613
2021-06-26T00:00:00.000,14:25,40.84889,-73.867455,1,0,1,1,4084,-7386,0.375
2021-06-27T00:00:00.000,18:41,40.646297,-73.97195,0,0,0,0,4064,-7397,0.4095238095238095
2021-06-27T00:00:00.000,5:19,40.738495,-73.90274,1,0,1,1,4073,-7390,0.42424242424242425
2021-06-27T00:00:00.000,19:37,40.69426,-73.91036,0,0,0,0,4069,-7391,0.2709677419354839
2021-06-24T00:00:00.000,8:50,40.82814,-73.8953,1,0,1,1,4082,-7389,0.37423312883435583
2021-06-26T00:00:00.000,0:00,40.677834,-73.88509,1,0,1,1,4067,-7388,0.30434782608695654
2021-06-27T00:00:00.000,1:50,40.651394,-73.75887,0,0,0,0,4065,-7375,0.4166666666666667
2021-06-15T00:00:00.000,7:45,40.717793,-73.90967,1,0,1,1,4071,-7390,0.4
2021-06-27T00:00:00.000,22:50,40.735424,-73.84466,0,0,0,0,4073,-7384,0.2682926829268293
2021-06-27T00:00:00.000,13:30,40.881138,-73.88307,1,0,1,1,4088,-7388,0.42857142857142855
2021-06-27T00:00:00.000,1:00,40.757877,-73.8839,0,0,0,0,4075,-7388,0.3402061855670103
2021-06-27T00:00:00.000,5:53,40.833946,-73.94266,0,0,0,0,4083,-7394,0.38926174496644295
2021-06-27T00:00:00.000,14:40,40.69174,-73.91401,0,0,0,0,4069,-7391,0.2709677419354839
2021-06-27T00:00:00.000,10:50,40.703285,-73.88676,0,0,0,0,4070,-7388,0.3448275862068966
2021-06-27T00:00:00.000,11:21,40.84664,-73.90469,0,0,0,0,4084,-7390,0.366120218579235
2021-06-27T00:00:00.000,21:30,40.850372,-73.7879,0,0,0,0,4085,-7378,0.16666666666666666
2021-06-27T00:00:00.000,0:05,40.70927,-73.797325,0,0,0,0,4070,-7379,0.3978494623655914
2021-06-27T00:00:00.000,18:00,40.689453,-73.924034,0,0,0,0,4068,-7392,0.2542372881355932
2021-06-25T00:00:00.000,16:49,40.583725,-73.89372,2,0,1,1,4058,-7389,0.5714285714285714
2021-06-27T00:00:00.000,8:20,40.76484,-73.970505,0,0,0,0,4076,-7397,0.37
2021-06-27T00:00:00.000,16:48,40.81423,-73.93444,3,0,1,1,4081,-7393,0.32432432432432434
2021-06-22T00:00:00.000,22:18,40.632698,-74.02432,0,0,0,0,4063,-7402,0.3877551020408163
2021-06-27T00:00:00.000,11:58,40.70978,-73.82043,1,0,1,1,4070,-7382,0.4166666666666667
2021-06-27T00:00:00.000,8:39,40.715305,-73.96044,0,0,0,0,4071,-7396,0.3218390804597701
2021-06-27T00:00:00.000,11:58,40.825554,-73.843254,0,0,0,0,4082,-7384,0.3835616438356164
2021-06-27T00:00:00.000,11:00,40.545757,-74.178894,0,0,0,0,4054,-7417,0.4444444444444444
2021-06-27T00:00:00.000,18:23,40.575565,-73.98121,1,0,1,1,4057,-7398,0.36904761904761907
2021-06-11T00:00:00.000,14:05,40.719887,-73.93889,0,0,0,0,4071,-7393,0.2711864406779661
2021-06-27T00:00:00.000,17:45,40.8287,-73.84227,0,0,0,0,4082,-7384,0.3835616438356164
2021-06-27T00:00:00.000,18:20,40.815693,-73.948685,0,0,0,0,4081,-7394,0.38
2021-06-24T00:00:00.000,21:05,40.61074,-74.09583,0,0,0,0,4061,-7409,0.46153846153846156
2021-06-25T00:00:00.000,23:00,40.669792,-73.8924,2,0,1,1,4066,-7389,0.3103448275862069
2021-06-26T00:00:00.000,0:40,40.851658,-73.90423,0,0,0,0,4085,-7390,0.42207792207792205
2021-06-27T00:00:00.000,14:50,40.65121,-73.95893,1,0,1,1,4065,-7395,0.38686131386861317
2021-06-27T00:00:00.000,11:45,40.735634,-73.87602,0,0,0,0,4073,-7387,0.3140495867768595
2021-06-25T00:00:00.000,14:00,40.674744,-73.76368,0,0,0,0,4067,-7376,0.23076923076923078
2021-06-27T00:00:00.000,4:00,40.836708,-73.868195,0,0,0,0,4083,-7386,0.24822695035460993
2021-06-25T00:00:00.000,23:50,40.825573,-73.918465,0,0,0,0,4082,-7391,0.3355263157894737
2021-06-27T00:00:00.000,13:50,40.64952,-73.912544,1,0,1,1,4064,-7391,0.39805825242718446
2021-06-27T00:00:00.000,0:55,40.66549,-73.75236,0,0,0,0,4066,-7375,0.3
2021-06-27T00:00:00.000,22:42,40.65217,-73.96141,1,0,1,1,4065,-7396,0.3939393939393939
2021-06-27T00:00:00.000,14:15,40.695877,-73.742516,0,0,0,0,4069,-7374,0.46774193548387094
2021-06-27T00:00:00.000,17:55,40.759914,-73.87953,1,0,1,1,4075,-7387,0.33884297520661155
2021-06-21T00:00:00.000,5:50,40.889217,-73.866875,0,0,0,0,4088,-7386,0.23809523809523808
2021-06-27T00:00:00.000,19:49,40.649513,-73.93984,0,0,0,0,4064,-7393,0.3333333333333333
2021-06-25T00:00:00.000,13:54,40.568764,-74.11149,0,0,0,0,4056,-7411,0.3448275862068966
2021-06-27T00:00:00.000,22:50,40.61799,-74.0365,0,0,0,0,4061,-7403,0.2777777777777778
2021-06-27T00:00:00.000,12:00,40.731712,-73.70624,0,0,0,0,4073,-7370,0.23529411764705882
2021-06-27T00:00:00.000,8:00,40.6851,-73.97777,0,0,0,0,4068,-7397,0.3412322274881517
2021-06-27T00:00:00.000,21:41,40.679184,-73.941284,0,0,0,0,4067,-7394,0.34074074074074073
2021-06-26T00:00:00.000,16:40,40.66841,-73.90167,3,0,1,1,4066,-7390,0.2777777777777778
2021-06-23T00:00:00.000,0:12,40.841038,-73.92813,0,0,0,0,4084,-7392,0.3181818181818182
2021-06-27T00:00:00.000,11:06,40.85543,-73.855354,1,0,1,1,4085,-7385,0.3125
2021-06-26T00:00:00.000,10:58,40.73009,-73.95529,0,0,0,0,4073,-7395,0.30434782608695654
2021-06-26T00:00:00.000,22:15,40.66322,-73.893654,2,0,1,1,4066,-7389,0.3103448275862069
2021-06-27T00:00:00.000,10:56,40.815845,-73.89544,0,0,0,0,4081,-7389,0.31543624161073824
2021-06-27T00:00:00.000,12:00,40.72656,-73.83802,0,0,0,0,4072,-7383,0.4909090909090909
2021-06-27T00:00:00.000,0:10,40.62349,-74.000534,0,0,0,0,4062,-7400,0.3150684931506849
2021-06-26T00:00:00.000,18:21,40.892235,-73.88481,0,0,0,0,4089,-7388,0.5
2021-06-27T00:00:00.000,14:10,40.732517,-73.740364,0,0,0,0,4073,-7374,0.21428571428571427
2021-06-27T00:00:00.000,23:50,40.613194,-73.92631,0,0,0,0,4061,-7392,0.2982456140350877
2021-06-21T00:00:00.000,9:00,40.713707,-73.919014,0,0,0,0,4071,-7391,0.1836734693877551
2021-06-26T00:00:00.000,19:16,40.876144,-73.828705,0,0,0,0,4087,-7382,0.3333333333333333
2021-06-26T00:00:00.000,19:15,40.67509,-73.89187,1,0,1,1,4067,-7389,0.33852140077821014
2021-06-17T00:00:00.000,19:45,40.73747,-73.86305,0,0,0,0,4073,-7386,0.3464566929133858
2021-06-26T00:00:00.000,17:20,40.752598,-73.96702,1,0,1,1,4075,-7396,0.4788732394366197
2021-06-27T00:00:00.000,16:20,40.834152,-73.90001,0,0,0,0,4083,-7390,0.3064516129032258
2021-06-25T00:00:00.000,14:00,40.626617,-74.12874,0,0,0,0,4062,-7412,0.21739130434782608
2021-06-27T00:00:00.000,9:15,40.663483,-73.9627,0,0,0,0,4066,-7396,0.4074074074074074
2021-06-27T00:00:00.000,4:15,40.657753,-73.89612,0,0,0,0,4065,-7389,0.34965034965034963
2021-06-27T00:00:00.000,9:22,40.721474,-73.98383,0,0,0,0,4072,-7398,0.4342105263157895
2021-06-27T00:00:00.000,0:00,40.734188,-73.874,0,0,0,0,4073,-7387,0.3140495867768595
2021-06-24T00:00:00.000,19:45,40.706123,-73.92214,0,0,0,0,4070,-7392,0.24305555555555555
2021-06-25T00:00:00.000,8:00,40.702255,-73.92008,0,0,0,0,4070,-7392,0.24305555555555555
2021-06-27T00:00:00.000,22:49,40.85406,-73.91936,3,0,1,1,4085,-7391,0.373134328358209
2021-06-27T00:00:00.000,1:15,40.767815,-73.98951,0,0,0,0,4076,-7398,0.3081761006289308
2021-06-27T00:00:00.000,1:56,40.843204,-73.91196,4,0,1,1,4084,-7391,0.32558139534883723
2021-06-27T00:00:00.000,11:35,40.703045,-73.90744,0,0,0,0,4070,-7390,0.37894736842105264
2021-06-10T00:00:00.000,16:14,40.705273,-73.89634,0,0,0,0,4070,-7389,0.2711864406779661
2021-06-27T00:00:00.000,21:52,40.673275,-73.86853,2,0,1,1,4067,-7386,0.3431372549019608
2021-06-27T00:00:00.000,5:59,40.73736,-73.99685,0,0,0,0,4073,-7399,0.423728813559322
2021-06-27T00:00:00.000,10:45,40.684277,-73.775024,0,0,0,0,4068,-7377,0.3673469387755102
2021-06-27T00:00:00.000,21:19,40.73222,-74.00356,1,0,1,1,4073,-7400,0.2403846153846154
2021-06-25T00:00:00.000,18:49,40.68081,-73.8849,5,0,1,1,4068,-7388,0.36538461538461536
2021-06-27T00:00:00.000,0:30,40.85797,-73.87272,1,0,1,1,4085,-7387,0.375
2021-06-18T00:00:00.000,13:01,40.86214,-73.824936,0,0,0,0,4086,-7382,0.3611111111111111
2021-06-24T00:00:00.000,20:29,40.70324,-73.92615,0,0,0,0,4070,-7392,0.24305555555555555
2021-06-27T00:00:00.000,0:00,40.65634,-73.92137,0,0,0,0,4065,-7392,0.35555555555555557
2021-06-20T00:00:00.000,3:30,40.744263,-73.876755,0,0,0,0,4074,-7387,0.25663716814159293
2021-06-27T00:00:00.000,6:00,40.617275,-73.96667,0,0,0,0,4061,-7396,0.30666666666666664
2021-06-27T00:00:00.000,9:10,40.85651,-73.897316,0,0,0,0,4085,-7389,0.3353658536585366
2020-06-29T00:00:00.000,23:30,40.61964,-73.897316,0,0,0,0,4061,-7389,0.45454545454545453
2021-06-25T00:00:00.000,20:55,40.68836,-73.91615,1,0,1,1,4068,-7391,0.344
2021-06-26T00:00:00.000,18:54,40.675735,-73.89686,0,0,0,0,4067,-7389,0.33852140077821014
2021-06-27T00:00:00.000,15:45,40.831978,-73.93515,0,0,0,0,4083,-7393,0.3333333333333333
2022-09-22T00:00:00.000,19:18,40.755554,-73.885376,0,0,0,0,4075,-7388,0.3402061855670103
2021-06-27T00:00:00.000,16:22,40.69931,-73.75736,1,0,1,1,4069,-7375,0.3584905660377358
2021-06-27T00:00:00.000,15:50,40.76193,-73.99381,0,0,0,0,4076,-7399,0.3275862068965517
2021-06-27T00:00:00.000,15:00,40.670044,-73.818115,4,0,1,1,4067,-7381,0.4230769230769231
2021-06-26T00:00:00.000,12:38,40.60409,-73.93137,0,0,0,0,4060,-7393,0.4117647058823529
2021-06-27T00:00:00.000,9:21,40.611767,-73.97638,0,0,0,0,4061,-7397,0.421875
2021-06-23T00:00:00.000,12:47,40.674244,-73.97149,0,0,0,0,4067,-7397,0.2818181818181818
2021-06-27T00:00:00.000,12:20,40.82077,-73.95459,1,0,1,1,4082,-7395,0.4117647058823529
2021-06-27T00:00:00.000,21:04,40.715046,-73.992386,1,0,1,1,4071,-7399,0.3263157894736842
2021-06-25T00:00:00.000,9:53,40.755737,-73.87689,0,0,0,0,4075,-7387,0.33884297520661155
2022-09-22T00:00:00.000,0:10,40.707752,-73.94666,0,0,0,0,4070,-7394,0.3956043956043956
2021-06-26T00:00:00.000,4:15,40.613335,-73.99277,0,0,0,0,4061,-7399,0.29411764705882354
2021-06-27T00:00:00.000,14:50,40.72684,-73.71354,0,0,0,0,4072,-7371,0.2857142857142857
2021-06-27T00:00:00.000,1:40,40.74409,-73.85955,1,0,1,1,4074,-7385,0.35526315789473684
2021-06-27T00:00:00.000,5:03,40.65242,-73.95384,1,0,1,1,4065,-7395,0.38686131386861317
2021-06-29T00:00:00.000,0:20,40.65422,-73.92386,3,0,1,1,4065,-7392,0.35555555555555557
2021-06-27T00:00:00.000,0:00,40.761497,-73.9745,0,0,0,0,4076,-7397,0.37
2021-06-27T00:00:00.000,15:44,40.720608,-73.79724,0,0,0,0,4072,-7379,0.3333333333333333
2021-06-27T00:00:00.000,10:05,40.654137,-73.91234,2,0,1,1,4065,-7391,0.425
2021-06-27T00:00:00.000,14:00,40.765778,-73.88628,0,0,0,0,4076,-7388,0.43283582089552236
2021-06-27T00:00:00.000,4:30,40.76812,-73.95887,0,0,0,0,4076,-7395,0.3696969696969697
2021-06-27T00:00:00.000,15:33,40.682762,-73.93501,2,0,1,1,4068,-7393,0.3619047619047619
2021-06-27T00:00:00.000,18:16,40.823242,-73.822296,2,0,1,1,4082,-7382,0.46153846153846156
2021-06-26T00:00:00.000,23:40,40.6081,-73.99939,0,0,0,0,4060,-7399,0.31683168316831684
2021-06-17T00:00:00.000,11:36,40.81234,-73.90346,1,0,1,1,4081,-7390,0.3888888888888889
2021-06-27T00:00:00.000,15:40,40.873642,-73.90797,0,0,0,0,4087,-7390,0.3184713375796178
2021-06-27T00:00:00.000,13:14,40.748062,-73.89167,0,0,0,0,4074,-7389,0.3203125
2021-06-27T00:00:00.000,18:40,40.810173,-73.95117,1,0,1,1,4081,-7395,0.3509933774834437
2021-06-27T00:00:00.000,6:15,40.76854,-73.89342,1,0,1,1,4076,-7389,0.35185185185185186
2021-06-27T00:00:00.000,5:30,40.62821,-73.90489,0,0,0,0,4062,-7390,0.3888888888888889
2021-06-27T00:00:00.000,11:30,40.7265,-73.75571,0,0,0,0,4072,-7375,0.2727272727272727
2021-06-16T00:00:00.000,9:20,40.733536,-73.87035,0,0,0,0,4073,-7387,0.3140495867768595
2021-06-27T00:00:00.000,13:15,40.679897,-73.74757,1,0,1,1,4067,-7374,0.2619047619047619
2021-06-27T00:00:00.000,15:48,40.647453,-73.958664,1,0,1,1,4064,-7395,0.4796747967479675
2021-06-27T00:00:00.000,5:00,40.64868,-73.92207,0,0,0,0,4064,-7392,0.4077669902912621
2021-06-25T00:00:00.000,14:51,40.668648,-73.92835,1,0,1,1,4066,-7392,0.355
2021-06-27T00:00:00.000,5:15,40.645344,-73.87897,2,0,1,1,4064,-7387,0.4918032786885246
2021-06-27T00:00:00.000,17:50,40.616673,-73.92563,0,0,0,0,4061,-7392,0.2982456140350877
2021-06-27T00:00:00.000,22:50,40.821976,-73.9,0,0,0,0,4082,-7390,0.3025210084033613
2021-06-27T00:00:00.000,17:10,40.641186,-74.014404,1,0,1,1,4064,-7401,0.4295774647887324
2021-06-25T00:00:00.000,19:54,40.674114,-73.88975,0,0,0,0,4067,-7388,0.30434782608695654
2021-06-26T00:00:00.000,19:50,40.660633,-73.89002,1,0,1,1,4066,-7389,0.3103448275862069
2021-06-27T00:00:00.000,3:50,40.839767,-73.905396,0,0,0,0,4083,-7390,0.3064516129032258
2021-06-19T00:00:00.000,13:00,40.65807,-73.960434,0,0,0,0,4065,-7396,0.3939393939393939
2021-06-27T00:00:00.000,0:00,40.818016,-73.96043,0,0,0,0,4081,-7396,0.2222222222222222
2021-05-21T00:00:00.000,12:17,40.70938,-73.86964,1,0,1,1,4070,-7386,0.38235294117647056
2021-06-27T00:00:00.000,13:00,40.632885,-73.94771,2,0,1,1,4063,-7394,0.358974358974359
2021-06-23T00:00:00.000,8:00,40.6087,-73.97404,0,0,0,0,4060,-7397,0.3469387755102041
2021-06-27T00:00:00.000,19:20,40.709316,-73.73441,2,0,1,1,4070,-7373,0.52
2021-06-25T00:00:00.000,16:00,40.570385,-74.12969,0,0,0,0,4057,-7412,0.36363636363636365
2021-06-23T00:00:00.000,2:30,40.760452,-73.913376,0,0,0,0,4076,-7391,0.40476190476190477
2021-06-27T00:00:00.000,17:11,40.644722,-73.88792,0,0,0,0,4064,-7388,0.3225806451612903
2021-06-27T00:00:00.000,3:20,40.650116,-73.91539,0,0,0,0,4065,-7391,0.425
2021-06-27T00:00:00.000,0:00,40.803593,-73.919785,1,0,1,1,4080,-7391,0.38961038961038963
2021-06-27T00:00:00.000,7:00,40.61403,-73.98488,0,0,0,0,4061,-7398,0.3698630136986301
2021-06-27T00:00:00.000,18:20,40.61118,-74.15261,0,0,0,0,4061,-7415,0.3333333333333333
2021-06-27T00:00:00.000,13:48,40.798443,-73.97089,0,0,0,0,4079,-7397,0.24210526315789474
2021-06-27T00:00:00.000,1:37,40.605278,-73.98114,0,0,0,0,4060,-7398,0.2711864406779661
2021-06-27T00:00:00.000,15:46,40.62096,-73.94577,2,0,1,1,4062,-7394,0.41379310344827586
2021-06-27T00:00:00.000,7:00,40.746227,-73.91499,0,0,0,0,4074,-7391,0.38333333333333336
2021-06-27T00:00:00.000,12:00,40.63981,-73.995514,0,0,0,0,4063,-7399,0.47692307692307695
2021-06-27T00:00:00.000,13:20,40.778603,-73.95557,0,0,0,0,4077,-7395,0.3384615384615385
2021-06-26T00:00:00.000,22:45,40.722576,-73.94049,1,0,1,1,4072,-7394,0.19801980198019803
2021-06-25T00:00:00.000,19:00,40.89466,-73.86137,0,0,0,0,4089,-7386,0.28205128205128205
2021-06-26T00:00:00.000,16:00,40.68556,-73.90719,1,0,1,1,4068,-7390,0.4421052631578947
2021-06-24T00:00:00.000,20:30,40.668232,-73.87838,1,0,1,1,4066,-7387,0.38461538461538464
2021-06-25T00:00:00.000,15:20,40.604187,-74.12076,0,0,0,0,4060,-7412,0.2608695652173913
2021-06-27T00:00:00.000,19:50,40.861336,-73.866806,1,0,1,1,4086,-7386,0.4642857142857143
2021-06-27T00:00:00.000,18:10,40.681175,-73.87363,0,0,0,0,4068,-7387,0.24719101123595505
2021-06-27T00:00:00.000,19:18,40.574005,-73.98969,1,0,1,1,4057,-7398,0.36904761904761907
2021-06-27T00:00:00.000,23:10,40.866047,-73.882744,0,0,0,0,4086,-7388,0.23943661971830985
2021-06-25T00:00:00.000,17:55,40.731285,-74.0103,0,0,0,0,4073,-7401,0.42857142857142855
2021-06-27T00:00:00.000,2:20,40.642796,-73.97945,0,0,0,0,4064,-7397,0.4095238095238095
2021-06-27T00:00:00.000,20:30,40.672016,-73.94086,0,0,0,0,4067,-7394,0.34074074074074073
2021-06-10T00:00:00.000,12:55,40.668797,-73.93113,0,0,0,0,4066,-7393,0.38578680203045684
2021-06-27T00:00:00.000,23:30,40.718777,-73.995705,0,0,0,0,4071,-7399,0.3263157894736842
2021-06-27T00:00:00.000,11:10,40.893677,-73.84016,1,0,1,1,4089,-7384,0.3333333333333333
2021-06-27T00:00:00.000,17:55,40.714367,-73.746796,0,0,0,0,4071,-7374,0.23404255319148937
2021-06-27T00:00:00.000,1:00,40.704563,-73.94867,0,0,0,0,4070,-7394,0.3956043956043956
2022-04-06T00:00:00.000,15:00,40.80539,-73.91846,0,0,0,0,4080,-7391,0.38961038961038963
2021-06-27T00:00:00.000,8:38,40.60968,-73.99298,1,0,1,1,4060,-7399,0.31683168316831684
2021-06-26T00:00:00.000,0:25,40.8511,-73.90468,0,0,0,0,4085,-7390,0.42207792207792205
2021-06-23T00:00:00.000,19:00,40.63237,-73.88319,1,0,1,1,4063,-7388,0.3835616438356164
2021-06-25T00:00:00.000,7:30,40.736958,-74.00651,0,0,0,0,4073,-7400,0.2403846153846154
2021-06-24T00:00:00.000,16:45,40.6997,-73.9055,1,0,1,1,4069,-7390,0.29591836734693877
2021-06-27T00:00:00.000,16:52,40.866047,-73.87207,0,0,0,0,4086,-7387,0.34545454545454546
2021-06-24T00:00:00.000,16:42,40.692974,-73.90811,0,0,0,0,4069,-7390,0.29591836734693877
2021-06-24T00:00:00.000,21:35,40.689648,-73.9184,1,0,1,1,4068,-7391,0.344
2021-06-27T00:00:00.000,4:55,40.85797,-73.87272,1,0,1,1,4085,-7387,0.375
2021-06-27T00:00:00.000,12:23,40.608204,-73.920715,0,0,0,0,4060,-7392,0.3333333333333333
2021-06-27T00:00:00.000,7:50,40.828125,-73.84105,1,0,1,1,4082,-7384,0.3835616438356164
2021-06-27T00:00:00.000,1:45,40.70722,-73.78957,1,0,1,1,4070,-7378,0.34523809523809523
2021-06-13T00:00:00.000,3:50,40.714622,-73.90117,2,1,2,1,4071,-7390,0.4
2021-06-27T00:00:00.000,13:05,40.81446,-73.89686,0,0,0,0,4081,-7389,0.31543624161073824
2021-06-27T00:00:00.000,21:15,40.63286,-74.02425,0,0,0,0,4063,-7402,0.3877551020408163
2021-06-27T00:00:00.000,13:20,40.68515,-74.00032,0,0,0,0,4068,-7400,0.3333333333333333
2021-06-27T00:00:00.000,20:40,40.72218,-73.98886,0,0,0,0,4072,-7398,0.4342105263157895
2021-06-27T00:00:00.000,21:05,40.749714,-73.93617,0,0,0,0,4074,-7393,0.3333333333333333
2021-06-16T00:00:00.000,10:45,40.697536,-73.87106,1,0,1,1,4069,-7387,0.5
2021-06-27T00:00:00.000,14:32,40.57729,-73.949165,0,0,0,0,4057,-7394,0.75
2021-06-27T00:00:00.000,1:15,40.734566,-73.72269,1,0,1,1,4073,-7372,0.3333333333333333
2021-06-27T00:00:00.000,6:19,40.80906,-73.90755,0,0,0,0,4080,-7390,0.36538461538461536
2021-06-27T00:00:00.000,4:00,40.87626,-73.90395,2,0,1,1,4087,-7390,0.3184713375796178
2021-06-27T00:00:00.000,1:20,40.84513,-73.93497,0,0,0,0,4084,-7393,0.32786885245901637
2021-06-27T00:00:00.000,15:05,40.632244,-73.938,0,0,0,0,4063,-7393,0.46153846153846156
2021-06-27T00:00:00.000,18:13,40.744644,-73.77041,0,0,0,0,4074,-7377,0.36363636363636365
2021-06-01T00:00:00.000,12:00,40.74273,-73.95412,0,0,0,0,4074,-7395,0.35185185185185186
2021-06-23T00:00:00.000,11:00,40.748848,-73.759026,0,0,0,0,4074,-7375,0.16666666666666666
2021-06-27T00:00:00.000,5:15,40.80934,-73.91248,1,0,1,1,4080,-7391,0.38961038961038963
2021-06-25T00:00:00.000,17:46,40.695282,-73.92576,0,0,0,0,4069,-7392,0.3584905660377358
2021-06-26T00:00:00.000,16:15,40.653755,-73.88599,0,0,0,0,4065,-7388,0.41509433962264153
2021-06-15T00:00:00.000,10:14,40.610725,-74.08635,1,0,1,1,4061,-7408,0.30612244897959184
2021-06-27T00:00:00.000,6:00,40.759075,-73.86985,0,0,0,0,4075,-7386,0.33653846153846156
2021-06-27T00:00:00.000,23:30,40.89124,-73.84302,0,0,0,0,4089,-7384,0.3333333333333333
2021-06-24T00:00:00.000,19:18,40.804066,-73.93117,0,0,0,0,4080,-7393,0.36312849162011174
2021-06-27T00:00:00.000,21:30,40.7576,-73.87626,0,0,0,0,4075,-7387,0.33884297520661155
2021-06-25T00:00:00.000,10:30,40.73319,-73.99489,0,0,0,0,4073,-7399,0.423728813559322
2021-06-26T00:00:00.000,0:45,40.65591,-73.89191,1,0,1,1,4065,-7389,0.34965034965034963
2021-06-27T00:00:00.000,3:15,40.66314,-73.88003,0,0,0,0,4066,-7388,0.37012987012987014
2021-06-25T00:00:00.000,22:45,40.663605,-73.934395,2,0,1,1,4066,-7393,0.38578680203045684
2021-06-20T00:00:00.000,7:17,40.666256,-73.87696,0,0,0,0,4066,-7387,0.38461538461538464
2021-06-27T00:00:00.000,10:51,40.743256,-74.00488,0,0,0,0,4074,-7400,0.27710843373493976
2022-09-23T00:00:00.000,17:15,40.74152,-73.904594,1,0,1,1,4074,-7390,0.40625
2022-09-22T00:00:00.000,17:11,40.665188,-73.92128,1,0,1,1,4066,-7392,0.355
2022-09-23T00:00:00.000,3:20,40.777905,-73.98209,0,0,0,0,4077,-7398,0.38028169014084506
2022-09-21T00:00:00.000,22:35,40.629658,-74.14061,0,0,0,0,4062,-7414,0.20408163265306123
2022-09-13T00:00:00.000,11:50,0.0,0.0,0,0,0,0,0,0,0.40425531914893614
2022-09-20T00:00:00.000,18:20,40.89482,-73.85899,0,0,0,0,4089,-7385,0.3813559322033898
2022-09-20T00:00:00.000,13:45,40.762177,-73.96613,0,0,0,0,4076,-7396,0.3023255813953488
2022-09-18T00:00:00.000,3:20,40.820187,-73.890686,0,0,0,0,4082,-7389,0.37423312883435583
2022-09-16T00:00:00.000,16:50,40.707943,-73.95417,0,0,0,0,4070,-7395,0.3475177304964539
2022-09-21T00:00:00.000,7:34,40.847027,-73.89807,1,0,1,1,4084,-7389,0.33766233766233766
2022-09-23T00:00:00.000,8:59,40.842617,-73.87818,1,0,1,1,4084,-7387,0.48333333333333334
2022-09-14T00:00:00.000,7:54,40.89193,-73.848076,0,0,0,0,4089,-7384,0.3333333333333333
2022-09-22T00:00:00.000,15:33,0.0,0.0,0,0,0,0,0,0,0.40425531914893614
2022-09-21T00:00:00.000,17:40,40.721603,-73.93807,0,0,0,0,4072,-7393,0.36507936507936506
2022-09-22T00:00:00.000,14:15,40.660362,-73.77553,0,0,0,0,4066,-7377,0.37362637362637363
2022-09-22T00:00:00.000,14:15,40.697407,-73.93601,0,0,0,0,4069,-7393,0.3141025641025641
2022-09-21T00:00:00.000,18:03,40.805153,-73.95112,2,0,1,1,4080,-7395,0.381294964028777
2022-09-09T00:00:00.000,17:24,40.8205,-73.891075,2,0,1,1,4082,-7389,0.37423312883435583
2022-09-22T00:00:00.000,2:26,40.71123,-73.85575,0,0,0,0,4071,-7385,0.4418604651162791
2022-09-15T00:00:00.000,9:00,40.671585,-73.99843,0,0,0,0,4067,-7399,0.3258426966292135
2022-09-22T00:00:00.000,22:35,40.706123,-73.92214,0,0,0,0,4070,-7392,0.24305555555555555
2022-09-21T00:00:00.000,3:47,40.594025,-73.93872,1,0,1,1,4059,-7393,0.47058823529411764
2022-09-04T00:00:00.000,17:30,40.85779,-73.88264,1,0,1,1,4085,-7388,0.3
2022-09-22T00:00:00.000,9:50,40.716923,-73.94184,0,0,0,0,4071,-7394,0.3710691823899371
2022-09-21T00:00:00.000,18:35,40.75079,-73.97397,0,0,0,0,4075,-7397,0.375886524822695
2022-09-22T00:00:00.000,20:57,40.710175,-74.001144,0,0,0,0,4071,-7400,0.25517241379310346
2022-09-16T00:00:00.000,8:13,40.68039,-73.94956,1,0,1,1,4068,-7394,0.4409448818897638
2022-09-22T00:00:00.000,23:15,40.665733,-73.755585,0,0,0,0,4066,-7375,0.3
2022-09-21T00:00:00.000,9:20,40.675106,-73.80979,2,0,1,1,4067,-7380,0.24615384615384617
2022-08-30T00:00:00.000,10:54,40.820187,-73.890686,1,0,1,1,4082,-7389,0.37423312883435583
2022-09-21T00:00:00.000,10:06,40.801815,-73.93929,1,0,1,1,4080,-7393,0.36312849162011174
2022-09-21T00:00:00.000,9:22,40.872494,-73.88147,1,0,1,1,4087,-7388,0.3561643835616438
2022-09-13T00:00:00.000,16:30,40.818447,-73.96001,0,0,0,0,4081,-7396,0.2222222222222222
2022-09-23T00:00:00.000,7:55,40.787857,-73.96745,2,0,1,1,4078,-7396,0.28125
2022-09-17T00:00:00.000,13:14,40.901634,-73.85067,1,0,1,1,4090,-7385,0.42105263157894735
2022-09-23T00:00:00.000,17:15,40.608482,-73.9589,0,0,0,0,4060,-7395,0.4791666666666667
2022-09-17T00:00:00.000,17:55,40.61756,-73.91493,1,0,1,1,4061,-7391,0.358974358974359
2022-09-23T00:00:00.000,9:15,40.833977,-73.8539,0,0,0,0,4083,-7385,0.30158730158730157
2022-09-23T00:00:00.000,14:15,40.702457,-73.98764,0,0,0,0,4070,-7398,0.21568627450980393
2022-09-22T00:00:00.000,7:16,40.72649,-73.8107,0,0,0,0,4072,-7381,0.2926829268292683
2022-09-19T00:00:00.000,8:10,40.572502,-74.11358,0,0,0,0,4057,-7411,0.37142857142857144
2022-09-21T00:00:00.000,17:20,40.67297,-73.96745,5,0,1,1,4067,-7396,0.3466666666666667
2022-09-23T00:00:00.000,10:00,40.60143,-73.91334,0,0,0,0,4060,-7391,0.25
2022-09-23T00:00:00.000,14:06,40.67247,-73.79987,7,0,1,1,4067,-7379,0.4264705882352941
2022-09-22T00:00:00.000,6:18,40.657665,-74.00093,1,0,1,1,4065,-7400,0.41509433962264153
2022-09-20T00:00:00.000,0:45,40.72419,-73.98187,0,0,0,0,4072,-7398,0.4342105263157895
2022-09-22T00:00:00.000,16:00,40.666878,-73.89847,0,0,0,0,4066,-7389,0.3103448275862069
2022-09-10T00:00:00.000,17:36,40.82526,-73.8872,0,0,0,0,4082,-7388,0.27624309392265195
2022-09-21T00:00:00.000,16:57,40.69089,-73.99674,0,0,0,0,4069,-7399,0.29473684210526313
2022-09-21T00:00:00.000,3:30,40.712223,-73.98031,0,0,0,0,4071,-7398,0.39568345323741005
2022-09-21T00:00:00.000,16:21,40.861115,-73.85491,1,0,1,1,4086,-7385,0.5
2022-09-19T00:00:00.000,23:10,40.759884,-73.9368,0,0,0,0,4075,-7393,0.43478260869565216
2022-09-20T00:00:00.000,2:45,40.854977,-73.92779,0,0,0,0,4085,-7392,0.22
2022-09-22T00:00:00.000,13:15,40.822533,-73.88509,0,0,0,0,4082,-7388,0.27624309392265195
2022-09-19T00:00:00.000,9:20,40.843002,-73.90359,1,0,1,1,4084,-7390,0.366120218579235
2022-09-17T00:00:00.000,6:50,40.634163,-74.00736,0,0,0,0,4063,-7400,0.3068181818181818
2022-09-22T00:00:00.000,4:10,40.762745,-73.83329,1,0,1,1,4076,-7383,0.33695652173913043
2022-09-21T00:00:00.000,14:35,40.636284,-73.97137,0,0,0,0,4063,-7397,0.36893203883495146
2022-09-23T00:00:00.000,11:55,40.804226,-73.91301,0,0,0,0,4080,-7391,0.38961038961038963
2022-09-23T00:00:00.000,15:50,40.789433,-73.94759,0,0,0,0,4078,-7394,0.33513513513513515
2022-09-23T00:00:00.000,5:18,40.635056,-73.90901,0,0,0,0,4063,-7390,0.3561643835616438
2022-09-23T00:00:00.000,10:00,40.675518,-73.81088,0,0,0,0,4067,-7381,0.4230769230769231
2022-09-23T00:00:00.000,18:45,40.86804,-73.879105,0,0,0,0,4086,-7387,0.34545454545454546
2022-09-22T00:00:00.000,7:36,40.664734,-73.88654,0,0,0,0,4066,-7388,0.37012987012987014
2022-06-23T00:00:00.000,7:30,40.67944,-73.93241,0,0,0,0,4067,-7393,0.3755868544600939
2022-09-21T00:00:00.000,17:00,40.734337,-73.91025,1,0,1,1,4073,-7391,0.33962264150943394
2022-09-15T00:00:00.000,6:04,40.649918,-74.01226,0,0,0,0,4064,-7401,0.4295774647887324
2021-09-30T00:00:00.000,23:37,40.6500815,-73.9610074,2,0,1,1,4065,-7396,0.3939393939393939
2021-10-14T00:00:00.000,0:00,40.8361011,-73.8703842,0,0,0,0,4083,-7387,0.38414634146341464
2021-10-16T00:00:00.000,11:30,40.8792169,-73.8852769,1,0,1,1,4087,-7388,0.3561643835616438
2021-10-18T00:00:00.000,13:35,40.702895,-73.9442166,1,0,1,1,4070,-7394,0.3956043956043956
2021-10-17T00:00:00.000,19:00,40.7632944,-73.9189771,0,0,0,0,4076,-7391,0.40476190476190477
2021-09-29T00:00:00.000,22:40,40.6746537,-73.9091555,1,0,1,1,4067,-7390,0.3282442748091603
2021-10-18T00:00:00.000,11:32,40.691922,-73.9789481,0,0,0,0,4069,-7397,0.3253012048192771
2021-10-18T00:00:00.000,20:51,40.7654658,-73.7430328,1,0,1,1,4076,-7374,0.46153846153846156
2022-09-21T00:00:00.000,18:00,40.754707,-73.99164,0,0,0,0,4075,-7399,0.2830188679245283
2022-09-23T00:00:00.000,16:00,40.745518,-73.888176,0,0,0,0,4074,-7388,0.2978723404255319
2022-09-19T00:00:00.000,7:46,40.818844,-73.84941,0,0,0,0,4081,-7384,0.3333333333333333
2022-09-20T00:00:00.000,6:00,40.71406,-73.95292,0,0,0,0,4071,-7395,0.36585365853658536
2022-09-22T00:00:00.000,2:46,40.668606,-73.91341,0,0,0,0,4066,-7391,0.3630952380952381
2022-09-21T00:00:00.000,12:00,40.66607,-73.76175,0,0,0,0,4066,-7376,0.30434782608695654
2022-09-12T00:00:00.000,18:12,40.81507,-73.88854,0,0,0,0,4081,-7388,0.25471698113207547
2022-09-16T00:00:00.000,11:00,40.71787,-73.997116,0,0,0,0,4071,-7399,0.3263157894736842
2022-09-21T00:00:00.000,7:50,40.831146,-73.85384,0,0,0,0,4083,-7385,0.30158730158730157
2022-09-23T00:00:00.000,15:15,40.827877,-73.93824,1,0,1,1,4082,-7393,0.36645962732919257
2022-09-15T00:00:00.000,13:00,40.609123,-73.9503,1,0,1,1,4060,-7395,0.4791666666666667
2022-09-22T00:00:00.000,7:54,40.904503,-73.896416,1,0,1,1,4090,-7389,0.2727272727272727
2022-09-23T00:00:00.000,14:59,40.58369,-73.92157,1,0,1,1,4058,-7392,0.375
2022-09-16T00:00:00.000,7:44,40.681137,-73.95567,1,0,1,1,4068,-7395,0.38571428571428573
2022-09-21T00:00:00.000,11:40,40.74906,-73.870384,2,0,1,1,4074,-7387,0.25663716814159293
2022-09-13T00:00:00.000,10:30,0.0,0.0,1,0,1,1,0,0,0.40425531914893614
2022-09-17T00:00:00.000,16:29,40.86357,-73.92602,0,0,0,0,4086,-7392,0.359375
2022-09-13T00:00:00.000,17:50,40.592667,-73.78353,2,0,1,1,4059,-7378,0.14705882352941177
2023-01-09T00:00:00.000,18:45,40.87892,-73.90479,0,0,0,0,4087,-7390,0.3184713375796178
2022-08-28T00:00:00.000,4:22,40.8104,-73.805016,0,0,0,0,4081,-7380,0.1111111111111111
2022-09-21T00:00:00.000,12:00,40.88129,-73.90943,1,0,1,1,4088,-7390,0.2702702702702703
2022-09-21T00:00:00.000,15:11,40.634617,-74.02353,0,0,0,0,4063,-7402,0.3877551020408163
2022-09-22T00:00:00.000,12:00,40.574158,-74.11669,1,0,1,1,4057,-7411,0.37142857142857144
2022-09-20T00:00:00.000,18:16,40.62861,-73.91578,0,0,0,0,4062,-7391,0.3333333333333333
2022-09-21T00:00:00.000,2:10,40.57477,-73.97965,0,0,0,0,4057,-7397,0.2619047619047619
2022-08-18T00:00:00.000,21:45,40.87885,-73.85573,1,0,1,1,4087,-7385,0.37681159420289856
2022-09-21T00:00:00.000,12:28,40.722916,-73.73151,0,0,0,0,4072,-7373,0.4642857142857143
2022-09-13T00:00:00.000,10:21,40.61255,-73.96287,1,0,1,1,4061,-7396,0.30666666666666664
2022-09-23T00:00:00.000,17:20,40.68815,-73.84884,2,0,1,1,4068,-7384,0.3333333333333333
2022-09-21T00:00:00.000,8:45,40.72789,-73.86117,0,0,0,0,4072,-7386,0.42424242424242425
2022-09-09T00:00:00.000,7:45,40.601738,-73.90031,1,0,1,1,4060,-7390,0.5
2022-09-16T00:00:00.000,22:10,40.73329,-73.98994,0,0,0,0,4073,-7398,0.36942675159235666
2022-09-23T00:00:00.000,16:45,40.74184,-73.88101,0,0,0,0,4074,-7388,0.2978723404255319
2022-09-21T00:00:00.000,2:10,40.75148,-73.93567,0,0,0,0,4075,-7393,0.43478260869565216
2022-09-23T00:00:00.000,12:29,40.86315,-73.90907,0,0,0,0,4086,-7390,0.42748091603053434
2022-09-23T00:00:00.000,17:29,40.739674,-73.934586,1,0,1,1,4073,-7393,0.38461538461538464
2022-09-21T00:00:00.000,3:58,40.69285,-73.90355,1,0,1,1,4069,-7390,0.29591836734693877
2022-09-15T00:00:00.000,20:38,40.62986,-73.97904,1,0,1,1,4062,-7397,0.38666666666666666
2022-09-14T00:00:00.000,20:30,40.760067,-73.969215,0,0,0,0,4076,-7396,0.3023255813953488
2022-09-23T00:00:00.000,19:02,40.601303,-74.13244,1,0,1,1,4060,-7413,0.41935483870967744
2022-09-09T00:00:00.000,15:18,40.771328,-73.90391,1,0,1,1,4077,-7390,0.3404255319148936
2022-07-23T00:00:00.000,8:00,40.723984,-73.97581,0,0,0,0,4072,-7397,0.3283582089552239
2022-09-12T00:00:00.000,18:00,40.815754,-73.89529,0,0,0,0,4081,-7389,0.31543624161073824
2022-09-19T00:00:00.000,13:02,40.64759,-74.01142,0,0,0,0,4064,-7401,0.4295774647887324
2022-09-21T00:00:00.000,11:27,40.768402,-73.808556,1,0,1,1,4076,-7380,0.4
2022-08-30T00:00:00.000,12:00,40.68464,-73.93168,0,0,0,0,4068,-7393,0.3619047619047619
2022-08-14T00:00:00.000,13:00,40.647068,-73.993935,0,0,0,0,4064,-7399,0.3442622950819672
2022-09-20T00:00:00.000,11:10,40.515125,-74.24635,1,0,1,1,4051,-7424,0.21428571428571427
2022-08-23T00:00:00.000,14:54,40.821667,-73.89771,0,0,0,0,4082,-7389,0.37423312883435583
2022-09-23T00:00:00.000,11:46,40.659325,-73.92924,0,0,0,0,4065,-7392,0.35555555555555557
2022-09-21T00:00:00.000,13:00,40.67239,-73.87463,0,0,0,0,4067,-7387,0.30344827586206896
2022-09-20T00:00:00.000,16:15,40.644432,-73.9296,0,0,0,0,4064,-7392,0.4077669902912621
2022-09-21T00:00:00.000,15:33,40.814102,-73.940865,1,0,1,1,4081,-7394,0.38
2022-09-21T00:00:00.000,7:00,40.662174,-73.953705,5,0,1,1,4066,-7395,0.44375
2022-09-23T00:00:00.000,20:30,40.699688,-73.73575,0,0,0,0,4069,-7373,0.36585365853658536
2022-09-21T00:00:00.000,15:30,40.7473,-73.828995,1,0,1,1,4074,-7382,0.4057971014492754
2022-09-21T00:00:00.000,18:30,40.747627,-73.976746,0,0,0,0,4074,-7397,0.4810810810810811
2022-09-20T00:00:00.000,10:00,40.84152,-73.84335,0,0,0,0,4084,-7384,0.4222222222222222
2022-05-02T00:00:00.000,13:24,0.0,0.0,2,0,1,1,0,0,0.40425531914893614
2022-09-23T00:00:00.000,15:05,40.667576,-73.72951,1,0,1,1,4066,-7372,0.6190476190476191
2022-09-23T00:00:00.000,8:50,40.696033,-73.984535,1,0,1,1,4069,-7398,0.3229166666666667
2022-09-09T00:00:00.000,22:00,40.707355,-74.00119,0,0,0,0,4070,-7400,0.2542372881355932
2022-09-18T00:00:00.000,2:45,40.65081,-73.9493,1,0,1,1,4065,-7394,0.43137254901960786
2022-09-21T00:00:00.000,9:52,40.858707,-73.9037,1,0,1,1,4085,-7390,0.42207792207792205
2022-09-23T00:00:00.000,14:00,40.77314,-73.795,1,0,1,1,4077,-7379,0.5
2022-09-21T00:00:00.000,6:30,40.67221,-73.92802,0,0,0,0,4067,-7392,0.39655172413793105
2022-09-19T00:00:00.000,20:00,40.721516,-73.94221,0,0,0,0,4072,-7394,0.19801980198019803
2022-09-01T00:00:00.000,13:45,40.82032,-73.93804,1,0,1,1,4082,-7393,0.36645962732919257
2022-09-23T00:00:00.000,16:40,0.0,0.0,1,0,1,1,0,0,0.40425531914893614
2022-09-22T00:00:00.000,15:22,40.611584,-73.94787,2,0,1,1,4061,-7394,0.48484848484848486
2022-09-22T00:00:00.000,8:30,40.758007,-73.96625,0,0,0,0,4075,-7396,0.4788732394366197
2022-09-21T00:00:00.000,20:28,40.77981,-73.95035,1,0,1,1,4077,-7395,0.3384615384615385
2022-09-17T00:00:00.000,11:58,40.725243,-74.01006,1,0,1,1,4072,-7401,0.4
2022-09-16T00:00:00.000,12:15,40.69613,-73.987114,0,0,0,0,4069,-7398,0.3229166666666667
2022-09-21T00:00:00.000,22:25,40.881073,-73.878494,0,0,0,0,4088,-7387,0.14583333333333334
2022-09-20T00:00:00.000,10:20,40.785805,-73.97268,0,0,0,0,4078,-7397,0.3434343434343434
2022-09-23T00:00:00.000,0:38,40.62332,-74.16754,0,0,0,0,4062,-7416,0.24444444444444444
2022-09-19T00:00:00.000,3:25,40.58271,-74.10062,0,0,0,0,4058,-7410,0.3076923076923077
2022-09-21T00:00:00.000,16:50,40.604485,-73.93974,0,0,0,0,4060,-7393,0.4117647058823529
2022-01-10T00:00:00.000,22:00,40.8947,-73.85606,0,0,0,0,4089,-7385,0.3813559322033898
2022-04-07T00:00:00.000,23:30,40.8541,-73.919106,0,0,0,0,4085,-7391,0.373134328358209
2022-09-20T00:00:00.000,17:54,40.677406,-73.983055,0,0,0,0,4067,-7398,0.3655913978494624
2022-09-21T00:00:00.000,11:52,40.65133,-73.90607,0,0,0,0,4065,-7390,0.375
2022-09-23T00:00:00.000,7:40,40.625824,-73.92762,1,0,1,1,4062,-7392,0.3611111111111111
2022-09-18T00:00:00.000,6:50,40.670727,-73.91732,1,0,1,1,4067,-7391,0.36597938144329895
2022-09-20T00:00:00.000,12:17,40.763023,-73.97815,1,0,1,1,4076,-7397,0.37
2022-09-23T00:00:00.000,12:19,40.757385,-73.98226,0,0,0,0,4075,-7398,0.3170731707317073
2022-09-14T00:00:00.000,6:00,40.896366,-73.86295,0,0,0,0,4089,-7386,0.28205128205128205
2022-09-17T00:00:00.000,11:55,40.712948,-73.90693,0,0,0,0,4071,-7390,0.4
2022-09-22T00:00:00.000,11:15,40.843525,-73.89667,0,0,0,0,4084,-7389,0.33766233766233766
2022-09-21T00:00:00.000,16:00,40.717445,-74.00354,0,0,0,0,4071,-7400,0.25517241379310346
2022-09-15T00:00:00.000,10:00,40.73059,-73.99242,1,0,1,1,4073,-7399,0.423728813559322
2022-09-23T00:00:00.000,21:00,40.883293,-73.87963,0,0,0,0,4088,-7387,0.14583333333333334
2022-09-15T00:00:00.000,19:26,40.69375,-73.9372,0,0,0,0,4069,-7393,0.3141025641025641
2022-09-23T00:00:00.000,22:50,40.61207,-73.93645,0,0,0,0,4061,-7393,0.34285714285714286
2022-09-21T00:00:00.000,15:55,40.821438,-73.94857,1,0,1,1,4082,-7394,0.3812154696132597
2022-09-23T00:00:00.000,10:14,40.724934,-73.82976,1,0,1,1,4072,-7382,0.45454545454545453
2022-09-21T00:00:00.000,13:20,40.71988,-73.98172,1,0,1,1,4071,-7398,0.39568345323741005
2022-09-19T00:00:00.000,11:45,40.898075,-73.8691,0,0,0,0,4089,-7386,0.28205128205128205
2022-09-21T00:00:00.000,11:30,40.7055,-73.78886,0,0,0,0,4070,-7378,0.34523809523809523
2022-09-22T00:00:00.000,20:26,40.878826,-73.8829,2,0,1,1,4087,-7388,0.3561643835616438
2022-09-21T00:00:00.000,9:55,40.738796,-73.97716,0,0,0,0,4073,-7397,0.32558139534883723
2022-09-22T00:00:00.000,12:30,40.844875,-73.8678,0,0,0,0,4084,-7386,0.375
2022-09-21T00:00:00.000,19:33,40.684574,-73.844925,0,0,0,0,4068,-7384,0.3333333333333333
2022-08-26T00:00:00.000,9:47,40.821297,-73.88542,0,0,0,0,4082,-7388,0.27624309392265195
2022-09-20T00:00:00.000,12:00,40.62792,-73.99857,0,0,0,0,4062,-7399,0.3835616438356164
2022-07-03T00:00:00.000,6:30,40.84763,-73.866005,0,0,0,0,4084,-7386,0.375
2022-09-21T00:00:00.000,19:15,40.833385,-73.902664,0,0,0,0,4083,-7390,0.3064516129032258
2022-09-21T00:00:00.000,14:16,40.693604,-73.99275,1,0,1,1,4069,-7399,0.29473684210526313
2022-09-21T00:00:00.000,21:10,40.765015,-73.98484,0,0,0,0,4076,-7398,0.3081761006289308
2022-09-18T00:00:00.000,23:07,40.81636,-73.891815,0,0,0,0,4081,-7389,0.31543624161073824
2022-09-23T00:00:00.000,13:00,40.66065,-73.76987,0,0,0,0,4066,-7376,0.30434782608695654
2022-09-22T00:00:00.000,10:30,40.59792,-73.9688,0,0,0,0,4059,-7396,0.38596491228070173
2022-09-21T00:00:00.000,13:50,40.72921,-73.781166,1,0,1,1,4072,-7378,0.4
2022-09-08T00:00:00.000,14:40,40.890545,-73.84087,0,0,0,0,4089,-7384,0.3333333333333333
2022-09-18T00:00:00.000,17:15,40.732315,-74.00052,1,0,1,1,4073,-7400,0.2403846153846154
2022-09-16T00:00:00.000,21:10,40.88454,-73.86229,1,0,1,1,4088,-7386,0.23809523809523808
2022-09-21T00:00:00.000,10:45,40.759163,-73.988396,1,0,1,1,4075,-7398,0.3170731707317073
2022-09-21T00:00:00.000,8:40,40.647625,-73.97727,1,0,1,1,4064,-7397,0.4095238095238095
2022-09-21T00:00:00.000,16:50,40.752686,-73.863144,1,0,1,1,4075,-7386,0.33653846153846156
2022-09-22T00:00:00.000,19:00,40.85713,-73.8808,0,0,0,0,4085,-7388,0.3
2022-09-21T00:00:00.000,7:30,40.652767,-73.8863,0,0,0,0,4065,-7388,0.41509433962264153
2022-09-21T00:00:00.000,10:50,40.727207,-73.90742,1,0,1,1,4072,-7390,0.2978723404255319
2022-09-22T00:00:00.000,9:00,40.729736,-73.98485,0,0,0,0,4072,-7398,0.4342105263157895
2022-09-22T00:00:00.000,14:20,40.763733,-73.962074,0,0,0,0,4076,-7396,0.3023255813953488
2022-09-23T00:00:00.000,3:50,40.703175,-73.7483,0,0,0,0,4070,-7374,0.3333333333333333
2022-09-11T00:00:00.000,16:35,40.68064,-73.95338,1,0,1,1,4068,-7395,0.38571428571428573
2022-09-23T00:00:00.000,12:23,40.766144,-73.915146,0,0,0,0,4076,-7391,0.40476190476190477
2022-09-22T00:00:00.000,19:39,40.66386,-73.92456,2,0,1,1,4066,-7392,0.355
2022-09-23T00:00:00.000,22:00,40.695255,-73.75554,1,0,1,1,4069,-7375,0.3584905660377358
2022-09-23T00:00:00.000,0:00,40.662533,-73.94792,1,0,1,1,4066,-7394,0.36792452830188677
2021-12-22T00:00:00.000,0:38,40.764896,-73.97256,0,0,0,0,4076,-7397,0.37
2022-01-06T00:00:00.000,16:00,40.60288,-74.00244,0,0,0,0,4060,-7400,0.24074074074074073
2022-01-07T00:00:00.000,17:45,40.830765,-73.90863,0,0,0,0,4083,-7390,0.3064516129032258
2022-01-08T00:00:00.000,16:25,40.820133,-73.91307,0,0,0,0,4082,-7391,0.3355263157894737
2022-01-10T00:00:00.000,13:45,40.74395,-73.89768,0,0,0,0,4074,-7389,0.3203125
2022-01-10T00:00:00.000,20:37,40.681515,-73.90412,1,0,1,1,4068,-7390,0.4421052631578947
2022-01-10T00:00:00.000,6:54,40.726387,-73.94883,0,0,0,0,4072,-7394,0.19801980198019803
2021-11-03T00:00:00.000,16:28,40.684513,-73.909386,0,0,0,0,4068,-7390,0.4421052631578947
2021-01-12T00:00:00.000,3:00,40.724464,-73.95118,0,0,0,0,4072,-7395,0.22093023255813954
2022-01-04T00:00:00.000,5:10,40.598904,-74.00712,0,0,0,0,4059,-7400,0.2962962962962963
2022-01-07T00:00:00.000,7:49,40.792606,-73.94712,0,0,0,0,4079,-7394,0.3523809523809524
2022-02-20T00:00:00.000,20:06,40.667988,-73.90447,0,0,0,0,4066,-7390,0.2777777777777778
2022-02-17T00:00:00.000,20:29,40.877632,-73.867386,1,0,1,1,4087,-7386,0.3142857142857143
2022-02-20T00:00:00.000,15:00,40.75681,-73.81027,0,0,0,0,4075,-7381,0.35
2022-02-20T00:00:00.000,17:15,40.744167,-73.91248,0,0,0,0,4074,-7391,0.38333333333333336
2022-02-20T00:00:00.000,21:15,40.739773,-73.83031,0,0,0,0,4073,-7383,0.36363636363636365
2022-02-20T00:00:00.000,7:27,40.743782,-73.97352,0,0,0,0,4074,-7397,0.4810810810810811
2022-02-15T00:00:00.000,14:41,0.0,0.0,0,0,0,0,0,0,0.40425531914893614
2022-09-20T00:00:00.000,7:00,40.877686,-73.86756,1,0,1,1,4087,-7386,0.3142857142857143
2022-09-22T00:00:00.000,19:46,40.750916,-73.87317,0,0,0,0,4075,-7387,0.33884297520661155
2022-09-22T00:00:00.000,8:15,40.80777,-73.94549,0,0,0,0,4080,-7394,0.41116751269035534
2022-09-20T00:00:00.000,12:30,40.706493,-73.90285,1,0,1,1,4070,-7390,0.37894736842105264
2022-09-23T00:00:00.000,14:43,0.0,0.0,1,0,1,1,0,0,0.40425531914893614
2022-09-22T00:00:00.000,8:13,40.67847,-73.91426,1,0,1,1,4067,-7391,0.36597938144329895
2022-09-18T00:00:00.000,12:00,40.639503,-73.987465,0,0,0,0,4063,-7398,0.4827586206896552
2022-09-19T00:00:00.000,15:11,40.645348,-74.01375,1,0,1,1,4064,-7401,0.4295774647887324
2022-04-06T00:00:00.000,2:05,40.760048,-73.878334,0,0,0,0,4076,-7387,0.48214285714285715
2022-01-10T00:00:00.000,16:15,40.714203,-73.956474,1,0,1,1,4071,-7395,0.36585365853658536
2022-01-10T00:00:00.000,1:33,40.787506,-73.9383,0,0,0,0,4078,-7393,0.4444444444444444
2022-01-10T00:00:00.000,21:10,40.61212,-73.98323,1,0,1,1,4061,-7398,0.3698630136986301
2021-12-01T00:00:00.000,15:11,40.825577,-73.918465,0,0,0,0,4082,-7391,0.3355263157894737
2022-01-10T00:00:00.000,0:15,40.741135,-73.8986,0,0,0,0,4074,-7389,0.3203125
2022-01-10T00:00:00.000,9:25,40.717358,-73.82171,0,0,0,0,4071,-7382,0.379746835443038
2022-01-10T00:00:00.000,10:00,40.663204,-73.90447,0,0,0,0,4066,-7390,0.2777777777777778
2021-01-08T00:00:00.000,12:20,40.654846,-73.88569,1,0,1,1,4065,-7388,0.41509433962264153
2022-01-10T00:00:00.000,0:43,40.715004,-73.75719,0,0,0,0,4071,-7375,0.3269230769230769
2022-01-10T00:00:00.000,18:38,40.672043,-73.89487,1,0,1,1,4067,-7389,0.33852140077821014
2021-12-24T00:00:00.000,9:00,40.6826,-73.95597,0,0,0,0,4068,-7395,0.38571428571428573
2021-12-28T00:00:00.000,3:00,40.700424,-73.9444,0,0,0,0,4070,-7394,0.3956043956043956
2022-01-10T00:00:00.000,1:25,40.72255,-74.00631,0,0,0,0,4072,-7400,0.32926829268292684
2022-01-10T00:00:00.000,8:40,40.70097,-73.81423,0,0,0,0,4070,-7381,0.3194444444444444
2022-01-10T00:00:00.000,11:50,40.70973,-74.013824,0,0,0,0,4070,-7401,0.140625
2022-01-10T00:00:00.000,12:28,40.69876,-73.89288,0,0,0,0,4069,-7389,0.3709677419354839
2022-01-10T00:00:00.000,10:16,40.697144,-73.8917,0,0,0,0,4069,-7389,0.3709677419354839
2022-01-10T00:00:00.000,5:55,40.690517,-73.84766,0,0,0,0,4069,-7384,0.26666666666666666
2022-01-10T00:00:00.000,1:37,40.867474,-73.89741,1,0,1,1,4086,-7389,0.40606060606060607
2022-01-10T00:00:00.000,2:39,40.702667,-73.86516,1,0,1,1,4070,-7386,0.38235294117647056
2022-01-10T00:00:00.000,7:58,40.669918,-73.91889,0,0,0,0,4066,-7391,0.3630952380952381
2022-01-10T00:00:00.000,15:15,40.611954,-73.96817,1,0,1,1,4061,-7396,0.30666666666666664
2022-01-10T00:00:00.000,6:00,40.803593,-73.919785,0,0,0,0,4080,-7391,0.38961038961038963
2022-01-10T00:00:00.000,16:20,40.852306,-73.89811,0,0,0,0,4085,-7389,0.3353658536585366
2022-01-08T00:00:00.000,14:45,40.827866,-73.823586,1,0,1,1,4082,-7382,0.46153846153846156
2022-01-10T00:00:00.000,16:40,40.722584,-73.8509,0,0,0,0,4072,-7385,0.4418604651162791
2022-01-09T00:00:00.000,6:15,40.865406,-73.86838,0,0,0,0,4086,-7386,0.4642857142857143
2022-01-10T00:00:00.000,5:30,40.743397,-73.88388,1,0,1,1,4074,-7388,0.2978723404255319
2022-01-10T00:00:00.000,12:20,40.587067,-74.09162,0,0,0,0,4058,-7409,0.15625
2022-01-10T00:00:00.000,21:00,40.549084,-74.1621,0,0,0,0,4054,-7416,0.42857142857142855
2022-01-10T00:00:00.000,9:00,40.760704,-73.858246,0,0,0,0,4076,-7385,0.2727272727272727
2022-01-08T00:00:00.000,15:06,40.701588,-73.7544,1,0,1,1,4070,-7375,0.4117647058823529
2022-01-10T00:00:00.000,8:45,40.700325,-73.78904,0,0,0,0,4070,-7378,0.34523809523809523
2022-01-10T00:00:00.000,14:48,40.63982,-74.02443,0,0,0,0,4063,-7402,0.3877551020408163
2022-01-10T00:00:00.000,8:00,40.602135,-74.114876,0,0,0,0,4060,-7411,0.35714285714285715
2022-01-10T00:00:00.000,17:30,40.758392,-73.781456,1,0,1,1,4075,-7378,0.18518518518518517
2022-01-10T00:00:00.000,10:12,40.605698,-73.95866,1,0,1,1,4060,-7395,0.4791666666666667
2022-01-10T00:00:00.000,6:50,40.722576,-73.94049,2,0,1,1,4072,-7394,0.19801980198019803
2022-01-09T00:00:00.000,14:50,40.67989,-73.94034,0,0,0,0,4067,-7394,0.34074074074074073
2022-01-10T00:00:00.000,18:58,40.686863,-73.96448,1,0,1,1,4068,-7396,0.42567567567567566
2022-01-04T00:00:00.000,17:00,40.71001,-73.79474,1,0,1,1,4071,-7379,0.3888888888888889
2022-09-22T00:00:00.000,2:00,40.66858,-73.84223,2,0,1,1,4066,-7384,0.5925925925925926
2022-01-10T00:00:00.000,22:00,40.666348,-73.76093,0,0,0,0,4066,-7376,0.30434782608695654
2022-01-10T00:00:00.000,20:35,40.720173,-73.98865,0,0,0,0,4072,-7398,0.4342105263157895
2022-01-10T00:00:00.000,15:08,40.672176,-73.89397,0,0,0,0,4067,-7389,0.33852140077821014
2022-01-09T00:00:00.000,14:14,40.68963,-73.98575,0,0,0,0,4068,-7398,0.3873239436619718
2022-01-10T00:00:00.000,10:55,40.641346,-73.99807,1,0,1,1,4064,-7399,0.3442622950819672
2022-01-10T00:00:00.000,10:00,40.73791,-73.77444,1,0,1,1,4073,-7377,0.5789473684210527
2022-01-10T00:00:00.000,20:45,40.644047,-73.9875,1,0,1,1,4064,-7398,0.40425531914893614
2022-01-10T00:00:00.000,22:34,0.0,0.0,0,0,0,0,0,0,0.40425531914893614
2022-01-05T00:00:00.000,9:58,40.600716,-74.19508,1,0,1,1,4060,-7419,0.6666666666666666
2022-01-10T00:00:00.000,0:20,40.631577,-74.185005,1,0,1,1,4063,-7418,1.0
2022-01-10T00:00:00.000,16:41,40.74273,-73.91499,0,0,0,0,4074,-7391,0.38333333333333336
2021-12-30T00:00:00.000,9:25,40.69299,-73.95583,0,0,0,0,4069,-7395,0.30952380952380953
2021-12-11T00:00:00.000,19:10,40.76159,-73.871216,1,0,1,1,4076,-7387,0.48214285714285715
2022-01-10T00:00:00.000,0:31,40.831173,-73.88829,0,0,0,0,4083,-7388,0.26717557251908397
2022-01-10T00:00:00.000,13:31,40.696617,-73.73227,0,0,0,0,4069,-7373,0.36585365853658536
2022-01-10T00:00:00.000,18:21,40.648956,-73.88301,0,0,0,0,4064,-7388,0.3225806451612903
2022-01-10T00:00:00.000,23:50,40.768642,-73.949036,1,0,1,1,4076,-7394,0.4583333333333333
2022-01-08T00:00:00.000,14:05,40.640945,-73.94852,1,0,1,1,4064,-7394,0.42342342342342343
2022-01-07T00:00:00.000,8:25,40.653103,-73.9257,0,0,0,0,4065,-7392,0.35555555555555557
2022-01-10T00:00:00.000,4:19,40.760704,-73.858246,0,0,0,0,4076,-7385,0.2727272727272727
2022-01-10T00:00:00.000,8:39,40.881504,-73.879364,0,0,0,0,4088,-7387,0.14583333333333334
2022-01-10T00:00:00.000,9:30,40.683933,-73.91228,1,0,1,1,4068,-7391,0.344
2022-01-10T00:00:00.000,13:30,40.80844,-73.96489,0,0,0,0,4080,-7396,0.31343283582089554
2022-01-05T00:00:00.000,7:24,40.72823,-73.83313,0,0,0,0,4072,-7383,0.4909090909090909
2022-01-10T00:00:00.000,6:45,40.742508,-73.8821,0,0,0,0,4074,-7388,0.2978723404255319
2022-01-10T00:00:00.000,10:41,40.881306,-73.90009,1,0,1,1,4088,-7390,0.2702702702702703
2022-01-10T00:00:00.000,12:36,40.692066,-73.810165,0,0,0,0,4069,-7381,0.3902439024390244
2022-01-10T00:00:00.000,9:30,40.635387,-74.02523,0,0,0,0,4063,-7402,0.3877551020408163
2022-01-10T00:00:00.000,15:00,40.59758,-73.94813,0,0,0,0,4059,-7394,0.275
2021-12-14T00:00:00.000,3:15,40.672516,-73.93356,0,0,0,0,4067,-7393,0.3755868544600939
2022-01-09T00:00:00.000,14:45,40.84509,-73.936844,0,0,0,0,4084,-7393,0.32786885245901637
2022-01-10T00:00:00.000,16:09,40.699936,-73.82516,0,0,0,0,4069,-7382,0.37209302325581395
2022-01-10T00:00:00.000,7:45,40.592552,-73.78702,0,0,0,0,4059,-7378,0.14705882352941177
2022-01-03T00:00:00.000,20:00,40.75067,-73.863106,0,0,0,0,4075,-7386,0.33653846153846156
2022-01-10T00:00:00.000,20:20,40.860664,-73.92171,0,0,0,0,4086,-7392,0.359375
2022-02-20T00:00:00.000,4:00,40.68536,-73.88221,2,0,1,1,4068,-7388,0.36538461538461536
2022-02-20T00:00:00.000,1:17,40.676815,-73.82338,2,0,1,1,4067,-7382,0.4186046511627907
2022-01-10T00:00:00.000,6:00,40.703957,-73.8957,0,0,0,0,4070,-7389,0.2711864406779661
2022-01-10T00:00:00.000,17:41,40.57522,-73.997505,0,0,0,0,4057,-7399,0.32558139534883723
2022-01-10T00:00:00.000,13:13,40.86595,-73.85576,0,0,0,0,4086,-7385,0.5
2021-10-18T00:00:00.000,20:50,40.6655296,-73.7446592,0,0,0,0,4066,-7374,0.3698630136986301
2022-01-10T00:00:00.000,12:00,40.724873,-74.001656,0,0,0,0,4072,-7400,0.32926829268292684
2021-09-03T00:00:00.000,15:40,40.8239402,-73.9485521,1,0,1,1,4082,-7394,0.3812154696132597
2022-01-10T00:00:00.000,17:50,40.864655,-73.863556,0,0,0,0,4086,-7386,0.4642857142857143
2022-01-10T00:00:00.000,21:50,40.649986,-73.93215,1,0,1,1,4064,-7393,0.3333333333333333
2021-10-18T00:00:00.000,16:25,40.6660744,-73.8415842,1,0,1,1,4066,-7384,0.5925925925925926
2021-10-18T00:00:00.000,21:40,40.6392099,-74.0198264,0,0,0,0,4063,-7401,0.37777777777777777
2021-10-10T00:00:00.000,5:30,40.6070995,-74.0609903,0,0,0,0,4060,-7406,0.3076923076923077
2021-10-18T00:00:00.000,14:25,40.6903696,-73.927546,0,0,0,0,4069,-7392,0.3584905660377358
2021-10-18T00:00:00.000,18:30,40.7014101,-73.9433975,0,0,0,0,4070,-7394,0.3956043956043956
2021-10-18T00:00:00.000,16:57,40.8216382,-73.9390768,1,0,1,1,4082,-7393,0.36645962732919257
2021-10-18T00:00:00.000,22:29,40.7452528,-73.8700626,0,0,0,0,4074,-7387,0.25663716814159293
2021-12-07T00:00:00.000,23:38,40.683685,-73.89052,3,0,1,1,4068,-7389,0.5
2021-12-11T00:00:00.000,16:50,40.586376,-73.952255,0,0,0,0,4058,-7395,0.3465346534653465
2021-12-11T00:00:00.000,10:30,40.82327,-73.88776,0,0,0,0,4082,-7388,0.27624309392265195
2021-12-11T00:00:00.000,22:15,40.74743,-73.925476,0,0,0,0,4074,-7392,0.3709677419354839
2021-12-11T00:00:00.000,17:35,40.706345,-73.85159,0,0,0,0,4070,-7385,0.39436619718309857
2022-01-10T00:00:00.000,6:55,40.75781,-73.86174,0,0,0,0,4075,-7386,0.33653846153846156
2022-01-10T00:00:00.000,15:30,40.69622,-73.89988,3,0,1,1,4069,-7389,0.3709677419354839
2022-01-09T00:00:00.000,20:00,40.716713,-73.82782,0,0,0,0,4071,-7382,0.379746835443038
2022-01-10T00:00:00.000,10:00,40.693203,-73.953995,0,0,0,0,4069,-7395,0.30952380952380953
2022-01-10T00:00:00.000,14:50,40.73138,-73.87782,0,0,0,0,4073,-7387,0.3140495867768595
2022-01-10T00:00:00.000,1:15,40.533157,-74.15504,2,0,1,1,4053,-7415,0.2222222222222222
2022-01-10T00:00:00.000,6:10,40.723648,-73.99103,0,0,0,0,4072,-7399,0.3829787234042553
2022-01-10T00:00:00.000,14:30,40.76436,-73.74748,1,0,1,1,4076,-7374,0.46153846153846156
2022-01-10T00:00:00.000,1:13,40.85592,-73.9172,0,0,0,0,4085,-7391,0.373134328358209
2022-01-10T00:00:00.000,8:20,40.846504,-73.82629,1,0,1,1,4084,-7382,0.4
2022-01-10T00:00:00.000,13:50,40.86536,-73.87043,0,0,0,0,4086,-7387,0.34545454545454546
2022-01-10T00:00:00.000,12:00,40.797688,-73.93344,0,0,0,0,4079,-7393,0.36585365853658536
2021-12-14T00:00:00.000,12:15,40.783844,-73.979996,0,0,0,0,4078,-7397,0.3434343434343434
2022-01-04T00:00:00.000,15:55,40.74701,-73.977196,1,0,1,1,4074,-7397,0.4810810810810811
2022-01-10T00:00:00.000,0:23,40.64802,-73.979546,1,0,1,1,4064,-7397,0.4095238095238095
2021-09-07T00:00:00.000,21:45,40.666748,-73.764534,0,0,0,0,4066,-7376,0.30434782608695654
2022-01-10T00:00:00.000,11:33,40.742252,-73.97769,0,0,0,0,4074,-7397,0.4810810810810811
2022-01-10T00:00:00.000,7:50,40.784657,-73.8523,0,0,0,0,4078,-7385,0.0
2022-01-10T00:00:00.000,11:45,40.650352,-73.92616,0,0,0,0,4065,-7392,0.35555555555555557
2022-01-10T00:00:00.000,8:30,40.661983,-73.90198,4,0,1,1,4066,-7390,0.2777777777777778
2022-01-10T00:00:00.000,8:00,40.743137,-73.82973,0,0,0,0,4074,-7382,0.4057971014492754
2022-01-10T00:00:00.000,14:11,40.657795,-73.86847,0,0,0,0,4065,-7386,0.36619718309859156
2022-01-10T00:00:00.000,19:07,40.674397,-73.896515,1,0,1,1,4067,-7389,0.33852140077821014
2022-01-10T00:00:00.000,2:35,40.68046,-73.96136,0,0,0,0,4068,-7396,0.42567567567567566
2022-01-10T00:00:00.000,20:00,40.66495,-73.92288,1,0,1,1,4066,-7392,0.355
2022-01-10T00:00:00.000,15:51,40.789444,-73.98212,2,0,1,1,4078,-7398,0.42105263157894735
2022-01-07T00:00:00.000,0:00,40.654343,-73.94995,0,0,0,0,4065,-7394,0.43137254901960786
2021-06-18T00:00:00.000,17:00,40.65753,-73.73862,1,0,1,1,4065,-7373,0.3
2021-06-26T00:00:00.000,1:23,40.77202,-73.956024,0,0,0,0,4077,-7395,0.3384615384615385
2021-06-16T00:00:00.000,17:39,40.753555,-73.70362,1,0,1,1,4075,-7370,0.4166666666666667
2021-10-19T00:00:00.000,1:30,40.6366392,-74.0275995,0,0,0,0,4063,-7402,0.3877551020408163
2021-06-28T00:00:00.000,4:20,40.77512,-73.806694,0,0,0,0,4077,-7380,0.25
2021-06-23T00:00:00.000,23:04,40.610165,-73.92289,0,0,0,0,4061,-7392,0.2982456140350877
2021-06-28T00:00:00.000,16:17,40.59981,-74.00857,1,0,1,1,4059,-7400,0.2962962962962963
2021-06-28T00:00:00.000,9:05,40.702614,-73.96058,0,0,0,0,4070,-7396,0.3431372549019608
2021-06-23T00:00:00.000,15:39,40.68544,-73.97228,1,0,1,1,4068,-7397,0.3412322274881517
2021-06-28T00:00:00.000,10:20,40.85696,-73.89021,0,0,0,0,4085,-7389,0.3353658536585366
2021-06-28T00:00:00.000,8:00,40.75134,-73.93746,0,0,0,0,4075,-7393,0.43478260869565216
2021-06-28T00:00:00.000,3:20,40.75425,-73.96899,0,0,0,0,4075,-7396,0.4788732394366197
2021-05-26T00:00:00.000,16:35,40.671032,-73.93927,0,0,0,0,4067,-7393,0.3755868544600939
2021-06-28T00:00:00.000,12:44,40.583992,-73.96752,0,0,0,0,4058,-7396,0.37333333333333335
2021-06-28T00:00:00.000,15:00,40.68191,-74.00504,0,0,0,0,4068,-7400,0.3333333333333333
2021-06-28T00:00:00.000,12:11,40.786423,-73.82394,0,0,0,0,4078,-7382,0.3
2021-06-28T00:00:00.000,6:45,40.744015,-74.00851,1,0,1,1,4074,-7400,0.27710843373493976
2021-06-28T00:00:00.000,6:40,40.78569,-73.7872,1,0,1,1,4078,-7378,0.4375
2021-06-28T00:00:00.000,4:25,40.859566,-73.86855,0,0,0,0,4085,-7386,0.33766233766233766
2021-06-28T00:00:00.000,16:20,40.76222,-73.97875,1,0,1,1,4076,-7397,0.37
2021-06-28T00:00:00.000,13:20,40.85225,-73.89928,0,0,0,0,4085,-7389,0.3353658536585366
2021-06-27T00:00:00.000,18:27,40.671566,-73.79031,1,0,1,1,4067,-7379,0.4264705882352941
2021-06-21T00:00:00.000,15:00,40.759514,-73.99926,0,0,0,0,4075,-7399,0.2830188679245283
2021-06-28T00:00:00.000,12:45,40.694183,-73.78953,1,0,1,1,4069,-7378,0.29310344827586204
2021-06-28T00:00:00.000,0:00,40.820293,-73.94378,0,0,0,0,4082,-7394,0.3812154696132597
2021-06-27T00:00:00.000,11:00,40.811367,-73.95402,1,0,1,1,4081,-7395,0.3509933774834437
2021-06-27T00:00:00.000,22:05,40.706657,-74.015915,0,0,0,0,4070,-7401,0.140625
2021-06-28T00:00:00.000,16:00,40.741528,-73.98753,1,0,1,1,4074,-7398,0.40131578947368424
2021-06-28T00:00:00.000,16:00,40.76416,-73.968895,0,0,0,0,4076,-7396,0.3023255813953488
2021-06-25T00:00:00.000,21:25,40.74956,-73.9813,0,0,0,0,4074,-7398,0.40131578947368424
2021-06-14T00:00:00.000,13:30,40.678394,-73.94692,1,0,1,1,4067,-7394,0.34074074074074073
2021-12-11T00:00:00.000,17:00,40.86219,-73.8717,4,0,1,1,4086,-7387,0.34545454545454546
2021-06-28T00:00:00.000,21:15,40.70377,-73.93116,3,0,1,1,4070,-7393,0.3300970873786408
2021-06-28T00:00:00.000,13:04,40.71509,-74.01596,0,0,0,0,4071,-7401,0.3181818181818182
2021-06-28T00:00:00.000,23:00,40.672688,-73.73544,3,0,1,1,4067,-7373,0.46835443037974683
2021-06-28T00:00:00.000,12:50,40.826275,-73.85971,0,0,0,0,4082,-7385,0.27
2021-06-28T00:00:00.000,12:50,40.747627,-73.976746,0,0,0,0,4074,-7397,0.4810810810810811
2021-06-27T00:00:00.000,13:47,40.837894,-73.88138,0,0,0,0,4083,-7388,0.26717557251908397
2021-06-28T00:00:00.000,23:00,40.626034,-73.98327,0,0,0,0,4062,-7398,0.38
2021-06-23T00:00:00.000,3:55,40.57686,-73.98266,1,0,1,1,4057,-7398,0.36904761904761907
2021-06-28T00:00:00.000,10:45,40.744244,-73.82954,0,0,0,0,4074,-7382,0.4057971014492754
2021-06-28T00:00:00.000,5:30,40.895367,-73.86072,0,0,0,0,4089,-7386,0.28205128205128205
2021-06-22T00:00:00.000,19:00,40.6101,-74.11668,0,0,0,0,4061,-7411,0.36
2021-06-08T00:00:00.000,13:00,40.67753,-73.73085,0,0,0,0,4067,-7373,0.46835443037974683
2021-06-28T00:00:00.000,8:02,40.652565,-73.95108,0,0,0,0,4065,-7395,0.38686131386861317
2021-06-28T00:00:00.000,8:15,40.676495,-73.913704,0,0,0,0,4067,-7391,0.36597938144329895
2021-06-28T00:00:00.000,19:27,40.637455,-73.92886,1,1,2,1,4063,-7392,0.4036697247706422
2021-06-28T00:00:00.000,11:40,40.79507,-73.93919,1,0,1,1,4079,-7393,0.36585365853658536
2021-06-28T00:00:00.000,14:36,40.67189,-73.895874,0,0,0,0,4067,-7389,0.33852140077821014
2021-06-24T00:00:00.000,13:40,40.73251,-73.857056,1,0,1,1,4073,-7385,0.3619047619047619
2021-06-25T00:00:00.000,13:40,40.678722,-73.952995,0,0,0,0,4067,-7395,0.3695652173913043
2021-06-28T00:00:00.000,10:45,40.757168,-73.86743,0,0,0,0,4075,-7386,0.33653846153846156
2021-06-28T00:00:00.000,21:40,40.639645,-74.008835,0,0,0,0,4063,-7400,0.3068181818181818
2021-06-28T00:00:00.000,15:55,40.66546,-73.74246,0,0,0,0,4066,-7374,0.3698630136986301
2021-06-28T00:00:00.000,9:59,40.83928,-73.886604,1,0,1,1,4083,-7388,0.26717557251908397
2021-06-27T00:00:00.000,5:26,40.843678,-73.89426,0,0,0,0,4084,-7389,0.33766233766233766
2021-06-28T00:00:00.000,8:00,40.735134,-74.00607,0,0,0,0,4073,-7400,0.2403846153846154
2021-06-28T00:00:00.000,15:00,40.694126,-73.90581,0,0,0,0,4069,-7390,0.29591836734693877
2021-06-28T00:00:00.000,8:38,40.765427,-73.7246,0,0,0,0,4076,-7372,0.3333333333333333
2021-06-28T00:00:00.000,12:00,40.85391,-73.88364,0,0,0,0,4085,-7388,0.3
2021-06-28T00:00:00.000,8:25,40.728855,-73.92782,0,0,0,0,4072,-7392,0.4
2021-06-28T00:00:00.000,11:30,40.742874,-73.933945,1,0,1,1,4074,-7393,0.3333333333333333
2021-06-11T00:00:00.000,13:00,40.619205,-74.07719,0,0,0,0,4061,-7407,0.2
2021-06-28T00:00:00.000,8:45,40.65259,-73.950836,0,0,0,0,4065,-7395,0.38686131386861317
2021-06-28T00:00:00.000,16:00,40.658234,-73.9321,0,0,0,0,4065,-7393,0.44366197183098594
2021-06-28T00:00:00.000,12:00,40.594585,-73.90858,0,0,0,0,4059,-7390,0.23404255319148937
2021-06-24T00:00:00.000,0:00,0.0,0.0,0,0,0,0,0,0,0.40425531914893614
2021-06-26T00:00:00.000,6:00,40.86369,-73.91707,0,0,0,0,4086,-7391,0.38016528925619836
2021-06-28T00:00:00.000,7:00,40.577477,-74.10839,0,0,0,0,4057,-7410,0.3877551020408163
2021-06-26T00:00:00.000,14:20,40.59018,-74.10089,0,0,0,0,4059,-7410,0.2
2021-06-28T00:00:00.000,14:35,40.708424,-73.95791,2,0,1,1,4070,-7395,0.3475177304964539
2021-06-28T00:00:00.000,14:10,40.777042,-73.909584,0,0,0,0,4077,-7390,0.3404255319148936
2021-06-28T00:00:00.000,14:00,40.658707,-73.90602,0,0,0,0,4065,-7390,0.375
2021-06-12T00:00:00.000,21:30,40.675945,-73.94715,0,0,0,0,4067,-7394,0.34074074074074073
2021-06-28T00:00:00.000,0:17,40.62764,-73.89022,2,0,1,1,4062,-7389,0.3333333333333333
2021-06-17T00:00:00.000,17:04,40.668373,-73.92264,0,0,0,0,4066,-7392,0.355
2021-06-28T00:00:00.000,10:50,40.76285,-73.967735,1,0,1,1,4076,-7396,0.3023255813953488
2022-01-10T00:00:00.000,1:28,40.685566,-73.83343,1,0,1,1,4068,-7383,0.45454545454545453
2021-06-28T00:00:00.000,19:50,40.747234,-73.99337,0,0,0,0,4074,-7399,0.3333333333333333
2021-06-28T00:00:00.000,0:45,40.68971,-73.826866,0,0,0,0,4068,-7382,0.41975308641975306
2021-06-28T00:00:00.000,23:54,40.677597,-73.932365,0,0,0,0,4067,-7393,0.3755868544600939
2021-06-24T00:00:00.000,13:00,40.705254,-73.92535,0,0,0,0,4070,-7392,0.24305555555555555
2021-06-28T00:00:00.000,22:30,40.683315,-73.9689,0,0,0,0,4068,-7396,0.42567567567567566
2022-09-22T00:00:00.000,8:00,40.757004,-73.98718,0,0,0,0,4075,-7398,0.3170731707317073
2021-06-28T00:00:00.000,11:25,40.584003,-73.92157,2,0,1,1,4058,-7392,0.375
2021-06-28T00:00:00.000,11:19,40.84219,-73.89411,2,0,1,1,4084,-7389,0.33766233766233766
2021-06-28T00:00:00.000,4:21,40.700768,-73.990944,0,0,0,0,4070,-7399,0.21052631578947367
2021-06-28T00:00:00.000,10:52,40.841076,-73.93977,2,0,1,1,4084,-7393,0.32786885245901637
2021-06-27T00:00:00.000,16:14,40.72755,-73.80027,2,0,1,1,4072,-7380,0.2727272727272727
2022-01-10T00:00:00.000,18:00,40.666718,-73.89162,0,0,0,0,4066,-7389,0.3103448275862069
2021-06-28T00:00:00.000,15:00,40.649986,-73.93215,0,0,0,0,4064,-7393,0.3333333333333333
2021-06-28T00:00:00.000,22:00,40.7014,-73.91858,0,0,0,0,4070,-7391,0.27450980392156865
2021-06-27T00:00:00.000,19:09,40.849308,-73.88481,0,0,0,0,4084,-7388,0.390625
2021-06-28T00:00:00.000,7:30,40.755825,-73.903404,0,0,0,0,4075,-7390,0.37254901960784315
2021-06-28T00:00:00.000,1:30,40.683857,-73.7955,0,0,0,0,4068,-7379,0.35
2021-06-28T00:00:00.000,8:00,40.744465,-73.77179,1,0,1,1,4074,-7377,0.36363636363636365
2021-06-28T00:00:00.000,15:50,40.704338,-73.82545,1,0,1,1,4070,-7382,0.4166666666666667
2021-06-27T00:00:00.000,14:32,40.673508,-73.800285,0,0,0,0,4067,-7380,0.24615384615384617
2021-06-28T00:00:00.000,14:40,40.590748,-73.968376,0,0,0,0,4059,-7396,0.38596491228070173
2021-06-23T00:00:00.000,11:05,40.7497,-74.00497,0,0,0,0,4074,-7400,0.27710843373493976
2021-06-28T00:00:00.000,10:12,40.629368,-73.88477,0,0,0,0,4062,-7388,0.5714285714285714
2021-06-28T00:00:00.000,12:00,40.697353,-73.79185,0,0,0,0,4069,-7379,0.25925925925925924
2021-06-28T00:00:00.000,17:53,40.705868,-74.00377,1,0,1,1,4070,-7400,0.2542372881355932
2021-06-28T00:00:00.000,23:15,40.601463,-73.97555,0,0,0,0,4060,-7397,0.3469387755102041
2021-06-28T00:00:00.000,18:29,40.62374,-73.92448,2,0,1,1,4062,-7392,0.3611111111111111
2021-06-28T00:00:00.000,20:50,40.625454,-74.00566,0,0,0,0,4062,-7400,0.3150684931506849
2021-06-06T00:00:00.000,8:19,40.61212,-73.919014,1,0,1,1,4061,-7391,0.358974358974359
2021-06-26T00:00:00.000,20:53,40.697407,-73.93601,0,0,0,0,4069,-7393,0.3141025641025641
2021-06-27T00:00:00.000,21:00,40.602135,-74.114876,1,0,1,1,4060,-7411,0.35714285714285715
2021-06-28T00:00:00.000,17:14,40.762268,-73.86535,0,0,0,0,4076,-7386,0.40298507462686567
2021-06-28T00:00:00.000,12:30,40.734577,-74.00522,0,0,0,0,4073,-7400,0.2403846153846154
2021-06-28T00:00:00.000,3:00,40.769283,-73.82445,0,0,0,0,4076,-7382,0.2987012987012987
2021-06-28T00:00:00.000,18:24,40.826427,-73.950455,1,0,1,1,4082,-7395,0.4117647058823529
2021-06-28T00:00:00.000,2:20,40.702076,-73.87917,0,0,0,0,4070,-7387,0.24324324324324326
2021-06-28T00:00:00.000,10:14,40.740833,-74.00294,0,0,0,0,4074,-7400,0.27710843373493976
2021-06-28T00:00:00.000,9:20,40.884144,-73.91502,0,0,0,0,4088,-7391,0.23076923076923078
2021-06-28T00:00:00.000,14:00,40.874928,-73.86498,0,0,0,0,4087,-7386,0.3142857142857143
2021-06-28T00:00:00.000,5:00,40.860535,-73.914345,1,0,1,1,4086,-7391,0.38016528925619836
2021-06-28T00:00:00.000,15:00,40.76635,-73.95103,1,0,1,1,4076,-7395,0.3696969696969697
2021-06-28T00:00:00.000,10:06,40.84543,-73.91399,0,0,0,0,4084,-7391,0.32558139534883723
2021-06-28T00:00:00.000,20:45,40.71702,-73.830505,0,0,0,0,4071,-7383,0.37349397590361444
2021-06-28T00:00:00.000,8:58,40.761738,-73.88151,0,0,0,0,4076,-7388,0.43283582089552236
2021-06-24T00:00:00.000,21:30,40.680187,-73.967964,1,0,1,1,4068,-7396,0.42567567567567566
2021-06-28T00:00:00.000,21:00,40.666893,-73.80546,0,0,0,0,4066,-7380,0.40789473684210525
2021-06-28T00:00:00.000,20:32,40.833412,-73.93902,0,0,0,0,4083,-7393,0.3333333333333333
2021-06-28T00:00:00.000,12:13,40.73332,-73.79114,1,0,1,1,4073,-7379,0.4
2021-06-26T00:00:00.000,19:40,40.845985,-73.884476,0,0,0,0,4084,-7388,0.390625
2021-06-28T00:00:00.000,19:46,40.714073,-73.95074,0,0,0,0,4071,-7395,0.36585365853658536
2021-06-28T00:00:00.000,22:47,40.70145,-73.989624,3,0,1,1,4070,-7398,0.21568627450980393
2021-06-28T00:00:00.000,17:30,40.902355,-73.84569,0,0,0,0,4090,-7384,0.28205128205128205
2021-06-28T00:00:00.000,6:40,40.828518,-73.8799,0,0,0,0,4082,-7387,0.33544303797468356
2021-06-28T00:00:00.000,20:30,40.676117,-73.74046,0,0,0,0,4067,-7374,0.2619047619047619
2021-06-28T00:00:00.000,17:00,40.644753,-73.92493,2,0,1,1,4064,-7392,0.4077669902912621
2021-05-03T00:00:00.000,16:53,40.673103,-73.92793,1,0,1,1,4067,-7392,0.39655172413793105
2021-06-28T00:00:00.000,15:10,40.617107,-74.02997,0,0,0,0,4061,-7402,0.4090909090909091
2021-06-28T00:00:00.000,22:37,40.66407,-73.94847,0,0,0,0,4066,-7394,0.36792452830188677
2021-06-28T00:00:00.000,12:48,40.80988,-73.90308,1,0,1,1,4080,-7390,0.36538461538461536
2021-06-26T00:00:00.000,13:27,40.75831,-73.96294,0,0,0,0,4075,-7396,0.4788732394366197
2021-06-28T00:00:00.000,8:45,40.627567,-74.01065,0,0,0,0,4062,-7401,0.3829787234042553
2021-06-28T00:00:00.000,9:15,40.6377,-74.082886,0,0,0,0,4063,-7408,0.2653061224489796
2021-06-28T00:00:00.000,16:00,40.604084,-74.08521,0,0,0,0,4060,-7408,0.3235294117647059
2021-06-28T00:00:00.000,23:16,40.677876,-73.85064,0,0,0,0,4067,-7385,0.26666666666666666
2021-06-13T00:00:00.000,6:20,40.666348,-73.76093,0,0,0,0,4066,-7376,0.30434782608695654
2021-06-28T00:00:00.000,2:30,40.7077,-74.0155,0,0,0,0,4070,-7401,0.140625
2021-06-28T00:00:00.000,8:40,40.750214,-73.988815,1,0,1,1,4075,-7398,0.3170731707317073
2021-06-28T00:00:00.000,5:17,40.681686,-73.871574,3,0,1,1,4068,-7387,0.24719101123595505
2021-06-28T00:00:00.000,10:40,40.696785,-73.95659,1,0,1,1,4069,-7395,0.30952380952380953
2021-06-24T00:00:00.000,20:00,40.750706,-73.82322,1,0,1,1,4075,-7382,0.4915254237288136
2021-06-28T00:00:00.000,16:50,40.68097,-73.8915,1,0,1,1,4068,-7389,0.5
2021-06-28T00:00:00.000,17:00,40.779697,-73.81221,0,0,0,0,4077,-7381,0.3157894736842105
2021-06-28T00:00:00.000,1:30,40.68857,-73.8757,0,0,0,0,4068,-7387,0.24719101123595505
2021-05-31T00:00:00.000,18:40,40.677048,-73.9387,1,0,1,1,4067,-7393,0.3755868544600939
2021-06-28T00:00:00.000,13:13,40.755554,-73.91848,1,0,1,1,4075,-7391,0.4777777777777778
2021-06-28T00:00:00.000,8:15,40.70992,-73.9623,0,0,0,0,4070,-7396,0.3431372549019608
2021-06-25T00:00:00.000,7:20,40.721485,-73.86658,1,0,1,1,4072,-7386,0.42424242424242425
2022-01-10T00:00:00.000,0:00,40.668983,-73.951126,0,0,0,0,4066,-7395,0.44375
2021-06-26T00:00:00.000,16:00,40.59614,-73.99385,0,0,0,0,4059,-7399,0.3076923076923077
2022-09-21T00:00:00.000,19:55,40.608776,-73.99751,1,0,1,1,4060,-7399,0.31683168316831684
2021-06-12T00:00:00.000,9:15,40.67341,-73.93348,0,0,0,0,4067,-7393,0.3755868544600939
2021-06-28T00:00:00.000,23:37,40.652412,-73.95423,0,0,0,0,4065,-7395,0.38686131386861317
2021-06-28T00:00:00.000,1:30,40.817398,-73.94274,0,0,0,0,4081,-7394,0.38
2021-06-25T00:00:00.000,8:50,40.667236,-73.770004,3,0,1,1,4066,-7377,0.37362637362637363
2021-06-28T00:00:00.000,20:59,40.635983,-73.97411,0,0,0,0,4063,-7397,0.36893203883495146
2021-06-28T00:00:00.000,9:30,40.58575,-73.953674,0,0,0,0,4058,-7395,0.3465346534653465
2022-01-10T00:00:00.000,8:02,40.8223,-73.873,1,0,1,1,4082,-7387,0.33544303797468356
2021-06-28T00:00:00.000,12:40,40.671947,-73.779,2,0,1,1,4067,-7377,0.32608695652173914
2021-06-28T00:00:00.000,20:08,40.61384,-73.981445,2,0,1,1,4061,-7398,0.3698630136986301
2021-06-25T00:00:00.000,2:10,40.837864,-73.9114,1,0,1,1,4083,-7391,0.33714285714285713
2021-06-28T00:00:00.000,13:42,40.660103,-73.75684,0,0,0,0,4066,-7375,0.3
2021-06-28T00:00:00.000,7:35,40.679577,-73.978325,0,0,0,0,4067,-7397,0.2818181818181818
2021-06-28T00:00:00.000,16:10,40.757732,-73.99686,0,0,0,0,4075,-7399,0.2830188679245283
2021-06-28T00:00:00.000,16:00,40.642384,-73.92539,0,0,0,0,4064,-7392,0.4077669902912621
2021-06-28T00:00:00.000,10:36,40.608204,-73.920715,0,0,0,0,4060,-7392,0.3333333333333333
2021-06-24T00:00:00.000,15:00,0.0,0.0,0,0,0,0,0,0,0.40425531914893614
2021-06-28T00:00:00.000,7:29,40.830112,-73.850266,5,0,1,1,4083,-7385,0.30158730158730157
2021-06-28T00:00:00.000,19:15,40.878468,-73.82827,0,0,0,0,4087,-7382,0.3333333333333333
2021-06-22T00:00:00.000,12:30,40.865547,-73.92728,0,0,0,0,4086,-7392,0.359375
2021-06-28T00:00:00.000,22:55,40.828,-73.84701,0,0,0,0,4082,-7384,0.3835616438356164
2021-06-28T00:00:00.000,11:52,40.83114,-73.879776,1,0,1,1,4083,-7387,0.38414634146341464
2021-06-28T00:00:00.000,9:00,40.75855,-73.82964,0,0,0,0,4075,-7382,0.4915254237288136
2021-06-28T00:00:00.000,15:00,40.74045,-73.844376,1,0,1,1,4074,-7384,0.42857142857142855
2021-06-27T00:00:00.000,17:40,40.852768,-73.89217,0,0,0,0,4085,-7389,0.3353658536585366
2021-06-28T00:00:00.000,19:10,40.845837,-73.892006,0,0,0,0,4084,-7389,0.33766233766233766
2021-06-28T00:00:00.000,22:05,40.60648,-73.96462,1,0,1,1,4060,-7396,0.5714285714285714
2021-06-28T00:00:00.000,20:09,40.75649,-73.997765,0,0,0,0,4075,-7399,0.2830188679245283
2021-06-28T00:00:00.000,1:05,40.695335,-73.80121,3,0,1,1,4069,-7380,0.38461538461538464
2021-06-26T00:00:00.000,19:00,40.606163,-74.09093,0,0,0,0,4060,-7409,0.36363636363636365
2021-06-28T00:00:00.000,11:00,40.835133,-73.86195,0,0,0,0,4083,-7386,0.24822695035460993
2021-06-28T00:00:00.000,18:30,40.726814,-73.83846,0,0,0,0,4072,-7383,0.4909090909090909
2021-06-12T00:00:00.000,14:11,40.672688,-73.73544,0,0,0,0,4067,-7373,0.46835443037974683
2021-06-28T00:00:00.000,10:36,40.794132,-73.94281,0,0,0,0,4079,-7394,0.3523809523809524
2021-06-21T00:00:00.000,16:30,40.81792,-73.949745,0,0,0,0,4081,-7394,0.38
2021-06-28T00:00:00.000,11:40,40.740017,-73.84565,0,0,0,0,4074,-7384,0.42857142857142855
2021-06-21T00:00:00.000,16:52,40.712753,-73.99774,0,0,0,0,4071,-7399,0.3263157894736842
2021-06-28T00:00:00.000,8:05,40.665546,-73.9537,1,0,1,1,4066,-7395,0.44375
2021-06-28T00:00:00.000,16:43,40.866047,-73.87207,0,0,0,0,4086,-7387,0.34545454545454546
2021-06-18T00:00:00.000,12:51,40.626488,-74.16007,1,0,1,1,4062,-7416,0.24444444444444444
2021-06-28T00:00:00.000,22:29,40.84869,-73.90329,2,0,1,1,4084,-7390,0.366120218579235
2021-06-28T00:00:00.000,11:38,40.60981,-73.92251,0,0,0,0,4060,-7392,0.3333333333333333
2021-06-04T00:00:00.000,16:05,40.668495,-73.925606,0,0,0,0,4066,-7392,0.355
2021-06-28T00:00:00.000,10:27,40.636757,-73.891495,0,0,0,0,4063,-7389,0.41818181818181815
2021-06-28T00:00:00.000,14:20,40.675774,-73.98421,0,0,0,0,4067,-7398,0.3655913978494624
2021-06-28T00:00:00.000,5:30,40.857105,-73.90936,1,0,1,1,4085,-7390,0.42207792207792205
2021-06-28T00:00:00.000,18:56,40.57281,-73.99916,0,0,0,0,4057,-7399,0.32558139534883723
2021-06-28T00:00:00.000,7:50,40.674,-74.000275,0,0,0,0,4067,-7400,0.20967741935483872
2021-06-28T00:00:00.000,0:19,40.609886,-73.98556,1,0,1,1,4060,-7398,0.2711864406779661
2021-06-25T00:00:00.000,13:45,40.759514,-73.99926,1,0,1,1,4075,-7399,0.2830188679245283
2021-06-28T00:00:00.000,18:35,40.75738,-73.966705,1,0,1,1,4075,-7396,0.4788732394366197
2021-06-27T00:00:00.000,21:50,40.87122,-73.91416,0,0,0,0,4087,-7391,0.25925925925925924
2021-06-28T00:00:00.000,1:50,40.587986,-73.91973,2,0,1,1,4058,-7391,0.3888888888888889
2021-06-26T00:00:00.000,1:00,40.818386,-73.95632,0,0,0,0,4081,-7395,0.3509933774834437
2021-06-28T00:00:00.000,11:20,40.628353,-74.02908,1,0,1,1,4062,-7402,0.3625
2021-06-28T00:00:00.000,4:30,40.7688,-73.988785,1,0,1,1,4076,-7398,0.3081761006289308
2021-06-24T00:00:00.000,17:00,40.75898,-73.99595,0,0,0,0,4075,-7399,0.2830188679245283
2021-06-28T00:00:00.000,6:50,40.78879,-73.940216,0,0,0,0,4078,-7394,0.33513513513513515
2021-06-28T00:00:00.000,0:08,40.68738,-73.92089,0,0,0,0,4068,-7392,0.2542372881355932
2021-06-28T00:00:00.000,14:09,40.66708,-73.81033,0,0,0,0,4066,-7381,0.4716981132075472
2021-06-28T00:00:00.000,20:30,40.643578,-73.9899,1,0,1,1,4064,-7398,0.40425531914893614
2021-06-23T00:00:00.000,21:25,40.74702,-74.00466,0,0,0,0,4074,-7400,0.27710843373493976
2021-06-28T00:00:00.000,13:50,40.654327,-73.9221,0,0,0,0,4065,-7392,0.35555555555555557
2021-06-23T00:00:00.000,22:15,40.752033,-73.99106,0,0,0,0,4075,-7399,0.2830188679245283
2021-06-24T00:00:00.000,19:00,40.69613,-73.987114,0,0,0,0,4069,-7398,0.3229166666666667
2021-06-26T00:00:00.000,15:00,40.606865,-73.89829,2,0,1,1,4060,-7389,0.625
2021-06-28T00:00:00.000,15:10,40.801,-73.91371,0,0,0,0,4080,-7391,0.38961038961038963
2021-06-28T00:00:00.000,0:46,40.662174,-73.953705,1,0,1,1,4066,-7395,0.44375
2021-06-28T00:00:00.000,13:15,40.58524,-74.093414,1,0,1,1,4058,-7409,0.15625
2021-06-28T00:00:00.000,23:20,40.72857,-73.85809,3,0,1,1,4072,-7385,0.4418604651162791
2021-06-28T00:00:00.000,18:14,40.70861,-73.7288,3,0,1,1,4070,-7372,0.4
2021-06-28T00:00:00.000,20:00,40.775223,-73.90318,0,0,0,0,4077,-7390,0.3404255319148936
2022-01-10T00:00:00.000,18:38,40.804886,-73.96248,0,0,0,0,4080,-7396,0.31343283582089554
2021-06-28T00:00:00.000,22:04,40.794735,-73.96988,0,0,0,0,4079,-7396,0.25
2021-06-28T00:00:00.000,8:40,40.757267,-73.88663,0,0,0,0,4075,-7388,0.3402061855670103
2021-06-28T00:00:00.000,20:30,40.852386,-73.90369,1,0,1,1,4085,-7390,0.42207792207792205
2021-06-28T00:00:00.000,13:10,40.70918,-73.81916,1,0,1,1,4070,-7381,0.3194444444444444
2021-06-28T00:00:00.000,8:00,40.66882,-73.867226,1,0,1,1,4066,-7386,0.35
2021-06-28T00:00:00.000,5:00,40.742126,-74.002205,0,0,0,0,4074,-7400,0.27710843373493976
2021-06-28T00:00:00.000,17:47,40.71882,-73.9468,0,0,0,0,4071,-7394,0.3710691823899371
2021-06-15T00:00:00.000,13:44,40.666233,-73.761,1,0,1,1,4066,-7376,0.30434782608695654
2021-06-28T00:00:00.000,14:00,40.706062,-73.91626,0,0,0,0,4070,-7391,0.27450980392156865
2021-06-28T00:00:00.000,18:05,40.66047,-73.89205,0,0,0,0,4066,-7389,0.3103448275862069
2021-06-25T00:00:00.000,2:00,40.639782,-74.00151,0,0,0,0,4063,-7400,0.3068181818181818
2021-06-28T00:00:00.000,20:00,40.814835,-73.91054,0,0,0,0,4081,-7391,0.47244094488188976
2021-06-28T00:00:00.000,6:30,40.820293,-73.94378,0,0,0,0,4082,-7394,0.3812154696132597
2021-06-25T00:00:00.000,5:58,40.74649,-74.001335,0,0,0,0,4074,-7400,0.27710843373493976
2021-06-28T00:00:00.000,22:00,40.753487,-73.93795,0,0,0,0,4075,-7393,0.43478260869565216
2021-06-28T00:00:00.000,19:00,40.712646,-73.98998,0,0,0,0,4071,-7398,0.39568345323741005
2021-06-28T00:00:00.000,14:10,40.77687,-73.90493,0,0,0,0,4077,-7390,0.3404255319148936
2021-06-28T00:00:00.000,6:50,40.666737,-73.78628,2,0,1,1,4066,-7378,0.34615384615384615
2021-06-28T00:00:00.000,11:20,40.67007,-73.98816,0,0,0,0,4067,-7398,0.3655913978494624
2021-06-27T00:00:00.000,4:03,40.720245,-73.9444,0,0,0,0,4072,-7394,0.19801980198019803
2021-06-27T00:00:00.000,1:05,40.608776,-74.09113,1,0,1,1,4060,-7409,0.36363636363636365
2021-06-28T00:00:00.000,18:08,40.845985,-73.884476,3,0,1,1,4084,-7388,0.390625
2021-06-28T00:00:00.000,18:00,40.679653,-73.77724,0,0,0,0,4067,-7377,0.32608695652173914
2021-06-26T00:00:00.000,13:50,40.667027,-73.9952,0,0,0,0,4066,-7399,0.40540540540540543
2021-06-28T00:00:00.000,7:00,40.65204,-73.887955,0,0,0,0,4065,-7388,0.41509433962264153
2021-06-22T00:00:00.000,17:23,40.676598,-73.93039,3,0,1,1,4067,-7393,0.3755868544600939
2021-06-28T00:00:00.000,12:40,40.613163,-74.121414,0,0,0,0,4061,-7412,0.25
2021-06-28T00:00:00.000,9:00,40.670006,-73.95328,0,0,0,0,4067,-7395,0.3695652173913043
2021-06-28T00:00:00.000,10:10,40.742405,-73.75348,1,0,1,1,4074,-7375,0.16666666666666666
2021-06-28T00:00:00.000,16:01,40.642384,-73.92539,1,0,1,1,4064,-7392,0.4077669902912621
2021-06-24T00:00:00.000,18:35,40.872173,-73.86319,2,0,1,1,4087,-7386,0.3142857142857143
2021-06-28T00:00:00.000,17:25,40.845016,-73.82567,2,0,1,1,4084,-7382,0.4
2021-06-28T00:00:00.000,8:00,40.685074,-73.83029,0,0,0,0,4068,-7383,0.45454545454545453
2021-06-23T00:00:00.000,10:35,40.82463,-73.85566,0,0,0,0,4082,-7385,0.27
2021-06-28T00:00:00.000,13:47,40.827183,-73.86011,0,0,0,0,4082,-7386,0.3493975903614458
2021-06-28T00:00:00.000,7:10,40.71281,-73.809845,0,0,0,0,4071,-7380,0.42105263157894735
2021-06-28T00:00:00.000,14:40,40.63773,-73.93472,0,0,0,0,4063,-7393,0.46153846153846156
2021-06-28T00:00:00.000,18:10,40.7139,-73.7539,0,0,0,0,4071,-7375,0.3269230769230769
2021-06-28T00:00:00.000,15:00,40.613388,-73.995995,0,0,0,0,4061,-7399,0.29411764705882354
2021-06-28T00:00:00.000,7:30,40.824158,-73.87462,0,0,0,0,4082,-7387,0.33544303797468356
2021-06-28T00:00:00.000,12:40,40.70926,-73.87782,0,0,0,0,4070,-7387,0.24324324324324326
2021-06-28T00:00:00.000,7:21,40.841423,-73.92867,0,0,0,0,4084,-7392,0.3181818181818182
2021-06-28T00:00:00.000,10:12,40.666386,-73.78487,0,0,0,0,4066,-7378,0.34615384615384615
2021-06-28T00:00:00.000,22:41,40.6545,-73.88222,2,0,1,1,4065,-7388,0.41509433962264153
2022-01-10T00:00:00.000,6:18,40.660233,-73.93712,0,0,0,0,4066,-7393,0.38578680203045684
2021-05-24T00:00:00.000,22:42,40.675186,-73.933304,0,0,0,0,4067,-7393,0.3755868544600939
2021-06-28T00:00:00.000,8:00,40.740967,-73.85851,0,0,0,0,4074,-7385,0.35526315789473684
2021-06-27T00:00:00.000,2:35,40.661392,-73.76003,0,0,0,0,4066,-7376,0.30434782608695654
2021-06-28T00:00:00.000,19:48,40.626293,-74.01572,0,0,0,0,4062,-7401,0.3829787234042553
2021-06-28T00:00:00.000,6:51,40.67997,-73.77624,0,0,0,0,4067,-7377,0.32608695652173914
2021-06-28T00:00:00.000,21:20,40.721497,-73.83531,1,0,1,1,4072,-7383,0.4909090909090909
2021-06-28T00:00:00.000,20:50,40.822678,-73.842575,1,0,1,1,4082,-7384,0.3835616438356164
2021-06-19T00:00:00.000,15:45,40.723198,-73.99866,0,0,0,0,4072,-7399,0.3829787234042553
2021-06-28T00:00:00.000,2:10,40.66813,-73.93675,1,0,1,1,4066,-7393,0.38578680203045684
2021-06-28T00:00:00.000,12:40,40.822613,-73.876816,1,0,1,1,4082,-7387,0.33544303797468356
2021-06-28T00:00:00.000,8:25,40.843994,-73.89752,0,0,0,0,4084,-7389,0.33766233766233766
2021-06-28T00:00:00.000,14:20,40.74755,-73.88461,0,0,0,0,4074,-7388,0.2978723404255319
2021-06-28T00:00:00.000,18:45,40.707222,-73.952095,0,0,0,0,4070,-7395,0.3475177304964539
2021-06-26T00:00:00.000,21:00,40.636513,-73.89681,0,0,0,0,4063,-7389,0.41818181818181815
2021-06-28T00:00:00.000,21:37,40.794235,-73.962814,0,0,0,0,4079,-7396,0.25
2021-06-28T00:00:00.000,20:19,40.712307,-73.785225,0,0,0,0,4071,-7378,0.32653061224489793
2021-06-28T00:00:00.000,18:35,40.686756,-73.975525,1,0,1,1,4068,-7397,0.3412322274881517
2021-06-28T00:00:00.000,13:51,40.80714,-73.929955,0,0,0,0,4080,-7392,0.3141025641025641
2021-06-28T00:00:00.000,14:45,40.726097,-73.91943,0,0,0,0,4072,-7391,0.36
2021-06-25T00:00:00.000,16:44,40.541924,-74.18563,0,0,0,0,4054,-7418,0.1875
2021-06-28T00:00:00.000,2:00,40.72656,-73.83802,2,0,1,1,4072,-7383,0.4909090909090909
2021-06-27T00:00:00.000,23:10,40.679638,-73.9048,2,0,1,1,4067,-7390,0.3282442748091603
2021-06-28T00:00:00.000,12:00,40.828407,-73.84392,0,0,0,0,4082,-7384,0.3835616438356164
2021-06-23T00:00:00.000,18:58,40.63001,-74.08173,0,0,0,0,4063,-7408,0.2653061224489796
2021-06-28T00:00:00.000,13:00,40.67389,-73.990776,0,0,0,0,4067,-7399,0.3258426966292135
2021-06-18T00:00:00.000,16:30,40.67828,-73.958855,0,0,0,0,4067,-7395,0.3695652173913043
2021-06-10T00:00:00.000,8:40,40.667038,-73.7682,0,0,0,0,4066,-7376,0.30434782608695654
2022-01-10T00:00:00.000,14:07,40.832752,-73.844925,2,0,1,1,4083,-7384,0.22727272727272727
2021-06-28T00:00:00.000,16:00,40.7613,-73.80952,0,0,0,0,4076,-7380,0.4
2021-06-28T00:00:00.000,19:30,40.683826,-73.99128,0,0,0,0,4068,-7399,0.17857142857142858
2021-06-28T00:00:00.000,17:34,40.577644,-73.99688,2,0,1,1,4057,-7399,0.32558139534883723
2021-06-28T00:00:00.000,17:38,40.61785,-73.988075,0,0,0,0,4061,-7398,0.3698630136986301
2021-06-28T00:00:00.000,9:30,40.756397,-73.804535,0,0,0,0,4075,-7380,0.36363636363636365
2021-06-28T00:00:00.000,9:00,40.856323,-73.87244,0,0,0,0,4085,-7387,0.375
2021-06-28T00:00:00.000,8:14,40.6304,-74.02074,0,0,0,0,4063,-7402,0.3877551020408163
2021-06-27T00:00:00.000,8:20,40.84827,-73.88312,0,0,0,0,4084,-7388,0.390625
2021-06-28T00:00:00.000,9:30,40.767918,-73.985725,0,0,0,0,4076,-7398,0.3081761006289308
2021-06-28T00:00:00.000,14:25,40.74565,-73.92485,1,0,1,1,4074,-7392,0.3709677419354839
2021-06-28T00:00:00.000,11:50,40.774357,-73.912865,0,0,0,0,4077,-7391,0.3157894736842105
2021-06-13T00:00:00.000,19:39,40.84465,-73.89177,0,0,0,0,4084,-7389,0.33766233766233766
2021-06-28T00:00:00.000,19:55,40.65691,-73.91395,0,0,0,0,4065,-7391,0.425
2021-06-24T00:00:00.000,18:15,40.74955,-74.00654,0,0,0,0,4074,-7400,0.27710843373493976
2021-06-24T00:00:00.000,18:06,40.81574,-73.95456,1,0,1,1,4081,-7395,0.3509933774834437
2021-06-17T00:00:00.000,20:30,40.765392,-73.9182,1,0,1,1,4076,-7391,0.40476190476190477
2021-06-28T00:00:00.000,21:20,40.621777,-73.920395,0,0,0,0,4062,-7392,0.3611111111111111
2022-01-10T00:00:00.000,15:00,40.70419,-74.01321,0,0,0,0,4070,-7401,0.140625
2021-06-27T00:00:00.000,11:45,40.86079,-73.89229,0,0,0,0,4086,-7389,0.40606060606060607
2021-06-28T00:00:00.000,17:00,40.635868,-74.00559,1,0,1,1,4063,-7400,0.3068181818181818
2021-06-12T00:00:00.000,20:45,40.7027,-73.75591,0,0,0,0,4070,-7375,0.4117647058823529
2021-06-28T00:00:00.000,13:00,40.69165,-73.779205,1,0,1,1,4069,-7377,0.35135135135135137
2021-06-26T00:00:00.000,0:00,40.82097,-73.88256,0,0,0,0,4082,-7388,0.27624309392265195
2021-06-28T00:00:00.000,10:36,40.66469,-73.93811,0,0,0,0,4066,-7393,0.38578680203045684
2021-06-28T00:00:00.000,9:00,40.78389,-73.950294,1,0,1,1,4078,-7395,0.42168674698795183
2021-06-28T00:00:00.000,10:35,40.652462,-73.92285,0,0,0,0,4065,-7392,0.35555555555555557
2021-06-28T00:00:00.000,10:06,40.84442,-73.92505,0,0,0,0,4084,-7392,0.3181818181818182
2021-06-28T00:00:00.000,17:17,40.73059,-73.99242,0,0,0,0,4073,-7399,0.423728813559322
2021-06-28T00:00:00.000,10:59,40.748985,-73.979965,1,0,1,1,4074,-7397,0.4810810810810811
2021-06-26T00:00:00.000,12:54,40.69564,-73.7711,0,0,0,0,4069,-7377,0.35135135135135137
2021-06-28T00:00:00.000,8:22,40.55464,-74.14608,0,0,0,0,4055,-7414,0.4444444444444444
2021-06-27T00:00:00.000,20:34,40.877686,-73.824936,1,0,1,1,4087,-7382,0.3333333333333333
2021-06-28T00:00:00.000,17:00,40.70679,-73.933716,0,0,0,0,4070,-7393,0.3300970873786408
2021-06-28T00:00:00.000,20:40,40.770256,-73.91586,0,0,0,0,4077,-7391,0.3157894736842105
2021-06-28T00:00:00.000,21:23,40.68777,-73.98701,1,0,1,1,4068,-7398,0.3873239436619718
2021-06-28T00:00:00.000,1:05,40.62491,-74.14356,0,0,0,0,4062,-7414,0.20408163265306123
2021-06-28T00:00:00.000,18:20,40.63784,-73.97942,0,0,0,0,4063,-7397,0.36893203883495146
2021-06-28T00:00:00.000,22:00,40.68857,-73.8757,0,0,0,0,4068,-7387,0.24719101123595505
2021-06-28T00:00:00.000,19:05,40.884277,-73.86243,0,0,0,0,4088,-7386,0.23809523809523808
2021-06-24T00:00:00.000,12:00,40.70075,-73.98599,0,0,0,0,4070,-7398,0.21568627450980393
2021-06-10T00:00:00.000,13:30,40.637745,-74.07603,0,0,0,0,4063,-7407,0.4444444444444444
2021-06-18T00:00:00.000,23:20,40.74733,-73.755806,0,0,0,0,4074,-7375,0.16666666666666666
2021-06-28T00:00:00.000,11:44,40.748363,-73.98041,0,0,0,0,4074,-7398,0.40131578947368424
2021-06-28T00:00:00.000,17:00,40.634274,-74.12042,0,0,0,0,4063,-7412,0.36363636363636365
2021-06-27T00:00:00.000,14:30,40.672688,-73.73544,1,0,1,1,4067,-7373,0.46835443037974683
2021-06-28T00:00:00.000,21:44,40.83933,-73.89904,1,0,1,1,4083,-7389,0.3333333333333333
2021-06-28T00:00:00.000,11:35,40.632607,-74.07812,0,0,0,0,4063,-7407,0.4444444444444444
2021-06-27T00:00:00.000,22:45,40.82628,-73.87673,1,0,1,1,4082,-7387,0.33544303797468356
2021-06-28T00:00:00.000,11:42,40.67601,-73.88567,0,0,0,0,4067,-7388,0.30434782608695654
2021-06-28T00:00:00.000,12:43,40.61743,-73.932495,0,0,0,0,4061,-7393,0.34285714285714286
2021-06-28T00:00:00.000,8:21,40.583565,-73.98759,0,0,0,0,4058,-7398,0.4
2021-06-28T00:00:00.000,13:20,40.596878,-74.16226,0,0,0,0,4059,-7416,0.29411764705882354
2021-06-28T00:00:00.000,11:45,40.704845,-73.80112,0,0,0,0,4070,-7380,0.3877551020408163
2021-06-28T00:00:00.000,20:50,40.66343,-73.74079,1,0,1,1,4066,-7374,0.3698630136986301
2021-06-28T00:00:00.000,14:00,40.651787,-73.93017,0,0,0,0,4065,-7393,0.44366197183098594
2021-06-28T00:00:00.000,19:00,40.620136,-74.00403,0,0,0,0,4062,-7400,0.3150684931506849
2021-06-26T00:00:00.000,17:49,40.69901,-73.99679,0,0,0,0,4069,-7399,0.29473684210526313
2021-06-28T00:00:00.000,10:50,40.683266,-73.96587,0,0,0,0,4068,-7396,0.42567567567567566
2021-06-28T00:00:00.000,12:02,40.794132,-73.94281,0,0,0,0,4079,-7394,0.3523809523809524
2021-06-28T00:00:00.000,9:03,40.75065,-73.87582,0,0,0,0,4075,-7387,0.33884297520661155
2022-09-21T00:00:00.000,17:47,40.699482,-73.98049,1,0,1,1,4069,-7398,0.3229166666666667
2021-06-28T00:00:00.000,0:15,40.68675,-73.867386,0,0,0,0,4068,-7386,0.423728813559322
2021-06-21T00:00:00.000,2:30,40.67612,-73.936005,1,0,1,1,4067,-7393,0.3755868544600939
2021-06-28T00:00:00.000,17:48,40.635757,-73.902336,1,0,1,1,4063,-7390,0.3561643835616438
2021-06-11T00:00:00.000,21:54,40.723717,-73.99275,0,0,0,0,4072,-7399,0.3829787234042553
2021-06-28T00:00:00.000,14:00,40.821003,-73.89787,0,0,0,0,4082,-7389,0.37423312883435583
2021-06-28T00:00:00.000,15:23,40.742676,-73.73361,1,0,1,1,4074,-7373,0.4
2021-06-17T00:00:00.000,15:30,40.683094,-73.80576,0,0,0,0,4068,-7380,0.3829787234042553
2021-06-28T00:00:00.000,11:50,40.579803,-73.97184,0,0,0,0,4057,-7397,0.2619047619047619
2021-06-28T00:00:00.000,18:30,40.68246,-73.830025,1,0,1,1,4068,-7383,0.45454545454545453
2021-12-30T00:00:00.000,19:16,40.771667,-73.9867,0,0,0,0,4077,-7398,0.38028169014084506
2022-01-10T00:00:00.000,15:40,40.674114,-73.998085,1,0,1,1,4067,-7399,0.3258426966292135
2022-01-10T00:00:00.000,6:59,40.709473,-73.805016,0,0,0,0,4070,-7380,0.3877551020408163
2022-01-10T00:00:00.000,8:00,40.70025,-73.93774,1,0,1,1,4070,-7393,0.3300970873786408
2022-01-10T00:00:00.000,14:00,40.719334,-73.74952,0,0,0,0,4071,-7374,0.23404255319148937
2022-01-10T00:00:00.000,11:00,40.669865,-73.95051,0,0,0,0,4066,-7395,0.44375
2022-01-10T00:00:00.000,17:50,40.85182,-73.857,0,0,0,0,4085,-7385,0.3125
2022-01-05T00:00:00.000,15:45,40.609276,-74.08447,1,0,1,1,4060,-7408,0.3235294117647059
2022-01-10T00:00:00.000,21:15,40.6219,-74.02874,0,0,0,0,4062,-7402,0.3625
2022-01-05T00:00:00.000,16:20,40.70097,-73.81423,2,0,1,1,4070,-7381,0.3194444444444444
2022-01-10T00:00:00.000,15:55,40.711838,-73.917496,0,0,0,0,4071,-7391,0.1836734693877551
2022-01-10T00:00:00.000,5:50,40.74901,-73.83465,0,0,0,0,4074,-7383,0.4067796610169492
2022-01-10T00:00:00.000,10:00,40.67007,-73.89927,0,0,0,0,4067,-7389,0.33852140077821014
2022-01-10T00:00:00.000,10:00,40.711945,-73.82303,1,0,1,1,4071,-7382,0.379746835443038
2022-01-10T00:00:00.000,14:26,40.825504,-73.886086,1,0,1,1,4082,-7388,0.27624309392265195
2022-01-06T00:00:00.000,23:00,40.69979,-73.950096,0,0,0,0,4069,-7395,0.30952380952380953
2022-01-10T00:00:00.000,15:15,40.87305,-73.882965,1,0,1,1,4087,-7388,0.3561643835616438
2022-01-10T00:00:00.000,12:50,40.70993,-74.00716,0,0,0,0,4070,-7400,0.2542372881355932
2022-01-09T00:00:00.000,16:00,40.657696,-73.95279,0,0,0,0,4065,-7395,0.38686131386861317
2022-01-10T00:00:00.000,18:30,40.666893,-73.80546,0,0,0,0,4066,-7380,0.40789473684210525
2022-01-10T00:00:00.000,16:36,40.689236,-73.82852,1,0,1,1,4068,-7382,0.41975308641975306
2022-01-09T00:00:00.000,22:20,40.699963,-73.90752,1,0,1,1,4069,-7390,0.29591836734693877
2022-01-10T00:00:00.000,15:30,40.849995,-73.93866,0,0,0,0,4084,-7393,0.32786885245901637
2022-01-09T00:00:00.000,19:25,40.84231,-73.93515,1,0,1,1,4084,-7393,0.32786885245901637
2022-01-10T00:00:00.000,16:40,40.639256,-73.968796,0,0,0,0,4063,-7396,0.34615384615384615
2022-01-10T00:00:00.000,10:36,40.67135,-73.97332,0,0,0,0,4067,-7397,0.2818181818181818
2022-01-10T00:00:00.000,23:55,40.70145,-73.989624,2,0,1,1,4070,-7398,0.21568627450980393
2022-01-03T00:00:00.000,9:40,40.76199,-73.86934,1,0,1,1,4076,-7386,0.40298507462686567
2022-01-10T00:00:00.000,1:43,40.70722,-73.78957,0,0,0,0,4070,-7378,0.34523809523809523
2022-01-10T00:00:00.000,14:35,40.668964,-73.95059,1,0,1,1,4066,-7395,0.44375
2022-01-10T00:00:00.000,12:23,40.70118,-73.98778,0,0,0,0,4070,-7398,0.21568627450980393
2022-01-10T00:00:00.000,15:10,40.63189,-73.928276,0,0,0,0,4063,-7392,0.4036697247706422
2022-01-10T00:00:00.000,0:00,40.718136,-73.75726,0,0,0,0,4071,-7375,0.3269230769230769
2022-01-10T00:00:00.000,21:13,40.832558,-73.857346,2,0,1,1,4083,-7385,0.30158730158730157
2022-01-05T00:00:00.000,16:46,40.680088,-73.94398,0,0,0,0,4068,-7394,0.4409448818897638
2022-01-10T00:00:00.000,23:00,40.779762,-73.94437,0,0,0,0,4077,-7394,0.28
2022-01-10T00:00:00.000,0:00,40.645397,-73.91893,0,0,0,0,4064,-7391,0.39805825242718446
2022-01-08T00:00:00.000,23:30,40.69969,-73.91557,0,0,0,0,4069,-7391,0.2709677419354839
2022-01-10T00:00:00.000,11:20,40.57754,-73.99789,1,0,1,1,4057,-7399,0.32558139534883723
2022-01-10T00:00:00.000,8:05,40.60343,-74.001854,0,0,0,0,4060,-7400,0.24074074074074073
2022-01-10T00:00:00.000,14:00,40.663887,-73.87827,0,0,0,0,4066,-7387,0.38461538461538464
2022-01-10T00:00:00.000,9:00,40.74502,-73.715775,0,0,0,0,4074,-7371,0.38095238095238093
2022-01-10T00:00:00.000,9:25,40.71407,-73.99751,0,0,0,0,4071,-7399,0.3263157894736842
2022-01-10T00:00:00.000,15:40,40.797558,-73.96684,0,0,0,0,4079,-7396,0.25
2022-01-09T00:00:00.000,19:20,40.84231,-73.93515,0,0,0,0,4084,-7393,0.32786885245901637
2022-01-10T00:00:00.000,17:00,40.62198,-74.07826,1,0,1,1,4062,-7407,0.35714285714285715
2022-01-10T00:00:00.000,19:00,40.67769,-74.00041,0,0,0,0,4067,-7400,0.20967741935483872
2022-01-10T00:00:00.000,7:32,40.79293,-73.94791,0,0,0,0,4079,-7394,0.3523809523809524
2022-09-22T00:00:00.000,11:00,40.715237,-74.01339,1,0,1,1,4071,-7401,0.3181818181818182
2022-01-10T00:00:00.000,9:00,40.557453,-74.20417,1,0,1,1,4055,-7420,0.2
2022-01-10T00:00:00.000,13:35,40.68039,-73.94956,0,0,0,0,4068,-7394,0.4409448818897638
2022-01-10T00:00:00.000,7:20,40.765934,-73.976875,0,0,0,0,4076,-7397,0.37
2022-01-10T00:00:00.000,18:23,40.719437,-73.94063,0,0,0,0,4071,-7394,0.3710691823899371
2022-01-10T00:00:00.000,8:50,40.75765,-73.825195,1,0,1,1,4075,-7382,0.4915254237288136
2022-01-10T00:00:00.000,17:33,40.715237,-74.01339,1,0,1,1,4071,-7401,0.3181818181818182
2022-01-10T00:00:00.000,4:33,40.689095,-73.84047,1,0,1,1,4068,-7384,0.3333333333333333
2021-12-19T00:00:00.000,19:24,40.70576,-73.80167,0,0,0,0,4070,-7380,0.3877551020408163
2022-01-10T00:00:00.000,20:30,40.817116,-73.88307,0,0,0,0,4081,-7388,0.25471698113207547
2022-01-10T00:00:00.000,7:56,40.717434,-73.82374,1,0,1,1,4071,-7382,0.379746835443038
2021-12-18T00:00:00.000,21:00,40.680855,-73.93855,0,0,0,0,4068,-7393,0.3619047619047619
2022-01-10T00:00:00.000,17:30,40.71749,-73.99171,0,0,0,0,4071,-7399,0.3263157894736842
2022-01-10T00:00:00.000,13:50,40.796738,-73.92925,0,0,0,0,4079,-7392,0.4
2022-01-10T00:00:00.000,13:08,40.702343,-73.94239,0,0,0,0,4070,-7394,0.3956043956043956
2022-01-10T00:00:00.000,7:10,40.85713,-73.8808,0,0,0,0,4085,-7388,0.3
2022-01-10T00:00:00.000,22:30,40.669567,-73.73604,0,0,0,0,4066,-7373,0.44339622641509435
2022-01-10T00:00:00.000,9:00,40.708267,-73.73032,0,0,0,0,4070,-7373,0.52
2022-01-10T00:00:00.000,14:15,40.824837,-73.87053,0,0,0,0,4082,-7387,0.33544303797468356
2022-01-10T00:00:00.000,21:23,40.858124,-73.86813,0,0,0,0,4085,-7386,0.33766233766233766
2022-01-10T00:00:00.000,20:15,40.666695,-73.767136,0,0,0,0,4066,-7376,0.30434782608695654
2022-01-10T00:00:00.000,16:36,40.66857,-73.798355,0,0,0,0,4066,-7379,0.3870967741935484
2022-01-10T00:00:00.000,8:45,40.702957,-73.74332,0,0,0,0,4070,-7374,0.3333333333333333
2022-01-10T00:00:00.000,2:04,40.762104,-73.960144,0,0,0,0,4076,-7396,0.3023255813953488
2022-01-10T00:00:00.000,18:36,40.88219,-73.85066,1,0,1,1,4088,-7385,0.36619718309859156
2022-01-10T00:00:00.000,19:00,40.61864,-73.945335,0,0,0,0,4061,-7394,0.48484848484848486
2022-01-10T00:00:00.000,11:00,40.664654,-73.732376,0,0,0,0,4066,-7373,0.44339622641509435
2022-01-10T00:00:00.000,5:30,40.694714,-73.93122,0,0,0,0,4069,-7393,0.3141025641025641
2021-01-12T00:00:00.000,16:26,40.675705,-73.89747,0,0,0,0,4067,-7389,0.33852140077821014
2022-01-06T00:00:00.000,14:40,40.68422,-73.75104,0,0,0,0,4068,-7375,0.3877551020408163
2022-01-10T00:00:00.000,17:30,40.726322,-73.85687,1,0,1,1,4072,-7385,0.4418604651162791
2022-01-10T00:00:00.000,11:20,40.76121,-73.86034,0,0,0,0,4076,-7386,0.40298507462686567
2022-01-10T00:00:00.000,7:15,40.666573,-73.811775,1,0,1,1,4066,-7381,0.4716981132075472
2022-01-10T00:00:00.000,15:10,40.581345,-73.96283,1,0,1,1,4058,-7396,0.37333333333333335
2022-01-10T00:00:00.000,6:56,40.647297,-73.9803,0,0,0,0,4064,-7398,0.40425531914893614
2022-01-10T00:00:00.000,9:10,40.851433,-73.93509,0,0,0,0,4085,-7393,0.36585365853658536
2022-01-10T00:00:00.000,18:45,40.628918,-74.0249,0,0,0,0,4062,-7402,0.3625
2022-01-10T00:00:00.000,8:54,40.631706,-73.94649,1,0,1,1,4063,-7394,0.358974358974359
2022-01-10T00:00:00.000,6:40,40.665257,-73.735344,1,0,1,1,4066,-7373,0.44339622641509435
2022-01-08T00:00:00.000,3:00,40.68375,-73.95899,0,0,0,0,4068,-7395,0.38571428571428573
2022-01-10T00:00:00.000,11:35,40.684986,-73.966225,0,0,0,0,4068,-7396,0.42567567567567566
2022-01-05T00:00:00.000,22:14,40.722996,-73.75788,0,0,0,0,4072,-7375,0.2727272727272727
2022-01-08T00:00:00.000,23:06,40.66655,-73.93927,0,0,0,0,4066,-7393,0.38578680203045684
2022-01-10T00:00:00.000,3:15,40.699757,-73.79359,2,0,1,1,4069,-7379,0.25925925925925924
2022-01-10T00:00:00.000,15:00,40.85378,-73.887566,0,0,0,0,4085,-7388,0.3
2022-01-10T00:00:00.000,12:30,40.763023,-73.97815,0,0,0,0,4076,-7397,0.37
2021-12-17T00:00:00.000,19:51,40.861023,-73.89205,0,0,0,0,4086,-7389,0.40606060606060607
2022-01-10T00:00:00.000,18:30,40.781414,-73.946075,3,0,1,1,4078,-7394,0.33513513513513515
2022-01-10T00:00:00.000,8:20,40.625774,-74.016495,1,0,1,1,4062,-7401,0.3829787234042553
2022-01-10T00:00:00.000,13:00,40.753914,-73.83015,0,0,0,0,4075,-7383,0.37681159420289856
2021-06-29T00:00:00.000,11:20,40.64511,-73.874886,2,0,1,1,4064,-7387,0.4918032786885246
2021-10-19T00:00:00.000,13:00,40.6886045,-73.9630593,0,0,0,0,4068,-7396,0.42567567567567566
2022-01-10T00:00:00.000,0:17,40.67921,-73.91375,0,0,0,0,4067,-7391,0.36597938144329895
2022-01-10T00:00:00.000,14:20,40.704845,-73.80112,2,0,1,1,4070,-7380,0.3877551020408163
2022-01-10T00:00:00.000,15:00,40.84092,-73.93751,0,0,0,0,4084,-7393,0.32786885245901637
2022-01-10T00:00:00.000,14:30,40.70403,-73.81711,0,0,0,0,4070,-7381,0.3194444444444444
2022-01-10T00:00:00.000,14:45,40.738464,-73.808624,0,0,0,0,4073,-7380,0.34285714285714286
2022-01-10T00:00:00.000,11:30,40.703934,-73.959854,0,0,0,0,4070,-7395,0.3475177304964539
2022-01-10T00:00:00.000,12:10,40.677048,-73.80547,1,0,1,1,4067,-7380,0.24615384615384617
2021-01-09T00:00:00.000,19:45,40.75149,-73.88748,1,0,1,1,4075,-7388,0.3402061855670103
2022-01-10T00:00:00.000,17:19,40.843994,-73.89752,1,0,1,1,4084,-7389,0.33766233766233766
2022-01-10T00:00:00.000,21:28,40.716156,-73.728775,0,0,0,0,4071,-7372,0.40425531914893614
2022-01-10T00:00:00.000,19:40,40.803116,-73.95633,1,0,1,1,4080,-7395,0.381294964028777
2021-12-24T00:00:00.000,0:00,40.812096,-73.88334,0,0,0,0,4081,-7388,0.25471698113207547
2021-12-31T00:00:00.000,10:37,40.67888,-73.93561,0,0,0,0,4067,-7393,0.3755868544600939
2022-01-10T00:00:00.000,7:36,40.602432,-73.76041,0,0,0,0,4060,-7376,0.19230769230769232
2022-01-28T00:00:00.000,18:00,40.87805,-73.83482,0,0,0,0,4087,-7383,0.3333333333333333
2022-02-20T00:00:00.000,0:40,40.710262,-73.953865,1,0,1,1,4071,-7395,0.36585365853658536
2022-02-20T00:00:00.000,7:25,40.81328,-73.89749,3,0,1,1,4081,-7389,0.31543624161073824
2022-02-20T00:00:00.000,19:20,40.576504,-74.1037,1,0,1,1,4057,-7410,0.3877551020408163
2022-02-20T00:00:00.000,20:06,40.704544,-73.751755,0,0,0,0,4070,-7375,0.4117647058823529
2022-02-14T00:00:00.000,16:54,40.862755,-73.901085,0,0,0,0,4086,-7390,0.42748091603053434
2022-02-20T00:00:00.000,11:30,40.760998,-73.771675,0,0,0,0,4076,-7377,0.20588235294117646
2022-02-20T00:00:00.000,15:15,40.799984,-73.944855,1,0,1,1,4079,-7394,0.3523809523809524
2022-02-20T00:00:00.000,17:35,40.75157,-73.751396,0,0,0,0,4075,-7375,0.3333333333333333
2022-02-20T00:00:00.000,16:30,40.67743,-73.87591,2,0,1,1,4067,-7387,0.30344827586206896
2022-02-20T00:00:00.000,9:13,40.841267,-73.94025,0,0,0,0,4084,-7394,0.17543859649122806
2022-09-22T00:00:00.000,9:51,40.876915,-73.906296,0,0,0,0,4087,-7390,0.3184713375796178
2022-09-17T00:00:00.000,5:30,40.6828,-73.90638,0,0,0,0,4068,-7390,0.4421052631578947
2022-09-18T00:00:00.000,5:30,40.66048,-73.91792,0,0,0,0,4066,-7391,0.3630952380952381
2022-09-16T00:00:00.000,5:00,40.800446,-73.910866,0,0,0,0,4080,-7391,0.38961038961038963
2022-09-23T00:00:00.000,9:42,40.687943,-73.98141,0,0,0,0,4068,-7398,0.3873239436619718
2022-09-22T00:00:00.000,23:45,40.701675,-73.807915,0,0,0,0,4070,-7380,0.3877551020408163
2022-09-08T00:00:00.000,19:30,40.689426,-73.94223,0,0,0,0,4068,-7394,0.4409448818897638
2022-09-22T00:00:00.000,9:06,40.76285,-73.967735,0,0,0,0,4076,-7396,0.3023255813953488
2022-09-09T00:00:00.000,10:30,40.603977,-73.76757,0,0,0,0,4060,-7376,0.19230769230769232
2022-09-21T00:00:00.000,7:29,40.862747,-73.90494,1,0,1,1,4086,-7390,0.42748091603053434
2022-09-21T00:00:00.000,0:00,40.796738,-73.92925,2,0,1,1,4079,-7392,0.4
2022-09-22T00:00:00.000,19:04,40.66471,-73.98233,0,0,0,0,4066,-7398,0.421875
2022-09-22T00:00:00.000,12:30,40.788982,-73.93039,0,0,0,0,4078,-7393,0.4444444444444444
2022-09-22T00:00:00.000,8:30,40.843903,-73.927284,0,0,0,0,4084,-7392,0.3181818181818182
2022-09-21T00:00:00.000,1:15,40.74216,-73.804436,0,0,0,0,4074,-7380,0.35294117647058826
2022-09-21T00:00:00.000,11:55,40.757633,-73.98581,0,0,0,0,4075,-7398,0.3170731707317073
2022-09-23T00:00:00.000,7:02,40.75205,-73.92792,0,0,0,0,4075,-7392,0.48148148148148145
2022-09-19T00:00:00.000,10:00,40.84442,-73.92505,1,0,1,1,4084,-7392,0.3181818181818182
2022-09-16T00:00:00.000,23:10,40.721363,-73.94556,1,0,1,1,4072,-7394,0.19801980198019803
2022-09-22T00:00:00.000,4:19,40.678722,-73.952995,0,0,0,0,4067,-7395,0.3695652173913043
2022-09-22T00:00:00.000,6:55,0.0,0.0,0,0,0,0,0,0,0.40425531914893614
2022-06-24T00:00:00.000,0:35,40.82255,-73.90042,1,0,1,1,4082,-7390,0.3025210084033613
2022-06-26T00:00:00.000,15:40,40.824654,-73.89194,1,0,1,1,4082,-7389,0.37423312883435583
2022-06-28T00:00:00.000,19:11,40.607147,-73.749596,2,0,1,1,4060,-7374,0.15789473684210525
2022-07-04T00:00:00.000,16:55,40.69578,-73.917076,1,0,1,1,4069,-7391,0.2709677419354839
2022-06-27T00:00:00.000,12:17,40.757065,-74.00106,0,0,0,0,4075,-7400,0.3888888888888889
2022-07-04T00:00:00.000,9:58,40.68488,-73.92311,0,0,0,0,4068,-7392,0.2542372881355932
2021-10-15T00:00:00.000,16:59,40.8503081,-73.8864328,1,0,1,1,4085,-7388,0.3
2022-07-03T00:00:00.000,21:55,40.606457,-73.92518,1,0,1,1,4060,-7392,0.3333333333333333
2022-06-29T00:00:00.000,13:31,40.671104,-73.92811,1,0,1,1,4067,-7392,0.39655172413793105
2022-07-04T00:00:00.000,0:30,40.715958,-73.81275,5,0,1,1,4071,-7381,0.3448275862068966
2022-07-04T00:00:00.000,6:20,40.75651,-73.89692,0,0,0,0,4075,-7389,0.4805194805194805
2022-06-28T00:00:00.000,15:10,40.759018,-73.855156,0,0,0,0,4075,-7385,0.3048780487804878
2022-07-04T00:00:00.000,23:56,40.683804,-73.833534,0,0,0,0,4068,-7383,0.45454545454545453
2022-06-29T00:00:00.000,9:52,40.82517,-73.896866,1,0,1,1,4082,-7389,0.37423312883435583
2022-07-04T00:00:00.000,22:15,40.59552,-73.75855,0,0,0,0,4059,-7375,0.17777777777777778
2022-07-04T00:00:00.000,0:08,40.781387,-73.95213,1,0,1,1,4078,-7395,0.42168674698795183
2022-07-04T00:00:00.000,23:45,40.72267,-73.98297,0,0,0,0,4072,-7398,0.4342105263157895
2022-07-03T00:00:00.000,19:10,40.57761,-73.96145,0,0,0,0,4057,-7396,0.3191489361702128
2022-07-04T00:00:00.000,6:37,40.675507,-74.00075,1,0,1,1,4067,-7400,0.20967741935483872
2022-07-04T00:00:00.000,16:06,40.681923,-73.831924,0,0,0,0,4068,-7383,0.45454545454545453
2022-06-27T00:00:00.000,11:20,40.734577,-74.00522,0,0,0,0,4073,-7400,0.2403846153846154
2022-07-01T00:00:00.000,23:00,40.816376,-73.948364,0,0,0,0,4081,-7394,0.38
2022-05-12T00:00:00.000,15:00,40.73566,-73.9019,1,0,1,1,4073,-7390,0.42424242424242425
2022-07-04T00:00:00.000,16:18,40.837368,-73.88777,0,0,0,0,4083,-7388,0.26717557251908397
2022-07-04T00:00:00.000,12:24,40.86235,-73.89997,2,0,1,1,4086,-7389,0.40606060606060607
2022-07-04T00:00:00.000,17:00,40.689583,-73.9974,0,0,0,0,4068,-7399,0.17857142857142858
2022-07-04T00:00:00.000,9:05,40.73968,-73.857315,1,0,1,1,4073,-7385,0.3619047619047619
2022-06-26T00:00:00.000,4:43,40.80867,-73.95763,1,0,1,1,4080,-7395,0.381294964028777
2022-07-04T00:00:00.000,4:00,40.684483,-73.834816,1,0,1,1,4068,-7383,0.45454545454545453
2022-07-04T00:00:00.000,5:45,40.61729,-73.92773,0,0,0,0,4061,-7392,0.2982456140350877
2021-12-11T00:00:00.000,11:58,40.82052,-73.956055,1,0,1,1,4082,-7395,0.4117647058823529
2021-12-03T00:00:00.000,13:38,40.82842,-73.86068,0,0,0,0,4082,-7386,0.3493975903614458
2021-12-11T00:00:00.000,1:52,40.70996,-73.989334,0,0,0,0,4070,-7398,0.21568627450980393
2021-12-11T00:00:00.000,22:09,40.626183,-73.994156,1,0,1,1,4062,-7399,0.3835616438356164
2021-12-07T00:00:00.000,9:55,40.721115,-73.80551,0,0,0,0,4072,-7380,0.2727272727272727
2021-12-11T00:00:00.000,2:00,40.659355,-73.9992,0,0,0,0,4065,-7399,0.4117647058823529
2021-12-05T00:00:00.000,0:00,40.831684,-73.85562,0,0,0,0,4083,-7385,0.30158730158730157
2021-12-11T00:00:00.000,14:00,40.749454,-73.85474,1,0,1,1,4074,-7385,0.35526315789473684
2021-12-11T00:00:00.000,21:06,40.70318,-73.86058,2,0,1,1,4070,-7386,0.38235294117647056
2021-12-10T00:00:00.000,18:13,40.74159,-73.86186,1,0,1,1,4074,-7386,0.3813559322033898
2021-12-09T00:00:00.000,23:05,40.67552,-73.8802,1,0,1,1,4067,-7388,0.30434782608695654
2021-12-11T00:00:00.000,13:00,40.577995,-73.95964,1,0,1,1,4057,-7395,0.47368421052631576
2021-12-10T00:00:00.000,23:55,40.80186,-73.949295,0,0,0,0,4080,-7394,0.41116751269035534
2021-10-11T00:00:00.000,19:12,40.6365472,-74.0286584,1,0,1,1,4063,-7402,0.3877551020408163
2021-12-11T00:00:00.000,8:46,40.796795,-73.94718,1,0,1,1,4079,-7394,0.3523809523809524
2021-10-07T00:00:00.000,7:00,40.7854284,-73.9839899,0,0,0,0,4078,-7398,0.42105263157894735
2021-12-10T00:00:00.000,14:30,40.823086,-73.856186,0,0,0,0,4082,-7385,0.27
2021-10-02T00:00:00.000,15:32,40.7784761,-73.9854489,0,0,0,0,4077,-7398,0.38028169014084506
2021-10-15T00:00:00.000,15:30,40.60965,-73.897371,1,0,1,1,4060,-7389,0.625
2021-12-11T00:00:00.000,20:43,40.661972,-73.94401,1,0,1,1,4066,-7394,0.36792452830188677
2021-10-12T00:00:00.000,16:25,40.8102194,-73.9020722,1,0,1,1,4081,-7390,0.3888888888888889
2021-12-11T00:00:00.000,21:20,40.80148,-73.96786,0,0,0,0,4080,-7396,0.31343283582089554
2021-12-11T00:00:00.000,0:14,40.741188,-73.92383,0,0,0,0,4074,-7392,0.3709677419354839
2021-12-11T00:00:00.000,4:30,40.69684,-73.98707,0,0,0,0,4069,-7398,0.3229166666666667
2022-07-04T00:00:00.000,16:00,40.84196,-73.915306,0,0,0,0,4084,-7391,0.32558139534883723
2022-07-04T00:00:00.000,23:00,40.84453,-73.901764,1,0,1,1,4084,-7390,0.366120218579235
2022-07-04T00:00:00.000,20:00,40.671997,-73.87742,0,0,0,0,4067,-7387,0.30344827586206896
2022-06-28T00:00:00.000,13:50,40.75898,-73.99595,0,0,0,0,4075,-7399,0.2830188679245283
2022-07-02T00:00:00.000,15:57,40.837063,-73.851906,0,0,0,0,4083,-7385,0.30158730158730157
2022-07-04T00:00:00.000,19:05,40.826797,-73.82237,1,0,1,1,4082,-7382,0.46153846153846156
2022-07-02T00:00:00.000,16:00,40.828445,-73.94155,0,0,0,0,4082,-7394,0.3812154696132597
2022-04-06T00:00:00.000,7:50,40.82519,-73.937675,0,0,0,0,4082,-7393,0.36645962732919257
2022-06-19T00:00:00.000,3:45,40.684856,-73.97805,0,0,0,0,4068,-7397,0.3412322274881517
2022-07-04T00:00:00.000,2:35,40.699913,-73.95014,0,0,0,0,4069,-7395,0.30952380952380953
2022-07-04T00:00:00.000,23:25,40.672787,-73.72928,3,0,1,1,4067,-7372,0.3888888888888889
2022-07-04T00:00:00.000,3:01,40.71106,-73.942116,0,0,0,0,4071,-7394,0.3710691823899371
2022-07-04T00:00:00.000,13:30,40.688934,-73.73225,1,0,1,1,4068,-7373,0.29411764705882354
2022-06-25T00:00:00.000,14:15,40.830727,-73.83756,0,0,0,0,4083,-7383,0.36363636363636365
2022-06-29T00:00:00.000,19:45,40.56173,-74.10672,0,0,0,0,4056,-7410,0.4
2022-06-28T00:00:00.000,22:05,40.882416,-73.89933,0,0,0,0,4088,-7389,0.4626865671641791
2022-06-29T00:00:00.000,16:47,40.747295,-73.97405,1,0,1,1,4074,-7397,0.4810810810810811
2022-07-04T00:00:00.000,18:09,40.704494,-73.81743,5,0,1,1,4070,-7381,0.3194444444444444
2022-07-04T00:00:00.000,14:18,40.67339,-73.91678,1,0,1,1,4067,-7391,0.36597938144329895
2022-07-04T00:00:00.000,19:40,40.70324,-73.91439,0,0,0,0,4070,-7391,0.27450980392156865
2022-07-04T00:00:00.000,6:40,40.638844,-74.08471,1,0,1,1,4063,-7408,0.2653061224489796
2022-07-02T00:00:00.000,17:17,40.779827,-73.956406,1,0,1,1,4077,-7395,0.3384615384615385
2022-07-04T00:00:00.000,1:15,40.889156,-73.87869,0,0,0,0,4088,-7387,0.14583333333333334
2022-07-04T00:00:00.000,17:30,40.760372,-73.815094,1,0,1,1,4076,-7381,0.4716981132075472
2022-06-25T00:00:00.000,22:50,40.800827,-73.952835,0,0,0,0,4080,-7395,0.381294964028777
2022-07-03T00:00:00.000,5:00,40.666573,-73.811775,0,0,0,0,4066,-7381,0.4716981132075472
2022-07-04T00:00:00.000,17:40,40.655785,-73.86289,0,0,0,0,4065,-7386,0.36619718309859156
2022-07-04T00:00:00.000,19:47,40.703983,-73.77435,0,0,0,0,4070,-7377,0.2413793103448276
2022-07-04T00:00:00.000,17:30,40.67601,-73.88567,0,0,0,0,4067,-7388,0.30434782608695654
2022-07-04T00:00:00.000,17:20,40.682243,-73.82222,0,0,0,0,4068,-7382,0.41975308641975306
2022-07-04T00:00:00.000,0:10,40.64727,-73.99731,0,0,0,0,4064,-7399,0.3442622950819672
2022-07-04T00:00:00.000,0:20,40.60026,-74.07499,0,0,0,0,4060,-7407,0.25
2022-07-03T00:00:00.000,23:34,40.711323,-73.95464,0,0,0,0,4071,-7395,0.36585365853658536
2022-07-04T00:00:00.000,11:35,40.797,-73.93778,1,0,1,1,4079,-7393,0.36585365853658536
2022-06-29T00:00:00.000,15:37,40.837997,-73.921036,1,0,1,1,4083,-7392,0.310126582278481
2022-07-04T00:00:00.000,23:54,40.64591,-74.01317,1,0,1,1,4064,-7401,0.4295774647887324
2022-07-04T00:00:00.000,5:50,40.67151,-73.76455,0,0,0,0,4067,-7376,0.23076923076923078
2022-06-06T00:00:00.000,12:00,40.890232,-73.83979,0,0,0,0,4089,-7383,0.0
2022-07-04T00:00:00.000,18:00,40.744038,-73.81804,0,0,0,0,4074,-7381,0.46153846153846156
2022-07-04T00:00:00.000,10:56,40.681988,-73.83698,0,0,0,0,4068,-7383,0.45454545454545453
2022-07-04T00:00:00.000,23:50,40.67868,-73.799706,0,0,0,0,4067,-7379,0.4264705882352941
2022-07-04T00:00:00.000,12:15,40.672768,-73.98672,0,0,0,0,4067,-7398,0.3655913978494624
2022-07-04T00:00:00.000,12:00,40.6809,-73.931656,0,0,0,0,4068,-7393,0.3619047619047619
2022-07-01T00:00:00.000,18:20,40.710957,-73.951126,1,0,1,1,4071,-7395,0.36585365853658536
2022-07-04T00:00:00.000,16:54,40.77299,-73.982086,0,0,0,0,4077,-7398,0.38028169014084506
2022-07-04T00:00:00.000,8:30,40.83272,-73.85621,0,0,0,0,4083,-7385,0.30158730158730157
2022-07-04T00:00:00.000,14:30,40.565643,-74.10003,0,0,0,0,4056,-7410,0.4
2022-06-07T00:00:00.000,20:45,40.882538,-73.82697,0,0,0,0,4088,-7382,0.2765957446808511
2022-07-04T00:00:00.000,12:48,40.65149,-73.95382,0,0,0,0,4065,-7395,0.38686131386861317
2022-06-22T00:00:00.000,20:35,40.758976,-73.99394,0,0,0,0,4075,-7399,0.2830188679245283
2022-07-04T00:00:00.000,2:30,40.576023,-74.13615,0,0,0,0,4057,-7413,0.125
2022-07-04T00:00:00.000,19:20,40.669094,-73.89711,0,0,0,0,4066,-7389,0.3103448275862069
2022-07-04T00:00:00.000,2:12,40.648506,-73.9474,0,0,0,0,4064,-7394,0.42342342342342343
2022-07-03T00:00:00.000,20:58,40.827656,-73.8861,1,0,1,1,4082,-7388,0.27624309392265195
2022-07-03T00:00:00.000,20:22,40.60567,-74.030945,0,0,0,0,4060,-7403,0.3
2022-07-01T00:00:00.000,19:30,40.760612,-73.872894,1,0,1,1,4076,-7387,0.48214285714285715
2022-07-04T00:00:00.000,13:34,40.72826,-73.984795,0,0,0,0,4072,-7398,0.4342105263157895
2022-07-04T00:00:00.000,19:56,40.69056,-73.98511,1,0,1,1,4069,-7398,0.3229166666666667
2022-07-02T00:00:00.000,20:40,40.726933,-73.99992,0,0,0,0,4072,-7399,0.3829787234042553
2022-07-01T00:00:00.000,2:45,40.823177,-73.88996,1,0,1,1,4082,-7388,0.27624309392265195
2022-06-29T00:00:00.000,22:15,40.82803,-73.934845,1,0,1,1,4082,-7393,0.36645962732919257
2022-07-04T00:00:00.000,2:55,40.682568,-73.79266,0,0,0,0,4068,-7379,0.35
2022-07-04T00:00:00.000,3:10,40.6845,-73.81428,1,0,1,1,4068,-7381,0.4117647058823529
2022-07-04T00:00:00.000,19:40,40.806644,-73.9407,0,0,0,0,4080,-7394,0.41116751269035534
2022-07-04T00:00:00.000,23:30,40.843903,-73.927284,2,0,1,1,4084,-7392,0.3181818181818182
2022-07-04T00:00:00.000,13:45,40.662563,-73.89146,1,0,1,1,4066,-7389,0.3103448275862069
2022-06-30T00:00:00.000,10:20,40.819477,-73.89987,0,0,0,0,4081,-7389,0.31543624161073824
2022-07-04T00:00:00.000,14:58,40.828407,-73.93125,1,0,1,1,4082,-7393,0.36645962732919257
2022-06-02T00:00:00.000,18:09,40.8585,-73.86783,1,0,1,1,4085,-7386,0.33766233766233766
2022-07-04T00:00:00.000,3:20,40.57557,-73.981224,1,0,1,1,4057,-7398,0.36904761904761907
2022-07-04T00:00:00.000,20:50,40.807186,-73.924286,0,0,0,0,4080,-7392,0.3141025641025641
2022-06-29T00:00:00.000,19:29,40.844715,-73.91228,2,0,1,1,4084,-7391,0.32558139534883723
2022-07-04T00:00:00.000,11:54,40.671825,-73.774506,0,0,0,0,4067,-7377,0.32608695652173914
2022-07-04T00:00:00.000,0:30,40.663452,-73.89206,0,0,0,0,4066,-7389,0.3103448275862069
2022-07-04T00:00:00.000,2:00,40.842346,-73.89836,0,0,0,0,4084,-7389,0.33766233766233766
2022-07-04T00:00:00.000,14:57,40.663788,-73.86808,2,0,1,1,4066,-7386,0.35
2022-07-04T00:00:00.000,9:47,40.807816,-73.93493,1,0,1,1,4080,-7393,0.36312849162011174
2022-07-04T00:00:00.000,1:30,40.674232,-73.86177,2,0,1,1,4067,-7386,0.3431372549019608
2022-06-10T00:00:00.000,15:40,40.67066,-73.904205,1,0,1,1,4067,-7390,0.3282442748091603
2022-07-04T00:00:00.000,21:20,40.642384,-73.92539,2,0,1,1,4064,-7392,0.4077669902912621
2022-06-30T00:00:00.000,4:30,40.75334,-73.8793,0,0,0,0,4075,-7387,0.33884297520661155
2022-07-04T00:00:00.000,0:55,40.62318,-73.98611,1,0,1,1,4062,-7398,0.38
2022-07-03T00:00:00.000,18:45,40.69401,-73.77864,1,0,1,1,4069,-7377,0.35135135135135137
2022-07-03T00:00:00.000,5:10,40.578938,-73.98522,0,0,0,0,4057,-7398,0.36904761904761907
2022-06-29T00:00:00.000,16:40,40.58623,-74.09001,0,0,0,0,4058,-7409,0.15625
2022-07-04T00:00:00.000,18:17,40.654076,-73.93549,1,0,1,1,4065,-7393,0.44366197183098594
2022-07-04T00:00:00.000,16:07,40.609627,-74.14955,2,0,1,1,4060,-7414,0.4074074074074074
2022-06-24T00:00:00.000,19:00,40.72145,-73.851944,1,0,1,1,4072,-7385,0.4418604651162791
2022-06-27T00:00:00.000,16:02,40.700966,-73.94093,0,0,0,0,4070,-7394,0.3956043956043956
2022-07-04T00:00:00.000,0:02,40.82944,-73.90031,0,0,0,0,4082,-7390,0.3025210084033613
2022-07-03T00:00:00.000,16:00,40.87167,-73.897804,0,0,0,0,4087,-7389,0.3333333333333333
2022-07-04T00:00:00.000,19:05,40.617115,-74.014336,0,0,0,0,4061,-7401,0.2972972972972973
2022-06-18T00:00:00.000,4:12,40.845795,-73.92548,2,0,1,1,4084,-7392,0.3181818181818182
2022-07-04T00:00:00.000,12:55,40.863487,-73.85586,0,0,0,0,4086,-7385,0.5
2022-06-24T00:00:00.000,15:25,40.712463,-73.99241,1,0,1,1,4071,-7399,0.3263157894736842
2022-06-10T00:00:00.000,7:22,40.56757,-73.88277,1,0,1,1,4056,-7388,0.3333333333333333
2022-06-22T00:00:00.000,12:30,40.579193,-73.84885,0,0,0,0,4057,-7384,0.8
2022-07-04T00:00:00.000,3:58,40.656307,-73.91887,1,0,1,1,4065,-7391,0.425
2022-01-11T00:00:00.000,17:00,40.782887,-73.9439,0,0,0,0,4078,-7394,0.33513513513513515
2022-04-08T00:00:00.000,10:38,40.552475,-74.11389,0,0,0,0,4055,-7411,0.0
2022-07-04T00:00:00.000,22:43,40.875195,-73.888565,0,0,0,0,4087,-7388,0.3561643835616438
2022-06-17T00:00:00.000,16:30,40.74883,-73.869225,0,0,0,0,4074,-7386,0.3813559322033898
2022-07-04T00:00:00.000,15:59,40.792957,-73.79763,1,0,1,1,4079,-7379,0.5
2022-07-04T00:00:00.000,1:00,40.88291,-73.88168,0,0,0,0,4088,-7388,0.42857142857142855
2022-07-03T00:00:00.000,9:46,40.66925,-73.93944,1,0,1,1,4066,-7393,0.38578680203045684
2021-06-21T00:00:00.000,21:25,40.670734,-73.93373,1,0,1,1,4067,-7393,0.3755868544600939
2021-06-26T00:00:00.000,1:05,40.711033,-73.7281,3,0,1,1,4071,-7372,0.40425531914893614
2021-06-26T00:00:00.000,2:59,40.666435,-73.83478,1,0,1,1,4066,-7383,0.5
2021-06-24T00:00:00.000,11:22,40.774048,-73.92449,2,0,1,1,4077,-7392,0.3269230769230769
2022-07-03T00:00:00.000,3:45,40.58061,-73.98565,1,0,1,1,4058,-7398,0.4
2021-06-25T00:00:00.000,6:30,40.735794,-73.85807,0,0,0,0,4073,-7385,0.3619047619047619
2021-06-26T00:00:00.000,5:30,40.651398,-73.75888,0,0,0,0,4065,-7375,0.4166666666666667
2021-06-23T00:00:00.000,21:38,40.61074,-74.09583,1,0,1,1,4061,-7409,0.46153846153846156
2021-06-25T00:00:00.000,9:46,40.84197,-73.90417,0,0,0,0,4084,-7390,0.366120218579235
2021-06-29T00:00:00.000,13:41,40.7285,-73.91798,0,0,0,0,4072,-7391,0.36
2021-06-24T00:00:00.000,2:10,40.626316,-74.179726,0,0,0,0,4062,-7417,0.16666666666666666
2021-06-24T00:00:00.000,21:35,40.838036,-73.9103,0,0,0,0,4083,-7391,0.33714285714285713
2021-06-28T00:00:00.000,23:17,40.824078,-73.94889,1,0,1,1,4082,-7394,0.3812154696132597
2021-06-10T00:00:00.000,18:20,40.725433,-73.951744,0,0,0,0,4072,-7395,0.22093023255813954
2022-07-04T00:00:00.000,2:30,40.632294,-73.96678,0,0,0,0,4063,-7396,0.34615384615384615
2022-07-04T00:00:00.000,4:50,40.613052,-73.94913,1,0,1,1,4061,-7394,0.48484848484848486
2022-07-04T00:00:00.000,12:30,40.67526,-73.85451,0,0,0,0,4067,-7385,0.26666666666666666
2022-06-19T00:00:00.000,18:03,40.735134,-74.00607,0,0,0,0,4073,-7400,0.2403846153846154
2022-07-04T00:00:00.000,17:18,40.68414,-73.91657,1,0,1,1,4068,-7391,0.344
2022-07-03T00:00:00.000,16:15,40.668278,-73.92005,0,0,0,0,4066,-7392,0.355
2021-06-29T00:00:00.000,16:33,40.62143,-74.02299,1,0,1,1,4062,-7402,0.3625
2021-06-29T00:00:00.000,23:10,40.66484,-73.82229,1,0,1,1,4066,-7382,0.43103448275862066
2021-06-29T00:00:00.000,15:40,40.843204,-73.91196,0,0,0,0,4084,-7391,0.32558139534883723
2021-06-23T00:00:00.000,19:35,40.753475,-73.99254,0,0,0,0,4075,-7399,0.2830188679245283
2021-06-22T00:00:00.000,17:52,40.71949,-73.95595,0,0,0,0,4071,-7395,0.36585365853658536
2021-06-29T00:00:00.000,0:25,40.656536,-74.00357,0,0,0,0,4065,-7400,0.41509433962264153
2021-06-29T00:00:00.000,17:45,40.66547,-73.75447,0,0,0,0,4066,-7375,0.3
2021-06-29T00:00:00.000,19:29,40.7923,-73.95046,0,0,0,0,4079,-7395,0.42
2021-06-29T00:00:00.000,23:28,40.71022,-74.00775,0,0,0,0,4071,-7400,0.25517241379310346
2021-06-28T00:00:00.000,20:08,40.63497,-73.951225,0,0,0,0,4063,-7395,0.48484848484848486
2021-06-23T00:00:00.000,21:37,40.686905,-73.94463,1,0,1,1,4068,-7394,0.4409448818897638
2021-06-29T00:00:00.000,2:11,40.817387,-73.92277,0,0,0,0,4081,-7392,0.4714285714285714
2021-06-29T00:00:00.000,19:23,40.57275,-73.997055,0,0,0,0,4057,-7399,0.32558139534883723
2021-06-07T00:00:00.000,11:00,40.82005,-73.92088,0,0,0,0,4082,-7392,0.3333333333333333
2021-06-29T00:00:00.000,12:10,40.63256,-73.96087,0,0,0,0,4063,-7396,0.34615384615384615
2021-06-29T00:00:00.000,20:50,40.62333,-73.93095,0,0,0,0,4062,-7393,0.4444444444444444
2021-06-29T00:00:00.000,1:04,40.661385,-73.8841,0,0,0,0,4066,-7388,0.37012987012987014
2021-06-29T00:00:00.000,3:05,40.63759,-73.927864,0,0,0,0,4063,-7392,0.4036697247706422
2021-06-29T00:00:00.000,20:50,40.65958,-73.83705,0,0,0,0,4065,-7383,0.38095238095238093
2021-06-29T00:00:00.000,13:10,40.588936,-73.94554,2,0,1,1,4058,-7394,0.40816326530612246
2021-06-29T00:00:00.000,18:15,40.73842,-73.8989,0,0,0,0,4073,-7389,0.2857142857142857
2021-06-29T00:00:00.000,13:40,40.604618,-74.162384,0,0,0,0,4060,-7416,0.42857142857142855
2021-06-29T00:00:00.000,6:30,40.769993,-73.915825,0,0,0,0,4076,-7391,0.40476190476190477
2022-06-27T00:00:00.000,18:07,40.629166,-74.128815,0,0,0,0,4062,-7412,0.21739130434782608
2021-06-29T00:00:00.000,11:15,40.709503,-74.00167,0,0,0,0,4070,-7400,0.2542372881355932
2021-06-28T00:00:00.000,14:50,40.668503,-73.92558,1,0,1,1,4066,-7392,0.355
2021-06-29T00:00:00.000,8:05,40.691105,-73.97044,0,0,0,0,4069,-7397,0.3253012048192771
2021-06-29T00:00:00.000,9:40,40.75343,-73.93782,0,0,0,0,4075,-7393,0.43478260869565216
2021-06-29T00:00:00.000,8:05,40.741863,-73.90751,0,0,0,0,4074,-7390,0.40625
2021-06-29T00:00:00.000,2:55,40.747684,-73.97879,1,0,1,1,4074,-7397,0.4810810810810811
2021-06-29T00:00:00.000,10:20,40.616714,-73.971855,1,0,1,1,4061,-7397,0.421875
2021-06-29T00:00:00.000,13:20,40.70137,-73.94457,0,0,0,0,4070,-7394,0.3956043956043956
2021-06-29T00:00:00.000,5:45,40.75855,-73.924866,1,0,1,1,4075,-7392,0.48148148148148145
2021-06-29T00:00:00.000,21:00,40.76049,-73.767525,0,0,0,0,4076,-7376,0.21739130434782608
2021-06-29T00:00:00.000,14:40,40.701103,-73.939255,0,0,0,0,4070,-7393,0.3300970873786408
2021-06-29T00:00:00.000,9:29,40.684357,-73.830925,0,0,0,0,4068,-7383,0.45454545454545453
2022-07-04T00:00:00.000,11:24,40.74283,-74.007706,0,0,0,0,4074,-7400,0.27710843373493976
2021-06-29T00:00:00.000,18:19,40.84506,-73.916855,2,0,1,1,4084,-7391,0.32558139534883723
2021-06-29T00:00:00.000,14:55,40.67613,-73.884865,1,0,1,1,4067,-7388,0.30434782608695654
2021-06-23T00:00:00.000,22:00,40.680717,-73.9463,0,0,0,0,4068,-7394,0.4409448818897638
2021-06-29T00:00:00.000,16:21,40.640522,-73.984634,0,0,0,0,4064,-7398,0.40425531914893614
2021-06-21T00:00:00.000,17:23,40.751816,-73.99744,1,0,1,1,4075,-7399,0.2830188679245283
2021-06-29T00:00:00.000,20:00,40.66701,-73.9004,1,0,1,1,4066,-7390,0.2777777777777778
2021-06-29T00:00:00.000,2:25,40.65255,-73.93049,1,0,1,1,4065,-7393,0.44366197183098594
2021-06-29T00:00:00.000,23:49,40.676872,-73.94985,3,0,1,1,4067,-7394,0.34074074074074073
2021-06-29T00:00:00.000,17:02,40.751892,-73.779816,0,0,0,0,4075,-7377,0.24
2022-07-03T00:00:00.000,14:00,40.587067,-74.09162,0,0,0,0,4058,-7409,0.15625
2021-06-29T00:00:00.000,3:45,40.62175,-73.93202,0,0,0,0,4062,-7393,0.4444444444444444
2021-06-29T00:00:00.000,18:11,40.706657,-74.015915,0,0,0,0,4070,-7401,0.140625
2021-06-29T00:00:00.000,16:10,40.769737,-73.91244,0,0,0,0,4076,-7391,0.40476190476190477
2021-06-29T00:00:00.000,13:15,40.8492,-73.82716,0,0,0,0,4084,-7382,0.4
2021-06-29T00:00:00.000,17:39,40.711643,-73.94392,1,0,1,1,4071,-7394,0.3710691823899371
2021-06-26T00:00:00.000,16:45,40.756,-73.9427,0,0,0,0,4075,-7394,0.41333333333333333
2021-06-29T00:00:00.000,9:25,40.739883,-73.868996,1,0,1,1,4073,-7386,0.3464566929133858
2021-06-24T00:00:00.000,14:03,40.750893,-73.99629,1,0,1,1,4075,-7399,0.2830188679245283
2021-06-29T00:00:00.000,19:48,40.858387,-73.90279,0,0,0,0,4085,-7390,0.42207792207792205
2022-02-20T00:00:00.000,18:30,40.60436,-74.1243,0,0,0,0,4060,-7412,0.2608695652173913
2021-06-29T00:00:00.000,23:05,40.824207,-73.858795,0,0,0,0,4082,-7385,0.27
2021-06-29T00:00:00.000,23:43,40.639305,-73.95898,1,0,1,1,4063,-7395,0.48484848484848486
2021-06-29T00:00:00.000,18:18,40.59727,-73.99868,1,0,1,1,4059,-7399,0.3076923076923077
2021-06-22T00:00:00.000,20:15,40.75934,-73.99197,0,0,0,0,4075,-7399,0.2830188679245283
2021-06-28T00:00:00.000,17:45,40.680016,-73.87743,0,0,0,0,4068,-7387,0.24719101123595505
2021-06-29T00:00:00.000,2:30,40.760746,-73.89081,0,0,0,0,4076,-7389,0.35185185185185186
2021-06-29T00:00:00.000,21:00,40.694813,-73.98327,0,0,0,0,4069,-7398,0.3229166666666667
2021-06-29T00:00:00.000,15:40,40.85429,-73.90027,0,0,0,0,4085,-7390,0.42207792207792205
2021-06-20T00:00:00.000,3:05,40.697403,-73.83641,1,0,1,1,4069,-7383,0.35555555555555557
2021-06-29T00:00:00.000,1:30,40.690292,-73.98444,0,0,0,0,4069,-7398,0.3229166666666667
2021-06-29T00:00:00.000,17:15,40.721268,-73.870674,1,0,1,1,4072,-7387,0.5714285714285714
2021-06-17T00:00:00.000,20:19,40.72143,-73.892746,1,0,1,1,4072,-7389,0.41379310344827586
2021-06-29T00:00:00.000,14:37,40.74701,-73.977196,1,0,1,1,4074,-7397,0.4810810810810811
2021-06-29T00:00:00.000,13:38,40.74084,-73.72681,4,0,1,1,4074,-7372,0.375
2021-06-21T00:00:00.000,14:00,40.69217,-73.95194,0,0,0,0,4069,-7395,0.30952380952380953
2021-06-29T00:00:00.000,16:00,40.666595,-73.87176,0,0,0,0,4066,-7387,0.38461538461538464
2021-06-23T00:00:00.000,15:15,40.75147,-73.98205,0,0,0,0,4075,-7398,0.3170731707317073
2021-06-29T00:00:00.000,0:31,40.593327,-73.964645,2,0,1,1,4059,-7396,0.38596491228070173
2021-06-26T00:00:00.000,21:30,40.74915,-73.98828,1,0,1,1,4074,-7398,0.40131578947368424
2021-06-29T00:00:00.000,0:00,40.658657,-73.771996,1,0,1,1,4065,-7377,0.3125
2021-06-29T00:00:00.000,12:45,40.610508,-74.09576,0,0,0,0,4061,-7409,0.46153846153846156
2021-06-29T00:00:00.000,7:30,40.65399,-73.96415,1,0,1,1,4065,-7396,0.3939393939393939
2021-06-29T00:00:00.000,18:25,40.615383,-73.92891,0,0,0,0,4061,-7392,0.2982456140350877
2021-06-29T00:00:00.000,12:00,40.696335,-73.930504,0,0,0,0,4069,-7393,0.3141025641025641
2021-06-29T00:00:00.000,16:05,40.608788,-73.96214,3,0,1,1,4060,-7396,0.5714285714285714
2021-06-29T00:00:00.000,2:50,40.64471,-74.07704,0,0,0,0,4064,-7407,0.2222222222222222
2021-06-28T00:00:00.000,14:40,40.58731,-74.19818,0,0,0,0,4058,-7419,0.0
2021-06-29T00:00:00.000,11:10,40.824913,-73.8689,0,0,0,0,4082,-7386,0.3493975903614458
2021-06-29T00:00:00.000,8:38,40.659485,-73.76783,0,0,0,0,4065,-7376,0.35714285714285715
2021-06-24T00:00:00.000,7:45,40.684883,-73.97317,0,0,0,0,4068,-7397,0.3412322274881517
2021-06-29T00:00:00.000,19:50,40.63328,-73.8905,0,0,0,0,4063,-7389,0.41818181818181815
2021-06-29T00:00:00.000,12:11,40.75519,-73.97122,0,0,0,0,4075,-7397,0.375886524822695
2021-06-29T00:00:00.000,17:55,40.660095,-73.87347,2,0,1,1,4066,-7387,0.38461538461538464
2021-06-29T00:00:00.000,2:05,40.730434,-73.875595,1,0,1,1,4073,-7387,0.3140495867768595
2021-06-29T00:00:00.000,11:07,40.833843,-73.94851,0,0,0,0,4083,-7394,0.38926174496644295
2021-06-29T00:00:00.000,21:30,40.882893,-73.8581,0,0,0,0,4088,-7385,0.36619718309859156
2021-06-29T00:00:00.000,6:46,40.702126,-73.89164,1,0,1,1,4070,-7389,0.2711864406779661
2021-06-29T00:00:00.000,14:08,40.721794,-73.94804,0,0,0,0,4072,-7394,0.19801980198019803
2021-06-29T00:00:00.000,15:05,40.76555,-73.83911,0,0,0,0,4076,-7383,0.33695652173913043
2021-06-29T00:00:00.000,18:20,40.666306,-73.79171,0,0,0,0,4066,-7379,0.3870967741935484
2021-06-29T00:00:00.000,10:45,40.69841,-73.956924,0,0,0,0,4069,-7395,0.30952380952380953
2021-06-24T00:00:00.000,12:00,40.6884,-73.95118,0,0,0,0,4068,-7395,0.38571428571428573
2021-06-29T00:00:00.000,17:00,40.67189,-73.895874,1,0,1,1,4067,-7389,0.33852140077821014
2021-06-29T00:00:00.000,23:31,40.636818,-74.15794,0,0,0,0,4063,-7415,0.3333333333333333
2021-06-20T00:00:00.000,9:38,40.677624,-73.93308,0,0,0,0,4067,-7393,0.3755868544600939
2021-06-29T00:00:00.000,8:22,40.640274,-73.99025,1,0,1,1,4064,-7399,0.3442622950819672
2021-06-29T00:00:00.000,0:10,40.673676,-73.86576,0,0,0,0,4067,-7386,0.3431372549019608
2021-06-29T00:00:00.000,1:00,40.667236,-73.770004,0,0,0,0,4066,-7377,0.37362637362637363
2022-02-18T00:00:00.000,12:57,40.640068,-73.986885,1,0,1,1,4064,-7398,0.40425531914893614
2021-06-29T00:00:00.000,23:04,40.658516,-73.90108,0,0,0,0,4065,-7390,0.375
2021-06-29T00:00:00.000,10:20,40.690044,-73.81481,0,0,0,0,4069,-7381,0.3902439024390244
2021-06-29T00:00:00.000,11:30,40.710217,-73.9358,0,0,0,0,4071,-7393,0.2711864406779661
2021-06-24T00:00:00.000,16:40,40.68218,-73.94659,3,0,1,1,4068,-7394,0.4409448818897638
2021-06-27T00:00:00.000,21:45,40.687164,-73.85232,0,0,0,0,4068,-7385,0.43103448275862066
2021-06-29T00:00:00.000,15:54,40.586205,-73.93417,0,0,0,0,4058,-7393,0.24324324324324326
2021-06-29T00:00:00.000,9:30,40.671684,-73.75647,1,0,1,1,4067,-7375,0.2608695652173913
2021-06-29T00:00:00.000,21:40,40.71817,-73.945,0,0,0,0,4071,-7394,0.3710691823899371
2021-06-29T00:00:00.000,21:22,40.687397,-73.995735,1,0,1,1,4068,-7399,0.17857142857142858
2021-06-29T00:00:00.000,14:45,40.752563,-73.90526,0,0,0,0,4075,-7390,0.37254901960784315
2021-06-29T00:00:00.000,2:35,0.0,0.0,0,0,0,0,0,0,0.40425531914893614
2021-06-29T00:00:00.000,22:55,40.75587,-73.88234,0,0,0,0,4075,-7388,0.3402061855670103
2021-06-29T00:00:00.000,13:50,40.70622,-73.72792,0,0,0,0,4070,-7372,0.4
2021-06-29T00:00:00.000,0:21,40.676144,-73.893074,2,1,2,1,4067,-7389,0.33852140077821014
2021-06-29T00:00:00.000,19:49,40.601463,-73.97555,0,0,0,0,4060,-7397,0.3469387755102041
2021-06-29T00:00:00.000,11:00,40.75967,-73.92725,0,0,0,0,4075,-7392,0.48148148148148145
2021-06-25T00:00:00.000,16:40,40.760353,-73.99124,0,0,0,0,4076,-7399,0.3275862068965517
2021-06-29T00:00:00.000,17:50,40.73594,-73.85887,0,0,0,0,4073,-7385,0.3619047619047619
2021-06-29T00:00:00.000,23:10,40.67619,-73.9081,0,0,0,0,4067,-7390,0.3282442748091603
2021-06-29T00:00:00.000,0:25,40.656536,-74.00357,0,0,0,0,4065,-7400,0.41509433962264153
2021-06-26T00:00:00.000,18:18,40.607635,-73.92159,0,0,0,0,4060,-7392,0.3333333333333333
2021-06-29T00:00:00.000,11:40,40.7324,-73.76561,1,0,1,1,4073,-7376,0.2857142857142857
2021-06-28T00:00:00.000,18:00,40.896004,-73.842,0,0,0,0,4089,-7384,0.3333333333333333
2021-06-29T00:00:00.000,13:41,40.738228,-73.987785,1,0,1,1,4073,-7398,0.36942675159235666
2021-06-29T00:00:00.000,18:17,40.879856,-73.845,1,0,1,1,4087,-7384,0.47297297297297297
2021-06-29T00:00:00.000,8:05,40.635303,-73.92668,0,0,0,0,4063,-7392,0.4036697247706422
2021-06-29T00:00:00.000,12:20,40.843975,-73.913864,0,0,0,0,4084,-7391,0.32558139534883723
2021-06-29T00:00:00.000,15:36,40.842365,-73.89005,0,0,0,0,4084,-7389,0.33766233766233766
2021-06-26T00:00:00.000,16:23,40.70049,-73.90134,1,0,1,1,4070,-7390,0.37894736842105264
2021-06-29T00:00:00.000,10:46,40.694008,-73.97102,0,0,0,0,4069,-7397,0.3253012048192771
2021-06-29T00:00:00.000,14:00,40.7227,-73.99504,1,0,1,1,4072,-7399,0.3829787234042553
2021-06-29T00:00:00.000,21:50,40.634922,-73.96132,1,0,1,1,4063,-7396,0.34615384615384615
2021-06-29T00:00:00.000,19:10,40.813858,-73.89752,0,0,0,0,4081,-7389,0.31543624161073824
2021-06-29T00:00:00.000,12:00,40.825912,-73.83647,0,0,0,0,4082,-7383,0.34210526315789475
2021-06-29T00:00:00.000,15:26,40.73305,-74.00642,1,0,1,1,4073,-7400,0.2403846153846154
2021-06-29T00:00:00.000,19:30,40.801754,-73.93121,1,0,1,1,4080,-7393,0.36312849162011174
2021-06-29T00:00:00.000,19:00,40.749844,-73.95225,1,0,1,1,4074,-7395,0.35185185185185186
2022-06-30T00:00:00.000,22:44,40.86128,-73.821625,0,0,0,0,4086,-7382,0.3611111111111111
2021-06-29T00:00:00.000,9:49,40.76311,-73.962524,0,0,0,0,4076,-7396,0.3023255813953488
2021-06-29T00:00:00.000,11:15,40.88298,-73.828384,1,0,1,1,4088,-7382,0.2765957446808511
2021-06-29T00:00:00.000,15:40,40.675446,-73.88069,0,0,0,0,4067,-7388,0.30434782608695654
2021-06-29T00:00:00.000,17:20,40.680763,-73.88528,0,0,0,0,4068,-7388,0.36538461538461536
2021-06-29T00:00:00.000,15:35,40.847225,-73.85824,0,0,0,0,4084,-7385,0.32727272727272727
2021-06-29T00:00:00.000,18:50,40.5832,-73.97304,0,0,0,0,4058,-7397,0.2727272727272727
2021-06-29T00:00:00.000,20:02,40.625088,-73.96217,0,0,0,0,4062,-7396,0.375
2021-06-29T00:00:00.000,7:00,40.74132,-73.78478,0,0,0,0,4074,-7378,0.43478260869565216
2021-06-15T00:00:00.000,8:45,40.60809,-74.162285,1,0,1,1,4060,-7416,0.42857142857142855
2021-06-29T00:00:00.000,3:52,40.821693,-73.87743,0,0,0,0,4082,-7387,0.33544303797468356
2021-06-29T00:00:00.000,11:45,40.769543,-73.7924,1,0,1,1,4076,-7379,0.2631578947368421
2021-06-29T00:00:00.000,4:45,40.802357,-73.941,0,0,0,0,4080,-7394,0.41116751269035534
2021-06-29T00:00:00.000,15:10,40.7568,-73.873665,1,0,1,1,4075,-7387,0.33884297520661155
2021-06-27T00:00:00.000,15:07,40.621635,-74.009636,1,0,1,1,4062,-7400,0.3150684931506849
2021-06-29T00:00:00.000,19:55,40.744015,-74.00851,1,0,1,1,4074,-7400,0.27710843373493976
2021-06-29T00:00:00.000,12:00,40.843822,-73.9275,0,0,0,0,4084,-7392,0.3181818181818182
2021-06-25T00:00:00.000,19:40,40.749725,-73.98363,0,0,0,0,4074,-7398,0.40131578947368424
2021-06-29T00:00:00.000,22:58,40.828217,-73.8414,1,0,1,1,4082,-7384,0.3835616438356164
2021-06-29T00:00:00.000,23:15,40.589603,-74.089386,0,0,0,0,4058,-7408,0.1111111111111111
2021-06-29T00:00:00.000,13:09,40.87673,-73.86444,2,0,1,1,4087,-7386,0.3142857142857143
2021-06-29T00:00:00.000,7:33,40.81394,-73.948425,1,0,1,1,4081,-7394,0.38
2021-06-29T00:00:00.000,19:00,40.832424,-73.892426,0,0,0,0,4083,-7389,0.3333333333333333
2021-06-29T00:00:00.000,17:10,40.71445,-73.9306,0,0,0,0,4071,-7393,0.2711864406779661
2021-06-28T00:00:00.000,17:00,40.739925,-73.9818,0,0,0,0,4073,-7398,0.36942675159235666
2021-06-29T00:00:00.000,19:43,40.651512,-73.93521,1,0,1,1,4065,-7393,0.44366197183098594
2021-06-29T00:00:00.000,7:57,40.747044,-73.98713,0,0,0,0,4074,-7398,0.40131578947368424
2022-07-02T00:00:00.000,8:50,40.763134,-73.92093,0,0,0,0,4076,-7392,0.42105263157894735
2021-06-18T00:00:00.000,20:40,40.758427,-73.99264,0,0,0,0,4075,-7399,0.2830188679245283
2021-06-27T00:00:00.000,7:02,40.678238,-73.94415,0,0,0,0,4067,-7394,0.34074074074074073
2021-06-29T00:00:00.000,1:09,40.69382,-73.72694,0,0,0,0,4069,-7372,0.40425531914893614
2021-06-29T00:00:00.000,11:30,40.814365,-73.910706,1,0,1,1,4081,-7391,0.47244094488188976
2021-06-27T00:00:00.000,22:45,40.613075,-74.12257,2,0,1,1,4061,-7412,0.25
2021-06-25T00:00:00.000,20:45,40.726067,-73.9089,1,0,1,1,4072,-7390,0.2978723404255319
2021-06-29T00:00:00.000,9:30,40.810627,-73.95828,2,0,1,1,4081,-7395,0.3509933774834437
2021-06-29T00:00:00.000,23:43,40.728962,-73.85523,0,0,0,0,4072,-7385,0.4418604651162791
2021-06-29T00:00:00.000,22:30,40.58873,-73.94739,2,0,1,1,4058,-7394,0.40816326530612246
2021-06-28T00:00:00.000,8:43,40.829647,-73.94439,1,0,1,1,4082,-7394,0.3812154696132597
2021-06-29T00:00:00.000,12:10,40.632675,-74.116844,1,0,1,1,4063,-7411,0.20689655172413793
2021-06-29T00:00:00.000,9:35,40.806477,-73.908455,1,0,1,1,4080,-7390,0.36538461538461536
2021-06-29T00:00:00.000,9:45,40.63396,-74.01476,0,0,0,0,4063,-7401,0.37777777777777777
2021-06-29T00:00:00.000,17:45,40.718685,-73.99051,0,0,0,0,4071,-7399,0.3263157894736842
2021-06-25T00:00:00.000,9:30,40.802753,-73.93358,0,0,0,0,4080,-7393,0.36312849162011174
2021-06-20T00:00:00.000,4:45,40.757908,-73.9893,0,0,0,0,4075,-7398,0.3170731707317073
2021-06-29T00:00:00.000,11:30,40.69612,-73.74619,0,0,0,0,4069,-7374,0.46774193548387094
2021-06-29T00:00:00.000,17:23,40.667084,-73.78698,0,0,0,0,4066,-7378,0.34615384615384615
2021-06-20T00:00:00.000,16:30,40.678394,-73.94692,0,0,0,0,4067,-7394,0.34074074074074073
2021-06-29T00:00:00.000,15:05,40.760307,-73.87582,2,0,1,1,4076,-7387,0.48214285714285715
2021-06-26T00:00:00.000,5:30,40.62771,-73.960686,0,0,0,0,4062,-7396,0.375
2021-06-25T00:00:00.000,17:50,40.75531,-73.99309,1,0,1,1,4075,-7399,0.2830188679245283
2021-06-27T00:00:00.000,18:30,40.5453,-74.14767,0,0,0,0,4054,-7414,0.2631578947368421
2021-06-27T00:00:00.000,12:55,40.638523,-73.98131,1,0,1,1,4063,-7398,0.4827586206896552
2021-06-28T00:00:00.000,2:34,40.7495,-73.98308,0,0,0,0,4074,-7398,0.40131578947368424
2021-06-29T00:00:00.000,0:00,40.67906,-73.81936,1,0,1,1,4067,-7381,0.4230769230769231
2021-06-28T00:00:00.000,9:40,40.650887,-73.96466,0,0,0,0,4065,-7396,0.3939393939393939
2021-06-29T00:00:00.000,18:30,40.532227,-74.204056,0,0,0,0,4053,-7420,0.5555555555555556
2021-06-29T00:00:00.000,18:08,40.648655,-73.92232,0,0,0,0,4064,-7392,0.4077669902912621
2021-06-29T00:00:00.000,18:15,40.821636,-73.93909,0,0,0,0,4082,-7393,0.36645962732919257
2021-06-29T00:00:00.000,11:00,40.83142,-73.92644,0,0,0,0,4083,-7392,0.310126582278481
2021-06-29T00:00:00.000,8:30,40.70617,-73.83461,0,0,0,0,4070,-7383,0.3541666666666667
2021-06-29T00:00:00.000,20:15,40.714714,-73.95842,0,0,0,0,4071,-7395,0.36585365853658536
2021-06-18T00:00:00.000,18:59,40.61074,-74.09583,0,0,0,0,4061,-7409,0.46153846153846156
2021-06-29T00:00:00.000,16:30,40.71356,-73.99631,0,0,0,0,4071,-7399,0.3263157894736842
2021-06-29T00:00:00.000,20:05,40.655273,-73.93178,1,0,1,1,4065,-7393,0.44366197183098594
2021-06-29T00:00:00.000,12:20,40.897068,-73.843376,0,0,0,0,4089,-7384,0.3333333333333333
2021-06-29T00:00:00.000,1:58,40.644302,-74.086914,0,0,0,0,4064,-7408,0.2894736842105263
2021-06-29T00:00:00.000,0:50,40.726185,-73.87022,1,0,1,1,4072,-7387,0.5714285714285714
2021-06-10T00:00:00.000,21:15,40.71625,-73.95519,1,0,1,1,4071,-7395,0.36585365853658536
2021-06-29T00:00:00.000,8:40,40.83852,-73.92619,0,0,0,0,4083,-7392,0.310126582278481
2021-06-16T00:00:00.000,14:14,40.752655,-73.99312,0,0,0,0,4075,-7399,0.2830188679245283
2021-06-29T00:00:00.000,19:25,40.80226,-73.94428,1,0,1,1,4080,-7394,0.41116751269035534
2021-06-29T00:00:00.000,19:07,40.671196,-73.84296,0,0,0,0,4067,-7384,0.28888888888888886
2021-06-28T00:00:00.000,14:40,40.6972,-73.952934,0,0,0,0,4069,-7395,0.30952380952380953
2021-06-28T00:00:00.000,4:05,40.59566,-73.99314,1,0,1,1,4059,-7399,0.3076923076923077
2021-06-29T00:00:00.000,8:30,40.879883,-73.880486,1,0,1,1,4087,-7388,0.3561643835616438
2021-06-29T00:00:00.000,18:55,40.75855,-73.82964,0,0,0,0,4075,-7382,0.4915254237288136
2021-06-29T00:00:00.000,19:25,40.613194,-73.92631,0,0,0,0,4061,-7392,0.2982456140350877
2021-06-29T00:00:00.000,17:30,40.842804,-73.83104,0,0,0,0,4084,-7383,0.4318181818181818
2021-06-23T00:00:00.000,20:00,40.728474,-73.85174,0,0,0,0,4072,-7385,0.4418604651162791
2021-06-29T00:00:00.000,10:02,40.702953,-73.91706,1,0,1,1,4070,-7391,0.27450980392156865
2021-06-29T00:00:00.000,11:38,40.778587,-73.90174,0,0,0,0,4077,-7390,0.3404255319148936
2021-06-21T00:00:00.000,3:39,40.591293,-74.15302,1,0,1,1,4059,-7415,0.5
2021-06-29T00:00:00.000,12:00,40.802753,-73.93358,2,0,1,1,4080,-7393,0.36312849162011174
2021-06-27T00:00:00.000,0:00,40.81175,-73.93144,1,0,1,1,4081,-7393,0.32432432432432434
2021-06-29T00:00:00.000,9:30,40.716515,-73.99463,0,0,0,0,4071,-7399,0.3263157894736842
2021-06-29T00:00:00.000,4:15,40.663643,-73.89084,0,0,0,0,4066,-7389,0.3103448275862069
2021-06-29T00:00:00.000,14:41,40.762424,-73.831665,0,0,0,0,4076,-7383,0.33695652173913043
2021-06-29T00:00:00.000,18:38,40.742443,-73.93023,1,0,1,1,4074,-7393,0.3333333333333333
2021-06-27T00:00:00.000,20:45,40.6427,-73.87661,1,0,1,1,4064,-7387,0.4918032786885246
2021-06-29T00:00:00.000,19:00,40.677654,-73.82866,0,0,0,0,4067,-7382,0.4186046511627907
2021-06-29T00:00:00.000,7:36,40.64647,-74.01258,1,0,1,1,4064,-7401,0.4295774647887324
2021-06-27T00:00:00.000,17:15,40.748436,-73.984566,0,0,0,0,4074,-7398,0.40131578947368424
2021-06-22T00:00:00.000,13:45,40.748436,-73.984566,0,0,0,0,4074,-7398,0.40131578947368424
2021-06-29T00:00:00.000,12:54,40.818558,-73.92732,1,0,1,1,4081,-7392,0.4714285714285714
2021-06-29T00:00:00.000,22:45,40.690914,-73.72819,0,0,0,0,4069,-7372,0.40425531914893614
2021-06-29T00:00:00.000,15:04,40.619408,-73.91208,0,0,0,0,4061,-7391,0.358974358974359
2021-06-29T00:00:00.000,16:11,40.727154,-74.005554,0,0,0,0,4072,-7400,0.32926829268292684
2021-06-29T00:00:00.000,0:00,40.79395,-73.97417,0,0,0,0,4079,-7397,0.24210526315789474
2021-06-17T00:00:00.000,8:32,40.671402,-73.92236,0,0,0,0,4067,-7392,0.39655172413793105
2021-06-29T00:00:00.000,12:29,40.665833,-73.92244,0,0,0,0,4066,-7392,0.355
2022-07-04T00:00:00.000,20:45,40.66331,-73.84287,1,0,1,1,4066,-7384,0.5925925925925926
2021-06-29T00:00:00.000,1:22,40.835297,-73.91291,0,0,0,0,4083,-7391,0.33714285714285713
2021-06-29T00:00:00.000,20:45,40.60518,-73.98018,0,0,0,0,4060,-7398,0.2711864406779661
2021-06-29T00:00:00.000,17:22,40.890293,-73.86518,0,0,0,0,4089,-7386,0.28205128205128205
2021-06-26T00:00:00.000,0:15,40.666035,-73.7592,0,0,0,0,4066,-7375,0.3
2021-06-29T00:00:00.000,18:00,40.61463,-74.16393,1,0,1,1,4061,-7416,0.2727272727272727
2021-06-29T00:00:00.000,16:42,40.613655,-73.978,1,0,1,1,4061,-7397,0.421875
2021-06-29T00:00:00.000,14:20,40.58481,-73.98301,1,0,1,1,4058,-7398,0.4
2021-06-29T00:00:00.000,20:35,40.830353,-73.90347,0,0,0,0,4083,-7390,0.3064516129032258
2021-06-29T00:00:00.000,0:50,40.596745,-73.985275,2,0,1,1,4059,-7398,0.34146341463414637
2021-06-29T00:00:00.000,10:49,40.5998,-73.9476,0,0,0,0,4059,-7394,0.275
2021-06-29T00:00:00.000,3:30,40.666676,-73.87008,0,0,0,0,4066,-7387,0.38461538461538464
2021-06-29T00:00:00.000,18:25,40.74701,-73.977196,1,0,1,1,4074,-7397,0.4810810810810811
2021-06-29T00:00:00.000,20:25,40.67334,-73.88617,1,0,1,1,4067,-7388,0.30434782608695654
2021-06-29T00:00:00.000,4:20,40.845528,-73.86461,0,0,0,0,4084,-7386,0.375
2021-06-24T00:00:00.000,17:10,40.752563,-73.99434,1,0,1,1,4075,-7399,0.2830188679245283
2021-06-28T00:00:00.000,7:10,40.693577,-73.82874,0,0,0,0,4069,-7382,0.37209302325581395
2021-06-29T00:00:00.000,21:00,40.620865,-73.935,2,0,1,1,4062,-7393,0.4444444444444444
2021-06-29T00:00:00.000,18:03,40.733433,-73.9955,1,0,1,1,4073,-7399,0.423728813559322
2021-06-29T00:00:00.000,21:00,40.651367,-73.95592,1,0,1,1,4065,-7395,0.38686131386861317
2021-06-29T00:00:00.000,20:00,40.807903,-73.92005,1,0,1,1,4080,-7392,0.3141025641025641
2021-06-29T00:00:00.000,16:25,40.651863,-73.86536,1,0,1,1,4065,-7386,0.36619718309859156
2021-06-29T00:00:00.000,23:00,40.586517,-73.933304,0,0,0,0,4058,-7393,0.24324324324324326
2021-06-28T00:00:00.000,2:15,40.63321,-73.92259,0,0,0,0,4063,-7392,0.4036697247706422
2021-06-29T00:00:00.000,18:20,40.585056,-73.928894,0,0,0,0,4058,-7392,0.375
2021-06-29T00:00:00.000,17:20,40.659477,-73.908134,0,0,0,0,4065,-7390,0.375
2021-06-29T00:00:00.000,22:00,40.829155,-73.93728,0,0,0,0,4082,-7393,0.36645962732919257
2021-06-29T00:00:00.000,16:13,40.832535,-73.85797,0,0,0,0,4083,-7385,0.30158730158730157
2021-06-29T00:00:00.000,2:22,40.632847,-73.928375,2,0,1,1,4063,-7392,0.4036697247706422
2021-06-29T00:00:00.000,14:55,40.71283,-73.87821,0,0,0,0,4071,-7387,0.5652173913043478
2021-06-29T00:00:00.000,23:45,40.66584,-73.75551,0,0,0,0,4066,-7375,0.3
2021-06-29T00:00:00.000,10:15,40.730007,-73.99292,0,0,0,0,4073,-7399,0.423728813559322
2021-06-29T00:00:00.000,6:40,40.83089,-73.941376,0,0,0,0,4083,-7394,0.38926174496644295
2021-06-22T00:00:00.000,13:05,40.736412,-74.00195,0,0,0,0,4073,-7400,0.2403846153846154
2021-06-29T00:00:00.000,22:59,40.713974,-73.953094,0,0,0,0,4071,-7395,0.36585365853658536
2021-06-15T00:00:00.000,17:45,40.68138,-73.95352,1,0,1,1,4068,-7395,0.38571428571428573
2021-06-29T00:00:00.000,20:23,40.798565,-73.94799,1,0,1,1,4079,-7394,0.3523809523809524
2021-06-29T00:00:00.000,17:00,40.709747,-73.82057,0,0,0,0,4070,-7382,0.4166666666666667
2021-06-29T00:00:00.000,1:05,40.686497,-73.80805,0,0,0,0,4068,-7380,0.3829787234042553
2021-06-19T00:00:00.000,21:56,40.655037,-73.88797,1,0,1,1,4065,-7388,0.41509433962264153
2021-06-29T00:00:00.000,8:20,40.76214,-73.90191,0,0,0,0,4076,-7390,0.3055555555555556
2021-06-29T00:00:00.000,7:20,40.75414,-74.0059,0,0,0,0,4075,-7400,0.3888888888888889
2021-06-25T00:00:00.000,14:35,40.62308,-74.1759,2,0,1,1,4062,-7417,0.16666666666666666
2021-06-28T00:00:00.000,19:27,40.6329,-73.97264,0,0,0,0,4063,-7397,0.36893203883495146
2021-06-29T00:00:00.000,8:50,40.684166,-73.92931,0,0,0,0,4068,-7392,0.2542372881355932
2022-07-04T00:00:00.000,22:58,40.82143,-73.87941,0,0,0,0,4082,-7387,0.33544303797468356
2021-06-29T00:00:00.000,18:40,40.67928,-73.86047,2,0,1,1,4067,-7386,0.3431372549019608
2021-06-29T00:00:00.000,15:20,40.681686,-73.871574,1,0,1,1,4068,-7387,0.24719101123595505
2021-06-26T00:00:00.000,3:20,40.713135,-74.00407,1,0,1,1,4071,-7400,0.25517241379310346
2021-06-29T00:00:00.000,9:00,40.829697,-73.91313,1,0,1,1,4082,-7391,0.3355263157894737
2021-06-29T00:00:00.000,0:15,40.612175,-73.99397,0,0,0,0,4061,-7399,0.29411764705882354
2021-06-29T00:00:00.000,15:10,40.74555,-73.98934,0,0,0,0,4074,-7398,0.40131578947368424
2021-06-29T00:00:00.000,17:35,40.621857,-73.93823,0,0,0,0,4062,-7393,0.4444444444444444
2021-06-29T00:00:00.000,16:30,40.63011,-74.01001,0,0,0,0,4063,-7401,0.37777777777777777
2021-06-29T00:00:00.000,17:00,40.726295,-73.84104,0,0,0,0,4072,-7384,0.2711864406779661
2021-06-29T00:00:00.000,9:30,40.720684,-73.81868,0,0,0,0,4072,-7381,0.2926829268292683
2021-06-28T00:00:00.000,12:00,40.6251,-73.962036,0,0,0,0,4062,-7396,0.375
2021-06-29T00:00:00.000,22:53,40.61983,-74.02957,1,0,1,1,4061,-7402,0.4090909090909091
2021-06-29T00:00:00.000,15:00,40.705658,-73.93171,0,0,0,0,4070,-7393,0.3300970873786408
2021-06-29T00:00:00.000,1:05,40.879383,-73.82544,0,0,0,0,4087,-7382,0.3333333333333333
2021-06-29T00:00:00.000,6:15,40.747894,-73.989174,1,0,1,1,4074,-7398,0.40131578947368424
2021-06-23T00:00:00.000,19:18,40.795006,-73.9485,0,0,0,0,4079,-7394,0.3523809523809524
2021-06-26T00:00:00.000,1:53,40.792927,-73.94791,0,0,0,0,4079,-7394,0.3523809523809524
2021-06-29T00:00:00.000,16:55,40.762386,-73.911804,1,0,1,1,4076,-7391,0.40476190476190477
2022-06-23T00:00:00.000,8:20,40.6947,-73.78343,0,0,0,0,4069,-7378,0.29310344827586204
2021-06-29T00:00:00.000,23:42,40.85429,-73.90027,2,0,1,1,4085,-7390,0.42207792207792205
2021-06-29T00:00:00.000,0:00,40.63844,-74.036766,1,0,1,1,4063,-7403,0.42424242424242425
2021-06-27T00:00:00.000,20:30,40.691948,-73.939835,0,0,0,0,4069,-7393,0.3141025641025641
2021-06-29T00:00:00.000,21:00,40.775562,-73.95035,0,0,0,0,4077,-7395,0.3384615384615385
2021-06-25T00:00:00.000,12:45,40.757538,-73.98956,1,0,1,1,4075,-7398,0.3170731707317073
2021-06-22T00:00:00.000,16:50,40.734447,-73.95496,0,0,0,0,4073,-7395,0.30434782608695654
2021-06-29T00:00:00.000,18:41,40.83694,-73.927124,0,0,0,0,4083,-7392,0.310126582278481
2022-07-04T00:00:00.000,4:00,40.696423,-73.81328,0,0,0,0,4069,-7381,0.3902439024390244
2022-06-29T00:00:00.000,4:59,40.80202,-73.94969,2,0,1,1,4080,-7394,0.41116751269035534
2022-07-04T00:00:00.000,8:30,40.843296,-73.917816,1,0,1,1,4084,-7391,0.32558139534883723
2022-07-04T00:00:00.000,2:15,40.68783,-73.74973,0,0,0,0,4068,-7374,0.29411764705882354
2022-06-29T00:00:00.000,23:25,40.87307,-73.85041,2,0,1,1,4087,-7385,0.37681159420289856
2022-07-04T00:00:00.000,19:02,40.814728,-73.85919,0,0,0,0,4081,-7385,0.30434782608695654
2022-07-04T00:00:00.000,21:55,40.684814,-73.98353,1,0,1,1,4068,-7398,0.3873239436619718
2022-07-04T00:00:00.000,15:00,40.69168,-73.75127,1,0,1,1,4069,-7375,0.3584905660377358
2022-07-03T00:00:00.000,15:45,40.58196,-73.959946,0,0,0,0,4058,-7395,0.3465346534653465
2022-07-04T00:00:00.000,11:30,40.84582,-73.9335,1,0,1,1,4084,-7393,0.32786885245901637
2022-06-28T00:00:00.000,9:57,40.628185,-74.14792,0,0,0,0,4062,-7414,0.20408163265306123
2022-09-21T00:00:00.000,7:35,40.82389,-73.87461,2,0,1,1,4082,-7387,0.33544303797468356
2022-07-04T00:00:00.000,5:00,40.641354,-73.9534,0,0,0,0,4064,-7395,0.4796747967479675
2022-07-04T00:00:00.000,17:48,40.73363,-73.87477,0,0,0,0,4073,-7387,0.3140495867768595
2022-06-29T00:00:00.000,8:40,40.67308,-73.91124,0,0,0,0,4067,-7391,0.36597938144329895
2022-06-21T00:00:00.000,20:15,40.82382,-73.93831,0,0,0,0,4082,-7393,0.36645962732919257
2022-06-29T00:00:00.000,17:45,40.766685,-73.892136,1,0,1,1,4076,-7389,0.35185185185185186
2022-07-04T00:00:00.000,23:15,40.73186,-73.8108,0,0,0,0,4073,-7381,0.3181818181818182
2022-07-04T00:00:00.000,4:45,40.663292,-73.89313,0,0,0,0,4066,-7389,0.3103448275862069
2022-06-29T00:00:00.000,10:24,40.662575,-73.93448,1,0,1,1,4066,-7393,0.38578680203045684
2022-06-29T00:00:00.000,1:00,40.815754,-73.89529,0,0,0,0,4081,-7389,0.31543624161073824
2022-07-04T00:00:00.000,15:40,40.809494,-73.935814,3,0,1,1,4080,-7393,0.36312849162011174
2022-07-03T00:00:00.000,11:38,40.8118,-73.88865,0,0,0,0,4081,-7388,0.25471698113207547
2022-07-04T00:00:00.000,3:10,40.648254,-73.971405,0,0,0,0,4064,-7397,0.4095238095238095
2022-06-03T00:00:00.000,7:15,40.677563,-73.93309,0,0,0,0,4067,-7393,0.3755868544600939
2022-07-04T00:00:00.000,5:00,40.685017,-73.84336,0,0,0,0,4068,-7384,0.3333333333333333
2022-07-04T00:00:00.000,13:20,40.602425,-74.091354,0,0,0,0,4060,-7409,0.36363636363636365
2022-07-04T00:00:00.000,7:00,40.72935,-73.910194,1,0,1,1,4072,-7391,0.36
2022-07-04T00:00:00.000,18:00,40.550434,-74.13608,0,0,0,0,4055,-7413,0.2777777777777778
2022-07-04T00:00:00.000,16:46,40.641,-73.91185,1,0,1,1,4064,-7391,0.39805825242718446
2022-07-02T00:00:00.000,19:30,40.585335,-73.98749,2,0,1,1,4058,-7398,0.4
2022-07-04T00:00:00.000,22:07,40.680042,-73.80894,1,0,1,1,4068,-7380,0.3829787234042553
2022-07-04T00:00:00.000,17:42,40.631104,-73.9962,0,0,0,0,4063,-7399,0.47692307692307695
2022-07-03T00:00:00.000,19:37,40.875675,-73.90069,1,0,1,1,4087,-7390,0.3184713375796178
2022-07-01T00:00:00.000,20:45,40.75141,-73.90257,0,0,0,0,4075,-7390,0.37254901960784315
2022-07-04T00:00:00.000,22:05,40.845085,-73.815735,1,0,1,1,4084,-7381,0.4
2022-07-04T00:00:00.000,20:35,40.625652,-73.930534,2,0,1,1,4062,-7393,0.4444444444444444
2022-07-04T00:00:00.000,12:35,40.8283,-73.92447,0,0,0,0,4082,-7392,0.3333333333333333
2022-07-02T00:00:00.000,19:00,40.602432,-73.76041,0,0,0,0,4060,-7376,0.19230769230769232
2022-07-03T00:00:00.000,5:12,40.852818,-73.90476,1,0,1,1,4085,-7390,0.42207792207792205
2022-07-04T00:00:00.000,12:00,40.741024,-73.9547,0,0,0,0,4074,-7395,0.35185185185185186
2022-06-26T00:00:00.000,23:30,40.707523,-73.96115,0,0,0,0,4070,-7396,0.3431372549019608
2022-07-04T00:00:00.000,14:59,40.66307,-73.911964,0,0,0,0,4066,-7391,0.3630952380952381
2022-07-04T00:00:00.000,14:40,40.83801,-73.87329,0,0,0,0,4083,-7387,0.38414634146341464
2022-01-11T00:00:00.000,14:30,40.812073,-73.93604,0,0,0,0,4081,-7393,0.32432432432432434
2021-09-14T00:00:00.000,7:45,40.69822,-73.943954,0,0,0,0,4069,-7394,0.417910447761194
2022-01-11T00:00:00.000,3:00,40.6041,-74.06908,0,0,0,0,4060,-7406,0.3076923076923077
2022-01-10T00:00:00.000,16:32,40.612328,-74.13418,0,0,0,0,4061,-7413,0.23076923076923078
2021-03-24T00:00:00.000,6:39,40.69603,-73.943535,1,0,1,1,4069,-7394,0.417910447761194
2021-10-09T00:00:00.000,18:30,40.68578,-73.9544,0,0,0,0,4068,-7395,0.38571428571428573
2022-01-10T00:00:00.000,14:00,40.625103,-74.14877,0,0,0,0,4062,-7414,0.20408163265306123
2021-01-07T00:00:00.000,15:35,40.741486,-73.873924,0,0,0,0,4074,-7387,0.25663716814159293
2022-01-11T00:00:00.000,15:22,40.717175,-74.01288,0,0,0,0,4071,-7401,0.3181818181818182
2021-07-15T00:00:00.000,17:00,40.690907,-73.95542,3,0,1,1,4069,-7395,0.30952380952380953
2021-01-14T00:00:00.000,0:49,40.76531,-73.99134,2,0,1,1,4076,-7399,0.3275862068965517
2022-01-11T00:00:00.000,3:00,40.6041,-74.06908,0,0,0,0,4060,-7406,0.3076923076923077
2021-12-25T00:00:00.000,5:15,40.70537,-73.775826,0,0,0,0,4070,-7377,0.2413793103448276
2022-02-20T00:00:00.000,13:50,40.64668,-73.92403,0,0,0,0,4064,-7392,0.4077669902912621
2022-02-20T00:00:00.000,15:00,40.738842,-73.81404,1,0,1,1,4073,-7381,0.3181818181818182
2022-02-17T00:00:00.000,19:22,40.700123,-73.90622,0,0,0,0,4070,-7390,0.37894736842105264
2022-01-28T00:00:00.000,13:40,40.62779,-74.00065,0,0,0,0,4062,-7400,0.3150684931506849
2022-07-01T00:00:00.000,6:30,40.704823,-74.006905,0,0,0,0,4070,-7400,0.2542372881355932
2022-06-26T00:00:00.000,13:10,40.578888,-73.83669,0,0,0,0,4057,-7383,0.25
2022-07-04T00:00:00.000,12:05,40.835884,-73.88341,0,0,0,0,4083,-7388,0.26717557251908397
2022-07-04T00:00:00.000,10:00,40.665848,-73.75187,0,0,0,0,4066,-7375,0.3
2022-07-04T00:00:00.000,23:59,40.66701,-73.9004,5,0,1,1,4066,-7390,0.2777777777777778
2022-07-04T00:00:00.000,7:10,40.857418,-73.89996,0,0,0,0,4085,-7389,0.3353658536585366
2022-06-12T00:00:00.000,7:17,40.81847,-73.9414,1,0,1,1,4081,-7394,0.38
2022-07-04T00:00:00.000,1:35,40.641853,-73.9078,0,0,0,0,4064,-7390,0.4017094017094017
2022-07-04T00:00:00.000,8:45,40.659855,-73.9606,0,0,0,0,4065,-7396,0.3939393939393939
2022-07-04T00:00:00.000,23:57,40.663906,-73.95098,0,0,0,0,4066,-7395,0.44375
2021-12-11T00:00:00.000,17:15,40.69911,-73.81233,0,0,0,0,4069,-7381,0.3902439024390244
2021-12-11T00:00:00.000,6:54,40.698624,-73.73223,0,0,0,0,4069,-7373,0.36585365853658536
2021-12-11T00:00:00.000,10:45,40.85703,-73.88534,0,0,0,0,4085,-7388,0.3
2021-12-08T00:00:00.000,15:40,40.82066,-73.868355,0,0,0,0,4082,-7386,0.3493975903614458
2021-12-11T00:00:00.000,20:30,40.773533,-73.92309,0,0,0,0,4077,-7392,0.3269230769230769
2021-10-19T00:00:00.000,17:45,40.8117585,-73.9314396,0,0,0,0,4081,-7393,0.32432432432432434
2021-12-11T00:00:00.000,5:23,40.825455,-73.91317,0,0,0,0,4082,-7391,0.3355263157894737
2021-11-28T00:00:00.000,4:40,40.85208,-73.82685,0,0,0,0,4085,-7382,0.45714285714285713
2021-12-09T00:00:00.000,16:15,40.673008,-73.87038,0,0,0,0,4067,-7387,0.30344827586206896
2021-12-10T00:00:00.000,12:30,40.68496,-73.979744,0,0,0,0,4068,-7397,0.3412322274881517
2021-10-07T00:00:00.000,20:00,40.6190494,-74.1447928,2,0,1,1,4061,-7414,0.625
2021-10-14T00:00:00.000,21:00,40.5917631,-73.908294,0,0,0,0,4059,-7390,0.23404255319148937
2021-12-11T00:00:00.000,17:47,40.63771,-73.948166,2,0,1,1,4063,-7394,0.358974358974359
2021-12-11T00:00:00.000,7:44,40.67584,-73.91655,2,0,1,1,4067,-7391,0.36597938144329895
2021-12-04T00:00:00.000,12:20,40.59501,-74.00104,0,0,0,0,4059,-7400,0.2962962962962963
2021-12-11T00:00:00.000,19:50,40.66629,-73.87268,1,0,1,1,4066,-7387,0.38461538461538464
2021-12-08T00:00:00.000,20:30,40.669228,-73.8962,0,0,0,0,4066,-7389,0.3103448275862069
2021-12-09T00:00:00.000,12:09,40.659412,-73.8708,0,0,0,0,4065,-7387,0.2857142857142857
2021-12-11T00:00:00.000,13:00,40.62202,-73.98726,0,0,0,0,4062,-7398,0.38
2021-12-11T00:00:00.000,6:22,40.752056,-74.00099,0,0,0,0,4075,-7400,0.3888888888888889
2021-12-08T00:00:00.000,22:20,40.710957,-73.951126,0,0,0,0,4071,-7395,0.36585365853658536
2021-12-14T00:00:00.000,0:28,40.718662,-73.9576,0,0,0,0,4071,-7395,0.36585365853658536
2021-12-14T00:00:00.000,15:30,40.75868,-73.983345,0,0,0,0,4075,-7398,0.3170731707317073
2021-12-08T00:00:00.000,15:41,40.725918,-73.89535,2,0,1,1,4072,-7389,0.41379310344827586
2022-01-11T00:00:00.000,5:31,40.883556,-73.84974,1,0,1,1,4088,-7384,0.4153846153846154
2022-01-11T00:00:00.000,20:00,40.682663,-73.77589,0,0,0,0,4068,-7377,0.3673469387755102
2022-01-11T00:00:00.000,15:22,40.621216,-73.93539,0,0,0,0,4062,-7393,0.4444444444444444
2022-01-11T00:00:00.000,14:00,40.7103,-74.00106,0,0,0,0,4071,-7400,0.25517241379310346
2022-01-11T00:00:00.000,9:10,40.87123,-73.85604,0,0,0,0,4087,-7385,0.37681159420289856
2022-01-11T00:00:00.000,6:50,40.768013,-73.90423,0,0,0,0,4076,-7390,0.3055555555555556
2022-01-11T00:00:00.000,16:30,40.842754,-73.89359,1,0,1,1,4084,-7389,0.33766233766233766
2022-01-11T00:00:00.000,12:00,40.765224,-73.9317,1,0,1,1,4076,-7393,0.44680851063829785
2022-01-11T00:00:00.000,15:45,40.63752,-74.00533,0,0,0,0,4063,-7400,0.3068181818181818
2021-12-04T00:00:00.000,9:00,40.62434,-74.09396,0,0,0,0,4062,-7409,0.3333333333333333
2022-01-11T00:00:00.000,7:15,40.628643,-74.005936,0,0,0,0,4062,-7400,0.3150684931506849
2022-01-11T00:00:00.000,13:42,40.730118,-73.86232,0,0,0,0,4073,-7386,0.3464566929133858
2022-01-04T00:00:00.000,20:19,40.64801,-74.010994,0,0,0,0,4064,-7401,0.4295774647887324
2022-01-08T00:00:00.000,17:14,40.701923,-73.91217,0,0,0,0,4070,-7391,0.27450980392156865
2022-01-11T00:00:00.000,8:15,40.763844,-73.769455,0,0,0,0,4076,-7376,0.21739130434782608
2022-01-11T00:00:00.000,17:36,40.703857,-73.743645,0,0,0,0,4070,-7374,0.3333333333333333
2022-01-11T00:00:00.000,22:47,40.626537,-73.914894,1,0,1,1,4062,-7391,0.3333333333333333
2022-01-11T00:00:00.000,13:18,40.744892,-73.77022,0,0,0,0,4074,-7377,0.36363636363636365
2022-01-10T00:00:00.000,1:55,40.638103,-74.00326,0,0,0,0,4063,-7400,0.3068181818181818
2022-01-11T00:00:00.000,17:55,40.668365,-73.99362,1,0,1,1,4066,-7399,0.40540540540540543
2022-01-11T00:00:00.000,15:00,40.59085,-73.94779,4,0,1,1,4059,-7394,0.275
2022-01-11T00:00:00.000,12:00,40.75619,-73.746414,5,0,1,1,4075,-7374,0.3333333333333333
2022-01-11T00:00:00.000,10:05,40.702625,-73.81323,1,0,1,1,4070,-7381,0.3194444444444444
2022-01-11T00:00:00.000,0:30,40.71331,-73.744,0,0,0,0,4071,-7374,0.23404255319148937
2022-01-11T00:00:00.000,15:03,40.681286,-73.97543,0,0,0,0,4068,-7397,0.3412322274881517
2022-01-11T00:00:00.000,16:50,40.7422,-73.840965,1,0,1,1,4074,-7384,0.42857142857142855
2022-01-11T00:00:00.000,19:26,40.824554,-73.94196,0,0,0,0,4082,-7394,0.3812154696132597
2022-01-06T00:00:00.000,3:40,40.730194,-73.887566,1,0,1,1,4073,-7388,0.2777777777777778
2022-01-11T00:00:00.000,16:30,40.60235,-74.189644,0,0,0,0,4060,-7418,0.4
2022-01-10T00:00:00.000,7:49,40.729652,-74.00221,0,0,0,0,4072,-7400,0.32926829268292684
2022-01-11T00:00:00.000,9:40,40.877945,-73.86616,0,0,0,0,4087,-7386,0.3142857142857143
2022-01-11T00:00:00.000,10:00,40.707695,-74.01021,0,0,0,0,4070,-7401,0.140625
2022-01-11T00:00:00.000,18:30,40.781673,-73.82733,0,0,0,0,4078,-7382,0.3
2022-01-09T00:00:00.000,16:00,40.809196,-73.937126,0,0,0,0,4080,-7393,0.36312849162011174
2022-07-04T00:00:00.000,21:00,40.72543,-73.99678,1,0,1,1,4072,-7399,0.3829787234042553
2022-01-11T00:00:00.000,5:20,40.70276,-73.86323,0,0,0,0,4070,-7386,0.38235294117647056
2022-01-11T00:00:00.000,8:38,40.68708,-73.913895,2,0,1,1,4068,-7391,0.344
2022-01-11T00:00:00.000,20:23,40.73656,-74.0011,1,0,1,1,4073,-7400,0.2403846153846154
2022-01-11T00:00:00.000,4:34,40.827454,-73.88797,0,0,0,0,4082,-7388,0.27624309392265195
2022-01-04T00:00:00.000,7:00,40.81094,-73.94318,0,0,0,0,4081,-7394,0.38
2022-01-11T00:00:00.000,18:27,40.71201,-73.84994,1,0,1,1,4071,-7384,0.4
2022-01-09T00:00:00.000,22:50,40.831333,-73.92167,0,0,0,0,4083,-7392,0.310126582278481
2022-01-11T00:00:00.000,22:39,40.619873,-73.96527,0,0,0,0,4061,-7396,0.30666666666666664
2022-01-11T00:00:00.000,12:00,40.646927,-74.00126,0,0,0,0,4064,-7400,0.36764705882352944
2022-01-11T00:00:00.000,21:32,40.67989,-73.85051,0,0,0,0,4067,-7385,0.26666666666666666
2022-01-10T00:00:00.000,13:00,40.67221,-73.92802,0,0,0,0,4067,-7392,0.39655172413793105
2022-01-11T00:00:00.000,13:01,40.635506,-73.913284,1,0,1,1,4063,-7391,0.5
2022-01-11T00:00:00.000,15:30,40.851566,-73.88772,0,0,0,0,4085,-7388,0.3
2022-01-11T00:00:00.000,18:30,40.840195,-73.94307,0,0,0,0,4084,-7394,0.17543859649122806
2022-01-11T00:00:00.000,13:26,40.668186,-73.75211,0,0,0,0,4066,-7375,0.3
2022-01-11T00:00:00.000,15:48,40.59068,-73.78878,0,0,0,0,4059,-7378,0.14705882352941177
2022-01-11T00:00:00.000,2:11,40.679405,-73.88069,0,0,0,0,4067,-7388,0.30434782608695654
2022-01-11T00:00:00.000,17:55,40.676712,-73.87765,0,0,0,0,4067,-7387,0.30344827586206896
2022-01-03T00:00:00.000,3:20,40.830994,-73.928116,2,0,1,1,4083,-7392,0.310126582278481
2022-01-11T00:00:00.000,0:07,40.887253,-73.902374,0,0,0,0,4088,-7390,0.2702702702702703
2022-01-11T00:00:00.000,20:50,40.73652,-73.8701,0,0,0,0,4073,-7387,0.3140495867768595
2022-01-11T00:00:00.000,19:59,40.84274,-73.854485,0,0,0,0,4084,-7385,0.32727272727272727
2022-01-11T00:00:00.000,22:31,40.60389,-73.95349,3,0,1,1,4060,-7395,0.4791666666666667
2022-01-11T00:00:00.000,5:50,40.703083,-73.85766,2,0,1,1,4070,-7385,0.39436619718309857
2021-01-12T00:00:00.000,14:35,40.679146,-73.92657,3,0,1,1,4067,-7392,0.39655172413793105
2022-01-11T00:00:00.000,15:58,40.635452,-73.9245,0,0,0,0,4063,-7392,0.4036697247706422
2022-01-11T00:00:00.000,8:40,40.666393,-73.75177,0,0,0,0,4066,-7375,0.3
2022-01-11T00:00:00.000,12:00,40.59679,-73.97494,1,0,1,1,4059,-7397,0.3191489361702128
2022-01-11T00:00:00.000,16:48,40.708275,-73.93875,1,0,1,1,4070,-7393,0.3300970873786408
2022-01-10T00:00:00.000,22:25,40.66545,-73.928665,0,0,0,0,4066,-7392,0.355
2022-01-11T00:00:00.000,2:45,40.691563,-73.86563,0,0,0,0,4069,-7386,0.21052631578947367
2022-01-11T00:00:00.000,17:20,40.683094,-73.80576,1,0,1,1,4068,-7380,0.3829787234042553
2021-12-31T00:00:00.000,11:15,40.755394,-73.911964,0,0,0,0,4075,-7391,0.4777777777777778
2022-01-11T00:00:00.000,10:53,40.840546,-73.86649,1,0,1,1,4084,-7386,0.375
2022-01-11T00:00:00.000,17:30,40.816307,-73.90806,0,0,0,0,4081,-7390,0.3888888888888889
2022-01-11T00:00:00.000,15:19,40.832897,-73.862274,0,0,0,0,4083,-7386,0.24822695035460993
2022-01-05T00:00:00.000,17:53,40.7174,-73.8572,1,0,1,1,4071,-7385,0.4418604651162791
2022-07-04T00:00:00.000,3:15,40.747974,-73.75999,0,0,0,0,4074,-7375,0.16666666666666666
2021-10-20T00:00:00.000,20:00,40.8044198,-73.9553688,1,0,1,1,4080,-7395,0.381294964028777
2022-01-10T00:00:00.000,22:19,40.830334,-73.91895,1,0,1,1,4083,-7391,0.33714285714285713
2022-01-10T00:00:00.000,12:45,40.714436,-73.759995,1,0,1,1,4071,-7375,0.3269230769230769
2022-01-11T00:00:00.000,15:56,40.822144,-73.89491,0,0,0,0,4082,-7389,0.37423312883435583
2022-01-11T00:00:00.000,10:50,40.764484,-73.9816,0,0,0,0,4076,-7398,0.3081761006289308
2022-01-01T00:00:00.000,10:00,40.753456,-73.855316,0,0,0,0,4075,-7385,0.3048780487804878
2022-01-11T00:00:00.000,13:33,40.606415,-74.162285,0,0,0,0,4060,-7416,0.42857142857142855
2022-01-11T00:00:00.000,8:56,40.680805,-73.76389,0,0,0,0,4068,-7376,0.35714285714285715
2022-01-11T00:00:00.000,23:00,40.57862,-74.10168,0,0,0,0,4057,-7410,0.3877551020408163
2022-01-11T00:00:00.000,10:20,40.540634,-74.18552,0,0,0,0,4054,-7418,0.1875
2022-01-11T00:00:00.000,14:00,40.75069,-73.91771,0,0,0,0,4075,-7391,0.4777777777777778
2022-01-11T00:00:00.000,8:15,40.709305,-73.84369,1,0,1,1,4070,-7384,0.43333333333333335
2022-01-11T00:00:00.000,21:06,40.716637,-73.99729,1,0,1,1,4071,-7399,0.3263157894736842
2022-01-11T00:00:00.000,6:37,40.700058,-73.93279,0,0,0,0,4070,-7393,0.3300970873786408
2021-01-07T00:00:00.000,0:00,40.831264,-73.87885,0,0,0,0,4083,-7387,0.38414634146341464
2022-01-11T00:00:00.000,15:00,40.675735,-73.89686,0,0,0,0,4067,-7389,0.33852140077821014
2021-12-31T00:00:00.000,14:23,40.84139,-73.83468,0,0,0,0,4084,-7383,0.4318181818181818
2022-01-10T00:00:00.000,10:15,40.73261,-73.8686,0,0,0,0,4073,-7386,0.3464566929133858
2022-01-11T00:00:00.000,8:00,40.667366,-73.92274,0,0,0,0,4066,-7392,0.355
2022-01-01T00:00:00.000,10:00,40.6395,-74.00106,0,0,0,0,4063,-7400,0.3068181818181818
2022-01-11T00:00:00.000,7:30,40.64468,-73.94215,2,0,1,1,4064,-7394,0.42342342342342343
2022-01-11T00:00:00.000,21:06,40.605335,-73.75528,0,0,0,0,4060,-7375,0.17117117117117117
2022-01-11T00:00:00.000,15:32,40.598312,-73.96119,1,0,1,1,4059,-7396,0.38596491228070173
2022-01-11T00:00:00.000,19:00,40.838127,-73.946526,0,0,0,0,4083,-7394,0.38926174496644295
2022-01-11T00:00:00.000,18:44,40.6905,-73.87096,1,0,1,1,4069,-7387,0.5
2022-01-05T00:00:00.000,6:57,40.82406,-73.92815,0,0,0,0,4082,-7392,0.3333333333333333
2021-06-30T00:00:00.000,19:09,40.64422,-73.95989,1,0,1,1,4064,-7395,0.4796747967479675
2022-01-11T00:00:00.000,9:22,40.643646,-73.989784,0,0,0,0,4064,-7398,0.40425531914893614
2022-01-08T00:00:00.000,16:00,40.780125,-73.95304,0,0,0,0,4078,-7395,0.42168674698795183
2022-01-11T00:00:00.000,5:16,40.716824,-73.82019,0,0,0,0,4071,-7382,0.379746835443038
2021-06-30T00:00:00.000,20:26,40.682846,-73.95382,1,0,1,1,4068,-7395,0.38571428571428573
2022-01-11T00:00:00.000,14:00,40.73594,-73.85887,1,0,1,1,4073,-7385,0.3619047619047619
2022-01-11T00:00:00.000,22:01,40.862694,-73.90251,2,0,1,1,4086,-7390,0.42748091603053434
2022-01-11T00:00:00.000,12:20,40.797367,-73.96053,1,0,1,1,4079,-7396,0.25
2022-01-11T00:00:00.000,13:32,40.838318,-73.863655,0,0,0,0,4083,-7386,0.24822695035460993
2022-01-11T00:00:00.000,14:46,40.837177,-73.8342,1,0,1,1,4083,-7383,0.36363636363636365
2021-02-12T00:00:00.000,23:10,40.678154,-73.94416,0,0,0,0,4067,-7394,0.34074074074074073
2022-01-11T00:00:00.000,11:41,40.77351,-73.91168,0,0,0,0,4077,-7391,0.3157894736842105
2022-01-11T00:00:00.000,15:40,40.6048,-73.74975,0,0,0,0,4060,-7374,0.15789473684210525
2022-01-11T00:00:00.000,12:30,40.61622,-74.08324,1,0,1,1,4061,-7408,0.30612244897959184
2022-01-06T00:00:00.000,11:10,40.883953,-73.86262,0,0,0,0,4088,-7386,0.23809523809523808
2022-01-11T00:00:00.000,9:30,40.7435,-73.86599,0,0,0,0,4074,-7386,0.3813559322033898
2022-01-11T00:00:00.000,10:30,40.827595,-73.85004,1,0,1,1,4082,-7385,0.27
2022-01-09T00:00:00.000,7:41,40.7591,-73.99214,0,0,0,0,4075,-7399,0.2830188679245283
2022-01-11T00:00:00.000,8:30,40.601204,-74.06509,0,0,0,0,4060,-7406,0.3076923076923077
2022-01-11T00:00:00.000,4:15,40.85947,-73.915726,1,0,1,1,4085,-7391,0.373134328358209
2022-01-11T00:00:00.000,15:15,40.741043,-73.825134,1,0,1,1,4074,-7382,0.4057971014492754
2022-01-11T00:00:00.000,13:20,40.638603,-73.94827,1,0,1,1,4063,-7394,0.358974358974359
2022-01-09T00:00:00.000,20:30,40.82943,-73.94196,0,0,0,0,4082,-7394,0.3812154696132597
2022-01-11T00:00:00.000,16:24,40.77323,-73.76513,0,0,0,0,4077,-7376,0.125
2022-01-11T00:00:00.000,8:25,40.589207,-73.804474,0,0,0,0,4058,-7380,0.4
2022-01-11T00:00:00.000,19:44,40.667236,-73.770004,0,0,0,0,4066,-7377,0.37362637362637363
2022-01-11T00:00:00.000,20:32,40.793556,-73.967026,0,0,0,0,4079,-7396,0.25
2022-01-11T00:00:00.000,8:25,40.70128,-73.93952,0,0,0,0,4070,-7393,0.3300970873786408
2022-01-04T00:00:00.000,2:50,40.826153,-73.920265,1,0,1,1,4082,-7392,0.3333333333333333
2022-01-02T00:00:00.000,1:55,40.771305,-73.87664,1,0,1,1,4077,-7387,0.35714285714285715
2022-01-11T00:00:00.000,17:00,40.84549,-73.888985,0,0,0,0,4084,-7388,0.390625
2022-01-11T00:00:00.000,8:40,40.678455,-73.949684,0,0,0,0,4067,-7394,0.34074074074074073
2022-01-11T00:00:00.000,16:35,40.60194,-74.08219,1,0,1,1,4060,-7408,0.3235294117647059
2022-01-11T00:00:00.000,15:27,40.63491,-74.01017,0,0,0,0,4063,-7401,0.37777777777777777
2022-01-11T00:00:00.000,15:40,40.684963,-73.935455,1,0,1,1,4068,-7393,0.3619047619047619
2022-01-11T00:00:00.000,8:30,40.63671,-74.01908,1,0,1,1,4063,-7401,0.37777777777777777
2022-01-11T00:00:00.000,20:30,40.663918,-73.88899,0,0,0,0,4066,-7388,0.37012987012987014
2022-01-11T00:00:00.000,9:20,40.814545,-73.81506,0,0,0,0,4081,-7381,0.25
2022-01-10T00:00:00.000,18:00,40.78389,-73.950294,0,0,0,0,4078,-7395,0.42168674698795183
2022-01-11T00:00:00.000,0:58,40.821297,-73.84728,1,0,1,1,4082,-7384,0.3835616438356164
2022-01-11T00:00:00.000,22:55,40.76261,-73.98686,0,0,0,0,4076,-7398,0.3081761006289308
2022-01-11T00:00:00.000,7:00,40.728954,-73.847565,0,0,0,0,4072,-7384,0.2711864406779661
2022-01-11T00:00:00.000,10:00,40.638523,-73.98131,0,0,0,0,4063,-7398,0.4827586206896552
2022-01-11T00:00:00.000,18:30,40.686966,-73.735306,0,0,0,0,4068,-7373,0.29411764705882354
2022-01-05T00:00:00.000,6:00,40.72098,-73.840866,0,0,0,0,4072,-7384,0.2711864406779661
2022-01-11T00:00:00.000,12:20,40.72125,-73.93651,0,0,0,0,4072,-7393,0.36507936507936506
2021-12-21T00:00:00.000,14:05,40.810635,-73.90176,0,0,0,0,4081,-7390,0.3888888888888889
2022-01-08T00:00:00.000,10:00,40.828114,-73.93107,2,0,1,1,4082,-7393,0.36645962732919257
2022-01-11T00:00:00.000,20:09,40.820145,-73.89609,0,0,0,0,4082,-7389,0.37423312883435583
2022-01-09T00:00:00.000,13:14,40.70281,-73.9077,1,0,1,1,4070,-7390,0.37894736842105264
2022-01-11T00:00:00.000,21:24,40.722034,-73.99651,0,0,0,0,4072,-7399,0.3829787234042553
2022-01-10T00:00:00.000,13:50,40.69037,-73.92755,1,0,1,1,4069,-7392,0.3584905660377358
2022-04-07T00:00:00.000,13:30,40.735714,-73.98704,0,0,0,0,4073,-7398,0.36942675159235666
2022-07-02T00:00:00.000,15:06,40.628643,-73.92019,0,0,0,0,4062,-7392,0.3611111111111111
2022-01-11T00:00:00.000,13:44,40.692127,-73.83484,0,0,0,0,4069,-7383,0.35555555555555557
2022-01-07T00:00:00.000,19:15,40.819878,-73.85777,1,0,1,1,4081,-7385,0.30434782608695654
2022-01-11T00:00:00.000,1:15,40.809494,-73.935814,0,0,0,0,4080,-7393,0.36312849162011174
2022-01-10T00:00:00.000,8:30,40.683037,-73.9261,2,0,1,1,4068,-7392,0.2542372881355932
2022-01-11T00:00:00.000,18:00,40.771305,-73.87664,0,0,0,0,4077,-7387,0.35714285714285715
2022-01-10T00:00:00.000,7:45,40.761147,-73.92497,0,0,0,0,4076,-7392,0.42105263157894735
2022-01-11T00:00:00.000,13:53,40.823257,-73.84902,1,0,1,1,4082,-7384,0.3835616438356164
2022-01-11T00:00:00.000,18:16,40.86469,-73.89959,0,0,0,0,4086,-7389,0.40606060606060607
2021-12-19T00:00:00.000,12:51,40.663395,-73.986595,0,0,0,0,4066,-7398,0.421875
2022-01-10T00:00:00.000,20:33,40.72963,-73.85558,1,0,1,1,4072,-7385,0.4418604651162791
2022-01-11T00:00:00.000,17:30,40.696983,-73.935234,0,0,0,0,4069,-7393,0.3141025641025641
2022-01-10T00:00:00.000,10:13,40.839478,-73.84598,0,0,0,0,4083,-7384,0.22727272727272727
2022-01-11T00:00:00.000,23:50,40.71976,-73.906845,0,0,0,0,4071,-7390,0.4
2022-01-11T00:00:00.000,16:15,40.797737,-73.82699,1,0,1,1,4079,-7382,0.2
2022-01-11T00:00:00.000,17:06,40.649303,-74.0203,2,0,1,1,4064,-7402,0.41379310344827586
2022-01-11T00:00:00.000,12:05,40.747528,-73.94123,0,0,0,0,4074,-7394,0.33962264150943394
2022-01-11T00:00:00.000,23:05,40.680115,-73.7287,0,0,0,0,4068,-7372,0.375
2022-01-11T00:00:00.000,15:00,40.680035,-73.9055,0,0,0,0,4068,-7390,0.4421052631578947
2022-01-11T00:00:00.000,11:30,40.741863,-73.90751,1,0,1,1,4074,-7390,0.40625
2022-01-11T00:00:00.000,16:23,40.823635,-73.93095,1,0,1,1,4082,-7393,0.36645962732919257
2022-01-09T00:00:00.000,23:20,40.729996,-73.91187,0,0,0,0,4072,-7391,0.36
2022-01-09T00:00:00.000,22:25,40.746487,-73.99543,0,0,0,0,4074,-7399,0.3333333333333333
2022-01-08T00:00:00.000,13:00,40.663876,-73.97748,0,0,0,0,4066,-7397,0.24390243902439024
2022-01-11T00:00:00.000,10:46,40.763683,-73.87927,0,0,0,0,4076,-7387,0.48214285714285715
2022-01-11T00:00:00.000,1:08,40.697918,-73.92083,0,0,0,0,4069,-7392,0.3584905660377358
2022-01-11T00:00:00.000,20:30,40.69099,-73.98932,1,0,1,1,4069,-7398,0.3229166666666667
2022-01-11T00:00:00.000,10:20,40.762074,-73.91869,0,0,0,0,4076,-7391,0.40476190476190477
2022-01-11T00:00:00.000,23:11,40.74105,-73.72587,0,0,0,0,4074,-7372,0.375
2022-01-11T00:00:00.000,20:30,40.844536,-73.87948,0,0,0,0,4084,-7387,0.48333333333333334
2022-01-11T00:00:00.000,23:44,40.69168,-73.999344,0,0,0,0,4069,-7399,0.29473684210526313
2022-01-11T00:00:00.000,12:00,40.685513,-73.84162,0,0,0,0,4068,-7384,0.3333333333333333
2021-12-30T00:00:00.000,18:10,40.837425,-73.92037,0,0,0,0,4083,-7392,0.310126582278481
2022-01-11T00:00:00.000,23:05,40.828205,-73.86244,0,0,0,0,4082,-7386,0.3493975903614458
2022-01-11T00:00:00.000,11:00,40.748226,-73.75979,1,0,1,1,4074,-7375,0.16666666666666666
2022-01-11T00:00:00.000,8:30,40.78122,-73.949326,0,0,0,0,4078,-7394,0.33513513513513515
2022-01-10T00:00:00.000,5:50,40.713062,-73.90891,0,0,0,0,4071,-7390,0.4
2022-01-06T00:00:00.000,15:17,40.696934,-73.935616,1,0,1,1,4069,-7393,0.3141025641025641
2022-01-11T00:00:00.000,15:07,40.598003,-73.99191,0,0,0,0,4059,-7399,0.3076923076923077
2022-01-11T00:00:00.000,11:01,40.612076,-73.94895,0,0,0,0,4061,-7394,0.48484848484848486
2022-01-11T00:00:00.000,12:10,40.716587,-74.008385,0,0,0,0,4071,-7400,0.25517241379310346
2022-01-11T00:00:00.000,15:00,40.66345,-73.84747,3,0,1,1,4066,-7384,0.5925925925925926
2022-01-11T00:00:00.000,19:00,40.67587,-73.75316,0,0,0,0,4067,-7375,0.2608695652173913
2022-01-11T00:00:00.000,14:30,40.640453,-73.977806,1,0,1,1,4064,-7397,0.4095238095238095
2022-01-11T00:00:00.000,21:39,40.825413,-73.923485,2,0,1,1,4082,-7392,0.3333333333333333
2022-01-11T00:00:00.000,11:45,40.683376,-73.76043,0,0,0,0,4068,-7376,0.35714285714285715
2022-01-11T00:00:00.000,0:00,40.64962,-73.874306,1,0,1,1,4064,-7387,0.4918032786885246
2022-01-11T00:00:00.000,13:00,40.785866,-73.950935,1,0,1,1,4078,-7395,0.42168674698795183
2022-01-11T00:00:00.000,9:00,40.63745,-74.02196,1,0,1,1,4063,-7402,0.3877551020408163
2022-01-04T00:00:00.000,22:25,40.823536,-73.93108,1,0,1,1,4082,-7393,0.36645962732919257
2022-01-11T00:00:00.000,5:10,40.644905,-74.01303,0,0,0,0,4064,-7401,0.4295774647887324
2022-01-10T00:00:00.000,12:15,40.71401,-73.85965,1,0,1,1,4071,-7385,0.4418604651162791
2021-11-05T00:00:00.000,14:28,40.68187,-73.955826,1,0,1,1,4068,-7395,0.38571428571428573
2022-01-11T00:00:00.000,18:50,40.677273,-73.99254,1,0,1,1,4067,-7399,0.3258426966292135
2021-12-24T00:00:00.000,13:29,40.675278,-73.79335,1,0,1,1,4067,-7379,0.4264705882352941
2022-01-11T00:00:00.000,11:10,40.70841,-73.80328,0,0,0,0,4070,-7380,0.3877551020408163
2022-01-11T00:00:00.000,14:45,40.697083,-73.83048,0,0,0,0,4069,-7383,0.35555555555555557
2022-01-04T00:00:00.000,12:32,40.828445,-73.8224,1,0,1,1,4082,-7382,0.46153846153846156
2022-01-11T00:00:00.000,13:18,40.703686,-73.90918,2,0,1,1,4070,-7390,0.37894736842105264
2022-01-11T00:00:00.000,11:38,40.749676,-73.94372,0,0,0,0,4074,-7394,0.33962264150943394
2022-01-11T00:00:00.000,11:30,40.566383,-74.101555,0,0,0,0,4056,-7410,0.4
2022-01-10T00:00:00.000,20:45,40.673813,-73.99238,0,0,0,0,4067,-7399,0.3258426966292135
2022-01-11T00:00:00.000,10:00,40.843994,-73.89752,0,0,0,0,4084,-7389,0.33766233766233766
2022-01-11T00:00:00.000,8:40,40.72389,-73.84655,0,0,0,0,4072,-7384,0.2711864406779661
2022-01-11T00:00:00.000,21:13,40.62451,-73.98831,0,0,0,0,4062,-7398,0.38
2022-01-10T00:00:00.000,14:20,40.65039,-74.00851,0,0,0,0,4065,-7400,0.41509433962264153
2021-01-13T00:00:00.000,16:20,40.702564,-73.790565,0,0,0,0,4070,-7379,0.3978494623655914
2022-01-11T00:00:00.000,2:54,40.685,-73.96117,0,0,0,0,4068,-7396,0.42567567567567566
2022-01-11T00:00:00.000,21:00,40.527924,-74.21649,0,0,0,0,4052,-7421,0.4444444444444444
2022-01-11T00:00:00.000,15:19,40.67897,-73.75985,0,0,0,0,4067,-7375,0.2608695652173913
2022-01-11T00:00:00.000,0:30,40.70276,-73.86323,1,0,1,1,4070,-7386,0.38235294117647056
2021-12-19T00:00:00.000,16:20,40.703293,-73.7961,0,0,0,0,4070,-7379,0.3978494623655914
2022-01-11T00:00:00.000,7:00,40.61257,-73.962715,0,0,0,0,4061,-7396,0.30666666666666664
2022-01-11T00:00:00.000,13:00,40.833206,-73.82797,0,0,0,0,4083,-7382,0.44680851063829785
2022-01-11T00:00:00.000,8:30,40.89171,-73.83559,0,0,0,0,4089,-7383,0.0
2022-01-11T00:00:00.000,8:40,40.651546,-73.95257,0,0,0,0,4065,-7395,0.38686131386861317
2022-01-11T00:00:00.000,8:35,40.835724,-73.90579,0,0,0,0,4083,-7390,0.3064516129032258
2022-01-05T00:00:00.000,22:35,40.746113,-73.73576,0,0,0,0,4074,-7373,0.4
2022-01-11T00:00:00.000,17:40,40.740223,-73.954865,0,0,0,0,4074,-7395,0.35185185185185186
2022-01-11T00:00:00.000,19:26,40.665844,-73.753685,0,0,0,0,4066,-7375,0.3
2022-01-07T00:00:00.000,16:28,40.816025,-73.93947,0,0,0,0,4081,-7393,0.32432432432432434
2022-01-11T00:00:00.000,8:40,40.780174,-73.95932,0,0,0,0,4078,-7395,0.42168674698795183
2022-01-11T00:00:00.000,17:00,40.74459,-73.884674,0,0,0,0,4074,-7388,0.2978723404255319
2022-01-11T00:00:00.000,14:50,40.828114,-73.93107,0,0,0,0,4082,-7393,0.36645962732919257
2022-01-11T00:00:00.000,22:55,40.87558,-73.8456,2,0,1,1,4087,-7384,0.47297297297297297
2022-01-11T00:00:00.000,7:35,40.72789,-73.86117,0,0,0,0,4072,-7386,0.42424242424242425
2022-01-11T00:00:00.000,18:55,40.659172,-73.839874,2,0,1,1,4065,-7383,0.38095238095238093
2022-01-11T00:00:00.000,10:02,40.631504,-74.00296,1,0,1,1,4063,-7400,0.3068181818181818
2022-01-05T00:00:00.000,12:15,40.686764,-73.93282,1,0,1,1,4068,-7393,0.3619047619047619
2022-01-04T00:00:00.000,16:30,40.819317,-73.93032,0,0,0,0,4081,-7393,0.32432432432432434
2022-01-11T00:00:00.000,14:11,40.621433,-73.987854,1,0,1,1,4062,-7398,0.38
2022-02-20T00:00:00.000,10:00,40.70566,-73.939514,1,0,1,1,4070,-7393,0.3300970873786408
2022-02-11T00:00:00.000,20:20,40.73129,-73.9904,0,0,0,0,4073,-7399,0.423728813559322
2022-02-20T00:00:00.000,7:45,40.842987,-73.900345,0,0,0,0,4084,-7390,0.366120218579235
2022-02-20T00:00:00.000,22:08,40.838203,-73.9302,2,0,1,1,4083,-7393,0.3333333333333333
2022-02-20T00:00:00.000,13:20,40.87356,-73.81853,1,0,1,1,4087,-7381,0.5
2022-02-20T00:00:00.000,2:40,40.74631,-73.86827,0,0,0,0,4074,-7386,0.3813559322033898
2022-02-06T00:00:00.000,20:30,40.70535,-73.962494,1,0,1,1,4070,-7396,0.3431372549019608
2022-02-20T00:00:00.000,15:35,40.729736,-73.833725,5,0,1,1,4072,-7383,0.4909090909090909
2022-02-17T00:00:00.000,21:15,40.72547,-73.98396,1,0,1,1,4072,-7398,0.4342105263157895
2022-02-20T00:00:00.000,16:24,40.69073,-73.76403,0,0,0,0,4069,-7376,0.3392857142857143
2022-02-20T00:00:00.000,18:30,40.527847,-74.21787,1,0,1,1,4052,-7421,0.4444444444444444
2022-02-20T00:00:00.000,17:46,40.88577,-73.87895,1,0,1,1,4088,-7387,0.14583333333333334
2022-02-20T00:00:00.000,21:20,40.65295,-73.911026,0,0,0,0,4065,-7391,0.425
2021-10-21T00:00:00.000,19:11,40.6898636,-73.9795113,0,0,0,0,4068,-7397,0.3412322274881517
2022-06-26T00:00:00.000,23:30,40.80333,-73.94873,0,0,0,0,4080,-7394,0.41116751269035534
2022-07-04T00:00:00.000,22:00,40.696198,-73.98877,1,0,1,1,4069,-7398,0.3229166666666667
2022-07-04T00:00:00.000,12:00,40.76151,-73.88361,1,0,1,1,4076,-7388,0.43283582089552236
2022-07-04T00:00:00.000,17:35,40.576508,-73.98584,0,0,0,0,4057,-7398,0.36904761904761907
2022-07-04T00:00:00.000,17:00,40.813297,-73.85822,1,0,1,1,4081,-7385,0.30434782608695654
2022-07-04T00:00:00.000,17:45,40.64117,-73.91204,0,0,0,0,4064,-7391,0.39805825242718446
2022-07-04T00:00:00.000,21:58,40.82054,-73.84838,1,0,1,1,4082,-7384,0.3835616438356164
2022-07-04T00:00:00.000,16:15,40.745216,-73.869354,0,0,0,0,4074,-7386,0.3813559322033898
2022-06-28T00:00:00.000,6:28,40.67393,-73.999954,1,0,1,1,4067,-7399,0.3258426966292135
2022-07-04T00:00:00.000,0:11,40.634056,-74.11213,0,0,0,0,4063,-7411,0.20689655172413793
2022-07-04T00:00:00.000,19:07,40.82735,-73.82463,1,0,1,1,4082,-7382,0.46153846153846156
2022-07-04T00:00:00.000,7:30,40.709915,-73.96854,2,0,1,1,4070,-7396,0.3431372549019608
2022-09-22T00:00:00.000,10:30,40.826527,-73.857925,1,0,1,1,4082,-7385,0.27
2022-06-30T00:00:00.000,9:30,40.756714,-73.894905,0,0,0,0,4075,-7389,0.4805194805194805
2022-09-23T00:00:00.000,15:10,40.884068,-73.85917,0,0,0,0,4088,-7385,0.36619718309859156
2022-07-04T00:00:00.000,15:37,40.797527,-73.93901,1,0,1,1,4079,-7393,0.36585365853658536
2022-07-04T00:00:00.000,23:10,40.69527,-73.90351,0,0,0,0,4069,-7390,0.29591836734693877
2022-07-04T00:00:00.000,12:22,40.718792,-73.98902,0,0,0,0,4071,-7398,0.39568345323741005
2022-06-30T00:00:00.000,22:30,40.667637,-73.90673,4,0,1,1,4066,-7390,0.2777777777777778
2022-06-20T00:00:00.000,17:51,40.664375,-73.92376,2,0,1,1,4066,-7392,0.355
2022-06-25T00:00:00.000,18:50,40.761658,-73.986565,0,0,0,0,4076,-7398,0.3081761006289308
2022-07-04T00:00:00.000,22:20,40.702908,-73.76096,0,0,0,0,4070,-7376,0.43902439024390244
2022-07-04T00:00:00.000,1:58,40.6846,-73.836845,0,0,0,0,4068,-7383,0.45454545454545453
2022-07-03T00:00:00.000,15:19,40.588966,-73.81145,0,0,0,0,4058,-7381,0.1875
2022-07-03T00:00:00.000,14:49,40.845165,-73.90754,1,0,1,1,4084,-7390,0.366120218579235
2022-07-05T00:00:00.000,22:01,40.7605,-73.95699,0,0,0,0,4076,-7395,0.3696969696969697
2022-07-04T00:00:00.000,19:00,40.74291,-73.99281,0,0,0,0,4074,-7399,0.3333333333333333
2022-06-08T00:00:00.000,16:37,40.747547,-73.871605,0,0,0,0,4074,-7387,0.25663716814159293
2022-07-04T00:00:00.000,15:14,40.710957,-73.951126,0,0,0,0,4071,-7395,0.36585365853658536
2022-07-03T00:00:00.000,5:46,40.69969,-73.91557,1,0,1,1,4069,-7391,0.2709677419354839
2022-07-04T00:00:00.000,19:42,40.85078,-73.91222,1,0,1,1,4085,-7391,0.373134328358209
2022-06-12T00:00:00.000,6:00,40.818558,-73.92732,2,0,1,1,4081,-7392,0.4714285714285714
2022-07-04T00:00:00.000,0:26,40.5726,-74.16669,1,0,1,1,4057,-7416,0.36363636363636365
2022-07-04T00:00:00.000,17:21,40.59617,-73.93882,1,0,1,1,4059,-7393,0.47058823529411764
2022-06-30T00:00:00.000,5:45,40.701527,-73.986755,0,0,0,0,4070,-7398,0.21568627450980393
2022-07-04T00:00:00.000,15:22,40.673107,-73.99959,0,0,0,0,4067,-7399,0.3258426966292135
2022-07-03T00:00:00.000,23:03,40.67629,-73.91002,0,0,0,0,4067,-7391,0.36597938144329895
2022-06-29T00:00:00.000,19:15,40.669434,-73.9255,1,0,1,1,4066,-7392,0.355
2022-07-04T00:00:00.000,0:05,40.704185,-73.78599,0,0,0,0,4070,-7378,0.34523809523809523
2022-07-04T00:00:00.000,22:15,40.667953,-73.87007,1,0,1,1,4066,-7387,0.38461538461538464
2022-06-27T00:00:00.000,1:31,40.742374,-74.0088,0,0,0,0,4074,-7400,0.27710843373493976
2022-06-30T00:00:00.000,16:00,40.765144,-73.93926,0,0,0,0,4076,-7393,0.44680851063829785
2022-07-04T00:00:00.000,5:55,40.72416,-73.754974,0,0,0,0,4072,-7375,0.2727272727272727
2022-07-04T00:00:00.000,19:59,40.8854,-73.89723,4,0,1,1,4088,-7389,0.4626865671641791
2022-07-04T00:00:00.000,11:30,40.743416,-73.95387,0,0,0,0,4074,-7395,0.35185185185185186
2022-07-01T00:00:00.000,18:25,40.82269,-73.94947,2,0,1,1,4082,-7394,0.3812154696132597
2022-07-04T00:00:00.000,9:36,40.67677,-73.880516,0,0,0,0,4067,-7388,0.30434782608695654
2022-07-04T00:00:00.000,20:00,40.842175,-73.83004,0,0,0,0,4084,-7383,0.4318181818181818
2022-07-04T00:00:00.000,6:38,40.623383,-73.94429,0,0,0,0,4062,-7394,0.41379310344827586
2022-07-04T00:00:00.000,20:30,40.582756,-74.13041,0,0,0,0,4058,-7413,0.6363636363636364
2022-07-04T00:00:00.000,16:00,40.59281,-73.97877,0,0,0,0,4059,-7397,0.3191489361702128
2021-10-16T00:00:00.000,12:30,40.7141316,-73.8349409,0,0,0,0,4071,-7383,0.37349397590361444
2022-07-04T00:00:00.000,21:05,40.852245,-73.88447,0,0,0,0,4085,-7388,0.3
2022-07-04T00:00:00.000,12:47,40.753,-73.825516,1,0,1,1,4075,-7382,0.4915254237288136
2022-06-19T00:00:00.000,23:48,40.58301,-73.82607,0,0,0,0,4058,-7382,0.11764705882352941
2022-07-04T00:00:00.000,2:35,40.714695,-73.77531,1,0,1,1,4071,-7377,0.20967741935483872
2022-07-04T00:00:00.000,14:00,40.670338,-73.837234,0,0,0,0,4067,-7383,0.48148148148148145
2022-07-02T00:00:00.000,23:20,40.811935,-73.88773,0,0,0,0,4081,-7388,0.25471698113207547
2022-07-04T00:00:00.000,11:40,40.766712,-73.98289,1,0,1,1,4076,-7398,0.3081761006289308
2022-07-04T00:00:00.000,18:25,40.78065,-73.976425,0,0,0,0,4078,-7397,0.3434343434343434
2022-06-16T00:00:00.000,17:29,40.562126,-73.90231,0,0,0,0,4056,-7390,0.0
2022-06-28T00:00:00.000,20:21,40.821358,-73.889114,2,0,1,1,4082,-7388,0.27624309392265195
2022-06-28T00:00:00.000,16:40,40.80907,-73.94455,0,0,0,0,4080,-7394,0.41116751269035534
2022-07-04T00:00:00.000,9:45,40.870186,-73.84703,1,0,1,1,4087,-7384,0.47297297297297297
2022-09-17T00:00:00.000,8:40,40.72339,-73.95628,1,0,1,1,4072,-7395,0.22093023255813954
2022-09-21T00:00:00.000,7:51,40.8432,-73.88668,0,0,0,0,4084,-7388,0.390625
2022-09-19T00:00:00.000,17:27,40.72526,-73.99475,0,0,0,0,4072,-7399,0.3829787234042553
2022-09-16T00:00:00.000,20:13,40.63219,-73.938934,0,0,0,0,4063,-7393,0.46153846153846156
2022-09-13T00:00:00.000,11:19,40.89765,-73.84929,0,0,0,0,4089,-7384,0.3333333333333333
2022-09-22T00:00:00.000,22:50,40.624706,-74.0415,0,0,0,0,4062,-7404,0.5
2022-09-15T00:00:00.000,10:38,40.828705,-73.897865,0,0,0,0,4082,-7389,0.37423312883435583
2022-09-22T00:00:00.000,11:00,40.72656,-73.83802,1,0,1,1,4072,-7383,0.4909090909090909
2022-09-14T00:00:00.000,23:01,40.633083,-74.00558,2,0,1,1,4063,-7400,0.3068181818181818
2022-09-21T00:00:00.000,6:00,40.700497,-73.962555,2,0,1,1,4070,-7396,0.3431372549019608
2022-09-21T00:00:00.000,16:00,40.665085,-73.92869,0,0,0,0,4066,-7392,0.355
2022-01-12T00:00:00.000,0:25,40.674038,-73.73026,0,0,0,0,4067,-7373,0.46835443037974683
2021-10-13T00:00:00.000,10:50,40.57385,-74.105496,0,0,0,0,4057,-7410,0.3877551020408163
2022-09-23T00:00:00.000,0:25,40.68775,-73.79039,0,0,0,0,4068,-7379,0.35
2022-09-21T00:00:00.000,0:20,40.708374,-73.84271,0,0,0,0,4070,-7384,0.43333333333333335
2022-09-21T00:00:00.000,14:40,40.66841,-73.90167,0,0,0,0,4066,-7390,0.2777777777777778
2022-09-22T00:00:00.000,17:54,40.736744,-73.93039,0,0,0,0,4073,-7393,0.38461538461538464
2022-09-21T00:00:00.000,17:55,40.62956,-73.94342,0,0,0,0,4062,-7394,0.41379310344827586
2022-09-16T00:00:00.000,15:37,40.61642,-73.97445,0,0,0,0,4061,-7397,0.421875
2022-09-23T00:00:00.000,16:00,40.71464,-73.742935,1,0,1,1,4071,-7374,0.23404255319148937
2022-09-22T00:00:00.000,20:50,40.754414,-73.87854,1,0,1,1,4075,-7387,0.33884297520661155
2022-08-11T00:00:00.000,12:10,40.7246,-73.97304,0,0,0,0,4072,-7397,0.3283582089552239
2022-09-22T00:00:00.000,2:38,40.62798,-74.00485,0,0,0,0,4062,-7400,0.3150684931506849
2022-08-30T00:00:00.000,23:56,40.760727,-73.938965,0,0,0,0,4076,-7393,0.44680851063829785
2022-09-21T00:00:00.000,17:40,40.567192,-74.113045,0,0,0,0,4056,-7411,0.3448275862068966
2022-09-11T00:00:00.000,22:40,40.680214,-73.94628,1,0,1,1,4068,-7394,0.4409448818897638
2022-09-19T00:00:00.000,13:16,40.696686,-73.9378,0,0,0,0,4069,-7393,0.3141025641025641
2022-09-18T00:00:00.000,15:41,40.691883,-73.76412,0,0,0,0,4069,-7376,0.3392857142857143
2022-09-22T00:00:00.000,15:47,40.828068,-73.81783,0,0,0,0,4082,-7381,0.17647058823529413
2022-09-23T00:00:00.000,0:01,40.787224,-73.95417,1,0,1,1,4078,-7395,0.42168674698795183
2022-09-16T00:00:00.000,8:30,40.815754,-73.89529,0,0,0,0,4081,-7389,0.31543624161073824
2022-09-22T00:00:00.000,16:52,40.575653,-74.10455,0,0,0,0,4057,-7410,0.3877551020408163
2022-09-15T00:00:00.000,19:30,40.60736,-73.91227,1,0,1,1,4060,-7391,0.25
2022-08-10T00:00:00.000,18:04,40.894062,-73.85946,1,0,1,1,4089,-7385,0.3813559322033898
2022-09-21T00:00:00.000,18:40,40.884857,-73.87848,0,0,0,0,4088,-7387,0.14583333333333334
2022-09-13T00:00:00.000,18:00,40.90393,-73.84792,0,0,0,0,4090,-7384,0.28205128205128205
2022-09-23T00:00:00.000,3:33,40.840527,-73.88952,3,0,1,1,4084,-7388,0.390625
2022-09-19T00:00:00.000,21:25,40.732456,-73.961136,0,0,0,0,4073,-7396,0.0
2022-09-23T00:00:00.000,0:45,40.7106,-73.99659,0,0,0,0,4071,-7399,0.3263157894736842
2022-09-18T00:00:00.000,13:50,40.634373,-73.94185,0,0,0,0,4063,-7394,0.358974358974359
2022-09-22T00:00:00.000,2:08,40.68405,-73.97746,0,0,0,0,4068,-7397,0.3412322274881517
2022-09-13T00:00:00.000,21:30,40.702137,-73.74222,1,0,1,1,4070,-7374,0.3333333333333333
2022-09-17T00:00:00.000,21:20,40.862392,-73.91802,0,0,0,0,4086,-7391,0.38016528925619836
2022-09-23T00:00:00.000,1:55,40.744953,-73.90773,1,0,1,1,4074,-7390,0.40625
2022-09-22T00:00:00.000,14:52,40.623882,-73.9782,0,0,0,0,4062,-7397,0.38666666666666666
2022-09-15T00:00:00.000,9:16,40.61009,-74.13584,0,0,0,0,4061,-7413,0.23076923076923078
2022-09-19T00:00:00.000,12:00,40.73662,-73.94993,0,0,0,0,4073,-7394,0.5
2022-09-21T00:00:00.000,15:00,40.728104,-73.979004,1,0,1,1,4072,-7397,0.3283582089552239
2022-09-17T00:00:00.000,22:19,40.71143,-73.72845,2,0,1,1,4071,-7372,0.40425531914893614
2022-09-11T00:00:00.000,16:42,40.818604,-73.88917,0,0,0,0,4081,-7388,0.25471698113207547
2022-09-18T00:00:00.000,6:40,40.63135,-74.01895,0,0,0,0,4063,-7401,0.37777777777777777
2022-09-11T00:00:00.000,19:14,40.905735,-73.849396,2,0,1,1,4090,-7384,0.28205128205128205
2022-09-23T00:00:00.000,17:17,40.66252,-73.84071,1,0,1,1,4066,-7384,0.5925925925925926
2022-09-21T00:00:00.000,5:20,40.675076,-73.98801,1,0,1,1,4067,-7398,0.3655913978494624
2022-09-21T00:00:00.000,7:20,40.729515,-73.8715,0,0,0,0,4072,-7387,0.5714285714285714
2022-09-22T00:00:00.000,9:30,40.75224,-73.820854,0,0,0,0,4075,-7382,0.4915254237288136
2022-09-21T00:00:00.000,22:45,40.632835,-74.02724,0,0,0,0,4063,-7402,0.3877551020408163
2022-09-20T00:00:00.000,17:10,40.737244,-73.95579,0,0,0,0,4073,-7395,0.30434782608695654
2022-09-21T00:00:00.000,18:10,40.74108,-73.960785,0,0,0,0,4074,-7396,0.7
2022-09-21T00:00:00.000,10:15,40.744453,-73.92983,0,0,0,0,4074,-7392,0.3709677419354839
2022-09-20T00:00:00.000,19:30,40.655712,-73.958855,0,0,0,0,4065,-7395,0.38686131386861317
2022-04-01T00:00:00.000,16:50,40.790253,-73.94564,0,1,2,1,4079,-7394,0.3523809523809524
2022-04-04T00:00:00.000,8:00,40.625034,-74.0061,1,0,1,1,4062,-7400,0.3150684931506849
2022-04-07T00:00:00.000,20:20,40.677044,-73.972374,0,0,0,0,4067,-7397,0.2818181818181818
2022-04-06T00:00:00.000,19:00,40.67665,-74.01618,0,0,0,0,4067,-7401,0.32142857142857145
2022-04-01T00:00:00.000,6:00,40.72425,-73.75354,0,0,0,0,4072,-7375,0.2727272727272727
2022-09-22T00:00:00.000,6:20,40.682423,-73.97069,2,0,1,1,4068,-7397,0.3412322274881517
2022-04-08T00:00:00.000,4:50,40.689445,-73.95513,1,0,1,1,4068,-7395,0.38571428571428573
2022-04-08T00:00:00.000,11:54,40.710724,-73.77058,1,0,1,1,4071,-7377,0.20967741935483872
2022-04-08T00:00:00.000,6:30,40.784676,-73.83764,1,0,1,1,4078,-7383,0.2727272727272727
2022-04-08T00:00:00.000,2:00,40.686226,-73.9124,0,0,0,0,4068,-7391,0.344
2022-04-07T00:00:00.000,20:05,40.701912,-73.93699,1,0,1,1,4070,-7393,0.3300970873786408
2022-04-08T00:00:00.000,18:50,40.688614,-73.989174,0,0,0,0,4068,-7398,0.3873239436619718
2022-04-08T00:00:00.000,0:48,40.596615,-73.97652,0,0,0,0,4059,-7397,0.3191489361702128
2022-04-06T00:00:00.000,13:15,40.526264,-74.20153,0,0,0,0,4052,-7420,0.0
2022-04-06T00:00:00.000,0:00,40.691452,-73.733955,0,0,0,0,4069,-7373,0.36585365853658536
